year,period,rep_period,weight,scenario
2030,1,4,1.0,0
2030,2,2,1.0,0
2030,3,2,1.0,0
2030,4,8,1.0,0
2030,5,8,1.0,0
2030,6,12,1.0,0
2030,7,6,1.0,0
2030,8,2,1.0,0
2030,9,4,1.0,0
2030,10,11,1.0,0
2030,11,8,1.0,0
2030,12,1,1.0,0
2030,13,12,1.0,0
2030,14,2,1.0,0
2030,15,2,1.0,0
2030,16,10,1.0,0
2030,17,8,1.0,0
2030,18,1,1.0,0
2030,19,1,1.0,0
2030,20,1,1.0,0
2030,21,10,1.0,0
2030,22,1,1.0,0
2030,23,4,1.0,0
2030,24,8,1.0,0
2030,25,1,1.0,0
2030,26,4,1.0,0
2030,27,8,1.0,0
2030,28,1,1.0,0
2030,29,1,1.0,0
2030,30,11,1.0,0
2030,31,8,1.0,0
2030,32,7,1.0,0
2030,33,2,1.0,0
2030,34,5,1.0,0
2030,35,2,1.0,0
2030,36,2,1.0,0
2030,37,5,1.0,0
2030,38,10,1.0,0
2030,39,12,1.0,0
2030,40,1,1.0,0
2030,41,8,1.0,0
2030,42,3,1.0,0
2030,43,6,1.0,0
2030,44,1,1.0,0
2030,45,1,1.0,0
2030,46,1,1.0,0
2030,47,10,1.0,0
2030,48,6,1.0,0
2030,49,5,1.0,0
2030,50,10,1.0,0
2030,51,10,1.0,0
2030,52,7,1.0,0
2030,53,5,1.0,0
2030,54,10,1.0,0
2030,55,1,1.0,0
2030,56,1,1.0,0
2030,57,1,1.0,0
2030,58,7,1.0,0
2030,59,2,1.0,0
2030,60,5,1.0,0
2030,61,10,1.0,0
2030,62,1,1.0,0
2030,63,6,1.0,0
2030,64,1,1.0,0
2030,65,4,1.0,0
2030,66,8,1.0,0
2030,67,10,1.0,0
2030,68,10,1.0,0
2030,69,4,1.0,0
2030,70,8,1.0,0
2030,71,1,1.0,0
2030,72,10,1.0,0
2030,73,7,1.0,0
2030,74,7,1.0,0
2030,75,5,1.0,0
2030,76,10,1.0,0
2030,77,10,1.0,0
2030,78,10,1.0,0
2030,79,10,1.0,0
2030,80,10,1.0,0
2030,81,7,1.0,0
2030,82,2,1.0,0
2030,83,5,1.0,0
2030,84,10,1.0,0
2030,85,10,1.0,0
2030,86,5,1.0,0
2030,87,2,1.0,0
2030,88,6,1.0,0
2030,89,10,1.0,0
2030,90,10,1.0,0
2030,91,10,1.0,0
2030,92,7,1.0,0
2030,93,2,1.0,0
2030,94,5,1.0,0
2030,95,5,1.0,0
2030,96,10,1.0,0
2030,97,10,1.0,0
2030,98,10,1.0,0
2030,99,10,1.0,0
2030,100,10,1.0,0
2030,101,10,1.0,0
2030,102,10,1.0,0
2030,103,10,1.0,0
2030,104,1,1.0,0
2030,105,10,1.0,0
2030,106,10,1.0,0
2030,107,7,1.0,0
2030,108,2,1.0,0
2030,109,7,1.0,0
2030,110,5,1.0,0
2030,111,7,1.0,0
2030,112,5,1.0,0
2030,113,2,1.0,0
2030,114,2,1.0,0
2030,115,2,1.0,0
2030,116,11,1.0,0
2030,117,7,1.0,0
2030,118,2,1.0,0
2030,119,7,1.0,0
2030,120,2,1.0,0
2030,121,2,1.0,0
2030,122,5,1.0,0
2030,123,2,1.0,0
2030,124,2,1.0,0
2030,125,2,1.0,0
2030,126,2,1.0,0
2030,127,2,1.0,0
2030,128,5,1.0,0
2030,129,7,1.0,0
2030,130,2,1.0,0
2030,131,12,1.0,0
2030,132,12,1.0,0
2030,133,11,1.0,0
2030,134,7,1.0,0
2030,135,5,1.0,0
2030,136,1,1.0,0
2030,137,10,1.0,0
2030,138,11,1.0,0
2030,139,7,1.0,0
2030,140,5,1.0,0
2030,141,7,1.0,0
2030,142,2,1.0,0
2030,143,2,1.0,0
2030,144,2,1.0,0
2030,145,2,1.0,0
2030,146,10,1.0,0
2030,147,10,1.0,0
2030,148,3,1.0,0
2030,149,2,1.0,0
2030,150,2,1.0,0
2030,151,2,1.0,0
2030,152,2,1.0,0
2030,153,5,1.0,0
2030,154,2,1.0,0
2030,155,5,1.0,0
2030,156,10,1.0,0
2030,157,10,1.0,0
2030,158,10,1.0,0
2030,159,10,1.0,0
2030,160,10,1.0,0
2030,161,10,1.0,0
2030,162,11,1.0,0
2030,163,5,1.0,0
2030,164,5,1.0,0
2030,165,10,1.0,0
2030,166,10,1.0,0
2030,167,10,1.0,0
2030,168,2,1.0,0
2030,169,2,1.0,0
2030,170,2,1.0,0
2030,171,2,1.0,0
2030,172,5,1.0,0
2030,173,10,1.0,0
2030,174,10,1.0,0
2030,175,10,1.0,0
2030,176,10,1.0,0
2030,177,10,1.0,0
2030,178,7,1.0,0
2030,179,2,1.0,0
2030,180,2,1.0,0
2030,181,2,1.0,0
2030,182,2,1.0,0
2030,183,2,1.0,0
2030,184,11,1.0,0
2030,185,2,1.0,0
2030,186,5,1.0,0
2030,187,10,1.0,0
2030,188,10,1.0,0
2030,189,7,1.0,0
2030,190,2,1.0,0
2030,191,2,1.0,0
2030,192,7,1.0,0
2030,193,5,1.0,0
2030,194,10,1.0,0
2030,195,10,1.0,0
2030,196,3,1.0,0
2030,197,2,1.0,0
2030,198,2,1.0,0
2030,199,5,1.0,0
2030,200,3,1.0,0
2030,201,2,1.0,0
2030,202,2,1.0,0
2030,203,10,1.0,0
2030,204,10,1.0,0
2030,205,3,1.0,0
2030,206,11,1.0,0
2030,207,3,1.0,0
2030,208,2,1.0,0
2030,209,2,1.0,0
2030,210,2,1.0,0
2030,211,2,1.0,0
2030,212,2,1.0,0
2030,213,5,1.0,0
2030,214,2,1.0,0
2030,215,2,1.0,0
2030,216,2,1.0,0
2030,217,7,1.0,0
2030,218,2,1.0,0
2030,219,2,1.0,0
2030,220,5,1.0,0
2030,221,10,1.0,0
2030,222,7,1.0,0
2030,223,2,1.0,0
2030,224,2,1.0,0
2030,225,5,1.0,0
2030,226,10,1.0,0
2030,227,10,1.0,0
2030,228,3,1.0,0
2030,229,2,1.0,0
2030,230,2,1.0,0
2030,231,2,1.0,0
2030,232,2,1.0,0
2030,233,5,1.0,0
2030,234,5,1.0,0
2030,235,5,1.0,0
2030,236,5,1.0,0
2030,237,2,1.0,0
2030,238,5,1.0,0
2030,239,5,1.0,0
2030,240,10,1.0,0
2030,241,10,1.0,0
2030,242,10,1.0,0
2030,243,10,1.0,0
2030,244,10,1.0,0
2030,245,10,1.0,0
2030,246,2,1.0,0
2030,247,2,1.0,0
2030,248,5,1.0,0
2030,249,1,1.0,0
2030,250,1,1.0,0
2030,251,7,1.0,0
2030,252,10,1.0,0
2030,253,5,1.0,0
2030,254,2,1.0,0
2030,255,5,1.0,0
2030,256,5,1.0,0
2030,257,7,1.0,0
2030,258,7,1.0,0
2030,259,7,1.0,0
2030,260,2,1.0,0
2030,261,11,1.0,0
2030,262,10,1.0,0
2030,263,11,1.0,0
2030,264,5,1.0,0
2030,265,8,1.0,0
2030,266,7,1.0,0
2030,267,5,1.0,0
2030,268,6,1.0,0
2030,269,2,1.0,0
2030,270,2,1.0,0
2030,271,2,1.0,0
2030,272,2,1.0,0
2030,273,2,1.0,0
2030,274,2,1.0,0
2030,275,5,1.0,0
2030,276,10,1.0,0
2030,277,3,1.0,0
2030,278,2,1.0,0
2030,279,10,1.0,0
2030,280,7,1.0,0
2030,281,5,1.0,0
2030,282,5,1.0,0
2030,283,10,1.0,0
2030,284,2,1.0,0
2030,285,2,1.0,0
2030,286,5,1.0,0
2030,287,7,1.0,0
2030,288,2,1.0,0
2030,289,10,1.0,0
2030,290,7,1.0,0
2030,291,5,1.0,0
2030,292,3,1.0,0
2030,293,10,1.0,0
2030,294,7,1.0,0
2030,295,7,1.0,0
2030,296,8,1.0,0
2030,297,1,1.0,0
2030,298,11,1.0,0
2030,299,12,1.0,0
2030,300,5,1.0,0
2030,301,10,1.0,0
2030,302,5,1.0,0
2030,303,2,1.0,0
2030,304,8,1.0,0
2030,305,10,1.0,0
2030,306,11,1.0,0
2030,307,7,1.0,0
2030,308,6,1.0,0
2030,309,7,1.0,0
2030,310,2,1.0,0
2030,311,2,1.0,0
2030,312,5,1.0,0
2030,313,7,1.0,0
2030,314,2,1.0,0
2030,315,6,1.0,0
2030,316,1,1.0,0
2030,317,8,1.0,0
2030,318,11,1.0,0
2030,319,4,1.0,0
2030,320,6,1.0,0
2030,321,11,1.0,0
2030,322,11,1.0,0
2030,323,5,1.0,0
2030,324,10,1.0,0
2030,325,10,1.0,0
2030,326,4,1.0,0
2030,327,11,1.0,0
2030,328,3,1.0,0
2030,329,6,1.0,0
2030,330,8,1.0,0
2030,331,11,1.0,0
2030,332,7,1.0,0
2030,333,11,1.0,0
2030,334,8,1.0,0
2030,335,10,1.0,0
2030,336,5,1.0,0
2030,337,8,1.0,0
2030,338,1,1.0,0
2030,339,4,1.0,0
2030,340,5,1.0,0
2030,341,2,1.0,0
2030,342,2,1.0,0
2030,343,8,1.0,0
2030,344,11,1.0,0
2030,345,11,1.0,0
2030,346,8,1.0,0
2030,347,10,1.0,0
2030,348,10,1.0,0
2030,349,8,1.0,0
2030,350,5,1.0,0
2030,351,11,1.0,0
2030,352,8,1.0,0
2030,353,11,1.0,0
2030,354,5,1.0,0
2030,355,10,1.0,0
2030,356,1,1.0,0
2030,357,1,1.0,0
2030,358,1,1.0,0
2030,359,9,1.0,0
2030,360,9,1.0,0
2030,361,8,1.0,0
2030,362,1,1.0,0
2030,363,8,1.0,0
2030,364,1,1.0,0
2030,365,1,1.0,0
2030,1,4,1.0,1
2030,2,2,1.0,1
2030,3,2,1.0,1
2030,4,8,1.0,1
2030,5,8,1.0,1
2030,6,12,1.0,1
2030,7,6,1.0,1
2030,8,2,1.0,1
2030,9,4,1.0,1
2030,10,11,1.0,1
2030,11,1,1.0,1
2030,12,1,1.0,1
2030,13,12,1.0,1
2030,14,2,1.0,1
2030,15,2,1.0,1
2030,16,10,1.0,1
2030,17,8,1.0,1
2030,18,1,1.0,1
2030,19,1,1.0,1
2030,20,1,1.0,1
2030,21,10,1.0,1
2030,22,1,1.0,1
2030,23,4,1.0,1
2030,24,8,1.0,1
2030,25,1,1.0,1
2030,26,4,1.0,1
2030,27,8,1.0,1
2030,28,1,1.0,1
2030,29,1,1.0,1
2030,30,11,1.0,1
2030,31,8,1.0,1
2030,32,7,1.0,1
2030,33,2,1.0,1
2030,34,5,1.0,1
2030,35,7,1.0,1
2030,36,2,1.0,1
2030,37,5,1.0,1
2030,38,10,1.0,1
2030,39,1,1.0,1
2030,40,8,1.0,1
2030,41,8,1.0,1
2030,42,3,1.0,1
2030,43,6,1.0,1
2030,44,1,1.0,1
2030,45,1,1.0,1
2030,46,1,1.0,1
2030,47,10,1.0,1
2030,48,6,1.0,1
2030,49,5,1.0,1
2030,50,10,1.0,1
2030,51,10,1.0,1
2030,52,7,1.0,1
2030,53,5,1.0,1
2030,54,10,1.0,1
2030,55,1,1.0,1
2030,56,1,1.0,1
2030,57,1,1.0,1
2030,58,7,1.0,1
2030,59,2,1.0,1
2030,60,5,1.0,1
2030,61,10,1.0,1
2030,62,1,1.0,1
2030,63,6,1.0,1
2030,64,1,1.0,1
2030,65,4,1.0,1
2030,66,8,1.0,1
2030,67,10,1.0,1
2030,68,10,1.0,1
2030,69,4,1.0,1
2030,70,6,1.0,1
2030,71,1,1.0,1
2030,72,10,1.0,1
2030,73,7,1.0,1
2030,74,5,1.0,1
2030,75,5,1.0,1
2030,76,10,1.0,1
2030,77,10,1.0,1
2030,78,10,1.0,1
2030,79,10,1.0,1
2030,80,10,1.0,1
2030,81,7,1.0,1
2030,82,2,1.0,1
2030,83,5,1.0,1
2030,84,10,1.0,1
2030,85,10,1.0,1
2030,86,5,1.0,1
2030,87,2,1.0,1
2030,88,6,1.0,1
2030,89,10,1.0,1
2030,90,10,1.0,1
2030,91,10,1.0,1
2030,92,7,1.0,1
2030,93,2,1.0,1
2030,94,5,1.0,1
2030,95,5,1.0,1
2030,96,10,1.0,1
2030,97,10,1.0,1
2030,98,10,1.0,1
2030,99,10,1.0,1
2030,100,10,1.0,1
2030,101,10,1.0,1
2030,102,10,1.0,1
2030,103,10,1.0,1
2030,104,1,1.0,1
2030,105,10,1.0,1
2030,106,10,1.0,1
2030,107,7,1.0,1
2030,108,2,1.0,1
2030,109,7,1.0,1
2030,110,5,1.0,1
2030,111,7,1.0,1
2030,112,5,1.0,1
2030,113,2,1.0,1
2030,114,2,1.0,1
2030,115,2,1.0,1
2030,116,11,1.0,1
2030,117,7,1.0,1
2030,118,2,1.0,1
2030,119,7,1.0,1
2030,120,2,1.0,1
2030,121,2,1.0,1
2030,122,5,1.0,1
2030,123,2,1.0,1
2030,124,2,1.0,1
2030,125,2,1.0,1
2030,126,2,1.0,1
2030,127,2,1.0,1
2030,128,5,1.0,1
2030,129,7,1.0,1
2030,130,2,1.0,1
2030,131,12,1.0,1
2030,132,12,1.0,1
2030,133,2,1.0,1
2030,134,7,1.0,1
2030,135,5,1.0,1
2030,136,10,1.0,1
2030,137,10,1.0,1
2030,138,11,1.0,1
2030,139,7,1.0,1
2030,140,5,1.0,1
2030,141,7,1.0,1
2030,142,2,1.0,1
2030,143,2,1.0,1
2030,144,2,1.0,1
2030,145,2,1.0,1
2030,146,10,1.0,1
2030,147,10,1.0,1
2030,148,3,1.0,1
2030,149,2,1.0,1
2030,150,11,1.0,1
2030,151,2,1.0,1
2030,152,2,1.0,1
2030,153,5,1.0,1
2030,154,2,1.0,1
2030,155,5,1.0,1
2030,156,10,1.0,1
2030,157,10,1.0,1
2030,158,10,1.0,1
2030,159,10,1.0,1
2030,160,10,1.0,1
2030,161,10,1.0,1
2030,162,11,1.0,1
2030,163,5,1.0,1
2030,164,5,1.0,1
2030,165,5,1.0,1
2030,166,10,1.0,1
2030,167,10,1.0,1
2030,168,2,1.0,1
2030,169,2,1.0,1
2030,170,2,1.0,1
2030,171,2,1.0,1
2030,172,5,1.0,1
2030,173,10,1.0,1
2030,174,10,1.0,1
2030,175,10,1.0,1
2030,176,10,1.0,1
2030,177,10,1.0,1
2030,178,7,1.0,1
2030,179,2,1.0,1
2030,180,2,1.0,1
2030,181,2,1.0,1
2030,182,2,1.0,1
2030,183,2,1.0,1
2030,184,2,1.0,1
2030,185,2,1.0,1
2030,186,5,1.0,1
2030,187,10,1.0,1
2030,188,10,1.0,1
2030,189,7,1.0,1
2030,190,2,1.0,1
2030,191,2,1.0,1
2030,192,7,1.0,1
2030,193,5,1.0,1
2030,194,10,1.0,1
2030,195,10,1.0,1
2030,196,3,1.0,1
2030,197,2,1.0,1
2030,198,2,1.0,1
2030,199,5,1.0,1
2030,200,3,1.0,1
2030,201,2,1.0,1
2030,202,2,1.0,1
2030,203,10,1.0,1
2030,204,3,1.0,1
2030,205,3,1.0,1
2030,206,11,1.0,1
2030,207,3,1.0,1
2030,208,2,1.0,1
2030,209,2,1.0,1
2030,210,2,1.0,1
2030,211,2,1.0,1
2030,212,2,1.0,1
2030,213,5,1.0,1
2030,214,2,1.0,1
2030,215,5,1.0,1
2030,216,2,1.0,1
2030,217,7,1.0,1
2030,218,2,1.0,1
2030,219,2,1.0,1
2030,220,5,1.0,1
2030,221,10,1.0,1
2030,222,7,1.0,1
2030,223,2,1.0,1
2030,224,2,1.0,1
2030,225,5,1.0,1
2030,226,10,1.0,1
2030,227,10,1.0,1
2030,228,3,1.0,1
2030,229,2,1.0,1
2030,230,2,1.0,1
2030,231,2,1.0,1
2030,232,2,1.0,1
2030,233,5,1.0,1
2030,234,5,1.0,1
2030,235,5,1.0,1
2030,236,5,1.0,1
2030,237,2,1.0,1
2030,238,5,1.0,1
2030,239,5,1.0,1
2030,240,10,1.0,1
2030,241,10,1.0,1
2030,242,10,1.0,1
2030,243,10,1.0,1
2030,244,10,1.0,1
2030,245,10,1.0,1
2030,246,2,1.0,1
2030,247,2,1.0,1
2030,248,5,1.0,1
2030,249,1,1.0,1
2030,250,1,1.0,1
2030,251,7,1.0,1
2030,252,10,1.0,1
2030,253,5,1.0,1
2030,254,2,1.0,1
2030,255,5,1.0,1
2030,256,6,1.0,1
2030,257,7,1.0,1
2030,258,7,1.0,1
2030,259,7,1.0,1
2030,260,2,1.0,1
2030,261,5,1.0,1
2030,262,10,1.0,1
2030,263,11,1.0,1
2030,264,5,1.0,1
2030,265,8,1.0,1
2030,266,7,1.0,1
2030,267,5,1.0,1
2030,268,6,1.0,1
2030,269,2,1.0,1
2030,270,2,1.0,1
2030,271,5,1.0,1
2030,272,2,1.0,1
2030,273,2,1.0,1
2030,274,2,1.0,1
2030,275,5,1.0,1
2030,276,10,1.0,1
2030,277,3,1.0,1
2030,278,2,1.0,1
2030,279,10,1.0,1
2030,280,7,1.0,1
2030,281,5,1.0,1
2030,282,5,1.0,1
2030,283,10,1.0,1
2030,284,2,1.0,1
2030,285,2,1.0,1
2030,286,5,1.0,1
2030,287,7,1.0,1
2030,288,5,1.0,1
2030,289,10,1.0,1
2030,290,7,1.0,1
2030,291,5,1.0,1
2030,292,10,1.0,1
2030,293,10,1.0,1
2030,294,7,1.0,1
2030,295,2,1.0,1
2030,296,8,1.0,1
2030,297,1,1.0,1
2030,298,11,1.0,1
2030,299,12,1.0,1
2030,300,5,1.0,1
2030,301,10,1.0,1
2030,302,5,1.0,1
2030,303,2,1.0,1
2030,304,8,1.0,1
2030,305,10,1.0,1
2030,306,11,1.0,1
2030,307,7,1.0,1
2030,308,6,1.0,1
2030,309,7,1.0,1
2030,310,2,1.0,1
2030,311,2,1.0,1
2030,312,5,1.0,1
2030,313,7,1.0,1
2030,314,2,1.0,1
2030,315,6,1.0,1
2030,316,1,1.0,1
2030,317,8,1.0,1
2030,318,4,1.0,1
2030,319,11,1.0,1
2030,320,6,1.0,1
2030,321,11,1.0,1
2030,322,11,1.0,1
2030,323,5,1.0,1
2030,324,10,1.0,1
2030,325,10,1.0,1
2030,326,4,1.0,1
2030,327,11,1.0,1
2030,328,7,1.0,1
2030,329,8,1.0,1
2030,330,8,1.0,1
2030,331,3,1.0,1
2030,332,7,1.0,1
2030,333,11,1.0,1
2030,334,8,1.0,1
2030,335,10,1.0,1
2030,336,5,1.0,1
2030,337,8,1.0,1
2030,338,1,1.0,1
2030,339,4,1.0,1
2030,340,5,1.0,1
2030,341,2,1.0,1
2030,342,2,1.0,1
2030,343,8,1.0,1
2030,344,11,1.0,1
2030,345,11,1.0,1
2030,346,8,1.0,1
2030,347,10,1.0,1
2030,348,10,1.0,1
2030,349,8,1.0,1
2030,350,5,1.0,1
2030,351,11,1.0,1
2030,352,8,1.0,1
2030,353,11,1.0,1
2030,354,5,1.0,1
2030,355,10,1.0,1
2030,356,1,1.0,1
2030,357,1,1.0,1
2030,358,1,1.0,1
2030,359,9,1.0,1
2030,360,9,1.0,1
2030,361,8,1.0,1
2030,362,1,1.0,1
2030,363,8,1.0,1
2030,364,1,1.0,1
2030,365,1,1.0,1
