scenario,year,period,rep_period,weight
0,2030,1,2,0.38641863246287417
0,2030,1,3,0.09308034596655088
0,2030,1,4,0.5205010215705751
0,2030,2,3,0.8345673763483505
0,2030,2,5,0.1654326236516495
0,2030,3,1,0.026591199281538257
0,2030,3,3,0.652497088371519
0,2030,3,5,0.0670996405231831
0,2030,3,6,0.25381207182375964
0,2030,4,1,0.015410842858847728
0,2030,4,2,0.18104605248903602
0,2030,4,3,0.28397572406845173
0,2030,4,4,0.060652537980186584
0,2030,4,6,0.458914842603478
0,2030,5,2,0.4290409377486296
0,2030,5,6,0.5709590622513703
0,2030,6,2,0.6052840551285494
0,2030,6,3,0.02662827708407083
0,2030,6,4,0.3680876677873798
0,2030,7,2,0.19727116420513813
0,2030,7,3,0.7535393306954493
0,2030,7,4,0.04918950509941253
0,2030,8,2,0.033432819603634534
0,2030,8,3,0.9665671803963655
0,2030,9,2,0.3028432783620577
0,2030,9,3,0.3415900577781394
0,2030,9,4,0.35556666385980296
0,2030,10,2,0.1522275130570255
0,2030,10,3,0.8477724869429746
0,2030,11,2,0.7340082015198546
0,2030,11,3,0.26599179848014537
0,2030,12,2,0.9417150239118417
0,2030,12,3,0.058284976088158295
0,2030,13,2,0.7329771132715619
0,2030,13,3,0.14355395505184337
0,2030,13,4,0.12346893167659474
0,2030,14,3,1.0
0,2030,15,3,1.0
0,2030,16,1,0.7124479223786069
0,2030,16,2,0.1537533446115872
0,2030,16,3,0.13379873300980596
0,2030,17,2,0.9119832772649674
0,2030,17,3,0.08801672273503258
0,2030,18,2,1.0
0,2030,19,2,0.9031844723353539
0,2030,19,3,0.09681552766464602
0,2030,20,2,1.0
0,2030,21,1,0.13546064566229768
0,2030,21,2,0.8645393543377023
0,2030,22,2,1.0
0,2030,23,2,0.2790875629202402
0,2030,23,3,0.11401082118820556
0,2030,23,4,0.6069016158915543
0,2030,24,2,0.6757745102671642
0,2030,24,3,0.0813861825420033
0,2030,24,6,0.24283930719083255
0,2030,25,1,0.10522393064799516
0,2030,25,2,0.8947760693520048
0,2030,26,2,0.23709871485942166
0,2030,26,3,0.018527284990151726
0,2030,26,4,0.7443740001504267
0,2030,27,1,0.578499501375187
0,2030,27,2,0.34569965381657813
0,2030,27,3,0.07580084480823492
0,2030,28,1,0.036484864264333186
0,2030,28,2,0.9635151357356668
0,2030,29,2,1.0
0,2030,30,2,0.036010052266107796
0,2030,30,3,0.9639899477338922
0,2030,31,1,0.8785536056678332
0,2030,31,3,0.12144639433216671
0,2030,32,1,0.1350619864389023
0,2030,32,4,0.8649380135610977
0,2030,33,3,0.9234271656679063
0,2030,33,6,0.07657283433209375
0,2030,34,1,0.7095042883800661
0,2030,34,3,0.29049571161993404
0,2030,35,3,0.8926022700452592
0,2030,35,4,0.10739772995474084
0,2030,36,3,0.7313587267899458
0,2030,36,5,0.2686412732100541
0,2030,37,3,0.40346958943296585
0,2030,37,6,0.5965304105670343
0,2030,38,1,0.6977662746984961
0,2030,38,2,0.2781909451956968
0,2030,38,3,0.02404278010580721
0,2030,39,2,0.7759559178490335
0,2030,39,3,0.0882025161105739
0,2030,39,4,0.13584156604039255
0,2030,40,1,0.12311179384140776
0,2030,40,2,0.8768882061585922
0,2030,41,1,0.7627422717130722
0,2030,41,2,0.14652130954005477
0,2030,41,3,0.09073641874687305
0,2030,42,1,0.22862482344846383
0,2030,42,2,0.21056138443243932
0,2030,42,4,0.5608137921190969
0,2030,43,3,0.1398284703687362
0,2030,43,6,0.8601715296312639
0,2030,44,2,0.9072201732819514
0,2030,44,4,0.09277982671804867
0,2030,45,2,1.0
0,2030,46,1,0.0964290743972994
0,2030,46,2,0.9035709256027006
0,2030,47,1,0.7109361962217912
0,2030,47,2,0.24554512258265135
0,2030,47,3,0.04351868119555745
0,2030,48,2,0.23683294741026234
0,2030,48,3,0.039367882170744876
0,2030,48,6,0.7237991704189928
0,2030,49,3,0.09492865783303293
0,2030,49,6,0.9050713421669672
0,2030,50,1,1.0
0,2030,51,1,0.8594176425377391
0,2030,51,2,0.09494283054082814
0,2030,51,3,0.04563952692143286
0,2030,52,2,0.026156411785208868
0,2030,52,3,0.30954440470715056
0,2030,52,4,0.6642991835076406
0,2030,53,3,0.6383331867384607
0,2030,53,6,0.36166681326153927
0,2030,54,1,0.6718336168762469
0,2030,54,2,0.13060411561474322
0,2030,54,3,0.19756226750900996
0,2030,55,2,1.0
0,2030,56,2,1.0
0,2030,57,2,1.0
0,2030,58,2,0.06775492659723713
0,2030,58,3,0.327492615339692
0,2030,58,4,0.6047524580630709
0,2030,59,3,1.0
0,2030,60,1,0.020179773854478805
0,2030,60,2,0.2584826756609872
0,2030,60,3,0.3783365953853675
0,2030,60,6,0.34300095509916645
0,2030,61,1,0.2294746531825599
0,2030,61,2,0.7491375232141535
0,2030,61,3,0.021387823603286626
0,2030,62,2,1.0
0,2030,63,2,0.7235336593657282
0,2030,63,3,0.2764663406342719
0,2030,64,2,1.0
0,2030,65,2,0.15687535151510273
0,2030,65,3,0.3620546053067556
0,2030,65,4,0.48107004317814156
0,2030,66,1,0.838563781702833
0,2030,66,2,0.07466262984631099
0,2030,66,6,0.08677358845085603
0,2030,67,1,0.15199773965840752
0,2030,67,2,0.5347136910976183
0,2030,67,4,0.3132885692439743
0,2030,68,1,0.8635894739028015
0,2030,68,2,0.13641052609719853
0,2030,69,2,0.2543003239803189
0,2030,69,4,0.7456996760196811
0,2030,70,2,0.6928288614606474
0,2030,70,3,0.030550141167854067
0,2030,70,6,0.27662099737149864
0,2030,71,1,0.014060795395023123
0,2030,71,2,0.9859392046049769
0,2030,72,1,0.7131230792163427
0,2030,72,2,0.28687692078365734
0,2030,73,1,0.1272214305482389
0,2030,73,2,0.026003938890362066
0,2030,73,3,0.2217963510189931
0,2030,73,4,0.6249782795424059
0,2030,74,1,0.2184079303071216
0,2030,74,3,0.4958135310883715
0,2030,74,4,0.16739126068925864
0,2030,74,6,0.11838727791524814
0,2030,75,1,0.28673953426714216
0,2030,75,3,0.2999120700121538
0,2030,75,6,0.413348395720704
0,2030,76,1,1.0
0,2030,77,1,1.0
0,2030,78,1,0.8891475035317147
0,2030,78,4,0.11085249646828536
0,2030,79,1,1.0
0,2030,80,1,1.0
0,2030,81,3,0.04116905262979259
0,2030,81,4,0.9149977393476595
0,2030,81,5,0.04383320802254789
0,2030,82,3,0.23709811328406705
0,2030,82,5,0.7629018867159331
0,2030,83,3,0.12441712642682393
0,2030,83,5,0.07832449163030487
0,2030,83,6,0.7972583819428711
0,2030,84,1,1.0
0,2030,85,1,0.7841578868791577
0,2030,85,4,0.21584211312084234
0,2030,86,4,0.010085341845948427
0,2030,86,5,0.4019580054126766
0,2030,86,6,0.587956652741375
0,2030,87,2,0.062077343961918566
0,2030,87,3,0.07793030799326896
0,2030,87,5,0.7391001979160972
0,2030,87,6,0.12089215012871536
0,2030,88,2,0.13773701638635763
0,2030,88,3,0.14753157059635066
0,2030,88,5,0.37401527048224426
0,2030,88,6,0.34071614253504745
0,2030,89,1,0.20874035443919864
0,2030,89,2,0.3568768021742768
0,2030,89,6,0.43438284338652455
0,2030,90,1,1.0
0,2030,91,1,1.0
0,2030,92,4,1.0
0,2030,93,5,1.0
0,2030,94,5,0.593625523189981
0,2030,94,6,0.40637447681001904
0,2030,95,1,0.17839167993547772
0,2030,95,5,0.03534085425619471
0,2030,95,6,0.7862674658083275
0,2030,96,1,1.0
0,2030,97,1,1.0
0,2030,98,1,1.0
0,2030,99,1,1.0
0,2030,100,1,1.0
0,2030,101,1,1.0
0,2030,102,1,1.0
0,2030,103,1,0.8272981186802753
0,2030,103,2,0.17270188131972472
0,2030,104,1,0.27992385424580524
0,2030,104,2,0.7200761457541948
0,2030,105,1,0.6611841110353068
0,2030,105,2,0.2542169907904478
0,2030,105,4,0.08459889817424533
0,2030,106,1,0.6620425957579418
0,2030,106,2,0.3379574042420583
0,2030,107,4,0.43170490999923505
0,2030,107,5,0.5682950900007651
0,2030,108,5,0.9779551468780291
0,2030,108,6,0.022044853121970912
0,2030,109,4,0.6690822309293986
0,2030,109,5,0.25502686743882264
0,2030,109,6,0.07589090163177876
0,2030,110,1,0.09680082809046572
0,2030,110,4,0.1640551592468931
0,2030,110,6,0.7391440126626412
0,2030,111,1,0.22185274888422352
0,2030,111,4,0.7501848255214989
0,2030,111,6,0.027962425594277612
0,2030,112,1,0.3797229897603243
0,2030,112,6,0.6202770102396757
0,2030,113,5,1.0
0,2030,114,3,0.1686047554379586
0,2030,114,5,0.8313952445620414
0,2030,115,3,0.11474422188522883
0,2030,115,5,0.8852557781147712
0,2030,116,3,0.0401727543200646
0,2030,116,5,0.62201092789285
0,2030,116,6,0.33781631778708543
0,2030,117,1,0.13208304451017205
0,2030,117,4,0.8679169554898278
0,2030,118,3,0.021802159299679342
0,2030,118,5,0.9781978407003207
0,2030,119,4,0.26392896495855905
0,2030,119,5,0.7360710350414409
0,2030,120,5,1.0
0,2030,121,5,1.0
0,2030,122,5,0.6248342691862786
0,2030,122,6,0.3751657308137214
0,2030,123,4,0.21171967922984017
0,2030,123,5,0.7882803207701599
0,2030,124,1,0.03851282012741686
0,2030,124,2,0.03070026157820878
0,2030,124,5,0.9307869182943743
0,2030,125,5,1.0
0,2030,126,5,1.0
0,2030,127,5,1.0
0,2030,128,1,0.16326949141004987
0,2030,128,6,0.8367305085899501
0,2030,129,1,0.314714418338532
0,2030,129,4,0.42196479618028615
0,2030,129,5,0.24130306359348289
0,2030,129,6,0.022017721887699043
0,2030,130,5,1.0
0,2030,131,1,0.05102947232640621
0,2030,131,2,0.14234983731357706
0,2030,131,4,0.8066206903600166
0,2030,132,2,0.4408879527607092
0,2030,132,4,0.5591120472392909
0,2030,133,2,0.037108215009652515
0,2030,133,5,0.839662347877917
0,2030,133,6,0.12322943711243033
0,2030,134,1,0.0987708015878451
0,2030,134,4,0.19833533963932393
0,2030,134,5,0.702893858772831
0,2030,135,2,0.09840069002213112
0,2030,135,6,0.901599309977869
0,2030,136,1,0.08700083055600788
0,2030,136,2,0.3843386487675013
0,2030,136,4,0.4443233556697179
0,2030,136,6,0.0843371650067729
0,2030,137,1,0.9380448986122633
0,2030,137,6,0.0619551013877367
0,2030,138,4,1.0
0,2030,139,4,0.41081247031542406
0,2030,139,5,0.589187529684576
0,2030,140,1,0.3204719320822991
0,2030,140,6,0.6795280679177009
0,2030,141,1,0.32773485193712265
0,2030,141,4,0.6722651480628774
0,2030,142,5,1.0
0,2030,143,5,0.6410367475748204
0,2030,143,6,0.35896325242517957
0,2030,144,1,0.18436703936418083
0,2030,144,2,0.06477275737537742
0,2030,144,5,0.7306694145155571
0,2030,144,6,0.02019078874488465
0,2030,145,1,0.03695120106637003
0,2030,145,5,0.9430866329207757
0,2030,145,6,0.01996216601285435
0,2030,146,1,0.9587821138563235
0,2030,146,5,0.04121788614367653
0,2030,147,1,1.0
0,2030,148,1,0.5988148220891436
0,2030,148,4,0.40118517791085645
0,2030,149,1,0.020159408917892804
0,2030,149,2,0.060512759390410696
0,2030,149,5,0.9193278316916965
0,2030,150,2,0.2423961593850281
0,2030,150,5,0.757603840614972
0,2030,151,2,0.24993873282143675
0,2030,151,5,0.7500612671785633
0,2030,152,2,0.11623839982571885
0,2030,152,5,0.8075508531077348
0,2030,152,6,0.07621074706654628
0,2030,153,1,0.16867080812114893
0,2030,153,4,0.2651787248517251
0,2030,153,6,0.566150467027126
0,2030,154,1,0.015323148298848984
0,2030,154,2,0.0563701614979566
0,2030,154,5,0.9283066902031943
0,2030,155,6,1.0
0,2030,156,1,0.8081836812012693
0,2030,156,2,0.1918163187987307
0,2030,157,1,0.8379117154700928
0,2030,157,2,0.1620882845299072
0,2030,158,1,1.0
0,2030,159,1,1.0
0,2030,160,1,0.9286289817711819
0,2030,160,2,0.07137101822881807
0,2030,161,1,0.6378071610266057
0,2030,161,4,0.23917995981411477
0,2030,161,5,0.12301287915927947
0,2030,162,1,0.14544045539874195
0,2030,162,2,0.11445989861672881
0,2030,162,4,0.016857686795541244
0,2030,162,5,0.723241959188988
0,2030,163,4,0.04569567809017847
0,2030,163,5,0.2032383544724333
0,2030,163,6,0.7510659674373883
0,2030,164,1,0.28073543614629504
0,2030,164,4,0.04751066875873686
0,2030,164,5,0.18893721463806873
0,2030,164,6,0.48281668045689935
0,2030,165,1,0.7381858032247224
0,2030,165,5,0.0620052756355223
0,2030,165,6,0.19980892113975532
0,2030,166,1,1.0
0,2030,167,1,0.9080417103650696
0,2030,167,4,0.07658167515412925
0,2030,167,5,0.015376614480801073
0,2030,168,5,1.0
0,2030,169,5,1.0
0,2030,170,5,1.0
0,2030,171,3,0.03548296263508848
0,2030,171,5,0.9645170373649116
0,2030,172,6,1.0
0,2030,173,1,1.0
0,2030,174,1,0.9689197404909086
0,2030,174,2,0.031080259509091386
0,2030,175,1,0.8422180319006407
0,2030,175,2,0.15778196809935938
0,2030,176,1,0.9218126751948501
0,2030,176,2,0.07818732480514985
0,2030,177,1,1.0
0,2030,178,4,0.38289838591851433
0,2030,178,5,0.6171016140814857
0,2030,179,5,1.0
0,2030,180,5,1.0
0,2030,181,5,1.0
0,2030,182,5,1.0
0,2030,183,2,0.04104534958693156
0,2030,183,5,0.9589546504130685
0,2030,184,2,0.05896915600583553
0,2030,184,3,0.0388388102530456
0,2030,184,4,0.4185847405920195
0,2030,184,5,0.4319075029244405
0,2030,184,6,0.051699790224658815
0,2030,185,5,1.0
0,2030,186,1,0.1654710976228459
0,2030,186,6,0.834528902377154
0,2030,187,1,1.0
0,2030,188,1,0.9448415635339581
0,2030,188,5,0.05515843646604195
0,2030,189,1,0.1100614609586379
0,2030,189,4,0.8899385390413621
0,2030,190,5,0.9294550591359928
0,2030,190,6,0.07054494086400716
0,2030,191,1,0.22584530620811033
0,2030,191,5,0.7741546937918897
0,2030,192,4,0.8503032834637814
0,2030,192,5,0.14969671653621855
0,2030,193,5,0.05297213960212899
0,2030,193,6,0.9470278603978711
0,2030,194,1,0.8529246338432037
0,2030,194,6,0.1470753661567963
0,2030,195,1,1.0
0,2030,196,1,0.21181838131434086
0,2030,196,4,0.7881816186856592
0,2030,197,5,1.0
0,2030,198,5,1.0
0,2030,199,5,0.10414807110111143
0,2030,199,6,0.8958519288988886
0,2030,200,1,0.7796929352874683
0,2030,200,4,0.2203070647125317
0,2030,201,5,1.0
0,2030,202,1,0.012858513849915064
0,2030,202,2,0.010082753711132096
0,2030,202,5,0.9770587324389529
0,2030,203,1,0.9105079686303333
0,2030,203,2,0.08949203136966664
0,2030,204,1,1.0
0,2030,205,1,0.7382662395451531
0,2030,205,4,0.2436988720900903
0,2030,205,5,0.018034888364756575
0,2030,206,2,0.07700704865055935
0,2030,206,4,0.578076723368931
0,2030,206,5,0.037832073608847765
0,2030,206,6,0.30708415437166187
0,2030,207,1,0.2398831232800156
0,2030,207,4,0.6889752480585514
0,2030,207,5,0.07114162866143302
0,2030,208,4,0.17239550111167581
0,2030,208,5,0.8276044988883241
0,2030,209,1,0.06268203282801954
0,2030,209,5,0.9373179671719805
0,2030,210,5,1.0
0,2030,211,5,0.8783629521184293
0,2030,211,6,0.12163704788157063
0,2030,212,1,0.111438859260217
0,2030,212,4,0.06118681504958705
0,2030,212,5,0.4541598998240207
0,2030,212,6,0.3732144258661753
0,2030,213,1,0.08180028111192171
0,2030,213,4,0.17875773287966332
0,2030,213,5,0.034624059185263116
0,2030,213,6,0.7048179268231518
0,2030,214,5,0.9576033627957405
0,2030,214,6,0.042396637204259444
0,2030,215,1,0.03310003202775518
0,2030,215,5,0.6405828073962865
0,2030,215,6,0.32631716057595833
0,2030,216,1,0.08876398159939294
0,2030,216,5,0.9112360184006071
0,2030,217,1,0.12099588443767756
0,2030,217,4,0.4853173059451805
0,2030,217,5,0.3772717122118508
0,2030,217,6,0.016415097405291214
0,2030,218,5,1.0
0,2030,219,5,1.0
0,2030,220,6,1.0
0,2030,221,1,1.0
0,2030,222,4,0.7039525519505484
0,2030,222,5,0.2960474480494516
0,2030,223,5,1.0
0,2030,224,5,1.0
0,2030,225,2,0.07571364411423734
0,2030,225,6,0.9242863558857627
0,2030,226,1,0.6619308976866886
0,2030,226,2,0.3380691023133114
0,2030,227,1,0.9778237236380583
0,2030,227,2,0.022176276361941766
0,2030,228,1,0.6816693384125899
0,2030,228,4,0.31833066158741
0,2030,229,3,0.0583433744195627
0,2030,229,5,0.9416566255804373
0,2030,230,3,0.1253121909153448
0,2030,230,5,0.8746878090846552
0,2030,231,3,0.05514288525337061
0,2030,231,5,0.9448571147466294
0,2030,232,5,0.7958111253034189
0,2030,232,6,0.2041888746965812
0,2030,233,1,0.2107057525165824
0,2030,233,2,0.011691245452345452
0,2030,233,6,0.7776030020310722
0,2030,234,1,0.723003704086586
0,2030,234,5,0.2472267910787274
0,2030,234,6,0.029769504834686548
0,2030,235,1,0.27861708927294404
0,2030,235,4,0.14316553737802945
0,2030,235,6,0.5782173733490266
0,2030,236,4,0.1776995319175167
0,2030,236,5,0.03849052496162343
0,2030,236,6,0.7838099431208599
0,2030,237,1,0.06539806945216699
0,2030,237,2,0.10688597815201334
0,2030,237,5,0.8277159523958197
0,2030,238,1,0.07046696086728649
0,2030,238,2,0.06368704812500402
0,2030,238,6,0.8658459910077095
0,2030,239,1,0.5903246604511222
0,2030,239,3,0.08099120541505776
0,2030,239,6,0.3286841341338201
0,2030,240,1,0.7105398436205884
0,2030,240,2,0.28946015637941164
0,2030,241,1,0.9573466888377571
0,2030,241,2,0.042653311162242864
0,2030,242,1,1.0
0,2030,243,1,1.0
0,2030,244,1,1.0
0,2030,245,1,1.0
0,2030,246,5,1.0
0,2030,247,3,0.06793733854771551
0,2030,247,5,0.9320626614522846
0,2030,248,2,0.0685840398169469
0,2030,248,4,0.18748821739736232
0,2030,248,6,0.7439277427856907
0,2030,249,2,1.0
0,2030,250,2,1.0
0,2030,251,1,0.0305450803104137
0,2030,251,2,0.1181678781136869
0,2030,251,4,0.8396348481503967
0,2030,251,6,0.0116521934255027
0,2030,252,1,1.0
0,2030,253,2,0.03630791765226234
0,2030,253,3,0.04043032140790247
0,2030,253,4,0.08809203340209888
0,2030,253,5,0.013432267101591707
0,2030,253,6,0.8217374604361446
0,2030,254,5,1.0
0,2030,255,3,0.011246717645284919
0,2030,255,5,0.41283812591495606
0,2030,255,6,0.575915156439759
0,2030,256,2,0.01710084222662791
0,2030,256,4,0.011291431874921024
0,2030,256,6,0.9716077258984511
0,2030,257,1,0.17205224657636928
0,2030,257,4,0.5784621833913441
0,2030,257,5,0.08326135207079381
0,2030,257,6,0.16622421796149275
0,2030,258,1,0.175749632448744
0,2030,258,4,0.824250367551256
0,2030,259,1,0.18244380011531083
0,2030,259,4,0.5089111593509256
0,2030,259,5,0.11656134919424885
0,2030,259,6,0.1920836913395148
0,2030,260,1,0.13094731012102545
0,2030,260,5,0.858459168549946
0,2030,260,6,0.010593521329028598
0,2030,261,4,0.12895834476140064
0,2030,261,5,0.18335789761876242
0,2030,261,6,0.687683757619837
0,2030,262,1,0.6883479985114093
0,2030,262,2,0.15579155111435816
0,2030,262,4,0.15586045037423266
0,2030,263,2,0.20931258825826313
0,2030,263,4,0.014005375881337002
0,2030,263,5,0.7766820358603999
0,2030,264,1,0.06597316133856902
0,2030,264,4,0.13650662291322668
0,2030,264,6,0.7975202157482043
0,2030,265,1,0.751695834519366
0,2030,265,6,0.24830416548063414
0,2030,266,4,0.7281039551369695
0,2030,266,5,0.27189604486303054
0,2030,267,5,0.3492497288682771
0,2030,267,6,0.6507502711317229
0,2030,268,2,0.10944928495963034
0,2030,268,4,0.5859829197701424
0,2030,268,5,0.03863271701951655
0,2030,268,6,0.26593507825071067
0,2030,269,4,0.019977083928636907
0,2030,269,5,0.9800229160713632
0,2030,270,5,1.0
0,2030,271,1,0.07121465188664584
0,2030,271,5,0.6881496843623741
0,2030,271,6,0.24063566375098008
0,2030,272,5,1.0
0,2030,273,5,1.0
0,2030,274,5,1.0
0,2030,275,5,0.14174157241003402
0,2030,275,6,0.8582584275899661
0,2030,276,1,0.9805055791026912
0,2030,276,6,0.019494420897308795
0,2030,277,1,0.3727928521632098
0,2030,277,4,0.6272071478367902
0,2030,278,5,0.7524594987850108
0,2030,278,6,0.24754050121498916
0,2030,279,1,1.0
0,2030,280,4,0.9204179716690213
0,2030,280,5,0.07958202833097869
0,2030,281,2,0.01868342815455537
0,2030,281,6,0.9813165718454447
0,2030,282,6,1.0
0,2030,283,1,0.822254445692094
0,2030,283,5,0.177745554307906
0,2030,284,3,0.0428946668069535
0,2030,284,5,0.9571053331930466
0,2030,285,5,1.0
0,2030,286,5,0.08002032159694031
0,2030,286,6,0.9199796784030596
0,2030,287,4,0.7066453667778094
0,2030,287,5,0.2780681577906794
0,2030,287,6,0.015286475431511222
0,2030,288,5,0.6767547148235862
0,2030,288,6,0.3232452851764138
0,2030,289,1,0.7755503376270093
0,2030,289,6,0.22444966237299066
0,2030,290,4,1.0
0,2030,291,5,0.3323452947619923
0,2030,291,6,0.6676547052380077
0,2030,292,1,0.6978180932999416
0,2030,292,4,0.17696614312306275
0,2030,292,5,0.1252157635769957
0,2030,293,1,0.8912099328808303
0,2030,293,6,0.10879006711916968
0,2030,294,1,0.27845700266574425
0,2030,294,4,0.7215429973342558
0,2030,295,1,0.026061991208108155
0,2030,295,4,0.34756325772103097
0,2030,295,5,0.6263747510708608
0,2030,296,1,0.5038698353814103
0,2030,296,2,0.1481012254012222
0,2030,296,6,0.3480289392173676
0,2030,297,1,0.16475028149686574
0,2030,297,2,0.8352497185031343
0,2030,298,2,0.03786067707546509
0,2030,298,3,0.015092942360177697
0,2030,298,4,0.25591580038671463
0,2030,298,5,0.6911305801776425
0,2030,299,1,0.14793076197143495
0,2030,299,2,0.5254614253095675
0,2030,299,4,0.32660781271899747
0,2030,300,3,0.02626590212178901
0,2030,300,5,0.04937774322863449
0,2030,300,6,0.9243563546495766
0,2030,301,1,0.7519477948158227
0,2030,301,2,0.2480522051841773
0,2030,302,1,0.23538218343634545
0,2030,302,4,0.17788433856177172
0,2030,302,6,0.5867334780018828
0,2030,303,1,0.23469621917510683
0,2030,303,5,0.7653037808248931
0,2030,304,1,0.8675046842578727
0,2030,304,6,0.13249531574212725
0,2030,305,1,0.6395644692040775
0,2030,305,4,0.17175309772129577
0,2030,305,5,0.18868243307462682
0,2030,306,2,0.01616893070178102
0,2030,306,3,0.08256983378267499
0,2030,306,4,0.6677602614193832
0,2030,306,5,0.11719436390556831
0,2030,306,6,0.11630661019059249
0,2030,307,3,0.03699217280928719
0,2030,307,4,0.6136992119606739
0,2030,307,5,0.34930861523003903
0,2030,308,6,1.0
0,2030,309,4,0.6055626679345936
0,2030,309,5,0.39443733206540654
0,2030,310,4,0.04589154957797356
0,2030,310,5,0.9541084504220264
0,2030,311,5,1.0
0,2030,312,5,0.016383510840188253
0,2030,312,6,0.9836164891598117
0,2030,313,4,0.3274074400845055
0,2030,313,5,0.6725925599154945
0,2030,314,2,0.03802886131137843
0,2030,314,3,0.12392546510233572
0,2030,314,5,0.8380456735862859
0,2030,315,2,0.20969018012538929
0,2030,315,3,0.15259194006290439
0,2030,315,6,0.6377178798117064
0,2030,316,1,0.14216597498511546
0,2030,316,2,0.6253258510064723
0,2030,316,4,0.20421186273513456
0,2030,316,6,0.028296311273277662
0,2030,317,1,0.2795007655112936
0,2030,317,2,0.2763871729017951
0,2030,317,6,0.44411206158691136
0,2030,318,1,0.10164798703413336
0,2030,318,2,0.216838360930587
0,2030,318,4,0.6815136520352796
0,2030,319,3,0.02250207154547334
0,2030,319,4,0.9634829908992915
0,2030,319,5,0.014014937555235285
0,2030,320,2,0.2543456305910047
0,2030,320,6,0.7456543694089953
0,2030,321,3,0.08881415841582327
0,2030,321,4,0.5687444302903003
0,2030,321,5,0.19080877352687492
0,2030,321,6,0.15163263776700148
0,2030,322,4,1.0
0,2030,323,1,0.22523212828497796
0,2030,323,6,0.774767871715022
0,2030,324,1,1.0
0,2030,325,1,0.5668644993795005
0,2030,325,2,0.1909204366434276
0,2030,325,4,0.21158085161634316
0,2030,325,5,0.03063421236072899
0,2030,326,4,1.0
0,2030,327,3,0.027790587310907867
0,2030,327,5,0.8217792973871987
0,2030,327,6,0.15043011530189337
0,2030,328,1,0.34312472346522077
0,2030,328,4,0.6568752765347793
0,2030,329,2,0.07664069453979346
0,2030,329,6,0.9233593054602066
0,2030,330,1,0.0639759447274731
0,2030,330,2,0.20343376246083303
0,2030,330,4,0.25516342748712306
0,2030,330,6,0.4774268653245708
0,2030,331,1,0.18303562167407444
0,2030,331,2,0.048393672957802975
0,2030,331,4,0.6404291802349098
0,2030,331,6,0.12814152513321272
0,2030,332,1,0.05635591092015493
0,2030,332,4,0.8665464417916188
0,2030,332,6,0.07709764728822631
0,2030,333,2,0.22209594575451871
0,2030,333,3,0.06566309904949756
0,2030,333,4,0.23379911459210104
0,2030,333,5,0.47844184060388273
0,2030,334,1,0.5088231745877041
0,2030,334,2,0.12298105141010655
0,2030,334,4,0.36819577400218934
0,2030,335,1,1.0
0,2030,336,1,0.2500827328532159
0,2030,336,4,0.2458914850980624
0,2030,336,6,0.5040257820487217
0,2030,337,1,0.39969487099047535
0,2030,337,2,0.22247031600691825
0,2030,337,4,0.15743442252899428
0,2030,337,5,0.15214246128114892
0,2030,337,6,0.06825792919246337
0,2030,338,1,0.22509826242910091
0,2030,338,2,0.7749017375708992
0,2030,339,4,1.0
0,2030,340,3,0.01833522017461719
0,2030,340,5,0.11707062751277794
0,2030,340,6,0.8645941523126048
0,2030,341,3,0.02971554768652386
0,2030,341,4,0.0603097704267037
0,2030,341,5,0.9099746818867723
0,2030,342,4,0.13489021210736138
0,2030,342,5,0.8651097878926387
0,2030,343,1,0.49368678160159873
0,2030,343,2,0.17456741157365738
0,2030,343,6,0.33174580682474397
0,2030,344,2,0.05054305791358448
0,2030,344,4,0.8975581089692312
0,2030,344,5,0.01407422440849286
0,2030,344,6,0.03782460870869159
0,2030,345,3,0.06882881400164215
0,2030,345,4,0.8345082588774229
0,2030,345,5,0.09666292712093494
0,2030,346,1,0.7067229492713551
0,2030,346,6,0.29327705072864485
0,2030,347,1,0.6380956104289144
0,2030,347,2,0.36190438957108556
0,2030,348,1,0.7310037143708978
0,2030,348,2,0.26899628562910216
0,2030,349,1,0.5407487322085825
0,2030,349,2,0.26139058437313967
0,2030,349,4,0.19786068341827784
0,2030,350,6,1.0
0,2030,351,1,0.2589783446189242
0,2030,351,2,0.025900647762040544
0,2030,351,4,0.7151210076190353
0,2030,352,1,0.9735820628496242
0,2030,352,6,0.026417937150375815
0,2030,353,4,0.6239263032714227
0,2030,353,5,0.3760736967285773
0,2030,354,1,0.061116474487176393
0,2030,354,2,0.056867917478666284
0,2030,354,6,0.8820156080341574
0,2030,355,1,0.7651131320328362
0,2030,355,2,0.23488686796716393
0,2030,356,2,1.0
0,2030,357,2,1.0
0,2030,358,2,1.0
0,2030,359,2,0.9579301256569207
0,2030,359,4,0.042069874343079294
0,2030,360,2,0.9193538911486877
0,2030,360,4,0.014402655595636846
0,2030,360,5,0.06624345325567547
0,2030,361,1,0.24837520195259108
0,2030,361,2,0.7516247980474089
0,2030,362,1,0.17846088912609903
0,2030,362,2,0.8215391108739011
0,2030,363,1,0.25519537765259165
0,2030,363,2,0.7448046223474084
0,2030,364,2,1.0
0,2030,365,2,1.0
1,2030,1,9,0.26156206530143955
1,2030,1,12,0.7384379346985606
1,2030,2,11,0.7765002834015524
1,2030,2,12,0.22349971659844764
1,2030,3,8,0.1799992567245698
1,2030,3,9,0.10067877869364739
1,2030,3,11,0.7193219645817828
1,2030,4,8,0.6464402095891295
1,2030,4,9,0.13173953133989483
1,2030,4,11,0.011330368966717796
1,2030,4,12,0.21048989010425792
1,2030,5,8,0.46308725650521465
1,2030,5,9,0.4488266158094933
1,2030,5,10,0.08808612768529214
1,2030,6,9,0.4283174173657597
1,2030,6,12,0.5716825826342403
1,2030,7,11,0.17287034131083318
1,2030,7,12,0.8271296586891669
1,2030,8,9,0.17199481772410485
1,2030,8,11,0.769489089084118
1,2030,8,12,0.05851609319177715
1,2030,9,9,0.14320554962652102
1,2030,9,12,0.856794450373479
1,2030,10,8,0.12966585371820957
1,2030,10,11,0.34080483180849624
1,2030,10,12,0.5295293144732942
1,2030,11,8,0.04523948224480393
1,2030,11,9,0.7999403482027375
1,2030,11,11,0.15482016955245853
1,2030,12,9,0.9419207410262332
1,2030,12,12,0.05807925897376687
1,2030,13,7,0.15530785776032197
1,2030,13,9,0.6923084250532436
1,2030,13,12,0.15238371718643443
1,2030,14,11,1.0
1,2030,15,11,1.0
1,2030,16,9,0.1659574837590768
1,2030,16,10,0.8340425162409232
1,2030,17,9,1.0
1,2030,18,9,1.0
1,2030,19,9,0.9789994688873758
1,2030,19,11,0.021000531112624222
1,2030,20,9,1.0
1,2030,21,9,0.9044269991721986
1,2030,21,10,0.09557300082780149
1,2030,22,9,0.9688467977855098
1,2030,22,11,0.031153202214490357
1,2030,23,9,0.06469751190864244
1,2030,23,12,0.9353024880913575
1,2030,24,8,0.3114506263082445
1,2030,24,9,0.6885493736917555
1,2030,25,9,0.9398763003625924
1,2030,25,10,0.060123699637407706
1,2030,26,9,0.10084992265532099
1,2030,26,12,0.899150077344679
1,2030,27,8,0.08100510800439227
1,2030,27,9,0.30341935654381896
1,2030,27,10,0.6155755354517888
1,2030,28,9,0.9217839527900197
1,2030,28,10,0.07821604720998035
1,2030,29,9,1.0
1,2030,30,11,0.3099974515708352
1,2030,30,12,0.6900025484291648
1,2030,31,8,0.07223945015191302
1,2030,31,10,0.927760549848087
1,2030,32,7,0.870104910897483
1,2030,32,9,0.1070128888042967
1,2030,32,12,0.02288220029822034
1,2030,33,9,0.14446844111911078
1,2030,33,11,0.8555315588808893
1,2030,34,8,0.1601999345312583
1,2030,34,10,0.7433785377887807
1,2030,34,11,0.09642152767996104
1,2030,35,7,0.022580389080548272
1,2030,35,11,0.7522226850955961
1,2030,35,12,0.22519692582385556
1,2030,36,11,1.0
1,2030,37,8,0.8688260025282014
1,2030,37,11,0.13117399747179864
1,2030,38,9,0.2606667381314592
1,2030,38,10,0.7393332618685408
1,2030,39,9,0.7187726093294711
1,2030,39,12,0.28122739067052893
1,2030,40,9,0.8304760186482482
1,2030,40,10,0.1695239813517519
1,2030,41,9,0.0664301408289278
1,2030,41,10,0.8118727784414032
1,2030,41,12,0.1216970807296691
1,2030,42,7,0.6825573771631969
1,2030,42,9,0.31744262283680313
1,2030,43,8,1.0
1,2030,44,7,0.08802256066484798
1,2030,44,9,0.911977439335152
1,2030,45,9,1.0
1,2030,46,9,0.8803260274920212
1,2030,46,10,0.11967397250797895
1,2030,47,9,0.27494963574001025
1,2030,47,10,0.7250503642599898
1,2030,48,8,0.6998122964742672
1,2030,48,9,0.3001877035257328
1,2030,49,8,0.9276001258308079
1,2030,49,9,0.07239987416919216
1,2030,50,10,1.0
1,2030,51,9,0.0892346289433128
1,2030,51,10,0.9107653710566871
1,2030,52,7,0.26380571295355687
1,2030,52,11,0.06861979452535454
1,2030,52,12,0.6675744925210887
1,2030,53,8,0.8999360357023987
1,2030,53,11,0.10006396429760128
1,2030,54,8,0.05805715662813382
1,2030,54,9,0.13620790745152392
1,2030,54,10,0.7525743792096939
1,2030,54,11,0.053160556710648406
1,2030,55,9,1.0
1,2030,56,9,1.0
1,2030,57,9,1.0
1,2030,58,12,1.0
1,2030,59,11,0.7897753933263371
1,2030,59,12,0.210224606673663
1,2030,60,8,0.7321231602245858
1,2030,60,9,0.2250645206881972
1,2030,60,12,0.04281231908721706
1,2030,61,8,0.05880148410612083
1,2030,61,9,0.7691888195944668
1,2030,61,10,0.17200969629941226
1,2030,62,9,1.0
1,2030,63,8,0.056750744831357496
1,2030,63,9,0.8073800880522073
1,2030,63,11,0.13586916711643526
1,2030,64,9,0.9845912922780966
1,2030,64,12,0.01540870772190339
1,2030,65,8,0.052514178688656606
1,2030,65,11,0.038074255662562735
1,2030,65,12,0.9094115656487807
1,2030,66,8,0.07586193810660621
1,2030,66,9,0.07434450645625076
1,2030,66,10,0.849793555437143
1,2030,67,7,0.2995878972142554
1,2030,67,9,0.6475821810716832
1,2030,67,10,0.052829921714061374
1,2030,68,9,0.12329468033912834
1,2030,68,10,0.8767053196608717
1,2030,69,9,0.17277203045572215
1,2030,69,12,0.8272279695442778
1,2030,70,8,0.33225654912777336
1,2030,70,9,0.6677434508722268
1,2030,71,9,0.9861682058311071
1,2030,71,10,0.013831794168892884
1,2030,72,9,0.24486379768135783
1,2030,72,10,0.7551362023186422
1,2030,73,7,0.7860922706561977
1,2030,73,9,0.09094116740993724
1,2030,73,11,0.018222272916347374
1,2030,73,12,0.10474428901751778
1,2030,74,7,0.1294111708921104
1,2030,74,8,0.6119154417747845
1,2030,74,11,0.037206943229143835
1,2030,74,12,0.22146644410396132
1,2030,75,8,0.748068665226056
1,2030,75,9,0.09591715659160212
1,2030,75,10,0.15601417818234192
1,2030,76,10,1.0
1,2030,77,10,1.0
1,2030,78,7,0.195440225856874
1,2030,78,10,0.804559774143126
1,2030,79,10,1.0
1,2030,80,10,1.0
1,2030,81,7,0.6646164909072503
1,2030,81,11,0.14943083433957685
1,2030,81,12,0.18595267475317293
1,2030,82,11,1.0
1,2030,83,8,0.8327302740792776
1,2030,83,11,0.16726972592072253
1,2030,84,10,1.0
1,2030,85,7,0.31979348639457633
1,2030,85,10,0.6802065136054237
1,2030,86,8,0.6635445731177191
1,2030,86,11,0.2768573537442322
1,2030,86,12,0.059598073138048775
1,2030,87,8,0.18291875504023983
1,2030,87,9,0.07123455498589033
1,2030,87,11,0.7458466899738698
1,2030,88,8,0.6121844583444488
1,2030,88,11,0.1303953830916046
1,2030,88,12,0.2574201585639467
1,2030,89,8,0.34455227847747133
1,2030,89,9,0.3708097464012797
1,2030,89,10,0.284637975121249
1,2030,90,10,1.0
1,2030,91,10,1.0
1,2030,92,7,0.9541186369764656
1,2030,92,11,0.04588136302353436
1,2030,93,11,1.0
1,2030,94,8,0.5790174862172836
1,2030,94,11,0.4209825137827165
1,2030,95,7,0.07797272396713574
1,2030,95,8,0.7752313650753228
1,2030,95,10,0.14679591095754144
1,2030,96,8,0.020019589539824433
1,2030,96,10,0.9799804104601756
1,2030,97,10,1.0
1,2030,98,10,1.0
1,2030,99,10,1.0
1,2030,100,7,0.021113161461620504
1,2030,100,10,0.9788868385383795
1,2030,101,8,0.1351276727882472
1,2030,101,10,0.8648723272117529
1,2030,102,10,1.0
1,2030,103,9,0.23724169499785103
1,2030,103,10,0.762758305002149
1,2030,104,9,0.7375826791000982
1,2030,104,10,0.2624173208999017
1,2030,105,9,0.22054682022889144
1,2030,105,10,0.6301050255805906
1,2030,105,12,0.14934815419051795
1,2030,106,9,0.33540377684437755
1,2030,106,10,0.6645962231556225
1,2030,107,7,0.5728502494013044
1,2030,107,11,0.41016460807717303
1,2030,107,12,0.01698514252152259
1,2030,108,8,0.12221819050269321
1,2030,108,11,0.8777818094973069
1,2030,109,7,0.700225796928488
1,2030,109,8,0.012987076809870487
1,2030,109,9,0.011038833196255968
1,2030,109,11,0.21975627766269598
1,2030,109,12,0.05599201540268957
1,2030,110,7,0.20701154406267114
1,2030,110,8,0.6749304527642155
1,2030,110,10,0.11805800317311334
1,2030,111,7,0.887942412395559
1,2030,111,9,0.039035038757127764
1,2030,111,10,0.07302254884731317
1,2030,112,7,0.14881382496784915
1,2030,112,8,0.5621260870585262
1,2030,112,10,0.28906008797362465
1,2030,113,11,1.0
1,2030,114,11,0.8731819973555305
1,2030,114,12,0.12681800264446946
1,2030,115,11,0.9229586896998905
1,2030,115,12,0.07704131030010943
1,2030,116,8,0.39003234320229224
1,2030,116,11,0.6099676567977078
1,2030,117,7,1.0
1,2030,118,11,1.0
1,2030,119,7,0.3603660430470848
1,2030,119,11,0.6396339569529151
1,2030,120,7,0.02204201588559273
1,2030,120,11,0.9779579841144073
1,2030,121,11,1.0
1,2030,122,8,0.5716240046810642
1,2030,122,11,0.4283759953189357
1,2030,123,7,0.12936309587969055
1,2030,123,11,0.7832405427184069
1,2030,123,12,0.08739636140190254
1,2030,124,8,0.053778751670849397
1,2030,124,10,0.0952290781529667
1,2030,124,11,0.850992170176184
1,2030,125,11,1.0
1,2030,126,11,1.0
1,2030,127,11,1.0
1,2030,128,8,0.815937385349214
1,2030,128,10,0.18406261465078588
1,2030,129,7,0.9329915051633271
1,2030,129,8,0.04051136157273482
1,2030,129,10,0.026497133263938065
1,2030,130,11,1.0
1,2030,131,7,0.6816903406613062
1,2030,131,9,0.24138047235888205
1,2030,131,12,0.07692918697981171
1,2030,132,9,0.4237505206873861
1,2030,132,12,0.5762494793126138
1,2030,133,8,0.17531582058970574
1,2030,133,9,0.030741157488383943
1,2030,133,11,0.7939430219219102
1,2030,134,7,0.4160170592263008
1,2030,134,11,0.5839829407736993
1,2030,135,8,0.8503664397397457
1,2030,135,9,0.14963356026025426
1,2030,136,9,0.11006312010535398
1,2030,136,10,0.5329992033767088
1,2030,136,12,0.35693767651793723
1,2030,137,8,0.07557371485018008
1,2030,137,10,0.92442628514982
1,2030,138,7,0.16953913724588987
1,2030,138,10,0.053241182495325716
1,2030,138,11,0.13334891064584212
1,2030,138,12,0.6438707696129422
1,2030,139,7,0.324051268515378
1,2030,139,11,0.6050370253654738
1,2030,139,12,0.07091170611914833
1,2030,140,8,0.6026290937927864
1,2030,140,9,0.018300902312187624
1,2030,140,10,0.37907000389502604
1,2030,141,7,0.9010536392527879
1,2030,141,10,0.09894636074721214
1,2030,142,11,1.0
1,2030,143,8,0.38236798259529786
1,2030,143,11,0.6176320174047021
1,2030,144,7,0.1516658247356941
1,2030,144,8,0.509867853288657
1,2030,144,11,0.3384663219756489
1,2030,145,8,0.10092061828980234
1,2030,145,10,0.044891746848557124
1,2030,145,11,0.8541876348616405
1,2030,146,10,0.9885767564613864
1,2030,146,11,0.011423243538613624
1,2030,147,10,1.0
1,2030,148,7,0.5884924854105716
1,2030,148,10,0.41150751458942836
1,2030,149,9,0.05702175797087434
1,2030,149,10,0.060418722944325785
1,2030,149,11,0.8825595190847999
1,2030,150,8,0.4365325214290067
1,2030,150,11,0.2806149097920803
1,2030,150,12,0.28285256877891307
1,2030,151,9,0.22162605717901523
1,2030,151,11,0.7045124275428045
1,2030,151,12,0.07386151527818023
1,2030,152,8,0.13773606220158927
1,2030,152,9,0.09407583634919546
1,2030,152,11,0.7681881014492152
1,2030,153,7,0.5366647416999966
1,2030,153,8,0.3903795427824652
1,2030,153,9,0.0427412518799984
1,2030,153,10,0.03021446363753981
1,2030,154,8,0.10976537722756535
1,2030,154,9,0.023869321510744113
1,2030,154,10,0.033981407942021764
1,2030,154,11,0.8323838933196688
1,2030,155,8,1.0
1,2030,156,9,0.20311344481107302
1,2030,156,10,0.7968865551889269
1,2030,157,9,0.17726989906587448
1,2030,157,10,0.8227301009341256
1,2030,158,10,1.0
1,2030,159,10,1.0
1,2030,160,9,0.03653245237363849
1,2030,160,10,0.9634675476263616
1,2030,161,7,0.23984921016937588
1,2030,161,10,0.6441044135835121
1,2030,161,11,0.04777275690099755
1,2030,161,12,0.06827361934611448
1,2030,162,7,0.19681514027784675
1,2030,162,8,0.41424313734039203
1,2030,162,11,0.2433391418516954
1,2030,162,12,0.14560258053006597
1,2030,163,7,0.02233684095943257
1,2030,163,8,0.7618152276214523
1,2030,163,11,0.12676035026507193
1,2030,163,12,0.08908758115404329
1,2030,164,7,0.17633749608809687
1,2030,164,8,0.6734780702371356
1,2030,164,10,0.1501844336747675
1,2030,165,8,0.2736668170905445
1,2030,165,10,0.6632335634589139
1,2030,165,11,0.06309961945054152
1,2030,166,10,1.0
1,2030,167,7,0.21207141020581474
1,2030,167,10,0.7879285897941852
1,2030,168,11,1.0
1,2030,169,11,1.0
1,2030,170,11,1.0
1,2030,171,11,1.0
1,2030,172,8,1.0
1,2030,173,10,1.0
1,2030,174,10,1.0
1,2030,175,9,0.1350312236241096
1,2030,175,10,0.8649687763758903
1,2030,176,9,0.0532265202739956
1,2030,176,10,0.9467734797260043
1,2030,177,10,1.0
1,2030,178,7,0.5493700590383997
1,2030,178,11,0.45062994096160025
1,2030,179,11,1.0
1,2030,180,11,1.0
1,2030,181,11,1.0
1,2030,182,11,1.0
1,2030,183,9,0.029436457222040385
1,2030,183,11,0.9705635427779596
1,2030,184,7,0.031040824211004986
1,2030,184,9,0.1773500346862829
1,2030,184,11,0.6373755498227759
1,2030,184,12,0.15423359127993627
1,2030,185,11,1.0
1,2030,186,8,0.7735331576522114
1,2030,186,10,0.22646684234778855
1,2030,187,10,0.9768307426614181
1,2030,187,11,0.023169257338581932
1,2030,188,7,0.012876861981321099
1,2030,188,10,0.9407473941979945
1,2030,188,11,0.0463757438206844
1,2030,189,7,1.0
1,2030,190,8,0.13503279740994686
1,2030,190,11,0.8649672025900531
1,2030,191,7,0.19676406286803713
1,2030,191,8,0.4727902500384054
1,2030,191,11,0.3304456870935575
1,2030,192,7,0.8790597281810026
1,2030,192,11,0.12094027181899733
1,2030,193,8,1.0
1,2030,194,8,0.12582208904927264
1,2030,194,10,0.8741779109507274
1,2030,195,10,1.0
1,2030,196,7,0.9510741203857068
1,2030,196,10,0.04892587961429319
1,2030,197,11,1.0
1,2030,198,11,1.0
1,2030,199,8,1.0
1,2030,200,7,0.28188286637053134
1,2030,200,10,0.7181171336294686
1,2030,201,11,1.0
1,2030,202,8,0.01567310373989971
1,2030,202,10,0.04036705829665222
1,2030,202,11,0.9439598379634482
1,2030,203,9,0.04242722296495882
1,2030,203,10,0.9575727770350413
1,2030,204,10,1.0
1,2030,205,7,0.32846708207881625
1,2030,205,10,0.6715329179211839
1,2030,206,7,0.4712744766266982
1,2030,206,8,0.25161539953804757
1,2030,206,9,0.19004900074937608
1,2030,206,11,0.07616343952073763
1,2030,206,12,0.010897683565140613
1,2030,207,7,0.8964369095976388
1,2030,207,10,0.10356309040236124
1,2030,208,7,0.21342476241127256
1,2030,208,11,0.7865752375887274
1,2030,209,7,0.13407288081667856
1,2030,209,10,0.025223929390655316
1,2030,209,11,0.8407031897926661
1,2030,210,11,1.0
1,2030,211,8,0.14438240167357017
1,2030,211,11,0.8556175983264298
1,2030,212,7,0.16566074202650202
1,2030,212,8,0.5343286225194421
1,2030,212,11,0.30001063545405576
1,2030,213,7,0.3205346271586249
1,2030,213,8,0.5713618525508997
1,2030,213,10,0.10810352029047543
1,2030,214,8,0.1397364154189386
1,2030,214,11,0.8602635845810613
1,2030,215,8,0.644390559408198
1,2030,215,11,0.35560944059180194
1,2030,216,7,0.029698427025527597
1,2030,216,10,0.11613992496616447
1,2030,216,11,0.8541616480083078
1,2030,217,7,0.758386492393959
1,2030,217,8,0.015540302583708365
1,2030,217,11,0.22607320502233239
1,2030,218,11,1.0
1,2030,219,11,1.0
1,2030,220,8,1.0
1,2030,221,10,1.0
1,2030,222,7,0.7290764094538815
1,2030,222,11,0.2709235905461185
1,2030,223,11,1.0
1,2030,224,11,1.0
1,2030,225,8,0.8864173786931342
1,2030,225,9,0.11358262130686572
1,2030,226,9,0.3125726118679102
1,2030,226,10,0.6874273881320898
1,2030,227,10,1.0
1,2030,228,7,0.6352291612704991
1,2030,228,10,0.3647708387295009
1,2030,229,11,1.0
1,2030,230,11,1.0
1,2030,231,11,1.0
1,2030,232,8,0.21759162761160591
1,2030,232,11,0.7824083723883941
1,2030,233,8,0.7737867523111818
1,2030,233,10,0.22621324768881823
1,2030,234,7,0.4318340974709016
1,2030,234,8,0.24011064847538957
1,2030,234,10,0.32805525405370883
1,2030,235,7,0.5081753047184258
1,2030,235,8,0.350599306502431
1,2030,235,10,0.14122538877914323
1,2030,236,7,0.13535971922734105
1,2030,236,8,0.7428841036700733
1,2030,236,11,0.023257266264526674
1,2030,236,12,0.09849891083805903
1,2030,237,9,0.10281373286598845
1,2030,237,10,0.10492522036707745
1,2030,237,11,0.7922610467669341
1,2030,238,8,0.7693430816040188
1,2030,238,9,0.07644531378846214
1,2030,238,10,0.15421160460751918
1,2030,239,8,0.35123827825527926
1,2030,239,10,0.6487617217447208
1,2030,240,9,0.3040935700222389
1,2030,240,10,0.6959064299777611
1,2030,241,10,1.0
1,2030,242,10,1.0
1,2030,243,10,1.0
1,2030,244,10,1.0
1,2030,245,7,0.04095738352567485
1,2030,245,10,0.9590426164743251
1,2030,246,11,0.9295926031763697
1,2030,246,12,0.07040739682363026
1,2030,247,11,1.0
1,2030,248,7,0.02344683434674047
1,2030,248,8,0.7806554347227926
1,2030,248,9,0.11300648002848329
1,2030,248,10,0.013295851071634657
1,2030,248,12,0.06959539983034907
1,2030,249,9,1.0
1,2030,250,9,1.0
1,2030,251,7,0.5844323568322882
1,2030,251,9,0.2340529495391222
1,2030,251,12,0.1815146936285896
1,2030,252,10,1.0
1,2030,253,8,0.8306484349668604
1,2030,253,9,0.06089988542565871
1,2030,253,12,0.10845167960748096
1,2030,254,11,1.0
1,2030,255,8,0.6658898065602463
1,2030,255,11,0.28186017152954324
1,2030,255,12,0.05225002191021045
1,2030,256,8,0.8509702072265841
1,2030,256,9,0.061904429961481856
1,2030,256,12,0.08712536281193409
1,2030,257,7,0.8426401689136565
1,2030,257,8,0.13131974644042912
1,2030,257,10,0.010768372734136129
1,2030,257,11,0.015271711911778393
1,2030,258,7,1.0
1,2030,259,7,0.806073201075938
1,2030,259,8,0.1643425068234
1,2030,259,10,0.029584292100661953
1,2030,260,7,0.02625392793492687
1,2030,260,10,0.13861782423895141
1,2030,260,11,0.8351282478261217
1,2030,261,7,0.18818733045760813
1,2030,261,8,0.6847750963247181
1,2030,261,11,0.12703757321767375
1,2030,262,9,0.20042493432838127
1,2030,262,10,0.7430220881921664
1,2030,262,12,0.0565529774794523
1,2030,263,9,0.20724186117430318
1,2030,263,11,0.7029134071949644
1,2030,263,12,0.08984473163073237
1,2030,264,7,0.24681538200263428
1,2030,264,8,0.6728541520071226
1,2030,264,10,0.08033046599024318
1,2030,265,8,0.25820537392746484
1,2030,265,10,0.7417946260725352
1,2030,266,7,0.7878404571564328
1,2030,266,11,0.2121595428435672
1,2030,267,8,0.693982451026349
1,2030,267,11,0.30601754897365097
1,2030,268,7,0.3967864746343501
1,2030,268,8,0.16624249709020122
1,2030,268,9,0.17143643250689647
1,2030,268,11,0.14517283230651884
1,2030,268,12,0.1203617634620332
1,2030,269,11,0.9489029013967336
1,2030,269,12,0.05109709860326635
1,2030,270,11,1.0
1,2030,271,8,0.5921226939837901
1,2030,271,11,0.40787730601620986
1,2030,272,11,1.0
1,2030,273,7,0.08786184117356761
1,2030,273,11,0.9121381588264323
1,2030,274,11,1.0
1,2030,275,8,1.0
1,2030,276,8,0.08306123841280759
1,2030,276,10,0.9169387615871923
1,2030,277,7,0.7969581140171864
1,2030,277,9,0.1523785414394248
1,2030,277,10,0.0506633445433888
1,2030,278,8,0.28842840362516087
1,2030,278,11,0.7115715963748391
1,2030,279,10,1.0
1,2030,280,7,0.976122516161414
1,2030,280,11,0.02387748383858604
1,2030,281,8,0.8756673677281235
1,2030,281,9,0.12433263227187653
1,2030,282,8,0.9655250646149871
1,2030,282,10,0.034474935385012916
1,2030,283,7,0.02095679839230406
1,2030,283,10,0.9103599078645214
1,2030,283,11,0.06868329374317457
1,2030,284,11,1.0
1,2030,285,11,1.0
1,2030,286,8,1.0
1,2030,287,7,0.8252257231567187
1,2030,287,11,0.17477427684328134
1,2030,288,8,0.4089754207497352
1,2030,288,11,0.5910245792502647
1,2030,289,8,0.12678599958714962
1,2030,289,10,0.8732140004128504
1,2030,290,7,1.0
1,2030,291,8,0.7687345500490097
1,2030,291,11,0.23126544995099035
1,2030,292,7,0.35944617900113784
1,2030,292,10,0.6405538209988622
1,2030,293,10,1.0
1,2030,294,7,0.8935307592224746
1,2030,294,10,0.10646924077752544
1,2030,295,7,0.39841950159404727
1,2030,295,11,0.6015804984059528
1,2030,296,8,0.30781773264740275
1,2030,296,9,0.1441828171070754
1,2030,296,10,0.5479994502455219
1,2030,297,9,0.8160775320596912
1,2030,297,10,0.18392246794030875
1,2030,298,7,0.10865410721607177
1,2030,298,9,0.04004800050705064
1,2030,298,10,0.012427523989071015
1,2030,298,11,0.6886490618632475
1,2030,298,12,0.1502213064245591
1,2030,299,7,0.01096713424283124
1,2030,299,9,0.27256101784951603
1,2030,299,10,0.47562463976196534
1,2030,299,12,0.24084720814568744
1,2030,300,8,1.0
1,2030,301,9,0.22743154111864478
1,2030,301,10,0.7725684588813553
1,2030,302,7,0.5456886947453325
1,2030,302,8,0.34474308602457865
1,2030,302,10,0.1095682192300888
1,2030,303,7,0.017260051785951785
1,2030,303,10,0.21966777921492334
1,2030,303,11,0.7630721689991249
1,2030,304,8,0.06991795224336454
1,2030,304,10,0.8434896295294023
1,2030,304,11,0.08659241822723311
1,2030,305,7,0.6407942654173252
1,2030,305,8,0.05053861000036411
1,2030,305,10,0.3086671245823107
1,2030,306,8,0.2594585487757682
1,2030,306,11,0.1538778128219444
1,2030,306,12,0.5866636384022875
1,2030,307,11,0.37014493615995714
1,2030,307,12,0.6298550638400429
1,2030,308,8,1.0
1,2030,309,7,0.6217344072344281
1,2030,309,11,0.3782655927655719
1,2030,310,7,0.09237477022989282
1,2030,310,11,0.9076252297701072
1,2030,311,11,1.0
1,2030,312,7,0.0515851433098349
1,2030,312,8,0.9175391461954044
1,2030,312,10,0.03087571049476065
1,2030,313,7,0.29742003991128657
1,2030,313,11,0.640159240857014
1,2030,313,12,0.062420719231699374
1,2030,314,11,0.7890617632817224
1,2030,314,12,0.21093823671827758
1,2030,315,8,0.670652565681787
1,2030,315,9,0.17960587896140331
1,2030,315,12,0.14974155535680966
1,2030,316,7,0.23201362015436372
1,2030,316,9,0.6785412289159909
1,2030,316,10,0.08944515092964545
1,2030,317,8,0.33951989065325994
1,2030,317,9,0.25301974927083204
1,2030,317,10,0.40746036007590797
1,2030,318,7,0.6726284882372139
1,2030,318,9,0.3273715117627861
1,2030,319,11,0.03560625511632758
1,2030,319,12,0.9643937448836724
1,2030,320,8,0.7286475725047273
1,2030,320,9,0.2713524274952727
1,2030,321,8,0.1989458839018051
1,2030,321,11,0.20836695606111558
1,2030,321,12,0.5926871600370793
1,2030,322,7,0.36331687872574575
1,2030,322,12,0.6366831212742542
1,2030,323,8,0.7620198332393749
1,2030,323,10,0.23798016676062492
1,2030,324,10,1.0
1,2030,325,9,0.046194492202306765
1,2030,325,10,0.7217227873793822
1,2030,325,12,0.232082720418311
1,2030,326,12,1.0
1,2030,327,8,0.19541348307328976
1,2030,327,11,0.8045865169267102
1,2030,328,7,0.8708795735021561
1,2030,328,9,0.05091665609782668
1,2030,328,10,0.07820377040001729
1,2030,329,8,0.845231127463866
1,2030,329,9,0.154768872536134
1,2030,330,8,0.0199197368332892
1,2030,330,9,0.015579657404485404
1,2030,330,10,0.6605034670092595
1,2030,330,11,0.12583740382003156
1,2030,330,12,0.1781597349329342
1,2030,331,7,0.7091923492211342
1,2030,331,8,0.044227945146260605
1,2030,331,9,0.20737156352581268
1,2030,331,10,0.03920814210679252
1,2030,332,7,0.937457022785373
1,2030,332,9,0.03187596002867142
1,2030,332,12,0.03066701718595563
1,2030,333,8,0.2070550781779788
1,2030,333,11,0.18676159408583268
1,2030,333,12,0.6061833277361885
1,2030,334,7,0.01672421222903161
1,2030,334,9,0.013665036760711614
1,2030,334,10,0.7128920987178525
1,2030,334,12,0.2567186522924042
1,2030,335,7,0.06388178477029444
1,2030,335,10,0.9361182152297056
1,2030,336,7,0.6279257464271628
1,2030,336,8,0.2348468304853875
1,2030,336,10,0.1372274230874497
1,2030,337,8,0.16032475024550305
1,2030,337,9,0.10703329241006554
1,2030,337,10,0.4498338580406069
1,2030,337,12,0.2828080993038245
1,2030,338,9,0.7612756172595361
1,2030,338,10,0.23872438274046384
1,2030,339,7,0.056922492076223366
1,2030,339,12,0.9430775079237765
1,2030,340,8,0.9655975144622292
1,2030,340,11,0.03440248553777085
1,2030,341,11,0.8919913616132051
1,2030,341,12,0.10800863838679493
1,2030,342,7,0.17588388858100287
1,2030,342,11,0.8241161114189971
1,2030,343,8,0.17904273071846763
1,2030,343,9,0.13151495400003815
1,2030,343,10,0.6894423152814942
1,2030,344,8,0.1261194889887319
1,2030,344,10,0.10396992287060673
1,2030,344,12,0.7699105881406614
1,2030,345,7,0.011145543805739686
1,2030,345,8,0.06640393994998452
1,2030,345,11,0.12021230738037846
1,2030,345,12,0.8022382088638974
1,2030,346,8,0.28516164127204324
1,2030,346,10,0.7148383587279568
1,2030,347,9,0.36475933960288826
1,2030,347,10,0.6352406603971118
1,2030,348,9,0.2193970595893471
1,2030,348,10,0.7674619291302157
1,2030,348,12,0.0131410112804372
1,2030,349,7,0.011182416017557548
1,2030,349,9,0.15819952218128175
1,2030,349,10,0.6245137033651191
1,2030,349,12,0.20610435843604163
1,2030,350,8,1.0
1,2030,351,7,0.8231884534612477
1,2030,351,8,0.010935811025217934
1,2030,351,9,0.16587573551353443
1,2030,352,10,1.0
1,2030,353,7,0.43865617240781357
1,2030,353,11,0.37536714987363134
1,2030,353,12,0.18597667771855506
1,2030,354,8,0.7720541108143154
1,2030,354,9,0.04784226936657958
1,2030,354,10,0.18010361981910517
1,2030,355,9,0.1638045885028579
1,2030,355,10,0.8361954114971422
1,2030,356,9,0.9588545966267001
1,2030,356,12,0.0411454033732999
1,2030,357,9,1.0
1,2030,358,9,1.0
1,2030,359,9,0.813342962740641
1,2030,359,12,0.18665703725935892
1,2030,360,9,0.7796169256508099
1,2030,360,12,0.2203830743491902
1,2030,361,9,0.6461448168210511
1,2030,361,10,0.353855183178949
1,2030,362,7,0.029583309596343782
1,2030,362,9,0.7672473886822211
1,2030,362,10,0.2031693017214351
1,2030,363,9,0.7701057664767946
1,2030,363,10,0.22989423352320534
1,2030,364,9,1.0
1,2030,365,9,1.0
