year,period,rep_period,weight,scenario
2050,1,2,0.015351487511204825,0
2050,1,6,0.0869120770539318,0
2050,1,8,0.08342403340121216,0
2050,1,11,0.20398112252269057,0
2050,1,17,0.015457069664207235,0
2050,1,36,0.13573339587785532,0
2050,1,49,0.21625586126773047,0
2050,1,58,0.014966166631253473,0
2050,1,71,0.02109207745146662,0
2050,1,91,0.10448150922414566,0
2050,1,112,0.1023451993943019,0
2050,2,2,0.016056967575957294,0
2050,2,6,0.10628642047889661,0
2050,2,11,0.06383951873109714,0
2050,2,17,0.06979155893955882,0
2050,2,28,0.06827267552979985,0
2050,2,36,0.2697079458687769,0
2050,2,49,0.033241719667872587,0
2050,2,82,0.15765262433117244,0
2050,2,113,0.043066451477847593,0
2050,2,114,0.16298592502240306,0
2050,3,36,1.0,0
2050,4,8,0.2668147539943478,0
2050,4,17,0.04489254775803363,0
2050,4,25,0.041001383669121205,0
2050,4,28,0.0831444207193162,0
2050,4,36,0.26308649372645176,0
2050,4,78,0.13582017846354924,0
2050,4,116,0.16524022166918023,0
2050,5,8,1.0,0
2050,6,58,1.0,0
2050,7,6,0.08010296454600162,0
2050,7,8,0.10292312797605917,0
2050,7,28,0.023932451197754983,0
2050,7,36,0.1091313619002411,0
2050,7,41,0.09627846046711623,0
2050,7,49,0.22645381257060257,0
2050,7,58,0.11117744691415331,0
2050,7,59,0.013728757650808141,0
2050,7,82,0.03653421242346338,0
2050,7,91,0.18121930133314954,0
2050,8,6,0.17325222224158202,0
2050,8,36,0.19994701118945257,0
2050,8,71,0.022642926718977396,0
2050,8,82,0.3202166323297824,0
2050,8,91,0.026101814895711933,0
2050,8,107,0.02029735961590796,0
2050,8,114,0.23754203300858562,0
2050,9,114,1.0,0
2050,10,17,1.0,0
2050,11,2,0.07620706975393492,0
2050,11,7,0.036005540221945825,0
2050,11,11,0.039367066556450045,0
2050,11,17,0.2865125664040576,0
2050,11,23,0.02821532237293957,0
2050,11,28,0.05090960468373591,0
2050,11,36,0.09969475021152104,0
2050,11,56,0.04096921905745819,0
2050,11,114,0.24368301125925318,0
2050,11,116,0.0961378665362259,0
2050,12,2,0.026710263089624556,0
2050,12,7,0.08253544628991642,0
2050,12,8,0.07973973183534015,0
2050,12,17,0.42215148845788447,0
2050,12,28,0.017976384419544036,0
2050,12,36,0.14686018045957822,0
2050,12,49,0.03541385937362873,0
2050,12,58,0.012906910738929203,0
2050,12,91,0.01932996924700088,0
2050,12,114,0.12570498153322524,0
2050,12,116,0.020418036951239324,0
2050,13,2,0.0194834935672014,0
2050,13,6,0.03346576375115909,0
2050,13,7,0.01174643547059357,0
2050,13,17,0.13855668959566475,0
2050,13,28,0.07714384503542951,0
2050,13,36,0.027140781352129578,0
2050,13,49,0.06497247588063831,0
2050,13,82,0.208736590186179,0
2050,13,113,0.06841078663578587,0
2050,13,114,0.2270089372321401,0
2050,13,116,0.11444954338674623,0
2050,14,2,0.08854967733257221,0
2050,14,6,0.16553040718410308,0
2050,14,17,0.08532675264570179,0
2050,14,28,0.06109603392992238,0
2050,14,36,0.06982938740199103,0
2050,14,40,0.07024470259764509,0
2050,14,55,0.07200182313549269,0
2050,14,56,0.011305425854384222,0
2050,14,59,0.035405058887975516,0
2050,14,82,0.06667735936615923,0
2050,14,108,0.023860189809642468,0
2050,14,113,0.026171535832910722,0
2050,14,114,0.22400164602149875,0
2050,15,2,0.20936280304290106,0
2050,15,6,0.05842960929638028,0
2050,15,17,0.1543635472421201,0
2050,15,26,0.11724945147109869,0
2050,15,27,0.08315845639435032,0
2050,15,36,0.08085133406571338,0
2050,15,71,0.029644321019071128,0
2050,15,84,0.019591983306223075,0
2050,15,100,0.07374182337009919,0
2050,15,107,0.07041914089319257,0
2050,15,114,0.022723733097518233,0
2050,15,116,0.07177132613581494,0
2050,16,116,1.0,0
2050,17,56,1.0,0
2050,18,8,0.08732406611903198,0
2050,18,14,0.16524824093578436,0
2050,18,16,0.03313558493017798,0
2050,18,31,0.23182661081729528,0
2050,18,47,0.010789696973577253,0
2050,18,56,0.047135768796397394,0
2050,18,71,0.15559756142503162,0
2050,18,82,0.1932342824130264,0
2050,18,103,0.07334278414802921,0
2050,19,31,1.0,0
2050,20,103,1.0,0
2050,21,14,0.23565917878149556,0
2050,21,24,0.013004324177678583,0
2050,21,27,0.054315319134546694,0
2050,21,31,0.09423288287343913,0
2050,21,51,0.016126865199764154,0
2050,21,65,0.06978161737534444,0
2050,21,71,0.1741907009982705,0
2050,21,95,0.023323826227671676,0
2050,21,103,0.24139939871381,0
2050,21,113,0.032071318166721,0
2050,22,1,0.03400236377291044,0
2050,22,4,0.0352511753034574,0
2050,22,13,0.027766581558427823,0
2050,22,22,0.12267525387364428,0
2050,22,24,0.020470200662105184,0
2050,22,31,0.4335834480743352,0
2050,22,80,0.0924302431050277,0
2050,22,92,0.0770961367610849,0
2050,22,95,0.13990701871273561,0
2050,23,4,1.0,0
2050,24,4,0.11752512059136996,0
2050,24,16,0.027266027604670708,0
2050,24,17,0.09139456342917948,0
2050,24,18,0.11077622681532756,0
2050,24,54,0.08575664784364537,0
2050,24,58,0.011824683051803765,0
2050,24,61,0.03369968019967887,0
2050,24,81,0.06026782619720362,0
2050,24,90,0.44902706646149637,0
2050,25,4,0.28260293459796226,0
2050,25,13,0.04576190268686224,0
2050,25,30,0.10460805962683445,0
2050,25,50,0.14479214603042098,0
2050,25,61,0.05917625418889694,0
2050,25,76,0.03158450930196913,0
2050,25,80,0.0996890056257407,0
2050,25,87,0.07444179921610558,0
2050,25,90,0.14376863687276206,0
2050,26,90,1.0,0
2050,27,2,0.162983629504373,0
2050,27,18,0.10466885287571802,0
2050,27,25,0.040115906315157546,0
2050,27,30,0.029693459879059466,0
2050,27,31,0.03671259206152068,0
2050,27,32,0.043193962904191106,0
2050,27,50,0.011526658698408503,0
2050,27,71,0.14091525338355615,0
2050,27,79,0.04260096929254717,0
2050,27,87,0.09399657567138545,0
2050,27,90,0.0422103916052788,0
2050,27,94,0.090387511077108,0
2050,27,98,0.010178898525239923,0
2050,27,109,0.12815726240044267,0
2050,28,2,0.0784380967874636,0
2050,28,7,0.04198842523982177,0
2050,28,11,0.040900087519866346,0
2050,28,17,0.05691044749714551,0
2050,28,39,0.02170043184785463,0
2050,28,40,0.09725285798025791,0
2050,28,59,0.019474944799408814,0
2050,28,81,0.02462299968383286,0
2050,28,90,0.4815741388348856,0
2050,28,107,0.12414953959416201,0
2050,29,2,1.0,0
2050,30,23,1.0,0
2050,31,65,1.0,0
2050,32,72,1.0,0
2050,33,2,0.03779866149575119,0
2050,33,18,0.1015609654460882,0
2050,33,24,0.13430441054301365,0
2050,33,31,0.09220195827399685,0
2050,33,62,0.026042642013862007,0
2050,33,65,0.026929672112355953,0
2050,33,72,0.26262216123562465,0
2050,33,80,0.21028929450306752,0
2050,33,103,0.011054385202483369,0
2050,33,113,0.011701753164907873,0
2050,33,118,0.06452791192483974,0
2050,34,4,0.1316586506347229,0
2050,34,14,0.19973903117139089,0
2050,34,31,0.09327287997901339,0
2050,34,32,0.01747755890001293,0
2050,34,40,0.07319312305027341,0
2050,34,49,0.023595456784443962,0
2050,34,62,0.051889475254377676,0
2050,34,65,0.03235244419307776,0
2050,34,90,0.013383029453947927,0
2050,34,91,0.010137705741807565,0
2050,34,94,0.01331710925309201,0
2050,34,95,0.1847195008108766,0
2050,34,100,0.024502908944253245,0
2050,34,103,0.07664333662352535,0
2050,34,106,0.03489119337280548,0
2050,35,95,1.0,0
2050,36,22,1.0,0
2050,37,54,1.0,0
2050,38,108,1.0,0
2050,39,2,0.08262633062840247,0
2050,39,7,0.058287887093344815,0
2050,39,18,0.1473439441419921,0
2050,39,24,0.010083019205202187,0
2050,39,36,0.3373436282878563,0
2050,39,37,0.04155595846347723,0
2050,39,54,0.218767730117101,0
2050,39,116,0.103991502062623,0
2050,40,18,1.0,0
2050,41,5,0.028035729144538363,0
2050,41,13,0.02041382784046169,0
2050,41,18,0.31369852833683404,0
2050,41,31,0.1157521350607306,0
2050,41,38,0.042776139270730734,0
2050,41,54,0.09416582263563321,0
2050,41,58,0.13365084441233627,0
2050,41,68,0.011356961977891666,0
2050,41,105,0.2401500113208433,0
2050,42,31,0.31444632968460373,0
2050,42,38,0.3129431525029308,0
2050,42,58,0.22171525840575845,0
2050,42,87,0.0678734702081319,0
2050,42,109,0.032254163075981286,0
2050,43,1,0.0437819222093256,0
2050,43,8,0.05157886854415111,0
2050,43,19,0.020782759766558034,0
2050,43,31,0.26037630222405256,0
2050,43,38,0.2388419961514659,0
2050,43,78,0.05190059415143186,0
2050,43,79,0.21770084281245608,0
2050,43,82,0.11128886482619663,0
2050,44,22,0.0199568692608168,0
2050,44,26,0.09354230842047216,0
2050,44,30,0.03351989129516339,0
2050,44,46,0.02639525285694365,0
2050,44,48,0.11119278113250158,0
2050,44,58,0.10120060460783992,0
2050,44,72,0.03312409921762104,0
2050,44,74,0.03222048274064819,0
2050,44,80,0.3536119485864061,0
2050,44,90,0.08061905611482481,0
2050,44,91,0.01183301591826233,0
2050,44,119,0.08670459633926769,0
2050,45,80,1.0,0
2050,46,25,0.08589487226896061,0
2050,46,49,0.05949191512654914,0
2050,46,59,0.19294981959031224,0
2050,46,78,0.30250041733521504,0
2050,46,80,0.0889100722923756,0
2050,46,90,0.019313144581881176,0
2050,46,100,0.03284319317222947,0
2050,46,116,0.1990502381701252,0
2050,47,78,1.0,0
2050,48,14,0.0107124482622033,0
2050,48,19,0.11310071435686198,0
2050,48,23,0.11604260305684572,0
2050,48,43,0.020116705560566286,0
2050,48,49,0.31611335448042177,0
2050,48,65,0.09582904910866535,0
2050,48,74,0.02715173124897302,0
2050,48,78,0.24177942063757396,0
2050,48,81,0.03559105365391191,0
2050,48,86,0.023562919633976602,0
2050,49,49,1.0,0
2050,50,6,0.07616618262207553,0
2050,50,11,0.15915061799709299,0
2050,50,36,0.07929419338405555,0
2050,50,49,0.2513288821828322,0
2050,50,67,0.02322202334331841,0
2050,50,82,0.1903142298502564,0
2050,50,91,0.09893255316238814,0
2050,50,93,0.033475760315022085,0
2050,50,106,0.0804229058237371,0
2050,51,82,1.0,0
2050,52,2,0.010493702282688564,0
2050,52,9,0.0567032826183742,0
2050,52,14,0.1883398430602772,0
2050,52,19,0.01939230289798641,0
2050,52,23,0.2059553558320698,0
2050,52,29,0.08923988979825904,0
2050,52,78,0.04980179681045576,0
2050,52,82,0.05489726122019944,0
2050,52,85,0.01167127517319564,0
2050,52,116,0.22980641353414355,0
2050,52,117,0.08356681548584276,0
2050,53,16,0.1644524885246532,0
2050,53,23,0.08613858399797167,0
2050,53,49,0.276772423077992,0
2050,53,56,0.09597470263433858,0
2050,53,74,0.04732724112300468,0
2050,53,78,0.07384746974074954,0
2050,53,79,0.030113203090108065,0
2050,53,91,0.027314324311339053,0
2050,53,96,0.02733011441942474,0
2050,53,102,0.01198708125996198,0
2050,53,112,0.03985636807900293,0
2050,53,117,0.09713303645400928,0
2050,54,2,0.08379501318414015,0
2050,54,16,0.10063999927862613,0
2050,54,17,0.01676839345315856,0
2050,54,23,0.036679422779682835,0
2050,54,40,0.1357321631197304,0
2050,54,49,0.1440378931571619,0
2050,54,68,0.018598879406232005,0
2050,54,81,0.1168467191848859,0
2050,54,82,0.1091664692811617,0
2050,54,84,0.020066602510739634,0
2050,54,107,0.1713077399301391,0
2050,54,112,0.03274948002784257,0
2050,55,40,1.0,0
2050,56,50,1.0,0
2050,57,15,0.02566894704540238,0
2050,57,16,0.03755777572142904,0
2050,57,40,0.04560324918669937,0
2050,57,50,0.06794729551025058,0
2050,57,58,0.19000266400727323,0
2050,57,61,0.18929298524320579,0
2050,57,68,0.01657428970875571,0
2050,57,90,0.17646510603300422,0
2050,57,109,0.1329522386048905,0
2050,57,120,0.11793544893908926,0
2050,58,109,1.0,0
2050,59,11,0.019504924671884714,0
2050,59,15,0.05468252509568766,0
2050,59,26,0.022743510083231826,0
2050,59,34,0.02831533344366073,0
2050,59,40,0.1219291360506883,0
2050,59,58,0.16909640234114,0
2050,59,61,0.011321636043454661,0
2050,59,90,0.18492181380858047,0
2050,59,109,0.21588128427629152,0
2050,59,120,0.16704040766894163,0
2050,60,2,0.09114803314929487,0
2050,60,6,0.03098730513733783,0
2050,60,17,0.04708805688155093,0
2050,60,36,0.06226436851164391,0
2050,60,40,0.23718679433007717,0
2050,60,59,0.0709988970168165,0
2050,60,82,0.09333621168323572,0
2050,60,84,0.05919977089332272,0
2050,60,90,0.05986383298672669,0
2050,60,107,0.24792672940999366,0
2050,61,2,0.13572348938401996,0
2050,61,7,0.044166330699840536,0
2050,61,11,0.058555514504243414,0
2050,61,12,0.014433677859504189,0
2050,61,17,0.11296691529388202,0
2050,61,28,0.018017166114325973,0
2050,61,29,0.12423675914370465,0
2050,61,40,0.10556981958447771,0
2050,61,55,0.06145024039521364,0
2050,61,94,0.07825136455452934,0
2050,61,114,0.2425486751879804,0
2050,62,7,0.19133822730350403,0
2050,62,8,0.060201471264819104,0
2050,62,11,0.08956730228936988,0
2050,62,17,0.03383576914345199,0
2050,62,28,0.1547561337954439,0
2050,62,36,0.01957006816077213,0
2050,62,57,0.17931735846980607,0
2050,62,82,0.09782137074919842,0
2050,62,94,0.13540822895267318,0
2050,62,114,0.038184069870961,0
2050,63,94,1.0,0
2050,64,76,1.0,0
2050,65,4,0.09779822198221536,0
2050,65,8,0.11280034392763208,0
2050,65,11,0.46872461237310753,0
2050,65,49,0.04893399636898992,0
2050,65,54,0.016557124029461447,0
2050,65,66,0.1305904977797072,0
2050,65,76,0.114398662535348,0
2050,66,11,1.0,0
2050,67,2,0.06272949185170457,0
2050,67,11,0.4110861796862994,0
2050,67,19,0.013564362352295115,0
2050,67,49,0.09737081727032433,0
2050,67,59,0.0886183443097202,0
2050,67,78,0.0894089634822653,0
2050,67,79,0.08600738985018834,0
2050,67,99,0.09412608673438187,0
2050,67,118,0.05708836446282087,0
2050,68,79,1.0,0
2050,69,59,1.0,0
2050,70,87,1.0,0
2050,71,29,1.0,0
2050,72,2,0.025120139055896103,0
2050,72,9,0.022144576414975786,0
2050,72,14,0.011175459847924379,0
2050,72,27,0.010654195761913243,0
2050,72,29,0.12472209274056167,0
2050,72,59,0.03383000889969345,0
2050,72,60,0.040602790422377896,0
2050,72,74,0.05311299208645649,0
2050,72,93,0.04600389020679202,0
2050,72,99,0.18506930697235024,0
2050,72,103,0.02222938502268861,0
2050,72,105,0.05570072483062381,0
2050,72,106,0.11942973992377273,0
2050,72,107,0.04441619578463066,0
2050,72,113,0.10688726102123461,0
2050,72,116,0.08131252906819175,0
2050,73,9,0.05031846949111961,0
2050,73,25,0.014531524554152592,0
2050,73,26,0.019696901903336086,0
2050,73,31,0.022818909928228045,0
2050,73,34,0.04673885160770376,0
2050,73,49,0.05742072077521425,0
2050,73,59,0.10820941837977373,0
2050,73,71,0.07258570297962351,0
2050,73,72,0.04536014682284378,0
2050,73,74,0.043506855642626144,0
2050,73,79,0.04380006948118073,0
2050,73,91,0.042439413046078026,0
2050,73,98,0.04892674267302115,0
2050,73,99,0.1219537434098447,0
2050,73,100,0.09092296267283884,0
2050,73,106,0.053475751814003575,0
2050,73,107,0.02428203548759399,0
2050,73,113,0.06959798395909812,0
2050,74,7,0.18553897331343083,0
2050,74,11,0.07362188907611027,0
2050,74,24,0.011344761091203824,0
2050,74,34,0.10781734364164738,0
2050,74,41,0.06822203564727554,0
2050,74,48,0.047162660924626815,0
2050,74,53,0.012658053874257533,0
2050,74,70,0.03825140228713408,0
2050,74,78,0.12552247970930996,0
2050,74,86,0.023619055641103053,0
2050,74,93,0.02647867537506629,0
2050,74,98,0.04663190069339369,0
2050,74,99,0.14520300606514291,0
2050,74,114,0.05938959070202969,0
2050,75,5,0.018281275961396157,0
2050,75,7,0.018285573462781347,0
2050,75,8,0.0675083712934674,0
2050,75,11,0.15002544520229022,0
2050,75,18,0.08119033915266435,0
2050,75,25,0.02917845787901384,0
2050,75,36,0.010698096646111661,0
2050,75,70,0.05685692484649192,0
2050,75,78,0.073469278157133,0
2050,75,99,0.4487276152454283,0
2050,75,112,0.023128822856708572,0
2050,75,115,0.02210979492255663,0
2050,76,99,1.0,0
2050,77,14,0.03141891799952263,0
2050,77,20,0.028766840584459136,0
2050,77,22,0.03971455882333647,0
2050,77,37,0.0991352808287086,0
2050,77,48,0.011697201470286949,0
2050,77,61,0.0406426077052559,0
2050,77,62,0.0837921333464473,0
2050,77,77,0.029967852861708503,0
2050,77,79,0.020895195277254794,0
2050,77,80,0.19824979817993152,0
2050,77,92,0.015221712786643884,0
2050,77,96,0.01634620669001639,0
2050,77,99,0.2821883369472857,0
2050,77,119,0.02334385587691376,0
2050,78,1,0.013304238490415978,0
2050,78,14,0.09279043467458602,0
2050,78,20,0.13128394264467058,0
2050,78,22,0.05607316801356202,0
2050,78,31,0.05528876114779254,0
2050,78,34,0.08784869735264635,0
2050,78,48,0.11409834344107594,0
2050,78,60,0.10568805310731995,0
2050,78,62,0.048999575157360566,0
2050,78,80,0.28120905332350565,0
2050,79,14,0.097196215819142,0
2050,79,26,0.034106314596997374,0
2050,79,31,0.24863210639994038,0
2050,79,38,0.17802088475606637,0
2050,79,48,0.08494791768081136,0
2050,79,68,0.018020786698028986,0
2050,79,76,0.06373521930684814,0
2050,79,79,0.04471332065731435,0
2050,79,80,0.05282601298455398,0
2050,79,95,0.08626002932184731,0
2050,79,96,0.033052127363188126,0
2050,79,119,0.0380061737778278,0
2050,80,48,1.0,0
2050,81,60,1.0,0
2050,82,6,0.02479940418023046,0
2050,82,14,0.1311014912894033,0
2050,82,38,0.11407103452416026,0
2050,82,45,0.019265006854575654,0
2050,82,49,0.03638962752936405,0
2050,82,59,0.34856551423291193,0
2050,82,65,0.012412324168051277,0
2050,82,74,0.02169981668750636,0
2050,82,78,0.27042489846124274,0
2050,82,108,0.015261824735362993,0
2050,83,14,1.0,0
2050,84,43,1.0,0
2050,85,74,1.0,0
2050,86,24,1.0,0
2050,87,61,1.0,0
2050,88,107,1.0,0
2050,89,2,0.11777154365929665,0
2050,89,7,0.391027555432481,0
2050,89,24,0.04591399825399047,0
2050,89,28,0.07859665726079629,0
2050,89,29,0.015652568522896003,0
2050,89,49,0.010682683474794459,0
2050,89,66,0.019874265524137284,0
2050,89,107,0.15013112855624902,0
2050,89,114,0.09913265539655952,0
2050,89,116,0.04828700716189265,0
2050,90,2,0.050975931935448346,0
2050,90,7,0.5386422955260503,0
2050,90,24,0.05208115591891373,0
2050,90,29,0.021222269167684233,0
2050,90,51,0.03881791867196362,0
2050,90,61,0.014317558829633242,0
2050,90,69,0.01756008529693766,0
2050,90,94,0.07302168362465739,0
2050,90,107,0.06855274516319804,0
2050,90,114,0.12480835586551334,0
2050,91,7,1.0,0
2050,92,7,0.3413257387915625,0
2050,92,9,0.017162911782456842,0
2050,92,17,0.10272356382927435,0
2050,92,18,0.018752766449731537,0
2050,92,24,0.09853007535354709,0
2050,92,30,0.03955455172008532,0
2050,92,33,0.03199024805381591,0
2050,92,34,0.030536486995415512,0
2050,92,36,0.017773357249795656,0
2050,92,37,0.10496514925160122,0
2050,92,53,0.013008928775063995,0
2050,92,66,0.07760373729082609,0
2050,92,111,0.022609863979668198,0
2050,92,115,0.07466297624294216,0
2050,93,35,1.0,0
2050,94,22,0.05275099754247205,0
2050,94,31,0.09129334378683739,0
2050,94,35,0.052086448779095657,0
2050,94,38,0.17465138770243602,0
2050,94,48,0.30879561420759305,0
2050,94,51,0.030535215830455206,0
2050,94,52,0.0337793347793321,0
2050,94,69,0.015412695388850322,0
2050,94,77,0.03940689441190685,0
2050,94,95,0.03191110070952039,0
2050,94,96,0.1167920091724838,0
2050,95,5,0.14020894850846488,0
2050,95,22,0.10094939760891748,0
2050,95,35,0.013567761370796788,0
2050,95,43,0.011031978148090961,0
2050,95,60,0.053357494170603,0
2050,95,64,0.09478733640627596,0
2050,95,66,0.1469850370683854,0
2050,95,76,0.05111296431582545,0
2050,95,92,0.10854919110359967,0
2050,95,95,0.11652423385621818,0
2050,95,111,0.055711933441028066,0
2050,95,117,0.10721372400179413,0
2050,96,22,0.25248305445405894,0
2050,96,35,0.14482215319659075,0
2050,96,38,0.16626800921400026,0
2050,96,64,0.0629395970129313,0
2050,96,66,0.26757290793663957,0
2050,96,92,0.0769154548208408,0
2050,96,97,0.027265382936028853,0
2050,97,66,1.0,0
2050,98,105,1.0,0
2050,99,38,1.0,0
2050,100,14,0.05332308749874559,0
2050,100,20,0.02647898504947323,0
2050,100,34,0.12386924460348307,0
2050,100,38,0.40788896776664174,0
2050,100,47,0.02804129205048782,0
2050,100,87,0.10599733998215334,0
2050,100,96,0.020130665914770366,0
2050,100,102,0.07466458346751696,0
2050,100,103,0.08466013942121803,0
2050,100,111,0.06830831389263811,0
2050,101,34,1.0,0
2050,102,106,1.0,0
2050,103,25,1.0,0
2050,104,7,0.04600602878370299,0
2050,104,25,0.197004177100595,0
2050,104,34,0.02538428140799616,0
2050,104,37,0.08097304932139977,0
2050,104,39,0.02000276974858188,0
2050,104,41,0.06469138608517114,0
2050,104,49,0.08385632953247779,0
2050,104,57,0.20269297632773436,0
2050,104,59,0.04166476804753332,0
2050,104,100,0.015851024628918388,0
2050,104,106,0.2067567656943655,0
2050,105,5,0.15287312144666987,0
2050,105,7,0.08417652128732261,0
2050,105,25,0.08199949962998589,0
2050,105,37,0.14397471082907234,0
2050,105,41,0.07203687142942021,0
2050,105,53,0.048281345185696996,0
2050,105,57,0.03662124348628666,0
2050,105,98,0.11492380462270058,0
2050,105,99,0.02043582538377129,0
2050,105,106,0.21820302997199528,0
2050,106,5,0.26870185311946804,0
2050,106,25,0.042881870877510525,0
2050,106,28,0.01912591807049965,0
2050,106,36,0.037994913639574676,0
2050,106,48,0.022640168407921286,0
2050,106,66,0.1309896588255856,0
2050,106,96,0.15265133967823694,0
2050,106,99,0.1389339563417547,0
2050,106,106,0.09029177022422606,0
2050,106,111,0.08984316247399832,0
2050,107,5,0.07733195271221699,0
2050,107,11,0.1373110980739397,0
2050,107,22,0.012935308611154508,0
2050,107,28,0.019928492010461145,0
2050,107,38,0.030763883235656812,0
2050,107,43,0.026817833254667592,0
2050,107,44,0.012858139301840123,0
2050,107,48,0.07642522894619083,0
2050,107,60,0.0414145702678178,0
2050,107,64,0.028230401887855694,0
2050,107,96,0.15410669341763147,0
2050,107,99,0.07060783597786507,0
2050,107,111,0.266488270423957,0
2050,107,117,0.026322893233351803,0
2050,108,111,1.0,0
2050,109,5,0.1372127355698449,0
2050,109,21,0.011026946638706165,0
2050,109,34,0.014479941313781075,0
2050,109,38,0.201166545025908,0
2050,109,59,0.1621145341267367,0
2050,109,60,0.07428187930284956,0
2050,109,96,0.06390533683252708,0
2050,109,105,0.0682144117461082,0
2050,109,107,0.02497770212072043,0
2050,109,108,0.043073927502550714,0
2050,109,110,0.026058902896093993,0
2050,109,111,0.1376854291351151,0
2050,109,119,0.026973533283375747,0
2050,110,5,0.14252119662137394,0
2050,110,25,0.04382822655356343,0
2050,110,36,0.08196245041963893,0
2050,110,37,0.27304362031728524,0
2050,110,38,0.1389922230072505,0
2050,110,96,0.06385216351327164,0
2050,110,105,0.024076512718680183,0
2050,110,111,0.19278276991269128,0
2050,110,113,0.025322332593317776,0
2050,111,37,1.0,0
2050,112,5,0.06350436948467214,0
2050,112,34,0.14081897183776632,0
2050,112,37,0.20557621113371266,0
2050,112,38,0.15556570365817737,0
2050,112,57,0.03299027284826087,0
2050,112,59,0.054702085692916826,0
2050,112,64,0.06619299058175969,0
2050,112,84,0.12733234938826413,0
2050,112,105,0.1008308170936091,0
2050,113,5,1.0,0
2050,114,96,1.0,0
2050,115,15,0.020595276734498402,0
2050,115,32,0.12865732380992226,0
2050,115,34,0.23312984864501626,0
2050,115,37,0.029284174761596848,0
2050,115,42,0.11045231274680783,0
2050,115,43,0.02864976190298624,0
2050,115,64,0.10169494701165059,0
2050,115,71,0.0721723243447853,0
2050,115,80,0.04391775209512334,0
2050,115,90,0.021237113778844522,0
2050,115,96,0.10412206918605914,0
2050,115,119,0.07440753400540218,0
2050,115,120,0.025966102869932017,0
2050,116,5,0.11031762198792716,0
2050,116,14,0.10550254650274261,0
2050,116,31,0.05530394905335978,0
2050,116,32,0.03461327907556828,0
2050,116,47,0.033333442969775556,0
2050,116,62,0.031017079605377175,0
2050,116,64,0.15076683649072156,0
2050,116,92,0.054599359096847724,0
2050,116,95,0.042503287082900784,0
2050,116,96,0.1656625934305882,0
2050,116,104,0.03844304443040655,0
2050,116,109,0.06356193784876142,0
2050,116,110,0.04421279217809805,0
2050,116,119,0.05961831061647108,0
2050,117,64,1.0,0
2050,118,4,0.05993054968337191,0
2050,118,7,0.10041313479520524,0
2050,118,15,0.11595639635140191,0
2050,118,30,0.0319484147482025,0
2050,118,34,0.030398855297807458,0
2050,118,35,0.04712768133662422,0
2050,118,37,0.06018979654660775,0
2050,118,57,0.17455191183831326,0
2050,118,64,0.18310014973605196,0
2050,118,89,0.015444681075598847,0
2050,118,96,0.059261162730254995,0
2050,118,111,0.026195380541984743,0
2050,118,119,0.034743939394862,0
2050,119,57,1.0,0
2050,120,9,0.09559879825522806,0
2050,120,15,0.036478712195889565,0
2050,120,32,0.16079919659150338,0
2050,120,34,0.07443991807649111,0
2050,120,38,0.01598165091990734,0
2050,120,39,0.07066376153981464,0
2050,120,44,0.07388974625403583,0
2050,120,47,0.13295797670791168,0
2050,120,51,0.08162380126127493,0
2050,120,73,0.1506649604342882,0
2050,120,96,0.05984457792846001,0
2050,120,110,0.02888059201649395,0
2050,121,51,1.0,0
2050,122,28,0.03316735042991146,0
2050,122,32,0.09648530019543278,0
2050,122,35,0.03324892376274164,0
2050,122,47,0.19825382402406455,0
2050,122,51,0.22138294673154332,0
2050,122,63,0.07647666268651768,0
2050,122,88,0.10343660128244295,0
2050,122,96,0.1412588198666786,0
2050,122,104,0.07171017764623772,0
2050,123,15,1.0,0
2050,124,32,1.0,0
2050,125,7,0.032639465725138796,0
2050,125,15,0.1088132469169058,0
2050,125,17,0.05221212579758452,0
2050,125,40,0.017728042952382873,0
2050,125,44,0.18767696896168626,0
2050,125,55,0.14509115750941415,0
2050,125,63,0.01090707274434135,0
2050,125,73,0.11792447384984722,0
2050,125,84,0.27212460506942876,0
2050,125,85,0.05488284047327013,0
2050,126,55,1.0,0
2050,127,73,1.0,0
2050,128,47,1.0,0
2050,129,44,1.0,0
2050,130,63,1.0,0
2050,131,3,1.0,0
2050,132,39,1.0,0
2050,133,10,1.0,0
2050,134,104,1.0,0
2050,135,21,1.0,0
2050,136,3,0.13023490206523267,0
2050,136,15,0.2143892596309785,0
2050,136,21,0.08339685967284707,0
2050,136,34,0.01403387866611084,0
2050,136,40,0.02120644117290911,0
2050,136,43,0.021444145335013133,0
2050,136,44,0.05056598684230638,0
2050,136,45,0.1054001920553368,0
2050,136,86,0.014819480677094703,0
2050,136,88,0.1923983684711814,0
2050,136,100,0.017899803787502187,0
2050,136,115,0.03896143919872482,0
2050,136,118,0.014874769157111799,0
2050,136,120,0.06975414130201796,0
2050,137,10,0.04346877332429237,0
2050,137,25,0.08165533619778423,0
2050,137,32,0.10939872445393747,0
2050,137,45,0.03703000925095179,0
2050,137,57,0.024769669904004036,0
2050,137,63,0.13497429723394241,0
2050,137,67,0.11664245009588609,0
2050,137,70,0.07135368267952528,0
2050,137,73,0.03683404120784871,0
2050,137,88,0.15580960864394416,0
2050,137,115,0.16331288222379822,0
2050,138,88,1.0,0
2050,139,7,0.09736071269161865,0
2050,139,9,0.05557037169626836,0
2050,139,21,0.11590695458301087,0
2050,139,32,0.2615109131474869,0
2050,139,40,0.026904536925800415,0
2050,139,73,0.01715768316462366,0
2050,139,84,0.16762804199861558,0
2050,139,88,0.1872615684624074,0
2050,139,94,0.013448307741038674,0
2050,139,110,0.05166395299745335,0
2050,140,15,0.032854516127404414,0
2050,140,21,0.22054346803403677,0
2050,140,42,0.07940827306743223,0
2050,140,44,0.03457110842155184,0
2050,140,51,0.029520938213147146,0
2050,140,63,0.07622452548954592,0
2050,140,64,0.02026464671956195,0
2050,140,67,0.021969405889890506,0
2050,140,88,0.07533250238978301,0
2050,140,95,0.07817394539870721,0
2050,140,104,0.12942453797391504,0
2050,140,110,0.0980559471454046,0
2050,140,119,0.023176242104019234,0
2050,141,13,0.02083008795951624,0
2050,141,14,0.030277606967898118,0
2050,141,15,0.032598505967531076,0
2050,141,21,0.17024113789050463,0
2050,141,33,0.021461678380594585,0
2050,141,42,0.31893058307737304,0
2050,141,51,0.0957031468351148,0
2050,141,64,0.04062294982870384,0
2050,141,77,0.093328919813169,0
2050,141,86,0.01547749579410359,0
2050,141,88,0.07256459284180951,0
2050,141,89,0.05081029867377135,0
2050,141,95,0.011324722880041244,0
2050,142,42,1.0,0
2050,143,10,0.13903942270716277,0
2050,143,14,0.11095201759942751,0
2050,143,19,0.025337290264751986,0
2050,143,21,0.038516667375604066,0
2050,143,31,0.018183095495815902,0
2050,143,42,0.22813118604512386,0
2050,143,47,0.030941094910429078,0
2050,143,62,0.03191722023845257,0
2050,143,66,0.03987211858527852,0
2050,143,69,0.16578527569216508,0
2050,143,104,0.08296742511153513,0
2050,143,115,0.07959742108628316,0
2050,144,14,0.05598294273822245,0
2050,144,15,0.027708866770669333,0
2050,144,20,0.03603926887548329,0
2050,144,25,0.011973412229003454,0
2050,144,31,0.06865112508380554,0
2050,144,42,0.30989509190284104,0
2050,144,46,0.03643677856277909,0
2050,144,47,0.11010832813706181,0
2050,144,63,0.04773710889769209,0
2050,144,64,0.01210927266249548,0
2050,144,67,0.027736014341124604,0
2050,144,84,0.02569198700651632,0
2050,144,88,0.02941985474496679,0
2050,144,92,0.03889296503365012,0
2050,144,110,0.02721785456652378,0
2050,144,119,0.11965999414291031,0
2050,145,14,0.046381364291850274,0
2050,145,20,0.021791078408678676,0
2050,145,31,0.01669103281802482,0
2050,145,42,0.16470757788603402,0
2050,145,47,0.21770056413339112,0
2050,145,64,0.08105576418871765,0
2050,145,69,0.03733847161845507,0
2050,145,77,0.13346109516635837,0
2050,145,88,0.10461171168419289,0
2050,145,92,0.08490132097898583,0
2050,145,104,0.0,0
2050,145,119,0.037902261994421045,0
2050,146,9,0.09951334889131391,0
2050,146,15,0.017363719659312576,0
2050,146,25,0.06613718390173877,0
2050,146,42,0.18754786638392693,0
2050,146,63,0.1445001879043097,0
2050,146,64,0.14994037226978396,0
2050,146,73,0.055094878837332696,0
2050,146,77,0.07975228842530022,0
2050,146,84,0.024785440817263898,0
2050,146,110,0.072767171892901,0
2050,147,7,0.04028304682655219,0
2050,147,25,0.035346661464327335,0
2050,147,28,0.01019448030630306,0
2050,147,35,0.01447713240631612,0
2050,147,37,0.09255418571749974,0
2050,147,42,0.13349728500250616,0
2050,147,45,0.10359920989187615,0
2050,147,63,0.31679431719764006,0
2050,147,64,0.11925601240955913,0
2050,147,83,0.013916300744614897,0
2050,147,105,0.046157192263157155,0
2050,148,3,0.21888292508630885,0
2050,148,21,0.021124702109854454,0
2050,148,35,0.02226671745818662,0
2050,148,41,0.05669197308927244,0
2050,148,64,0.05925738697545786,0
2050,148,67,0.13008785278583856,0
2050,148,68,0.04778294641569335,0
2050,148,73,0.09856757235394063,0
2050,148,84,0.17931607496748658,0
2050,148,89,0.08849814316751385,0
2050,148,119,0.06392026863754424,0
2050,149,15,0.04586561372116797,0
2050,149,20,0.1865931767250962,0
2050,149,44,0.04406016502890639,0
2050,149,47,0.1385035949271101,0
2050,149,67,0.06446433072110798,0
2050,149,68,0.024624121150526875,0
2050,149,69,0.02842018007081247,0
2050,149,77,0.06899166484032383,0
2050,149,84,0.14786527012001321,0
2050,149,88,0.1747735880428454,0
2050,149,93,0.024802518358558526,0
2050,149,104,0.04150416887161651,0
2050,150,9,0.14743808961159974,0
2050,150,10,0.11749237068419353,0
2050,150,13,0.060631876790658026,0
2050,150,32,0.09867810496707123,0
2050,150,47,0.08940387134105128,0
2050,150,67,0.1603668526271614,0
2050,150,84,0.09164365809575026,0
2050,150,115,0.14244655544161705,0
2050,150,118,0.09178972051906166,0
2050,151,32,0.021483257938197407,0
2050,151,39,0.04644266858228755,0
2050,151,55,0.16479974680415221,0
2050,151,67,0.07847185328887751,0
2050,151,83,0.06753383041395031,0
2050,151,84,0.2794533418119979,0
2050,151,88,0.154525680969788,0
2050,151,93,0.05408134543063944,0
2050,151,102,0.11800130497711864,0
2050,151,118,0.013977315753497692,0
2050,152,3,0.06718830494181495,0
2050,152,6,0.06766663905893931,0
2050,152,10,0.018405497021714033,0
2050,152,32,0.02718314888577371,0
2050,152,47,0.04429329433193177,0
2050,152,55,0.1634063717591761,0
2050,152,63,0.03530651826173754,0
2050,152,67,0.13278486940811718,0
2050,152,79,0.024827004211237805,0
2050,152,83,0.09852176228001604,0
2050,152,102,0.21103028676112928,0
2050,152,118,0.10530707363483309,0
2050,153,84,1.0,0
2050,154,118,1.0,0
2050,155,5,0.167889354317798,0
2050,155,10,0.09229566494747293,0
2050,155,19,0.02474878719923479,0
2050,155,20,0.12930142122007807,0
2050,155,47,0.2528819378086933,0
2050,155,96,0.019347078575448512,0
2050,155,102,0.19928568819990028,0
2050,155,118,0.09544704542682014,0
2050,156,3,0.12448173068819898,0
2050,156,15,0.13865144312314365,0
2050,156,20,0.06533064213322334,0
2050,156,67,0.27569479649554635,0
2050,156,89,0.0965960574380933,0
2050,156,104,0.156405409876843,0
2050,156,119,0.13261406495551695,0
2050,157,67,1.0,0
2050,158,5,0.06945936887482615,0
2050,158,10,0.17136315771747823,0
2050,158,20,0.026733111640922687,0
2050,158,38,0.027351472345420215,0
2050,158,47,0.07470496822802133,0
2050,158,67,0.28556945964350333,0
2050,158,75,0.07974432250792307,0
2050,158,83,0.01000846741264158,0
2050,158,118,0.19315126997351714,0
2050,158,119,0.056305385382109045,0
2050,159,39,0.0380472837858981,0
2050,159,47,0.11132536693734334,0
2050,159,53,0.037218628593998576,0
2050,159,55,0.04876401783370922,0
2050,159,67,0.053280646303021345,0
2050,159,88,0.015741156315616643,0
2050,159,96,0.04920132111880378,0
2050,159,102,0.049919116507396985,0
2050,159,108,0.0597264119210717,0
2050,159,110,0.44512216639972385,0
2050,159,115,0.014880639341082885,0
2050,159,118,0.034217791324279254,0
2050,159,119,0.036445739978399325,0
2050,160,110,1.0,0
2050,161,12,0.07933634069973548,0
2050,161,20,0.08213860104519301,0
2050,161,38,0.012703762749823901,0
2050,161,47,0.07197681714116859,0
2050,161,62,0.04071201697522152,0
2050,161,73,0.09289297798942454,0
2050,161,83,0.045635156935034456,0
2050,161,84,0.1911901226265528,0
2050,161,110,0.3268778832135032,0
2050,161,118,0.031023536453513908,0
2050,162,20,0.20765108288526823,0
2050,162,38,0.013093270130440912,0
2050,162,47,0.030540356829763998,0
2050,162,69,0.02552637386696357,0
2050,162,93,0.1030329125510902,0
2050,162,96,0.1331796903332369,0
2050,162,102,0.016863787712622695,0
2050,162,110,0.23709352458092794,0
2050,162,118,0.07480306808980958,0
2050,162,119,0.15091429266435255,0
2050,163,14,0.015868481528049302,0
2050,163,20,0.21692189810060974,0
2050,163,24,0.06305291599299344,0
2050,163,46,0.07810649364091794,0
2050,163,47,0.11376373066348654,0
2050,163,92,0.22381855001183257,0
2050,163,110,0.1967445911698084,0
2050,163,115,0.01494093335739742,0
2050,163,119,0.07678240553490462,0
2050,164,20,0.06904980606235757,0
2050,164,33,0.23555623913046422,0
2050,164,34,0.019510179437592975,0
2050,164,42,0.06259114849553866,0
2050,164,44,0.07094274311789273,0
2050,164,46,0.09452766410159302,0
2050,164,62,0.0832935692796423,0
2050,164,64,0.03838929160878411,0
2050,164,77,0.06552624163936102,0
2050,164,88,0.022389433764365262,0
2050,164,92,0.13246882508385846,0
2050,164,110,0.07026083056013618,0
2050,164,119,0.028897942107606097,0
2050,165,1,0.030672908154514775,0
2050,165,5,0.16170003972731692,0
2050,165,9,0.027086761978867606,0
2050,165,10,0.07321169574226633,0
2050,165,33,0.09662574984007367,0
2050,165,45,0.07892062572558138,0
2050,165,47,0.09345611447975878,0
2050,165,52,0.08393249041151105,0
2050,165,67,0.06194712561330599,0
2050,165,70,0.08370380315021925,0
2050,165,96,0.08013420740012009,0
2050,165,103,0.033215178746212166,0
2050,165,115,0.010786133747376856,0
2050,165,118,0.0136289864396506,0
2050,165,119,0.023017224713908886,0
2050,166,5,0.11318418369759868,0
2050,166,10,0.07417982173248615,0
2050,166,20,0.068450627929385,0
2050,166,42,0.03535628051791165,0
2050,166,62,0.06919147160453844,0
2050,166,77,0.05211437212310905,0
2050,166,88,0.06509980250032031,0
2050,166,92,0.13618485733899804,0
2050,166,104,0.02120297020461649,0
2050,166,110,0.1019585211484537,0
2050,166,115,0.2100670180449231,0
2050,166,118,0.04942779237644097,0
2050,167,10,0.03284255458340607,0
2050,167,14,0.11314700217972792,0
2050,167,20,0.1861307441537915,0
2050,167,21,0.04294360064847063,0
2050,167,42,0.1337032379914276,0
2050,167,45,0.08706442259126927,0
2050,167,64,0.02028893964190932,0
2050,167,104,0.04370759455573823,0
2050,167,105,0.01460522960819459,0
2050,167,110,0.2134328333200598,0
2050,167,115,0.010696942972200873,0
2050,168,3,0.07923184628080379,0
2050,168,7,0.042053714777678095,0
2050,168,15,0.02750251888368791,0
2050,168,42,0.3461751811525948,0
2050,168,45,0.013025548868790112,0
2050,168,56,0.03024457156196943,0
2050,168,57,0.0329099215767146,0
2050,168,61,0.03633376591896481,0
2050,168,84,0.1300981175800977,0
2050,168,89,0.13682469122414637,0
2050,168,102,0.016400596677412876,0
2050,168,115,0.02554049977060336,0
2050,169,16,0.05579830577866472,0
2050,169,26,0.04622698113558805,0
2050,169,33,0.10446347243812688,0
2050,169,39,0.043077504133397775,0
2050,169,44,0.026462607149595994,0
2050,169,46,0.012579358410597347,0
2050,169,47,0.015706069892029665,0
2050,169,53,0.08844056867694569,0
2050,169,64,0.08713570042668897,0
2050,169,67,0.13685030070316528,0
2050,169,68,0.0399633791383894,0
2050,169,88,0.041299033117175275,0
2050,169,98,0.011656945055915,0
2050,169,112,0.027000615504350255,0
2050,169,115,0.15288943684378692,0
2050,169,118,0.06527909484019331,0
2050,169,119,0.016368023560191847,0
2050,170,10,0.016771751182781153,0
2050,170,31,0.05542089574192491,0
2050,170,44,0.13096834267763308,0
2050,170,52,0.07477906995967086,0
2050,170,53,0.04994861608650666,0
2050,170,63,0.06388911476414072,0
2050,170,77,0.1780859550606754,0
2050,170,88,0.04797267213358146,0
2050,170,115,0.17036877547324697,0
2050,170,119,0.17649427063822404,0
2050,171,1,0.04220706139864393,0
2050,171,20,0.05352599488564657,0
2050,171,21,0.06619931570939497,0
2050,171,35,0.01882906954158357,0
2050,171,45,0.05791603303364699,0
2050,171,47,0.05792953725271259,0
2050,171,63,0.10431528406691984,0
2050,171,64,0.09299116763000798,0
2050,171,77,0.27829550191187336,0
2050,171,110,0.01626763663590929,0
2050,171,119,0.17064157444194208,0
2050,172,1,0.0735330848096397,0
2050,172,3,0.08696783364756766,0
2050,172,20,0.09175540398079658,0
2050,172,46,0.026160421693521067,0
2050,172,63,0.052296433720729125,0
2050,172,64,0.1410665733341612,0
2050,172,77,0.24195007567709023,0
2050,172,88,0.06751990651727409,0
2050,172,89,0.07769767311649232,0
2050,172,110,0.04657273897973759,0
2050,172,119,0.06763417460014633,0
2050,173,1,0.05359687360225647,0
2050,173,33,0.017451357447322468,0
2050,173,47,0.0739808271405442,0
2050,173,52,0.018454631008382367,0
2050,173,64,0.07623244717862845,0
2050,173,77,0.3127603474542583,0
2050,173,89,0.07656512952361745,0
2050,173,92,0.013736012301911679,0
2050,173,110,0.310286094174831,0
2050,173,119,0.04693628016824752,0
2050,174,33,1.0,0
2050,175,10,0.17466590738269752,0
2050,175,33,0.15009012004864175,0
2050,175,45,0.16509895867782137,0
2050,175,57,0.04334102507821911,0
2050,175,70,0.04752776257116455,0
2050,175,83,0.08146974949437916,0
2050,175,99,0.01952719997683685,0
2050,175,115,0.11235089214339457,0
2050,175,118,0.11012787935363456,0
2050,176,5,0.045634743091435066,0
2050,176,8,0.0233382675623855,0
2050,176,10,0.08162477212277447,0
2050,176,20,0.3622778289088892,0
2050,176,31,0.04121332476966793,0
2050,176,38,0.12700866133352295,0
2050,176,45,0.08842938624952193,0
2050,176,47,0.0481513379586301,0
2050,176,115,0.11466432804856716,0
2050,176,119,0.038656075385040956,0
2050,177,1,0.024545678049430232,0
2050,177,8,0.026847669010647165,0
2050,177,14,0.03255968527143059,0
2050,177,20,0.21500032869736943,0
2050,177,21,0.034769105687847794,0
2050,177,45,0.043801227532481515,0
2050,177,46,0.0986800587692929,0
2050,177,47,0.04752378282654773,0
2050,177,63,0.06921590115070354,0
2050,177,77,0.08756394278712656,0
2050,177,89,0.10901670394373336,0
2050,177,96,0.044669818745554285,0
2050,177,102,0.02113268678182219,0
2050,177,103,0.011102934118374201,0
2050,177,119,0.1201261226313928,0
2050,178,1,0.010092995178314107,0
2050,178,3,0.020584861528072387,0
2050,178,20,0.1008482723476727,0
2050,178,21,0.11299805248736554,0
2050,178,31,0.05892056717323338,0
2050,178,33,0.029225772907252933,0
2050,178,44,0.021978066509166783,0
2050,178,46,0.16493715258590405,0
2050,178,64,0.023000251597229588,0
2050,178,77,0.19478972268598374,0
2050,178,88,0.03147273354798796,0
2050,178,89,0.11100282865082078,0
2050,178,119,0.12014872280099616,0
2050,179,1,0.01301087169514386,0
2050,179,4,0.04742736789953386,0
2050,179,20,0.13968096549859527,0
2050,179,42,0.042308481774006416,0
2050,179,46,0.1640905282939016,0
2050,179,63,0.17066492410917813,0
2050,179,76,0.023400689801195314,0
2050,179,77,0.25691633420513343,0
2050,179,89,0.017990272549398365,0
2050,179,92,0.013439292648394796,0
2050,179,119,0.10075463617290091,0
2050,180,1,0.03136875957330357,0
2050,180,3,0.03535387826429135,0
2050,180,20,0.34951932297402283,0
2050,180,21,0.09166719714775902,0
2050,180,31,0.05223259395612258,0
2050,180,45,0.08900570128794817,0
2050,180,46,0.059747772139835065,0
2050,180,63,0.07087332896223937,0
2050,180,77,0.028449885269086844,0
2050,180,92,0.05254924441299335,0
2050,180,119,0.09516231224215467,0
2050,181,20,0.3729955143889719,0
2050,181,45,0.030786256266356768,0
2050,181,46,0.08941749895880186,0
2050,181,47,0.03217051106212937,0
2050,181,63,0.10080110671327676,0
2050,181,64,0.02024347425104057,0
2050,181,77,0.04554379260556747,0
2050,181,88,0.04306909858429225,0
2050,181,89,0.019291164766939223,0
2050,181,119,0.11129823019294557,0
2050,182,33,0.1560877133251709,0
2050,182,44,0.09279699741977455,0
2050,182,46,0.27538800100253025,0
2050,182,110,0.17070227600122007,0
2050,182,119,0.20199013304149063,0
2050,183,3,0.05136064665585143,0
2050,183,10,0.07353169393963067,0
2050,183,20,0.09183904404678847,0
2050,183,44,0.011724971820921616,0
2050,183,46,0.05774024759576433,0
2050,183,52,0.03583151545603321,0
2050,183,53,0.032674696108197385,0
2050,183,77,0.09785497088443632,0
2050,183,80,0.010279783711132539,0
2050,183,84,0.05411333295501401,0
2050,183,115,0.0993754067105212,0
2050,183,119,0.3755145800452731,0
2050,184,20,1.0,0
2050,185,15,0.030792836446790026,0
2050,185,20,0.2870056529282326,0
2050,185,24,0.04627561161020153,0
2050,185,44,0.04648512394460897,0
2050,185,46,0.33146167862855785,0
2050,185,102,0.023043141670339343,0
2050,185,119,0.21293576974060965,0
2050,186,1,0.013087664046590168,0
2050,186,20,0.16838426998456477,0
2050,186,46,0.020738461457766533,0
2050,186,47,0.12442761048490394,0
2050,186,62,0.058414474489654526,0
2050,186,77,0.3510910712775563,0
2050,186,92,0.012450170892688645,0
2050,186,102,0.018551081560467093,0
2050,186,119,0.20927485529101605,0
2050,187,10,0.03559292776491774,0
2050,187,13,0.02265393937937152,0
2050,187,20,0.11555164765081982,0
2050,187,25,0.05031547744124952,0
2050,187,45,0.11566253714532125,0
2050,187,46,0.10207725845714287,0
2050,187,59,0.010511323985909118,0
2050,187,67,0.17010551723069,0
2050,187,84,0.10781277167387891,0
2050,187,103,0.04210954341950676,0
2050,187,115,0.1917980424568549,0
2050,187,118,0.0101186909651928,0
2050,188,102,1.0,0
2050,189,7,0.1969798675237415,0
2050,189,9,0.25687161043989565,0
2050,189,17,0.02512026780799429,0
2050,189,27,0.024338864019630743,0
2050,189,33,0.019410944363003432,0
2050,189,52,0.033700072184800395,0
2050,189,84,0.258581576584089,0
2050,189,85,0.016904351932054924,0
2050,189,102,0.06278965177321053,0
2050,189,115,0.08136787777202865,0
2050,189,118,0.017864517171543963,0
2050,190,115,1.0,0
2050,191,25,0.02654176748998389,0
2050,191,35,0.12150102990370926,0
2050,191,45,0.3497289197727093,0
2050,191,67,0.0903937977468039,0
2050,191,70,0.07152075419636109,0
2050,191,83,0.10807136510029045,0
2050,191,88,0.011599999171049948,0
2050,191,102,0.03321409802363236,0
2050,191,115,0.17822399399830202,0
2050,192,14,0.025295421346620033,0
2050,192,20,0.24875706407319062,0
2050,192,21,0.041654779539330763,0
2050,192,45,0.06240676664959199,0
2050,192,46,0.25704727667439814,0
2050,192,77,0.09443361993542009,0
2050,192,102,0.17553390340308267,0
2050,192,103,0.08158182362522538,0
2050,193,46,0.16516597297680158,0
2050,193,71,0.013102808618388674,0
2050,193,77,0.49600984936460535,0
2050,193,88,0.030117823645766748,0
2050,193,102,0.1944090500729597,0
2050,193,119,0.07482188671249157,0
2050,194,77,1.0,0
2050,195,9,0.052475674905356304,0
2050,195,33,0.03758279789702822,0
2050,195,73,0.044844210970843255,0
2050,195,77,0.6251050943790182,0
2050,195,92,0.033352396745482855,0
2050,195,110,0.020789039372801247,0
2050,195,118,0.030611148039252096,0
2050,195,119,0.017111739057969307,0
2050,196,5,0.07833668646879911,0
2050,196,9,0.06356514196581027,0
2050,196,10,0.02411844582011905,0
2050,196,45,0.0607300987634231,0
2050,196,73,0.04139904841229424,0
2050,196,77,0.42454182382222383,0
2050,196,118,0.04440006545488447,0
2050,196,119,0.1199224213140842,0
2050,197,20,0.15100947443357696,0
2050,197,31,0.027762298224759226,0
2050,197,45,0.14952400206213864,0
2050,197,46,0.2172185070739166,0
2050,197,47,0.08489841950700557,0
2050,197,77,0.12934572998963878,0
2050,197,96,0.0748320462682044,0
2050,197,103,0.04106750313455594,0
2050,197,119,0.09474397996735436,0
2050,198,46,1.0,0
2050,199,20,0.037265556178106445,0
2050,199,42,0.03915364457952498,0
2050,199,45,0.09450333728870212,0
2050,199,46,0.3162292603046459,0
2050,199,59,0.10338736314455181,0
2050,199,67,0.09716595344146411,0
2050,199,70,0.03278607659746404,0
2050,199,84,0.07607639076288748,0
2050,199,115,0.06082749304544027,0
2050,199,118,0.042943537230930834,0
2050,199,119,0.0755617673324531,0
2050,200,5,0.03039622947302755,0
2050,200,9,0.022933799871322852,0
2050,200,20,0.04042314941710553,0
2050,200,33,0.02285042210335387,0
2050,200,46,0.15534989190828827,0
2050,200,47,0.016491061751232286,0
2050,200,53,0.038162105381653946,0
2050,200,69,0.0931641219241781,0
2050,200,77,0.028955109968185684,0
2050,200,92,0.1873754452294415,0
2050,200,102,0.23042445252530727,0
2050,200,110,0.015621816449467118,0
2050,200,119,0.11785239399743587,0
2050,201,20,0.0880817032531677,0
2050,201,29,0.027040753210064453,0
2050,201,45,0.060643116416203395,0
2050,201,46,0.15638077980255427,0
2050,201,52,0.011999690542943918,0
2050,201,57,0.013375926345333427,0
2050,201,63,0.04841492737170149,0
2050,201,77,0.29606316509939845,0
2050,201,83,0.1541418211137841,0
2050,201,96,0.07484167068799957,0
2050,201,103,0.02079965448381815,0
2050,202,9,0.05249470667562536,0
2050,202,41,0.02176393230790217,0
2050,202,45,0.031417007554208946,0
2050,202,46,0.22258749788621063,0
2050,202,57,0.0340096102496573,0
2050,202,84,0.25046120410302786,0
2050,202,118,0.06309129298274513,0
2050,202,119,0.2547128989421312,0
2050,203,10,0.014614733354831202,0
2050,203,14,0.10684828325199207,0
2050,203,38,0.021461006336615764,0
2050,203,45,0.07857395603857897,0
2050,203,46,0.22380202679910835,0
2050,203,47,0.04145615246370859,0
2050,203,102,0.3044757328517399,0
2050,203,118,0.06902765969587309,0
2050,203,119,0.020450274461303503,0
2050,204,5,0.03663330461033065,0
2050,204,9,0.18067666371599922,0
2050,204,38,0.022366986136923405,0
2050,204,42,0.03181205639148599,0
2050,204,45,0.17356595758477114,0
2050,204,47,0.05200516943382412,0
2050,204,52,0.01126554198090009,0
2050,204,77,0.017531182044339105,0
2050,204,83,0.07181712167995162,0
2050,204,92,0.05579911714102102,0
2050,204,103,0.08518322996481151,0
2050,204,118,0.024389081666758808,0
2050,204,119,0.19274522650880657,0
2050,205,14,0.11342019335862727,0
2050,205,20,0.07710264355363507,0
2050,205,45,0.018648976126639398,0
2050,205,47,0.09101769205604804,0
2050,205,69,0.06154511333659349,0
2050,205,77,0.046768943383951773,0
2050,205,83,0.11178727333928386,0
2050,205,92,0.17248282905332052,0
2050,205,96,0.04177781308086448,0
2050,205,102,0.11107921546280343,0
2050,205,119,0.13087379590382137,0
2050,206,9,1.0,0
2050,207,83,1.0,0
2050,208,69,1.0,0
2050,209,7,0.07235711432586117,0
2050,209,9,0.20048200892722243,0
2050,209,15,0.045731281697429765,0
2050,209,33,0.06549737044553129,0
2050,209,69,0.44237777878447965,0
2050,209,77,0.011049812877557474,0
2050,209,89,0.0930005991196725,0
2050,210,9,0.2134604896940761,0
2050,210,32,0.0184598164115775,0
2050,210,33,0.06831251717296676,0
2050,210,45,0.05054294210087122,0
2050,210,46,0.10598008893009277,0
2050,210,53,0.031058592765584814,0
2050,210,55,0.01712859679052846,0
2050,210,57,0.12935873413194443,0
2050,210,69,0.14985021209328253,0
2050,210,83,0.018698048465284004,0
2050,210,84,0.03140999671459735,0
2050,210,98,0.11507019080519028,0
2050,211,26,0.02482381274837949,0
2050,211,33,0.18571357427126736,0
2050,211,36,0.034397317591766674,0
2050,211,45,0.25953771157708094,0
2050,211,80,0.010038213434891441,0
2050,211,115,0.3217894995222702,0
2050,211,119,0.1611060348039226,0
2050,212,45,1.0,0
2050,213,14,0.08310601524152206,0
2050,213,20,0.03607215904346642,0
2050,213,35,0.013934161478257717,0
2050,213,38,0.029171218900812014,0
2050,213,45,0.17941159238610505,0
2050,213,46,0.03399971200946755,0
2050,213,53,0.03227143607425291,0
2050,213,65,0.023438749262406435,0
2050,213,67,0.05527213213435343,0
2050,213,77,0.07193561262468195,0
2050,213,96,0.0306859114934947,0
2050,213,117,0.03504199444887645,0
2050,213,119,0.3454429833312651,0
2050,214,1,0.015238994609763712,0
2050,214,14,0.03019094607219025,0
2050,214,20,0.4248773873365698,0
2050,214,31,0.021555195865753336,0
2050,214,45,0.13521349514707776,0
2050,214,46,0.04843682073628961,0
2050,214,65,0.030452438274883604,0
2050,214,119,0.21206079347723392,0
2050,215,34,0.08681506083409617,0
2050,215,40,0.014164615986189425,0
2050,215,45,0.06328384460810708,0
2050,215,46,0.38280400967500494,0
2050,215,89,0.03855604970311389,0
2050,215,119,0.345354544444698,0
2050,215,120,0.06166244903743815,0
2050,216,9,0.011281803213662015,0
2050,216,20,0.10615721752897923,0
2050,216,34,0.11043684425298356,0
2050,216,45,0.10379392898142382,0
2050,216,46,0.06151211070136241,0
2050,216,67,0.02770412767242853,0
2050,216,69,0.015672625774877703,0
2050,216,84,0.109819905704907,0
2050,216,87,0.013478390728091866,0
2050,216,89,0.14414258718324133,0
2050,216,98,0.03552662267226673,0
2050,216,119,0.17730957102922135,0
2050,217,5,0.011344384339282884,0
2050,217,20,0.1244810740868834,0
2050,217,67,0.037041399984166716,0
2050,217,69,0.07817836339132844,0
2050,217,79,0.06845714650023763,0
2050,217,83,0.06285348214708629,0
2050,217,87,0.03779564899052661,0
2050,217,96,0.02046987961976787,0
2050,217,102,0.10142365233397539,0
2050,217,119,0.34768004884115716,0
2050,218,119,1.0,0
2050,219,9,0.03694726733473444,0
2050,219,20,0.04767111236941579,0
2050,219,21,0.0530396207765169,0
2050,219,31,0.12318067784091638,0
2050,219,38,0.015579285349825589,0
2050,219,45,0.0900956771143892,0
2050,219,47,0.011185689755636,0
2050,219,77,0.0725257577808711,0
2050,219,92,0.044642497274431085,0
2050,219,119,0.4686628377831061,0
2050,220,14,0.048676909055332104,0
2050,220,20,0.12038548809710706,0
2050,220,21,0.01628542985716328,0
2050,220,31,0.12587538687516592,0
2050,220,45,0.11377047459825651,0
2050,220,65,0.045550689275402005,0
2050,220,67,0.04039775630469141,0
2050,220,77,0.0978979759691058,0
2050,220,89,0.09617446508045062,0
2050,220,119,0.2764918447591644,0
2050,221,20,0.03420888004234111,0
2050,221,21,0.04390366263686903,0
2050,221,31,0.06490222842307382,0
2050,221,35,0.045181803273748225,0
2050,221,45,0.057671868366995775,0
2050,221,77,0.13700719171267647,0
2050,221,89,0.07556334030975916,0
2050,221,109,0.1110462630561532,0
2050,221,119,0.38392146591994425,0
2050,222,20,0.02541680063726171,0
2050,222,21,0.015391683514746329,0
2050,222,31,0.05495518683566152,0
2050,222,45,0.08423017812756627,0
2050,222,46,0.04700433461065059,0
2050,222,64,0.02533910118035656,0
2050,222,77,0.2283585938069888,0
2050,222,89,0.047744824389160716,0
2050,222,92,0.02464098946472299,0
2050,222,109,0.020664706774157382,0
2050,222,119,0.3593953405691807,0
2050,223,20,0.05052054811773639,0
2050,223,31,0.02853462904307036,0
2050,223,45,0.08752980209197787,0
2050,223,47,0.016392564882701896,0
2050,223,62,0.055892869586933104,0
2050,223,77,0.03916313961004865,0
2050,223,92,0.07986245671199645,0
2050,223,103,0.02186642232066147,0
2050,223,110,0.11924864365240148,0
2050,223,119,0.349009720784982,0
2050,224,9,0.0161057539953043,0
2050,224,20,0.07115111834985059,0
2050,224,37,0.03521239471490459,0
2050,224,59,0.01447182491441026,0
2050,224,62,0.050768518453243476,0
2050,224,69,0.04155356398198776,0
2050,224,77,0.08521074974423416,0
2050,224,103,0.025820760526659103,0
2050,224,110,0.14724684766108997,0
2050,224,119,0.37198180089661587,0
2050,225,9,0.10596039453590593,0
2050,225,20,0.1667873192717664,0
2050,225,26,0.04384029719620448,0
2050,225,27,0.0127306784840686,0
2050,225,33,0.04520602160936247,0
2050,225,46,0.07007243956762954,0
2050,225,48,0.05115640708406034,0
2050,225,53,0.058663748502707135,0
2050,225,62,0.07683951120206206,0
2050,225,69,0.11526041614986172,0
2050,225,80,0.024709810994942377,0
2050,225,85,0.013879855243448862,0
2050,225,102,0.01865331697866177,0
2050,225,115,0.029516769239117634,0
2050,225,119,0.14649581497182207,0
2050,226,9,0.08670546970509169,0
2050,226,45,0.12480386427976162,0
2050,226,52,0.09505837231689505,0
2050,226,53,0.10185631022374632,0
2050,226,70,0.027207497395128274,0
2050,226,73,0.016754099450887606,0
2050,226,77,0.06160577333708004,0
2050,226,80,0.047079207219946025,0
2050,226,100,0.06135684611422967,0
2050,226,115,0.11083112598166191,0
2050,226,119,0.20788773471125105,0
2050,227,1,0.018386481783924227,0
2050,227,5,0.01783361696694805,0
2050,227,9,0.15794294423764396,0
2050,227,20,0.09564993282123471,0
2050,227,31,0.057098358534688545,0
2050,227,45,0.1197645730496079,0
2050,227,47,0.05118110006633731,0
2050,227,52,0.07541438448968579,0
2050,227,62,0.029283145450076035,0
2050,227,83,0.03283875948948077,0
2050,227,92,0.054224961893611937,0
2050,227,98,0.07662057771847419,0
2050,227,103,0.04008931555261167,0
2050,227,110,0.019267233690200107,0
2050,227,119,0.07256079450657922,0
2050,228,1,0.06398349284054156,0
2050,228,5,0.07836593241716913,0
2050,228,9,0.1559890743211408,0
2050,228,20,0.016059664178266864,0
2050,228,38,0.017586149043263357,0
2050,228,47,0.04899862274264018,0
2050,228,70,0.028661435022087525,0
2050,228,92,0.0666286549966775,0
2050,228,96,0.026036603747838446,0
2050,228,103,0.12578592886314927,0
2050,228,115,0.1815804520244219,0
2050,228,119,0.10097369871295026,0
2050,229,1,0.06954415678727391,0
2050,229,9,0.1554304039140948,0
2050,229,45,0.05472684911933637,0
2050,229,53,0.11060181006857417,0
2050,229,70,0.07298220169333054,0
2050,229,96,0.0769907701211385,0
2050,229,98,0.10958263067566118,0
2050,229,102,0.015496722603478143,0
2050,229,103,0.020187811176344203,0
2050,229,115,0.1827271782940296,0
2050,229,118,0.09463039306379974,0
2050,230,9,0.1411445523276395,0
2050,230,45,0.11534469956951501,0
2050,230,53,0.08838522719378653,0
2050,230,70,0.0139584141128824,0
2050,230,77,0.06876537421059191,0
2050,230,98,0.13296129121038686,0
2050,230,103,0.07710866306980191,0
2050,230,115,0.1164943984749158,0
2050,230,118,0.12396423197325225,0
2050,230,119,0.03501806280838306,0
2050,231,42,0.01767075799490859,0
2050,231,45,0.21944276547955532,0
2050,231,53,0.01307434364446506,0
2050,231,63,0.026781718379340857,0
2050,231,67,0.09220930747697352,0
2050,231,77,0.217467341681575,0
2050,231,87,0.049966705368218164,0
2050,231,89,0.04490963944490956,0
2050,231,98,0.0691030296568185,0
2050,231,103,0.07627923549838406,0
2050,231,119,0.048419456692307086,0
2050,232,14,0.02113413900587455,0
2050,232,20,0.1112505049045624,0
2050,232,31,0.05984846598320079,0
2050,232,35,0.04011372763996152,0
2050,232,42,0.06262228725265051,0
2050,232,45,0.04276425145871164,0
2050,232,46,0.03557021968168665,0
2050,232,77,0.11706511465719492,0
2050,232,89,0.34398639317512597,0
2050,232,103,0.03625777331405019,0
2050,232,119,0.09338791402880729,0
2050,233,3,0.017238649392858775,0
2050,233,4,0.05439301451407022,0
2050,233,20,0.09980952651992173,0
2050,233,31,0.032077974552699985,0
2050,233,45,0.06496592160813504,0
2050,233,67,0.053672174547709756,0
2050,233,77,0.013854797332327818,0
2050,233,89,0.27071378185026596,0
2050,233,119,0.2998255146750928,0
2050,233,120,0.0845880353399415,0
2050,234,20,0.044187176941575354,0
2050,234,26,0.010778610213360544,0
2050,234,48,0.012180617896060128,0
2050,234,52,0.09391093844642849,0
2050,234,67,0.025053769961056058,0
2050,234,72,0.024003537766554263,0
2050,234,84,0.01323057522500638,0
2050,234,89,0.1530833048679316,0
2050,234,93,0.0300778596772191,0
2050,234,97,0.07674529892943308,0
2050,234,119,0.48768172205043686,0
2050,235,9,0.13954654323606464,0
2050,235,34,0.09171910290104254,0
2050,235,40,0.027985139345400294,0
2050,235,44,0.02156325058046696,0
2050,235,46,0.1805471467052785,0
2050,235,52,0.08138524253517782,0
2050,235,53,0.2284768680596567,0
2050,235,67,0.030589811965160932,0
2050,235,80,0.06835912084612299,0
2050,235,100,0.04766751600384736,0
2050,235,119,0.03829207426406945,0
2050,235,120,0.03503837572084938,0
2050,236,52,1.0,0
2050,237,7,0.016412479756621995,0
2050,237,9,0.011785572034248728,0
2050,237,12,0.02296289906138299,0
2050,237,27,0.11874571898900331,0
2050,237,30,0.10639676120973574,0
2050,237,33,0.051202030464656066,0
2050,237,41,0.010617663933744794,0
2050,237,46,0.1335944435492347,0
2050,237,52,0.08508952185978737,0
2050,237,83,0.06067434401559655,0
2050,237,84,0.12164116570775109,0
2050,237,98,0.184320936338964,0
2050,237,106,0.03448059874935356,0
2050,237,115,0.036476990435723604,0
2050,238,12,0.017189207711454938,0
2050,238,27,0.18080788580256643,0
2050,238,34,0.04064830075624875,0
2050,238,46,0.23889207298217738,0
2050,238,53,0.021572799799723624,0
2050,238,62,0.01828843865063066,0
2050,238,69,0.057736719471942526,0
2050,238,71,0.019796270300175473,0
2050,238,84,0.20502055403361036,0
2050,238,93,0.012171043299138819,0
2050,238,98,0.030239909815356233,0
2050,238,102,0.05100480043308796,0
2050,238,120,0.03405191701882321,0
2050,239,6,0.08044311397504968,0
2050,239,9,0.1710440415715186,0
2050,239,20,0.02335538531409086,0
2050,239,25,0.03205180166703428,0
2050,239,27,0.010275741412569286,0
2050,239,32,0.025795175465786902,0
2050,239,46,0.25336825763298243,0
2050,239,52,0.03218191512182698,0
2050,239,53,0.04924463136727243,0
2050,239,59,0.06438480620060968,0
2050,239,82,0.0542330557629497,0
2050,239,84,0.0518610438921821,0
2050,239,102,0.04317055851612999,0
2050,239,109,0.04627270008639784,0
2050,239,112,0.029143667817798848,0
2050,240,6,0.0159849417179241,0
2050,240,19,0.03996355132589204,0
2050,240,20,0.16955526861532214,0
2050,240,25,0.07391989819015633,0
2050,240,34,0.024566526664732895,0
2050,240,38,0.02443803113413012,0
2050,240,45,0.06642897196923955,0
2050,240,46,0.12962432295923462,0
2050,240,58,0.03357119718342233,0
2050,240,59,0.10759433773752823,0
2050,240,83,0.14198447435511147,0
2050,240,91,0.06050212755000223,0
2050,240,92,0.01072226922562154,0
2050,240,102,0.01197425298638941,0
2050,240,103,0.028658156277068532,0
2050,240,112,0.03467330556724919,0
2050,241,5,0.010479243958918732,0
2050,241,19,0.06645138558088601,0
2050,241,20,0.09484021500626187,0
2050,241,38,0.12546277597780556,0
2050,241,45,0.05029050147522262,0
2050,241,46,0.09940624796328038,0
2050,241,59,0.11394529324992844,0
2050,241,92,0.1140908631364978,0
2050,241,102,0.2080803690825643,0
2050,241,103,0.036331109115241234,0
2050,241,118,0.01388122321120726,0
2050,241,119,0.05735183600909036,0
2050,242,20,0.05882683790830566,0
2050,242,38,0.03531492602438879,0
2050,242,46,0.05973754814124727,0
2050,242,47,0.03808910065409907,0
2050,242,62,0.10007872102553035,0
2050,242,77,0.07519948351217542,0
2050,242,92,0.326171764944548,0
2050,242,119,0.2747876417615293,0
2050,243,1,0.034209113533873535,0
2050,243,9,0.1198956315459002,0
2050,243,44,0.02759121583478371,0
2050,243,46,0.03540213934024164,0
2050,243,52,0.02636329884895694,0
2050,243,77,0.09088454786428053,0
2050,243,80,0.06992539225021711,0
2050,243,84,0.04122038513658408,0
2050,243,85,0.01997495288007759,0
2050,243,89,0.13952341383527955,0
2050,243,92,0.21805027675004457,0
2050,243,119,0.09789222109014183,0
2050,244,9,0.09030710999150719,0
2050,244,27,0.10689905593902278,0
2050,244,34,0.06535683395989786,0
2050,244,42,0.0862876183760333,0
2050,244,45,0.0317140961599995,0
2050,244,46,0.06262569166575424,0
2050,244,52,0.04726048344113796,0
2050,244,53,0.12221678382563142,0
2050,244,59,0.03524006354414096,0
2050,244,71,0.01282217915271843,0
2050,244,80,0.018680042077624043,0
2050,244,88,0.035564700335922114,0
2050,244,101,0.02583999798407874,0
2050,244,102,0.12363490240626224,0
2050,245,9,0.01260135480173158,0
2050,245,10,0.025829465446819227,0
2050,245,25,0.012293229807279614,0
2050,245,42,0.06591794386782533,0
2050,245,45,0.04859745830141874,0
2050,245,53,0.057407242725311496,0
2050,245,59,0.11896613682583505,0
2050,245,67,0.0955695110319128,0
2050,245,83,0.17155723853944435,0
2050,245,100,0.010447227168502287,0
2050,245,106,0.01746703883961232,0
2050,245,115,0.13094080338908626,0
2050,245,116,0.051483488363670685,0
2050,246,1,0.05672263659939923,0
2050,246,3,0.012682045316794463,0
2050,246,31,0.015866823277232444,0
2050,246,45,0.17437996121301816,0
2050,246,46,0.09429574149995362,0
2050,246,53,0.015861699738820952,0
2050,246,63,0.018479356700164092,0
2050,246,88,0.10522701681011463,0
2050,246,90,0.04192566428960025,0
2050,246,109,0.05018228801643248,0
2050,246,119,0.15041538256459971,0
2050,246,120,0.17564872830021794,0
2050,247,1,0.06440477257195162,0
2050,247,3,0.02356116332885123,0
2050,247,9,0.04886097631640371,0
2050,247,20,0.02276231401880537,0
2050,247,46,0.1818937940853658,0
2050,247,77,0.20637049849391326,0
2050,247,88,0.02945984306148638,0
2050,247,89,0.06011523056942917,0
2050,247,90,0.08634334903723621,0
2050,247,94,0.04212557541472161,0
2050,247,120,0.17918251489023174,0
2050,248,9,0.13554996281217277,0
2050,248,26,0.07793778629589321,0
2050,248,46,0.03545325255774823,0
2050,248,48,0.016954500946467742,0
2050,248,53,0.20260823174637177,0
2050,248,70,0.05908179914737095,0
2050,248,84,0.0769102280958927,0
2050,248,91,0.07726865373859805,0
2050,248,112,0.11308341343975102,0
2050,248,115,0.0831829683591772,0
2050,248,120,0.07247454502435792,0
2050,249,53,1.0,0
2050,250,9,0.15783023761999063,0
2050,250,20,0.128539236782633,0
2050,250,33,0.03858594839866285,0
2050,250,36,0.13042534165122013,0
2050,250,53,0.1404426832318649,0
2050,250,70,0.05833228475727336,0
2050,250,92,0.044406133045831075,0
2050,250,103,0.03162167159411474,0
2050,250,105,0.05405646105741624,0
2050,250,115,0.1368182935123992,0
2050,251,10,0.04066214237816793,0
2050,251,19,0.10047952248452938,0
2050,251,20,0.181680466507077,0
2050,251,38,0.05454538396684737,0
2050,251,70,0.033724110751197724,0
2050,251,82,0.056404836630070516,0
2050,251,83,0.06962707685998838,0
2050,251,102,0.0999786389391787,0
2050,251,103,0.06173675729119646,0
2050,251,115,0.10016851690605674,0
2050,251,117,0.02654639742381934,0
2050,252,20,0.13445362218897483,0
2050,252,22,0.018215370854570586,0
2050,252,46,0.020642894299818637,0
2050,252,51,0.04256229768079187,0
2050,252,52,0.016953590932657702,0
2050,252,77,0.040731758327520566,0
2050,252,87,0.02514171083094633,0
2050,252,89,0.2847217589174293,0
2050,252,92,0.04108448120928332,0
2050,252,102,0.14594448154104153,0
2050,252,120,0.050003341731198976,0
2050,253,89,1.0,0
2050,254,6,0.07018017980774387,0
2050,254,25,0.03974231054715145,0
2050,254,45,0.03584340418011791,0
2050,254,53,0.04922365585422293,0
2050,254,59,0.039265420085656144,0
2050,254,67,0.08394255963171729,0
2050,254,70,0.09671036060537386,0
2050,254,89,0.37119132688596856,0
2050,254,91,0.050614783631700355,0
2050,254,100,0.03431394707745451,0
2050,254,119,0.08029069215241882,0
2050,255,26,0.06374982232222264,0
2050,255,36,0.06897163954277045,0
2050,255,41,0.037545426202612024,0
2050,255,46,0.08711656845882057,0
2050,255,49,0.0643730898229253,0
2050,255,52,0.04764950801144173,0
2050,255,53,0.06721847464574845,0
2050,255,67,0.07672962261789722,0
2050,255,78,0.035618895154856556,0
2050,255,82,0.013164462818713217,0
2050,255,89,0.07077863697735348,0
2050,255,91,0.04903619922594991,0
2050,255,98,0.05172116906236559,0
2050,255,102,0.10504817452393364,0
2050,255,112,0.11046388889208635,0
2050,255,119,0.03348406568882141,0
2050,256,19,0.0777231900052394,0
2050,256,31,0.045550736297383695,0
2050,256,36,0.05133371975068366,0
2050,256,38,0.029195559577072674,0
2050,256,52,0.28583575082908186,0
2050,256,53,0.06102835374976014,0
2050,256,77,0.03551952921630639,0
2050,256,78,0.09831590660171013,0
2050,256,85,0.1438551917800853,0
2050,256,102,0.07883678319291823,0
2050,256,103,0.06758918042385006,0
2050,257,23,0.011792410560367318,0
2050,257,27,0.16787725140619134,0
2050,257,28,0.15170027767285382,0
2050,257,29,0.027528592360923684,0
2050,257,36,0.02726353088286578,0
2050,257,52,0.35427565478837086,0
2050,257,56,0.08609806012296134,0
2050,257,70,0.019298692499481927,0
2050,257,83,0.04775791061186329,0
2050,257,85,0.021061281373204725,0
2050,257,101,0.015611954153678005,0
2050,257,108,0.04525351556366756,0
2050,257,117,0.024480868003570168,0
2050,258,27,1.0,0
2050,259,85,1.0,0
2050,260,9,0.04760980931448317,0
2050,260,17,0.14378031124753438,0
2050,260,18,0.04735355230906256,0
2050,260,27,0.1720473853628294,0
2050,260,36,0.020989269022599566,0
2050,260,52,0.04625347206026225,0
2050,260,54,0.01343475075640116,0
2050,260,66,0.013317967835431124,0
2050,260,70,0.025137326486944965,0
2050,260,85,0.19279385218972928,0
2050,260,97,0.0165462820905408,0
2050,260,115,0.2159923040672397,0
2050,260,116,0.020497085728543037,0
2050,261,5,0.03728578460786954,0
2050,261,27,0.14706104785903257,0
2050,261,36,0.04771527946901031,0
2050,261,38,0.040434003672101725,0
2050,261,45,0.013891228330365662,0
2050,261,59,0.08139128100035209,0
2050,261,82,0.1397415586069763,0
2050,261,83,0.2742503125022531,0
2050,261,92,0.02089559848574593,0
2050,261,99,0.013416370225721104,0
2050,261,103,0.0892449070220043,0
2050,261,118,0.07446563431910233,0
2050,262,14,0.10641770401892381,0
2050,262,27,0.03747677487763743,0
2050,262,31,0.06195177441226773,0
2050,262,38,0.07893242750731433,0
2050,262,59,0.11340427112043004,0
2050,262,62,0.04217565323701078,0
2050,262,83,0.04290356386564917,0
2050,262,92,0.1937615348310785,0
2050,262,93,0.03056091351749497,0
2050,262,102,0.07992035372156851,0
2050,262,115,0.1513447712928925,0
2050,262,116,0.04496853346827987,0
2050,263,35,0.08744284224654927,0
2050,263,42,0.017513997448299047,0
2050,263,45,0.13508746544595931,0
2050,263,50,0.12481355405202513,0
2050,263,56,0.012065157688376774,0
2050,263,76,0.12430224582531511,0
2050,263,77,0.05578786415112091,0
2050,263,87,0.01335487163776144,0
2050,263,89,0.0836036047864363,0
2050,263,92,0.28276424334566075,0
2050,264,1,0.06798651899279759,0
2050,264,4,0.044974216745942146,0
2050,264,22,0.05611333049779964,0
2050,264,35,0.019836716361581856,0
2050,264,46,0.0691795876560434,0
2050,264,57,0.0701471480786704,0
2050,264,61,0.06082590876409206,0
2050,264,62,0.012210891133247205,0
2050,264,77,0.11572871308815244,0
2050,264,89,0.1205236477436842,0
2050,264,92,0.15299570737411936,0
2050,264,96,0.031133562208263677,0
2050,264,120,0.08688737383059165,0
2050,265,9,0.10317985079163511,0
2050,265,12,0.04035406536795248,0
2050,265,22,0.019268778384854447,0
2050,265,45,0.02741476072509187,0
2050,265,52,0.05658099412481213,0
2050,265,65,0.02184643861113678,0
2050,265,77,0.023608339898826224,0
2050,265,82,0.015410947486086065,0
2050,265,83,0.031150485261828707,0
2050,265,85,0.07236324857431237,0
2050,265,87,0.03467218262551844,0
2050,265,92,0.01151817267826983,0
2050,265,95,0.032673201758597496,0
2050,265,98,0.026315169514580277,0
2050,265,100,0.13534967383350946,0
2050,265,104,0.0381466518900103,0
2050,265,107,0.055275421254883016,0
2050,265,117,0.023411830940202653,0
2050,265,119,0.07948057222482037,0
2050,266,14,0.16786869784688027,0
2050,266,21,0.036117406410931044,0
2050,266,30,0.05486826754071216,0
2050,266,40,0.01943424231896724,0
2050,266,50,0.0199958117150358,0
2050,266,62,0.020921332896097128,0
2050,266,69,0.17443552128960552,0
2050,266,71,0.015205055795387432,0
2050,266,86,0.05899591326188729,0
2050,266,88,0.07524908763542985,0
2050,266,109,0.011296399820506007,0
2050,266,117,0.16359008000040343,0
2050,267,9,0.03397716516815942,0
2050,267,34,0.03475876714323734,0
2050,267,42,0.07639459343782026,0
2050,267,46,0.1302570145611159,0
2050,267,50,0.1534544871909181,0
2050,267,61,0.07383977041435089,0
2050,267,64,0.031510224895482886,0
2050,267,89,0.03898946414712471,0
2050,267,90,0.07804278510716606,0
2050,267,112,0.08621890305725971,0
2050,267,115,0.027442514116269773,0
2050,267,117,0.07828996081543546,0
2050,267,120,0.12358159125802697,0
2050,268,1,0.04266357539327424,0
2050,268,18,0.04597505749420776,0
2050,268,42,0.16729498930782616,0
2050,268,50,0.03807887735773338,0
2050,268,53,0.11938982958839074,0
2050,268,59,0.050406928643805145,0
2050,268,70,0.019013210329225934,0
2050,268,83,0.02156881075822072,0
2050,268,87,0.042164356208428434,0
2050,268,90,0.011783846150611937,0
2050,268,92,0.26459534767878207,0
2050,268,109,0.05966674684127377,0
2050,268,117,0.03183981199092018,0
2050,268,119,0.028786140823613904,0
2050,269,1,0.027804053920302975,0
2050,269,29,0.10141435974144698,0
2050,269,45,0.10318356546635028,0
2050,269,52,0.048826136358187486,0
2050,269,64,0.11053733995787925,0
2050,269,70,0.10098749292357444,0
2050,269,90,0.01851642949021072,0
2050,269,92,0.2504335023540992,0
2050,269,117,0.16354354902988671,0
2050,270,9,0.03710430111960715,0
2050,270,42,0.08068130438361636,0
2050,270,45,0.044183455346400655,0
2050,270,52,0.030336029330133574,0
2050,270,60,0.027679424688049056,0
2050,270,87,0.026408498620453566,0
2050,270,90,0.07810957219000862,0
2050,270,92,0.08304119258326845,0
2050,270,111,0.045256053889326124,0
2050,270,117,0.5028485359617716,0
2050,271,117,1.0,0
2050,272,12,0.4487232282635886,0
2050,272,22,0.13519047122754743,0
2050,272,30,0.03983325177714752,0
2050,272,89,0.05430426265400162,0
2050,272,110,0.049068640185255016,0
2050,272,117,0.2426716561556174,0
2050,273,12,1.0,0
2050,274,5,0.08187464849896507,0
2050,274,12,0.4407566418833074,0
2050,274,19,0.05013130845947786,0
2050,274,38,0.07295090929327049,0
2050,274,82,0.017289252359205445,0
2050,274,99,0.05723150543545053,0
2050,274,108,0.1312412675478569,0
2050,274,112,0.1058264176327503,0
2050,274,118,0.020755239568837004,0
2050,275,5,0.13316533572170716,0
2050,275,12,0.06806100515821768,0
2050,275,19,0.2100263631182381,0
2050,275,38,0.08093659748661856,0
2050,275,82,0.013458955111853596,0
2050,275,83,0.02622359382904301,0
2050,275,92,0.07924671451595439,0
2050,275,99,0.09897250503238325,0
2050,275,108,0.09404647672364642,0
2050,275,112,0.07323989633020747,0
2050,275,115,0.012902841590317045,0
2050,275,118,0.07460056744977193,0
2050,276,92,1.0,0
2050,277,1,0.011740497420567705,0
2050,277,13,0.025034722892428685,0
2050,277,14,0.20077227186457408,0
2050,277,21,0.10796833902274379,0
2050,277,31,0.0907750826405007,0
2050,277,45,0.015682192790958765,0
2050,277,50,0.045993152455387376,0
2050,277,62,0.03248879128492577,0
2050,277,65,0.026115773275579904,0
2050,277,77,0.0912589686769894,0
2050,277,92,0.24516601412228492,0
2050,277,120,0.045945407166320056,0
2050,278,9,0.05353428815539215,0
2050,278,15,0.032202642595828584,0
2050,278,20,0.020713967827419588,0
2050,278,21,0.08728820418741425,0
2050,278,26,0.2568885766836299,0
2050,278,42,0.055476940699557525,0
2050,278,62,0.035510606802508095,0
2050,278,80,0.09661186614666964,0
2050,278,84,0.015305629181831704,0
2050,278,90,0.062339920396884865,0
2050,278,103,0.04544487094451349,0
2050,278,109,0.021076106980287456,0
2050,278,120,0.09671604105562118,0
2050,279,9,0.03267014409238949,0
2050,279,10,0.0326080161842811,0
2050,279,25,0.025222945050696045,0
2050,279,26,0.05962124462813626,0
2050,279,40,0.08416425169233349,0
2050,279,52,0.16627889883292848,0
2050,279,59,0.06921059420599693,0
2050,279,72,0.030831807751756615,0
2050,279,85,0.013640404025820034,0
2050,279,91,0.053235392173090076,0
2050,279,98,0.26945662127582864,0
2050,279,100,0.031975430604282554,0
2050,279,103,0.03490601006495846,0
2050,279,118,0.054024700268084175,0
2050,280,98,1.0,0
2050,281,1,0.03402513399270871,0
2050,281,31,0.27705420647625517,0
2050,281,32,0.015998163039106346,0
2050,281,35,0.06521428577248013,0
2050,281,45,0.0739088070072605,0
2050,281,47,0.06505018034017154,0
2050,281,70,0.06577511013168909,0
2050,281,73,0.0701832408855559,0
2050,281,92,0.04347954663749721,0
2050,281,98,0.1867125992908535,0
2050,282,1,0.08546669439344733,0
2050,282,15,0.0719543966831468,0
2050,282,20,0.0186397683672951,0
2050,282,31,0.1702631717981933,0
2050,282,32,0.04247169247447555,0
2050,282,45,0.1276261171584143,0
2050,282,47,0.035788391280161785,0
2050,282,87,0.016158480019666913,0
2050,282,92,0.18467264600280042,0
2050,282,103,0.02412423689363538,0
2050,282,104,0.04024557554064733,0
2050,282,120,0.07019755872810693,0
2050,283,4,0.02682015355503269,0
2050,283,21,0.1560569647977492,0
2050,283,22,0.12437961691940788,0
2050,283,51,0.08160831098187964,0
2050,283,76,0.07874803133564616,0
2050,283,92,0.045526030457748404,0
2050,283,95,0.048164547646211045,0
2050,283,97,0.2226275021490543,0
2050,283,112,0.04835453187367727,0
2050,283,120,0.07827432208727607,0
2050,284,97,1.0,0
2050,285,31,0.2095518219248543,0
2050,285,32,0.034740940778183946,0
2050,285,35,0.014055977547640944,0
2050,285,67,0.028707197937245594,0
2050,285,70,0.07089175158734957,0
2050,285,73,0.07651886099872558,0
2050,285,78,0.01603190039460051,0
2050,285,92,0.04243530936943117,0
2050,285,97,0.2213865221866411,0
2050,285,98,0.06551034899403935,0
2050,285,100,0.04118925651795778,0
2050,285,119,0.11446821306477349,0
2050,286,15,0.01662818458792044,0
2050,286,21,0.012642183587218253,0
2050,286,40,0.0184472470890952,0
2050,286,43,0.011138961400392762,0
2050,286,44,0.02952344901583471,0
2050,286,48,0.04231274260256959,0
2050,286,51,0.07408605485795554,0
2050,286,70,0.10766921737597869,0
2050,286,81,0.06470196105648075,0
2050,286,88,0.048111607430690186,0
2050,286,93,0.02897663164514972,0
2050,286,95,0.0382727396023293,0
2050,286,96,0.010392573973465598,0
2050,286,97,0.1596172814383209,0
2050,286,98,0.15312402566531538,0
2050,286,120,0.04410890515488714,0
2050,287,3,0.07343885645677183,0
2050,287,33,0.06419170453048903,0
2050,287,40,0.060107538298357,0
2050,287,43,0.02141652339049844,0
2050,287,44,0.02663409931293269,0
2050,287,50,0.038705415616866044,0
2050,287,70,0.4027124379027505,0
2050,287,94,0.021179164878693407,0
2050,287,95,0.0201251437277445,0
2050,287,97,0.08860626628123357,0
2050,287,98,0.03360473934107281,0
2050,287,120,0.02180935351094766,0
2050,288,70,1.0,0
2050,289,1,0.07650803709752971,0
2050,289,10,0.08878983865618595,0
2050,289,36,0.0665988902695322,0
2050,289,53,0.03914802765983064,0
2050,289,70,0.38898152181158185,0
2050,289,72,0.014964074963160556,0
2050,289,79,0.07047719295172405,0
2050,289,93,0.06421110374356365,0
2050,289,96,0.017253404890657027,0
2050,289,98,0.06468019525855477,0
2050,289,119,0.045362765749379114,0
2050,290,1,0.14447626871039396,0
2050,290,31,0.21706205534363107,0
2050,290,32,0.09732764460486437,0
2050,290,53,0.01253880249801228,0
2050,290,68,0.04861757621520192,0
2050,290,73,0.07038823330895498,0
2050,290,80,0.03773769887480191,0
2050,290,92,0.06316125348002265,0
2050,290,95,0.02092450672653762,0
2050,290,100,0.05562684209743209,0
2050,290,104,0.04876278883110319,0
2050,290,109,0.04537208919237845,0
2050,290,120,0.019200495477240183,0
2050,291,1,0.22973925864934314,0
2050,291,9,0.02894209444866385,0
2050,291,31,0.21681932432847734,0
2050,291,32,0.06025615160961581,0
2050,291,47,0.11117895207873668,0
2050,291,62,0.053192495040720884,0
2050,291,70,0.0581671632115162,0
2050,291,77,0.014575610929581997,0
2050,291,92,0.10264854603576544,0
2050,292,1,0.18969144144223204,0
2050,292,21,0.04645516004464076,0
2050,292,31,0.06332658671399287,0
2050,292,42,0.015121892569722085,0
2050,292,51,0.1048514701660567,0
2050,292,77,0.029512194961696634,0
2050,292,92,0.20888695739945057,0
2050,292,95,0.11796104560563656,0
2050,292,103,0.041267441784221676,0
2050,292,120,0.06663037730179167,0
2050,293,31,0.20522680256710252,0
2050,293,42,0.03176625067710353,0
2050,293,50,0.0799782711137826,0
2050,293,64,0.04453031996583955,0
2050,293,65,0.09460434690307735,0
2050,293,77,0.07425925040813404,0
2050,293,97,0.05823898565878746,0
2050,293,104,0.11064277561840155,0
2050,293,117,0.09111235886365672,0
2050,294,3,0.10630422582780104,0
2050,294,15,0.06574653676530283,0
2050,294,40,0.13306749153312053,0
2050,294,49,0.013622505220199834,0
2050,294,50,0.011458102693502397,0
2050,294,58,0.0682203800356145,0
2050,294,61,0.07056051287564881,0
2050,294,65,0.012521134995933702,0
2050,294,75,0.1128250162899571,0
2050,294,90,0.011069958149495258,0
2050,294,101,0.012481732756381096,0
2050,294,112,0.046850078056043944,0
2050,294,120,0.15012565572622757,0
2050,295,112,1.0,0
2050,296,8,0.19877456243853195,0
2050,296,19,0.1252370023978276,0
2050,296,28,0.03157801385965372,0
2050,296,38,0.015737910143653992,0
2050,296,39,0.07908466337045592,0
2050,296,47,0.039434792552603265,0
2050,296,70,0.1161376024106904,0
2050,296,78,0.13892548519956638,0
2050,296,91,0.09291315258328223,0
2050,296,112,0.12175566390275322,0
2050,297,1,0.021939311130383287,0
2050,297,3,0.1396864870887434,0
2050,297,15,0.013224265597857846,0
2050,297,31,0.031372940015316146,0
2050,297,53,0.059009473563745654,0
2050,297,58,0.21287862859547912,0
2050,297,79,0.12311424042616277,0
2050,297,92,0.02148057229248412,0
2050,297,112,0.10688035816159297,0
2050,297,119,0.020843507500993664,0
2050,297,120,0.20327132828645453,0
2050,298,1,0.015983244974595558,0
2050,298,10,0.07113848569431416,0
2050,298,13,0.010552173141915172,0
2050,298,20,0.09342973831354479,0
2050,298,25,0.014433759253011026,0
2050,298,47,0.014322798553099012,0
2050,298,59,0.13961799754696547,0
2050,298,63,0.017018211531779726,0
2050,298,82,0.17922494031277864,0
2050,298,91,0.0365507524878367,0
2050,298,103,0.19656822450935638,0
2050,298,112,0.17508475428077214,0
2050,299,14,0.020045844005299532,0
2050,299,19,0.07778360254364038,0
2050,299,26,0.0765405212225782,0
2050,299,30,0.08967876761087705,0
2050,299,55,0.0849154019761675,0
2050,299,65,0.1100245025161325,0
2050,299,79,0.02862055864384903,0
2050,299,91,0.04937434632605739,0
2050,299,92,0.03299353016846491,0
2050,299,102,0.24972260445214006,0
2050,299,109,0.01392123721644353,0
2050,299,113,0.016638742486626425,0
2050,299,120,0.10801071898099464,0
2050,300,10,0.012683912338669067,0
2050,300,16,0.025154800111880836,0
2050,300,19,0.04760806721997931,0
2050,300,39,0.013747655673607626,0
2050,300,55,0.09261125406367193,0
2050,300,62,0.03818566101731564,0
2050,300,63,0.03678943854870686,0
2050,300,65,0.15316807688004833,0
2050,300,71,0.06551186722085073,0
2050,300,75,0.03392709575629821,0
2050,300,80,0.1430646811707069,0
2050,300,91,0.021465420374171252,0
2050,300,102,0.13559445406619378,0
2050,300,112,0.014325207590938869,0
2050,300,113,0.028696185338175917,0
2050,301,40,0.061416784586919244,0
2050,301,52,0.12843721799186336,0
2050,301,58,0.016072756714124017,0
2050,301,63,0.1632491711482292,0
2050,301,70,0.10877335321762514,0
2050,301,80,0.010058379014449751,0
2050,301,85,0.023159997348942033,0
2050,301,100,0.14939977715293742,0
2050,301,103,0.044673261079818456,0
2050,301,116,0.06713681731814608,0
2050,301,120,0.1116505563613606,0
2050,302,4,0.024420772802280142,0
2050,302,8,0.06598167907250518,0
2050,302,14,0.07322902929362965,0
2050,302,26,0.03397339224763686,0
2050,302,30,0.03997872199766601,0
2050,302,31,0.04126577574621425,0
2050,302,70,0.027363094927634384,0
2050,302,74,0.021262711109162676,0
2050,302,79,0.017933214002732248,0
2050,302,88,0.0390810264980912,0
2050,302,91,0.10184315836466727,0
2050,302,92,0.12758300039651382,0
2050,302,95,0.05783899081671959,0
2050,302,120,0.2765831206603331,0
2050,303,120,1.0,0
2050,304,75,1.0,0
2050,305,19,1.0,0
2050,306,19,0.4162424740191048,0
2050,306,36,0.01072669873555323,0
2050,306,38,0.11115198122920132,0
2050,306,47,0.04193215509778987,0
2050,306,62,0.1960342326528651,0
2050,306,72,0.01188247053925184,0
2050,306,74,0.03387663829265614,0
2050,306,82,0.02814657928916045,0
2050,306,83,0.039055115037102586,0
2050,306,91,0.03560738404765802,0
2050,306,103,0.07534427105965669,0
2050,307,19,0.10772208746612896,0
2050,307,38,0.011985575961105997,0
2050,307,48,0.0645807469639581,0
2050,307,62,0.49343950214219007,0
2050,307,86,0.031379634800825666,0
2050,307,87,0.012990078771183496,0
2050,307,92,0.15859688035152864,0
2050,307,103,0.04722518941278283,0
2050,307,104,0.02466022465697543,0
2050,307,110,0.03100441608698649,0
2050,308,62,1.0,0
2050,309,1,0.10173110566503082,0
2050,309,26,0.03456270693487148,0
2050,309,30,0.022416892459540844,0
2050,309,46,0.03145297480005306,0
2050,309,62,0.40211431423169647,0
2050,309,77,0.05848260228121482,0
2050,309,84,0.04646868680550774,0
2050,309,90,0.022916967312052255,0
2050,309,91,0.03423980835978458,0
2050,309,120,0.24561394115024707,0
2050,310,1,0.08232187164719963,0
2050,310,30,0.15181649482060502,0
2050,310,34,0.018685427300723166,0
2050,310,46,0.03241902826185733,0
2050,310,62,0.15600015470932646,0
2050,310,71,0.08079114461315796,0
2050,310,84,0.10681405193828936,0
2050,310,90,0.0685516455343302,0
2050,310,91,0.05181277897264537,0
2050,310,120,0.250162101620491,0
2050,311,1,0.028136699047487043,0
2050,311,6,0.068989703697878,0
2050,311,30,0.0980804639168862,0
2050,311,36,0.023132047061068386,0
2050,311,59,0.11314891052669035,0
2050,311,62,0.08754047205328483,0
2050,311,71,0.05231684625551683,0
2050,311,80,0.020518404594958857,0
2050,311,84,0.11079427664045871,0
2050,311,90,0.04084783756708761,0
2050,311,91,0.26566314056998547,0
2050,311,93,0.019590274455197437,0
2050,311,112,0.07124092361350023,0
2050,312,91,1.0,0
2050,313,6,0.15233445011183663,0
2050,313,11,0.08095443761953126,0
2050,313,17,0.2825600728517073,0
2050,313,28,0.036053165613182114,0
2050,313,30,0.07298562096496589,0
2050,313,81,0.03465395521744015,0
2050,313,82,0.014904325973037608,0
2050,313,84,0.14297455435145556,0
2050,313,91,0.17283058039553162,0
2050,314,7,0.06361114495672227,0
2050,314,8,0.017385757344808087,0
2050,314,28,0.18269323823142022,0
2050,314,30,0.15265768680054856,0
2050,314,41,0.13678080912822496,0
2050,314,84,0.02165109035110528,0
2050,314,91,0.16676887397753556,0
2050,314,98,0.043011487718333276,0
2050,314,114,0.12219240995036597,0
2050,314,115,0.02083504688594915,0
2050,314,118,0.06961827756322674,0
2050,315,8,0.045613131553024266,0
2050,315,11,0.014654226476736467,0
2050,315,28,0.09995886968745575,0
2050,315,30,0.11166764804436419,0
2050,315,36,0.016552344843551916,0
2050,315,41,0.26539957629728783,0
2050,315,53,0.029523203143901975,0
2050,315,57,0.03253943884851846,0
2050,315,59,0.03966512964444613,0
2050,315,67,0.07136942461077407,0
2050,315,91,0.2013153096512425,0
2050,315,98,0.050327023315187895,0
2050,316,6,0.09073282985530462,0
2050,316,17,0.04942860210840983,0
2050,316,30,0.060292856992166195,0
2050,316,41,0.04379877366080466,0
2050,316,59,0.11913420654731811,0
2050,316,67,0.029891109859877998,0
2050,316,70,0.08052385000192865,0
2050,316,73,0.02146137995545162,0
2050,316,89,0.08267055587140439,0
2050,316,91,0.36156120968523475,0
2050,316,100,0.039297659003998064,0
2050,317,6,0.1393160332166529,0
2050,317,17,0.15165146066840934,0
2050,317,30,0.05866130351654738,0
2050,317,59,0.0668921094810386,0
2050,317,82,0.042393356995282024,0
2050,317,84,0.17783885229737298,0
2050,317,90,0.12778847084419362,0
2050,317,91,0.15023565138387657,0
2050,317,100,0.04685889850373887,0
2050,317,120,0.038363863092887605,0
2050,318,6,0.022183929696365436,0
2050,318,17,0.04001569732689093,0
2050,318,28,0.09711232285118768,0
2050,318,30,0.14092814808235513,0
2050,318,36,0.1924105815521959,0
2050,318,41,0.05226752540121508,0
2050,318,53,0.01162676517382117,0
2050,318,84,0.0473906213945109,0
2050,318,91,0.14730854886507785,0
2050,318,114,0.1639818389067723,0
2050,318,115,0.04156297462524192,0
2050,318,118,0.04321104612436318,0
2050,319,30,1.0,0
2050,320,17,0.3203188763165708,0
2050,320,30,0.08197551641629604,0
2050,320,34,0.016083794056369803,0
2050,320,41,0.10150850920140542,0
2050,320,53,0.03302375805365721,0
2050,320,58,0.17667959561870458,0
2050,320,84,0.1722579799281656,0
2050,320,89,0.012586403737958777,0
2050,320,100,0.02501376954656177,0
2050,320,120,0.06055179712431005,0
2050,321,17,0.023504890848685792,0
2050,321,28,0.06624211312424445,0
2050,321,30,0.2174525595659188,0
2050,321,36,0.11757460703537656,0
2050,321,55,0.08326875355732676,0
2050,321,69,0.04588680379180771,0
2050,321,71,0.07295554118146887,0
2050,321,82,0.07780378048393337,0
2050,321,84,0.03775050660351709,0
2050,321,85,0.01752608580056225,0
2050,321,91,0.04300845539229416,0
2050,321,113,0.06932930786019037,0
2050,321,114,0.06506356215439695,0
2050,322,7,0.08959303460334814,0
2050,322,9,0.03377736312909327,0
2050,322,17,0.21684608840685687,0
2050,322,28,0.06480368368944976,0
2050,322,30,0.2221736711507963,0
2050,322,39,0.014977996060407487,0
2050,322,84,0.03628932072547347,0
2050,322,91,0.09220282205004082,0
2050,322,98,0.09370780179249294,0
2050,322,114,0.13030454440806705,0
2050,323,6,0.024241570730254527,0
2050,323,7,0.047454526441373365,0
2050,323,9,0.08753119923105504,0
2050,323,17,0.05599977231197463,0
2050,323,28,0.055380876606567625,0
2050,323,30,0.3216920596667337,0
2050,323,36,0.10159380920610914,0
2050,323,53,0.05332775226853967,0
2050,323,91,0.022618882365374335,0
2050,323,98,0.015578687468298828,0
2050,323,100,0.022697372804493285,0
2050,323,114,0.1908761481138217,0
2050,324,101,1.0,0
2050,325,16,1.0,0
2050,326,68,1.0,0
2050,327,1,0.12998454323426692,0
2050,327,4,0.10683368162388863,0
2050,327,13,0.0602736973969162,0
2050,327,26,0.02784873726522151,0
2050,327,31,0.051914712636692284,0
2050,327,62,0.06716071669208158,0
2050,327,63,0.012964792945152,0
2050,327,76,0.15123809708609318,0
2050,327,77,0.05484467565203262,0
2050,327,79,0.03585339375237725,0
2050,327,80,0.028049419903176484,0
2050,327,91,0.045508432116985686,0
2050,327,93,0.036144664124101285,0
2050,327,100,0.011197228068651768,0
2050,327,120,0.17455886522268443,0
2050,328,6,0.05510723863441395,0
2050,328,26,0.05467228077665604,0
2050,328,28,0.06996295547290503,0
2050,328,59,0.10788784384837385,0
2050,328,71,0.031400805214121315,0
2050,328,81,0.11096612366454421,0
2050,328,82,0.08983225773507457,0
2050,328,84,0.030151050199534252,0
2050,328,90,0.08153304260842169,0
2050,328,100,0.010656959624399134,0
2050,328,107,0.08905099892563964,0
2050,328,112,0.18177392102397966,0
2050,328,120,0.07544888553867983,0
2050,329,2,0.04495232366945011,0
2050,329,16,0.10368256416320137,0
2050,329,19,0.06086354974259313,0
2050,329,23,0.12245633957936364,0
2050,329,26,0.04177199154429819,0
2050,329,40,0.0599618658450179,0
2050,329,49,0.030226055316879833,0
2050,329,71,0.045165262389236675,0
2050,329,91,0.154644667480464,0
2050,329,102,0.04123068393032831,0
2050,329,107,0.07104799692414662,0
2050,329,112,0.023646236817010696,0
2050,329,113,0.15658345298521675,0
2050,329,118,0.03450078794233158,0
2050,330,86,1.0,0
2050,331,6,0.0126318646032854,0
2050,331,11,0.0712894396744302,0
2050,331,16,0.11063710323171082,0
2050,331,28,0.04200076669420652,0
2050,331,49,0.16845870687565512,0
2050,331,56,0.23358838658047698,0
2050,331,81,0.08549175769219285,0
2050,331,93,0.05771486047703296,0
2050,331,112,0.1106984785957028,0
2050,331,116,0.09760651816897077,0
2050,332,2,0.051039790123746306,0
2050,332,6,0.08754357799540526,0
2050,332,28,0.08527175132045824,0
2050,332,36,0.07863507667149945,0
2050,332,49,0.018860290698484217,0
2050,332,68,0.08360369653182335,0
2050,332,71,0.0746489438596319,0
2050,332,81,0.14296631193635256,0
2050,332,82,0.03662570870889703,0
2050,332,93,0.06485133175339507,0
2050,332,107,0.10797372807361828,0
2050,332,112,0.019202201950972317,0
2050,332,113,0.038968705200341125,0
2050,332,114,0.10072247245128373,0
2050,333,6,0.09466191460646756,0
2050,333,17,0.23339880931402157,0
2050,333,28,0.16698194006672074,0
2050,333,36,0.14264753873929928,0
2050,333,81,0.041958808991761326,0
2050,333,107,0.19120598795487898,0
2050,333,114,0.1233032895001401,0
2050,334,7,0.049585643773643426,0
2050,334,17,0.07644737346607841,0
2050,334,28,0.3608556007412139,0
2050,334,36,0.3449547983711752,0
2050,334,44,0.0105659094395648,0
2050,334,54,0.024276045454063474,0
2050,334,113,0.040537676010205734,0
2050,334,114,0.08075568548795108,0
2050,334,118,0.012021267256104027,0
2050,335,28,1.0,0
2050,336,41,1.0,0
2050,337,93,1.0,0
2050,338,6,0.5224777951447023,0
2050,338,28,0.13103356007904624,0
2050,338,36,0.07921111181631052,0
2050,338,82,0.03277233478274004,0
2050,338,93,0.12867304177382438,0
2050,338,106,0.0826703467672736,0
2050,339,6,0.3351628274459402,0
2050,339,28,0.07332982615592765,0
2050,339,36,0.12606432799630038,0
2050,339,55,0.04040003817149317,0
2050,339,82,0.10737588039645832,0
2050,339,93,0.2383615064917539,0
2050,339,106,0.0771198440791151,0
2050,340,2,0.07519499883744561,0
2050,340,6,0.3532827277629931,0
2050,340,28,0.08695587319602054,0
2050,340,36,0.14743815146525274,0
2050,340,41,0.010544730085772773,0
2050,340,82,0.07579142914965668,0
2050,340,93,0.06593593478280978,0
2050,340,113,0.13587572946187604,0
2050,340,118,0.04898042525817212,0
2050,341,6,0.2515066520460615,0
2050,341,14,0.10863395558904292,0
2050,341,28,0.03641972898181161,0
2050,341,74,0.11734486871312151,0
2050,341,83,0.012924800441795208,0
2050,341,91,0.09402727584840516,0
2050,341,93,0.20386996098574423,0
2050,341,103,0.034484902283999815,0
2050,341,113,0.10317868495529632,0
2050,341,116,0.037609170154721656,0
2050,342,6,0.12115536401574312,0
2050,342,17,0.029750796357811984,0
2050,342,34,0.0816577489827417,0
2050,342,41,0.1364320772213219,0
2050,342,58,0.05181488574336344,0
2050,342,59,0.0172444106127728,0
2050,342,71,0.352926828357744,0
2050,342,84,0.07244998020875185,0
2050,342,90,0.04739949183192065,0
2050,342,100,0.08916841666782854,0
2050,343,6,0.29296178032188724,0
2050,343,28,0.09081535322260093,0
2050,343,36,0.025956987546232387,0
2050,343,49,0.0561412226068324,0
2050,343,59,0.08748907896556449,0
2050,343,71,0.17053785922144177,0
2050,343,93,0.10528024834125443,0
2050,343,106,0.06301181480589788,0
2050,343,116,0.08013402355995339,0
2050,343,118,0.022204377534823787,0
2050,344,2,0.03068325485584089,0
2050,344,6,0.2068718969015133,0
2050,344,11,0.1347109229971954,0
2050,344,28,0.06897452693648941,0
2050,344,36,0.0762337817364724,0
2050,344,56,0.02444501431421367,0
2050,344,71,0.09275957393871885,0
2050,344,93,0.15171704786443552,0
2050,344,106,0.050338747581833765,0
2050,344,116,0.15701495454598674,0
2050,345,2,0.07667376446109131,0
2050,345,6,0.22224191840419955,0
2050,345,28,0.08161337123856971,0
2050,345,36,0.1176276005718247,0
2050,345,41,0.03806206440480764,0
2050,345,71,0.13289174924675612,0
2050,345,82,0.07584410510593206,0
2050,345,93,0.10105741670511525,0
2050,345,106,0.025384929270623913,0
2050,345,107,0.05099586834775974,0
2050,345,113,0.022382227235860086,0
2050,345,114,0.053831871328919007,0
2050,346,6,0.19972623443629184,0
2050,346,8,0.02774864576901625,0
2050,346,13,0.2621311728590321,0
2050,346,28,0.126350987215933,0
2050,346,30,0.0618194292245441,0
2050,346,36,0.06114554735675885,0
2050,346,91,0.07474750827207215,0
2050,346,93,0.09573191796521754,0
2050,346,106,0.09059855690113423,0
2050,347,13,1.0,0
2050,348,13,0.24970775332809272,0
2050,348,14,0.08818890364080603,0
2050,348,26,0.15897727724632243,0
2050,348,31,0.258801581590955,0
2050,348,71,0.16832135014155916,0
2050,348,93,0.07600313405226469,0
2050,349,4,0.020017923324378205,0
2050,349,6,0.060733648631613193,0
2050,349,13,0.07808216009688165,0
2050,349,14,0.0437287507234078,0
2050,349,20,0.01261683573164294,0
2050,349,26,0.013801438724844406,0
2050,349,31,0.1970444958958769,0
2050,349,62,0.07643450481918654,0
2050,349,71,0.4120765869272757,0
2050,349,103,0.06907344380513537,0
2050,350,71,1.0,0
2050,351,6,0.49559916432300694,0
2050,351,7,0.02980386785119544,0
2050,351,13,0.11457262126735135,0
2050,351,17,0.012633961814990616,0
2050,351,26,0.07008883970437174,0
2050,351,30,0.025688006184114424,0
2050,351,61,0.059896819052328486,0
2050,351,68,0.018090188039791753,0
2050,351,71,0.16248846490378388,0
2050,352,6,1.0,0
2050,353,2,0.02046221740293483,0
2050,353,6,0.4951897401077714,0
2050,353,26,0.1169481832476771,0
2050,353,71,0.18794924138428526,0
2050,353,93,0.10774363312289091,0
2050,353,116,0.06390244994088563,0
2050,354,2,0.11633889342227369,0
2050,354,6,0.5476314781645604,0
2050,354,28,0.035838443097952144,0
2050,354,36,0.09509055430051974,0
2050,354,55,0.046167704417311134,0
2050,354,71,0.11980073321231821,0
2050,354,113,0.01501154952518205,0
2050,354,116,0.011952237120103307,0
2050,355,2,0.15113739494197143,0
2050,355,6,0.45232944661798447,0
2050,355,28,0.1721882768935002,0
2050,355,36,0.05617984453549288,0
2050,355,55,0.025171568495685137,0
2050,355,71,0.09428108398309636,0
2050,355,113,0.030924226123526494,0
2050,355,114,0.01778815840874219,0
2050,356,2,0.03561557461086585,0
2050,356,6,0.38635994456459194,0
2050,356,7,0.12218296524277095,0
2050,356,28,0.18461381577532748,0
2050,356,36,0.07325228459224842,0
2050,356,55,0.03148808222659661,0
2050,356,71,0.07628880184084039,0
2050,356,113,0.07132201437702637,0
2050,356,114,0.0188765167697321,0
2050,357,2,0.015879068917018672,0
2050,357,6,0.45438710482396527,0
2050,357,7,0.026427770522479715,0
2050,357,28,0.1937929023300982,0
2050,357,41,0.05925007763292537,0
2050,357,55,0.04047643541539101,0
2050,357,71,0.030843620577368364,0
2050,357,82,0.011871673661283052,0
2050,357,113,0.08678518550159081,0
2050,357,116,0.0459416438261143,0
2050,357,118,0.03344801502978024,0
2050,358,2,0.027637176491534098,0
2050,358,6,0.27641035220179516,0
2050,358,28,0.013281281477512973,0
2050,358,36,0.11388187893943447,0
2050,358,40,0.10271636282049668,0
2050,358,55,0.08173395434097577,0
2050,358,71,0.11738012199996684,0
2050,358,82,0.14918508036029682,0
2050,358,93,0.0407395506270621,0
2050,358,106,0.021628067771395705,0
2050,358,113,0.04769686047209445,0
2050,359,2,0.1376379904357425,0
2050,359,6,0.1984674267165118,0
2050,359,27,0.019536446107795667,0
2050,359,28,0.05642057852565552,0
2050,359,36,0.10589913800795976,0
2050,359,59,0.07376238678804262,0
2050,359,71,0.04944359391476059,0
2050,359,113,0.257782272528395,0
2050,359,118,0.10102941192783572,0
2050,360,113,1.0,0
2050,361,100,1.0,0
2050,362,26,1.0,0
2050,363,6,0.15447144142954622,0
2050,363,26,0.06388739112629062,0
2050,363,40,0.03831567621427778,0
2050,363,41,0.10653234980742514,0
2050,363,58,0.16640073922407272,0
2050,363,76,0.024826031020611372,0
2050,363,81,0.07387371157026368,0
2050,363,93,0.019202034352087685,0
2050,363,98,0.18136403767014708,0
2050,363,100,0.1549531029117901,0
2050,363,114,0.015224632665759075,0
2050,364,81,1.0,0
2050,365,6,0.19533817623757063,0
2050,365,11,0.028525126657622545,0
2050,365,12,0.026016446383653642,0
2050,365,17,0.029250591466962926,0
2050,365,28,0.10324621916417548,0
2050,365,36,0.10301997756982006,0
2050,365,41,0.011492397786239977,0
2050,365,49,0.0515697556006807,0
2050,365,58,0.06888761025342624,0
2050,365,68,0.04063114483957749,0
2050,365,81,0.2149696148627823,0
2050,365,82,0.05328054936446066,0
2050,365,93,0.04193033165695569,0
