rep_period,timestep,year,scenario,profile_name,value
1,1,2030,0,demand,0.5373289123831686
1,1,2030,0,wind_onshore,0.43707508445778853
2,1,2030,0,demand,0.7196691261727584
2,1,2030,0,wind_onshore,0.3137974670888227
3,1,2030,0,demand,0.5800321966365266
3,1,2030,0,wind_onshore,0.3198854925239344
4,1,2030,0,demand,0.7343886221036915
4,1,2030,0,wind_onshore,0.49338611852285014
5,1,2030,0,demand,0.6547934397597289
5,1,2030,0,wind_onshore,0.4393281208578329
6,1,2030,1,demand,0.6126706811609908
6,1,2030,1,wind_onshore,0.7054649763571071
7,1,2030,1,demand,0.6661757216196713
7,1,2030,1,wind_onshore,0.6231322533602446
8,1,2030,1,demand,0.7343588117180814
8,1,2030,1,wind_onshore,0.6888040173923329
9,1,2030,1,demand,0.7137532879845699
9,1,2030,1,wind_onshore,0.5536331632207601
10,1,2030,1,demand,0.5541607212150776
10,1,2030,1,wind_onshore,0.5422585062221746
