year,period,rep_period,weight,scenario
2030,1,1,1.0,0
2030,2,2,0.17647095673225657,0
2030,2,4,0.579288543482736,0
2030,3,1,0.08533875337570049,0
2030,3,3,1.026218695446419,0
2030,3,4,0.07611361207680171,0
2030,4,2,1.0,0
2030,5,2,0.1457039906888915,0
2030,5,4,0.8448258020250223,0
2030,6,3,0.9835125195293947,0
2030,7,1,0.04143629638540966,0
2030,7,2,0.018863698307561193,0
2030,7,3,1.029404879361512,0
2030,7,4,0.03910527336141311,0
2030,8,2,0.08902781746621359,0
2030,8,3,0.014515883580683639,0
2030,8,4,0.9473973421175357,0
2030,9,2,0.9924322927081651,0
2030,10,3,0.972188367157931,0
2030,11,1,0.05569070884288122,0
2030,11,3,0.9553617529606528,0
2030,11,4,0.041715174076073884,0
2030,12,2,0.04744554248774679,0
2030,12,3,0.01005767706595638,0
2030,12,4,0.976397686089446,0
2030,13,3,0.9865051281916265,0
2030,14,4,0.9949989080007741,0
2030,15,3,0.9851910930139958,0
2030,16,3,0.981377014859138,0
2030,17,2,0.39622202020050007,0
2030,17,3,0.5412721976671904,0
2030,18,3,1.0,0
2030,19,3,0.9923572794004341,0
2030,20,2,0.377144582043316,0
2030,20,3,0.6659820459973461,0
2030,21,2,0.5225431324994063,0
2030,21,3,0.4019003917148335,0
2030,22,1,0.08739769053736171,0
2030,22,3,1.015390486377238,0
2030,22,4,0.07647342233676667,0
2030,23,2,0.9788924252858415,0
2030,24,1,0.3275715451052323,0
2030,24,3,0.5349740818193338,0
2030,24,4,0.2199483019986557,0
2030,25,1,0.025983492721442566,0
2030,25,3,0.9716090091896107,0
2030,25,4,0.018488417567870223,0
2030,26,1,0.07865843142056346,0
2030,26,3,1.0143815757624428,0
2030,26,4,0.06889481533752344,0
2030,27,1,0.269033267443207,0
2030,27,3,0.6282378764782561,0
2030,27,4,0.1814055964311223,0
2030,28,3,0.9875357454789966,0
2030,29,2,0.06408103217540179,0
2030,29,3,0.013464522724057132,0
2030,29,4,0.9678939013578635,0
2030,30,2,0.9557198325806969,0
2030,31,2,0.18024564068726656,0
2030,31,4,0.8112903360124053,0
2030,32,3,0.9973072290603485,0
2030,33,2,0.04181952499768185,0
2030,33,3,0.992899848400831,0
2030,34,1,0.04547881673617763,0
2030,34,2,0.030400558274675804,0
2030,34,3,1.0371882369712453,0
2030,34,4,0.043553557100302995,0
2030,35,1,0.0725025828788628,0
2030,35,3,0.8974106924263725,0
2030,35,4,0.048648247649104,0
2030,36,3,0.9979723602949145,0
2030,37,2,0.15592084687687835,0
2030,37,4,0.6458265065081602,0
2030,38,1,0.08590804467541453,0
2030,38,3,0.9576494684649631,0
2030,38,4,0.06776467720648252,0
2030,39,2,0.23222680320454642,0
2030,39,3,0.6733089140262476,0
2030,40,2,0.16284478888633605,0
2030,40,4,0.7492637343521904,0
2030,41,4,0.9960008387368751,0
2030,42,2,0.9734133941334115,0
2030,43,2,0.15640247200685778,0
2030,43,4,0.693347121220339,0
2030,44,2,0.21589149031923138,0
2030,44,3,0.8859639851528726,0
2030,45,2,0.11136305962967892,0
2030,45,4,0.774194816424535,0
2030,46,3,0.9740948352687525,0
2030,47,3,0.996259937927499,0
2030,48,1,0.22910512099014232,0
2030,48,3,0.7477248187177945,0
2030,48,4,0.1627683004598559,0
2030,49,3,0.994314929994478,0
2030,50,3,0.9971669270930261,0
2030,51,2,0.05663692055111454,0
2030,51,4,0.9543645413000904,0
2030,52,3,0.9786760436947404,0
2030,53,2,0.07150362406005749,0
2030,53,3,0.010270852612446604,0
2030,53,4,0.9551030453105248,0
2030,54,2,0.19163405062592884,0
2030,54,4,0.6156461486581842,0
2030,55,3,0.9902554445516322,0
2030,56,2,0.9961681495233765,0
2030,57,3,0.9870683402207989,0
2030,58,2,0.23236174638794727,0
2030,58,3,0.8574203339795066,0
2030,59,3,0.9898413474529394,0
2030,60,3,0.9970087381688146,0
2030,61,2,0.13192124014878248,0
2030,61,4,0.790919737496916,0
2030,62,2,0.43323057267696774,0
2030,62,3,0.49192458527855915,0
2030,63,2,0.09421330596013233,0
2030,63,3,0.01428107803436457,0
2030,63,4,0.9422716497378495,0
2030,64,2,0.07926466993953254,0
2030,64,3,1.027189515569521,0
2030,65,3,0.9812671657750414,0
2030,66,2,0.3247269529847598,0
2030,66,3,0.758616120245139,0
2030,67,2,0.09237248723368786,0
2030,67,4,0.8300407382392584,0
2030,68,2,0.12072963532236966,0
2030,68,4,0.7773674674988632,0
2030,69,4,1.0,0
2030,70,3,0.9771093530590177,0
2030,71,2,0.08841436566067902,0
2030,71,3,0.8960071256549064,0
2030,72,4,0.9982674240253957,0
2030,73,2,0.08176290996451734,0
2030,73,3,0.940027696142956,0
2030,74,2,0.9704930281655615,0
2030,75,1,0.1424243554460633,0
2030,75,3,0.8573082169621965,0
2030,75,4,0.10300700087561113,0
2030,76,4,0.9968687946805146,0
2030,77,1,0.22031672829606602,0
2030,77,3,0.7501122519256342,0
2030,77,4,0.15558538576512973,0
2030,78,3,0.9940448389764179,0
2030,79,3,0.9890663585452596,0
2030,80,4,1.0017949670445723,0
2030,81,3,0.9927886261908284,0
2030,82,3,0.9952180734711947,0
2030,83,2,0.11636683192740697,0
2030,83,3,1.0089130432837878,0
2030,84,2,0.18287258164976863,0
2030,84,3,0.8038851940759072,0
2030,85,3,0.99197272485153,0
2030,86,2,0.3833285949756957,0
2030,86,3,0.5832671586208703,0
2030,87,3,0.9950501144722452,0
2030,88,3,0.9817186879704182,0
2030,89,2,0.9698212415583336,0
2030,90,2,0.9676636133217186,0
2030,91,2,0.4220657603266495,0
2030,91,3,0.5392479107214686,0
2030,92,2,0.9691356451183533,0
2030,93,1,0.31635882286627304,0
2030,93,3,0.5680337284879737,0
2030,93,4,0.21398556296448004,0
2030,94,2,0.07758096694248749,0
2030,94,3,0.934288047519254,0
2030,95,2,0.1501009231171462,0
2030,95,4,0.7655978771887254,0
2030,96,3,0.9832351931733552,0
2030,97,3,0.9833467540435529,0
2030,98,2,0.493786056561555,0
2030,98,3,0.45874069867516326,0
2030,99,2,0.17005410602865056,0
2030,99,4,0.6771420051505684,0
2030,100,4,1.0055107137840331,0
2030,1,1,1.0,1
2030,2,2,0.17647095673225657,1
2030,2,4,0.579288543482736,1
2030,3,1,0.08533875337570049,1
2030,3,3,1.026218695446419,1
2030,3,4,0.07611361207680171,1
2030,4,2,1.0,1
2030,5,2,0.0802715328504812,1
2030,5,3,1.0406334775243917,1
2030,6,2,0.35426475702657584,1
2030,6,3,0.6286647445399128,1
2030,7,2,0.1646660203842123,1
2030,7,3,0.022908612599159512,1
2030,7,4,0.8951862804703763,1
2030,8,2,0.20143722349551238,1
2030,8,3,0.016332790645549166,1
2030,8,4,0.8494665561288353,1
2030,9,2,0.20887682712773908,1
2030,9,3,0.8204948865563023,1
2030,10,3,0.9780936162251253,1
2030,11,2,0.03800076132361763,1
2030,11,3,0.010304611179803701,1
2030,11,4,0.9853886053682872,1
2030,12,1,0.18718431554200834,1
2030,12,3,0.7409999841474771,1
2030,12,4,0.12617206684149695,1
2030,13,3,0.9757674869924087,1
2030,14,1,0.09635941254813188,1
2030,14,4,0.9084669710780674,1
2030,15,1,0.21610653700668073,1
2030,15,3,0.7005715667770965,1
2030,15,4,0.1456143662697088,1
2030,16,3,0.988611102677951,1
2030,17,1,0.07625476626330031,1
2030,17,3,0.9388310419740149,1
2030,17,4,0.05711253738173128,1
2030,18,2,0.13479817047277215,1
2030,18,4,0.8578866385664098,1
2030,19,2,0.04713086365558488,1
2030,19,4,0.9600004029405438,1
2030,20,1,0.2843268261153289,1
2030,20,3,0.6360405276241528,1
2030,20,4,0.19544582271243163,1
2030,21,2,0.03464437492142775,1
2030,21,4,0.9848985321481328,1
2030,22,3,0.9784784101205227,1
2030,23,3,0.9866724291503595,1
2030,24,1,0.1125422940735876,1
2030,24,3,0.8785555539938092,1
2030,24,4,0.08027540869540789,1
2030,25,3,0.988142331750792,1
2030,26,2,0.22415490706227262,1
2030,26,3,0.8675926369525241,1
2030,27,2,0.21852950217991912,1
2030,27,3,0.7021381656133638,1
2030,28,3,0.9805951788735455,1
2030,29,1,0.11276130815144411,1
2030,29,3,0.8706065813574507,1
2030,29,4,0.07943796822751352,1
2030,30,3,0.9751665039656856,1
2030,31,2,0.9595157441446877,1
2030,32,2,0.09612962809499462,1
2030,32,4,0.9172306282317574,1
2030,33,3,0.9736011283813986,1
2030,34,2,0.10953399218895328,1
2030,34,3,0.8490400075091753,1
2030,35,3,0.979016067404791,1
2030,36,2,0.24319615786743023,1
2030,36,3,0.6632468221904044,1
2030,37,2,0.13256601450256125,1
2030,37,3,0.932909578606764,1
2030,38,2,0.9626077771151297,1
2030,39,2,0.019998049014864905,1
2030,39,3,1.011063592707732,1
2030,40,2,0.0764279172453321,1
2030,40,4,0.8054813795674277,1
2030,41,2,0.191659039609531,1
2030,41,3,0.7608245847982678,1
2030,42,1,0.053616282355888875,1
2030,42,3,0.9837104006411679,1
2030,42,4,0.04359941675936905,1
2030,43,1,0.14988663890588572,1
2030,43,3,0.8525079852300145,1
2030,43,4,0.10874879531836597,1
2030,44,2,0.9668474650549713,1
2030,45,3,0.9890278950223549,1
2030,46,2,0.38672854538254126,1
2030,46,3,0.6589144993008335,1
2030,47,3,0.9974582780997543,1
2030,48,2,0.3788266087451172,1
2030,48,3,0.5334586083265954,1
2030,49,2,0.15937760273838325,1
2030,49,4,0.835590244249511,1
2030,50,2,0.11191062870971959,1
2030,50,3,0.9754046453552606,1
2030,51,2,0.020421143543806537,1
2030,51,3,1.0147257567486834,1
2030,52,2,0.06493268344381582,1
2030,52,3,1.031340295859903,1
2030,53,2,0.0597165634811378,1
2030,53,3,0.019747366780796083,1
2030,53,4,0.9838220863939643,1
2030,54,3,0.981343600809291,1
2030,55,1,0.09451338166954815,1
2030,55,3,1.0004443928920412,1
2030,55,4,0.08061266272924932,1
2030,56,2,0.9922539268083976,1
2030,57,3,0.990909023077712,1
2030,58,2,0.07333551668871068,1
2030,58,3,1.0346100947975208,1
2030,59,2,0.05456339096081208,1
2030,59,3,1.0303859770126222,1
2030,60,3,0.9814649307828803,1
2030,61,2,0.049451284624709574,1
2030,61,4,0.9723416581339217,1
2030,62,2,0.10440403957625992,1
2030,62,3,0.9250593640106408,1
2030,63,2,0.1640234022988937,1
2030,63,4,0.7016764852615706,1
2030,64,2,0.42184245759856337,1
2030,64,3,0.5236379451290273,1
2030,65,2,0.966571730418472,1
2030,66,1,0.22049208410331445,1
2030,66,3,0.7231104386376583,1
2030,66,4,0.15225605201380957,1
2030,67,3,0.9896511297979553,1
2030,68,2,0.045385642933331034,1
2030,68,3,1.0145285089614695,1
2030,69,3,0.9831435764802978,1
2030,70,1,0.0733780480359495,1
2030,70,3,0.9470856395076798,1
2030,70,4,0.05572414543595844,1
2030,71,1,0.07653762202965159,1
2030,71,3,0.9622531243053726,1
2030,71,4,0.06037121638727641,1
2030,72,1,0.06394590226122018,1
2030,72,3,1.0334734017722538,1
2030,72,4,0.05881477454612545,1
2030,73,3,0.9836421520146955,1
2030,74,3,0.9788385929648841,1
2030,75,1,0.0988885531712383,1
2030,75,3,0.9748071304429424,1
2030,75,4,0.08103870800208339,1
2030,76,2,0.09307342387481372,1
2030,76,4,0.8179277919980679,1
2030,77,1,0.08993181083221956,1
2030,77,3,0.9318888814936351,1
2030,77,4,0.06787532497584746,1
2030,78,2,0.21191004647573744,1
2030,78,4,0.5628057160926864,1
2030,79,2,0.36834661496302595,1
2030,79,3,0.6386042816505234,1
2030,80,2,0.016035609248664616,1
2030,80,3,1.011056313782063,1
2030,81,2,0.06063763694968949,1
2030,81,3,0.977947403426601,1
2030,82,2,0.17817975677097225,1
2030,82,3,0.02701872947919176,1
2030,82,4,0.8908407020760426,1
2030,83,2,0.11223368897424112,1
2030,83,4,0.7122898261959467,1
2030,84,2,0.18545548652241262,1
2030,84,4,0.851367965020859,1
2030,85,3,0.9848831981931263,1
2030,86,3,0.990806065439539,1
2030,87,2,0.9739345840765228,1
2030,88,2,0.05121432693432095,1
2030,88,3,0.9973798706473829,1
2030,89,2,0.1806141591322497,1
2030,89,4,0.6829223309994854,1
2030,90,3,0.9825342538551799,1
2030,91,3,0.9880820312731955,1
2030,92,1,0.9637604488195826,1
2030,92,2,0.014708049231472842,1
2030,93,2,0.058902139980136714,1
2030,93,4,0.8591531088231386,1
2030,94,2,0.14804834029867625,1
2030,94,4,0.8265049079865496,1
2030,95,1,0.09007344468999566,1
2030,95,3,0.9745956968322658,1
2030,95,4,0.07349819662430136,1
2030,96,2,0.4474107072646194,1
2030,96,3,0.5805117184064862,1
2030,97,3,0.9846541490285513,1
2030,98,2,0.08458637874814205,1
2030,98,3,0.9054244504356895,1
2030,99,1,0.148199515883814,1
2030,99,3,0.8085386352136985,1
2030,99,4,0.10164601690186341,1
2030,100,2,0.23198663267488148,1
2030,100,4,0.7195462094285826,1
