scenario,year,period,rep_period,weight
0,2030,1,78,1.0
0,2030,2,5,0.05291094269345164
0,2030,2,23,0.09782356237749448
0,2030,2,29,0.03257977662700939
0,2030,2,70,0.054088951943361135
0,2030,2,73,0.0231246440668012
0,2030,2,74,0.02757023543369684
0,2030,2,88,0.09000153689750971
0,2030,2,100,0.59865572983042
0,2030,3,22,1.0
0,2030,4,53,1.0
0,2030,5,60,0.992994728652248
0,2030,6,78,0.9964362970401607
0,2030,7,54,1.0
0,2030,8,100,1.0
0,2030,9,14,0.9937831554642729
0,2030,10,22,0.026690778408325466
0,2030,10,25,0.012245725819636878
0,2030,10,26,0.030479267240193814
0,2030,10,36,0.09001751633076195
0,2030,10,45,0.01645775294283323
0,2030,10,49,0.04815318467801089
0,2030,10,54,0.03266019093994602
0,2030,10,63,0.012688695073851165
0,2030,10,73,0.05778380263531212
0,2030,10,96,0.03173183885343536
0,2030,10,110,0.6290541197036353
0,2030,10,114,0.037667446452403094
0,2030,11,85,0.9938222370075245
0,2030,12,3,0.02315893201162274
0,2030,12,7,0.03436477803962986
0,2030,12,9,0.04790945853332463
0,2030,12,12,0.04133992182206757
0,2030,12,21,0.01636996815872409
0,2030,12,29,0.05651161122000485
0,2030,12,30,0.03921666958597362
0,2030,12,33,0.029693515858452382
0,2030,12,40,0.011768646268351187
0,2030,12,45,0.014942343056616667
0,2030,12,48,0.022196076621856405
0,2030,12,57,0.01654583809494405
0,2030,12,81,0.7179548597772422
0,2030,12,95,0.013254416345411935
0,2030,12,107,0.02510412401256252
0,2030,13,37,0.9926496391438966
0,2030,14,73,1.0
0,2030,15,76,1.0
0,2030,16,6,0.08883093462013435
0,2030,16,8,0.014793205024456359
0,2030,16,10,0.020056356435299537
0,2030,16,14,0.012653741007003746
0,2030,16,16,0.060483709212572734
0,2030,16,25,0.03944537071564171
0,2030,16,28,0.013482207631497854
0,2030,16,37,0.10290923220505703
0,2030,16,46,0.03976127380239011
0,2030,16,60,0.11287300798726031
0,2030,16,67,0.4898093274280672
0,2030,16,90,0.040769625389766556
0,2030,16,103,0.033639386065651165
0,2030,16,109,0.04865714130381508
0,2030,17,6,0.046607510281817345
0,2030,17,10,0.018755717282908802
0,2030,17,13,0.16545133289970498
0,2030,17,14,0.07096982199219025
0,2030,17,15,0.048505220182422516
0,2030,17,26,0.01630683158244302
0,2030,17,32,0.06025042860619219
0,2030,17,38,0.014217977861334687
0,2030,17,78,0.031123338018539507
0,2030,17,86,0.07775088596172648
0,2030,17,90,0.01506590820628534
0,2030,17,109,0.4527817290656842
0,2030,17,110,0.10254809144847274
0,2030,18,5,0.055902835727785295
0,2030,18,10,0.0745992178625461
0,2030,18,11,0.03421510700348788
0,2030,18,27,0.02559022808474406
0,2030,18,31,0.051295360104927364
0,2030,18,41,0.015003500022457612
0,2030,18,45,0.01234309174313095
0,2030,18,56,0.024799082438234744
0,2030,18,60,0.013795794964072499
0,2030,18,76,0.04315955292104767
0,2030,18,81,0.7103437448200614
0,2030,18,92,0.026950099840444438
0,2030,18,116,0.020777526477426547
0,2030,19,107,0.9949618589166823
0,2030,20,2,0.0291235655837709
0,2030,20,21,0.061685308482326846
0,2030,20,27,0.09226434172052796
0,2030,20,31,0.10897671023691238
0,2030,20,32,0.07191707373592893
0,2030,20,41,0.04690096002768329
0,2030,20,90,0.5462396095935502
0,2030,20,101,0.1501255825221587
0,2030,20,103,0.010662918910425328
0,2030,21,83,0.995555276262944
0,2030,22,107,0.9945895533904355
0,2030,23,26,1.0
0,2030,24,86,1.0
0,2030,25,3,0.02170126870482522
0,2030,25,7,0.030224349841242854
0,2030,25,11,0.011953426637112062
0,2030,25,21,0.07921073942773516
0,2030,25,28,0.014284222487557544
0,2030,25,31,0.0216606802377765
0,2030,25,49,0.06092487722552745
0,2030,25,56,0.024805399865467134
0,2030,25,69,0.015610147473363286
0,2030,25,90,0.721661132038489
0,2030,25,94,0.042721126723708945
0,2030,25,101,0.07594006389132325
0,2030,26,15,1.0
0,2030,27,109,1.0
0,2030,28,2,0.05718552241714365
0,2030,28,8,0.07280612101391884
0,2030,28,19,0.1152861455623608
0,2030,28,32,0.16423081540376214
0,2030,28,39,0.04124979725222632
0,2030,28,40,0.04890645083050214
0,2030,28,41,0.0878754748318654
0,2030,28,78,0.08253191958434453
0,2030,28,81,0.18155302191106634
0,2030,28,112,0.21698331249136818
0,2030,29,2,0.02017605375168864
0,2030,29,5,0.06063058058007949
0,2030,29,7,0.03145135127131814
0,2030,29,9,0.032406456502543625
0,2030,29,11,0.013489314218239875
0,2030,29,14,0.011702993139852347
0,2030,29,15,0.01588429735147289
0,2030,29,36,0.014407289038791083
0,2030,29,49,0.02376477598624871
0,2030,29,69,0.014361749620804345
0,2030,29,88,0.02435391137345982
0,2030,29,90,0.83576462161279
0,2030,30,5,1.0
0,2030,31,19,0.13189456731921465
0,2030,31,25,0.03883109182460734
0,2030,31,62,0.07094676720297935
0,2030,31,75,0.14197869602518703
0,2030,31,76,0.04064116019962279
0,2030,31,93,0.023530764039401048
0,2030,31,103,0.07558928201550705
0,2030,31,109,0.4363987080772173
0,2030,31,116,0.09893236669490686
0,2030,32,28,1.0
0,2030,33,71,1.0
0,2030,34,75,0.996434887126424
0,2030,35,29,1.0
0,2030,36,45,1.0
0,2030,37,62,1.0
0,2030,38,10,0.025249141250945708
0,2030,38,22,0.03002962642493119
0,2030,38,31,0.03876453257276654
0,2030,38,35,0.021710572620354914
0,2030,38,56,0.057294114561014624
0,2030,38,60,0.02596982049814446
0,2030,38,79,0.030282469807872418
0,2030,38,83,0.6622649240956214
0,2030,38,91,0.014325439219426011
0,2030,38,92,0.033637031938842134
0,2030,38,93,0.01376898703510379
0,2030,38,94,0.04794415506062756
0,2030,38,103,0.029211747050645664
0,2030,38,105,0.01992680456780217
0,2030,38,116,0.02050471941260341
0,2030,39,15,0.028964442832937254
0,2030,39,17,0.03754951426973932
0,2030,39,20,0.023893009756000456
0,2030,39,26,0.22568349644834632
0,2030,39,37,0.019273695934664714
0,2030,39,40,0.019403910314817217
0,2030,39,68,0.0548583215106711
0,2030,39,70,0.03355439673478269
0,2030,39,79,0.026287731488736553
0,2030,39,90,0.4806775235061533
0,2030,39,101,0.014931819710861287
0,2030,39,107,0.018593887984335773
0,2030,39,119,0.043902333700766315
0,2030,40,2,0.04997229925041104
0,2030,40,8,0.055619319154739943
0,2030,40,9,0.035295642708159464
0,2030,40,15,0.014553495453641284
0,2030,40,19,0.0777111171597049
0,2030,40,21,0.042385475112350385
0,2030,40,31,0.17939551158052483
0,2030,40,39,0.10785713531754011
0,2030,40,41,0.08450998364842642
0,2030,40,69,0.059692099393034756
0,2030,40,90,0.2687142521749677
0,2030,40,101,0.10884380089389871
0,2030,40,103,0.040545133049419806
0,2030,41,15,0.07221998745013276
0,2030,41,90,0.01878983467178703
0,2030,41,97,0.032974330494828015
0,2030,41,103,0.8275574058668906
0,2030,41,119,0.03766509370543999
0,2030,42,37,1.0
0,2030,43,66,1.0
0,2030,44,10,0.013760084082501314
0,2030,44,14,0.056991226249114214
0,2030,44,17,0.06091130507918216
0,2030,44,20,0.0920300597929875
0,2030,44,23,0.03625914335496834
0,2030,44,26,0.08032422307927746
0,2030,44,37,0.06793458512890986
0,2030,44,41,0.027273955536157215
0,2030,44,90,0.5907938421496824
0,2030,44,94,0.02627156952891849
0,2030,45,8,0.043594242396156474
0,2030,45,11,0.01717454045377424
0,2030,45,13,0.014252767606377262
0,2030,45,27,0.017290155070389363
0,2030,45,39,0.0493595571631721
0,2030,45,81,0.7102415615741694
0,2030,45,109,0.1615468736386294
0,2030,46,3,0.02537599668560646
0,2030,46,19,0.0954798148914881
0,2030,46,21,0.08920724268541588
0,2030,46,56,0.016801737806764135
0,2030,46,81,0.6744333115228117
0,2030,46,93,0.015712486783360773
0,2030,46,94,0.05705898149844185
0,2030,46,101,0.021388360929651126
0,2030,46,102,0.02187426017495892
0,2030,46,105,0.04374913227623765
0,2030,46,112,0.03920261346613409
0,2030,47,93,0.9929326539103198
0,2030,48,55,1.0
0,2030,49,21,1.0
0,2030,50,10,0.016086667160082273
0,2030,50,17,0.017133766885296334
0,2030,50,19,0.03081299472695863
0,2030,50,31,0.05518822480936371
0,2030,50,35,0.011239147058426662
0,2030,50,56,0.08637774654786551
0,2030,50,60,0.04576179330230643
0,2030,50,67,0.7434099156182411
0,2030,50,103,0.04270497157794718
0,2030,50,105,0.02441007864056097
0,2030,51,67,0.9969032605389239
0,2030,52,120,0.9973195660094583
0,2030,53,92,1.0
0,2030,54,4,0.07542256874693999
0,2030,54,6,0.062202180120915114
0,2030,54,9,0.030696035486533386
0,2030,54,14,0.03597073923361118
0,2030,54,24,0.05452823678888247
0,2030,54,38,0.012343992106860024
0,2030,54,55,0.10645209515295578
0,2030,54,62,0.018822804217139312
0,2030,54,66,0.056560914268717816
0,2030,54,67,0.6173976289491072
0,2030,54,90,0.014299555852391245
0,2030,55,3,0.05085562052502999
0,2030,55,7,0.03509368975754316
0,2030,55,12,0.028779904140065888
0,2030,55,19,0.013093748594705723
0,2030,55,29,0.02094294354197232
0,2030,55,33,0.037003702049903456
0,2030,55,42,0.042510569196671524
0,2030,55,43,0.014550415984829257
0,2030,55,44,0.011872449405320017
0,2030,55,64,0.055998126237082856
0,2030,55,81,0.682777088690582
0,2030,55,105,0.022533737830986736
0,2030,55,112,0.06565110019847872
0,2030,56,118,1.0
0,2030,57,2,0.043674073715548115
0,2030,57,3,0.020083792725156206
0,2030,57,7,0.0629268139451593
0,2030,57,20,0.020405196684845542
0,2030,57,21,0.07505288312112558
0,2030,57,36,0.0311761058214727
0,2030,57,49,0.10110108446703217
0,2030,57,69,0.018322674130086262
0,2030,57,81,0.5916655590384007
0,2030,57,94,0.07963819710969434
0,2030,57,101,0.13893252136379056
0,2030,58,70,0.9974958816107419
0,2030,59,5,0.033511756628189775
0,2030,59,10,0.10164726694821442
0,2030,59,11,0.02750185326309287
0,2030,59,16,0.05841399972703684
0,2030,59,22,0.01405401033112669
0,2030,59,27,0.01731446799564651
0,2030,59,35,0.02309541975131401
0,2030,59,76,0.03216430283090289
0,2030,59,88,0.7100171715530161
0,2030,60,7,0.06412327728182854
0,2030,60,11,0.012871032361567477
0,2030,60,21,0.058681894131294245
0,2030,60,30,0.04654304145548753
0,2030,60,36,0.010585381743557548
0,2030,60,43,0.04142564078421356
0,2030,60,45,0.025456185341871905
0,2030,60,57,0.019296674079745904
0,2030,60,62,0.04070298788089545
0,2030,60,71,0.03484618530910619
0,2030,60,76,0.019361488134404508
0,2030,60,85,0.6927693733228972
0,2030,60,92,0.010663919643933853
0,2030,60,102,0.014942316603385061
0,2030,61,2,0.05541393588161456
0,2030,61,6,0.010705557847441408
0,2030,61,14,0.07008980003658893
0,2030,61,17,0.0789763611432474
0,2030,61,21,0.030253712128199786
0,2030,61,22,0.010942302627356253
0,2030,61,29,0.014908913989789064
0,2030,61,36,0.031075106076550375
0,2030,61,55,0.04786433847721193
0,2030,61,56,0.01934784558052906
0,2030,61,63,0.029522354152767147
0,2030,61,68,0.030354743272424836
0,2030,61,73,0.014847072695215341
0,2030,61,82,0.010168042616964964
0,2030,61,83,0.5890795437245457
0,2030,61,92,0.01153777530967237
0,2030,61,100,0.026164958730874124
0,2030,61,102,0.01442325169231828
0,2030,61,105,0.012515040962573746
0,2030,62,38,0.9960153432299197
0,2030,63,68,1.0
0,2030,64,5,0.0173171474926129
0,2030,64,10,0.010420079837113924
0,2030,64,15,0.058672719343680575
0,2030,64,20,0.01775246841439084
0,2030,64,23,0.027618371474327375
0,2030,64,28,0.010038513391844243
0,2030,64,47,0.010766323260634899
0,2030,64,54,0.010194974851003296
0,2030,64,69,0.03934336066015201
0,2030,64,81,0.7511591996050541
0,2030,64,88,0.018879870534506002
0,2030,64,119,0.02125938344898786
0,2030,65,54,0.99357486762906
0,2030,66,4,0.013655627363428662
0,2030,66,12,0.06189619756456167
0,2030,66,18,0.08043868132862933
0,2030,66,42,0.019067020930371027
0,2030,66,43,0.060630567471959045
0,2030,66,50,0.011888578041941095
0,2030,66,52,0.024986674263565038
0,2030,66,62,0.03551470365035871
0,2030,66,64,0.03119513479228784
0,2030,66,75,0.02318870362085433
0,2030,66,106,0.0132156945590876
0,2030,66,109,0.749361868490686
0,2030,67,101,0.9953283488827085
0,2030,68,12,0.01794193158713456
0,2030,68,18,0.04545188870259157
0,2030,68,19,0.027518423628811364
0,2030,68,29,0.011042210534630928
0,2030,68,48,0.029622693097916094
0,2030,68,50,0.07433872939158291
0,2030,68,60,0.0406926121207308
0,2030,68,62,0.019384925707210145
0,2030,68,83,0.6039314900001663
0,2030,68,87,0.016285538271616547
0,2030,68,94,0.05837633512138145
0,2030,68,98,0.022983960850043242
0,2030,68,105,0.11144733605203756
0,2030,68,109,0.025640488077545355
0,2030,68,116,0.023986758530750215
0,2030,69,97,1.0
0,2030,70,39,1.0
0,2030,71,2,0.12239595632437004
0,2030,71,5,0.027113171635443516
0,2030,71,7,0.016904363825090113
0,2030,71,15,0.01626932145649844
0,2030,71,20,0.04475456273971692
0,2030,71,21,0.06455230674781923
0,2030,71,26,0.036655202966751406
0,2030,71,27,0.026068095524382332
0,2030,71,31,0.025344538574646983
0,2030,71,39,0.03218298142863499
0,2030,71,54,0.025786779749474655
0,2030,71,68,0.036955788455780986
0,2030,71,78,0.011327677619946285
0,2030,71,83,0.5683334732608251
0,2030,71,101,0.07103372330101371
0,2030,72,93,0.9932088323411837
0,2030,73,79,0.9946049507396483
0,2030,74,111,1.0
0,2030,75,58,0.9969599555696934
0,2030,76,67,0.9972912397046183
0,2030,77,19,0.9952915191763548
0,2030,78,105,1.0
0,2030,79,67,0.9959975515282501
0,2030,80,67,0.9971418223945179
0,2030,81,70,0.9950605199397534
0,2030,82,36,1.0
0,2030,83,43,1.0
0,2030,84,2,0.05982635367025306
0,2030,84,19,0.014177036362915943
0,2030,84,21,0.01475051934502096
0,2030,84,24,0.02640719362703367
0,2030,84,31,0.019705577304526403
0,2030,84,35,0.016951067528682463
0,2030,84,40,0.045069533391621806
0,2030,84,56,0.05409614824529753
0,2030,84,64,0.7661630434990023
0,2030,84,79,0.02133525477866694
0,2030,84,94,0.013963992669630883
0,2030,84,103,0.017632676999725375
0,2030,85,94,1.0
0,2030,86,18,1.0
0,2030,87,6,0.019932718477047074
0,2030,87,7,0.6180004089325127
0,2030,87,10,0.03447191581349907
0,2030,87,17,0.03867290742119729
0,2030,87,18,0.012361323428236766
0,2030,87,22,0.017278955156280543
0,2030,87,24,0.03210632576182867
0,2030,87,36,0.01727445378741207
0,2030,87,55,0.07879293424834427
0,2030,87,59,0.01602010498347675
0,2030,87,60,0.022588556970109218
0,2030,87,73,0.020053353257932578
0,2030,87,92,0.03345213889723275
0,2030,87,100,0.01840881322772576
0,2030,88,33,1.0
0,2030,89,68,0.9938455287487655
0,2030,90,64,0.993835252792298
0,2030,91,83,0.9971018242055085
0,2030,92,3,1.0
0,2030,93,12,0.9989825805455228
0,2030,94,95,0.9993943247074808
0,2030,95,3,0.13900136281966366
0,2030,95,7,0.03546559152967657
0,2030,95,24,0.011611372691790377
0,2030,95,29,0.08114904570606267
0,2030,95,33,0.07525648910920718
0,2030,95,75,0.705128901690945
0,2030,96,19,0.11005414623170962
0,2030,96,21,0.019326578830813238
0,2030,96,24,0.05014808497780097
0,2030,96,56,0.0353858178762558
0,2030,96,62,0.04870872732797484
0,2030,96,64,0.6191355241267195
0,2030,96,93,0.050455951604451696
0,2030,96,95,0.04767489912307479
0,2030,96,102,0.06252978872808386
0,2030,96,105,0.038104012228731186
0,2030,97,19,0.9955063545423657
0,2030,98,19,0.9953694689367824
0,2030,99,67,0.9969982538324296
0,2030,100,67,0.9978982097529147
0,2030,101,67,0.9980581897012345
0,2030,102,3,0.0707598110543292
0,2030,102,18,0.031280087781608276
0,2030,102,19,0.7978268780903116
0,2030,102,24,0.04701106352977309
0,2030,102,29,0.03372064196525154
0,2030,102,33,0.09766270654518855
0,2030,102,82,0.03834893305687436
0,2030,102,118,0.023564015249392105
0,2030,103,2,0.010029377651404582
0,2030,103,7,0.012008877273498307
0,2030,103,17,0.03986610718999497
0,2030,103,18,0.09034071811943058
0,2030,103,24,0.032050699154386866
0,2030,103,33,0.027423427274545532
0,2030,103,42,0.01591972529766275
0,2030,103,55,0.04777867732220512
0,2030,103,63,0.029504268252162485
0,2030,103,82,0.06660107971720765
0,2030,103,83,0.7725911205516663
0,2030,104,13,0.04424068317697887
0,2030,104,27,0.03747523242139288
0,2030,104,38,0.06318797467867322
0,2030,104,55,0.06412094101369714
0,2030,104,60,0.038459187042543676
0,2030,104,66,0.02058628284685142
0,2030,104,68,0.02065264551063225
0,2030,104,81,0.07002260227754743
0,2030,104,90,0.07788362000972514
0,2030,104,112,0.6472510361083369
0,2030,105,112,1.0
0,2030,106,2,0.06438492548243084
0,2030,106,7,0.0466968079066392
0,2030,106,17,0.12281513242542191
0,2030,106,20,0.03471877088845415
0,2030,106,23,0.01202785232476887
0,2030,106,29,0.027808922150896326
0,2030,106,63,0.021964429961181503
0,2030,106,68,0.01919728993977705
0,2030,106,82,0.053029791015040066
0,2030,106,83,0.6565335877531547
0,2030,106,88,0.020547948181057034
0,2030,106,94,0.035208350318277376
0,2030,106,112,0.01338789450580632
0,2030,107,49,0.9962046175411482
0,2030,108,108,0.9994784549871008
0,2030,109,111,0.9982641641703115
0,2030,110,3,0.054366145902591784
0,2030,110,7,0.03950385683307879
0,2030,110,12,0.04623845933425136
0,2030,110,19,0.03711653156692478
0,2030,110,30,0.010956174111359369
0,2030,110,43,0.050019661787639676
0,2030,110,45,0.03577567321113365
0,2030,110,47,0.04005661982818225
0,2030,110,58,0.016079529151580535
0,2030,110,62,0.011935515532569718
0,2030,110,67,0.027115729612538792
0,2030,110,85,0.6357691195084665
0,2030,110,93,0.02942378987977986
0,2030,110,95,0.012542499091249996
0,2030,110,102,0.010770280961763249
0,2030,111,3,0.2610822061702986
0,2030,111,7,0.08423282403009835
0,2030,111,9,0.014061240907274956
0,2030,111,19,0.052687655016254005
0,2030,111,30,0.044132183691588604
0,2030,111,33,0.018026706137082172
0,2030,111,44,0.10366059934943204
0,2030,111,46,0.24123192222942985
0,2030,111,47,0.018449213836894556
0,2030,111,61,0.014523617680594157
0,2030,111,64,0.07427016962348038
0,2030,111,67,0.01352653461079053
0,2030,111,83,0.015226315077563893
0,2030,111,96,0.01640657616648107
0,2030,111,107,0.05660029838047364
0,2030,112,44,1.0
0,2030,113,106,1.0
0,2030,114,23,1.0
0,2030,115,88,1.0
0,2030,116,30,1.0
0,2030,117,5,0.049751740913244004
0,2030,117,10,0.08761124348952255
0,2030,117,25,0.038368453621074584
0,2030,117,28,0.48829945431249483
0,2030,117,35,0.051828156920391985
0,2030,117,41,0.15244480517823084
0,2030,117,51,0.01051684779684475
0,2030,117,61,0.014466229494678972
0,2030,117,67,0.03340735273776312
0,2030,117,90,0.014293123346446675
0,2030,117,91,0.018311235960732097
0,2030,117,103,0.011953682523556214
0,2030,118,57,1.0
0,2030,119,29,0.9978887557183762
0,2030,120,72,1.0
0,2030,121,12,1.0
0,2030,122,96,1.0
0,2030,123,29,0.997557916584768
0,2030,124,3,0.01955346447906733
0,2030,124,9,0.02215170943239344
0,2030,124,12,0.07987274374362976
0,2030,124,30,0.04254069513997162
0,2030,124,33,0.09816917676172844
0,2030,124,48,0.04266367333769733
0,2030,124,57,0.04314311337417968
0,2030,124,72,0.013139471016430494
0,2030,124,98,0.09179910625568258
0,2030,124,99,0.5216864262830995
0,2030,124,106,0.04347886182669631
0,2030,125,36,0.9963570729824363
0,2030,126,74,0.9991486404398447
0,2030,127,45,0.9990493782819099
0,2030,128,75,1.0
0,2030,129,79,0.997314032645812
0,2030,130,5,0.05169954747753739
0,2030,130,29,0.018047320685219494
0,2030,130,40,0.021659772546290295
0,2030,130,106,0.8130950013809617
0,2030,131,46,1.0
0,2030,132,20,1.0
0,2030,133,7,1.0
0,2030,134,3,0.15317112406385552
0,2030,134,11,0.03249080374810142
0,2030,134,12,0.05338100808776123
0,2030,134,30,0.06633153682722386
0,2030,134,45,0.025321388105786574
0,2030,134,47,0.016698640726219023
0,2030,134,48,0.07523531694967098
0,2030,134,72,0.02886555289226928
0,2030,134,95,0.04077029584480102
0,2030,134,113,0.04484782015849062
0,2030,134,120,0.5112997547528094
0,2030,135,65,1.0
0,2030,136,107,1.0
0,2030,137,67,0.993213762514209
0,2030,138,2,0.03154420909356371
0,2030,138,3,0.2087705861374786
0,2030,138,9,0.36828443565429175
0,2030,138,20,0.01852932000191264
0,2030,138,23,0.03200278922240485
0,2030,138,24,0.10655509899875362
0,2030,138,29,0.051010685916729005
0,2030,138,57,0.045498204275027654
0,2030,138,88,0.011800398249616104
0,2030,138,101,0.15326433119778157
0,2030,138,119,0.0814584249108292
0,2030,139,29,0.9966740685865295
0,2030,140,42,1.0
0,2030,141,3,0.05447290263265341
0,2030,141,19,0.03437284723198677
0,2030,141,24,0.08759643262029457
0,2030,141,29,0.07174711359898864
0,2030,141,47,0.057787522432979445
0,2030,141,48,0.016494581525969002
0,2030,141,56,0.01906022781980336
0,2030,141,67,0.012305998070571252
0,2030,141,93,0.016187872869543186
0,2030,141,95,0.01337382336714504
0,2030,141,102,0.014526397812043474
0,2030,141,117,0.6783437626563279
0,2030,142,7,0.12698092226460286
0,2030,142,13,0.058879681814829644
0,2030,142,23,0.014393966095971746
0,2030,142,54,0.01961401571728308
0,2030,142,88,0.030203160124939153
0,2030,142,106,0.7412487608212652
0,2030,143,63,1.0
0,2030,144,99,0.9968362115990255
0,2030,145,108,0.9980537205091674
0,2030,146,12,0.07056011065080461
0,2030,146,18,0.04781150913504767
0,2030,146,42,0.06961288462896383
0,2030,146,44,0.0873132198003194
0,2030,146,46,0.0215114915094247
0,2030,146,64,0.12077522835570567
0,2030,146,67,0.4891974447557919
0,2030,146,94,0.11185214372372149
0,2030,146,105,0.04675204323738018
0,2030,146,111,0.010928434783932787
0,2030,147,7,0.027409054453367238
0,2030,147,12,0.010588925449118849
0,2030,147,19,0.25131485454053787
0,2030,147,21,0.031968138491470975
0,2030,147,42,0.10498091509999602
0,2030,147,44,0.038846648265166366
0,2030,147,64,0.3878224633143513
0,2030,147,67,0.05291783697161443
0,2030,147,75,0.023214018778166787
0,2030,147,93,0.1392365656635408
0,2030,147,95,0.011183911555561449
0,2030,148,17,0.04507632568990871
0,2030,148,19,0.0926169139893866
0,2030,148,24,0.03724405053047058
0,2030,148,29,0.028349202581254614
0,2030,148,55,0.026822981104788736
0,2030,148,56,0.054431988827090674
0,2030,148,64,0.01787147053107279
0,2030,148,83,0.024126994145278538
0,2030,148,102,0.0379392819812056
0,2030,148,103,0.020627896567490978
0,2030,148,105,0.024605952266738566
0,2030,148,117,0.6329314460283971
0,2030,149,6,0.06014229809791836
0,2030,149,46,0.027498317408213072
0,2030,149,59,0.049894869275855555
0,2030,149,61,0.0754617424982757
0,2030,149,77,0.045703183144582445
0,2030,149,82,0.4637409033928162
0,2030,149,89,0.13276793234038925
0,2030,149,98,0.08345577116609723
0,2030,149,106,0.06386581855202741
0,2030,150,82,0.9962807330560658
0,2030,151,82,0.9961053246155231
0,2030,152,9,0.04587909776754168
0,2030,152,11,0.13009428146559301
0,2030,152,13,0.0720941512602605
0,2030,152,23,0.021935526591016052
0,2030,152,30,0.11080848606894649
0,2030,152,57,0.037718035774072255
0,2030,152,71,0.04560129244486973
0,2030,152,76,0.013991995711095289
0,2030,152,82,0.6144460814919973
0,2030,153,3,0.022046023776953652
0,2030,153,14,0.04178562592669667
0,2030,153,18,0.03226820938161349
0,2030,153,24,0.04523267538038319
0,2030,153,32,0.014287888155582714
0,2030,153,33,0.08921224761552143
0,2030,153,38,0.05829883596347148
0,2030,153,44,0.4942940447552726
0,2030,153,46,0.049261904394117866
0,2030,153,48,0.03708154785450744
0,2030,153,82,0.07082432363774592
0,2030,153,90,0.013777262693389818
0,2030,153,98,0.03140040998051566
0,2030,153,109,0.0395563309385235
0,2030,154,82,1.0
0,2030,155,58,0.998005743274566
0,2030,156,5,0.014150687748262709
0,2030,156,7,0.040810095724069476
0,2030,156,11,0.028660264591574645
0,2030,156,24,0.01790449569484532
0,2030,156,31,0.012702508194632258
0,2030,156,36,0.01342472604027155
0,2030,156,42,0.021562803037920988
0,2030,156,59,0.04146813035773328
0,2030,156,63,0.013793919704089991
0,2030,156,80,0.02526662204577843
0,2030,156,82,0.051918424899526326
0,2030,156,83,0.6915576937904981
0,2030,156,92,0.010410864031019474
0,2030,156,93,0.03304259356609349
0,2030,156,94,0.013024607068028696
0,2030,156,98,0.025698937874308565
0,2030,156,114,0.03737337910833406
0,2030,157,5,0.04312036789410573
0,2030,157,11,0.05118027992363663
0,2030,157,21,0.028948667594524174
0,2030,157,24,0.05198148714596924
0,2030,157,31,0.07118729265450079
0,2030,157,32,0.010252028256255053
0,2030,157,42,0.032493814856292005
0,2030,157,56,0.024483710912120583
0,2030,157,58,0.02548555690675426
0,2030,157,67,0.028881860212025375
0,2030,157,81,0.012049165339023865
0,2030,157,82,0.06637372247121229
0,2030,157,83,0.4573540522024493
0,2030,157,93,0.14648496922329313
0,2030,157,94,0.05667451189215514
0,2030,157,101,0.032259219159829586
0,2030,157,102,0.011108797594844299
0,2030,158,67,0.9963676336817949
0,2030,159,67,0.9973354675070424
0,2030,160,21,0.04565477794857536
0,2030,160,27,0.0290552998214745
0,2030,160,31,0.020839173176006476
0,2030,160,32,0.010410421962005308
0,2030,160,42,0.07490855700728294
0,2030,160,80,0.025878509956588417
0,2030,160,81,0.011793656963242357
0,2030,160,82,0.03217323183205363
0,2030,160,83,0.5558354392614865
0,2030,160,92,0.06541252438989589
0,2030,160,93,0.09754524024935421
0,2030,160,94,0.03658413186485839
0,2030,161,67,0.9952449565658276
0,2030,162,77,0.996755611604563
0,2030,163,63,0.9950269566732258
0,2030,164,77,0.9964487678518928
0,2030,165,4,0.024279848463070273
0,2030,165,6,0.02290909766475049
0,2030,165,7,0.04627646668608511
0,2030,165,18,0.023016702327265798
0,2030,165,24,0.023261963531665483
0,2030,165,30,0.08306430453905553
0,2030,165,33,0.06877342647026095
0,2030,165,42,0.014318881398082706
0,2030,165,43,0.03957222629470911
0,2030,165,57,0.025996787061913995
0,2030,165,62,0.02273927318658809
0,2030,165,67,0.6628882036871775
0,2030,166,67,0.9960017838579646
0,2030,167,93,1.0
0,2030,168,48,1.0
0,2030,169,1,0.9985221580848072
0,2030,170,59,0.9977383779267394
0,2030,171,114,0.9988327796299574
0,2030,172,52,0.9991142397898328
0,2030,173,9,0.01479667889845392
0,2030,173,10,0.09561591489097143
0,2030,173,14,0.01407882673404687
0,2030,173,24,0.06818979308844199
0,2030,173,35,0.05323762613056781
0,2030,173,59,0.022032046002374964
0,2030,173,60,0.0643004043071585
0,2030,173,66,0.015619958738625485
0,2030,173,67,0.7341290222488903
0,2030,173,77,0.01417741302606719
0,2030,173,80,0.04271893122806746
0,2030,173,90,0.014206214988611786
0,2030,174,67,0.9954911781817185
0,2030,175,83,0.9974648727071279
0,2030,176,103,0.9939557257746728
0,2030,177,3,0.0329910026400546
0,2030,177,5,0.047952086019229255
0,2030,177,29,0.015685819305100168
0,2030,177,35,0.026326610139898364
0,2030,177,48,0.0239688510173136
0,2030,177,51,0.045812842665004704
0,2030,177,103,0.8281583732460102
0,2030,177,114,0.017479467133766868
0,2030,178,89,0.9981431480410138
0,2030,179,114,1.0
0,2030,180,1,1.0
0,2030,181,106,0.998809813499391
0,2030,182,74,0.9995844876229356
0,2030,183,106,0.997716740337328
0,2030,184,5,0.11451596533931924
0,2030,184,6,0.021151795224501908
0,2030,184,13,0.07436509670811355
0,2030,184,15,0.03525762183411195
0,2030,184,20,0.012767637904045698
0,2030,184,23,0.060944638622303114
0,2030,184,26,0.025058254967101363
0,2030,184,54,0.06296298385620269
0,2030,184,88,0.03019972360778169
0,2030,184,111,0.5615760510024929
0,2030,185,108,0.9982918507866937
0,2030,186,75,0.9962461494847443
0,2030,187,1,0.02022664817642532
0,2030,187,10,0.02247773561953004
0,2030,187,24,0.039060945795661564
0,2030,187,45,0.016077491556771524
0,2030,187,50,0.010823466509874822
0,2030,187,57,0.012799274165071844
0,2030,187,59,0.023620931901703366
0,2030,187,62,0.014042487059518211
0,2030,187,67,0.8472097162203309
0,2030,187,76,0.023777867607591558
0,2030,187,95,0.012767698134653843
0,2030,187,116,0.020479872833769484
0,2030,188,67,1.0
0,2030,189,117,0.9953337473308255
0,2030,190,1,0.10943642386017961
0,2030,190,12,0.02550310240023519
0,2030,190,44,0.01169418409471495
0,2030,190,48,0.03821062404662463
0,2030,190,50,0.0748622687744763
0,2030,190,59,0.024590301940890517
0,2030,190,61,0.012916385851904877
0,2030,190,71,0.5625151856643564
0,2030,190,72,0.019050309076032123
0,2030,190,91,0.05301581259457493
0,2030,190,104,0.04241464475673396
0,2030,190,114,0.016498407627976025
0,2030,190,117,0.015967402476961077
0,2030,191,87,0.9971028673431158
0,2030,192,51,0.9979121877040584
0,2030,193,116,0.9983518924394853
0,2030,194,75,0.9932110090393866
0,2030,195,2,0.02024165113930478
0,2030,195,9,0.013976524965288107
0,2030,195,17,0.07877162959472862
0,2030,195,21,0.01268520586957313
0,2030,195,24,0.02321279354012836
0,2030,195,30,0.019697353678603674
0,2030,195,55,0.05356979285813597
0,2030,195,67,0.755941629424705
0,2030,195,68,0.058529502521952874
0,2030,195,102,0.012004265073326753
0,2030,196,117,1.0
0,2030,197,4,0.044152385918646085
0,2030,197,34,0.022656859926772435
0,2030,197,43,0.039939629851835155
0,2030,197,59,0.8745813851911808
0,2030,198,59,1.0
0,2030,199,80,1.0
0,2030,200,91,0.9987154610239066
0,2030,201,59,0.998636352893378
0,2030,202,57,0.9986116233005926
0,2030,203,67,0.9937947742505316
0,2030,204,5,0.05587009388717343
0,2030,204,10,0.10267191473287006
0,2030,204,11,0.03847322234364447
0,2030,204,16,0.01392381337590057
0,2030,204,31,0.01887318155816398
0,2030,204,35,0.07741035043589531
0,2030,204,51,0.04432288086065331
0,2030,204,59,0.05028810374939877
0,2030,204,67,0.7325751062383924
0,2030,204,76,0.034474776236955974
0,2030,204,91,0.013179088977325568
0,2030,205,91,1.0
0,2030,206,61,1.0
0,2030,207,3,0.08500628738792369
0,2030,207,7,0.025076087318359443
0,2030,207,12,0.020965563725530753
0,2030,207,18,0.010336321959247557
0,2030,207,20,0.05864116000486018
0,2030,207,33,0.012576368559524362
0,2030,207,46,0.024984450467864003
0,2030,207,48,0.012607708959248969
0,2030,207,91,0.6647162811582701
0,2030,207,111,0.011611698796292487
0,2030,208,1,0.059392501833271195
0,2030,208,12,0.057735767190293254
0,2030,208,36,0.052209030468851454
0,2030,208,50,0.012353307425196492
0,2030,208,59,0.07798499917963858
0,2030,208,88,0.011555033425442231
0,2030,208,89,0.7286493282250106
0,2030,208,98,0.05089782704229431
0,2030,208,114,0.08867825454486025
0,2030,209,104,1.0
0,2030,210,98,1.0
0,2030,211,59,0.9959633087834218
0,2030,212,113,0.9977580928349778
0,2030,213,87,1.0
0,2030,214,76,0.997735674420419
0,2030,215,113,1.0
0,2030,216,3,0.0494259455909845
0,2030,216,12,0.07072448543530567
0,2030,216,17,0.013769552222039726
0,2030,216,29,0.0873380448656824
0,2030,216,36,0.0127979835584129
0,2030,216,48,0.01855047983558412
0,2030,216,49,0.029515939472821735
0,2030,216,50,0.016112228622311174
0,2030,216,74,0.024044384318295385
0,2030,216,88,0.030659042238712034
0,2030,216,97,0.01976124792158826
0,2030,216,113,0.6097691738625938
0,2030,217,1,0.015816108746368032
0,2030,217,3,0.04484838032740986
0,2030,217,12,0.023325502087651908
0,2030,217,17,0.023900214447503162
0,2030,217,29,0.06204364688716027
0,2030,217,47,0.010400260974372511
0,2030,217,48,0.024191563022065998
0,2030,217,50,0.01672738964869664
0,2030,217,51,0.04016899378818943
0,2030,217,56,0.029201646026938036
0,2030,217,79,0.051462999638126485
0,2030,217,93,0.021839163530832265
0,2030,217,94,0.032971282795911105
0,2030,217,111,0.49077421373564767
0,2030,217,117,0.11987616255462358
0,2030,218,59,0.9984860136405721
0,2030,219,106,0.9984551556873998
0,2030,220,80,0.9937099110656927
0,2030,221,9,0.020251746451930532
0,2030,221,10,0.13909680737256222
0,2030,221,31,0.11667169885162355
0,2030,221,35,0.1413777052363293
0,2030,221,60,0.09496373060644572
0,2030,221,67,0.6373811483742671
0,2030,221,103,0.029052130730323537
0,2030,222,51,1.0
0,2030,223,50,1.0
0,2030,224,4,0.0174996533977636
0,2030,224,34,0.028438607714595436
0,2030,224,92,0.01349277513674704
0,2030,224,98,0.9171100859357993
0,2030,225,80,0.994396721866017
0,2030,226,31,0.992642407654702
0,2030,227,67,0.9953620153992768
0,2030,228,3,0.027970019679714835
0,2030,228,19,0.025392146098262906
0,2030,228,40,0.03751746410548632
0,2030,228,47,0.01912231104728795
0,2030,228,91,0.8661278096669226
0,2030,228,103,0.015402723989907666
0,2030,229,59,0.9984549244639487
0,2030,230,7,0.015099836387785233
0,2030,230,36,0.08536355943835565
0,2030,230,73,0.01785676977936257
0,2030,230,88,0.016697822397532768
0,2030,230,92,0.03402128050876618
0,2030,230,98,0.7555263441333178
0,2030,230,100,0.04865086973658875
0,2030,230,114,0.0207794378637816
0,2030,231,21,0.02073617036458765
0,2030,231,34,0.012075531220802788
0,2030,231,42,0.012349362450282368
0,2030,231,98,0.904090082740537
0,2030,232,113,0.9982197553885884
0,2030,233,2,0.014489598713232323
0,2030,233,5,0.0828910579428666
0,2030,233,7,0.01972986709361418
0,2030,233,9,0.03401980433507854
0,2030,233,13,0.012918172829456722
0,2030,233,15,0.01963493557138077
0,2030,233,23,0.015649389940626316
0,2030,233,26,0.03099232726836411
0,2030,233,33,0.01142508653134369
0,2030,233,54,0.04664909949774274
0,2030,233,75,0.759330009829383
0,2030,233,88,0.01445886673692375
0,2030,234,16,0.02718958921909592
0,2030,234,47,0.0830392358514877
0,2030,234,51,0.013042643820004324
0,2030,234,56,0.3190946681870109
0,2030,234,61,0.022215821183461867
0,2030,234,64,0.03817387483167819
0,2030,234,67,0.18841479460970684
0,2030,234,75,0.08583842373489514
0,2030,234,77,0.1414370502061215
0,2030,234,80,0.015049276675876836
0,2030,234,103,0.01626764459645179
0,2030,234,113,0.060226266050593884
0,2030,235,87,0.9968800111768568
0,2030,236,4,0.01468489425951109
0,2030,236,9,0.08011852594721562
0,2030,236,13,0.013035849924276723
0,2030,236,30,0.047850105080324896
0,2030,236,33,0.051766055732815744
0,2030,236,42,0.02027620965154445
0,2030,236,64,0.012525508357752568
0,2030,236,83,0.03166405114535027
0,2030,236,87,0.7105336668263278
0,2030,237,113,0.995526820032954
0,2030,238,85,0.9964079938859134
0,2030,239,102,0.9941275888684976
0,2030,240,67,0.9920146083379329
0,2030,241,67,0.9947931950854304
0,2030,242,67,0.9960906333923624
0,2030,243,2,0.029010538221612443
0,2030,243,9,0.039287669028284455
0,2030,243,14,0.01952781492132397
0,2030,243,24,0.08598937088436427
0,2030,243,31,0.05884428579969141
0,2030,243,35,0.03416400290957592
0,2030,243,67,0.7511269188379728
0,2030,243,81,0.02439291788209422
0,2030,243,90,0.0313132541205632
0,2030,243,103,0.014264587207390843
0,2030,244,67,0.9979002913026979
0,2030,245,93,0.999728120076733
0,2030,246,106,0.9971680122480843
0,2030,247,73,0.9856735697751066
0,2030,248,85,1.0
0,2030,249,12,0.025778872873244534
0,2030,249,18,0.024557232480368205
0,2030,249,19,0.032500872603817725
0,2030,249,28,0.010672161848889658
0,2030,249,38,0.7467881682443698
0,2030,249,44,0.02671068704194152
0,2030,249,46,0.013381578232807551
0,2030,249,48,0.023384920774156916
0,2030,249,50,0.01670595683005417
0,2030,249,61,0.011913331400607135
0,2030,249,64,0.06574341394876179
0,2030,249,75,0.021865390917334197
0,2030,249,105,0.029661870739337133
0,2030,249,115,0.02107484121610186
0,2030,250,3,0.017202387264068808
0,2030,250,7,0.1358660890914033
0,2030,250,12,0.01228245614941865
0,2030,250,20,0.06987141388506837
0,2030,250,33,0.09738783060189705
0,2030,250,81,0.7583744969665005
0,2030,250,88,0.024967427105755297
0,2030,250,112,0.049704020395402886
0,2030,251,101,1.0
0,2030,252,64,1.0
0,2030,253,17,1.0
0,2030,254,108,1.0
0,2030,255,6,0.08754773396531129
0,2030,255,18,0.06825896485988911
0,2030,255,23,0.06588908120831477
0,2030,255,25,0.010983637959885079
0,2030,255,43,0.03125652734641147
0,2030,255,63,0.04806200038427261
0,2030,255,77,0.645191277359791
0,2030,255,88,0.03998704092039241
0,2030,255,96,0.01742034347562939
0,2030,256,58,0.9960232846564152
0,2030,257,79,0.9960623437966951
0,2030,258,3,0.07246562019138887
0,2030,258,9,0.03818688171435933
0,2030,258,19,0.034696430210716354
0,2030,258,28,0.016257849064473147
0,2030,258,29,0.09729132578664049
0,2030,258,46,0.018571181120245677
0,2030,258,64,0.07061048740176411
0,2030,258,83,0.08220763651136741
0,2030,258,105,0.023181922047586765
0,2030,258,107,0.01105715376434297
0,2030,258,117,0.4971295046185263
0,2030,259,3,0.08841301821643383
0,2030,259,20,0.04740302945687659
0,2030,259,28,0.04457106878573012
0,2030,259,44,0.6270680977019174
0,2030,259,46,0.07153179196118863
0,2030,259,47,0.04323557288175139
0,2030,259,64,0.010573383717781827
0,2030,259,97,0.04874538712349121
0,2030,260,115,0.9966475486266149
0,2030,261,77,1.0
0,2030,262,10,0.038187395345077535
0,2030,262,15,0.015599846417045206
0,2030,262,17,0.11714424807904543
0,2030,262,20,0.04266073956451279
0,2030,262,22,0.04440551239675336
0,2030,262,27,0.04136355628520792
0,2030,262,36,0.022124315590869966
0,2030,262,37,0.020895719649489303
0,2030,262,39,0.025770607996841447
0,2030,262,41,0.09041064311653053
0,2030,262,44,0.037590967760658005
0,2030,262,53,0.013346834992821495
0,2030,262,65,0.01219669535866905
0,2030,262,78,0.021950975569404264
0,2030,262,83,0.4683645289534221
0,2030,262,114,0.02288985818311633
0,2030,262,117,0.021165754563309467
0,2030,263,12,0.027862523176454237
0,2030,263,17,0.03570085074711359
0,2030,263,21,0.01788352076318747
0,2030,263,29,0.056902322083401964
0,2030,263,44,0.03229701669519423
0,2030,263,48,0.040174954538509555
0,2030,263,49,0.010870766459916734
0,2030,263,56,0.08421391355255106
0,2030,263,79,0.03873557268252234
0,2030,263,82,0.016937105546002685
0,2030,263,108,0.012070640778598936
0,2030,263,110,0.6035268857672057
0,2030,264,3,0.025535985086362845
0,2030,264,8,0.023776462395198025
0,2030,264,16,0.052235747279622824
0,2030,264,37,0.0205426136181691
0,2030,264,46,0.029552967441639065
0,2030,264,47,0.05710160157717958
0,2030,264,67,0.01584605251026642
0,2030,264,85,0.024189241668345022
0,2030,264,102,0.6834342776915525
0,2030,264,109,0.024588162094895963
0,2030,264,117,0.026797911385342387
0,2030,265,64,0.9934502132739088
0,2030,266,79,0.9958509386325682
0,2030,267,96,0.998036090195326
0,2030,268,111,0.9951027603176124
0,2030,269,49,1.0
0,2030,270,7,0.022422445479843824
0,2030,270,12,0.11073530247633324
0,2030,270,36,0.04319356174909745
0,2030,270,43,0.044319473207845225
0,2030,270,45,0.011502863192888374
0,2030,270,52,0.020844348629547843
0,2030,270,74,0.02990305059966448
0,2030,270,106,0.7108338481279387
0,2030,271,99,1.0
0,2030,272,4,0.02429500369645743
0,2030,272,7,0.01878655438200958
0,2030,272,11,0.07256084067271464
0,2030,272,30,0.07731976999449455
0,2030,272,108,0.8344108282754052
0,2030,273,115,1.0
0,2030,274,1,0.9983259452950396
0,2030,275,4,1.0
0,2030,276,67,0.9960446637968663
0,2030,277,3,0.10558393998478048
0,2030,277,9,0.14155533033658324
0,2030,277,19,0.03727260167368611
0,2030,277,37,0.5027907829359518
0,2030,277,47,0.06466213771759924
0,2030,277,56,0.04412038198559524
0,2030,277,101,0.0956064915987203
0,2030,277,107,0.02734096751161994
0,2030,277,112,0.05822343977005655
0,2030,278,95,1.0
0,2030,279,19,1.0
0,2030,280,47,0.9954961450864429
0,2030,281,65,0.9958265223737977
0,2030,282,102,1.0
0,2030,283,4,0.06711882078684181
0,2030,283,19,0.037496492362946214
0,2030,283,24,0.030660582036979345
0,2030,283,29,0.107067247410245
0,2030,283,56,0.013234269379012224
0,2030,283,62,0.018356924208564156
0,2030,283,83,0.025284659102035006
0,2030,283,89,0.048187241055783675
0,2030,283,93,0.6866936380982968
0,2030,283,103,0.01549619185430132
0,2030,283,113,0.017049969813921872
0,2030,284,1,0.04619862344802325
0,2030,284,5,0.012713003929094514
0,2030,284,10,0.18223690858632022
0,2030,284,59,0.04618748245380789
0,2030,284,73,0.6919157872198903
0,2030,284,106,0.012607474167018805
0,2030,285,74,1.0
0,2030,286,52,1.0
0,2030,287,79,1.0
0,2030,288,116,1.0
0,2030,289,4,0.028735053056466668
0,2030,289,19,0.3917872540512005
0,2030,289,52,0.09820862659475248
0,2030,289,60,0.11223316854742024
0,2030,289,62,0.014209058442020054
0,2030,289,64,0.11342501067889497
0,2030,289,67,0.2454454413884875
0,2030,289,75,0.03449362160211125
0,2030,290,47,1.0
0,2030,291,7,0.01811995887768498
0,2030,291,12,0.04138908395723801
0,2030,291,18,0.03300702423653958
0,2030,291,20,0.017717853494374415
0,2030,291,42,0.03985618032553281
0,2030,291,44,0.032241839390710826
0,2030,291,49,0.01106496850908404
0,2030,291,62,0.739460096650191
0,2030,291,74,0.01202127030374552
0,2030,291,99,0.03159488563687319
0,2030,291,115,0.0129812478418087
0,2030,292,67,0.9945392129152412
0,2030,293,2,0.01114607800313191
0,2030,293,19,0.1059089007189463
0,2030,293,21,0.10823546002851316
0,2030,293,24,0.052348519838603155
0,2030,293,42,0.011871127678836966
0,2030,293,64,0.6046830451100763
0,2030,293,75,0.013167998784999198
0,2030,293,90,0.05516787942491826
0,2030,293,103,0.07604283969314629
0,2030,294,3,0.17507797088168417
0,2030,294,7,0.01820614275325127
0,2030,294,9,0.03717276592846095
0,2030,294,40,0.11574014335198989
0,2030,294,93,0.5328779965236913
0,2030,294,101,0.043912253257392
0,2030,294,112,0.07312677389269684
0,2030,295,120,1.0
0,2030,296,4,0.03924778309420292
0,2030,296,6,0.020400301247706767
0,2030,296,8,0.5887759876622721
0,2030,296,18,0.13016640983454467
0,2030,296,30,0.054898405957433546
0,2030,296,33,0.04661322010738684
0,2030,296,42,0.025255750822230617
0,2030,296,43,0.040434250007901844
0,2030,296,46,0.025248783487999502
0,2030,296,52,0.04637091894262478
0,2030,296,55,0.012815809983590143
0,2030,296,58,0.047857155085640875
0,2030,296,64,0.017351585007341873
0,2030,297,2,0.07085669805124299
0,2030,297,5,0.023219513613873203
0,2030,297,9,0.060161836178954944
0,2030,297,11,0.010662653472177848
0,2030,297,19,0.01877051241439818
0,2030,297,21,0.038779921466368855
0,2030,297,31,0.030134210211209104
0,2030,297,56,0.07343501586755799
0,2030,297,90,0.666273303126257
0,2030,297,101,0.09466355115555936
0,2030,297,102,0.013030863796495722
0,2030,298,24,1.0
0,2030,299,37,0.9923002155645523
0,2030,300,58,1.0
0,2030,301,83,1.0
0,2030,302,56,1.0
0,2030,303,95,0.997514670738427
0,2030,304,2,0.020662176361552598
0,2030,304,8,0.0767607134261648
0,2030,304,9,0.05077972328478937
0,2030,304,10,0.0567663717340979
0,2030,304,60,0.06957068613576707
0,2030,304,66,0.025331510703008816
0,2030,304,67,0.5124160411836771
0,2030,304,86,0.05179957480385781
0,2030,304,90,0.04995688423044362
0,2030,304,103,0.015157061368182538
0,2030,304,110,0.07674383501808
0,2030,305,19,0.21381912469991127
0,2030,305,21,0.035253066051929995
0,2030,305,40,0.040958359023274334
0,2030,305,56,0.02588948269192283
0,2030,305,64,0.01475214782327059
0,2030,305,68,0.06470943167212771
0,2030,305,79,0.115396883524843
0,2030,305,84,0.0622012281496199
0,2030,305,93,0.28121075830594794
0,2030,305,103,0.04940818935522744
0,2030,305,107,0.06986702103134913
0,2030,306,110,0.9951132322510495
0,2030,307,70,1.0
0,2030,308,34,1.0
0,2030,309,89,0.9974638511271038
0,2030,310,104,0.9980126353239084
0,2030,311,45,0.9969687252983306
0,2030,312,10,0.01747546023609303
0,2030,312,16,0.08875228741442186
0,2030,312,22,0.03444983194346228
0,2030,312,36,0.01970052518963485
0,2030,312,53,0.017920580763946193
0,2030,312,69,0.06339771797630737
0,2030,312,73,0.05593655523608011
0,2030,312,75,0.6209703907458344
0,2030,312,76,0.0339870437370837
0,2030,312,100,0.014000481646815202
0,2030,313,89,1.0
0,2030,314,6,1.0
0,2030,315,13,1.0
0,2030,316,84,0.9946501981750128
0,2030,317,60,0.992269314959706
0,2030,318,84,1.0
0,2030,319,14,1.0
0,2030,320,27,1.0
0,2030,321,9,1.0
0,2030,322,40,1.0
0,2030,323,5,0.041947255469338106
0,2030,323,9,0.056013411860071784
0,2030,323,14,0.03129198638013191
0,2030,323,21,0.05603558216861749
0,2030,323,25,0.044840102845206356
0,2030,323,31,0.10544039673868842
0,2030,323,32,0.02710913976611854
0,2030,323,75,0.562879147858452
0,2030,323,81,0.011543427072185634
0,2030,323,90,0.011205721338808605
0,2030,324,6,0.0549064049152245
0,2030,324,14,0.05718211282667075
0,2030,324,20,0.02006344097256699
0,2030,324,26,0.011029040417929967
0,2030,324,38,0.026373915980396956
0,2030,324,46,0.024377820171366867
0,2030,324,81,0.014981380961494923
0,2030,324,90,0.011744339159830504
0,2030,324,103,0.7983999753850333
0,2030,325,9,0.17861445106459006
0,2030,325,28,0.06586375110073568
0,2030,325,32,0.05849572729585239
0,2030,325,40,0.010579911702988205
0,2030,325,46,0.1567263680129195
0,2030,325,58,0.07555227790035375
0,2030,325,64,0.05018294458379697
0,2030,325,83,0.18230717996225054
0,2030,325,107,0.09207856430651527
0,2030,325,109,0.14862426798638959
0,2030,325,110,0.01567751316414928
0,2030,326,119,1.0
0,2030,327,11,1.0
0,2030,328,35,0.025650883496546387
0,2030,328,40,0.015890598265198022
0,2030,328,83,0.05573090319719813
0,2030,328,84,0.09857101791531193
0,2030,328,89,0.05816069014252344
0,2030,328,90,0.07497690701478867
0,2030,328,103,0.09664757508523854
0,2030,328,117,0.5610653021904614
0,2030,329,8,0.07504911844570047
0,2030,329,11,0.03657799300286513
0,2030,329,13,0.051526725233275165
0,2030,329,25,0.15640938015825365
0,2030,329,32,0.03286234993524758
0,2030,329,39,0.08549974105791894
0,2030,329,41,0.028305354357849852
0,2030,329,53,0.05626580592418804
0,2030,329,60,0.21560986319279113
0,2030,329,75,0.032603136835939565
0,2030,329,86,0.17694360208447701
0,2030,330,4,0.016075782723447802
0,2030,330,8,0.06010542017455291
0,2030,330,42,0.03946775846998721
0,2030,330,53,0.0525154709780703
0,2030,330,61,0.011463010307967791
0,2030,330,62,0.056504890799225965
0,2030,330,75,0.04101857895225387
0,2030,330,77,0.01781283244830096
0,2030,330,84,0.6319265273168164
0,2030,330,86,0.0682064913685578
0,2030,331,6,0.02112787575770034
0,2030,331,12,0.035163027278888974
0,2030,331,16,0.020072796785241143
0,2030,331,18,0.03672019732152365
0,2030,331,31,0.7105308291156179
0,2030,331,37,0.022877628472223896
0,2030,331,46,0.05388248856831852
0,2030,331,50,0.014046749380222334
0,2030,331,72,0.020888737313660755
0,2030,331,74,0.013926592981116566
0,2030,331,120,0.02653984916619838
0,2030,332,79,0.9957082336017234
0,2030,333,110,1.0
0,2030,334,31,1.0
0,2030,335,103,1.0
0,2030,336,93,0.9923454400111039
0,2030,337,8,0.1569463536210624
0,2030,337,9,0.23172342047375682
0,2030,337,19,0.048820102470757014
0,2030,337,30,0.019957363737920255
0,2030,337,40,0.05834121924996811
0,2030,337,62,0.037950303552984274
0,2030,337,77,0.08511272906048208
0,2030,337,83,0.011162311890157754
0,2030,337,84,0.33477213724869354
0,2030,337,103,0.03215821567549831
0,2030,337,109,0.03381582892351609
0,2030,338,7,0.036921460308807684
0,2030,338,12,0.024127867405971008
0,2030,338,17,0.023120183208023077
0,2030,338,21,0.023373092550612106
0,2030,338,29,0.017268857512196166
0,2030,338,30,0.012916035982685686
0,2030,338,36,0.02272191933211293
0,2030,338,43,0.011110199496531687
0,2030,338,45,0.014768906037589305
0,2030,338,49,0.01599380339696342
0,2030,338,56,0.019476927839917578
0,2030,338,74,0.01175962371726047
0,2030,338,90,0.8362711219751152
0,2030,338,102,0.020265297171536432
0,2030,339,69,1.0
0,2030,340,25,1.0
0,2030,341,10,1.0
0,2030,342,16,1.0
0,2030,343,8,1.0
0,2030,344,84,0.9954698605607203
0,2030,345,5,0.02139051765534304
0,2030,345,8,0.024298355951931576
0,2030,345,11,0.11125456745315082
0,2030,345,14,0.4689822181747094
0,2030,345,15,0.05249827451889236
0,2030,345,41,0.018586438302413556
0,2030,345,45,0.011321086067824098
0,2030,345,47,0.014059355224472258
0,2030,345,49,0.012994372949329683
0,2030,345,53,0.030396962730699813
0,2030,345,58,0.0232519732720845
0,2030,345,69,0.09826182215173694
0,2030,345,76,0.05159379995706861
0,2030,345,101,0.06537884435624575
0,2030,346,60,0.9948034207362813
0,2030,347,3,0.01446083996255674
0,2030,347,12,0.031031837100258218
0,2030,347,19,0.0350053825714106
0,2030,347,21,0.03160861291186694
0,2030,347,29,0.043193278015693996
0,2030,347,45,0.040306668195609394
0,2030,347,47,0.02684109475770271
0,2030,347,49,0.027706626404447765
0,2030,347,56,0.035972550239782373
0,2030,347,62,0.015001135271074325
0,2030,347,76,0.03226941878987047
0,2030,347,79,0.01281542643790657
0,2030,347,90,0.6863697124575596
0,2030,347,95,0.033750219992183604
0,2030,347,102,0.03367337128630212
0,2030,347,115,0.03070556929820301
0,2030,347,116,0.02456763120878864
0,2030,348,31,0.9944601512012227
0,2030,349,41,1.0
0,2030,350,4,0.02940836813371319
0,2030,350,8,0.05247235770591625
0,2030,350,21,0.05829110069619462
0,2030,350,25,0.14575411471092703
0,2030,350,34,0.05559874138349579
0,2030,350,42,0.04438942886812814
0,2030,350,66,0.4941821238433878
0,2030,350,75,0.05734719561686627
0,2030,351,84,0.9968877422064294
0,2030,352,11,0.15150798788857753
0,2030,352,13,0.012435485865003067
0,2030,352,14,0.012417110000633702
0,2030,352,16,0.02522954613251201
0,2030,352,27,0.05332663264816041
0,2030,352,46,0.012451167868768693
0,2030,352,58,0.024094429958041338
0,2030,352,60,0.013560713355026734
0,2030,352,76,0.028594128672016553
0,2030,352,86,0.011567965785419562
0,2030,352,100,0.0348822540998718
0,2030,352,103,0.6514768640353277
0,2030,352,109,0.060718537250708006
0,2030,353,35,1.0
0,2030,354,60,1.0
0,2030,355,103,0.9941740842499062
0,2030,356,38,1.0
0,2030,357,81,0.999561327963576
0,2030,358,81,1.000055892425594
0,2030,359,32,1.0
0,2030,360,2,1.0
0,2030,361,90,0.9998527462068202
0,2030,362,2,0.07415552130354675
0,2030,362,8,0.014313740627675335
0,2030,362,19,0.010226970872893558
0,2030,362,32,0.014637425076405612
0,2030,362,39,0.04453244274470234
0,2030,362,41,0.17549428037793668
0,2030,362,78,0.03219319566111162
0,2030,362,81,0.44771394644320317
0,2030,362,101,0.1727594175554186
0,2030,362,103,0.018886294178911092
0,2030,362,112,0.08871850656103164
0,2030,363,90,1.0
0,2030,364,81,1.0
0,2030,365,81,0.9982198781971963
1,2030,1,226,1.0
1,2030,2,223,1.0
1,2030,3,144,1.0
1,2030,4,188,1.0
1,2030,5,152,0.9398701011249311
1,2030,6,122,0.044139471581517674
1,2030,6,137,0.12479721648786786
1,2030,6,149,0.17649976030649597
1,2030,6,155,0.37714474915430485
1,2030,6,194,0.15395353392462116
1,2030,6,210,0.08539016218737835
1,2030,6,226,0.05161884205729215
1,2030,6,229,0.017523652925259203
1,2030,6,232,0.10049526082166846
1,2030,7,182,1.0
1,2030,8,200,1.0
1,2030,9,133,0.9564862743683689
1,2030,10,200,0.9763829056070993
1,2030,11,221,0.9208908937151932
1,2030,12,125,0.044604691179539226
1,2030,12,131,0.09439512212675193
1,2030,12,134,0.16374227748083872
1,2030,12,135,0.07192523964376317
1,2030,12,136,0.026375552425549023
1,2030,12,140,0.049418575712072726
1,2030,12,145,0.011295652520188451
1,2030,12,151,0.019536518215513353
1,2030,12,174,0.019628284277691498
1,2030,12,182,0.011679273452429978
1,2030,12,186,0.014530403380325015
1,2030,12,190,0.01211479365046862
1,2030,12,194,0.10053256098983117
1,2030,12,224,0.08068315210961394
1,2030,12,229,0.36660107507211986
1,2030,12,232,0.09345158411506013
1,2030,12,239,0.01082694884902573
1,2030,13,229,0.9716476153624791
1,2030,14,178,1.0
1,2030,15,189,1.0
1,2030,16,127,0.13884126311658843
1,2030,16,130,0.039589781956214626
1,2030,16,173,0.16968539686049228
1,2030,16,174,0.05974924661076259
1,2030,16,191,0.08941248024480526
1,2030,16,193,0.485204916078195
1,2030,16,199,0.14603688863167677
1,2030,16,213,0.05478182717148711
1,2030,17,159,0.9298452879311013
1,2030,18,123,0.010242866281192867
1,2030,18,134,0.13333458381062063
1,2030,18,142,0.15527672114237703
1,2030,18,145,0.03896634041120936
1,2030,18,159,0.02793734303242363
1,2030,18,175,0.2325475341799634
1,2030,18,224,0.06907436278659197
1,2030,18,229,0.3318188088743171
1,2030,18,232,0.12002905683018694
1,2030,19,125,0.0653408477543876
1,2030,19,126,0.04778533816622354
1,2030,19,134,0.1395257931873841
1,2030,19,135,0.03180447329803205
1,2030,19,136,0.07444051996468795
1,2030,19,190,0.025457945051307267
1,2030,19,210,0.10472671211840755
1,2030,19,217,0.14556626132664463
1,2030,19,224,0.057597148190276004
1,2030,19,229,0.3190944348190411
1,2030,19,232,0.11155664371924125
1,2030,19,238,0.025230210365836756
1,2030,20,122,0.13247248730842118
1,2030,20,142,0.16272109563417264
1,2030,20,145,0.0443777473527634
1,2030,20,161,0.027071818897766994
1,2030,20,175,0.28837587131641096
1,2030,20,193,0.048178270438916086
1,2030,20,208,0.0758153852051437
1,2030,20,230,0.09651310478689006
1,2030,20,231,0.01130906524302897
1,2030,20,232,0.2386972174076307
1,2030,21,210,0.9737433042779012
1,2030,22,229,0.9530184129920148
1,2030,23,149,1.0
1,2030,24,159,1.0
1,2030,25,125,0.013536907413922963
1,2030,25,229,0.9504750183292926
1,2030,26,139,1.0
1,2030,27,177,0.9512415632911625
1,2030,28,224,0.9625944454073786
1,2030,29,122,0.7958274638458963
1,2030,29,123,0.04619364779926098
1,2030,29,129,0.015503893788164934
1,2030,29,132,0.017818074691324185
1,2030,29,133,0.02142730021603515
1,2030,29,139,0.02477901381022936
1,2030,29,141,0.01917166107589817
1,2030,29,145,0.020599913777810022
1,2030,29,150,0.011038465508381423
1,2030,29,175,0.01936018744309329
1,2030,29,180,0.013482673877333881
1,2030,29,183,0.014806780324678137
1,2030,29,202,0.034731966796747483
1,2030,29,222,0.017428728695012854
1,2030,29,223,0.015350685198952945
1,2030,30,123,1.0
1,2030,31,199,0.9886496889198662
1,2030,32,165,1.0
1,2030,33,163,1.0
1,2030,34,158,1.0
1,2030,35,143,1.0
1,2030,36,148,1.0
1,2030,37,146,1.0
1,2030,38,193,0.9446625865648152
1,2030,39,122,0.012330254586930779
1,2030,39,131,0.07572314555659078
1,2030,39,134,0.037787280102607464
1,2030,39,145,0.027358859916299796
1,2030,39,149,0.17493898606972835
1,2030,39,175,0.06304308620499455
1,2030,39,177,0.034466919282170334
1,2030,39,194,0.16744961026011054
1,2030,39,210,0.02303951211537572
1,2030,39,229,0.4498394330575637
1,2030,39,240,0.016916571695976764
1,2030,40,161,0.9187627068666333
1,2030,41,193,1.0
1,2030,42,154,1.0
1,2030,43,164,1.0
1,2030,44,229,1.0
1,2030,45,130,0.015189989681779762
1,2030,45,131,0.1382307680008334
1,2030,45,133,0.09677581915081296
1,2030,45,142,0.06876338970806256
1,2030,45,159,0.03315000317906595
1,2030,45,174,0.08608413548697978
1,2030,45,224,0.5268027830512438
1,2030,45,226,0.05747398520445502
1,2030,45,231,0.08862244155687463
1,2030,46,135,0.07855046472601365
1,2030,46,140,0.1181872119783051
1,2030,46,145,0.027683700486364194
1,2030,46,156,0.021426506594077632
1,2030,46,158,0.08986093650052018
1,2030,46,163,0.01662324381149329
1,2030,46,165,0.08410769812559254
1,2030,46,207,0.039117560130912984
1,2030,46,224,0.5840329579499072
1,2030,46,229,0.061386282366907595
1,2030,47,208,0.9359545555369752
1,2030,48,186,1.0
1,2030,49,140,1.0
1,2030,50,208,0.9702820781082921
1,2030,51,208,0.966855078852711
1,2030,52,213,1.0
1,2030,53,179,1.0
1,2030,54,158,0.9595480307212018
1,2030,55,229,0.9342190709045872
1,2030,56,224,0.8896579030395722
1,2030,57,141,0.010265869210831285
1,2030,57,209,0.010065444626652056
1,2030,57,224,0.9527642751827229
1,2030,58,183,1.0
1,2030,59,223,0.9950940798288314
1,2030,60,221,0.9857123698300034
1,2030,61,229,0.9582360031259667
1,2030,62,131,0.09777234445283871
1,2030,62,149,0.012414874051785959
1,2030,62,155,0.17812597785419246
1,2030,62,186,0.05382937296491537
1,2030,62,210,0.16816086591539345
1,2030,62,224,0.46519678648008056
1,2030,62,227,0.05868208857815151
1,2030,62,229,0.05596294557834007
1,2030,62,231,0.024447445134614967
1,2030,63,186,0.8835006227349831
1,2030,64,229,0.9601322835319581
1,2030,65,182,0.9736512817354328
1,2030,66,124,0.011261277091034713
1,2030,66,199,0.9671759878214722
1,2030,67,175,0.9382856598478014
1,2030,68,199,0.9194899263868144
1,2030,69,226,0.963249136476393
1,2030,70,231,1.0
1,2030,71,134,0.017561878970525267
1,2030,71,135,0.019806126186426805
1,2030,71,140,0.04771599653893121
1,2030,71,145,0.06771593898737535
1,2030,71,155,0.053624025511676186
1,2030,71,158,0.029811425604632364
1,2030,71,168,0.025360879210725096
1,2030,71,172,0.02678488441107372
1,2030,71,185,0.04053460377200261
1,2030,71,187,0.02268897975672901
1,2030,71,194,0.031065375578418822
1,2030,71,199,0.11198548342413744
1,2030,71,207,0.05961265530972122
1,2030,71,210,0.1255807036908901
1,2030,71,224,0.4264755404567064
1,2030,71,227,0.06454566463491458
1,2030,72,208,0.9211288284288403
1,2030,73,123,0.0555311624785001
1,2030,73,140,0.07143514138183606
1,2030,73,141,0.11792432540090571
1,2030,73,143,0.13580090751862986
1,2030,73,145,0.03962275551904062
1,2030,73,154,0.11636141040616423
1,2030,73,155,0.020521965171284042
1,2030,73,165,0.049411851352338915
1,2030,73,167,0.03297520251665221
1,2030,73,178,0.013660625738667314
1,2030,73,202,0.031252030268798206
1,2030,73,207,0.013898846998141
1,2030,73,214,0.31676132927420897
1,2030,73,220,0.015525895945248998
1,2030,73,222,0.08855450093753522
1,2030,74,239,1.0
1,2030,75,217,0.9761479841297747
1,2030,76,199,0.9416889011089276
1,2030,77,208,0.9088466157045657
1,2030,78,208,0.9817831769081308
1,2030,79,208,0.9643818134475145
1,2030,80,208,0.9600711945744556
1,2030,81,213,0.9866735453408669
1,2030,82,141,1.0
1,2030,83,169,1.0
1,2030,84,138,0.0853824052747679
1,2030,84,154,0.052040621298453126
1,2030,84,158,0.20043051973048764
1,2030,84,167,0.05191273670406877
1,2030,84,199,0.21909793387073428
1,2030,84,208,0.12326111429465665
1,2030,84,210,0.41237144117814084
1,2030,84,220,0.07601188690800983
1,2030,85,208,0.9639334954485504
1,2030,86,173,1.0
1,2030,87,151,0.9818859161746231
1,2030,88,190,1.0
1,2030,89,138,0.8840851957292656
1,2030,90,138,0.06717227338370872
1,2030,90,140,0.10473601058500663
1,2030,90,158,0.1417637155311911
1,2030,90,199,0.02514941872678618
1,2030,90,202,0.09710427543888618
1,2030,90,207,0.061497072468093314
1,2030,90,208,0.225123343826195
1,2030,90,210,0.41360761681053926
1,2030,90,220,0.1482890649798025
1,2030,90,224,0.020349721687492328
1,2030,91,138,0.08045130710725983
1,2030,91,140,0.13467682465304662
1,2030,91,145,0.03216212354401162
1,2030,91,158,0.09109322862879296
1,2030,91,199,0.05484760659830036
1,2030,91,202,0.06575457252111977
1,2030,91,207,0.09780709856276644
1,2030,91,208,0.18296675337953774
1,2030,91,210,0.3798714213302445
1,2030,91,220,0.147493349494482
1,2030,92,207,1.0
1,2030,93,209,1.0
1,2030,94,203,0.9839755621970458
1,2030,95,195,0.961430975111803
1,2030,96,199,0.9598415377144599
1,2030,97,208,0.9050553856812191
1,2030,98,138,0.07758833917077988
1,2030,98,158,0.2990928719026776
1,2030,98,199,0.29006932808955654
1,2030,98,207,0.0790022148417407
1,2030,98,208,0.29001526523832877
1,2030,98,210,0.22563356113938704
1,2030,98,220,0.018939499921016564
1,2030,99,199,0.9297532098642597
1,2030,100,208,0.964480834974087
1,2030,101,199,0.9680793897473502
1,2030,102,199,0.909998314947116
1,2030,103,122,0.05275722337507578
1,2030,103,132,0.10517454499760677
1,2030,103,136,0.13402401878363807
1,2030,103,138,0.026311041520084844
1,2030,103,143,0.013695886912972074
1,2030,103,160,0.01748587836198109
1,2030,103,173,0.1099383303582183
1,2030,103,199,0.018076860460264396
1,2030,103,210,0.6289304990156926
1,2030,103,211,0.07735520236865184
1,2030,103,220,0.07526494686395799
1,2030,104,123,0.017952872992474035
1,2030,104,124,0.024355106302533958
1,2030,104,137,0.01106981110367282
1,2030,104,141,0.017702744776029393
1,2030,104,151,0.015017754138762196
1,2030,104,178,0.010734011037019646
1,2030,104,180,0.02825506594699747
1,2030,104,182,0.018778025928282715
1,2030,104,200,0.01771546826122406
1,2030,104,210,0.8930547477339588
1,2030,104,223,0.01956109595356025
1,2030,105,210,0.9360318955284183
1,2030,106,132,0.1691426303986217
1,2030,106,138,0.09881979388821832
1,2030,106,143,0.030712948175998858
1,2030,106,145,0.06736361429103363
1,2030,106,154,0.02113698499962534
1,2030,106,155,0.05010324606819577
1,2030,106,158,0.011280276477281645
1,2030,106,171,0.028858014289773623
1,2030,106,199,0.014618437931480462
1,2030,106,210,0.5212572300601404
1,2030,106,211,0.05607485103915147
1,2030,106,220,0.11830423605989224
1,2030,106,229,0.017501773492542172
1,2030,107,220,0.9783512061385624
1,2030,108,206,0.9915965409702582
1,2030,109,239,0.9870146042626258
1,2030,110,195,0.9629233003662971
1,2030,111,187,0.9699890870389204
1,2030,112,172,1.0
1,2030,113,218,1.0
1,2030,114,124,1.0
1,2030,115,180,1.0
1,2030,116,135,1.0
1,2030,117,235,1.0
1,2030,118,156,1.0
1,2030,119,220,1.0
1,2030,120,157,1.0
1,2030,121,128,1.0
1,2030,122,171,0.9923450759576892
1,2030,123,143,0.9869487948897716
1,2030,124,201,0.9854119346880935
1,2030,125,228,0.9883555320011985
1,2030,126,123,0.06498650838189508
1,2030,126,124,0.011179751138433457
1,2030,126,134,0.013365238912023283
1,2030,126,180,0.025941618067349168
1,2030,126,223,0.025631961806059887
1,2030,126,228,0.7952917389069959
1,2030,127,148,0.9945728903175595
1,2030,128,217,0.9897202469869915
1,2030,129,167,0.9788714764566426
1,2030,130,225,0.9916100985915366
1,2030,131,174,1.0
1,2030,132,155,1.0
1,2030,133,151,1.0
1,2030,134,219,0.9745901033915049
1,2030,135,227,1.0
1,2030,136,212,0.9585777729010707
1,2030,137,199,0.9507823823745571
1,2030,138,168,1.0
1,2030,139,220,0.984372086697407
1,2030,140,138,1.0
1,2030,141,214,0.9659844566909823
1,2030,142,228,0.9871853128585862
1,2030,143,171,1.0
1,2030,144,171,0.9734869094795884
1,2030,145,128,0.14393129254444406
1,2030,145,132,0.03485676892289612
1,2030,145,135,0.07527397705046081
1,2030,145,147,0.022752849848532757
1,2030,145,156,0.16674180068713335
1,2030,145,160,0.1101555831209249
1,2030,145,168,0.01599552857974721
1,2030,145,169,0.02592355897436442
1,2030,145,198,0.3380212732770414
1,2030,145,203,0.014131235031646157
1,2030,145,209,0.02347900364622803
1,2030,145,220,0.04295734209638829
1,2030,145,228,0.032156667988909676
1,2030,146,199,0.9473665605252648
1,2030,147,199,0.9375217498167232
1,2030,148,214,0.9726059674808373
1,2030,149,124,0.02509887824858004
1,2030,149,133,0.02437990354156502
1,2030,149,136,0.047904056517464065
1,2030,149,160,0.12398059182218249
1,2030,149,162,0.1801239105351286
1,2030,149,166,0.09754199599210696
1,2030,149,198,0.3809033374613398
1,2030,149,205,0.06254618807869892
1,2030,149,207,0.03524503812524817
1,2030,149,211,0.04154244655400179
1,2030,149,213,0.04155564379457141
1,2030,149,225,0.015605101696374496
1,2030,150,211,0.9708979992173784
1,2030,151,124,0.06799024455203882
1,2030,151,128,0.03427147585179333
1,2030,151,149,0.018128526363708635
1,2030,151,155,0.12129988560023997
1,2030,151,160,0.05556197886629471
1,2030,151,162,0.026963439982838813
1,2030,151,173,0.1417390006202758
1,2030,151,180,0.041720206194456017
1,2030,151,190,0.32385539090391163
1,2030,151,207,0.035913046125572765
1,2030,151,211,0.06539265623249868
1,2030,151,225,0.03705084493401146
1,2030,151,233,0.030508033417622052
1,2030,151,236,0.028288870408709203
1,2030,152,151,0.9815745476279479
1,2030,153,187,0.9622121211527314
1,2030,154,211,1.0
1,2030,155,217,0.9842641888040164
1,2030,156,122,0.11025537765979095
1,2030,156,135,0.02567577774487706
1,2030,156,136,0.055389890777254376
1,2030,156,138,0.07873739205760616
1,2030,156,160,0.016175086616059545
1,2030,156,162,0.07873399316556898
1,2030,156,166,0.012015172771560235
1,2030,156,195,0.012153149054852312
1,2030,156,199,0.02298156184196963
1,2030,156,208,0.19813637293265804
1,2030,156,210,0.27527672661573394
1,2030,156,211,0.09688991534728975
1,2030,156,217,0.05966520717228898
1,2030,156,220,0.04109523052622121
1,2030,156,224,0.0974698970443873
1,2030,156,238,0.025660935063158218
1,2030,157,208,0.925323560964556
1,2030,158,208,0.968309838137947
1,2030,159,199,0.9735598404658109
1,2030,160,208,0.952966175075322
1,2030,161,208,0.9621490903960543
1,2030,162,198,0.9785966104980665
1,2030,163,198,0.9771431434474449
1,2030,164,195,0.9573298535348167
1,2030,165,122,0.05144225054323553
1,2030,165,135,0.05773917631605301
1,2030,165,136,0.070237086512595
1,2030,165,138,0.1791585333860515
1,2030,165,190,0.03985561146747257
1,2030,165,192,0.047088918369567925
1,2030,165,195,0.19475198796605103
1,2030,165,199,0.21803560006810374
1,2030,165,208,0.11756178387274646
1,2030,165,210,0.01907173171313678
1,2030,165,211,0.03692249786232478
1,2030,165,238,0.11888473429252425
1,2030,166,208,0.9532820825261717
1,2030,167,208,1.0
1,2030,168,160,1.0
1,2030,169,225,1.0
1,2030,170,236,1.0
1,2030,171,215,0.9946346812122671
1,2030,172,146,0.972834869085272
1,2030,173,122,0.027820869064468266
1,2030,173,134,0.024208695495254496
1,2030,173,136,0.10203301862731903
1,2030,173,146,0.058882087127599084
1,2030,173,152,0.020646527971445904
1,2030,173,193,0.08580296654306034
1,2030,173,195,0.35628590478806804
1,2030,173,197,0.018958459696878156
1,2030,173,199,0.026254960619639285
1,2030,173,208,0.35857533323488894
1,2030,173,230,0.11375920068596261
1,2030,174,199,0.9328691883905659
1,2030,175,138,0.19114608821387952
1,2030,175,207,0.05300591841064204
1,2030,175,208,0.18833115455061697
1,2030,175,210,0.46993355342709303
1,2030,175,220,0.13150826189030523
1,2030,175,224,0.1269175560499102
1,2030,176,230,0.9246703668758791
1,2030,177,208,0.9866679831501419
1,2030,178,191,0.9795099647933839
1,2030,179,215,1.0
1,2030,180,121,1.0
1,2030,181,225,0.9977145981091745
1,2030,182,228,1.0
1,2030,183,201,1.0
1,2030,184,170,0.9880282527590062
1,2030,185,205,0.9809546279825657
1,2030,186,217,0.9749934730305121
1,2030,187,126,0.032346477845392574
1,2030,187,136,0.04955668273239149
1,2030,187,146,0.06876935637864809
1,2030,187,195,0.1973245998309394
1,2030,187,199,0.1758296513812857
1,2030,187,208,0.46335353345431035
1,2030,187,230,0.10761352418149102
1,2030,187,238,0.08923491767289873
1,2030,188,208,0.9911489331355797
1,2030,189,214,1.0
1,2030,190,236,0.9839143985920278
1,2030,191,192,0.9868115506296957
1,2030,192,196,1.0
1,2030,193,203,0.9790392622739986
1,2030,194,124,0.026417598312370054
1,2030,194,137,0.023364409602689745
1,2030,194,158,0.9259337561611608
1,2030,194,180,0.018176476415914626
1,2030,194,181,0.014708770869615058
1,2030,195,199,0.9629861435349844
1,2030,196,214,0.9702183888975616
1,2030,197,234,1.0
1,2030,198,166,1.0
1,2030,199,146,0.9900826178635231
1,2030,200,197,0.990751824302616
1,2030,201,237,0.9911081608082861
1,2030,202,156,0.9850007294291243
1,2030,203,208,0.9398743104783911
1,2030,204,125,0.12526516023879736
1,2030,204,130,0.03665376615947295
1,2030,204,134,0.0667804963258803
1,2030,204,150,0.10426424868025562
1,2030,204,193,0.010571084999855344
1,2030,204,195,0.21432316461096462
1,2030,204,197,0.09744991185196933
1,2030,204,208,0.40600945525606696
1,2030,204,230,0.1548466050096154
1,2030,205,197,1.0
1,2030,206,170,1.0
1,2030,207,128,0.03435503608087833
1,2030,207,155,0.012466535699188402
1,2030,207,157,0.045646839544868735
1,2030,207,174,0.06475236879280917
1,2030,207,175,0.013934366487046506
1,2030,207,187,0.0521176986677128
1,2030,207,197,0.5177270814389736
1,2030,207,207,0.11571995558893837
1,2030,207,209,0.028976538140939485
1,2030,207,220,0.03980348984021231
1,2030,207,239,0.06930660589657428
1,2030,208,157,0.9912892897753076
1,2030,209,233,1.0
1,2030,210,162,1.0
1,2030,211,205,0.9829159167967991
1,2030,212,192,0.9835151920615077
1,2030,213,127,0.09218686604517227
1,2030,213,129,0.08401383282012714
1,2030,213,132,0.03269813660362023
1,2030,213,133,0.05865708796139424
1,2030,213,144,0.04381008195522347
1,2030,213,153,0.20010735846569458
1,2030,213,166,0.03455015310289791
1,2030,213,171,0.12371842041422784
1,2030,213,197,0.14682447879063049
1,2030,213,208,0.1605779443632456
1,2030,213,213,0.016449213838399167
1,2030,213,237,0.060605760220986536
1,2030,213,239,0.05077988515677419
1,2030,214,234,0.9847462829748836
1,2030,215,192,1.0
1,2030,216,192,0.9881185787492373
1,2030,217,239,0.9884805156496237
1,2030,218,166,0.9925935628709326
1,2030,219,205,0.9858436329501886
1,2030,220,125,0.010476252386205755
1,2030,220,127,0.14508769734974927
1,2030,220,131,0.030062278420762513
1,2030,220,138,0.06326833717109702
1,2030,220,147,0.07128115211068392
1,2030,220,169,0.02183960626983999
1,2030,220,190,0.03426001322822701
1,2030,220,192,0.18628958164872877
1,2030,220,205,0.10644066828695246
1,2030,220,217,0.28898048031386375
1,2030,220,221,0.08643425765210828
1,2030,220,232,0.028150631004043507
1,2030,220,234,0.04466208713282683
1,2030,221,123,0.017760593868834388
1,2030,221,125,0.02111088675479382
1,2030,221,135,0.06920364126749312
1,2030,221,136,0.11112588020094531
1,2030,221,159,0.01560441174261026
1,2030,221,162,0.010049996342535202
1,2030,221,166,0.016439099486119522
1,2030,221,192,0.048026276534042414
1,2030,221,195,0.02398619882567305
1,2030,221,205,0.014019861989061003
1,2030,221,208,0.0667733506048832
1,2030,221,225,0.05448990525054438
1,2030,221,230,0.6562972754953251
1,2030,221,233,0.014753708444387182
1,2030,222,196,0.9915913452438346
1,2030,223,153,1.0
1,2030,224,205,1.0
1,2030,225,164,0.9663627345940226
1,2030,226,193,0.9404372802768266
1,2030,227,208,0.9408524512273693
1,2030,228,197,0.9834918554988149
1,2030,229,237,1.0
1,2030,230,121,0.0325749369315327
1,2030,230,129,0.0552403975238789
1,2030,230,141,0.05759707855796359
1,2030,230,144,0.013828431640453267
1,2030,230,166,0.014222361156539468
1,2030,230,178,0.054752176204992134
1,2030,230,205,0.6254672262698981
1,2030,230,215,0.10651935080482454
1,2030,230,223,0.032339827874084404
1,2030,231,162,0.9958867720489153
1,2030,232,121,0.019999678743797076
1,2030,232,125,0.06114875597806909
1,2030,232,135,0.020731105969698186
1,2030,232,137,0.13279532878822523
1,2030,232,148,0.018153592198803886
1,2030,232,153,0.025499702980015703
1,2030,232,156,0.024693813128292167
1,2030,232,159,0.01843586363002643
1,2030,232,162,0.026276409767970417
1,2030,232,163,0.01617345209832517
1,2030,232,166,0.02621612451849741
1,2030,232,192,0.4618479532592855
1,2030,232,205,0.02973292103401813
1,2030,232,217,0.04643772117497584
1,2030,232,225,0.020446807919509626
1,2030,232,234,0.02684405884995321
1,2030,232,236,0.020512174462763745
1,2030,233,217,0.9754639438380259
1,2030,234,238,0.9802970432805964
1,2030,235,195,0.9699806415003661
1,2030,236,198,0.9766109484075406
1,2030,237,211,0.9824814169345302
1,2030,238,227,0.970816746251491
1,2030,239,217,0.9556732264838539
1,2030,240,193,0.9345425111991111
1,2030,241,208,0.9528608179915152
1,2030,242,208,0.9626038065162621
1,2030,243,208,0.9762890556504102
1,2030,244,208,0.9663587723317892
1,2030,245,208,0.9833196358537372
1,2030,246,218,0.9861673863428154
1,2030,247,204,0.9949792133998019
1,2030,248,221,1.0
1,2030,249,229,0.9272514672760477
1,2030,250,232,0.9386955450035994
1,2030,251,168,0.9338135834932579
1,2030,252,199,0.9244935611586728
1,2030,253,132,1.0
1,2030,254,218,0.9932914369248756
1,2030,255,198,1.0
1,2030,256,227,0.9764954389741404
1,2030,257,238,1.0
1,2030,258,214,0.974043705880633
1,2030,259,187,1.0
1,2030,260,203,0.9836074311682224
1,2030,261,195,1.0
1,2030,262,193,0.9385116834038736
1,2030,263,198,0.9789475212342844
1,2030,264,195,0.9558936705865486
1,2030,265,199,0.9772181410243912
1,2030,266,167,0.9683731705775981
1,2030,267,127,0.030621940869562034
1,2030,267,128,0.011105688081229281
1,2030,267,140,0.07809823106576934
1,2030,267,146,0.0665014563408126
1,2030,267,147,0.011753305175282374
1,2030,267,158,0.02490581987232425
1,2030,267,160,0.012823878974489075
1,2030,267,169,0.15771233676865287
1,2030,267,179,0.0557310090192605
1,2030,267,192,0.0378151726841779
1,2030,267,198,0.3227004683769716
1,2030,267,203,0.14709377674242802
1,2030,267,206,0.050666905789396005
1,2030,267,211,0.014705754704844354
1,2030,268,170,0.9474195365838535
1,2030,269,222,1.0
1,2030,270,125,0.018842544963798034
1,2030,270,128,0.027245963058849132
1,2030,270,141,0.05497787875416396
1,2030,270,169,0.04394749527958079
1,2030,270,189,0.018561365890651677
1,2030,270,204,0.010059230120179258
1,2030,270,209,0.04615611810280482
1,2030,270,218,0.74952553637498
1,2030,270,228,0.01377650837212222
1,2030,271,144,0.9841328885539072
1,2030,272,206,1.0
1,2030,273,219,1.0
1,2030,274,225,0.9986813379771744
1,2030,275,147,1.0
1,2030,276,199,0.9677995127589909
1,2030,277,235,0.9383683351947608
1,2030,278,146,0.9880450147050343
1,2030,279,199,0.9675515038641748
1,2030,280,126,0.9685035623662572
1,2030,281,227,0.9937112928742841
1,2030,282,127,0.034674434549795054
1,2030,282,140,0.11254240515038574
1,2030,282,146,0.026846715239234674
1,2030,282,147,0.1572726262499517
1,2030,282,169,0.06672154777205128
1,2030,282,192,0.062221008021379386
1,2030,282,202,0.35452075047430887
1,2030,282,203,0.1058516051420786
1,2030,282,217,0.13042223857116036
1,2030,283,158,0.9716702721393623
1,2030,284,216,1.0
1,2030,285,204,1.0
1,2030,286,147,0.9864480675250639
1,2030,287,167,1.0
1,2030,288,203,1.0
1,2030,289,199,1.0
1,2030,290,126,1.0
1,2030,291,146,0.9829363955400301
1,2030,292,136,0.031520599334138
1,2030,292,165,0.09847788678668065
1,2030,292,181,0.017252969165052135
1,2030,292,191,0.1612786970335655
1,2030,292,195,0.017889740697310842
1,2030,292,199,0.14969569663329774
1,2030,292,208,0.2639296810615901
1,2030,292,210,0.14494369886465333
1,2030,292,213,0.03613700373647125
1,2030,292,230,0.06827817220868658
1,2030,293,199,0.9365664762848795
1,2030,294,208,0.9706689623731213
1,2030,295,219,0.9763670494012395
1,2030,296,177,0.9673855577424635
1,2030,297,134,0.04439937930195476
1,2030,297,145,0.0582854196318095
1,2030,297,158,0.029518960044713684
1,2030,297,161,0.029776231999763553
1,2030,297,168,0.015409778906730415
1,2030,297,193,0.011681827845308738
1,2030,297,199,0.03053208674127101
1,2030,297,202,0.038281460948958256
1,2030,297,203,0.01290998213115872
1,2030,297,217,0.013372399537458482
1,2030,297,224,0.588374841527312
1,2030,297,227,0.04060719634204228
1,2030,297,230,0.05763755014121674
1,2030,297,235,0.06689181240599255
1,2030,297,240,0.020527445045249112
1,2030,298,136,1.0
1,2030,299,126,0.042466813614895044
1,2030,299,145,0.07259012745879492
1,2030,299,149,0.020778941627103482
1,2030,299,154,0.2079668985591717
1,2030,299,155,0.06909494741669463
1,2030,299,161,0.06368542820124215
1,2030,299,167,0.10977227453209339
1,2030,299,172,0.10252604552230589
1,2030,299,202,0.09256492069009899
1,2030,299,222,0.015374093510084945
1,2030,299,229,0.30215491755571255
1,2030,300,217,1.0
1,2030,301,210,1.0
1,2030,302,202,1.0
1,2030,303,126,0.09479351222801649
1,2030,303,130,0.038741150425789385
1,2030,303,136,0.010612695289882425
1,2030,303,146,0.18047111008218916
1,2030,303,153,0.0530169877058759
1,2030,303,189,0.06692397509815877
1,2030,303,191,0.038037140800012394
1,2030,303,195,0.25067437626115713
1,2030,303,199,0.04618878102138219
1,2030,303,203,0.06981876870189205
1,2030,303,217,0.01054875215859203
1,2030,303,219,0.13964415048200343
1,2030,304,193,0.972211722186883
1,2030,305,140,0.023644963101225467
1,2030,305,167,0.5083738855229274
1,2030,305,194,0.026760615889762276
1,2030,305,199,0.27209625228912143
1,2030,305,208,0.0
1,2030,305,210,0.03922241634026215
1,2030,305,212,0.18457842379796613
1,2030,305,230,0.08143906370871498
1,2030,306,181,0.9717010169497879
1,2030,307,184,1.0
1,2030,308,185,1.0
1,2030,309,191,0.9759664790201321
1,2030,310,123,0.049553800163354214
1,2030,310,129,0.19399556229980044
1,2030,310,137,0.10033825672771425
1,2030,310,144,0.07448035985638166
1,2030,310,165,0.021100953693131273
1,2030,310,178,0.016935637454768226
1,2030,310,219,0.5383310847639267
1,2030,311,176,1.0
1,2030,312,195,0.9887079276405942
1,2030,313,191,1.0
1,2030,314,137,1.0
1,2030,315,131,1.0
1,2030,316,134,0.07937655206309789
1,2030,316,145,0.12389816109771551
1,2030,316,161,0.02223492591746335
1,2030,316,165,0.0387738425263272
1,2030,316,175,0.0797470492663694
1,2030,316,202,0.04708760588668815
1,2030,316,210,0.017615737724892437
1,2030,316,217,0.07364880160946184
1,2030,316,229,0.3564856403555682
1,2030,316,230,0.06978379300313367
1,2030,316,232,0.06958089674968396
1,2030,316,235,0.08917737057317546
1,2030,317,240,0.9289889480848601
1,2030,318,212,1.0
1,2030,319,133,1.0
1,2030,320,142,1.0
1,2030,321,134,1.0
1,2030,322,194,1.0
1,2030,323,152,0.9748803225690054
1,2030,324,193,0.9859656748692397
1,2030,325,193,0.9532999485618446
1,2030,326,126,0.08209078148203217
1,2030,326,133,0.14821537922530661
1,2030,326,139,0.3873400966614155
1,2030,326,143,0.033047006543620576
1,2030,326,149,0.1270206779599152
1,2030,326,150,0.07116427399309658
1,2030,326,191,0.0794959818090753
1,2030,326,207,0.0483379512465244
1,2030,326,213,0.1394006602009366
1,2030,327,125,1.0
1,2030,328,126,0.10313334350930173
1,2030,328,154,0.38928142595236737
1,2030,328,172,0.038488900752007726
1,2030,328,191,0.05096588690691148
1,2030,328,196,0.06617761711912298
1,2030,328,207,0.015202438884524782
1,2030,328,210,0.07647388173725113
1,2030,328,212,0.10135754797277155
1,2030,328,230,0.19025558474090412
1,2030,329,240,1.0
1,2030,330,123,0.019562200198796172
1,2030,330,126,0.020413758284449364
1,2030,330,127,0.01769241422449515
1,2030,330,129,0.030169690717456343
1,2030,330,134,0.020411390867066063
1,2030,330,146,0.12361256639655159
1,2030,330,147,0.04018384532144458
1,2030,330,150,0.024798882546467914
1,2030,330,170,0.08879878836685855
1,2030,330,177,0.023267337965649906
1,2030,330,181,0.011005568962499076
1,2030,330,188,0.04682245915872471
1,2030,330,193,0.06795028723099611
1,2030,330,210,0.11160118276442346
1,2030,330,212,0.2741819571460851
1,2030,330,229,0.010879143712265012
1,2030,330,240,0.09569438763635191
1,2030,331,167,0.964852062856727
1,2030,332,213,0.9790296403394861
1,2030,333,181,1.0
1,2030,334,175,1.0
1,2030,335,230,1.0
1,2030,336,167,0.9720530297961527
1,2030,337,122,0.034750778819531966
1,2030,337,130,0.011953938026183147
1,2030,337,134,0.30897804737891577
1,2030,337,146,0.06496708871023696
1,2030,337,147,0.016195957480264464
1,2030,337,177,0.13824738886721166
1,2030,337,193,0.05739798748006743
1,2030,337,194,0.10883138248862514
1,2030,337,195,0.12349140571287502
1,2030,337,212,0.15350157683600288
1,2030,337,230,0.07956503656159301
1,2030,338,122,0.7311314433562316
1,2030,338,123,0.013259141171329855
1,2030,338,129,0.018431120001343195
1,2030,338,132,0.022380007104072324
1,2030,338,139,0.011131438267791595
1,2030,338,140,0.013208792097641803
1,2030,338,141,0.026317964343687595
1,2030,338,143,0.03504462949282773
1,2030,338,148,0.02780480100814083
1,2030,338,150,0.012103077365914136
1,2030,338,167,0.01200758071933076
1,2030,338,168,0.013032911228885155
1,2030,338,172,0.011906393168333263
1,2030,338,189,0.014706575279531665
1,2030,338,202,0.04714819074319682
1,2030,338,206,0.017608907866198623
1,2030,338,215,0.01037123135693216
1,2030,338,222,0.02103930398150194
1,2030,339,126,0.13147258337326093
1,2030,339,130,0.053532286833811164
1,2030,339,139,0.6262855373030246
1,2030,339,150,0.10586188946664858
1,2030,339,175,0.010080092011070078
1,2030,339,196,0.08048879278262613
1,2030,339,222,0.05607813144774721
1,2030,340,127,1.0
1,2030,341,129,1.0
1,2030,342,130,1.0
1,2030,343,177,1.0
1,2030,344,133,0.9651176432724043
1,2030,345,123,0.047034577803077994
1,2030,345,125,0.14997595292428867
1,2030,345,126,0.03358484676584112
1,2030,345,129,0.020717768524026813
1,2030,345,133,0.30830435495623215
1,2030,345,139,0.18117902533498487
1,2030,345,150,0.013705707681908786
1,2030,345,161,0.038601879358829014
1,2030,345,175,0.09247305789141255
1,2030,345,189,0.05803400033234725
1,2030,345,196,0.031190556754645746
1,2030,345,222,0.023818594639021987
1,2030,346,152,0.9553389340325679
1,2030,347,229,0.9662058058851736
1,2030,348,175,0.9481007010160969
1,2030,349,161,1.0
1,2030,350,164,0.9867551193948031
1,2030,351,212,0.9856769363196007
1,2030,352,125,0.1194914975333366
1,2030,352,130,0.017301333850323487
1,2030,352,142,0.10289878033723412
1,2030,352,152,0.010411718177165201
1,2030,352,174,0.05308640031284678
1,2030,352,175,0.06170350111978294
1,2030,352,217,0.08660395015205523
1,2030,352,230,0.6640790302731249
1,2030,352,239,0.014715707819310213
1,2030,353,150,1.0
1,2030,354,152,1.0
1,2030,355,193,0.9518281915168367
1,2030,356,122,0.08814793848251679
1,2030,356,131,0.010832281491558392
1,2030,356,133,0.06297800783003632
1,2030,356,134,0.05900354688625507
1,2030,356,137,0.13928847398680333
1,2030,356,149,0.01661820798856743
1,2030,356,210,0.023090943305057062
1,2030,356,224,0.5050518021356166
1,2030,356,229,0.03301655270679233
1,2030,356,232,0.18714335216430253
1,2030,357,224,0.9847078214012144
1,2030,358,224,0.9822601131805122
1,2030,359,232,1.0
1,2030,360,145,1.0
1,2030,361,122,0.7962392125219443
1,2030,361,123,0.03167278708201709
1,2030,361,125,0.010468722673256844
1,2030,361,127,0.018446096899619267
1,2030,361,129,0.03459595916562032
1,2030,361,159,0.011138230175377163
1,2030,361,175,0.03682090493383929
1,2030,361,193,0.011425000434109699
1,2030,361,197,0.022037424451326882
1,2030,361,230,0.011036672834310436
1,2030,361,240,0.02659838184839717
1,2030,362,139,0.019771526082833044
1,2030,362,140,0.1016776146784517
1,2030,362,145,0.08533288127724674
1,2030,362,161,0.1089432194699217
1,2030,362,175,0.1996161912457759
1,2030,362,177,0.038163958562003636
1,2030,362,210,0.09074629646841194
1,2030,362,224,0.11368633593943744
1,2030,362,226,0.11844876751100475
1,2030,362,230,0.09170705524417375
1,2030,362,231,0.045905656904534915
1,2030,362,232,0.15627054246171343
1,2030,363,122,1.0
1,2030,364,224,1.0
1,2030,365,224,0.9806279576576745
