scenario,year,period,rep_period,weight
0,2030,1,8,1.0
0,2030,2,19,1.0
0,2030,3,60,1.0
0,2030,4,56,1.0
0,2030,5,25,1.0
0,2030,6,18,1.0
0,2030,7,39,1.0
0,2030,8,19,1.0
0,2030,9,28,1.0
0,2030,10,50,1.0
0,2030,11,54,1.0
0,2030,12,58,1.0
0,2030,13,32,1.0
0,2030,14,24,1.0
0,2030,15,26,1.0
0,2030,16,5,1.0
0,2030,17,54,1.0
0,2030,18,58,1.0
0,2030,19,54,1.0
0,2030,20,58,1.0
0,2030,21,40,1.0
0,2030,22,58,1.0
0,2030,23,10,1.0
0,2030,24,12,1.0
0,2030,25,37,1.0
0,2030,26,8,1.0
0,2030,27,49,1.0
0,2030,28,37,1.0
0,2030,29,37,1.0
0,2030,30,14,1.0
0,2030,31,5,1.0
0,2030,32,22,1.0
0,2030,33,26,1.0
0,2030,34,46,1.0
0,2030,35,31,1.0
0,2030,36,38,1.0
0,2030,37,51,1.0
0,2030,38,5,1.0
0,2030,39,37,1.0
0,2030,40,37,1.0
0,2030,41,33,1.0
0,2030,42,32,1.0
0,2030,43,11,1.0
0,2030,44,37,1.0
0,2030,45,58,1.0
0,2030,46,58,1.0
0,2030,47,40,1.0
0,2030,48,52,1.0
0,2030,49,17,1.0
0,2030,50,5,1.0
0,2030,51,5,1.0
0,2030,52,36,1.0
0,2030,53,21,1.0
0,2030,54,5,1.0
0,2030,55,2,1.0
0,2030,56,2,1.0
0,2030,57,58,1.0
0,2030,58,55,1.0
0,2030,59,19,1.0
0,2030,60,48,1.0
0,2030,61,40,1.0
0,2030,62,2,1.0
0,2030,63,45,1.0
0,2030,64,41,1.0
0,2030,65,28,1.0
0,2030,66,49,1.0
0,2030,67,40,1.0
0,2030,68,40,1.0
0,2030,69,8,1.0
0,2030,70,12,1.0
0,2030,71,2,1.0
0,2030,72,40,1.0
0,2030,73,53,1.0
0,2030,74,20,1.0
0,2030,75,46,1.0
0,2030,76,5,1.0
0,2030,77,5,1.0
0,2030,78,59,1.0
0,2030,79,5,1.0
0,2030,80,5,1.0
0,2030,81,3,1.0
0,2030,82,24,1.0
0,2030,83,51,1.0
0,2030,84,5,1.0
0,2030,85,59,1.0
0,2030,86,20,1.0
0,2030,87,4,1.0
0,2030,88,4,1.0
0,2030,89,45,1.0
0,2030,90,40,1.0
0,2030,91,40,1.0
0,2030,92,3,1.0
0,2030,93,9,1.0
0,2030,94,51,1.0
0,2030,95,46,1.0
0,2030,96,5,1.0
0,2030,97,5,1.0
0,2030,98,5,1.0
0,2030,99,5,1.0
0,2030,100,5,1.0
0,2030,101,5,1.0
0,2030,102,5,1.0
0,2030,103,40,1.0
0,2030,104,40,1.0
0,2030,105,40,1.0
0,2030,106,40,1.0
0,2030,107,39,1.0
0,2030,108,57,1.0
0,2030,109,20,1.0
0,2030,110,48,1.0
0,2030,111,55,1.0
0,2030,112,46,1.0
0,2030,113,38,1.0
0,2030,114,42,1.0
0,2030,115,19,1.0
0,2030,116,35,1.0
0,2030,117,22,1.0
0,2030,118,26,1.0
0,2030,119,31,1.0
0,2030,120,38,1.0
0,2030,121,9,1.0
0,2030,122,21,1.0
0,2030,123,31,1.0
0,2030,124,20,1.0
0,2030,125,24,1.0
0,2030,126,9,1.0
0,2030,127,38,1.0
0,2030,128,46,1.0
0,2030,129,46,1.0
0,2030,130,38,1.0
0,2030,131,47,1.0
0,2030,132,18,1.0
0,2030,133,4,1.0
0,2030,134,31,1.0
0,2030,135,52,1.0
0,2030,136,43,1.0
0,2030,137,40,1.0
0,2030,138,55,1.0
0,2030,139,31,1.0
0,2030,140,34,1.0
0,2030,141,53,1.0
0,2030,142,24,1.0
0,2030,143,21,1.0
0,2030,144,60,1.0
0,2030,145,57,1.0
0,2030,146,5,1.0
0,2030,147,5,1.0
0,2030,148,59,1.0
0,2030,149,57,1.0
0,2030,150,20,1.0
0,2030,151,20,1.0
0,2030,152,4,1.0
0,2030,153,46,1.0
0,2030,154,4,1.0
0,2030,155,21,1.0
0,2030,156,40,1.0
0,2030,157,40,1.0
0,2030,158,5,1.0
0,2030,159,5,1.0
0,2030,160,40,1.0
0,2030,161,40,1.0
0,2030,162,55,1.0
0,2030,163,21,1.0
0,2030,164,46,1.0
0,2030,165,46,1.0
0,2030,166,5,1.0
0,2030,167,59,1.0
0,2030,168,9,1.0
0,2030,169,38,1.0
0,2030,170,38,1.0
0,2030,171,38,1.0
0,2030,172,21,1.0
0,2030,173,5,1.0
0,2030,174,5,1.0
0,2030,175,40,1.0
0,2030,176,5,1.0
0,2030,177,5,1.0
0,2030,178,31,1.0
0,2030,179,38,1.0
0,2030,180,38,1.0
0,2030,181,9,1.0
0,2030,182,9,1.0
0,2030,183,57,1.0
0,2030,184,39,1.0
0,2030,185,57,1.0
0,2030,186,46,1.0
0,2030,187,5,1.0
0,2030,188,5,1.0
0,2030,189,53,1.0
0,2030,190,38,1.0
0,2030,191,51,1.0
0,2030,192,3,1.0
0,2030,193,21,1.0
0,2030,194,34,1.0
0,2030,195,5,1.0
0,2030,196,53,1.0
0,2030,197,38,1.0
0,2030,198,38,1.0
0,2030,199,23,1.0
0,2030,200,53,1.0
0,2030,201,38,1.0
0,2030,202,57,1.0
0,2030,203,40,1.0
0,2030,204,5,1.0
0,2030,205,53,1.0
0,2030,206,48,1.0
0,2030,207,53,1.0
0,2030,208,38,1.0
0,2030,209,38,1.0
0,2030,210,57,1.0
0,2030,211,38,1.0
0,2030,212,51,1.0
0,2030,213,27,1.0
0,2030,214,38,1.0
0,2030,215,51,1.0
0,2030,216,57,1.0
0,2030,217,53,1.0
0,2030,218,38,1.0
0,2030,219,57,1.0
0,2030,220,23,1.0
0,2030,221,5,1.0
0,2030,222,36,1.0
0,2030,223,38,1.0
0,2030,224,57,1.0
0,2030,225,23,1.0
0,2030,226,54,1.0
0,2030,227,5,1.0
0,2030,228,53,1.0
0,2030,229,38,1.0
0,2030,230,57,1.0
0,2030,231,57,1.0
0,2030,232,51,1.0
0,2030,233,46,1.0
0,2030,234,27,1.0
0,2030,235,46,1.0
0,2030,236,48,1.0
0,2030,237,57,1.0
0,2030,238,52,1.0
0,2030,239,27,1.0
0,2030,240,40,1.0
0,2030,241,5,1.0
0,2030,242,5,1.0
0,2030,243,5,1.0
0,2030,244,5,1.0
0,2030,245,5,1.0
0,2030,246,57,1.0
0,2030,247,38,1.0
0,2030,248,48,1.0
0,2030,249,2,1.0
0,2030,250,2,1.0
0,2030,251,55,1.0
0,2030,252,5,1.0
0,2030,253,13,1.0
0,2030,254,9,1.0
0,2030,255,20,1.0
0,2030,256,52,1.0
0,2030,257,55,1.0
0,2030,258,53,1.0
0,2030,259,46,1.0
0,2030,260,60,1.0
0,2030,261,48,1.0
0,2030,262,40,1.0
0,2030,263,50,1.0
0,2030,264,46,1.0
0,2030,265,5,1.0
0,2030,266,3,1.0
0,2030,267,21,1.0
0,2030,268,48,1.0
0,2030,269,24,1.0
0,2030,270,9,1.0
0,2030,271,60,1.0
0,2030,272,9,1.0
0,2030,273,9,1.0
0,2030,274,38,1.0
0,2030,275,11,1.0
0,2030,276,5,1.0
0,2030,277,53,1.0
0,2030,278,51,1.0
0,2030,279,5,1.0
0,2030,280,3,1.0
0,2030,281,52,1.0
0,2030,282,17,1.0
0,2030,283,5,1.0
0,2030,284,38,1.0
0,2030,285,9,1.0
0,2030,286,21,1.0
0,2030,287,36,1.0
0,2030,288,51,1.0
0,2030,289,5,1.0
0,2030,290,3,1.0
0,2030,291,51,1.0
0,2030,292,59,1.0
0,2030,293,5,1.0
0,2030,294,59,1.0
0,2030,295,44,1.0
0,2030,296,49,1.0
0,2030,297,37,1.0
0,2030,298,36,1.0
0,2030,299,32,1.0
0,2030,300,21,1.0
0,2030,301,40,1.0
0,2030,302,27,1.0
0,2030,303,60,1.0
0,2030,304,49,1.0
0,2030,305,27,1.0
0,2030,306,50,1.0
0,2030,307,39,1.0
0,2030,308,17,1.0
0,2030,309,31,1.0
0,2030,310,38,1.0
0,2030,311,38,1.0
0,2030,312,21,1.0
0,2030,313,36,1.0
0,2030,314,6,1.0
0,2030,315,30,1.0
0,2030,316,37,1.0
0,2030,317,49,1.0
0,2030,318,43,1.0
0,2030,319,28,1.0
0,2030,320,15,1.0
0,2030,321,7,1.0
0,2030,322,55,1.0
0,2030,323,25,1.0
0,2030,324,5,1.0
0,2030,325,43,1.0
0,2030,326,8,1.0
0,2030,327,26,1.0
0,2030,328,32,1.0
0,2030,329,15,1.0
0,2030,330,48,1.0
0,2030,331,27,1.0
0,2030,332,56,1.0
0,2030,333,50,1.0
0,2030,334,33,1.0
0,2030,335,5,1.0
0,2030,336,27,1.0
0,2030,337,43,1.0
0,2030,338,37,1.0
0,2030,339,8,1.0
0,2030,340,29,1.0
0,2030,341,36,1.0
0,2030,342,44,1.0
0,2030,343,49,1.0
0,2030,344,28,1.0
0,2030,345,28,1.0
0,2030,346,49,1.0
0,2030,347,37,1.0
0,2030,348,37,1.0
0,2030,349,33,1.0
0,2030,350,29,1.0
0,2030,351,27,1.0
0,2030,352,5,1.0
0,2030,353,36,1.0
0,2030,354,25,1.0
0,2030,355,37,1.0
0,2030,356,41,1.0
0,2030,357,58,1.0
0,2030,358,58,1.0
0,2030,359,41,1.0
0,2030,360,16,1.0
0,2030,361,37,1.0
0,2030,362,58,1.0
0,2030,363,37,1.0
0,2030,364,58,1.0
0,2030,365,58,1.0
1,2030,1,73,1.0
1,2030,2,71,1.0
1,2030,3,87,1.0
1,2030,4,113,1.0
1,2030,5,106,1.0
1,2030,6,93,1.0
1,2030,7,71,1.0
1,2030,8,71,1.0
1,2030,9,76,1.0
1,2030,10,96,1.0
1,2030,11,119,1.0
1,2030,12,62,1.0
1,2030,13,98,1.0
1,2030,14,103,1.0
1,2030,15,100,1.0
1,2030,16,74,1.0
1,2030,17,62,1.0
1,2030,18,62,1.0
1,2030,19,62,1.0
1,2030,20,62,1.0
1,2030,21,62,1.0
1,2030,22,62,1.0
1,2030,23,75,1.0
1,2030,24,84,1.0
1,2030,25,62,1.0
1,2030,26,73,1.0
1,2030,27,74,1.0
1,2030,28,62,1.0
1,2030,29,62,1.0
1,2030,30,65,1.0
1,2030,31,74,1.0
1,2030,32,89,1.0
1,2030,33,70,1.0
1,2030,34,107,1.0
1,2030,35,83,1.0
1,2030,36,100,1.0
1,2030,37,97,1.0
1,2030,38,74,1.0
1,2030,39,62,1.0
1,2030,40,109,1.0
1,2030,41,74,1.0
1,2030,42,98,1.0
1,2030,43,117,1.0
1,2030,44,62,1.0
1,2030,45,62,1.0
1,2030,46,62,1.0
1,2030,47,104,1.0
1,2030,48,95,1.0
1,2030,49,80,1.0
1,2030,50,74,1.0
1,2030,51,74,1.0
1,2030,52,118,1.0
1,2030,53,66,1.0
1,2030,54,74,1.0
1,2030,55,62,1.0
1,2030,56,62,1.0
1,2030,57,62,1.0
1,2030,58,112,1.0
1,2030,59,71,1.0
1,2030,60,113,1.0
1,2030,61,119,1.0
1,2030,62,62,1.0
1,2030,63,116,1.0
1,2030,64,62,1.0
1,2030,65,76,1.0
1,2030,66,68,1.0
1,2030,67,104,1.0
1,2030,68,74,1.0
1,2030,69,73,1.0
1,2030,70,84,1.0
1,2030,71,62,1.0
1,2030,72,74,1.0
1,2030,73,92,1.0
1,2030,74,113,1.0
1,2030,75,107,1.0
1,2030,76,74,1.0
1,2030,77,74,1.0
1,2030,78,98,1.0
1,2030,79,74,1.0
1,2030,80,74,1.0
1,2030,81,114,1.0
1,2030,82,103,1.0
1,2030,83,101,1.0
1,2030,84,74,1.0
1,2030,85,92,1.0
1,2030,86,110,1.0
1,2030,87,91,1.0
1,2030,88,96,1.0
1,2030,89,116,1.0
1,2030,90,74,1.0
1,2030,91,74,1.0
1,2030,92,114,1.0
1,2030,93,63,1.0
1,2030,94,101,1.0
1,2030,95,107,1.0
1,2030,96,74,1.0
1,2030,97,74,1.0
1,2030,98,74,1.0
1,2030,99,74,1.0
1,2030,100,74,1.0
1,2030,101,74,1.0
1,2030,102,74,1.0
1,2030,103,119,1.0
1,2030,104,62,1.0
1,2030,105,119,1.0
1,2030,106,119,1.0
1,2030,107,111,1.0
1,2030,108,105,1.0
1,2030,109,86,1.0
1,2030,110,113,1.0
1,2030,111,102,1.0
1,2030,112,107,1.0
1,2030,113,105,1.0
1,2030,114,71,1.0
1,2030,115,71,1.0
1,2030,116,78,1.0
1,2030,117,89,1.0
1,2030,118,115,1.0
1,2030,119,111,1.0
1,2030,120,120,1.0
1,2030,121,63,1.0
1,2030,122,110,1.0
1,2030,123,83,1.0
1,2030,124,105,1.0
1,2030,125,103,1.0
1,2030,126,103,1.0
1,2030,127,100,1.0
1,2030,128,107,1.0
1,2030,129,107,1.0
1,2030,130,63,1.0
1,2030,131,86,1.0
1,2030,132,93,1.0
1,2030,133,91,1.0
1,2030,134,111,1.0
1,2030,135,95,1.0
1,2030,136,119,1.0
1,2030,137,68,1.0
1,2030,138,112,1.0
1,2030,139,111,1.0
1,2030,140,68,1.0
1,2030,141,92,1.0
1,2030,142,105,1.0
1,2030,143,110,1.0
1,2030,144,110,1.0
1,2030,145,105,1.0
1,2030,146,107,1.0
1,2030,147,74,1.0
1,2030,148,92,1.0
1,2030,149,105,1.0
1,2030,150,96,1.0
1,2030,151,96,1.0
1,2030,152,91,1.0
1,2030,153,107,1.0
1,2030,154,110,1.0
1,2030,155,117,1.0
1,2030,156,74,1.0
1,2030,157,74,1.0
1,2030,158,74,1.0
1,2030,159,74,1.0
1,2030,160,74,1.0
1,2030,161,107,1.0
1,2030,162,85,1.0
1,2030,163,110,1.0
1,2030,164,107,1.0
1,2030,165,68,1.0
1,2030,166,74,1.0
1,2030,167,74,1.0
1,2030,168,63,1.0
1,2030,169,63,1.0
1,2030,170,120,1.0
1,2030,171,100,1.0
1,2030,172,101,1.0
1,2030,173,74,1.0
1,2030,174,74,1.0
1,2030,175,74,1.0
1,2030,176,74,1.0
1,2030,177,74,1.0
1,2030,178,111,1.0
1,2030,179,100,1.0
1,2030,180,100,1.0
1,2030,181,63,1.0
1,2030,182,63,1.0
1,2030,183,105,1.0
1,2030,184,113,1.0
1,2030,185,105,1.0
1,2030,186,68,1.0
1,2030,187,74,1.0
1,2030,188,74,1.0
1,2030,189,92,1.0
1,2030,190,105,1.0
1,2030,191,99,1.0
1,2030,192,118,1.0
1,2030,193,110,1.0
1,2030,194,68,1.0
1,2030,195,74,1.0
1,2030,196,92,1.0
1,2030,197,105,1.0
1,2030,198,105,1.0
1,2030,199,101,1.0
1,2030,200,92,1.0
1,2030,201,105,1.0
1,2030,202,105,1.0
1,2030,203,74,1.0
1,2030,204,74,1.0
1,2030,205,92,1.0
1,2030,206,102,1.0
1,2030,207,92,1.0
1,2030,208,120,1.0
1,2030,209,99,1.0
1,2030,210,105,1.0
1,2030,211,105,1.0
1,2030,212,110,1.0
1,2030,213,107,1.0
1,2030,214,105,1.0
1,2030,215,97,1.0
1,2030,216,110,1.0
1,2030,217,111,1.0
1,2030,218,105,1.0
1,2030,219,105,1.0
1,2030,220,117,1.0
1,2030,221,74,1.0
1,2030,222,118,1.0
1,2030,223,99,1.0
1,2030,224,105,1.0
1,2030,225,95,1.0
1,2030,226,74,1.0
1,2030,227,74,1.0
1,2030,228,92,1.0
1,2030,229,105,1.0
1,2030,230,105,1.0
1,2030,231,105,1.0
1,2030,232,105,1.0
1,2030,233,95,1.0
1,2030,234,107,1.0
1,2030,235,107,1.0
1,2030,236,113,1.0
1,2030,237,96,1.0
1,2030,238,95,1.0
1,2030,239,107,1.0
1,2030,240,74,1.0
1,2030,241,74,1.0
1,2030,242,74,1.0
1,2030,243,74,1.0
1,2030,244,74,1.0
1,2030,245,74,1.0
1,2030,246,105,1.0
1,2030,247,103,1.0
1,2030,248,113,1.0
1,2030,249,62,1.0
1,2030,250,62,1.0
1,2030,251,112,1.0
1,2030,252,107,1.0
1,2030,253,72,1.0
1,2030,254,63,1.0
1,2030,255,110,1.0
1,2030,256,96,1.0
1,2030,257,108,1.0
1,2030,258,92,1.0
1,2030,259,107,1.0
1,2030,260,99,1.0
1,2030,261,113,1.0
1,2030,262,109,1.0
1,2030,263,85,1.0
1,2030,264,108,1.0
1,2030,265,107,1.0
1,2030,266,111,1.0
1,2030,267,101,1.0
1,2030,268,102,1.0
1,2030,269,120,1.0
1,2030,270,63,1.0
1,2030,271,110,1.0
1,2030,272,100,1.0
1,2030,273,120,1.0
1,2030,274,63,1.0
1,2030,275,66,1.0
1,2030,276,74,1.0
1,2030,277,92,1.0
1,2030,278,115,1.0
1,2030,279,74,1.0
1,2030,280,114,1.0
1,2030,281,95,1.0
1,2030,282,80,1.0
1,2030,283,107,1.0
1,2030,284,103,1.0
1,2030,285,103,1.0
1,2030,286,66,1.0
1,2030,287,111,1.0
1,2030,288,87,1.0
1,2030,289,74,1.0
1,2030,290,64,1.0
1,2030,291,97,1.0
1,2030,292,74,1.0
1,2030,293,74,1.0
1,2030,294,92,1.0
1,2030,295,111,1.0
1,2030,296,68,1.0
1,2030,297,62,1.0
1,2030,298,85,1.0
1,2030,299,98,1.0
1,2030,300,97,1.0
1,2030,301,74,1.0
1,2030,302,108,1.0
1,2030,303,99,1.0
1,2030,304,74,1.0
1,2030,305,108,1.0
1,2030,306,96,1.0
1,2030,307,111,1.0
1,2030,308,117,1.0
1,2030,309,111,1.0
1,2030,310,99,1.0
1,2030,311,100,1.0
1,2030,312,81,1.0
1,2030,313,88,1.0
1,2030,314,67,1.0
1,2030,315,77,1.0
1,2030,316,109,1.0
1,2030,317,79,1.0
1,2030,318,119,1.0
1,2030,319,76,1.0
1,2030,320,79,1.0
1,2030,321,69,1.0
1,2030,322,94,1.0
1,2030,323,106,1.0
1,2030,324,74,1.0
1,2030,325,119,1.0
1,2030,326,73,1.0
1,2030,327,70,1.0
1,2030,328,98,1.0
1,2030,329,106,1.0
1,2030,330,113,1.0
1,2030,331,104,1.0
1,2030,332,98,1.0
1,2030,333,96,1.0
1,2030,334,104,1.0
1,2030,335,74,1.0
1,2030,336,108,1.0
1,2030,337,104,1.0
1,2030,338,62,1.0
1,2030,339,73,1.0
1,2030,340,81,1.0
1,2030,341,90,1.0
1,2030,342,90,1.0
1,2030,343,84,1.0
1,2030,344,76,1.0
1,2030,345,76,1.0
1,2030,346,106,1.0
1,2030,347,62,1.0
1,2030,348,104,1.0
1,2030,349,109,1.0
1,2030,350,81,1.0
1,2030,351,104,1.0
1,2030,352,74,1.0
1,2030,353,88,1.0
1,2030,354,106,1.0
1,2030,355,74,1.0
1,2030,356,62,1.0
1,2030,357,62,1.0
1,2030,358,62,1.0
1,2030,359,62,1.0
1,2030,360,82,1.0
1,2030,361,62,1.0
1,2030,362,62,1.0
1,2030,363,62,1.0
1,2030,364,62,1.0
1,2030,365,62,1.0
