rep_period,timestep,year,scenario,profile_name,value
1,1,2030,0,demand,0.5445061128314418
1,1,2030,0,wind_onshore,0.3317066944126621
2,1,2030,0,demand,0.6788013343232834
2,1,2030,0,wind_onshore,0.3104518142387453
3,1,2030,0,demand,0.7142589944626401
3,1,2030,0,wind_onshore,0.4371572911263349
4,1,2030,0,demand,0.541557586297562
4,1,2030,0,wind_onshore,0.46065984212067385
5,1,2030,0,demand,0.6358665030045504
5,1,2030,0,wind_onshore,0.43380531682940193
6,1,2030,1,demand,0.5599574430631962
6,1,2030,1,wind_onshore,0.5521376142632701
7,1,2030,1,demand,0.717274889113902
7,1,2030,1,wind_onshore,0.6933784761609312
8,1,2030,1,demand,0.7067157220103479
8,1,2030,1,wind_onshore,0.5563371053137036
9,1,2030,1,demand,0.5983098749165919
9,1,2030,1,wind_onshore,0.7138123965251881
10,1,2030,1,demand,0.6338586942494815
10,1,2030,1,wind_onshore,0.6181841361040356
