scenario,year,period,rep_period,weight
0,2030,1,2,1.0
0,2030,2,2,1.0
0,2030,3,1,1.0
0,2030,4,1,1.0
0,2030,5,1,0.15108463406812245
0,2030,5,2,0.8489153659318777
0,2030,6,1,0.47129708099579104
0,2030,6,2,0.528702919004209
0,2030,7,1,1.0
0,2030,8,1,0.16345302347816104
0,2030,8,2,0.8365469765218391
0,2030,9,1,1.0
0,2030,10,1,0.09886056953693265
0,2030,10,2,0.9011394304630673
0,2030,11,1,1.0
0,2030,12,2,1.0
0,2030,13,1,0.6030157001359879
0,2030,13,2,0.39698429986401207
0,2030,14,2,1.0
0,2030,15,1,0.5993022610838494
0,2030,15,2,0.4006977389161506
0,2030,16,1,0.432027329883817
0,2030,16,2,0.567972670116183
0,2030,17,1,0.9867372741482353
0,2030,17,2,0.013262725851764651
0,2030,18,1,0.9202783854662188
0,2030,18,2,0.07972161453378125
0,2030,19,1,0.7336212953818168
0,2030,19,2,0.2663787046181832
0,2030,20,1,1.0
0,2030,21,1,1.0
0,2030,22,1,1.0
0,2030,23,1,1.0
0,2030,24,1,0.654997639564564
0,2030,24,2,0.3450023604354359
0,2030,25,1,0.9449544576420824
0,2030,25,2,0.05504554235791758
0,2030,26,1,1.0
0,2030,27,1,0.7595200887389791
0,2030,27,2,0.24047991126102086
0,2030,28,1,0.4528413139661256
0,2030,28,2,0.5471586860338744
0,2030,29,1,0.08357111822722184
0,2030,29,2,0.9164288817727781
0,2030,30,1,1.0
0,2030,31,1,0.23494407615519575
0,2030,31,2,0.7650559238448043
0,2030,32,1,0.8660017747727338
0,2030,32,2,0.1339982252272663
0,2030,33,1,1.0
0,2030,34,1,1.0
0,2030,35,1,0.8812380237094211
0,2030,35,2,0.11876197629057898
0,2030,36,1,0.8802774277723049
0,2030,36,2,0.11972257222769507
0,2030,37,2,1.0
0,2030,38,1,1.0
0,2030,39,1,0.7396176777546433
0,2030,39,2,0.2603823222453568
0,2030,40,1,0.017242671466107126
0,2030,40,2,0.9827573285338929
0,2030,41,2,1.0
0,2030,42,1,1.0
0,2030,43,2,1.0
0,2030,44,1,1.0
0,2030,45,2,1.0
0,2030,46,1,0.16239290454834726
0,2030,46,2,0.8376070954516528
0,2030,47,1,0.8500741479837391
0,2030,47,2,0.1499258520162609
0,2030,48,1,1.0
0,2030,49,1,0.7375325929631837
0,2030,49,2,0.2624674070368163
0,2030,50,1,0.7118856542880887
0,2030,50,2,0.28811434571191136
0,2030,51,2,1.0
0,2030,52,1,0.350365138588437
0,2030,52,2,0.6496348614115631
0,2030,53,1,0.0805493617687787
0,2030,53,2,0.9194506382312213
0,2030,54,2,1.0
0,2030,55,1,0.5301266857400534
0,2030,55,2,0.46987331425994655
0,2030,56,1,1.0
0,2030,57,1,0.6180054172359808
0,2030,57,2,0.38199458276401926
0,2030,58,1,1.0
0,2030,59,1,0.707949653225765
0,2030,59,2,0.2920503467742351
0,2030,60,1,0.7297922191617842
0,2030,60,2,0.27020778083821584
0,2030,61,2,1.0
0,2030,62,1,0.9622437319798806
0,2030,62,2,0.03775626802011947
0,2030,63,1,0.17638620768125257
0,2030,63,2,0.8236137923187474
0,2030,64,1,1.0
0,2030,65,1,0.4103182460645034
0,2030,65,2,0.5896817539354966
0,2030,66,1,1.0
0,2030,67,2,1.0
0,2030,68,2,1.0
0,2030,69,2,1.0
0,2030,70,1,0.20660768370926547
0,2030,70,2,0.7933923162907346
0,2030,71,1,0.9269403000556489
0,2030,71,2,0.07305969994435116
0,2030,72,2,1.0
0,2030,73,1,1.0
0,2030,74,1,1.0
0,2030,75,1,1.0
0,2030,76,2,1.0
0,2030,77,1,1.0
0,2030,78,1,0.6741979320493524
0,2030,78,2,0.3258020679506476
0,2030,79,1,0.45395536885019183
0,2030,79,2,0.5460446311498082
0,2030,80,2,1.0
0,2030,81,1,0.7184137842634533
0,2030,81,2,0.2815862157365468
0,2030,82,1,0.8293616473463051
0,2030,82,2,0.17063835265369492
0,2030,83,1,1.0
0,2030,84,1,1.0
0,2030,85,1,0.7576349044323429
0,2030,85,2,0.2423650955676571
0,2030,86,1,1.0
0,2030,87,1,0.7642992413912965
0,2030,87,2,0.23570075860870351
0,2030,88,1,0.4325734888714494
0,2030,88,2,0.5674265111285507
0,2030,89,1,1.0
0,2030,90,1,1.0
0,2030,91,1,1.0
0,2030,92,1,1.0
0,2030,93,1,0.7389190883384351
0,2030,93,2,0.26108091166156494
0,2030,94,1,1.0
0,2030,95,2,1.0
0,2030,96,1,0.5557810829341212
0,2030,96,2,0.44421891706587885
0,2030,97,1,0.5631524407896011
0,2030,97,2,0.4368475592103989
0,2030,98,1,1.0
0,2030,99,2,1.0
0,2030,100,2,1.0
1,2030,1,4,1.0
1,2030,2,4,1.0
1,2030,3,3,1.0
1,2030,4,3,1.0
1,2030,5,3,1.0
1,2030,6,3,1.0
1,2030,7,3,0.23729625006900018
1,2030,7,4,0.7627037499309999
1,2030,8,3,0.28276051897769766
1,2030,8,4,0.7172394810223024
1,2030,9,3,1.0
1,2030,10,3,0.030874225014263318
1,2030,10,4,0.9691257749857367
1,2030,11,4,1.0
1,2030,12,3,0.6701074231980185
1,2030,12,4,0.32989257680198153
1,2030,13,4,1.0
1,2030,14,4,1.0
1,2030,15,3,0.6476150500104418
1,2030,15,4,0.3523849499895582
1,2030,16,3,0.4388353257995325
1,2030,16,4,0.5611646742004675
1,2030,17,3,0.9795467701765455
1,2030,17,4,0.020453229823454582
1,2030,18,4,1.0
1,2030,19,4,1.0
1,2030,20,3,0.7560944549045415
1,2030,20,4,0.24390554509545845
1,2030,21,4,1.0
1,2030,22,4,1.0
1,2030,23,3,0.32829632207172144
1,2030,23,4,0.6717036779282786
1,2030,24,3,0.9048304466617572
1,2030,24,4,0.09516955333824278
1,2030,25,3,0.4370649212394384
1,2030,25,4,0.5629350787605616
1,2030,26,3,1.0
1,2030,27,3,0.5589935124560139
1,2030,27,4,0.44100648754398614
1,2030,28,3,0.06738722804532998
1,2030,28,4,0.93261277195467
1,2030,29,3,0.8615020504495756
1,2030,29,4,0.13849794955042435
1,2030,30,4,1.0
1,2030,31,3,1.0
1,2030,32,4,1.0
1,2030,33,4,1.0
1,2030,34,3,0.6419920889394237
1,2030,34,4,0.3580079110605762
1,2030,35,4,1.0
1,2030,36,3,0.4338549037681032
1,2030,36,4,0.5661450962318968
1,2030,37,3,1.0
1,2030,38,3,1.0
1,2030,39,3,0.9493889988830848
1,2030,39,4,0.05061100111691518
1,2030,40,4,1.0
1,2030,41,3,0.6904593462310326
1,2030,41,4,0.30954065376896744
1,2030,42,3,1.0
1,2030,43,3,1.0
1,2030,44,3,1.0
1,2030,45,3,0.2636817893150015
1,2030,45,4,0.7363182106849985
1,2030,46,3,1.0
1,2030,47,3,0.6639023538441189
1,2030,47,4,0.33609764615588117
1,2030,48,3,0.6503791796139348
1,2030,48,4,0.3496208203860653
1,2030,49,4,1.0
1,2030,50,3,1.0
1,2030,51,3,1.0
1,2030,52,3,1.0
1,2030,53,4,1.0
1,2030,54,3,0.19879145248612523
1,2030,54,4,0.8012085475138747
1,2030,55,3,1.0
1,2030,56,3,1.0
1,2030,57,3,0.5835258497704626
1,2030,57,4,0.4164741502295374
1,2030,58,3,1.0
1,2030,59,3,1.0
1,2030,60,4,1.0
1,2030,61,4,1.0
1,2030,62,3,1.0
1,2030,63,4,1.0
1,2030,64,3,0.852476761232025
1,2030,64,4,0.14752323876797505
1,2030,65,3,1.0
1,2030,66,3,0.8020944198930728
1,2030,66,4,0.19790558010692721
1,2030,67,3,0.30907593798201477
1,2030,67,4,0.6909240620179853
1,2030,68,3,1.0
1,2030,69,3,0.15397363363305144
1,2030,69,4,0.8460263663669486
1,2030,70,3,1.0
1,2030,71,3,1.0
1,2030,72,3,1.0
1,2030,73,3,0.04520650060738039
1,2030,73,4,0.9547934993926196
1,2030,74,4,1.0
1,2030,75,3,1.0
1,2030,76,4,1.0
1,2030,77,3,1.0
1,2030,78,4,1.0
1,2030,79,3,1.0
1,2030,80,3,0.9590058660740851
1,2030,80,4,0.04099413392591485
1,2030,81,3,1.0
1,2030,82,3,0.3278768104424947
1,2030,82,4,0.6721231895575054
1,2030,83,4,1.0
1,2030,84,3,0.15994234393108814
1,2030,84,4,0.8400576560689119
1,2030,85,3,0.316446281981207
1,2030,85,4,0.683553718018793
1,2030,86,3,0.4121417338930982
1,2030,86,4,0.5878582661069018
1,2030,87,3,1.0
1,2030,88,3,1.0
1,2030,89,4,1.0
1,2030,90,3,0.2648011965499509
1,2030,90,4,0.7351988034500492
1,2030,91,3,0.39456977011124933
1,2030,91,4,0.6054302298887507
1,2030,92,4,1.0
1,2030,93,4,1.0
1,2030,94,4,1.0
1,2030,95,3,1.0
1,2030,96,3,1.0
1,2030,97,3,0.2147195205199275
1,2030,97,4,0.7852804794800726
1,2030,98,3,0.7728108926253443
1,2030,98,4,0.2271891073746557
1,2030,99,3,0.7691978543148731
1,2030,99,4,0.23080214568512694
1,2030,100,4,1.0
