scenario,year,period,rep_period,weight
2,2030,1,18,0.9549307671647774
2,2030,1,20,0.010592465020064955
2,2030,1,23,0.011475786722403762
2,2030,1,29,0.02300098109275387
2,2030,2,5,0.07556333943727409
2,2030,2,8,0.8204687820142811
2,2030,2,10,0.03341916728273459
2,2030,2,17,0.07054871126571022
2,2030,3,2,0.9094724089444884
2,2030,3,5,0.032197275212729665
2,2030,3,16,0.02323760954819248
2,2030,3,25,0.035092706294589465
2,2030,4,5,0.02790832276024701
2,2030,4,8,0.010060650265665359
2,2030,4,12,0.8085153924869491
2,2030,4,20,0.1383026295855047
2,2030,4,21,0.0152130049016338
2,2030,5,18,1.0
2,2030,6,7,0.9446883454066624
2,2030,6,8,0.02157820246801093
2,2030,6,9,0.0202752674755861
2,2030,6,25,0.013458184649740586
2,2030,7,12,0.03177058830878362
2,2030,7,20,0.8622187143261723
2,2030,7,21,0.10601069736504402
2,2030,8,18,0.1088456437926688
2,2030,8,24,0.06503732286787064
2,2030,8,27,0.8261170333394605
2,2030,9,2,0.7693010128170501
2,2030,9,23,0.04375600340735214
2,2030,9,25,0.057744454281997364
2,2030,9,29,0.1291985294936004
2,2030,10,9,0.061918071592925596
2,2030,10,11,0.8523041894011847
2,2030,10,25,0.013349998640917488
2,2030,10,27,0.07242774036497228
2,2030,11,10,0.012305688395106953
2,2030,11,20,0.030867143521371678
2,2030,11,25,0.9568271680835213
2,2030,12,11,0.02317698826723254
2,2030,12,19,0.18974059413854955
2,2030,12,27,0.09733287450664944
2,2030,12,29,0.6897495430875685
2,2030,13,8,0.015325828760490219
2,2030,13,9,0.01093122319481776
2,2030,13,25,0.9277967634471004
2,2030,13,27,0.04594618459759162
2,2030,14,2,0.1749205730019491
2,2030,14,7,0.7631532727371318
2,2030,14,18,0.06192615426091907
2,2030,15,1,0.04565186233850331
2,2030,15,2,0.8735073712197219
2,2030,15,11,0.016936698622271016
2,2030,15,13,0.01284627743712198
2,2030,15,19,0.011645696974441873
2,2030,15,27,0.03941209340793984
2,2030,16,11,0.84772493960683
2,2030,16,20,0.043815567633810865
2,2030,16,25,0.04681366577724536
2,2030,16,29,0.0616458269821137
2,2030,17,2,0.09376686887082
2,2030,17,7,0.09870331032457631
2,2030,17,19,0.8075298208046038
2,2030,18,7,0.02178211152295566
2,2030,18,18,0.9782178884770444
2,2030,19,21,1.0
2,2030,20,18,1.0
2,2030,21,8,0.25223228447692436
2,2030,21,11,0.6938464731763868
2,2030,21,21,0.053921242346688866
2,2030,22,2,0.2781883644898628
2,2030,22,19,0.6877141327527883
2,2030,22,24,0.03409750275734898
2,2030,23,7,0.018093479692884176
2,2030,23,15,0.06979860217743514
2,2030,23,19,0.023847803572620715
2,2030,23,23,0.038688292360534504
2,2030,23,25,0.8298435933240124
2,2030,23,29,0.01972822887251301
2,2030,24,7,1.0
2,2030,25,19,1.0
2,2030,26,5,0.2641126239373696
2,2030,26,9,0.7358873760626304
2,2030,27,5,1.0
2,2030,28,5,0.9343416341707285
2,2030,28,15,0.013898851324640306
2,2030,28,20,0.0517595145046313
2,2030,29,10,0.014410513830779287
2,2030,29,17,0.022163515714379706
2,2030,29,29,0.963425970454841
2,2030,30,1,0.04077108903901359
2,2030,30,2,0.03182525923246189
2,2030,30,7,0.10455792393868057
2,2030,30,8,0.7207144388870605
2,2030,30,13,0.01884488843026896
2,2030,30,16,0.015930446476341818
2,2030,30,19,0.02394665620389169
2,2030,30,23,0.04340929779228103
2,2030,31,5,0.09887407391171535
2,2030,31,8,0.03548165543278508
2,2030,31,10,0.04081654707754769
2,2030,31,20,0.12496762743660607
2,2030,31,21,0.04381927959354737
2,2030,31,29,0.6560408165477984
2,2030,32,2,0.7844445964492522
2,2030,32,8,0.020664911216923716
2,2030,32,18,0.012966598564984189
2,2030,32,21,0.18192389376883994
2,2030,33,8,0.10237271173962444
2,2030,33,12,0.054849598983838385
2,2030,33,19,0.5638240571605778
2,2030,33,21,0.2633570630798071
2,2030,33,25,0.015596569036152285
2,2030,34,7,0.06931209832313487
2,2030,34,12,0.013177920418004944
2,2030,34,18,0.036094939145910845
2,2030,34,20,0.18442642351875804
2,2030,34,22,0.6969886185941914
2,2030,35,5,0.9861228436708862
2,2030,35,18,0.01387715632911388
2,2030,36,2,0.01929587793049285
2,2030,36,18,0.01795529155314444
2,2030,36,25,0.9627488305163627
2,2030,37,25,1.0
2,2030,38,5,0.11962305867772755
2,2030,38,25,0.8803769413222725
2,2030,39,8,0.03954215929499537
2,2030,39,9,0.020436999262214428
2,2030,39,15,0.9178605068029355
2,2030,39,21,0.010551778183357969
2,2030,39,25,0.011608556456496652
2,2030,40,2,0.019939738764889647
2,2030,40,5,0.033440950016266215
2,2030,40,7,0.03415524558937998
2,2030,40,8,0.0342149823306305
2,2030,40,9,0.02745371109967241
2,2030,40,13,0.5323098042101696
2,2030,40,21,0.03002053664706469
2,2030,40,24,0.019553887599434525
2,2030,40,25,0.22370220979939706
2,2030,40,27,0.04520893394309522
2,2030,41,5,0.2643489582102656
2,2030,41,25,0.7356510417897343
2,2030,42,15,0.1936447738612086
2,2030,42,20,0.2788126377596919
2,2030,42,29,0.5275425883790996
2,2030,43,19,0.9819618073527161
2,2030,43,27,0.018038192647283943
2,2030,44,2,0.24692167577679155
2,2030,44,9,0.013594405597084911
2,2030,44,24,0.7115411797726772
2,2030,44,25,0.02794273885344646
2,2030,45,4,0.01306895653906936
2,2030,45,6,0.12915810331335284
2,2030,45,7,0.01639442820016351
2,2030,45,12,0.011703479403727922
2,2030,45,20,0.817160829205774
2,2030,45,21,0.012514203337912378
2,2030,46,18,1.0
2,2030,47,18,0.7340139463937453
2,2030,47,24,0.26598605360625477
2,2030,48,19,0.9211395860262775
2,2030,48,26,0.07886041397372247
2,2030,49,22,1.0
2,2030,50,7,0.9864524684366345
2,2030,50,26,0.013547531563365531
2,2030,51,24,1.0
2,2030,52,2,0.8075147830927679
2,2030,52,7,0.19248521690723208
2,2030,53,18,1.0
2,2030,54,18,0.11033025885591125
2,2030,54,24,0.8896697411440887
2,2030,55,6,0.019172053051388374
2,2030,55,7,0.12672531007823035
2,2030,55,20,0.0973315875786998
2,2030,55,23,0.7567710492916816
2,2030,56,18,1.0
2,2030,57,18,0.01447391281968032
2,2030,57,19,0.9531651968074919
2,2030,57,21,0.012681303059903422
2,2030,57,27,0.019679587312924362
2,2030,58,5,0.057758305870818885
2,2030,58,8,0.06158357121298778
2,2030,58,9,0.0644177362731932
2,2030,58,21,0.011045027743668879
2,2030,58,23,0.7711283521324414
2,2030,58,27,0.034067006766889854
2,2030,59,5,0.03366429875009641
2,2030,59,9,0.027049494086415368
2,2030,59,24,0.8880075257045023
2,2030,59,25,0.026435953391595258
2,2030,59,27,0.024842728067390712
2,2030,60,18,1.0
2,2030,61,6,0.8462892476254982
2,2030,61,18,0.15371075237450185
2,2030,62,18,0.9676696691254753
2,2030,62,26,0.03233033087452479
2,2030,63,11,0.6290411218299445
2,2030,63,18,0.19777596926590013
2,2030,63,28,0.17318290890415536
2,2030,64,18,1.0
2,2030,65,18,1.0
2,2030,66,18,1.0
2,2030,67,6,0.8203125982942068
2,2030,67,18,0.059976028827221646
2,2030,67,21,0.11971137287857157
2,2030,68,18,0.9875115618945105
2,2030,68,29,0.012488438105489486
2,2030,69,2,0.02762024413490773
2,2030,69,18,0.08108403939116364
2,2030,69,19,0.8912957164739286
2,2030,70,3,0.05267402556988021
2,2030,70,4,0.05800308723517605
2,2030,70,23,0.8758776674097547
2,2030,70,28,0.013445219785189078
2,2030,71,6,0.03951180721832925
2,2030,71,7,0.09294632910582738
2,2030,71,24,0.8675418636758433
2,2030,72,3,0.02771399849838234
2,2030,72,15,0.8348499144251885
2,2030,72,20,0.059275690336402294
2,2030,72,26,0.07816039674002681
2,2030,73,15,0.024711287070332284
2,2030,73,19,0.8728929504813604
2,2030,73,20,0.08390622055646434
2,2030,73,29,0.0184895418918429
2,2030,74,9,1.0
2,2030,75,5,0.06788802467110347
2,2030,75,17,0.9321119753288964
2,2030,76,17,1.0
2,2030,77,14,0.08388293318421304
2,2030,77,26,0.2539265117838871
2,2030,77,30,0.6621905550318998
2,2030,78,9,0.8748563857815873
2,2030,78,14,0.020019183694736497
2,2030,78,16,0.02131062721874631
2,2030,78,17,0.047220881072625114
2,2030,78,26,0.036592922232304634
2,2030,79,16,0.07698603146612001
2,2030,79,17,0.12007516213988366
2,2030,79,25,0.8029388063939964
2,2030,80,5,0.9402307222145023
2,2030,80,20,0.0597692777854977
2,2030,81,2,0.03694606358954406
2,2030,81,19,0.09113228762246721
2,2030,81,23,0.04098993999754091
2,2030,81,29,0.8309317087904479
2,2030,82,4,0.8237572989338017
2,2030,82,18,0.08335819413478038
2,2030,82,21,0.05643110348130934
2,2030,82,24,0.013466342823236173
2,2030,82,28,0.022987060626872394
2,2030,83,28,1.0
2,2030,84,7,0.02662055159752321
2,2030,84,9,0.010206404303387439
2,2030,84,23,0.05099727578741134
2,2030,84,25,0.0107747288074763
2,2030,84,28,0.857144508910076
2,2030,84,29,0.04425653059412579
2,2030,85,5,0.0225563512519322
2,2030,85,10,0.01427961807814396
2,2030,85,17,0.013807257573136889
2,2030,85,19,0.9493567730967869
2,2030,86,1,0.07300735521771336
2,2030,86,4,0.034898073720678414
2,2030,86,9,0.8458972347487906
2,2030,86,13,0.010284787332414305
2,2030,86,14,0.012498976003562218
2,2030,86,16,0.023413572976841022
2,2030,87,5,0.3119852211445792
2,2030,87,10,0.0344645098588105
2,2030,87,17,0.6535502689966103
2,2030,88,2,0.025581781007113624
2,2030,88,3,0.5732727422407896
2,2030,88,5,0.14552091064651665
2,2030,88,7,0.12111610957413045
2,2030,88,24,0.013008601350292049
2,2030,88,25,0.12149985518115762
2,2030,89,5,0.9393131015147534
2,2030,89,27,0.060686898485246554
2,2030,90,7,0.03015012908047077
2,2030,90,10,0.9537668543179382
2,2030,90,15,0.016083016601591046
2,2030,91,23,1.0
2,2030,92,1,0.2588001236202364
2,2030,92,4,0.23790361534657678
2,2030,92,13,0.03558551413567613
2,2030,92,19,0.46771074689751074
2,2030,93,3,0.14054324999068293
2,2030,93,4,0.012042813143208448
2,2030,93,15,0.06730735863698259
2,2030,93,17,0.0104637451793928
2,2030,93,23,0.7541965729012863
2,2030,93,30,0.015446260148446918
2,2030,94,4,0.07973816658843487
2,2030,94,13,0.8192676163310516
2,2030,94,26,0.01625809078953025
2,2030,94,28,0.08473612629098329
2,2030,95,1,0.06999623330330604
2,2030,95,9,0.6852654275979179
2,2030,95,11,0.041315548938337186
2,2030,95,27,0.20342279016043882
2,2030,96,5,0.02419574806290073
2,2030,96,10,0.7347985810052134
2,2030,96,17,0.2410056709318858
2,2030,97,10,0.15057149247779505
2,2030,97,20,0.23287627631394858
2,2030,97,26,0.060513527904613354
2,2030,97,29,0.5560387033036429
2,2030,98,4,0.20911619850541013
2,2030,98,6,0.6399225542639483
2,2030,98,23,0.11217577739876465
2,2030,98,29,0.03878546983187694
2,2030,99,4,0.7164186679137701
2,2030,99,21,0.26454232946302825
2,2030,99,26,0.019039002623201632
2,2030,100,1,0.26333853729843537
2,2030,100,27,0.6567149383717401
2,2030,100,28,0.07994652432982458
2,2030,101,3,0.9500617630280663
2,2030,101,7,0.04993823697193367
2,2030,102,6,0.9545261985457462
2,2030,102,21,0.04547380145425374
2,2030,103,1,0.03286842365835178
2,2030,103,8,0.042064183456651534
2,2030,103,11,0.024271601066092743
2,2030,103,20,0.8232491064028268
2,2030,103,27,0.07754668541607715
2,2030,104,4,0.6894087053584316
2,2030,104,6,0.08109954448578231
2,2030,104,28,0.22949175015578607
2,2030,105,1,0.9528902725684465
2,2030,105,16,0.04710972743155357
2,2030,106,16,1.0
2,2030,107,4,0.1508492333018404
2,2030,107,7,0.5904569471369778
2,2030,107,16,0.02201265902105595
2,2030,107,28,0.23668116054012586
2,2030,108,26,0.014675417471461769
2,2030,108,28,0.9853245825285383
2,2030,109,1,0.1708514586327174
2,2030,109,4,0.1173382063510025
2,2030,109,6,0.05807509061242012
2,2030,109,19,0.6041354855834226
2,2030,109,28,0.04959975882043752
2,2030,110,1,0.10712465751399664
2,2030,110,3,0.8403104598804255
2,2030,110,4,0.011390345921892524
2,2030,110,13,0.017378107661199935
2,2030,110,19,0.02379642902248551
2,2030,111,1,0.07986797802516592
2,2030,111,4,0.6666175365305926
2,2030,111,13,0.038250608167105925
2,2030,111,14,0.06973725862647605
2,2030,111,16,0.14552661865065938
2,2030,112,1,0.10284230443781354
2,2030,112,17,0.8971576955621865
2,2030,113,16,0.758392006458185
2,2030,113,26,0.24160799354181486
2,2030,114,14,0.9645779619854822
2,2030,114,17,0.03542203801451787
2,2030,115,4,0.025187987742219017
2,2030,115,7,0.3020564336975154
2,2030,115,15,0.6727555785602656
2,2030,116,14,0.9816370933950527
2,2030,116,27,0.018362906604947306
2,2030,117,17,1.0
2,2030,118,7,0.06712898625153853
2,2030,118,14,0.9219576845171669
2,2030,118,16,0.010913329231294509
2,2030,119,16,1.0
2,2030,120,5,1.0
2,2030,121,5,0.022283537018225635
2,2030,121,10,0.9335713875715429
2,2030,121,16,0.044145075410231535
2,2030,122,5,0.14404074743913214
2,2030,122,9,0.04457488436824665
2,2030,122,16,0.6886131618907523
2,2030,122,25,0.12277120630186884
2,2030,123,3,0.18903738786788563
2,2030,123,17,0.7120200745050865
2,2030,123,26,0.09894253762702776
2,2030,124,17,1.0
2,2030,125,3,0.06253701645552996
2,2030,125,4,0.8964728300850551
2,2030,125,15,0.040990153459414966
2,2030,126,18,0.2304485686049429
2,2030,126,28,0.7695514313950571
2,2030,127,13,1.0
2,2030,128,1,0.05400996655297079
2,2030,128,13,0.0247127921869681
2,2030,128,17,0.9212772412600612
2,2030,129,3,0.08873974802027203
2,2030,129,17,0.8417632577261522
2,2030,129,26,0.06949699425357586
2,2030,130,17,1.0
2,2030,131,3,0.6125820826402102
2,2030,131,7,0.07590144719118211
2,2030,131,15,0.04209858204070839
2,2030,131,20,0.2694178881278993
2,2030,132,11,1.0
2,2030,133,8,0.04146139048244306
2,2030,133,13,0.015530265054734609
2,2030,133,27,0.017156353343353747
2,2030,133,30,0.9258519911194685
2,2030,134,23,1.0
2,2030,135,8,0.03174109965500646
2,2030,135,19,0.9373008351084309
2,2030,135,26,0.030958065236562575
2,2030,136,1,0.01321709841832962
2,2030,136,4,0.04191405795395383
2,2030,136,16,0.015257229309664555
2,2030,136,26,0.9296116143180521
2,2030,137,3,0.01416033647899824
2,2030,137,4,0.7477944056985999
2,2030,137,26,0.23804525782240188
2,2030,138,13,1.0
2,2030,139,5,0.8162692655181705
2,2030,139,16,0.021605318340316267
2,2030,139,17,0.11926150541052118
2,2030,139,26,0.04286391073099207
2,2030,140,2,0.01323740072380564
2,2030,140,6,0.01388214161744114
2,2030,140,10,0.9438851093815036
2,2030,140,18,0.028995348277249575
2,2030,141,1,0.0188584124776059
2,2030,141,10,0.9368319897877548
2,2030,141,27,0.044309597734639265
2,2030,142,1,0.12628745936468702
2,2030,142,13,0.014464152995921097
2,2030,142,15,0.8150092662870569
2,2030,142,19,0.044239121352334876
2,2030,143,2,0.012872272905662799
2,2030,143,6,0.04015466247219463
2,2030,143,18,0.14094944059277847
2,2030,143,19,0.7585248667173426
2,2030,143,28,0.04749875731202136
2,2030,144,18,0.056593369704561663
2,2030,144,23,0.874926577933658
2,2030,144,28,0.06848005236178027
2,2030,145,1,0.9897039833136114
2,2030,145,25,0.010296016686388604
2,2030,146,2,0.020798207990373005
2,2030,146,5,0.014111071417397042
2,2030,146,7,0.12903340549291062
2,2030,146,15,0.02522381640467484
2,2030,146,16,0.020229459942664122
2,2030,146,28,0.7906040387519804
2,2030,147,4,0.9301192727000872
2,2030,147,12,0.014031091192201561
2,2030,147,18,0.03492625657806933
2,2030,147,21,0.02092337952964195
2,2030,148,8,0.16179634952713526
2,2030,148,9,0.6067761184569374
2,2030,148,26,0.23142753201592736
2,2030,149,3,0.8587896405715506
2,2030,149,8,0.05644159323914368
2,2030,149,9,0.015574261345177113
2,2030,149,21,0.0124821720252583
2,2030,149,27,0.056712332818870344
2,2030,150,1,0.0912638599589446
2,2030,150,4,0.041928722509100215
2,2030,150,6,0.825076884315135
2,2030,150,13,0.026804542194565757
2,2030,150,28,0.014925991022254377
2,2030,151,1,0.376985851657437
2,2030,151,22,0.5997564657656508
2,2030,151,28,0.023257682576912173
2,2030,152,5,0.013989773933941733
2,2030,152,10,0.05845346335395041
2,2030,152,14,0.7602158031516939
2,2030,152,17,0.1673409595604139
2,2030,153,12,0.016951710025670516
2,2030,153,14,0.943484538772709
2,2030,153,21,0.03956375120162052
2,2030,154,4,0.8798748378337191
2,2030,154,7,0.017411507332541643
2,2030,154,28,0.10271365483373913
2,2030,155,3,0.5791788538903302
2,2030,155,4,0.3005542249300298
2,2030,155,26,0.12026692117963998
2,2030,156,1,0.055663827873475236
2,2030,156,13,0.9443361721265247
2,2030,157,17,1.0
2,2030,158,10,0.9460559693610623
2,2030,158,26,0.05394403063893769
2,2030,159,4,0.03848571073071399
2,2030,159,7,0.01102407111336647
2,2030,159,15,0.018069895802161586
2,2030,159,29,0.9324203223537579
2,2030,160,2,0.026330952215093323
2,2030,160,6,0.01811457797649115
2,2030,160,7,0.16322747577750638
2,2030,160,12,0.6020944960037863
2,2030,160,15,0.023301643864261284
2,2030,160,16,0.0164040725188414
2,2030,160,18,0.07497798901082209
2,2030,160,28,0.07554879263319803
2,2030,161,28,1.0
2,2030,162,3,0.10052591808683221
2,2030,162,7,0.03367987119264299
2,2030,162,18,0.03300024049406697
2,2030,162,22,0.7475387503260573
2,2030,162,28,0.08525521990040046
2,2030,163,2,0.020576783954324804
2,2030,163,7,0.010358739318883146
2,2030,163,14,0.9585604357316562
2,2030,163,18,0.010504040995135867
2,2030,164,3,0.9600825009824334
2,2030,164,26,0.03991749901756654
2,2030,165,11,0.9846678947501079
2,2030,165,16,0.015332105249892206
2,2030,166,2,0.0153909197689963
2,2030,166,4,0.5746786637495662
2,2030,166,7,0.04969699024392918
2,2030,166,15,0.25962651494395217
2,2030,166,20,0.06332270784744515
2,2030,166,29,0.03728420344611087
2,2030,167,14,0.02354439983954063
2,2030,167,16,0.028833093238112152
2,2030,167,17,0.034882432854736904
2,2030,167,19,0.9127400740676104
2,2030,168,5,0.0836399684744965
2,2030,168,10,0.11660055929474003
2,2030,168,14,0.7258828559255028
2,2030,168,20,0.07387661630526063
2,2030,169,1,0.017004899956578046
2,2030,169,14,0.9829951000434219
2,2030,170,17,1.0
2,2030,171,17,1.0
2,2030,172,17,1.0
2,2030,173,17,1.0
2,2030,174,16,0.9299489775421318
2,2030,174,17,0.07005102245786829
2,2030,175,3,0.027856602846546816
2,2030,175,4,0.02144975536751306
2,2030,175,17,0.9506936417859402
2,2030,176,4,0.7247622452991469
2,2030,176,6,0.015798020842275804
2,2030,176,7,0.2594397338585773
2,2030,177,13,1.0
2,2030,178,2,0.03999871563327141
2,2030,178,7,0.025392439352064318
2,2030,178,16,0.9039806345619915
2,2030,178,18,0.030628210452672847
2,2030,179,9,0.023724142840481292
2,2030,179,17,0.9237898820720486
2,2030,179,27,0.05248597508747012
2,2030,180,10,0.9412240652257747
2,2030,180,20,0.058775934774225304
2,2030,181,3,0.03435822534181884
2,2030,181,4,0.08075926888852845
2,2030,181,6,0.8649506774513543
2,2030,181,23,0.019931828318298407
2,2030,182,1,0.1033701026827961
2,2030,182,4,0.011700424540211777
2,2030,182,11,0.3328616600582217
2,2030,182,26,0.135929350124425
2,2030,182,28,0.4161384625943454
2,2030,183,23,0.9785236797515175
2,2030,183,26,0.021476320248482457
2,2030,184,6,0.047146019813012995
2,2030,184,11,0.6679990421027786
2,2030,184,12,0.1255623032742055
2,2030,184,18,0.013717205859605104
2,2030,184,20,0.054878878271207174
2,2030,184,21,0.09069655067919066
2,2030,185,5,0.06673001342386164
2,2030,185,10,0.04312653608979384
2,2030,185,13,0.8371806574717439
2,2030,185,20,0.019612004066235894
2,2030,185,25,0.033350788948364775
2,2030,186,5,0.677856784407969
2,2030,186,14,0.0874546097649895
2,2030,186,16,0.06745913197740872
2,2030,186,17,0.15513544473524757
2,2030,186,26,0.012094029114385072
2,2030,187,17,1.0
2,2030,188,3,0.0727732709020877
2,2030,188,4,0.04755757165974051
2,2030,188,17,0.7834512153622156
2,2030,188,20,0.04735691046205853
2,2030,188,26,0.04886103161389764
2,2030,189,14,0.03847635104412119
2,2030,189,17,0.22390769350482548
2,2030,189,26,0.2216161841752565
2,2030,189,30,0.5159997712757969
2,2030,190,14,0.9627207980350112
2,2030,190,17,0.03727920196498886
2,2030,191,10,1.0
2,2030,192,16,0.9636605402006188
2,2030,192,17,0.01369013571890759
2,2030,192,26,0.022649324080473727
2,2030,193,17,0.7461123697028791
2,2030,193,20,0.04008485296820619
2,2030,193,26,0.21380277732891473
2,2030,194,1,0.019667197469098223
2,2030,194,5,0.9441093689207071
2,2030,194,13,0.011376817060475103
2,2030,194,27,0.024846616549719622
2,2030,195,5,0.7333577564652985
2,2030,195,17,0.26664224353470145
2,2030,196,17,1.0
2,2030,197,2,0.016769386681457214
2,2030,197,11,0.026464473503470535
2,2030,197,15,0.011577481542329144
2,2030,197,16,0.8988256774731177
2,2030,197,19,0.03579738742395787
2,2030,197,24,0.010565593375667584
2,2030,198,5,0.9209670602154996
2,2030,198,16,0.023079019970029584
2,2030,198,17,0.05595391981447096
2,2030,199,5,0.9899367779071803
2,2030,199,20,0.010063222092819724
2,2030,200,7,0.03119765323879057
2,2030,200,30,0.9688023467612095
2,2030,201,1,0.09359784875651923
2,2030,201,4,0.01827613318433849
2,2030,201,14,0.01445754510138811
2,2030,201,16,0.042912398436385515
2,2030,201,23,0.7433257065309737
2,2030,201,28,0.08743036799039498
2,2030,202,13,0.8378698494594572
2,2030,202,16,0.055253889979717044
2,2030,202,17,0.10687626056082579
2,2030,203,17,1.0
2,2030,204,1,0.04707304672101498
2,2030,204,17,0.9085549922205121
2,2030,204,27,0.044371961058472915
2,2030,205,5,0.1834633743741836
2,2030,205,17,0.8165366256258164
2,2030,206,5,0.8098875001261058
2,2030,206,17,0.19011249987389414
2,2030,207,5,0.8039947398672891
2,2030,207,17,0.19600526013271102
2,2030,208,16,0.04401118824205854
2,2030,208,17,0.2059324763088512
2,2030,208,30,0.7500563354490903
2,2030,209,14,0.9874949648496
2,2030,209,18,0.012505035150400003
2,2030,210,5,0.16079318004652726
2,2030,210,9,0.10027944244071214
2,2030,210,17,0.7006696482621844
2,2030,210,27,0.03825772925057623
2,2030,211,3,0.09982195584581578
2,2030,211,7,0.059645788300994325
2,2030,211,10,0.800900679974817
2,2030,211,17,0.039631575878373
2,2030,212,1,0.0590716853468279
2,2030,212,17,0.02477947209428773
2,2030,212,18,0.03749819965017528
2,2030,212,22,0.8786506429087091
2,2030,213,17,0.9373190415329451
2,2030,213,27,0.06268095846705492
2,2030,214,5,0.025820059844489072
2,2030,214,10,0.042717064111474086
2,2030,214,20,0.13568372166884793
2,2030,214,30,0.7957791543751889
2,2030,215,6,0.8034521214593813
2,2030,215,7,0.05442221811279223
2,2030,215,15,0.10561853369989668
2,2030,215,20,0.03650712672792979
2,2030,216,1,0.863157289606653
2,2030,216,18,0.13684271039334697
2,2030,217,5,0.13120312524043157
2,2030,217,10,0.054269104627951134
2,2030,217,16,0.8145277701316174
2,2030,218,10,0.9027588426452036
2,2030,218,17,0.09724115735479642
2,2030,219,2,0.013305149799465942
2,2030,219,11,0.13465182358521913
2,2030,219,13,0.7020237012295386
2,2030,219,15,0.03095545692853221
2,2030,219,19,0.049605364320778715
2,2030,219,29,0.06945850413646537
2,2030,220,3,0.6300846550760454
2,2030,220,5,0.10699758290472032
2,2030,220,7,0.08076333504202368
2,2030,220,10,0.07245374592217899
2,2030,220,15,0.10970068105503167
2,2030,221,1,0.16805011892123478
2,2030,221,16,0.054155274574056805
2,2030,221,19,0.7777946065047084
2,2030,222,2,0.021494662215234765
2,2030,222,21,0.022946561410175897
2,2030,222,30,0.9555587763745894
2,2030,223,1,0.23926528694640123
2,2030,223,9,0.02700572873694026
2,2030,223,13,0.011848568311373634
2,2030,223,16,0.09468777871505508
2,2030,223,29,0.6271926372902298
2,2030,224,15,0.05480381597284897
2,2030,224,22,0.013751095235513535
2,2030,224,24,0.03435020138033333
2,2030,224,30,0.8970948874113042
2,2030,225,10,0.012759664631437006
2,2030,225,17,0.9641905746173749
2,2030,225,20,0.02304976075118813
2,2030,226,26,1.0
2,2030,227,1,0.7868310756684868
2,2030,227,8,0.15679648318412054
2,2030,227,20,0.0163133002932442
2,2030,227,21,0.018475011219892014
2,2030,227,27,0.021584129634256585
2,2030,228,16,1.0
2,2030,229,3,0.8512603979085399
2,2030,229,16,0.1182737914172034
2,2030,229,17,0.030465810674256744
2,2030,230,1,0.12042546066121651
2,2030,230,13,0.01351154284570939
2,2030,230,14,0.8171830403531326
2,2030,230,27,0.04887995613994152
2,2030,231,2,0.011478102997611317
2,2030,231,17,0.9885218970023887
2,2030,232,5,0.19043165747862878
2,2030,232,17,0.8095683425213713
2,2030,233,30,1.0
2,2030,234,2,0.09983310829329406
2,2030,234,5,0.05615568693782489
2,2030,234,9,0.022392801155954902
2,2030,234,13,0.5332010822721397
2,2030,234,25,0.0767770358574414
2,2030,234,27,0.1380244485238893
2,2030,234,29,0.0736158369594559
2,2030,235,1,0.012665097641353162
2,2030,235,15,0.17333702793771102
2,2030,235,16,0.03779007953535402
2,2030,235,24,0.06645641438763333
2,2030,235,28,0.09455406884175094
2,2030,235,29,0.6151973116561974
2,2030,236,3,0.047585206272147
2,2030,236,4,0.01998751119963736
2,2030,236,6,0.02302167573203004
2,2030,236,17,0.02576062181571032
2,2030,236,26,0.0785784638387235
2,2030,236,29,0.8050665211417518
2,2030,237,5,0.06642326670674173
2,2030,237,10,0.06325750464619734
2,2030,237,13,0.8442618516613352
2,2030,237,20,0.026057376985725782
2,2030,238,2,0.01996363321665535
2,2030,238,7,0.05330946829263212
2,2030,238,15,0.06317069331168929
2,2030,238,23,0.010165718866966697
2,2030,238,29,0.02282323080246813
2,2030,238,30,0.8305672555095884
2,2030,239,6,0.017677431309173434
2,2030,239,7,0.06319954367457323
2,2030,239,12,0.01046045116366295
2,2030,239,15,0.04500576109323212
2,2030,239,19,0.8428114315996678
2,2030,239,23,0.020845381159690562
2,2030,240,3,0.041092641109090555
2,2030,240,4,0.12108940907891005
2,2030,240,19,0.014920150632028239
2,2030,240,20,0.013032035300020207
2,2030,240,22,0.7326317148000252
2,2030,240,23,0.01214836106550367
2,2030,240,26,0.0650856880144222
2,2030,241,4,0.7393174893351289
2,2030,241,9,0.10343935612733605
2,2030,241,13,0.034781912416280585
2,2030,241,19,0.01749279844127771
2,2030,241,27,0.02266422280362027
2,2030,241,29,0.08230422087635651
2,2030,242,1,0.07901234246904178
2,2030,242,4,0.08889236815660773
2,2030,242,6,0.044451877194386556
2,2030,242,13,0.08126947584623784
2,2030,242,14,0.011328941500944403
2,2030,242,19,0.010385567956791558
2,2030,242,26,0.018699401887953878
2,2030,242,30,0.6659600249880363
2,2030,243,30,1.0
2,2030,244,17,0.15201164652552188
2,2030,244,26,0.011844232753814342
2,2030,244,30,0.8361441207206638
2,2030,245,3,0.8501000826374665
2,2030,245,5,0.04284214595929155
2,2030,245,10,0.059138063297459735
2,2030,245,17,0.03052056203580136
2,2030,245,26,0.017399146069980886
2,2030,246,1,0.014679914554424408
2,2030,246,3,0.9247203962076753
2,2030,246,18,0.012640568395658637
2,2030,246,19,0.01172715460471804
2,2030,246,24,0.017466466780140168
2,2030,246,28,0.018765499457383435
2,2030,247,4,0.8682635409400121
2,2030,247,8,0.04021754667340685
2,2030,247,26,0.09151891238658111
2,2030,248,4,0.9204374142138766
2,2030,248,8,0.03426275675626226
2,2030,248,11,0.016390175697364544
2,2030,248,27,0.028909653332496517
2,2030,249,1,0.011847472222207858
2,2030,249,4,0.1674524462212253
2,2030,249,13,0.060459133309987624
2,2030,249,19,0.010268052256002691
2,2030,249,26,0.2358801473813559
2,2030,249,28,0.017825316053628113
2,2030,249,29,0.4962674325555926
2,2030,250,30,1.0
2,2030,251,2,0.012330880381809566
2,2030,251,17,0.9617647546512994
2,2030,251,18,0.012896312284079963
2,2030,251,21,0.01300805268281101
2,2030,252,3,0.8715833737213716
2,2030,252,5,0.02125806734712324
2,2030,252,10,0.03885513276726786
2,2030,252,17,0.05254489950821297
2,2030,252,26,0.01575852665602438
2,2030,253,1,1.0
2,2030,254,3,0.03350595186349303
2,2030,254,4,0.0682958793378626
2,2030,254,15,0.027099127880484637
2,2030,254,30,0.8710990409181597
2,2030,255,23,1.0
2,2030,256,18,1.0
2,2030,257,18,0.07456041389830036
2,2030,257,24,0.9254395861016996
2,2030,258,9,0.7880339920853566
2,2030,258,14,0.010628799253639779
2,2030,258,16,0.0447818826640261
2,2030,258,17,0.15655532599697763
2,2030,259,5,1.0
2,2030,260,15,1.0
2,2030,261,6,0.7220343779591625
2,2030,261,18,0.27796562204083747
2,2030,262,1,0.16983037376166718
2,2030,262,27,0.8301696262383329
2,2030,263,15,0.9835166513570941
2,2030,263,18,0.016483348642905862
2,2030,264,15,0.08180261710072965
2,2030,264,22,0.8759311795703794
2,2030,264,23,0.04226620332889103
2,2030,265,1,0.03385412081185653
2,2030,265,9,0.041862503750264436
2,2030,265,24,0.010833050377180941
2,2030,265,27,0.04164077684829465
2,2030,265,30,0.8718095482124035
2,2030,266,1,0.1284617816088645
2,2030,266,5,0.807353783307218
2,2030,266,27,0.018425088818021976
2,2030,266,28,0.045759346265895604
2,2030,267,15,1.0
2,2030,268,4,0.04765444293017248
2,2030,268,12,0.9330728550992566
2,2030,268,28,0.019272701970570946
2,2030,269,8,0.14952402976792098
2,2030,269,21,0.10641990326418303
2,2030,269,22,0.6930351384759079
2,2030,269,26,0.0510209284919881
2,2030,270,8,0.13215928868731777
2,2030,270,9,0.13484587886541768
2,2030,270,10,0.7093041637279728
2,2030,270,26,0.023690668719291843
2,2030,271,2,1.0
2,2030,272,8,0.16647472164751162
2,2030,272,9,0.01019973540705476
2,2030,272,13,0.7473361444173104
2,2030,272,18,0.03414968492033847
2,2030,272,21,0.014770316943501057
2,2030,272,27,0.027069396664283787
2,2030,273,1,0.01126529341833432
2,2030,273,10,0.9638752722632541
2,2030,273,27,0.024859434318411543
2,2030,274,5,0.016530270459772924
2,2030,274,16,0.012109852653540788
2,2030,274,17,0.010032504135278241
2,2030,274,25,0.961327372751408
2,2030,275,5,0.9663251885111742
2,2030,275,20,0.03367481148882588
2,2030,276,11,0.01349289119766593
2,2030,276,14,0.7424579063935559
2,2030,276,15,0.06938193388793996
2,2030,276,19,0.012611078587460224
2,2030,276,25,0.05193228748558323
2,2030,276,27,0.026040810806718398
2,2030,276,29,0.08408309164107632
2,2030,277,1,0.06541251219003084
2,2030,277,4,0.01759017764288922
2,2030,277,13,0.015509660457371725
2,2030,277,14,0.014940149164437297
2,2030,277,16,0.019820115166475773
2,2030,277,25,0.84864089790821
2,2030,277,28,0.018086487470585166
2,2030,278,20,1.0
2,2030,279,4,0.12141929860047665
2,2030,279,24,0.8670865758118738
2,2030,279,28,0.011494125587649642
2,2030,280,5,0.14590642363558778
2,2030,280,10,0.10342258017067853
2,2030,280,14,0.7018679665111976
2,2030,280,17,0.023007199436081184
2,2030,280,20,0.025795830246454987
2,2030,281,5,0.11852827438622074
2,2030,281,10,0.014323729920827167
2,2030,281,17,0.11401270415921365
2,2030,281,30,0.7531352915337385
2,2030,282,4,0.6241474508038347
2,2030,282,7,0.1511204392639568
2,2030,282,15,0.20714931907584289
2,2030,282,20,0.017582790856365604
2,2030,283,4,0.10106944038164375
2,2030,283,6,0.04056212582051874
2,2030,283,7,0.020788458925692505
2,2030,283,19,0.7573541767561157
2,2030,283,28,0.0802257981160293
2,2030,284,4,0.15935485050060025
2,2030,284,7,0.026325726806231554
2,2030,284,15,0.021981639700629482
2,2030,284,23,0.05166965393349388
2,2030,284,29,0.7406681290590449
2,2030,285,6,1.0
2,2030,286,24,1.0
2,2030,287,9,1.0
2,2030,288,7,1.0
2,2030,289,20,0.010785783915758521
2,2030,289,24,0.9892142160842415
2,2030,290,20,0.03920237024886838
2,2030,290,23,0.9607976297511316
2,2030,291,11,0.08163348614022631
2,2030,291,12,0.6447252612845606
2,2030,291,19,0.10301776339035962
2,2030,291,21,0.15351127945013773
2,2030,291,27,0.017112209734715746
2,2030,292,21,0.12836588467832694
2,2030,292,24,0.871634115321673
2,2030,293,2,0.051737032590042115
2,2030,293,6,0.08821709543682389
2,2030,293,7,0.7079180024386122
2,2030,293,18,0.014411144537863692
2,2030,293,19,0.08140450586785866
2,2030,293,23,0.04079495665793877
2,2030,293,28,0.015517262470860644
2,2030,294,1,0.02745428382199571
2,2030,294,2,0.8276081239682704
2,2030,294,11,0.04468535831928037
2,2030,294,18,0.014498647568620017
2,2030,294,21,0.032724876636675185
2,2030,294,24,0.022750196922676012
2,2030,294,28,0.030278512762482234
2,2030,295,1,0.013453447589889584
2,2030,295,2,0.9865465524101105
2,2030,296,23,1.0
2,2030,297,11,1.0
2,2030,298,5,1.0
2,2030,299,3,0.6795414920364691
2,2030,299,5,0.09866770427782912
2,2030,299,7,0.0768964979472938
2,2030,299,15,0.025987981945538297
2,2030,299,20,0.014364459447607659
2,2030,299,25,0.10454186434526207
2,2030,300,1,0.12710657632995254
2,2030,300,6,0.020364847037494208
2,2030,300,13,0.04005520256997559
2,2030,300,14,0.035511519795356494
2,2030,300,16,0.014440312710492497
2,2030,300,24,0.012573381280492957
2,2030,300,25,0.6830524217739119
2,2030,300,28,0.0668957385023237
2,2030,301,5,1.0
2,2030,302,5,1.0
2,2030,303,3,0.043639488362512004
2,2030,303,17,0.06522531042297577
2,2030,303,20,0.8911352012145122
2,2030,304,6,1.0
2,2030,305,6,0.7861098637173963
2,2030,305,18,0.1521706604140215
2,2030,305,24,0.0617194758685822
2,2030,306,1,0.0920864895878713
2,2030,306,8,0.8719441588556149
2,2030,306,16,0.035969351556513714
2,2030,307,1,0.02493990384710991
2,2030,307,2,0.010682181924665378
2,2030,307,22,0.7326607074035221
2,2030,307,25,0.02611138072953302
2,2030,307,27,0.20560582609516964
2,2030,308,1,0.0275437297885729
2,2030,308,5,0.0760715507865227
2,2030,308,18,0.012968738457882644
2,2030,308,27,0.026856130080823104
2,2030,308,29,0.8565598508861987
2,2030,309,5,0.7911767601297519
2,2030,309,8,0.03950672865667042
2,2030,309,9,0.03992694941672412
2,2030,309,27,0.1293895617968536
2,2030,310,5,1.0
2,2030,311,5,0.18724028623071692
2,2030,311,25,0.0580280239198581
2,2030,311,29,0.754731689849425
2,2030,312,5,0.11154496963813004
2,2030,312,10,0.07495209805123514
2,2030,312,20,0.8135029323106349
2,2030,313,1,0.029660285885789707
2,2030,313,5,0.10899970455195056
2,2030,313,8,0.691314653429188
2,2030,313,9,0.12937518522950855
2,2030,313,27,0.0406501709035633
2,2030,314,7,0.048122757729688395
2,2030,314,12,0.7612770786187348
2,2030,314,15,0.11028405249413767
2,2030,314,20,0.08031611115743913
2,2030,315,18,1.0
2,2030,316,5,0.028626834719517484
2,2030,316,10,0.01970790498519865
2,2030,316,27,0.9516652602952839
2,2030,317,15,1.0
2,2030,318,2,0.2682100411288022
2,2030,318,7,0.014269883958501303
2,2030,318,23,0.6645949971994024
2,2030,318,24,0.05292507771329408
2,2030,319,2,0.8915821953210645
2,2030,319,7,0.10841780467893553
2,2030,320,18,1.0
2,2030,321,12,0.07413980011476849
2,2030,321,18,0.8390610527829789
2,2030,321,21,0.049144297709212685
2,2030,321,23,0.037654849393039945
2,2030,322,5,0.041003578333306666
2,2030,322,8,0.09185509391583246
2,2030,322,27,0.8671413277508608
2,2030,323,5,0.02003772297365473
2,2030,323,7,0.9660501121792603
2,2030,323,10,0.013912164847084924
2,2030,324,9,1.0
2,2030,325,2,0.01764218304785932
2,2030,325,5,0.9211176306084627
2,2030,325,7,0.029230434637622586
2,2030,325,15,0.03200975170605543
2,2030,326,2,0.013530417543154651
2,2030,326,5,0.9726017214321316
2,2030,326,7,0.013867861024713712
2,2030,327,5,0.9785646859848424
2,2030,327,27,0.021435314015157532
2,2030,328,5,1.0
2,2030,329,5,0.9143857755778466
2,2030,329,7,0.029215709281356805
2,2030,329,15,0.028442131123616116
2,2030,329,23,0.016612316450785612
2,2030,329,29,0.0113440675663949
2,2030,330,5,0.9571551217352565
2,2030,330,27,0.04284487826474349
2,2030,331,5,1.0
2,2030,332,10,0.7064445222883166
2,2030,332,15,0.043973125836097325
2,2030,332,20,0.11295226151966181
2,2030,332,25,0.1366300903559243
2,2030,333,2,0.2798488773782274
2,2030,333,7,0.012327934324863895
2,2030,333,18,0.04370012037708496
2,2030,333,23,0.6641230679198237
2,2030,334,24,1.0
2,2030,335,15,0.012069057995987922
2,2030,335,20,0.26227740144220435
2,2030,335,25,0.7256535405618078
2,2030,336,5,0.028208564050076292
2,2030,336,8,0.031969687873622546
2,2030,336,9,0.06932762928759893
2,2030,336,20,0.8325492328838895
2,2030,336,27,0.03794488590481275
2,2030,337,5,0.04112356602671958
2,2030,337,25,0.013224989399179071
2,2030,337,27,0.9456514445741014
2,2030,338,5,0.05609706375111505
2,2030,338,15,0.8245062278854364
2,2030,338,20,0.09151688981106568
2,2030,338,25,0.027879818552382925
2,2030,339,9,0.8636513531611698
2,2030,339,18,0.038065514524225165
2,2030,339,24,0.0113355975734425
2,2030,339,27,0.08694753474116261
2,2030,340,5,0.10483077740972187
2,2030,340,10,0.041600660201590665
2,2030,340,25,0.8535685623886875
2,2030,341,7,0.9295347376218095
2,2030,341,20,0.07046526237819056
2,2030,342,12,0.04169775649440074
2,2030,342,19,0.7437599591101226
2,2030,342,21,0.21454228439547662
2,2030,343,12,1.0
2,2030,344,2,0.8345637995875415
2,2030,344,18,0.16543620041245855
2,2030,345,8,1.0
2,2030,346,2,0.8492952435440925
2,2030,346,8,0.0590395796799848
2,2030,346,11,0.013776382210088815
2,2030,346,21,0.07788879456583377
2,2030,347,18,0.026097321902202306
2,2030,347,19,0.9555086348241656
2,2030,347,24,0.018394043273632036
2,2030,348,2,1.0
2,2030,349,12,0.8873732256679115
2,2030,349,18,0.012148569743069272
2,2030,349,21,0.08914802779092103
2,2030,349,24,0.011330176798098068
2,2030,350,1,0.031766452480941995
2,2030,350,11,0.9290818407683638
2,2030,350,18,0.015610222156501185
2,2030,350,27,0.02354148459419306
2,2030,351,8,0.03245355998041724
2,2030,351,11,0.042351463560852
2,2030,351,15,0.8569637368980243
2,2030,351,19,0.011714255368207634
2,2030,351,21,0.022745696133612544
2,2030,351,24,0.019666441807935857
2,2030,351,27,0.014104846250950633
2,2030,352,7,0.02236962484308611
2,2030,352,9,0.2855835827109979
2,2030,352,25,0.07298387068228872
2,2030,352,27,0.6190629217636273
2,2030,353,7,0.016010156343664893
2,2030,353,15,0.1863013177343926
2,2030,353,20,0.12986531534368145
2,2030,353,25,0.014840235628605883
2,2030,353,29,0.6529829749496553
2,2030,354,2,0.2323022955075281
2,2030,354,7,0.0303125635292516
2,2030,354,18,0.03907306944991335
2,2030,354,20,0.1916748777030408
2,2030,354,21,0.021074578994319363
2,2030,354,23,0.4855626148159466
2,2030,355,2,0.8025625347906662
2,2030,355,18,0.19743746520933378
2,2030,356,8,0.6988584031277744
2,2030,356,11,0.04730720052142827
2,2030,356,21,0.21865049731301708
2,2030,356,24,0.03518389903778022
2,2030,357,8,0.023074539576397008
2,2030,357,11,0.08224915282437963
2,2030,357,19,0.030542624033740483
2,2030,357,27,0.09027508559735765
2,2030,357,29,0.7738585979681253
2,2030,358,12,0.05282239395768789
2,2030,358,21,0.16045737512514402
2,2030,358,23,0.02862676365829938
2,2030,358,29,0.7580934672588687
2,2030,359,21,1.0
2,2030,360,18,1.0
2,2030,361,1,0.11803328373509947
2,2030,361,11,0.7737753708383489
2,2030,361,27,0.10819134542655161
2,2030,362,5,0.12350914081628306
2,2030,362,8,0.02539200476201856
2,2030,362,25,0.6479690855163365
2,2030,362,27,0.20312976890536202
2,2030,363,15,0.01635760442977034
2,2030,363,25,0.9836423955702297
2,2030,364,2,0.01540638686314316
2,2030,364,19,0.034982285850073
2,2030,364,23,0.026259230039810816
2,2030,364,25,0.923352097246973
2,2030,365,25,1.0
1,2030,1,53,0.01694020031244544
1,2030,1,55,0.9666711567479599
1,2030,1,60,0.01638864293959457
1,2030,2,48,1.0
1,2030,3,60,1.0
1,2030,4,32,0.6367799546009807
1,2030,4,34,0.010539645276886955
1,2030,4,44,0.11206970371668874
1,2030,4,50,0.06621362996641211
1,2030,4,55,0.1743970664390315
1,2030,5,44,1.0
1,2030,6,42,0.957233664230035
1,2030,6,43,0.012960360719796749
1,2030,6,53,0.029805975050168257
1,2030,7,42,1.0
1,2030,8,48,0.13492442954075712
1,2030,8,50,0.8650755704592429
1,2030,9,34,0.06017278860598561
1,2030,9,41,0.6204589253479488
1,2030,9,44,0.11556090552565396
1,2030,9,47,0.08771158212063192
1,2030,9,50,0.11609579839977986
1,2030,10,34,0.09962216929054725
1,2030,10,42,0.06815918535029963
1,2030,10,44,0.8322186453591531
1,2030,11,42,0.7789995434855792
1,2030,11,44,0.17646790623586614
1,2030,11,55,0.04453255027855467
1,2030,12,42,0.8773883281162396
1,2030,12,44,0.12261167188376036
1,2030,13,42,0.06025764729819723
1,2030,13,50,0.9230745448939471
1,2030,13,51,0.016667807807855737
1,2030,14,35,0.07875255563028005
1,2030,14,36,0.04839227878739483
1,2030,14,47,0.04230580799490156
1,2030,14,48,0.04671130307223889
1,2030,14,60,0.7838380545151847
1,2030,15,43,1.0
1,2030,16,46,0.24549306668206028
1,2030,16,51,0.7545069333179398
1,2030,17,42,0.01923587962199393
1,2030,17,46,0.9429272098952107
1,2030,17,50,0.024347094436667122
1,2030,17,51,0.01348981604612828
1,2030,18,42,0.20052122470987932
1,2030,18,43,0.7098423029695744
1,2030,18,44,0.08963647232054632
1,2030,19,42,1.0
1,2030,20,45,0.017466339039987133
1,2030,20,46,0.09291335164866794
1,2030,20,47,0.0782653391944184
1,2030,20,48,0.06317897642070869
1,2030,20,50,0.7481759936962178
1,2030,21,31,0.015363211496199555
1,2030,21,42,0.018199989935539364
1,2030,21,47,0.966436798568261
1,2030,22,46,0.1110434525507815
1,2030,22,53,0.7426738496729071
1,2030,22,60,0.14628269777631128
1,2030,23,42,1.0
1,2030,24,34,0.9219960355840127
1,2030,24,43,0.025615248183534594
1,2030,24,44,0.04009532319683294
1,2030,24,55,0.012293393035619812
1,2030,25,35,0.01420656352969921
1,2030,25,47,0.9260811152553781
1,2030,25,53,0.015223613016616084
1,2030,25,60,0.044488708198306644
1,2030,26,47,0.9122295528417718
1,2030,26,48,0.08777044715822821
1,2030,27,47,1.0
1,2030,28,41,0.693525382851951
1,2030,28,44,0.07670113851352867
1,2030,28,47,0.21476429707026579
1,2030,28,53,0.01500918156425462
1,2030,29,35,0.03853775930855106
1,2030,29,42,0.1323695507843778
1,2030,29,44,0.13327084770426378
1,2030,29,47,0.04656592944668057
1,2030,29,53,0.6354776950107119
1,2030,29,60,0.013778217745414817
1,2030,30,42,0.051459489219045126
1,2030,30,48,0.9291632778891448
1,2030,30,51,0.019377232891810127
1,2030,31,47,0.9266816514720283
1,2030,31,53,0.07331834852797178
1,2030,32,35,0.02560602476659536
1,2030,32,47,0.9743939752334047
1,2030,33,53,1.0
1,2030,34,46,0.13321053558543045
1,2030,34,47,0.042555416760295915
1,2030,34,48,0.08327309542499521
1,2030,34,50,0.729523906226302
1,2030,34,60,0.011437046002976294
1,2030,35,35,0.01561053840211583
1,2030,35,45,0.686841409402464
1,2030,35,47,0.05275249645993578
1,2030,35,48,0.24479555573548437
1,2030,36,32,0.7828000971718255
1,2030,36,48,0.10925650144359869
1,2030,36,50,0.08010999939981939
1,2030,36,51,0.027833401984756343
1,2030,37,41,0.6998866053638916
1,2030,37,45,0.02061714460765721
1,2030,37,53,0.27949625002845135
1,2030,38,33,0.08771855489894023
1,2030,38,43,0.7649480523484218
1,2030,38,44,0.14733339275263804
1,2030,39,34,0.7973218447595749
1,2030,39,46,0.06941851638776574
1,2030,39,48,0.10262166450024708
1,2030,39,50,0.030637974352412223
1,2030,40,33,0.027513648300132743
1,2030,40,39,0.020013390328911553
1,2030,40,40,0.041046914881395835
1,2030,40,44,0.04276066327731576
1,2030,40,53,0.7843373327074022
1,2030,40,55,0.08432805050484198
1,2030,41,41,0.04764326237437532
1,2030,41,44,0.11893010397131698
1,2030,41,47,0.10804142822840182
1,2030,41,55,0.7253852054259059
1,2030,42,32,0.8858781713772366
1,2030,42,35,0.015148623590901956
1,2030,42,36,0.04576525952275621
1,2030,42,49,0.04246185176052257
1,2030,42,60,0.010746093748582765
1,2030,43,47,1.0
1,2030,44,53,0.027752910609372038
1,2030,44,60,0.9722470893906279
1,2030,45,32,0.725107888782124
1,2030,45,46,0.1944265946582119
1,2030,45,48,0.08046551655966408
1,2030,46,32,0.736676668979546
1,2030,46,35,0.02385344832982779
1,2030,46,46,0.033053075803429
1,2030,46,47,0.16963808356651083
1,2030,46,60,0.03677872332068648
1,2030,47,33,0.03872962210424811
1,2030,47,44,0.06067562342813857
1,2030,47,47,0.8835829401120261
1,2030,47,53,0.017011814355587296
1,2030,48,53,1.0
1,2030,49,31,0.7778747991004323
1,2030,49,42,0.19071091776989835
1,2030,49,51,0.031414283129669276
1,2030,50,36,0.08784757393591043
1,2030,50,48,0.80219857792644
1,2030,50,56,0.0765774529879153
1,2030,50,58,0.033376395149734187
1,2030,51,35,0.9808011781977556
1,2030,51,60,0.019198821802244484
1,2030,52,41,0.8855648803188575
1,2030,52,49,0.11443511968114248
1,2030,53,38,0.7327318833962415
1,2030,53,45,0.03605242390436402
1,2030,53,46,0.053174553685009146
1,2030,53,49,0.06803977611558766
1,2030,53,53,0.05129933832063684
1,2030,53,54,0.045566061146331376
1,2030,53,57,0.01313596343182953
1,2030,54,32,0.763187382586318
1,2030,54,36,0.03222234274820775
1,2030,54,49,0.08750588129490161
1,2030,54,53,0.062491728398918076
1,2030,54,60,0.05459266497165452
1,2030,55,44,0.10854663402854793
1,2030,55,45,0.8760244909720203
1,2030,55,53,0.015428874999431748
1,2030,56,31,0.704594464713973
1,2030,56,43,0.08431777640019178
1,2030,56,44,0.18952497884334407
1,2030,56,53,0.02156278004249111
1,2030,57,31,0.9402895286300565
1,2030,57,34,0.015105551375577685
1,2030,57,51,0.04460491999436572
1,2030,58,31,0.15873488339605712
1,2030,58,42,0.06976677942011711
1,2030,58,57,0.7714983371838258
1,2030,59,34,0.14785599210291184
1,2030,59,57,0.8521440078970881
1,2030,60,35,0.019943203626794522
1,2030,60,36,0.03892473779896245
1,2030,60,49,0.01610345107112297
1,2030,60,57,0.9250286075031201
1,2030,61,46,0.2000443518949322
1,2030,61,49,0.04006746534893385
1,2030,61,50,0.6510713710573508
1,2030,61,54,0.014546222128719168
1,2030,61,57,0.0592939328349174
1,2030,61,60,0.034976656735146716
1,2030,62,55,0.9822974240194471
1,2030,62,56,0.01770257598055291
1,2030,63,33,0.6273876168571548
1,2030,63,43,0.14184950143568442
1,2030,63,45,0.060018225956676656
1,2030,63,46,0.054413537084901334
1,2030,63,47,0.0278602138093725
1,2030,63,50,0.060067368226026166
1,2030,63,55,0.028403536630184193
1,2030,64,35,0.02683849384676086
1,2030,64,36,0.02576664794604105
1,2030,64,47,0.011364503831692388
1,2030,64,50,0.9360303543755057
1,2030,65,46,0.1595201334148202
1,2030,65,48,0.0508174476095893
1,2030,65,49,0.7689318464558349
1,2030,65,60,0.02073057251975542
1,2030,66,46,0.02297226848689292
1,2030,66,48,0.027345721118933526
1,2030,66,51,0.9496820103941735
1,2030,67,33,0.06215998202577471
1,2030,67,40,0.016151063907521298
1,2030,67,43,0.01953779588120067
1,2030,67,44,0.03435230767837088
1,2030,67,50,0.8148432918683456
1,2030,67,53,0.010750170358532242
1,2030,67,54,0.026906153610889535
1,2030,67,57,0.015299234669364984
1,2030,68,33,0.93520852415789
1,2030,68,53,0.06479147584211002
1,2030,69,40,1.0
1,2030,70,39,0.028900414486593813
1,2030,70,51,0.842326285764718
1,2030,70,59,0.12877329974868829
1,2030,71,34,0.14135040808750085
1,2030,71,39,0.7864173464630785
1,2030,71,44,0.017923678320475665
1,2030,71,50,0.0543085671289451
1,2030,72,42,0.23121126588263688
1,2030,72,44,0.010023588660562766
1,2030,72,55,0.7587651454568004
1,2030,73,34,0.9362195259175695
1,2030,73,56,0.06378047408243055
1,2030,74,41,0.8967886674934732
1,2030,74,47,0.05025655617913087
1,2030,74,48,0.04051843234507033
1,2030,74,50,0.012436343982325567
1,2030,75,45,0.050158296913741345
1,2030,75,46,0.2574728124645895
1,2030,75,48,0.03807132119665849
1,2030,75,58,0.6542975694250107
1,2030,76,58,1.0
1,2030,77,35,1.0
1,2030,78,35,0.8661400383567541
1,2030,78,36,0.13385996164324596
1,2030,79,35,0.06009597502136814
1,2030,79,36,0.06398151462005068
1,2030,79,47,0.08957149936675214
1,2030,79,49,0.786351010991829
1,2030,80,36,0.010812303209502192
1,2030,80,49,0.015344060887284931
1,2030,80,58,0.9738436359032129
1,2030,81,33,1.0
1,2030,82,31,0.9512216821903559
1,2030,82,46,0.019205810604075387
1,2030,82,48,0.029572507205568775
1,2030,83,34,0.8562713559019891
1,2030,83,48,0.0934236989244124
1,2030,83,56,0.05030494517359852
1,2030,84,35,0.024346319785480776
1,2030,84,36,0.18101736067777405
1,2030,84,47,0.7233879239289335
1,2030,84,52,0.034085515401176374
1,2030,84,56,0.03716288020663547
1,2030,85,35,0.8586292781086524
1,2030,85,44,0.03186633103879538
1,2030,85,45,0.024737475995268193
1,2030,85,53,0.06908145100827691
1,2030,85,60,0.015685463849007073
1,2030,86,33,0.01723569716219008
1,2030,86,36,0.04400456961792811
1,2030,86,38,0.8163407665726603
1,2030,86,41,0.017207046895926944
1,2030,86,49,0.0933904061030041
1,2030,86,54,0.011821513648290524
1,2030,87,33,0.42486870503132773
1,2030,87,44,0.42352514037639977
1,2030,87,47,0.07233586877285371
1,2030,87,52,0.07927028581941879
1,2030,88,36,0.03609214994631886
1,2030,88,47,0.9429873897108992
1,2030,88,48,0.02092046034278195
1,2030,89,36,0.986082543760406
1,2030,89,47,0.01391745623959394
1,2030,90,36,1.0
1,2030,91,35,0.02582383114718212
1,2030,91,36,0.1726093833558659
1,2030,91,49,0.6716264438442238
1,2030,91,52,0.06445157493556702
1,2030,91,56,0.06548876671716113
1,2030,92,36,1.0
1,2030,93,36,1.0
1,2030,94,41,0.8384039874780347
1,2030,94,48,0.024614327265450417
1,2030,94,56,0.09005427070760588
1,2030,94,58,0.04692741454890906
1,2030,95,31,0.08277869572384312
1,2030,95,36,0.09490002235780341
1,2030,95,47,0.7150574483538343
1,2030,95,49,0.08145727649588429
1,2030,95,59,0.02580655706863496
1,2030,96,48,0.05198267575550324
1,2030,96,50,0.02318194753632968
1,2030,96,56,0.018369264445565307
1,2030,96,60,0.9064661122626018
1,2030,97,36,0.0803138053119147
1,2030,97,47,0.7055979902308633
1,2030,97,48,0.01777937274455031
1,2030,97,58,0.19630883171267166
1,2030,98,36,0.9382711918900132
1,2030,98,53,0.050487136586406064
1,2030,98,60,0.011241671523580793
1,2030,99,31,0.034881459320896945
1,2030,99,33,0.1311712254588349
1,2030,99,44,0.019997192958502018
1,2030,99,49,0.6716717353754116
1,2030,99,53,0.12514618904057048
1,2030,99,54,0.017132197845784014
1,2030,100,34,0.03413069313330487
1,2030,100,54,0.930662186832657
1,2030,100,59,0.03520712003403813
1,2030,101,36,0.014729556675218086
1,2030,101,49,0.13005314900936948
1,2030,101,54,0.054368578121454895
1,2030,101,58,0.8008487161939576
1,2030,102,36,0.05828490701997077
1,2030,102,48,0.012594861476602312
1,2030,102,49,0.9291202315034268
1,2030,103,48,0.04013182538450363
1,2030,103,58,0.9598681746154963
1,2030,104,35,0.9888665340119402
1,2030,104,42,0.01113346598805975
1,2030,105,36,1.0
1,2030,106,35,1.0
1,2030,107,35,1.0
1,2030,108,33,0.014557180565416012
1,2030,108,39,0.043672205439102135
1,2030,108,40,0.04958991537941205
1,2030,108,55,0.04337379238788023
1,2030,108,60,0.8488069062281896
1,2030,109,43,0.9293368516551929
1,2030,109,48,0.07066314834480715
1,2030,110,31,1.0
1,2030,111,31,1.0
1,2030,112,31,1.0
1,2030,113,31,0.31708394508949167
1,2030,113,42,0.024670977637110614
1,2030,113,44,0.04187330428720021
1,2030,113,59,0.6163717729861976
1,2030,114,33,0.9702406975025735
1,2030,114,50,0.013303257310373243
1,2030,114,51,0.016456045187053306
1,2030,115,38,0.8296836879503906
1,2030,115,50,0.17031631204960934
1,2030,116,31,0.1001506107029174
1,2030,116,38,0.5206651529679324
1,2030,116,44,0.19107099930635088
1,2030,116,49,0.17231708772418347
1,2030,116,56,0.01579614929861596
1,2030,117,34,0.08556220730734017
1,2030,117,48,0.03050647529514564
1,2030,117,50,0.04155591379919341
1,2030,117,56,0.11801643722248722
1,2030,117,58,0.7243589663758334
1,2030,118,49,0.9184469335753166
1,2030,118,53,0.08155306642468335
1,2030,119,31,0.8000459463851238
1,2030,119,33,0.036380029420941484
1,2030,119,44,0.1192236342974246
1,2030,119,53,0.04435038989651016
1,2030,120,40,0.8446531633802917
1,2030,120,59,0.15534683661970833
1,2030,121,31,0.01848615805340295
1,2030,121,40,0.8507453337464562
1,2030,121,43,0.07312589061079727
1,2030,121,44,0.05764261758934358
1,2030,122,37,0.010854746164436564
1,2030,122,46,0.11722437190636575
1,2030,122,48,0.05679188917785963
1,2030,122,49,0.014999812489087534
1,2030,122,51,0.6912406554571947
1,2030,122,54,0.09035214878566027
1,2030,122,58,0.01853637601939558
1,2030,123,37,1.0
1,2030,124,31,0.9195187495587795
1,2030,124,34,0.0588070589575588
1,2030,124,42,0.021674191483661596
1,2030,125,31,0.025181178441651363
1,2030,125,36,0.16596105822043108
1,2030,125,38,0.6097529611509653
1,2030,125,42,0.030939167541981623
1,2030,125,59,0.1681656346449706
1,2030,126,41,0.6910807123761222
1,2030,126,43,0.04111575165734769
1,2030,126,49,0.16024199245836832
1,2030,126,53,0.021557600369265482
1,2030,126,54,0.0860039431388961
1,2030,127,50,0.9394259240914823
1,2030,127,56,0.033368069159727475
1,2030,127,59,0.027206006748790253
1,2030,128,46,0.12193912123517037
1,2030,128,49,0.8439989875003634
1,2030,128,54,0.034061891264466224
1,2030,129,32,0.7754391241266058
1,2030,129,37,0.010298271928847968
1,2030,129,54,0.18109323735981744
1,2030,129,56,0.03316936658472883
1,2030,130,36,0.8836190612557792
1,2030,130,47,0.020215297936283412
1,2030,130,48,0.0961656408079375
1,2030,131,36,1.0
1,2030,132,35,0.8109735500328643
1,2030,132,53,0.15768390177251587
1,2030,132,60,0.03134254819461974
1,2030,133,37,1.0
1,2030,134,35,0.0454278246350561
1,2030,134,36,0.16691025443001536
1,2030,134,58,0.7876619209349286
1,2030,135,35,1.0
1,2030,136,36,1.0
1,2030,137,35,1.0
1,2030,138,35,0.9194530044918554
1,2030,138,36,0.08054699550814462
1,2030,139,49,0.9011827249165293
1,2030,139,60,0.09881727508347082
1,2030,140,31,1.0
1,2030,141,31,0.26611514347739634
1,2030,141,42,0.7338848565226037
1,2030,142,31,0.036828832616178024
1,2030,142,34,0.6925981553409232
1,2030,142,42,0.27057301204289874
1,2030,143,45,0.011199342877733665
1,2030,143,53,0.03640400633289027
1,2030,143,54,0.8742688819919057
1,2030,143,60,0.07812776879747044
1,2030,144,31,1.0
1,2030,145,56,0.0223239483960554
1,2030,145,59,0.9776760516039447
1,2030,146,31,0.0471789527965825
1,2030,146,49,0.9061938636992816
1,2030,146,59,0.0466271835041359
1,2030,147,33,0.7231623381579395
1,2030,147,49,0.08130311675410824
1,2030,147,54,0.19553454508795232
1,2030,148,48,0.2481047561686999
1,2030,148,50,0.7084785187848402
1,2030,148,59,0.04341672504645991
1,2030,149,36,1.0
1,2030,150,33,0.0876516716428443
1,2030,150,52,0.7333954690063466
1,2030,150,56,0.17895285935080912
1,2030,151,35,0.09159042587954419
1,2030,151,36,0.19909398005326637
1,2030,151,58,0.7093155940671895
1,2030,152,33,0.09852900258410668
1,2030,152,35,0.7437843419338043
1,2030,152,36,0.03271557048045215
1,2030,152,41,0.023118214027878316
1,2030,152,49,0.08848572606431598
1,2030,152,53,0.013367144909442628
1,2030,153,35,0.8668539873482369
1,2030,153,49,0.036087739658391765
1,2030,153,54,0.07295350428717519
1,2030,153,56,0.02410476870619614
1,2030,154,39,0.07192840375207994
1,2030,154,41,0.8416059237690431
1,2030,154,56,0.053651144611281926
1,2030,154,59,0.03281452786759519
1,2030,155,33,0.017384326636780443
1,2030,155,37,0.9586481689473361
1,2030,155,44,0.023967504415883512
1,2030,156,48,0.04590090164682143
1,2030,156,50,0.012265917366809747
1,2030,156,54,0.925173529107679
1,2030,156,55,0.0166596518786899
1,2030,157,31,0.13683003985073236
1,2030,157,33,0.014300441294493108
1,2030,157,34,0.022024728901696135
1,2030,157,39,0.023876845826755474
1,2030,157,54,0.7543575287064763
1,2030,157,59,0.04861041541984652
1,2030,158,46,0.050810600368648595
1,2030,158,48,0.07183673132198978
1,2030,158,54,0.15941408988215952
1,2030,158,58,0.7179385784272021
1,2030,159,33,0.10264837578063982
1,2030,159,36,0.06442015467727696
1,2030,159,39,0.5967334355680896
1,2030,159,44,0.1263656628179808
1,2030,159,52,0.08767280271372864
1,2030,159,56,0.022159568442284273
1,2030,160,32,1.0
1,2030,161,36,0.9871309395732989
1,2030,161,40,0.0128690604267011
1,2030,162,43,0.027989584861485093
1,2030,162,49,0.9077461567793541
1,2030,162,53,0.06426425835916073
1,2030,163,31,0.048940263592865296
1,2030,163,34,0.013009978944539646
1,2030,163,39,0.015081052161609413
1,2030,163,42,0.021307245459552766
1,2030,163,50,0.8884152729374368
1,2030,163,59,0.013246186903996026
1,2030,164,31,0.15152777354168886
1,2030,164,42,0.0845077355922228
1,2030,164,44,0.26426591656868315
1,2030,164,55,0.49969857429740516
1,2030,165,31,0.1347321326216424
1,2030,165,42,0.046519339370915576
1,2030,165,44,0.027343546134521664
1,2030,165,51,0.7629966386208109
1,2030,165,59,0.028408343252109423
1,2030,166,35,0.015180964538341288
1,2030,166,36,0.014134937631802593
1,2030,166,46,0.04161895469019698
1,2030,166,48,0.07175472245242127
1,2030,166,57,0.8377763185592292
1,2030,166,59,0.019534102128008702
1,2030,167,38,0.6312074912066702
1,2030,167,42,0.08456570389790458
1,2030,167,48,0.24214432532792796
1,2030,167,50,0.024522240732391308
1,2030,167,59,0.017560238835105837
1,2030,168,36,0.8752648724804256
1,2030,168,56,0.0774729590353495
1,2030,168,59,0.04726216848422497
1,2030,169,36,1.0
1,2030,170,36,1.0
1,2030,171,35,1.0
1,2030,172,36,0.9465861062413935
1,2030,172,48,0.05341389375860642
1,2030,173,35,0.06396939752074367
1,2030,173,36,0.057448626353765714
1,2030,173,49,0.8785819761254905
1,2030,174,37,0.7774453311051194
1,2030,174,39,0.10731815596871078
1,2030,174,40,0.0340822135953862
1,2030,174,55,0.08115429933078366
1,2030,175,39,0.9377874158020219
1,2030,175,54,0.062212584197978225
1,2030,176,31,1.0
1,2030,177,48,0.1578574402663454
1,2030,177,58,0.6709974558716746
1,2030,177,59,0.1711451038619801
1,2030,178,36,0.011380519148997919
1,2030,178,52,0.957851364028073
1,2030,178,56,0.030768116822929122
1,2030,179,36,0.018548442846017574
1,2030,179,48,0.012004263275380957
1,2030,179,49,0.8755326791926237
1,2030,179,56,0.09391461468597788
1,2030,180,56,1.0
1,2030,181,31,0.02598713065460221
1,2030,181,41,0.6044254365369838
1,2030,181,49,0.10758332475187504
1,2030,181,54,0.24273102569253768
1,2030,181,56,0.019273082364001347
1,2030,182,34,0.011787052347446043
1,2030,182,39,0.8917396853200891
1,2030,182,42,0.09647326233246485
1,2030,183,58,1.0
1,2030,184,48,0.08178929726740364
1,2030,184,52,0.8321994708677782
1,2030,184,56,0.0860112318648181
1,2030,185,35,0.05356501442596389
1,2030,185,36,0.10518734048287041
1,2030,185,49,0.6485026634877034
1,2030,185,52,0.05454669818189125
1,2030,185,56,0.13819828342157112
1,2030,186,32,0.7145724050719624
1,2030,186,35,0.09541999437733877
1,2030,186,36,0.11454483555986407
1,2030,186,48,0.07546276499083486
1,2030,187,35,0.07078548295395388
1,2030,187,47,0.150442188399254
1,2030,187,48,0.09907315587911526
1,2030,187,52,0.6796991727676769
1,2030,188,35,0.08962957262725291
1,2030,188,36,0.045804104286769974
1,2030,188,52,0.6829101538234147
1,2030,188,53,0.03800671175943661
1,2030,188,60,0.1436494575031257
1,2030,189,36,0.8658564825608079
1,2030,189,56,0.051528376731861586
1,2030,189,59,0.0826151407073304
1,2030,190,36,1.0
1,2030,191,36,0.2661117874788936
1,2030,191,49,0.47229739607983157
1,2030,191,52,0.08235231862879962
1,2030,191,56,0.17923849781247517
1,2030,192,36,1.0
1,2030,193,36,0.7278792746756262
1,2030,193,49,0.1757707624386107
1,2030,193,54,0.09634996288576315
1,2030,194,33,0.050384086115239035
1,2030,194,40,0.05132280095066924
1,2030,194,49,0.7214394333221632
1,2030,194,54,0.17685367961192866
1,2030,195,32,0.6553481811453915
1,2030,195,36,0.031084644022501644
1,2030,195,49,0.027586151604926997
1,2030,195,54,0.14955627452102038
1,2030,195,56,0.10867677791346626
1,2030,195,58,0.027747970792693203
1,2030,196,35,0.8277712412262166
1,2030,196,48,0.10119778760008544
1,2030,196,56,0.025929882131065927
1,2030,196,59,0.045101089042632075
1,2030,197,35,0.0960795969830972
1,2030,197,36,0.204937932792601
1,2030,197,49,0.6989824702243019
1,2030,198,33,0.04033629542004577
1,2030,198,41,0.05823964998546863
1,2030,198,49,0.06221952368701102
1,2030,198,54,0.0722639062360126
1,2030,198,58,0.766940624671462
1,2030,199,34,0.04387394498591786
1,2030,199,39,0.03268513327325784
1,2030,199,41,0.8953232737780982
1,2030,199,44,0.028117647962726148
1,2030,200,33,0.024177182881384603
1,2030,200,39,0.06781005319781343
1,2030,200,56,0.15517930800571844
1,2030,200,58,0.7528334559150834
1,2030,201,36,1.0
1,2030,202,36,0.9854644902548653
1,2030,202,53,0.014535509745134692
1,2030,203,36,1.0
1,2030,204,35,1.0
1,2030,205,36,1.0
1,2030,206,36,1.0
1,2030,207,36,0.13809843289546048
1,2030,207,49,0.8619015671045396
1,2030,208,35,0.018132616461049616
1,2030,208,36,0.020800226660736405
1,2030,208,54,0.9486812254423332
1,2030,208,60,0.012385931435880786
1,2030,209,35,0.06630074850544736
1,2030,209,36,0.08892683435777664
1,2030,209,54,0.844772417136776
1,2030,210,54,0.9844202012266793
1,2030,210,60,0.01557979877332071
1,2030,211,37,0.7414978119997665
1,2030,211,48,0.11868719300466825
1,2030,211,56,0.03160633267829539
1,2030,211,58,0.10820866231726993
1,2030,212,35,0.012473917733696185
1,2030,212,45,0.09501232973629314
1,2030,212,46,0.07327759210811977
1,2030,212,58,0.6870488588235839
1,2030,212,60,0.13218730159830705
1,2030,213,35,0.9166636901037567
1,2030,213,40,0.011231232821289436
1,2030,213,46,0.03118470882498957
1,2030,213,48,0.04092036824996433
1,2030,214,31,0.02071714891848661
1,2030,214,42,0.06287271912025252
1,2030,214,43,0.030967343115504985
1,2030,214,51,0.011620100410145447
1,2030,214,52,0.8738226884356105
1,2030,215,41,0.8170495130851317
1,2030,215,54,0.18295048691486826
1,2030,216,39,0.964152797881285
1,2030,216,42,0.024220916606986893
1,2030,216,43,0.011626285511728077
1,2030,217,36,0.2820641647923239
1,2030,217,58,0.7179358352076761
1,2030,218,36,1.0
1,2030,219,36,1.0
1,2030,220,36,1.0
1,2030,221,35,0.05122656837118993
1,2030,221,36,0.10183601661549922
1,2030,221,60,0.8469374150133108
1,2030,222,39,1.0
1,2030,223,31,0.013238826804828978
1,2030,223,33,0.9078026704409168
1,2030,223,40,0.01511214864078647
1,2030,223,42,0.019933519839482845
1,2030,223,51,0.04391283427398491
1,2030,224,38,0.6735429318364134
1,2030,224,48,0.17559015250625257
1,2030,224,50,0.015393694667444186
1,2030,224,59,0.13547322098988976
1,2030,225,33,0.22203125650722377
1,2030,225,49,0.09362387785765289
1,2030,225,52,0.614998347771946
1,2030,225,54,0.0693465178631774
1,2030,226,32,0.9155387420742137
1,2030,226,35,0.05024499840297063
1,2030,226,36,0.03421625952281566
1,2030,227,35,0.026509616170708135
1,2030,227,36,0.18774305057945875
1,2030,227,48,0.0696302808509544
1,2030,227,52,0.6603587623965487
1,2030,227,58,0.05575829000232999
1,2030,228,32,0.8880577481772143
1,2030,228,56,0.11194225182278571
1,2030,229,36,0.8638527263771639
1,2030,229,48,0.1361472736228361
1,2030,230,49,0.07396299904899767
1,2030,230,53,0.22435384644608197
1,2030,230,60,0.7016831545049204
1,2030,231,46,0.03878390994539596
1,2030,231,47,0.02862294206374466
1,2030,231,48,0.15056593739961077
1,2030,231,59,0.7820272105912486
1,2030,232,33,0.9824972418979782
1,2030,232,53,0.017502758102021853
1,2030,233,31,0.9390851443923232
1,2030,233,35,0.01946373974628739
1,2030,233,36,0.025925219890818176
1,2030,233,58,0.015525895970571304
1,2030,234,38,0.9496977347294215
1,2030,234,40,0.014392590404918557
1,2030,234,54,0.03590967486565982
1,2030,235,58,1.0
1,2030,236,36,0.9256002372990078
1,2030,236,53,0.0743997627009922
1,2030,237,34,0.026560241434696995
1,2030,237,36,0.9571069151963719
1,2030,237,59,0.01633284336893108
1,2030,238,33,0.04032946617905799
1,2030,238,36,0.8930453835838194
1,2030,238,41,0.028711923205826967
1,2030,238,53,0.037913227031295786
1,2030,239,35,0.04499972736819686
1,2030,239,36,0.05423797729718509
1,2030,239,37,0.900762295334618
1,2030,240,31,0.026212710708686943
1,2030,240,34,0.03393637156946521
1,2030,240,42,0.03101713542512054
1,2030,240,58,0.8877801780669518
1,2030,240,59,0.02105360422977557
1,2030,241,36,0.9580837882207319
1,2030,241,46,0.010945347976764929
1,2030,241,53,0.03097086380250317
1,2030,242,34,0.02161256132603137
1,2030,242,36,0.8304219497067894
1,2030,242,48,0.08175380541692738
1,2030,242,50,0.06621168355025185
1,2030,243,33,0.02244111162259361
1,2030,243,36,0.9195349576292345
1,2030,243,44,0.0580239307481719
1,2030,244,33,0.11979978250355026
1,2030,244,44,0.04658324042007842
1,2030,244,53,0.09930588005609473
1,2030,244,55,0.7343110970202765
1,2030,245,31,0.024623279355312794
1,2030,245,33,0.041812640745087254
1,2030,245,39,0.9335640798995999
1,2030,246,40,0.8406355257177626
1,2030,246,46,0.02906482978315321
1,2030,246,48,0.11197724002461548
1,2030,246,58,0.018322404474468767
1,2030,247,31,0.7929636965887275
1,2030,247,42,0.16341212639571043
1,2030,247,51,0.043624177015562135
1,2030,248,34,0.8342910438833498
1,2030,248,42,0.09111224636110381
1,2030,248,43,0.03973050403482704
1,2030,248,55,0.03486620572071934
1,2030,249,31,0.016830131849243753
1,2030,249,34,0.014250835024364994
1,2030,249,42,0.042498648646208136
1,2030,249,44,0.011880196790419182
1,2030,249,51,0.01206582247904279
1,2030,249,52,0.9024743652107211
1,2030,250,35,1.0
1,2030,251,60,1.0
1,2030,252,31,0.03680406000778791
1,2030,252,39,0.8798819889086534
1,2030,252,42,0.08331395108355867
1,2030,253,58,1.0
1,2030,254,35,1.0
1,2030,255,53,1.0
1,2030,256,39,0.07057181837652361
1,2030,256,51,0.8048327685162129
1,2030,256,59,0.12459541310726345
1,2030,257,32,0.8604941605971176
1,2030,257,35,0.05192186195262099
1,2030,257,36,0.08758397745026139
1,2030,258,35,1.0
1,2030,259,35,0.7440451504176064
1,2030,259,39,0.010657409337992288
1,2030,259,48,0.038542890972915037
1,2030,259,56,0.08192230538308225
1,2030,259,58,0.12483224388840385
1,2030,260,35,0.7120470497239845
1,2030,260,44,0.02944632268146057
1,2030,260,52,0.10901946389752598
1,2030,260,56,0.14948716369702897
1,2030,261,41,0.8073204557369451
1,2030,261,53,0.19267954426305486
1,2030,262,31,0.09443331606740898
1,2030,262,42,0.16846779135756892
1,2030,262,55,0.7370988925750221
1,2030,263,32,0.5579494263918642
1,2030,263,48,0.29430648616627597
1,2030,263,50,0.0889934194905594
1,2030,263,59,0.058750667951300434
1,2030,264,36,0.028135488250722276
1,2030,264,60,0.9718645117492777
1,2030,265,38,0.7974752172934143
1,2030,265,40,0.04647528320514092
1,2030,265,46,0.10115989487323382
1,2030,265,51,0.05488960462821096
1,2030,266,48,0.1760965098505026
1,2030,266,58,0.8239034901494975
1,2030,267,49,0.7172222868896794
1,2030,267,53,0.06493682132463231
1,2030,267,60,0.2178408917856883
1,2030,268,38,0.9291152639837131
1,2030,268,40,0.034471091462026815
1,2030,268,51,0.019848047134349883
1,2030,268,57,0.01656559741991015
1,2030,269,31,0.6850348468098469
1,2030,269,34,0.011221452661239951
1,2030,269,39,0.08002224795366777
1,2030,269,44,0.2237214525752454
1,2030,270,33,0.023367527326675606
1,2030,270,39,0.017983905157893828
1,2030,270,42,0.9465526593168984
1,2030,270,44,0.012095908198532198
1,2030,271,40,0.9349779305348893
1,2030,271,44,0.06502206946511069
1,2030,272,39,0.8780023796575447
1,2030,272,46,0.03310793718336114
1,2030,272,48,0.07804423616187431
1,2030,272,50,0.010845446997219907
1,2030,273,39,1.0
1,2030,274,39,0.8282067549172665
1,2030,274,42,0.01224727160676348
1,2030,274,48,0.12058541072256196
1,2030,274,50,0.03896056275340815
1,2030,275,34,0.6922387302215145
1,2030,275,39,0.12405861106781646
1,2030,275,44,0.18370265871066904
1,2030,276,33,0.7923052295319774
1,2030,276,34,0.11615004725196518
1,2030,276,39,0.09154472321605753
1,2030,277,34,0.13852575947208198
1,2030,277,39,0.023535852126524842
1,2030,277,40,0.8379383884013931
1,2030,278,31,0.9839562302902746
1,2030,278,32,0.016043769709725406
1,2030,279,35,0.9204951012926146
1,2030,279,46,0.013114311488875164
1,2030,279,48,0.06639058721851035
1,2030,280,35,0.011473212954415156
1,2030,280,39,0.7878432950803612
1,2030,280,44,0.13708023872713618
1,2030,280,53,0.03886253316344614
1,2030,280,60,0.024740720074641294
1,2030,281,35,0.03934163754100511
1,2030,281,36,0.025480632425075343
1,2030,281,38,0.898657835604263
1,2030,281,47,0.03651989442965647
1,2030,282,33,0.07176626497267773
1,2030,282,36,0.02082621782112173
1,2030,282,41,0.023726116030634632
1,2030,282,49,0.04450442631997119
1,2030,282,60,0.8391769748555948
1,2030,283,35,0.18136711101551717
1,2030,283,36,0.10590387612197787
1,2030,283,47,0.06714489205646555
1,2030,283,58,0.6288822257984047
1,2030,283,60,0.016701895007634776
1,2030,284,33,0.10320629395231726
1,2030,284,35,0.8222871529922876
1,2030,284,41,0.020985242363238808
1,2030,284,49,0.024944671625996995
1,2030,284,53,0.014847393686098496
1,2030,284,57,0.013729245380060727
1,2030,285,45,0.05685561133448788
1,2030,285,47,0.0872462825552362
1,2030,285,52,0.6910373638679198
1,2030,285,53,0.1489642069160461
1,2030,285,60,0.01589653532630996
1,2030,286,35,0.9454038154657833
1,2030,286,48,0.054596184534216684
1,2030,287,35,0.02906562625831042
1,2030,287,36,0.1673820603684607
1,2030,287,58,0.029472887868128433
1,2030,287,60,0.7740794255051004
1,2030,288,43,0.018063972526509483
1,2030,288,53,0.05999958257315683
1,2030,288,57,0.8995905329515742
1,2030,288,60,0.022345911948759397
1,2030,289,32,0.020080484936469883
1,2030,289,34,0.011207374566027727
1,2030,289,38,0.8497791149674433
1,2030,289,50,0.11893302553005915
1,2030,290,35,0.946495561375033
1,2030,290,45,0.019603254875767275
1,2030,290,53,0.03390118374919979
1,2030,291,35,0.9870794560532857
1,2030,291,53,0.012920543946714302
1,2030,292,36,0.13800116234122708
1,2030,292,49,0.050901279599474776
1,2030,292,60,0.8110975580592982
1,2030,293,50,0.04401780636361907
1,2030,293,51,0.09627539871587976
1,2030,293,55,0.8597067949205012
1,2030,294,33,0.01149947091572917
1,2030,294,37,0.01091886181537678
1,2030,294,54,0.01861783829599915
1,2030,294,55,0.958963828972895
1,2030,295,31,0.16757247857620422
1,2030,295,40,0.04637226986848505
1,2030,295,43,0.030793145227703628
1,2030,295,44,0.7552621063276072
1,2030,296,31,0.02161766348257351
1,2030,296,42,0.17337200409602138
1,2030,296,43,0.021830555303089597
1,2030,296,51,0.7831797771183155
1,2030,297,33,0.01548761382367243
1,2030,297,37,0.5549661316388321
1,2030,297,42,0.020592360385372727
1,2030,297,43,0.18711597795855608
1,2030,297,53,0.22183791619356666
1,2030,298,40,0.8633231317181408
1,2030,298,45,0.04987698369735853
1,2030,298,46,0.02516031627505528
1,2030,298,47,0.03448863215985478
1,2030,298,50,0.015457794872917499
1,2030,298,55,0.011693141276673157
1,2030,299,35,0.034313600123324496
1,2030,299,36,0.02665766285866928
1,2030,299,46,0.9228507939591771
1,2030,299,60,0.016177943058829008
1,2030,300,33,0.014831652497582323
1,2030,300,37,0.10661205203514865
1,2030,300,39,0.06143223374499397
1,2030,300,41,0.1125523296333797
1,2030,300,43,0.689772316504075
1,2030,300,45,0.014799415584820329
1,2030,301,33,0.08779117014809915
1,2030,301,42,0.8352503024565718
1,2030,301,44,0.07695852739532905
1,2030,302,31,0.059049317423139944
1,2030,302,34,0.19974986363996797
1,2030,302,42,0.1846258132822118
1,2030,302,51,0.5565750056546802
1,2030,303,31,0.09292195549373451
1,2030,303,42,0.15564956097315125
1,2030,303,44,0.014924886653240897
1,2030,303,55,0.7365035968798733
1,2030,304,42,1.0
1,2030,305,34,0.08334240384668955
1,2030,305,42,0.012413516381220542
1,2030,305,51,0.9042440797720898
1,2030,306,37,0.7330529633393772
1,2030,306,45,0.014184812319750165
1,2030,306,46,0.19276500553632978
1,2030,306,48,0.05999721880454284
1,2030,307,48,0.06533398469666311
1,2030,307,50,0.22822460346903023
1,2030,307,51,0.027674845265451477
1,2030,307,55,0.6787665665688553
1,2030,308,34,0.14484964355501584
1,2030,308,42,0.14745034408413135
1,2030,308,44,0.10580216793822546
1,2030,308,51,0.6018978444226274
1,2030,309,31,0.07198390617553706
1,2030,309,33,0.07405023788582897
1,2030,309,40,0.04912990476652427
1,2030,309,45,0.7232095459842598
1,2030,309,53,0.08162640518785007
1,2030,310,46,0.02698919285888403
1,2030,310,48,0.973010807141116
1,2030,311,32,0.7618301593775143
1,2030,311,48,0.10118776360051923
1,2030,311,50,0.07591408419033174
1,2030,311,51,0.06106799283163477
1,2030,312,47,0.9375583670687601
1,2030,312,48,0.037437060016312335
1,2030,312,58,0.0250045729149277
1,2030,313,47,0.019860942254655452
1,2030,313,60,0.9801390577453445
1,2030,314,32,0.029129758302192593
1,2030,314,35,0.02516085679290188
1,2030,314,47,0.08188876400657806
1,2030,314,48,0.10800724552852771
1,2030,314,50,0.03882234027163823
1,2030,314,55,0.7169910350981616
1,2030,315,32,0.865885634449193
1,2030,315,41,0.018587712878205796
1,2030,315,44,0.0195035287326561
1,2030,315,53,0.09602312393994507
1,2030,316,42,0.02640891337737525
1,2030,316,43,0.011976220342973938
1,2030,316,44,0.036380102545454325
1,2030,316,45,0.014414032709681796
1,2030,316,53,0.07384963582458536
1,2030,316,60,0.8369710951999293
1,2030,317,34,0.06102998361722564
1,2030,317,47,0.02530398698158895
1,2030,317,48,0.027817508283680573
1,2030,317,55,0.8556338148294961
1,2030,317,59,0.030214706288008743
1,2030,318,45,0.9634472534064139
1,2030,318,48,0.019929267972251922
1,2030,318,58,0.016623478621334144
1,2030,319,43,0.016347296564193557
1,2030,319,45,0.010773648632152511
1,2030,319,46,0.012765763598814804
1,2030,319,53,0.047225755392475206
1,2030,319,55,0.9128875358123639
1,2030,320,35,0.030332998155653327
1,2030,320,36,0.07377676239203483
1,2030,320,48,0.8958902394523119
1,2030,321,44,0.016431378479986193
1,2030,321,60,0.9835686215200138
1,2030,322,47,0.6485121228896076
1,2030,322,48,0.2907826700326565
1,2030,322,56,0.060705207077735863
1,2030,323,33,0.07210117906647401
1,2030,323,44,0.16719448283827837
1,2030,323,53,0.7607043380952476
1,2030,324,42,0.03510400824929283
1,2030,324,48,0.09610852088525323
1,2030,324,50,0.8687874708654539
1,2030,325,41,0.10055185157779652
1,2030,325,44,0.06692368929940146
1,2030,325,45,0.011167412798725981
1,2030,325,47,0.718444832665602
1,2030,325,53,0.08310508537134027
1,2030,325,55,0.019807128287133796
1,2030,326,31,0.040178307849306316
1,2030,326,42,0.021561535921578993
1,2030,326,44,0.9382601562291146
1,2030,327,42,0.9831254572935454
1,2030,327,46,0.01687454270645469
1,2030,328,34,0.21027484659650378
1,2030,328,42,0.665255225782692
1,2030,328,50,0.12446992762080418
1,2030,329,45,0.8256718074128977
1,2030,329,53,0.1743281925871023
1,2030,330,42,0.37853717880407667
1,2030,330,44,0.017460929833941662
1,2030,330,55,0.6040018913619816
1,2030,331,42,0.9561419059903002
1,2030,331,48,0.02114436135928203
1,2030,331,50,0.022713732650417793
1,2030,332,32,0.010131084870372037
1,2030,332,42,0.8656379279500287
1,2030,332,48,0.02308393226838827
1,2030,332,50,0.08368754217484192
1,2030,332,51,0.017459512736369035
1,2030,333,44,0.11026505105100344
1,2030,333,51,0.8709957646394558
1,2030,333,55,0.018739184309540705
1,2030,334,32,0.8325082038633138
1,2030,334,34,0.0970274084517383
1,2030,334,50,0.07046438768494775
1,2030,335,44,0.6962519568580977
1,2030,335,53,0.30374804314190235
1,2030,336,50,1.0
1,2030,337,32,0.7127875366471644
1,2030,337,41,0.11707365378988137
1,2030,337,44,0.08327405922390317
1,2030,337,53,0.08686475033905093
1,2030,338,44,1.0
1,2030,339,42,1.0
1,2030,340,42,0.14391904243627943
1,2030,340,51,0.8560809575637206
1,2030,341,34,0.05663338210107294
1,2030,341,42,0.1932855593511322
1,2030,341,50,0.7500810585477947
1,2030,342,42,0.029473813093261497
1,2030,342,43,0.0141794581385543
1,2030,342,60,0.9563467287681842
1,2030,343,46,0.0894030423784777
1,2030,343,47,0.8151051949476613
1,2030,343,48,0.09549176267386103
1,2030,344,35,0.03106334824352
1,2030,344,36,0.02367365408946667
1,2030,344,45,0.9314032652117976
1,2030,344,60,0.013859732455215783
1,2030,345,40,0.01744203461685366
1,2030,345,43,0.0437950387947624
1,2030,345,45,0.012449992772852723
1,2030,345,46,0.037262895881457925
1,2030,345,47,0.8731235345225083
1,2030,345,55,0.015926503411564895
1,2030,346,35,0.059569793889574986
1,2030,346,36,0.06661148492594478
1,2030,346,47,0.030828075134945912
1,2030,346,53,0.8429906460495343
1,2030,347,45,1.0
1,2030,348,42,0.8953032935238964
1,2030,348,45,0.012327344827180842
1,2030,348,46,0.020607416371224225
1,2030,348,48,0.03384536658396592
1,2030,348,50,0.027515332367452097
1,2030,348,51,0.010401246326280575
1,2030,349,43,0.8009993345583402
1,2030,349,46,0.19900066544165992
1,2030,350,42,1.0
1,2030,351,42,0.12388309295453867
1,2030,351,43,0.35089465532789255
1,2030,351,51,0.5252222517175688
1,2030,352,33,0.061522513478014344
1,2030,352,40,0.09649915991453024
1,2030,352,43,0.04303302677379094
1,2030,352,50,0.6676433702213296
1,2030,352,53,0.05490004762938406
1,2030,352,55,0.07640188198295073
1,2030,353,40,0.020953723858901707
1,2030,353,43,0.03072926308394929
1,2030,353,47,0.9280445191983757
1,2030,353,55,0.02027249385877329
1,2030,354,41,0.17267452287339166
1,2030,354,44,0.7000149415030562
1,2030,354,45,0.013912198898054541
1,2030,354,53,0.0770047284427991
1,2030,354,60,0.03639360828269837
1,2030,355,46,1.0
1,2030,356,48,0.05978096013861125
1,2030,356,51,0.9402190398613887
1,2030,357,34,0.01629308268968389
1,2030,357,48,0.13652004037868826
1,2030,357,50,0.084249868327937
1,2030,357,51,0.762937008603691
1,2030,358,44,0.04491042316181023
1,2030,358,53,0.22697230899917317
1,2030,358,55,0.7281172678390165
1,2030,359,34,0.01792426542526529
1,2030,359,42,0.044692389756374525
1,2030,359,48,0.9191189041392964
1,2030,359,51,0.018264440679063763
1,2030,360,34,0.18810160318794258
1,2030,360,44,0.8118983968120574
1,2030,361,47,0.06289847014854615
1,2030,361,50,0.3343334649323165
1,2030,361,55,0.6027680649191373
1,2030,362,34,0.08192905171944556
1,2030,362,44,0.06456744317048689
1,2030,362,50,0.8535035051100677
1,2030,363,35,0.04611609990359738
1,2030,363,47,0.8817054109125314
1,2030,363,60,0.0721784891838713
1,2030,364,34,0.05769122341453343
1,2030,364,42,0.020468243601516573
1,2030,364,47,0.8956141530734402
1,2030,364,50,0.02622637991050978
1,2030,365,53,1.0
