rep_period,timestep,year,scenario,profile_name,value
1,1,2030,0,demand,0.5075089117829088
1,2,2030,0,demand,0.4981708446187634
1,3,2030,0,demand,0.48920224593216993
1,4,2030,0,demand,0.4805805772066483
1,5,2030,0,demand,0.48831203557832786
1,6,2030,0,demand,0.5060010786960549
1,7,2030,0,demand,0.5325558281041032
1,8,2030,0,demand,0.566703293099582
1,9,2030,0,demand,0.6001905244627268
1,10,2030,0,demand,0.6240939486521424
1,11,2030,0,demand,0.6404694921487178
1,12,2030,0,demand,0.6484430093781709
1,13,2030,0,demand,0.6478610819460481
1,14,2030,0,demand,0.6385912575301268
1,15,2030,0,demand,0.6276180970611288
1,16,2030,0,demand,0.6244757164630453
1,17,2030,0,demand,0.620706848467946
1,18,2030,0,demand,0.6234979872114971
1,19,2030,0,demand,0.6324446023747132
1,20,2030,0,demand,0.6390170909068069
1,21,2030,0,demand,0.6317642021856832
1,22,2030,0,demand,0.597133735187886
1,23,2030,0,demand,0.5549882869854709
1,24,2030,0,demand,0.5437008196754913
1,1,2030,0,solar,0.0
1,2,2030,0,solar,0.0
1,3,2030,0,solar,0.0
1,4,2030,0,solar,0.0
1,5,2030,0,solar,0.0
1,6,2030,0,solar,9.128967668382562e-5
1,7,2030,0,solar,0.00989441364710104
1,8,2030,0,solar,0.09345642550120278
1,9,2030,0,solar,0.2523553152382717
1,10,2030,0,solar,0.41573612519554
1,11,2030,0,solar,0.5286531042264926
1,12,2030,0,solar,0.6010089840007775
1,13,2030,0,solar,0.621271679560438
1,14,2030,0,solar,0.59708975470359
1,15,2030,0,solar,0.5282409363292547
1,16,2030,0,solar,0.4262308862563948
1,17,2030,0,solar,0.29167110858401546
1,18,2030,0,solar,0.1431470547635786
1,19,2030,0,solar,0.03614528341243434
1,20,2030,0,solar,0.0008724556307254089
1,21,2030,0,solar,0.0
1,22,2030,0,solar,0.0
1,23,2030,0,solar,0.0
1,24,2030,0,solar,0.0
1,1,2030,0,wind_offshore,0.2657606142008255
1,2,2030,0,wind_offshore,0.26945121353831697
1,3,2030,0,wind_offshore,0.27304432444800375
1,4,2030,0,wind_offshore,0.27505811469123587
1,5,2030,0,wind_offshore,0.28115165869503533
1,6,2030,0,wind_offshore,0.29380398527677204
1,7,2030,0,wind_offshore,0.3191869192290275
1,8,2030,0,wind_offshore,0.34702342605133657
1,9,2030,0,wind_offshore,0.36888263523716464
1,10,2030,0,wind_offshore,0.3979673615261076
1,11,2030,0,wind_offshore,0.42883296757506245
1,12,2030,0,wind_offshore,0.4819278241636247
1,13,2030,0,wind_offshore,0.5332952485106922
1,14,2030,0,wind_offshore,0.5735153678193043
1,15,2030,0,wind_offshore,0.6068174051747307
1,16,2030,0,wind_offshore,0.6407457868669427
1,17,2030,0,wind_offshore,0.6662192616189272
1,18,2030,0,wind_offshore,0.6888578585484014
1,19,2030,0,wind_offshore,0.7091646178510004
1,20,2030,0,wind_offshore,0.719142931225183
1,21,2030,0,wind_offshore,0.7236753188292379
1,22,2030,0,wind_offshore,0.7168105314848408
1,23,2030,0,wind_offshore,0.6683873356252824
1,24,2030,0,wind_offshore,0.6623187240967388
1,1,2030,0,wind_onshore,0.21776639908891868
1,2,2030,0,wind_onshore,0.20881711787628035
1,3,2030,0,wind_onshore,0.20082130633569534
1,4,2030,0,wind_onshore,0.19400091698367292
1,5,2030,0,wind_onshore,0.18892559150275695
1,6,2030,0,wind_onshore,0.18494653701828445
1,7,2030,0,wind_onshore,0.17920132507668143
1,8,2030,0,wind_onshore,0.17133059206934623
1,9,2030,0,wind_onshore,0.1666196990675003
1,10,2030,0,wind_onshore,0.1685503659871218
1,11,2030,0,wind_onshore,0.1702617310103602
1,12,2030,0,wind_onshore,0.18881021997954683
1,13,2030,0,wind_onshore,0.2094269284706499
1,14,2030,0,wind_onshore,0.23038358448607987
1,15,2030,0,wind_onshore,0.2472906821285586
1,16,2030,0,wind_onshore,0.25732099391010255
1,17,2030,0,wind_onshore,0.2607481805260799
1,18,2030,0,wind_onshore,0.2631064278980074
1,19,2030,0,wind_onshore,0.26407510812755014
1,20,2030,0,wind_onshore,0.2674265862027039
1,21,2030,0,wind_onshore,0.27059420742508017
1,22,2030,0,wind_onshore,0.2646847556352466
1,23,2030,0,wind_onshore,0.2505264245062608
1,24,2030,0,wind_onshore,0.24324351514209752
2,1,2030,0,demand,0.508892450647634
2,2,2030,0,demand,0.494598255448586
2,3,2030,0,demand,0.483988163474049
2,4,2030,0,demand,0.47148382768242075
2,5,2030,0,demand,0.47239397960155416
2,6,2030,0,demand,0.4860979630360294
2,7,2030,0,demand,0.5151348188650626
2,8,2030,0,demand,0.5529292221365275
2,9,2030,0,demand,0.5866598604998967
2,10,2030,0,demand,0.6115691917588671
2,11,2030,0,demand,0.6223739230589874
2,12,2030,0,demand,0.6242331304397462
2,13,2030,0,demand,0.6196697934161742
2,14,2030,0,demand,0.6105947233042951
2,15,2030,0,demand,0.5965228041507913
2,16,2030,0,demand,0.5892556000357164
2,17,2030,0,demand,0.5882266488423545
2,18,2030,0,demand,0.600054226706537
2,19,2030,0,demand,0.6256303735759614
2,20,2030,0,demand,0.6465787986364413
2,21,2030,0,demand,0.6478572117703647
2,22,2030,0,demand,0.6147005229608845
2,23,2030,0,demand,0.5668070964986518
2,24,2030,0,demand,0.5473492795490514
2,1,2030,0,solar,0.0
2,2,2030,0,solar,0.0
2,3,2030,0,solar,0.0
2,4,2030,0,solar,0.0
2,5,2030,0,solar,0.0
2,6,2030,0,solar,0.0
2,7,2030,0,solar,0.00036103747353994237
2,8,2030,0,solar,0.013227063741772144
2,9,2030,0,solar,0.08711573838004484
2,10,2030,0,solar,0.20186018160527527
2,11,2030,0,solar,0.303521994285705
2,12,2030,0,solar,0.37607115533465
2,13,2030,0,solar,0.4109351213935724
2,14,2030,0,solar,0.40798963410482264
2,15,2030,0,solar,0.362676091736615
2,16,2030,0,solar,0.28128721271231244
2,17,2030,0,solar,0.1709501342720446
2,18,2030,0,solar,0.05586034303658853
2,19,2030,0,solar,0.003993366044939423
2,20,2030,0,solar,0.0
2,21,2030,0,solar,0.0
2,22,2030,0,solar,0.0
2,23,2030,0,solar,0.0
2,24,2030,0,solar,0.0
2,1,2030,0,wind_offshore,0.8376358137841886
2,2,2030,0,wind_offshore,0.8482354092671102
2,3,2030,0,wind_offshore,0.852526726443857
2,4,2030,0,wind_offshore,0.8599143073274413
2,5,2030,0,wind_offshore,0.863124639837409
2,6,2030,0,wind_offshore,0.860128183554982
2,7,2030,0,wind_offshore,0.8617582691446238
2,8,2030,0,wind_offshore,0.8640014167752612
2,9,2030,0,wind_offshore,0.872667159053569
2,10,2030,0,wind_offshore,0.884230157289603
2,11,2030,0,wind_offshore,0.8846549192847691
2,12,2030,0,wind_offshore,0.8877114685246685
2,13,2030,0,wind_offshore,0.8908753572131325
2,14,2030,0,wind_offshore,0.8954947848744201
2,15,2030,0,wind_offshore,0.8957273745028038
2,16,2030,0,wind_offshore,0.9006694391457282
2,17,2030,0,wind_offshore,0.9052605541869012
2,18,2030,0,wind_offshore,0.9077805569238246
2,19,2030,0,wind_offshore,0.9121110153742191
2,20,2030,0,wind_offshore,0.9133462257877237
2,21,2030,0,wind_offshore,0.9116109655041804
2,22,2030,0,wind_offshore,0.9080914812345202
2,23,2030,0,wind_offshore,0.9008595884757914
2,24,2030,0,wind_offshore,0.8994566442514319
2,1,2030,0,wind_onshore,0.5526028644617853
2,2,2030,0,wind_onshore,0.5545468416622257
2,3,2030,0,wind_onshore,0.5518002696278098
2,4,2030,0,wind_onshore,0.5490147329006948
2,5,2030,0,wind_onshore,0.5495055708642652
2,6,2030,0,wind_onshore,0.5486578632178677
2,7,2030,0,wind_onshore,0.5477505184626001
2,8,2030,0,wind_onshore,0.5481120803188776
2,9,2030,0,wind_onshore,0.5510314607469973
2,10,2030,0,wind_onshore,0.5567002753173761
2,11,2030,0,wind_onshore,0.5685766843298773
2,12,2030,0,wind_onshore,0.5955452668241629
2,13,2030,0,wind_onshore,0.616903151448371
2,14,2030,0,wind_onshore,0.6335739402262952
2,15,2030,0,wind_onshore,0.6427055048323665
2,16,2030,0,wind_onshore,0.6386333940938885
2,17,2030,0,wind_onshore,0.623378929234939
2,18,2030,0,wind_onshore,0.603190185631939
2,19,2030,0,wind_onshore,0.5930533327685541
2,20,2030,0,wind_onshore,0.5889147534283083
2,21,2030,0,wind_onshore,0.5886172500228433
2,22,2030,0,wind_onshore,0.5837881204276189
2,23,2030,0,wind_onshore,0.5781371085533051
2,24,2030,0,wind_onshore,0.5764034428609396
3,1,2030,0,demand,0.4998394308122571
3,2,2030,0,demand,0.48997413657837247
3,3,2030,0,demand,0.48358994498649993
3,4,2030,0,demand,0.47426360783336396
3,5,2030,0,demand,0.4781224046467729
3,6,2030,0,demand,0.4950660065828787
3,7,2030,0,demand,0.5231446544234153
3,8,2030,0,demand,0.5575799031288564
3,9,2030,0,demand,0.5899017753544381
3,10,2030,0,demand,0.6112942840763094
3,11,2030,0,demand,0.6193175069656881
3,12,2030,0,demand,0.6195283016404057
3,13,2030,0,demand,0.6132623423274189
3,14,2030,0,demand,0.6008851971694377
3,15,2030,0,demand,0.5864247670069532
3,16,2030,0,demand,0.5803723871927967
3,17,2030,0,demand,0.5812256631836191
3,18,2030,0,demand,0.5894187304211004
3,19,2030,0,demand,0.6084253196857295
3,20,2030,0,demand,0.6255862903812641
3,21,2030,0,demand,0.6220880189111585
3,22,2030,0,demand,0.5885115574925609
3,23,2030,0,demand,0.5449027292794851
3,24,2030,0,demand,0.5323142683407284
3,1,2030,0,solar,0.0
3,2,2030,0,solar,0.0
3,3,2030,0,solar,0.0
3,4,2030,0,solar,0.0
3,5,2030,0,solar,0.0
3,6,2030,0,solar,7.397868711366057e-5
3,7,2030,0,solar,0.010034937925676137
3,8,2030,0,solar,0.07859917315911706
3,9,2030,0,solar,0.21390964313899097
3,10,2030,0,solar,0.3700721213185154
3,11,2030,0,solar,0.48861187988406746
3,12,2030,0,solar,0.5676152853375055
3,13,2030,0,solar,0.5908636563989202
3,14,2030,0,solar,0.5741546282916441
3,15,2030,0,solar,0.5116829520990647
3,16,2030,0,solar,0.40966443750701714
3,17,2030,0,solar,0.270763368096862
3,18,2030,0,solar,0.1202019672436007
3,19,2030,0,solar,0.03078521436923976
3,20,2030,0,solar,0.0008502767935741957
3,21,2030,0,solar,0.0
3,22,2030,0,solar,0.0
3,23,2030,0,solar,0.0
3,24,2030,0,solar,0.0
3,1,2030,0,wind_offshore,0.23477497397654304
3,2,2030,0,wind_offshore,0.218824093704899
3,3,2030,0,wind_offshore,0.19347644897114372
3,4,2030,0,wind_offshore,0.1792569724887971
3,5,2030,0,wind_offshore,0.16948978362989087
3,6,2030,0,wind_offshore,0.16643875637697816
3,7,2030,0,wind_offshore,0.16698165389522324
3,8,2030,0,wind_offshore,0.1747095831803297
3,9,2030,0,wind_offshore,0.1795465419796682
3,10,2030,0,wind_offshore,0.1769125085693439
3,11,2030,0,wind_offshore,0.1494168251984473
3,12,2030,0,wind_offshore,0.13914559723960637
3,13,2030,0,wind_offshore,0.1304463968710823
3,14,2030,0,wind_offshore,0.13433299160056708
3,15,2030,0,wind_offshore,0.15197152294566582
3,16,2030,0,wind_offshore,0.1747762794005183
3,17,2030,0,wind_offshore,0.1956349407075539
3,18,2030,0,wind_offshore,0.21776262704891078
3,19,2030,0,wind_offshore,0.2565760801197784
3,20,2030,0,wind_offshore,0.312761240980344
3,21,2030,0,wind_offshore,0.3585344318969099
3,22,2030,0,wind_offshore,0.40328416126191274
3,23,2030,0,wind_offshore,0.41099446110113885
3,24,2030,0,wind_offshore,0.4245183145228793
3,1,2030,0,wind_onshore,0.3760446850649168
3,2,2030,0,wind_onshore,0.3717383207557099
3,3,2030,0,wind_onshore,0.36468416623278216
3,4,2030,0,wind_onshore,0.3579255832633707
3,5,2030,0,wind_onshore,0.3560753848423101
3,6,2030,0,wind_onshore,0.35208444585568005
3,7,2030,0,wind_onshore,0.34573284061536197
3,8,2030,0,wind_onshore,0.34035644479955235
3,9,2030,0,wind_onshore,0.3406428769154613
3,10,2030,0,wind_onshore,0.34174960660897974
3,11,2030,0,wind_onshore,0.3347034091221985
3,12,2030,0,wind_onshore,0.3551508378472064
3,13,2030,0,wind_onshore,0.37080019736519465
3,14,2030,0,wind_onshore,0.38231127225443723
3,15,2030,0,wind_onshore,0.38999905454780737
3,16,2030,0,wind_onshore,0.39706979114088164
3,17,2030,0,wind_onshore,0.3941071279016719
3,18,2030,0,wind_onshore,0.3916514274215304
3,19,2030,0,wind_onshore,0.3870916654524057
3,20,2030,0,wind_onshore,0.3773357597249925
3,21,2030,0,wind_onshore,0.3669824936061636
3,22,2030,0,wind_onshore,0.34980361869790294
3,23,2030,0,wind_onshore,0.32713764966636677
3,24,2030,0,wind_onshore,0.3234777461363295
4,1,2030,0,demand,0.5071755337669384
4,2,2030,0,demand,0.4975800868469397
4,3,2030,0,demand,0.48860668879817204
4,4,2030,0,demand,0.479269187487603
4,5,2030,0,demand,0.48401307020840784
4,6,2030,0,demand,0.49981175806855294
4,7,2030,0,demand,0.5313815420081811
4,8,2030,0,demand,0.5696301153350056
4,9,2030,0,demand,0.602065966252267
4,10,2030,0,demand,0.6232503240078813
4,11,2030,0,demand,0.6322299433770783
4,12,2030,0,demand,0.6338395707159691
4,13,2030,0,demand,0.6292930756898092
4,14,2030,0,demand,0.6156667180382652
4,15,2030,0,demand,0.6033473734360172
4,16,2030,0,demand,0.5991209956120374
4,17,2030,0,demand,0.597692369042461
4,18,2030,0,demand,0.6093387296061702
4,19,2030,0,demand,0.629689562991451
4,20,2030,0,demand,0.6448063619747313
4,21,2030,0,demand,0.6418059871168094
4,22,2030,0,demand,0.6078983141034259
4,23,2030,0,demand,0.5629675956249665
4,24,2030,0,demand,0.5484477752008099
4,1,2030,0,solar,0.0
4,2,2030,0,solar,0.0
4,3,2030,0,solar,0.0
4,4,2030,0,solar,0.0
4,5,2030,0,solar,0.0
4,6,2030,0,solar,2.9766188313222833e-5
4,7,2030,0,solar,0.0071401820374253884
4,8,2030,0,solar,0.054563571158494265
4,9,2030,0,solar,0.17375943237042657
4,10,2030,0,solar,0.321013373990409
4,11,2030,0,solar,0.44106655669467787
4,12,2030,0,solar,0.5212152146844325
4,13,2030,0,solar,0.5457372988901468
4,14,2030,0,solar,0.524359309447128
4,15,2030,0,solar,0.4587560917985018
4,16,2030,0,solar,0.3551808194213585
4,17,2030,0,solar,0.21999684820121593
4,18,2030,0,solar,0.08344261568278753
4,19,2030,0,solar,0.018602712171950885
4,20,2030,0,solar,0.000347528949137863
4,21,2030,0,solar,0.0
4,22,2030,0,solar,0.0
4,23,2030,0,solar,0.0
4,24,2030,0,solar,0.0
4,1,2030,0,wind_offshore,0.8070597979305052
4,2,2030,0,wind_offshore,0.8342072054281207
4,3,2030,0,wind_offshore,0.8567589454275942
4,4,2030,0,wind_offshore,0.8711160501337989
4,5,2030,0,wind_offshore,0.8740280614197633
4,6,2030,0,wind_offshore,0.8688617284803216
4,7,2030,0,wind_offshore,0.8515783860346833
4,8,2030,0,wind_offshore,0.8206454326913095
4,9,2030,0,wind_offshore,0.7810516318134828
4,10,2030,0,wind_offshore,0.7361284960001607
4,11,2030,0,wind_offshore,0.6712723923558447
4,12,2030,0,wind_offshore,0.630094483273139
4,13,2030,0,wind_offshore,0.6044789714869903
4,14,2030,0,wind_offshore,0.5915287514955142
4,15,2030,0,wind_offshore,0.5696773002797199
4,16,2030,0,wind_offshore,0.5369274081739417
4,17,2030,0,wind_offshore,0.5130555651364488
4,18,2030,0,wind_offshore,0.48637913662515986
4,19,2030,0,wind_offshore,0.4587307302618094
4,20,2030,0,wind_offshore,0.4303532572351507
4,21,2030,0,wind_offshore,0.39386662313309423
4,22,2030,0,wind_offshore,0.34652235827145234
4,23,2030,0,wind_offshore,0.31759727930298937
4,24,2030,0,wind_offshore,0.3074275401789038
4,1,2030,0,wind_onshore,0.36298762671329743
4,2,2030,0,wind_onshore,0.36506237679354175
4,3,2030,0,wind_onshore,0.3660822921392541
4,4,2030,0,wind_onshore,0.37092370330421337
4,5,2030,0,wind_onshore,0.3736398489679663
4,6,2030,0,wind_onshore,0.37867118763542246
4,7,2030,0,wind_onshore,0.38232997743884184
4,8,2030,0,wind_onshore,0.3791987269380461
4,9,2030,0,wind_onshore,0.3849181589375236
4,10,2030,0,wind_onshore,0.3851391787306603
4,11,2030,0,wind_onshore,0.38427471246351375
4,12,2030,0,wind_onshore,0.40853232080222124
4,13,2030,0,wind_onshore,0.4285046972070929
4,14,2030,0,wind_onshore,0.43928602822802426
4,15,2030,0,wind_onshore,0.44094444947824113
4,16,2030,0,wind_onshore,0.4302271419628961
4,17,2030,0,wind_onshore,0.4056111715021241
4,18,2030,0,wind_onshore,0.3816128008721585
4,19,2030,0,wind_onshore,0.3643357209592359
4,20,2030,0,wind_onshore,0.3477449732427146
4,21,2030,0,wind_onshore,0.3357506755734881
4,22,2030,0,wind_onshore,0.319026826452832
4,23,2030,0,wind_onshore,0.30799388064528044
4,24,2030,0,wind_onshore,0.29837577452828384
5,1,2030,0,demand,0.5098594953263704
5,2,2030,0,demand,0.5004145486058565
5,3,2030,0,demand,0.49103338636532906
5,4,2030,0,demand,0.48222069079031943
5,5,2030,0,demand,0.48742510129397654
5,6,2030,0,demand,0.5030589257875392
5,7,2030,0,demand,0.5268113853150784
5,8,2030,0,demand,0.5607158080486001
5,9,2030,0,demand,0.5963409858937302
5,10,2030,0,demand,0.6211880139073549
5,11,2030,0,demand,0.636806328161724
5,12,2030,0,demand,0.6438066545157026
5,13,2030,0,demand,0.6404297153121625
5,14,2030,0,demand,0.6304287480646967
5,15,2030,0,demand,0.6221071248877412
5,16,2030,0,demand,0.6176802102396943
5,17,2030,0,demand,0.6169515117117161
5,18,2030,0,demand,0.6181704606499954
5,19,2030,0,demand,0.627319205711868
5,20,2030,0,demand,0.6369393562720168
5,21,2030,0,demand,0.6323685512672713
5,22,2030,0,demand,0.598402160841085
5,23,2030,0,demand,0.5569379155871567
5,24,2030,0,demand,0.5450061570933935
5,1,2030,0,solar,0.0
5,2,2030,0,solar,0.0
5,3,2030,0,solar,0.0
5,4,2030,0,solar,0.0
5,5,2030,0,solar,0.0
5,6,2030,0,solar,0.000125175480198703
5,7,2030,0,solar,0.012374758774847278
5,8,2030,0,solar,0.09977652859404085
5,9,2030,0,solar,0.2678736387609732
5,10,2030,0,solar,0.4396225840226226
5,11,2030,0,solar,0.5607789752780179
5,12,2030,0,solar,0.6408195717405719
5,13,2030,0,solar,0.6699233695117793
5,14,2030,0,solar,0.6548157813573632
5,15,2030,0,solar,0.5888500064789638
5,16,2030,0,solar,0.4808546945567775
5,17,2030,0,solar,0.3318938597809489
5,18,2030,0,solar,0.16636887802236008
5,19,2030,0,solar,0.04151984884744548
5,20,2030,0,solar,0.002053424489454219
5,21,2030,0,solar,0.0
5,22,2030,0,solar,0.0
5,23,2030,0,solar,0.0
5,24,2030,0,solar,0.0
5,1,2030,0,wind_offshore,0.8069069196894283
5,2,2030,0,wind_offshore,0.8241456447452414
5,3,2030,0,wind_offshore,0.8408457657842977
5,4,2030,0,wind_offshore,0.8594314829021221
5,5,2030,0,wind_offshore,0.869894479989523
5,6,2030,0,wind_offshore,0.8773598994406187
5,7,2030,0,wind_offshore,0.8826774406299137
5,8,2030,0,wind_offshore,0.8912827274143112
5,9,2030,0,wind_offshore,0.8980580306122239
5,10,2030,0,wind_offshore,0.9059995210757229
5,11,2030,0,wind_offshore,0.909627059897037
5,12,2030,0,wind_offshore,0.9044190133008555
5,13,2030,0,wind_offshore,0.9021516962919347
5,14,2030,0,wind_offshore,0.9041298297477408
5,15,2030,0,wind_offshore,0.9048538159605737
5,16,2030,0,wind_offshore,0.9044202400432262
5,17,2030,0,wind_offshore,0.9077016577926256
5,18,2030,0,wind_offshore,0.9103686779241896
5,19,2030,0,wind_offshore,0.9021615492388608
5,20,2030,0,wind_offshore,0.8931802788434741
5,21,2030,0,wind_offshore,0.8860877162895339
5,22,2030,0,wind_offshore,0.8790211047653753
5,23,2030,0,wind_offshore,0.8555041005291905
5,24,2030,0,wind_offshore,0.8351030483380331
5,1,2030,0,wind_onshore,0.24643323709397888
5,2,2030,0,wind_onshore,0.2360843458172142
5,3,2030,0,wind_onshore,0.225194343959731
5,4,2030,0,wind_onshore,0.21672775014236179
5,5,2030,0,wind_onshore,0.209580143885693
5,6,2030,0,wind_onshore,0.20503453426901697
5,7,2030,0,wind_onshore,0.2014648610477102
5,8,2030,0,wind_onshore,0.19384038873278506
5,9,2030,0,wind_onshore,0.18713567071603787
5,10,2030,0,wind_onshore,0.1893851449287722
5,11,2030,0,wind_onshore,0.18704740503648634
5,12,2030,0,wind_onshore,0.20044429772694744
5,13,2030,0,wind_onshore,0.21625474208559436
5,14,2030,0,wind_onshore,0.23165507495900162
5,15,2030,0,wind_onshore,0.24814668910771773
5,16,2030,0,wind_onshore,0.2645736671640409
5,17,2030,0,wind_onshore,0.2790270711455969
5,18,2030,0,wind_onshore,0.2949510814316985
5,19,2030,0,wind_onshore,0.31099352698205385
5,20,2030,0,wind_onshore,0.32648903727254264
5,21,2030,0,wind_onshore,0.3322839810036175
5,22,2030,0,wind_onshore,0.32365689598425645
5,23,2030,0,wind_onshore,0.2984892463770699
5,24,2030,0,wind_onshore,0.29009207821817007
6,1,2030,0,demand,0.5184199937395834
6,2,2030,0,demand,0.5105609985569485
6,3,2030,0,demand,0.5003345967243579
6,4,2030,0,demand,0.49076259260136873
6,5,2030,0,demand,0.4968314308526573
6,6,2030,0,demand,0.5099523256727337
6,7,2030,0,demand,0.5294868049898348
6,8,2030,0,demand,0.5613165229015209
6,9,2030,0,demand,0.5966973106786182
6,10,2030,0,demand,0.6244964258019157
6,11,2030,0,demand,0.6441174938572773
6,12,2030,0,demand,0.6566821060504747
6,13,2030,0,demand,0.6579640225961378
6,14,2030,0,demand,0.6501535425647598
6,15,2030,0,demand,0.6435842552673194
6,16,2030,0,demand,0.6401819289288077
6,17,2030,0,demand,0.638521504060683
6,18,2030,0,demand,0.6390401806476921
6,19,2030,0,demand,0.642214585698888
6,20,2030,0,demand,0.6457466338161714
6,21,2030,0,demand,0.6394376666626834
6,22,2030,0,demand,0.6054156797503092
6,23,2030,0,demand,0.5639297787273932
6,24,2030,0,demand,0.5531107530268039
6,1,2030,0,solar,0.0
6,2,2030,0,solar,0.0
6,3,2030,0,solar,0.0
6,4,2030,0,solar,0.0
6,5,2030,0,solar,0.0
6,6,2030,0,solar,8.200834922832863e-5
6,7,2030,0,solar,0.016435587110112827
6,8,2030,0,solar,0.12602627080561257
6,9,2030,0,solar,0.29931985264436567
6,10,2030,0,solar,0.4665776301317825
6,11,2030,0,solar,0.5781923062097166
6,12,2030,0,solar,0.6505109156649297
6,13,2030,0,solar,0.6757031838755717
6,14,2030,0,solar,0.6582441251561487
6,15,2030,0,solar,0.5958567161975435
6,16,2030,0,solar,0.4936283488004683
6,17,2030,0,solar,0.35226765710649516
6,18,2030,0,solar,0.1887838680571182
6,19,2030,0,solar,0.05625447668985297
6,20,2030,0,solar,0.0023188384838613635
6,21,2030,0,solar,0.0
6,22,2030,0,solar,0.0
6,23,2030,0,solar,0.0
6,24,2030,0,solar,0.0
6,1,2030,0,wind_offshore,0.14074273115882652
6,2,2030,0,wind_offshore,0.13603224291605595
6,3,2030,0,wind_offshore,0.13163490884271098
6,4,2030,0,wind_offshore,0.12818880930172752
6,5,2030,0,wind_offshore,0.12293763065405154
6,6,2030,0,wind_offshore,0.11413047255265829
6,7,2030,0,wind_offshore,0.11168430494168226
6,8,2030,0,wind_offshore,0.11014673797334892
6,9,2030,0,wind_offshore,0.11230771212917016
6,10,2030,0,wind_offshore,0.11682573455907326
6,11,2030,0,wind_offshore,0.11293597866040395
6,12,2030,0,wind_offshore,0.11141736975217507
6,13,2030,0,wind_offshore,0.1152209642235633
6,14,2030,0,wind_offshore,0.1203807485356109
6,15,2030,0,wind_offshore,0.1245885526542447
6,16,2030,0,wind_offshore,0.1313150175652372
6,17,2030,0,wind_offshore,0.1436396940138955
6,18,2030,0,wind_offshore,0.15614881150397536
6,19,2030,0,wind_offshore,0.16257338424181392
6,20,2030,0,wind_offshore,0.16715529308231775
6,21,2030,0,wind_offshore,0.17189967893616914
6,22,2030,0,wind_offshore,0.1802401188732328
6,23,2030,0,wind_offshore,0.1541117226698675
6,24,2030,0,wind_offshore,0.1623744429223765
6,1,2030,0,wind_onshore,0.15249411616389028
6,2,2030,0,wind_onshore,0.1410829235054557
6,3,2030,0,wind_onshore,0.13185829951544698
6,4,2030,0,wind_onshore,0.1238068579739189
6,5,2030,0,wind_onshore,0.11699463133116694
6,6,2030,0,wind_onshore,0.11167729279926038
6,7,2030,0,wind_onshore,0.10621507697128708
6,8,2030,0,wind_onshore,0.09514058461606795
6,9,2030,0,wind_onshore,0.0879268899997681
6,10,2030,0,wind_onshore,0.09002713924768409
6,11,2030,0,wind_onshore,0.08780533199422307
6,12,2030,0,wind_onshore,0.0973523370642111
6,13,2030,0,wind_onshore,0.10958481617602454
6,14,2030,0,wind_onshore,0.12314554162567264
6,15,2030,0,wind_onshore,0.1392006614567871
6,16,2030,0,wind_onshore,0.15434227389677058
6,17,2030,0,wind_onshore,0.16882656992848374
6,18,2030,0,wind_onshore,0.18355635025122774
6,19,2030,0,wind_onshore,0.1919408895140499
6,20,2030,0,wind_onshore,0.19565829784921274
6,21,2030,0,wind_onshore,0.20011804881477538
6,22,2030,0,wind_onshore,0.19281002075646902
6,23,2030,0,wind_onshore,0.17239432210381053
6,24,2030,0,wind_onshore,0.1640570056791409
7,1,2030,0,demand,0.4985445215590216
7,2,2030,0,demand,0.4895289845182377
7,3,2030,0,demand,0.4816150077937064
7,4,2030,0,demand,0.47232506315345735
7,5,2030,0,demand,0.4776164652937481
7,6,2030,0,demand,0.49460688365901423
7,7,2030,0,demand,0.5225564005647017
7,8,2030,0,demand,0.558198403603224
7,9,2030,0,demand,0.5898415578226328
7,10,2030,0,demand,0.6104193820562006
7,11,2030,0,demand,0.6214295883126827
7,12,2030,0,demand,0.6248110848880113
7,13,2030,0,demand,0.619887094631357
7,14,2030,0,demand,0.6109591151089035
7,15,2030,0,demand,0.6015125952786589
7,16,2030,0,demand,0.596800612238037
7,17,2030,0,demand,0.5959934444126552
7,18,2030,0,demand,0.6004872905149323
7,19,2030,0,demand,0.614988601184079
7,20,2030,0,demand,0.6256018865574918
7,21,2030,0,demand,0.6200707574762201
7,22,2030,0,demand,0.5858350249146087
7,23,2030,0,demand,0.5447979726861792
7,24,2030,0,demand,0.5344455049190463
7,1,2030,0,solar,0.0
7,2,2030,0,solar,0.0
7,3,2030,0,solar,0.0
7,4,2030,0,solar,0.0
7,5,2030,0,solar,0.0
7,6,2030,0,solar,6.063249404031043e-5
7,7,2030,0,solar,0.009985059478387489
7,8,2030,0,solar,0.08529160991728271
7,9,2030,0,solar,0.24309324482016725
7,10,2030,0,solar,0.4060527823683761
7,11,2030,0,solar,0.5200341241392866
7,12,2030,0,solar,0.5922607399511672
7,13,2030,0,solar,0.6179936574067678
7,14,2030,0,solar,0.5973834925103099
7,15,2030,0,solar,0.5297986576129222
7,16,2030,0,solar,0.42517107083585715
7,17,2030,0,solar,0.2863697835614463
7,18,2030,0,solar,0.13704539105511748
7,19,2030,0,solar,0.0329334805009229
7,20,2030,0,solar,0.0012642055537546988
7,21,2030,0,solar,0.0
7,22,2030,0,solar,0.0
7,23,2030,0,solar,0.0
7,24,2030,0,solar,0.0
7,1,2030,0,wind_offshore,0.7014547739957985
7,2,2030,0,wind_offshore,0.7082356237109074
7,3,2030,0,wind_offshore,0.7080292110291558
7,4,2030,0,wind_offshore,0.7001678116785375
7,5,2030,0,wind_offshore,0.6751798148664739
7,6,2030,0,wind_offshore,0.6352684504825578
7,7,2030,0,wind_offshore,0.5903485229385649
7,8,2030,0,wind_offshore,0.5408776367581156
7,9,2030,0,wind_offshore,0.4884547665153393
7,10,2030,0,wind_offshore,0.432451295412113
7,11,2030,0,wind_offshore,0.3727440068547595
7,12,2030,0,wind_offshore,0.3347617551760601
7,13,2030,0,wind_offshore,0.30023445996430287
7,14,2030,0,wind_offshore,0.2761005294763558
7,15,2030,0,wind_offshore,0.25111371430928114
7,16,2030,0,wind_offshore,0.23628604142584245
7,17,2030,0,wind_offshore,0.22577958520193533
7,18,2030,0,wind_offshore,0.2133660882576026
7,19,2030,0,wind_offshore,0.20616035890955084
7,20,2030,0,wind_offshore,0.19471425839801143
7,21,2030,0,wind_offshore,0.17998020542051396
7,22,2030,0,wind_offshore,0.18082460973457581
7,23,2030,0,wind_offshore,0.1813600163384323
7,24,2030,0,wind_offshore,0.19020846185178153
7,1,2030,0,wind_onshore,0.25045049027737104
7,2,2030,0,wind_onshore,0.24321624284684587
7,3,2030,0,wind_onshore,0.2358541503737895
7,4,2030,0,wind_onshore,0.22798756600880296
7,5,2030,0,wind_onshore,0.22146076939675985
7,6,2030,0,wind_onshore,0.21448780534427514
7,7,2030,0,wind_onshore,0.20891710129458024
7,8,2030,0,wind_onshore,0.20113462884639477
7,9,2030,0,wind_onshore,0.19454195526372825
7,10,2030,0,wind_onshore,0.1990617394214654
7,11,2030,0,wind_onshore,0.20035624496743396
7,12,2030,0,wind_onshore,0.2150734008072712
7,13,2030,0,wind_onshore,0.23129683436615203
7,14,2030,0,wind_onshore,0.24705155309886082
7,15,2030,0,wind_onshore,0.2640074606717128
7,16,2030,0,wind_onshore,0.2754337919622193
7,17,2030,0,wind_onshore,0.27996174117239225
7,18,2030,0,wind_onshore,0.2777914449423501
7,19,2030,0,wind_onshore,0.269541644940596
7,20,2030,0,wind_onshore,0.26272812110858335
7,21,2030,0,wind_onshore,0.25669430274049826
7,22,2030,0,wind_onshore,0.24544020925080212
7,23,2030,0,wind_onshore,0.2233495208360747
7,24,2030,0,wind_onshore,0.2179271149072146
8,1,2030,0,demand,0.6677484581613845
8,2,2030,0,demand,0.6581646945365703
8,3,2030,0,demand,0.643538217849104
8,4,2030,0,demand,0.6263593513073741
8,5,2030,0,demand,0.6349159005743877
8,6,2030,0,demand,0.655643217172979
8,7,2030,0,demand,0.6796372627079509
8,8,2030,0,demand,0.7086027492187663
8,9,2030,0,demand,0.7775230926247526
8,10,2030,0,demand,0.8510642578871402
8,11,2030,0,demand,0.9087743122517482
8,12,2030,0,demand,0.9625817477528729
8,13,2030,0,demand,0.9890489058170951
8,14,2030,0,demand,0.9971091176317327
8,15,2030,0,demand,0.9896965118711413
8,16,2030,0,demand,0.9856687973261885
8,17,2030,0,demand,0.9884073979991982
8,18,2030,0,demand,0.9477314611932
8,19,2030,0,demand,0.9144897487965014
8,20,2030,0,demand,0.890302005808165
8,21,2030,0,demand,0.8802116533030865
8,22,2030,0,demand,0.8227194466060201
8,23,2030,0,demand,0.7565184232166979
8,24,2030,0,demand,0.7294834878393592
8,1,2030,0,solar,0.0
8,2,2030,0,solar,0.0
8,3,2030,0,solar,0.0
8,4,2030,0,solar,0.0
8,5,2030,0,solar,0.0
8,6,2030,0,solar,0.0
8,7,2030,0,solar,0.0
8,8,2030,0,solar,0.0
8,9,2030,0,solar,0.0032888203567250436
8,10,2030,0,solar,0.03762830014030521
8,11,2030,0,solar,0.07370919837115651
8,12,2030,0,solar,0.07489619422224987
8,13,2030,0,solar,0.07573145171277765
8,14,2030,0,solar,0.0966533019667193
8,15,2030,0,solar,0.06451251756399587
8,16,2030,0,solar,0.03639029939650725
8,17,2030,0,solar,0.009474381090725821
8,18,2030,0,solar,0.0
8,19,2030,0,solar,0.0
8,20,2030,0,solar,0.0
8,21,2030,0,solar,0.0
8,22,2030,0,solar,0.0
8,23,2030,0,solar,0.0
8,24,2030,0,solar,0.0
8,1,2030,0,wind_offshore,0.0
8,2,2030,0,wind_offshore,0.0
8,3,2030,0,wind_offshore,0.0
8,4,2030,0,wind_offshore,0.0
8,5,2030,0,wind_offshore,0.0
8,6,2030,0,wind_offshore,0.0
8,7,2030,0,wind_offshore,0.0
8,8,2030,0,wind_offshore,0.0
8,9,2030,0,wind_offshore,0.0
8,10,2030,0,wind_offshore,0.0
8,11,2030,0,wind_offshore,0.0
8,12,2030,0,wind_offshore,0.0
8,13,2030,0,wind_offshore,0.0
8,14,2030,0,wind_offshore,0.0
8,15,2030,0,wind_offshore,0.0
8,16,2030,0,wind_offshore,1.6552644266351477e-5
8,17,2030,0,wind_offshore,0.0
8,18,2030,0,wind_offshore,0.0
8,19,2030,0,wind_offshore,0.0
8,20,2030,0,wind_offshore,0.0
8,21,2030,0,wind_offshore,0.0
8,22,2030,0,wind_offshore,0.0
8,23,2030,0,wind_offshore,0.0
8,24,2030,0,wind_offshore,0.0
8,1,2030,0,wind_onshore,0.027654144771908012
8,2,2030,0,wind_onshore,0.022624704685160667
8,3,2030,0,wind_onshore,0.020097935250908805
8,4,2030,0,wind_onshore,0.01720749301359324
8,5,2030,0,wind_onshore,0.015420473423553276
8,6,2030,0,wind_onshore,0.015505625453167794
8,7,2030,0,wind_onshore,0.017331077762931166
8,8,2030,0,wind_onshore,0.008299518525254347
8,9,2030,0,wind_onshore,0.0071891663350475265
8,10,2030,0,wind_onshore,0.008150695516879476
8,11,2030,0,wind_onshore,0.008622496460125867
8,12,2030,0,wind_onshore,0.01358326492030123
8,13,2030,0,wind_onshore,0.025245331053177236
8,14,2030,0,wind_onshore,0.02316038898401464
8,15,2030,0,wind_onshore,0.023240955315831716
8,16,2030,0,wind_onshore,0.01691622898445373
8,17,2030,0,wind_onshore,0.017154088288214762
8,18,2030,0,wind_onshore,0.022663902280626598
8,19,2030,0,wind_onshore,0.02021125744209439
8,20,2030,0,wind_onshore,0.01790222243842207
8,21,2030,0,wind_onshore,0.016111556891869327
8,22,2030,0,wind_onshore,0.016737361736550476
8,23,2030,0,wind_onshore,0.029688555673315273
8,24,2030,0,wind_onshore,0.031932860467355356
9,1,2030,1,demand,0.49979786161071044
9,2,2030,1,demand,0.4898545123005073
9,3,2030,1,demand,0.48215815501051934
9,4,2030,1,demand,0.4738454660334966
9,5,2030,1,demand,0.4787146508087721
9,6,2030,1,demand,0.4914484798553575
9,7,2030,1,demand,0.5163854924900478
9,8,2030,1,demand,0.5476841219352928
9,9,2030,1,demand,0.5791890750426074
9,10,2030,1,demand,0.6017513300648865
9,11,2030,1,demand,0.6135934664198878
9,12,2030,1,demand,0.6159080682454681
9,13,2030,1,demand,0.6129885362896355
9,14,2030,1,demand,0.6007916183731442
9,15,2030,1,demand,0.590295427946795
9,16,2030,1,demand,0.584973709071886
9,17,2030,1,demand,0.5842072684597156
9,18,2030,1,demand,0.5897811246507482
9,19,2030,1,demand,0.6016924800160055
9,20,2030,1,demand,0.6139178885899232
9,21,2030,1,demand,0.6105865410980876
9,22,2030,1,demand,0.5780776485003482
9,23,2030,1,demand,0.5397429778698363
9,24,2030,1,demand,0.5293380758115954
9,1,2030,1,solar,0.0
9,2,2030,1,solar,0.0
9,3,2030,1,solar,0.0
9,4,2030,1,solar,0.0
9,5,2030,1,solar,0.0
9,6,2030,1,solar,4.522440350756686e-5
9,7,2030,1,solar,0.010468914735567497
9,8,2030,1,solar,0.09444354368867483
9,9,2030,1,solar,0.2608577168687127
9,10,2030,1,solar,0.42864183681601836
9,11,2030,1,solar,0.5443511767088483
9,12,2030,1,solar,0.6195076090475463
9,13,2030,1,solar,0.6412371303761484
9,14,2030,1,solar,0.6190449927414662
9,15,2030,1,solar,0.5488124000392649
9,16,2030,1,solar,0.4411585314551058
9,17,2030,1,solar,0.2966587436031507
9,18,2030,1,solar,0.1421893704755455
9,19,2030,1,solar,0.03548566606518461
9,20,2030,1,solar,0.0012064342557156812
9,21,2030,1,solar,0.0
9,22,2030,1,solar,0.0
9,23,2030,1,solar,0.0
9,24,2030,1,solar,0.0
9,1,2030,1,wind_offshore,0.737486990708704
9,2,2030,1,wind_offshore,0.7484704772082161
9,3,2030,1,wind_offshore,0.7521872045111977
9,4,2030,1,wind_offshore,0.7496171919773957
9,5,2030,1,wind_offshore,0.733365809423152
9,6,2030,1,wind_offshore,0.7112383048249732
9,7,2030,1,wind_offshore,0.6837087065509011
9,8,2030,1,wind_offshore,0.6445985666096855
9,9,2030,1,wind_offshore,0.5926050479654809
9,10,2030,1,wind_offshore,0.5340267881293065
9,11,2030,1,wind_offshore,0.4724388728304226
9,12,2030,1,wind_offshore,0.4256259341736645
9,13,2030,1,wind_offshore,0.382595610593543
9,14,2030,1,wind_offshore,0.35246099571790773
9,15,2030,1,wind_offshore,0.32077195946668324
9,16,2030,1,wind_offshore,0.29149916843398477
9,17,2030,1,wind_offshore,0.2708991127272477
9,18,2030,1,wind_offshore,0.2564308248514588
9,19,2030,1,wind_offshore,0.24379793034847017
9,20,2030,1,wind_offshore,0.2244002393915218
9,21,2030,1,wind_offshore,0.20450722858865622
9,22,2030,1,wind_offshore,0.19661824472614953
9,23,2030,1,wind_offshore,0.18428476825703188
9,24,2030,1,wind_offshore,0.17642188238515658
9,1,2030,1,wind_onshore,0.20875541584917903
9,2,2030,1,wind_onshore,0.202627178400503
9,3,2030,1,wind_onshore,0.19754701783919182
9,4,2030,1,wind_onshore,0.19160404124899993
9,5,2030,1,wind_onshore,0.18601183715186503
9,6,2030,1,wind_onshore,0.1816665608643714
9,7,2030,1,wind_onshore,0.17748447675573722
9,8,2030,1,wind_onshore,0.16937939694880277
9,9,2030,1,wind_onshore,0.1631536015211007
9,10,2030,1,wind_onshore,0.1643159878842465
9,11,2030,1,wind_onshore,0.16470991547233785
9,12,2030,1,wind_onshore,0.17600414818251534
9,13,2030,1,wind_onshore,0.19094346313427266
9,14,2030,1,wind_onshore,0.20663390136707266
9,15,2030,1,wind_onshore,0.2208373821682937
9,16,2030,1,wind_onshore,0.2299559039843975
9,17,2030,1,wind_onshore,0.23323646195244715
9,18,2030,1,wind_onshore,0.23105574231568043
9,19,2030,1,wind_onshore,0.2240873564047871
9,20,2030,1,wind_onshore,0.21742171048847803
9,21,2030,1,wind_onshore,0.21192944906213396
9,22,2030,1,wind_onshore,0.20302674556292977
9,23,2030,1,wind_onshore,0.1886810513981804
9,24,2030,1,wind_onshore,0.18544733114712714
10,1,2030,1,demand,0.5043928754679627
10,2,2030,1,demand,0.49097456138192014
10,3,2030,1,demand,0.4801911623811012
10,4,2030,1,demand,0.4697334908522189
10,5,2030,1,demand,0.4707903440147183
10,6,2030,1,demand,0.48457043226784363
10,7,2030,1,demand,0.5137178026672096
10,8,2030,1,demand,0.5525972305351029
10,9,2030,1,demand,0.5857692873023885
10,10,2030,1,demand,0.6090859714562746
10,11,2030,1,demand,0.6195286964885984
10,12,2030,1,demand,0.6203078873376995
10,13,2030,1,demand,0.6167360410100151
10,14,2030,1,demand,0.6066305562938867
10,15,2030,1,demand,0.5917169274060332
10,16,2030,1,demand,0.5825552311269953
10,17,2030,1,demand,0.5811532607011446
10,18,2030,1,demand,0.594410280982168
10,19,2030,1,demand,0.6172715279905959
10,20,2030,1,demand,0.6378117423261052
10,21,2030,1,demand,0.6374678531918899
10,22,2030,1,demand,0.6048132595093152
10,23,2030,1,demand,0.5589225986828649
10,24,2030,1,demand,0.5417605335108818
10,1,2030,1,solar,0.0
10,2,2030,1,solar,0.0
10,3,2030,1,solar,0.0
10,4,2030,1,solar,0.0
10,5,2030,1,solar,0.0
10,6,2030,1,solar,4.316985051350489e-7
10,7,2030,1,solar,0.001183402424613278
10,8,2030,1,solar,0.01983010351722693
10,9,2030,1,solar,0.1001501275012612
10,10,2030,1,solar,0.21844065151098285
10,11,2030,1,solar,0.32124286321366435
10,12,2030,1,solar,0.39327916092328785
10,13,2030,1,solar,0.4272645091985152
10,14,2030,1,solar,0.423492887537883
10,15,2030,1,solar,0.37694826249753155
10,16,2030,1,solar,0.2942997179909388
10,17,2030,1,solar,0.18242590755639196
10,18,2030,1,solar,0.06437468974576868
10,19,2030,1,solar,0.006211792995060389
10,20,2030,1,solar,5.604256024464276e-5
10,21,2030,1,solar,0.0
10,22,2030,1,solar,0.0
10,23,2030,1,solar,0.0
10,24,2030,1,solar,0.0
10,1,2030,1,wind_offshore,0.839825499581383
10,2,2030,1,wind_offshore,0.8529386926911569
10,3,2030,1,wind_offshore,0.8578978685743083
10,4,2030,1,wind_offshore,0.8654318301998094
10,5,2030,1,wind_offshore,0.8694895747101047
10,6,2030,1,wind_offshore,0.8642607501051565
10,7,2030,1,wind_offshore,0.8589416808462161
10,8,2030,1,wind_offshore,0.860536434555682
10,9,2030,1,wind_offshore,0.868223375219743
10,10,2030,1,wind_offshore,0.8732500730292214
10,11,2030,1,wind_offshore,0.8656832668507038
10,12,2030,1,wind_offshore,0.8673877207103164
10,13,2030,1,wind_offshore,0.8678947702496737
10,14,2030,1,wind_offshore,0.873488331378993
10,15,2030,1,wind_offshore,0.8721489140809408
10,16,2030,1,wind_offshore,0.8774929039628013
10,17,2030,1,wind_offshore,0.8811712968542809
10,18,2030,1,wind_offshore,0.8834444234917662
10,19,2030,1,wind_offshore,0.8896374021492938
10,20,2030,1,wind_offshore,0.8854306804950507
10,21,2030,1,wind_offshore,0.8775770835677535
10,22,2030,1,wind_offshore,0.8670575681590437
10,23,2030,1,wind_offshore,0.8572157094671157
10,24,2030,1,wind_offshore,0.8536340247607467
10,1,2030,1,wind_onshore,0.536813724439179
10,2,2030,1,wind_onshore,0.5388692755046987
10,3,2030,1,wind_onshore,0.5371672932755857
10,4,2030,1,wind_onshore,0.5348858676691116
10,5,2030,1,wind_onshore,0.5357481626116344
10,6,2030,1,wind_onshore,0.534639060165765
10,7,2030,1,wind_onshore,0.5342128308298492
10,8,2030,1,wind_onshore,0.5354720025015212
10,9,2030,1,wind_onshore,0.5397802065960664
10,10,2030,1,wind_onshore,0.5473836855358981
10,11,2030,1,wind_onshore,0.5593846859943523
10,12,2030,1,wind_onshore,0.5869397911548129
10,13,2030,1,wind_onshore,0.6085509327468911
10,14,2030,1,wind_onshore,0.6243972546786741
10,15,2030,1,wind_onshore,0.6318200788752154
10,16,2030,1,wind_onshore,0.6275178823406754
10,17,2030,1,wind_onshore,0.6122886076700808
10,18,2030,1,wind_onshore,0.5915453456125872
10,19,2030,1,wind_onshore,0.5773188560142288
10,20,2030,1,wind_onshore,0.5726674732611663
10,21,2030,1,wind_onshore,0.5685723526454797
10,22,2030,1,wind_onshore,0.5598570335635054
10,23,2030,1,wind_onshore,0.5523516056228118
10,24,2030,1,wind_onshore,0.5495555439229785
11,1,2030,1,demand,0.520188941508145
11,2,2030,1,demand,0.5125592378720049
11,3,2030,1,demand,0.5023369669105757
11,4,2030,1,demand,0.492996928090216
11,5,2030,1,demand,0.4976511252861816
11,6,2030,1,demand,0.5105138755903897
11,7,2030,1,demand,0.5311314020357547
11,8,2030,1,demand,0.5632747731625888
11,9,2030,1,demand,0.5987972393178207
11,10,2030,1,demand,0.6264754001307957
11,11,2030,1,demand,0.6464116636023874
11,12,2030,1,demand,0.658989331797783
11,13,2030,1,demand,0.6599253082352949
11,14,2030,1,demand,0.6522526319460418
11,15,2030,1,demand,0.6440605923738827
11,16,2030,1,demand,0.6394208590766417
11,17,2030,1,demand,0.6366185086659321
11,18,2030,1,demand,0.6365234423405396
11,19,2030,1,demand,0.6395089612837328
11,20,2030,1,demand,0.6430180284188519
11,21,2030,1,demand,0.6373194024550485
11,22,2030,1,demand,0.6050297896328907
11,23,2030,1,demand,0.565288938569309
11,24,2030,1,demand,0.5563666724253333
11,1,2030,1,solar,0.0
11,2,2030,1,solar,0.0
11,3,2030,1,solar,0.0
11,4,2030,1,solar,0.0
11,5,2030,1,solar,0.0
11,6,2030,1,solar,8.350559194573911e-5
11,7,2030,1,solar,0.016060487092126954
11,8,2030,1,solar,0.12369840950631317
11,9,2030,1,solar,0.2922563278522532
11,10,2030,1,solar,0.45631383336428666
11,11,2030,1,solar,0.5667822648715661
11,12,2030,1,solar,0.6400732651330447
11,13,2030,1,solar,0.664772839347965
11,14,2030,1,solar,0.6476193681751911
11,15,2030,1,solar,0.5859192705760752
11,16,2030,1,solar,0.4850531465707275
11,17,2030,1,solar,0.34629874711839537
11,18,2030,1,solar,0.18555607215227382
11,19,2030,1,solar,0.055634428936336536
11,20,2030,1,solar,0.00219900335137177
11,21,2030,1,solar,0.0
11,22,2030,1,solar,0.0
11,23,2030,1,solar,0.0
11,24,2030,1,solar,0.0
11,1,2030,1,wind_offshore,0.15021131557588654
11,2,2030,1,wind_offshore,0.14346892185094096
11,3,2030,1,wind_offshore,0.1323668737629358
11,4,2030,1,wind_offshore,0.12247172025424666
11,5,2030,1,wind_offshore,0.11399810884518165
11,6,2030,1,wind_offshore,0.10461530403591163
11,7,2030,1,wind_offshore,0.10171707485770456
11,8,2030,1,wind_offshore,0.0986306305370948
11,9,2030,1,wind_offshore,0.09650295096668277
11,10,2030,1,wind_offshore,0.09640159494037463
11,11,2030,1,wind_offshore,0.08975337324984897
11,12,2030,1,wind_offshore,0.08420625612345382
11,13,2030,1,wind_offshore,0.08189038459015381
11,14,2030,1,wind_offshore,0.08210786020079999
11,15,2030,1,wind_offshore,0.08428686887422719
11,16,2030,1,wind_offshore,0.0904302026934179
11,17,2030,1,wind_offshore,0.10004552991419835
11,18,2030,1,wind_offshore,0.10818333656527279
11,19,2030,1,wind_offshore,0.11500013554533466
11,20,2030,1,wind_offshore,0.12113217309708811
11,21,2030,1,wind_offshore,0.12736450660832305
11,22,2030,1,wind_offshore,0.13789828794142014
11,23,2030,1,wind_offshore,0.12414407402801146
11,24,2030,1,wind_offshore,0.13386178416043656
11,1,2030,1,wind_onshore,0.17476213143808614
11,2,2030,1,wind_onshore,0.16403076486551155
11,3,2030,1,wind_onshore,0.15446296165004222
11,4,2030,1,wind_onshore,0.14608832160037566
11,5,2030,1,wind_onshore,0.13892749712599475
11,6,2030,1,wind_onshore,0.13306580278481273
11,7,2030,1,wind_onshore,0.12745718193131111
11,8,2030,1,wind_onshore,0.11565873756698182
11,9,2030,1,wind_onshore,0.10990931252939722
11,10,2030,1,wind_onshore,0.11297916226166116
11,11,2030,1,wind_onshore,0.11003607626690205
11,12,2030,1,wind_onshore,0.12102676238075914
11,13,2030,1,wind_onshore,0.13436675952775246
11,14,2030,1,wind_onshore,0.14784933900287742
11,15,2030,1,wind_onshore,0.16359183464905025
11,16,2030,1,wind_onshore,0.17906782951883524
11,17,2030,1,wind_onshore,0.19315403271236462
11,18,2030,1,wind_onshore,0.20827368559244175
11,19,2030,1,wind_onshore,0.21600666783144756
11,20,2030,1,wind_onshore,0.21873127118488717
11,21,2030,1,wind_onshore,0.2217111689739446
11,22,2030,1,wind_onshore,0.21293277412130113
11,23,2030,1,wind_onshore,0.19218342260802368
11,24,2030,1,wind_onshore,0.18428871925611756
12,1,2030,1,demand,0.5088721214254397
12,2,2030,1,demand,0.5000292088799574
12,3,2030,1,demand,0.4921915850532583
12,4,2030,1,demand,0.48441360883024154
12,5,2030,1,demand,0.49066797905196935
12,6,2030,1,demand,0.5086966535789108
12,7,2030,1,demand,0.537514025320654
12,8,2030,1,demand,0.5730479920821631
12,9,2030,1,demand,0.6076839629371176
12,10,2030,1,demand,0.631449338828106
12,11,2030,1,demand,0.6455325837483993
12,12,2030,1,demand,0.6556519426197558
12,13,2030,1,demand,0.6534152408877221
12,14,2030,1,demand,0.6428128029031481
12,15,2030,1,demand,0.6334675471603797
12,16,2030,1,demand,0.629356310028865
12,17,2030,1,demand,0.62775238566265
12,18,2030,1,demand,0.6293639485020671
12,19,2030,1,demand,0.6389445572077499
12,20,2030,1,demand,0.6473769017685989
12,21,2030,1,demand,0.6394720352293267
12,22,2030,1,demand,0.6039181372954419
12,23,2030,1,demand,0.5601575159583068
12,24,2030,1,demand,0.547082459361247
12,1,2030,1,solar,0.0
12,2,2030,1,solar,0.0
12,3,2030,1,solar,0.0
12,4,2030,1,solar,0.0
12,5,2030,1,solar,0.0
12,6,2030,1,solar,9.791862307992901e-5
12,7,2030,1,solar,0.01020178301699979
12,8,2030,1,solar,0.08936327844639574
12,9,2030,1,solar,0.24379290001284373
12,10,2030,1,solar,0.40527401670259017
12,11,2030,1,solar,0.5187016025841628
12,12,2030,1,solar,0.5903926873978143
12,13,2030,1,solar,0.6098967106896931
12,14,2030,1,solar,0.5841320212453889
12,15,2030,1,solar,0.5146586939448121
12,16,2030,1,solar,0.41177817341233997
12,17,2030,1,solar,0.27610242399545415
12,18,2030,1,solar,0.13285445169287274
12,19,2030,1,solar,0.03621009306826277
12,20,2030,1,solar,0.0009063391083585563
12,21,2030,1,solar,0.0
12,22,2030,1,solar,0.0
12,23,2030,1,solar,0.0
12,24,2030,1,solar,0.0
12,1,2030,1,wind_offshore,0.3663734996755012
12,2,2030,1,wind_offshore,0.37958432140125525
12,3,2030,1,wind_offshore,0.3931606473631711
12,4,2030,1,wind_offshore,0.40347699384753966
12,5,2030,1,wind_offshore,0.41685858949607923
12,6,2030,1,wind_offshore,0.435415088919695
12,7,2030,1,wind_offshore,0.4621980312441685
12,8,2030,1,wind_offshore,0.48735002188197596
12,9,2030,1,wind_offshore,0.5026228503944491
12,10,2030,1,wind_offshore,0.5203644746255647
12,11,2030,1,wind_offshore,0.5398486862719343
12,12,2030,1,wind_offshore,0.5810654807598028
12,13,2030,1,wind_offshore,0.6298160427746592
12,14,2030,1,wind_offshore,0.6683163616043899
12,15,2030,1,wind_offshore,0.690559349270248
12,16,2030,1,wind_offshore,0.7129476458639319
12,17,2030,1,wind_offshore,0.7292415866557022
12,18,2030,1,wind_offshore,0.7419070231794216
12,19,2030,1,wind_offshore,0.7467299929158614
12,20,2030,1,wind_offshore,0.7493549825750114
12,21,2030,1,wind_offshore,0.7473064364890435
12,22,2030,1,wind_offshore,0.7419599372614986
12,23,2030,1,wind_offshore,0.6909773900886548
12,24,2030,1,wind_offshore,0.6787308798973268
12,1,2030,1,wind_onshore,0.232177274694864
12,2,2030,1,wind_onshore,0.22508579587570504
12,3,2030,1,wind_onshore,0.2167001872813933
12,4,2030,1,wind_onshore,0.20968585785897895
12,5,2030,1,wind_onshore,0.20376811153195437
12,6,2030,1,wind_onshore,0.19960434502628652
12,7,2030,1,wind_onshore,0.1950742924537196
12,8,2030,1,wind_onshore,0.18894351984415522
12,9,2030,1,wind_onshore,0.1862430603321792
12,10,2030,1,wind_onshore,0.1864663990784484
12,11,2030,1,wind_onshore,0.1890055917084677
12,12,2030,1,wind_onshore,0.20785622775807414
12,13,2030,1,wind_onshore,0.2280012940571833
12,14,2030,1,wind_onshore,0.24825281183080303
12,15,2030,1,wind_onshore,0.2649670159845494
12,16,2030,1,wind_onshore,0.27363220953520245
12,17,2030,1,wind_onshore,0.27500529876715096
12,18,2030,1,wind_onshore,0.27854539403135126
12,19,2030,1,wind_onshore,0.2812885446230821
12,20,2030,1,wind_onshore,0.2837784707595438
12,21,2030,1,wind_onshore,0.28709136898274273
12,22,2030,1,wind_onshore,0.28115819057889085
12,23,2030,1,wind_onshore,0.26819534760631836
12,24,2030,1,wind_onshore,0.2613823651478595
13,1,2030,1,demand,0.5175052947310231
13,2,2030,1,demand,0.5080250644760026
13,3,2030,1,demand,0.4974977632819111
13,4,2030,1,demand,0.4877671132340279
13,5,2030,1,demand,0.49241526994157847
13,6,2030,1,demand,0.5078852103468001
13,7,2030,1,demand,0.5325240626460628
13,8,2030,1,demand,0.5661642602490989
13,9,2030,1,demand,0.6009157553349964
13,10,2030,1,demand,0.6277893377920174
13,11,2030,1,demand,0.6435587770869322
13,12,2030,1,demand,0.6523315566378107
13,13,2030,1,demand,0.6497660823228798
13,14,2030,1,demand,0.6397644631861991
13,15,2030,1,demand,0.6293486728171974
13,16,2030,1,demand,0.6253636839164154
13,17,2030,1,demand,0.6240592629633439
13,18,2030,1,demand,0.6255497468216749
13,19,2030,1,demand,0.6348549195871841
13,20,2030,1,demand,0.6434216163078398
13,21,2030,1,demand,0.6385565488992323
13,22,2030,1,demand,0.6052661643908085
13,23,2030,1,demand,0.5632200110993235
13,24,2030,1,demand,0.550805476791227
13,1,2030,1,solar,0.0
13,2,2030,1,solar,0.0
13,3,2030,1,solar,0.0
13,4,2030,1,solar,0.0
13,5,2030,1,solar,0.0
13,6,2030,1,solar,0.0001233200698769342
13,7,2030,1,solar,0.012702315005404122
13,8,2030,1,solar,0.1010953997122996
13,9,2030,1,solar,0.2686354909554465
13,10,2030,1,solar,0.4389517557410561
13,11,2030,1,solar,0.5565207058251439
13,12,2030,1,solar,0.6377016454714186
13,13,2030,1,solar,0.6674947380273677
13,14,2030,1,solar,0.6529095875866332
13,15,2030,1,solar,0.5882829128114502
13,16,2030,1,solar,0.482372781726686
13,17,2030,1,solar,0.33520617935148417
13,18,2030,1,solar,0.16914912323291612
13,19,2030,1,solar,0.042512323879283234
13,20,2030,1,solar,0.002061940237601611
13,21,2030,1,solar,0.0
13,22,2030,1,solar,0.0
13,23,2030,1,solar,0.0
13,24,2030,1,solar,0.0
13,1,2030,1,wind_offshore,0.8270079518656486
13,2,2030,1,wind_offshore,0.8437754273663091
13,3,2030,1,wind_offshore,0.8598763106413644
13,4,2030,1,wind_offshore,0.877181804140778
13,5,2030,1,wind_offshore,0.8889192454224617
13,6,2030,1,wind_offshore,0.8943479710339431
13,7,2030,1,wind_offshore,0.8991423082643728
13,8,2030,1,wind_offshore,0.9015328286549215
13,9,2030,1,wind_offshore,0.9068744050018647
13,10,2030,1,wind_offshore,0.9125643941988519
13,11,2030,1,wind_offshore,0.9124994191723972
13,12,2030,1,wind_offshore,0.9078081971312763
13,13,2030,1,wind_offshore,0.9067728477252008
13,14,2030,1,wind_offshore,0.9080640075159669
13,15,2030,1,wind_offshore,0.9104314015959517
13,16,2030,1,wind_offshore,0.9098401631892017
13,17,2030,1,wind_offshore,0.9101687809083064
13,18,2030,1,wind_offshore,0.9087306185892159
13,19,2030,1,wind_offshore,0.8978572874353786
13,20,2030,1,wind_offshore,0.8868450217766196
13,21,2030,1,wind_offshore,0.877086088583439
13,22,2030,1,wind_offshore,0.8679264636196358
13,23,2030,1,wind_offshore,0.8477355960968103
13,24,2030,1,wind_offshore,0.827377007848592
13,1,2030,1,wind_onshore,0.2498997105210472
13,2,2030,1,wind_onshore,0.23988873535907185
13,3,2030,1,wind_onshore,0.2295590296529538
13,4,2030,1,wind_onshore,0.22151948068759045
13,5,2030,1,wind_onshore,0.21532027030610565
13,6,2030,1,wind_onshore,0.21078702180195064
13,7,2030,1,wind_onshore,0.20715420756423047
13,8,2030,1,wind_onshore,0.19888868083157002
13,9,2030,1,wind_onshore,0.1915456287246058
13,10,2030,1,wind_onshore,0.19308447787581837
13,11,2030,1,wind_onshore,0.1907005399379951
13,12,2030,1,wind_onshore,0.2036039157848211
13,13,2030,1,wind_onshore,0.2191179942188531
13,14,2030,1,wind_onshore,0.23388890273117477
13,15,2030,1,wind_onshore,0.250292404912942
13,16,2030,1,wind_onshore,0.266069337044161
13,17,2030,1,wind_onshore,0.2798516867896043
13,18,2030,1,wind_onshore,0.2948747769637159
13,19,2030,1,wind_onshore,0.31015043218462074
13,20,2030,1,wind_onshore,0.325146184825387
13,21,2030,1,wind_onshore,0.330369855123421
13,22,2030,1,wind_onshore,0.3217043260809473
13,23,2030,1,wind_onshore,0.29657613575185277
13,24,2030,1,wind_onshore,0.28772465536138414
14,1,2030,1,demand,0.5028343981137503
14,2,2030,1,demand,0.49071482192703675
14,3,2030,1,demand,0.48330039720185547
14,4,2030,1,demand,0.4754309002597444
14,5,2030,1,demand,0.47904952107370014
14,6,2030,1,demand,0.4930724087978477
14,7,2030,1,demand,0.5228689355152175
14,8,2030,1,demand,0.5591508339242298
14,9,2030,1,demand,0.5908386096312893
14,10,2030,1,demand,0.6128393754661839
14,11,2030,1,demand,0.6230388244719255
14,12,2030,1,demand,0.6219483681801997
14,13,2030,1,demand,0.6168126619815896
14,14,2030,1,demand,0.6055928874631106
14,15,2030,1,demand,0.5933178204243799
14,16,2030,1,demand,0.5879342686376291
14,17,2030,1,demand,0.588604127422676
14,18,2030,1,demand,0.6010619621165026
14,19,2030,1,demand,0.6245896701600572
14,20,2030,1,demand,0.6438724569542382
14,21,2030,1,demand,0.642156784850638
14,22,2030,1,demand,0.6097919831939553
14,23,2030,1,demand,0.5648063496365999
14,24,2030,1,demand,0.5486124827494308
14,1,2030,1,solar,0.0
14,2,2030,1,solar,0.0
14,3,2030,1,solar,0.0
14,4,2030,1,solar,0.0
14,5,2030,1,solar,0.0
14,6,2030,1,solar,7.368943244299196e-6
14,7,2030,1,solar,0.004525898848716716
14,8,2030,1,solar,0.03563477522867014
14,9,2030,1,solar,0.13856083993561952
14,10,2030,1,solar,0.2856068792346107
14,11,2030,1,solar,0.40628310335371615
14,12,2030,1,solar,0.4911789463139887
14,13,2030,1,solar,0.5211819873844995
14,14,2030,1,solar,0.49777013647332913
14,15,2030,1,solar,0.4329864495109904
14,16,2030,1,solar,0.3321504737183281
14,17,2030,1,solar,0.20045487429964504
14,18,2030,1,solar,0.0673995868230651
14,19,2030,1,solar,0.01101426836023143
14,20,2030,1,solar,0.00018956861315598566
14,21,2030,1,solar,0.0
14,22,2030,1,solar,0.0
14,23,2030,1,solar,0.0
14,24,2030,1,solar,0.0
14,1,2030,1,wind_offshore,0.7434419424111333
14,2,2030,1,wind_offshore,0.7808299995482956
14,3,2030,1,wind_offshore,0.8068565420528471
14,4,2030,1,wind_offshore,0.8148382934623327
14,5,2030,1,wind_offshore,0.8085190585321678
14,6,2030,1,wind_offshore,0.77727027166167
14,7,2030,1,wind_offshore,0.7300805674563837
14,8,2030,1,wind_offshore,0.689231723909784
14,9,2030,1,wind_offshore,0.6413184401916167
14,10,2030,1,wind_offshore,0.5970109359056225
14,11,2030,1,wind_offshore,0.5445097639150582
14,12,2030,1,wind_offshore,0.4999518728465063
14,13,2030,1,wind_offshore,0.45500893813173227
14,14,2030,1,wind_offshore,0.42627718274801774
14,15,2030,1,wind_offshore,0.40458201827659396
14,16,2030,1,wind_offshore,0.37548740851283374
14,17,2030,1,wind_offshore,0.3504970131760105
14,18,2030,1,wind_offshore,0.32163288727243544
14,19,2030,1,wind_offshore,0.29521082444958546
14,20,2030,1,wind_offshore,0.2719730107472827
14,21,2030,1,wind_offshore,0.24854041895715487
14,22,2030,1,wind_offshore,0.21231384241392504
14,23,2030,1,wind_offshore,0.19337965228492332
14,24,2030,1,wind_offshore,0.19089055757372989
14,1,2030,1,wind_onshore,0.47018328559055117
14,2,2030,1,wind_onshore,0.4704868587362512
14,3,2030,1,wind_onshore,0.47000510740648044
14,4,2030,1,wind_onshore,0.46954512873269133
14,5,2030,1,wind_onshore,0.4722638493371484
14,6,2030,1,wind_onshore,0.47471740299342036
14,7,2030,1,wind_onshore,0.4748469438711108
14,8,2030,1,wind_onshore,0.4729432257833008
14,9,2030,1,wind_onshore,0.4795297650172488
14,10,2030,1,wind_onshore,0.4834056019872594
14,11,2030,1,wind_onshore,0.4766949518444646
14,12,2030,1,wind_onshore,0.5067103343310457
14,13,2030,1,wind_onshore,0.5308326281210747
14,14,2030,1,wind_onshore,0.5430344878652518
14,15,2030,1,wind_onshore,0.5478253910986857
14,16,2030,1,wind_onshore,0.5384981055308983
14,17,2030,1,wind_onshore,0.5118218742030417
14,18,2030,1,wind_onshore,0.4863653644277121
14,19,2030,1,wind_onshore,0.4702373214357993
14,20,2030,1,wind_onshore,0.45787111644933626
14,21,2030,1,wind_onshore,0.4421247639248583
14,22,2030,1,wind_onshore,0.418133963721537
14,23,2030,1,wind_onshore,0.39140319715141464
14,24,2030,1,wind_onshore,0.3779596021961993
15,1,2030,1,demand,0.5018855345128415
15,2,2030,1,demand,0.4936711342980957
15,3,2030,1,demand,0.4860220616822914
15,4,2030,1,demand,0.47824494667910994
15,5,2030,1,demand,0.48505408974757336
15,6,2030,1,demand,0.5045249301040422
15,7,2030,1,demand,0.5330983345887318
15,8,2030,1,demand,0.5680893593858564
15,9,2030,1,demand,0.6004015074666539
15,10,2030,1,demand,0.6209149196426197
15,11,2030,1,demand,0.63294601110839
15,12,2030,1,demand,0.6378027826737938
15,13,2030,1,demand,0.6334460685503116
15,14,2030,1,demand,0.6224468035614908
15,15,2030,1,demand,0.6107528668484696
15,16,2030,1,demand,0.6065231176562128
15,17,2030,1,demand,0.605318070853712
15,18,2030,1,demand,0.6110521964489046
15,19,2030,1,demand,0.6217335321586894
15,20,2030,1,demand,0.6339078097349858
15,21,2030,1,demand,0.6289350477956072
15,22,2030,1,demand,0.5934817890794982
15,23,2030,1,demand,0.5502761231719837
15,24,2030,1,demand,0.5393604583607569
15,1,2030,1,solar,0.0
15,2,2030,1,solar,0.0
15,3,2030,1,solar,0.0
15,4,2030,1,solar,0.0
15,5,2030,1,solar,0.0
15,6,2030,1,solar,9.301225556176349e-5
15,7,2030,1,solar,0.01030668625524834
15,8,2030,1,solar,0.0877071066031744
15,9,2030,1,solar,0.24232974717981623
15,10,2030,1,solar,0.40687001778934206
15,11,2030,1,solar,0.5216886827916685
15,12,2030,1,solar,0.5983125400273601
15,13,2030,1,solar,0.6244508847768171
15,14,2030,1,solar,0.6047233062543229
15,15,2030,1,solar,0.5360017084097638
15,16,2030,1,solar,0.4305223110645536
15,17,2030,1,solar,0.2898779985235937
15,18,2030,1,solar,0.135457516512173
15,19,2030,1,solar,0.0322349401237608
15,20,2030,1,solar,0.0011756132629681991
15,21,2030,1,solar,0.0
15,22,2030,1,solar,0.0
15,23,2030,1,solar,0.0
15,24,2030,1,solar,0.0
15,1,2030,1,wind_offshore,0.19845905798185962
15,2,2030,1,wind_offshore,0.18655525672183898
15,3,2030,1,wind_offshore,0.17844962652524615
15,4,2030,1,wind_offshore,0.17616168379469316
15,5,2030,1,wind_offshore,0.17267844991256556
15,6,2030,1,wind_offshore,0.1691749478367427
15,7,2030,1,wind_offshore,0.1762564884577402
15,8,2030,1,wind_offshore,0.19132136767668323
15,9,2030,1,wind_offshore,0.20848204503558682
15,10,2030,1,wind_offshore,0.2301427708234343
15,11,2030,1,wind_offshore,0.22890873203979903
15,12,2030,1,wind_offshore,0.2518436786067336
15,13,2030,1,wind_offshore,0.2774545593484211
15,14,2030,1,wind_offshore,0.30788306442887914
15,15,2030,1,wind_offshore,0.3390549970653588
15,16,2030,1,wind_offshore,0.3747736483280552
15,17,2030,1,wind_offshore,0.41168230933165895
15,18,2030,1,wind_offshore,0.4490245208965568
15,19,2030,1,wind_offshore,0.4903986564255113
15,20,2030,1,wind_offshore,0.5290169404936473
15,21,2030,1,wind_offshore,0.5511454292651409
15,22,2030,1,wind_offshore,0.5649414860749027
15,23,2030,1,wind_offshore,0.5428729145861495
15,24,2030,1,wind_offshore,0.5561348626479437
15,1,2030,1,wind_onshore,0.24403244680396646
15,2,2030,1,wind_onshore,0.23597176952953433
15,3,2030,1,wind_onshore,0.2271554571171906
15,4,2030,1,wind_onshore,0.21993178822101483
15,5,2030,1,wind_onshore,0.21532927008479122
15,6,2030,1,wind_onshore,0.21137344516593376
15,7,2030,1,wind_onshore,0.20572142041651528
15,8,2030,1,wind_onshore,0.19982548905415518
15,9,2030,1,wind_onshore,0.19615510217841098
15,10,2030,1,wind_onshore,0.19708574248682914
15,11,2030,1,wind_onshore,0.19493110132522237
15,12,2030,1,wind_onshore,0.2092933551765964
15,13,2030,1,wind_onshore,0.22371122426390735
15,14,2030,1,wind_onshore,0.23898079251721546
15,15,2030,1,wind_onshore,0.2515325903787743
15,16,2030,1,wind_onshore,0.26128833208411784
15,17,2030,1,wind_onshore,0.26604339145721473
15,18,2030,1,wind_onshore,0.2675692461686896
15,19,2030,1,wind_onshore,0.2668524571960744
15,20,2030,1,wind_onshore,0.2672927400218934
15,21,2030,1,wind_onshore,0.2688739153719541
15,22,2030,1,wind_onshore,0.2606081323078692
15,23,2030,1,wind_onshore,0.244192068375494
15,24,2030,1,wind_onshore,0.24031590996039062
16,1,2030,1,demand,0.6975147094555287
16,2,2030,1,demand,0.6764595054108729
16,3,2030,1,demand,0.646692590295914
16,4,2030,1,demand,0.6276006697093282
16,5,2030,1,demand,0.6470070833505298
16,6,2030,1,demand,0.6660657633685786
16,7,2030,1,demand,0.6891000299678209
16,8,2030,1,demand,0.7307297086762806
16,9,2030,1,demand,0.809072547643573
16,10,2030,1,demand,0.8899669320608656
16,11,2030,1,demand,0.9548180874445734
16,12,2030,1,demand,1.009346908476114
16,13,2030,1,demand,1.0202971596659802
16,14,2030,1,demand,1.0155081036113323
16,15,2030,1,demand,1.006306265903269
16,16,2030,1,demand,1.0005768777943016
16,17,2030,1,demand,1.0030282502018293
16,18,2030,1,demand,0.9954725461123323
16,19,2030,1,demand,0.9612664154604915
16,20,2030,1,demand,0.9241143678231748
16,21,2030,1,demand,0.9226995124797938
16,22,2030,1,demand,0.8759751444071537
16,23,2030,1,demand,0.8062988096504314
16,24,2030,1,demand,0.7703195615612242
16,1,2030,1,solar,0.0
16,2,2030,1,solar,0.0
16,3,2030,1,solar,0.0
16,4,2030,1,solar,0.0
16,5,2030,1,solar,0.0
16,6,2030,1,solar,0.0
16,7,2030,1,solar,0.0
16,8,2030,1,solar,0.0
16,9,2030,1,solar,0.0032955265743222512
16,10,2030,1,solar,0.0372732947944952
16,11,2030,1,solar,0.07456154782001245
16,12,2030,1,solar,0.07673151141352044
16,13,2030,1,solar,0.07626962671031257
16,14,2030,1,solar,0.09556972718567903
16,15,2030,1,solar,0.06403425425912128
16,16,2030,1,solar,0.03597589341660641
16,17,2030,1,solar,0.009377561007081692
16,18,2030,1,solar,0.0
16,19,2030,1,solar,0.0
16,20,2030,1,solar,0.0
16,21,2030,1,solar,0.0
16,22,2030,1,solar,0.0
16,23,2030,1,solar,0.0
16,24,2030,1,solar,0.0
16,1,2030,1,wind_offshore,0.0
16,2,2030,1,wind_offshore,0.0
16,3,2030,1,wind_offshore,0.0
16,4,2030,1,wind_offshore,0.0
16,5,2030,1,wind_offshore,0.0
16,6,2030,1,wind_offshore,0.0
16,7,2030,1,wind_offshore,0.0
16,8,2030,1,wind_offshore,0.0
16,9,2030,1,wind_offshore,0.0
16,10,2030,1,wind_offshore,0.0
16,11,2030,1,wind_offshore,0.0
16,12,2030,1,wind_offshore,0.0
16,13,2030,1,wind_offshore,0.0
16,14,2030,1,wind_offshore,0.0
16,15,2030,1,wind_offshore,0.0
16,16,2030,1,wind_offshore,1.8205683806507246e-5
16,17,2030,1,wind_offshore,0.0
16,18,2030,1,wind_offshore,0.0
16,19,2030,1,wind_offshore,0.0
16,20,2030,1,wind_offshore,0.0
16,21,2030,1,wind_offshore,0.0
16,22,2030,1,wind_offshore,0.0
16,23,2030,1,wind_offshore,0.0
16,24,2030,1,wind_offshore,0.0
16,1,2030,1,wind_onshore,0.026843342345068685
16,2,2030,1,wind_onshore,0.022126986271894338
16,3,2030,1,wind_onshore,0.019714763483765968
16,4,2030,1,wind_onshore,0.017016870277910538
16,5,2030,1,wind_onshore,0.015490810605525407
16,6,2030,1,wind_onshore,0.015714293816611984
16,7,2030,1,wind_onshore,0.017532536241650853
16,8,2030,1,wind_onshore,0.008831329766165857
16,9,2030,1,wind_onshore,0.007785599687290108
16,10,2030,1,wind_onshore,0.008562860191303293
16,11,2030,1,wind_onshore,0.008871684176477088
16,12,2030,1,wind_onshore,0.014103563322249234
16,13,2030,1,wind_onshore,0.021893443859301257
16,14,2030,1,wind_onshore,0.022817167260989597
16,15,2030,1,wind_onshore,0.024409630005356158
16,16,2030,1,wind_onshore,0.017619925067574666
16,17,2030,1,wind_onshore,0.01800743034325232
16,18,2030,1,wind_onshore,0.023624245515240647
16,19,2030,1,wind_onshore,0.02101482166247506
16,20,2030,1,wind_onshore,0.018412735393355945
16,21,2030,1,wind_onshore,0.01677381406396594
16,22,2030,1,wind_onshore,0.016771340555136467
16,23,2030,1,wind_onshore,0.029553120218442287
16,24,2030,1,wind_onshore,0.030807256965069023
