year,period,rep_period,weight,scenario
2030,1,10,1.0,1
2030,2,49,1.0,1
2030,3,79,1.0,1
2030,4,148,1.0,1
2030,5,4,1.0,1
2030,6,25,1.0,1
2030,7,101,1.0,1
2030,8,77,1.0,1
2030,9,42,1.0,1
2030,10,4,1.0,1
2030,11,30,1.0,1
2030,12,30,1.0,1
2030,13,27,1.0,1
2030,14,119,1.0,1
2030,15,128,1.0,1
2030,16,56,1.0,1
2030,17,52,1.0,1
2030,18,108,1.0,1
2030,19,113,1.0,1
2030,20,132,1.0,1
2030,21,50,1.0,1
2030,22,93,1.0,1
2030,23,113,1.0,1
2030,24,118,1.0,1
2030,25,8,1.0,1
2030,26,54,1.0,1
2030,27,8,1.0,1
2030,28,32,1.0,1
2030,29,14,1.0,1
2030,30,49,1.0,1
2030,31,8,1.0,1
2030,32,8,1.0,1
2030,33,144,1.0,1
2030,34,27,1.0,1
2030,35,33,1.0,1
2030,36,147,1.0,1
2030,37,64,1.0,1
2030,38,116,1.0,1
2030,39,27,1.0,1
2030,40,144,1.0,1
2030,41,10,1.0,1
2030,42,12,1.0,1
2030,43,134,1.0,1
2030,44,79,1.0,1
2030,45,33,1.0,1
2030,46,33,1.0,1
2030,47,50,1.0,1
2030,48,99,1.0,1
2030,49,143,1.0,1
2030,50,96,1.0,1
2030,51,17,1.0,1
2030,52,133,1.0,1
2030,53,107,1.0,1
2030,54,12,1.0,1
2030,55,83,1.0,1
2030,56,120,1.0,1
2030,57,72,1.0,1
2030,58,63,1.0,1
2030,59,63,1.0,1
2030,60,102,1.0,1
2030,61,98,1.0,1
2030,62,63,1.0,1
2030,63,29,1.0,1
2030,64,148,1.0,1
2030,65,34,1.0,1
2030,66,47,1.0,1
2030,67,98,1.0,1
2030,68,29,1.0,1
2030,69,56,1.0,1
2030,70,47,1.0,1
2030,71,48,1.0,1
2030,72,122,1.0,1
2030,73,76,1.0,1
2030,74,64,1.0,1
2030,75,60,1.0,1
2030,76,13,1.0,1
2030,77,67,1.0,1
2030,78,140,1.0,1
2030,79,5,1.0,1
2030,80,44,1.0,1
2030,81,57,1.0,1
2030,82,72,1.0,1
2030,83,76,1.0,1
2030,84,91,1.0,1
2030,85,18,1.0,1
2030,86,123,1.0,1
2030,87,36,1.0,1
2030,88,134,1.0,1
2030,89,140,1.0,1
2030,90,16,1.0,1
2030,91,34,1.0,1
2030,92,16,1.0,1
2030,93,124,1.0,1
2030,94,136,1.0,1
2030,95,91,1.0,1
2030,96,79,1.0,1
2030,97,134,1.0,1
2030,98,124,1.0,1
2030,99,133,1.0,1
2030,100,2,1.0,1
2030,101,125,1.0,1
2030,102,34,1.0,1
2030,103,13,1.0,1
2030,104,75,1.0,1
2030,105,124,1.0,1
2030,106,67,1.0,1
2030,107,140,1.0,1
2030,108,46,1.0,1
2030,109,115,1.0,1
2030,110,72,1.0,1
2030,111,72,1.0,1
2030,112,72,1.0,1
2030,113,51,1.0,1
2030,114,57,1.0,1
2030,115,102,1.0,1
2030,116,19,1.0,1
2030,117,104,1.0,1
2030,118,5,1.0,1
2030,119,120,1.0,1
2030,120,72,1.0,1
2030,121,120,1.0,1
2030,122,56,1.0,1
2030,123,2,1.0,1
2030,124,143,1.0,1
2030,125,81,1.0,1
2030,126,11,1.0,1
2030,127,68,1.0,1
2030,128,34,1.0,1
2030,129,1,1.0,1
2030,130,111,1.0,1
2030,131,141,1.0,1
2030,132,18,1.0,1
2030,133,52,1.0,1
2030,134,23,1.0,1
2030,135,67,1.0,1
2030,136,90,1.0,1
2030,137,67,1.0,1
2030,138,141,1.0,1
2030,139,34,1.0,1
2030,140,143,1.0,1
2030,141,143,1.0,1
2030,142,51,1.0,1
2030,143,2,1.0,1
2030,144,143,1.0,1
2030,145,76,1.0,1
2030,146,34,1.0,1
2030,147,11,1.0,1
2030,148,59,1.0,1
2030,149,141,1.0,1
2030,150,131,1.0,1
2030,151,23,1.0,1
2030,152,146,1.0,1
2030,153,146,1.0,1
2030,154,64,1.0,1
2030,155,52,1.0,1
2030,156,2,1.0,1
2030,157,110,1.0,1
2030,158,60,1.0,1
2030,159,80,1.0,1
2030,160,138,1.0,1
2030,161,146,1.0,1
2030,162,34,1.0,1
2030,163,68,1.0,1
2030,164,73,1.0,1
2030,165,72,1.0,1
2030,166,69,1.0,1
2030,167,45,1.0,1
2030,168,126,1.0,1
2030,169,26,1.0,1
2030,170,90,1.0,1
2030,171,53,1.0,1
2030,172,111,1.0,1
2030,173,34,1.0,1
2030,174,52,1.0,1
2030,175,87,1.0,1
2030,176,72,1.0,1
2030,177,1,1.0,1
2030,178,131,1.0,1
2030,179,34,1.0,1
2030,180,62,1.0,1
2030,181,11,1.0,1
2030,182,48,1.0,1
2030,183,23,1.0,1
2030,184,131,1.0,1
2030,185,34,1.0,1
2030,186,127,1.0,1
2030,187,138,1.0,1
2030,188,117,1.0,1
2030,189,126,1.0,1
2030,190,26,1.0,1
2030,191,61,1.0,1
2030,192,90,1.0,1
2030,193,95,1.0,1
2030,194,34,1.0,1
2030,195,121,1.0,1
2030,196,111,1.0,1
2030,197,95,1.0,1
2030,198,142,1.0,1
2030,199,19,1.0,1
2030,200,9,1.0,1
2030,201,141,1.0,1
2030,202,141,1.0,1
2030,203,90,1.0,1
2030,204,74,1.0,1
2030,205,141,1.0,1
2030,206,90,1.0,1
2030,207,34,1.0,1
2030,208,2,1.0,1
2030,209,2,1.0,1
2030,210,2,1.0,1
2030,211,121,1.0,1
2030,212,60,1.0,1
2030,213,53,1.0,1
2030,214,138,1.0,1
2030,215,11,1.0,1
2030,216,48,1.0,1
2030,217,23,1.0,1
2030,218,90,1.0,1
2030,219,90,1.0,1
2030,220,90,1.0,1
2030,221,18,1.0,1
2030,222,63,1.0,1
2030,223,57,1.0,1
2030,224,45,1.0,1
2030,225,107,1.0,1
2030,226,127,1.0,1
2030,227,142,1.0,1
2030,228,104,1.0,1
2030,229,111,1.0,1
2030,230,135,1.0,1
2030,231,45,1.0,1
2030,232,6,1.0,1
2030,233,72,1.0,1
2030,234,123,1.0,1
2030,235,70,1.0,1
2030,236,124,1.0,1
2030,237,126,1.0,1
2030,238,146,1.0,1
2030,239,43,1.0,1
2030,240,104,1.0,1
2030,241,124,1.0,1
2030,242,111,1.0,1
2030,243,124,1.0,1
2030,244,73,1.0,1
2030,245,80,1.0,1
2030,246,98,1.0,1
2030,247,143,1.0,1
2030,248,118,1.0,1
2030,249,121,1.0,1
2030,250,74,1.0,1
2030,251,46,1.0,1
2030,252,48,1.0,1
2030,253,13,1.0,1
2030,254,74,1.0,1
2030,255,99,1.0,1
2030,256,47,1.0,1
2030,257,121,1.0,1
2030,258,140,1.0,1
2030,259,111,1.0,1
2030,260,100,1.0,1
2030,261,64,1.0,1
2030,262,3,1.0,1
2030,263,1,1.0,1
2030,264,18,1.0,1
2030,265,102,1.0,1
2030,266,13,1.0,1
2030,267,34,1.0,1
2030,268,102,1.0,1
2030,269,106,1.0,1
2030,270,65,1.0,1
2030,271,84,1.0,1
2030,272,87,1.0,1
2030,273,87,1.0,1
2030,274,40,1.0,1
2030,275,48,1.0,1
2030,276,57,1.0,1
2030,277,63,1.0,1
2030,278,106,1.0,1
2030,279,53,1.0,1
2030,280,48,1.0,1
2030,281,104,1.0,1
2030,282,18,1.0,1
2030,283,111,1.0,1
2030,284,140,1.0,1
2030,285,32,1.0,1
2030,286,53,1.0,1
2030,287,18,1.0,1
2030,288,80,1.0,1
2030,289,148,1.0,1
2030,290,67,1.0,1
2030,291,75,1.0,1
2030,292,18,1.0,1
2030,293,55,1.0,1
2030,294,84,1.0,1
2030,295,120,1.0,1
2030,296,20,1.0,1
2030,297,29,1.0,1
2030,298,55,1.0,1
2030,299,15,1.0,1
2030,300,29,1.0,1
2030,301,24,1.0,1
2030,302,28,1.0,1
2030,303,120,1.0,1
2030,304,101,1.0,1
2030,305,118,1.0,1
2030,306,52,1.0,1
2030,307,55,1.0,1
2030,308,21,1.0,1
2030,309,83,1.0,1
2030,310,49,1.0,1
2030,311,147,1.0,1
2030,312,134,1.0,1
2030,313,79,1.0,1
2030,314,105,1.0,1
2030,315,43,1.0,1
2030,316,93,1.0,1
2030,317,48,1.0,1
2030,318,15,1.0,1
2030,319,116,1.0,1
2030,320,96,1.0,1
2030,321,119,1.0,1
2030,322,147,1.0,1
2030,323,144,1.0,1
2030,324,77,1.0,1
2030,325,32,1.0,1
2030,326,4,1.0,1
2030,327,101,1.0,1
2030,328,113,1.0,1
2030,329,149,1.0,1
2030,330,3,1.0,1
2030,331,113,1.0,1
2030,332,113,1.0,1
2030,333,47,1.0,1
2030,334,132,1.0,1
2030,335,92,1.0,1
2030,336,27,1.0,1
2030,337,43,1.0,1
2030,338,4,1.0,1
2030,339,30,1.0,1
2030,340,47,1.0,1
2030,341,27,1.0,1
2030,342,79,1.0,1
2030,343,134,1.0,1
2030,344,32,1.0,1
2030,345,50,1.0,1
2030,346,41,1.0,1
2030,347,83,1.0,1
2030,348,113,1.0,1
2030,349,85,1.0,1
2030,350,101,1.0,1
2030,351,56,1.0,1
2030,352,94,1.0,1
2030,353,50,1.0,1
2030,354,36,1.0,1
2030,355,85,1.0,1
2030,356,109,1.0,1
2030,357,109,1.0,1
2030,358,116,1.0,1
2030,359,49,1.0,1
2030,360,4,1.0,1
2030,361,10,1.0,1
2030,362,27,1.0,1
2030,363,8,1.0,1
2030,364,54,1.0,1
2030,365,144,1.0,1
2030,1,101,1.0,2
2030,2,33,1.0,2
2030,3,122,1.0,2
2030,4,115,1.0,2
2030,5,28,1.0,2
2030,6,92,1.0,2
2030,7,149,1.0,2
2030,8,77,1.0,2
2030,9,122,1.0,2
2030,10,27,1.0,2
2030,11,79,1.0,2
2030,12,94,1.0,2
2030,13,50,1.0,2
2030,14,4,1.0,2
2030,15,21,1.0,2
2030,16,27,1.0,2
2030,17,122,1.0,2
2030,18,30,1.0,2
2030,19,20,1.0,2
2030,20,113,1.0,2
2030,21,109,1.0,2
2030,22,40,1.0,2
2030,23,50,1.0,2
2030,24,92,1.0,2
2030,25,40,1.0,2
2030,26,134,1.0,2
2030,27,8,1.0,2
2030,28,8,1.0,2
2030,29,52,1.0,2
2030,30,148,1.0,2
2030,31,83,1.0,2
2030,32,3,1.0,2
2030,33,55,1.0,2
2030,34,88,1.0,2
2030,35,17,1.0,2
2030,36,50,1.0,2
2030,37,50,1.0,2
2030,38,50,1.0,2
2030,39,14,1.0,2
2030,40,132,1.0,2
2030,41,8,1.0,2
2030,42,83,1.0,2
2030,43,40,1.0,2
2030,44,21,1.0,2
2030,45,99,1.0,2
2030,46,28,1.0,2
2030,47,28,1.0,2
2030,48,63,1.0,2
2030,49,94,1.0,2
2030,50,92,1.0,2
2030,51,118,1.0,2
2030,52,129,1.0,2
2030,53,28,1.0,2
2030,54,28,1.0,2
2030,55,116,1.0,2
2030,56,101,1.0,2
2030,57,40,1.0,2
2030,58,139,1.0,2
2030,59,118,1.0,2
2030,60,113,1.0,2
2030,61,65,1.0,2
2030,62,28,1.0,2
2030,63,118,1.0,2
2030,64,143,1.0,2
2030,65,28,1.0,2
2030,66,28,1.0,2
2030,67,25,1.0,2
2030,68,101,1.0,2
2030,69,48,1.0,2
2030,70,116,1.0,2
2030,71,21,1.0,2
2030,72,64,1.0,2
2030,73,55,1.0,2
2030,74,82,1.0,2
2030,75,16,1.0,2
2030,76,140,1.0,2
2030,77,142,1.0,2
2030,78,13,1.0,2
2030,79,91,1.0,2
2030,80,67,1.0,2
2030,81,10,1.0,2
2030,82,63,1.0,2
2030,83,72,1.0,2
2030,84,106,1.0,2
2030,85,98,1.0,2
2030,86,127,1.0,2
2030,87,140,1.0,2
2030,88,117,1.0,2
2030,89,134,1.0,2
2030,90,18,1.0,2
2030,91,84,1.0,2
2030,92,87,1.0,2
2030,93,29,1.0,2
2030,94,112,1.0,2
2030,95,147,1.0,2
2030,96,124,1.0,2
2030,97,83,1.0,2
2030,98,120,1.0,2
2030,99,39,1.0,2
2030,100,77,1.0,2
2030,101,11,1.0,2
2030,102,143,1.0,2
2030,103,149,1.0,2
2030,104,63,1.0,2
2030,105,62,1.0,2
2030,106,44,1.0,2
2030,107,57,1.0,2
2030,108,72,1.0,2
2030,109,48,1.0,2
2030,110,136,1.0,2
2030,111,123,1.0,2
2030,112,126,1.0,2
2030,113,125,1.0,2
2030,114,35,1.0,2
2030,115,6,1.0,2
2030,116,35,1.0,2
2030,117,90,1.0,2
2030,118,44,1.0,2
2030,119,70,1.0,2
2030,120,74,1.0,2
2030,121,91,1.0,2
2030,122,100,1.0,2
2030,123,95,1.0,2
2030,124,124,1.0,2
2030,125,57,1.0,2
2030,126,143,1.0,2
2030,127,137,1.0,2
2030,128,125,1.0,2
2030,129,95,1.0,2
2030,130,26,1.0,2
2030,131,22,1.0,2
2030,132,40,1.0,2
2030,133,60,1.0,2
2030,134,84,1.0,2
2030,135,40,1.0,2
2030,136,114,1.0,2
2030,137,110,1.0,2
2030,138,137,1.0,2
2030,139,53,1.0,2
2030,140,18,1.0,2
2030,141,91,1.0,2
2030,142,19,1.0,2
2030,143,48,1.0,2
2030,144,84,1.0,2
2030,145,45,1.0,2
2030,146,106,1.0,2
2030,147,29,1.0,2
2030,148,60,1.0,2
2030,149,2,1.0,2
2030,150,72,1.0,2
2030,151,81,1.0,2
2030,152,125,1.0,2
2030,153,31,1.0,2
2030,154,57,1.0,2
2030,155,110,1.0,2
2030,156,137,1.0,2
2030,157,26,1.0,2
2030,158,18,1.0,2
2030,159,19,1.0,2
2030,160,73,1.0,2
2030,161,51,1.0,2
2030,162,48,1.0,2
2030,163,58,1.0,2
2030,164,11,1.0,2
2030,165,68,1.0,2
2030,166,29,1.0,2
2030,167,87,1.0,2
2030,168,60,1.0,2
2030,169,35,1.0,2
2030,170,26,1.0,2
2030,171,26,1.0,2
2030,172,26,1.0,2
2030,173,26,1.0,2
2030,174,126,1.0,2
2030,175,26,1.0,2
2030,176,57,1.0,2
2030,177,137,1.0,2
2030,178,61,1.0,2
2030,179,111,1.0,2
2030,180,18,1.0,2
2030,181,120,1.0,2
2030,182,72,1.0,2
2030,183,116,1.0,2
2030,184,47,1.0,2
2030,185,1,1.0,2
2030,186,111,1.0,2
2030,187,141,1.0,2
2030,188,95,1.0,2
2030,189,125,1.0,2
2030,190,125,1.0,2
2030,191,53,1.0,2
2030,192,125,1.0,2
2030,193,95,1.0,2
2030,194,134,1.0,2
2030,195,74,1.0,2
2030,196,126,1.0,2
2030,197,70,1.0,2
2030,198,67,1.0,2
2030,199,67,1.0,2
2030,200,117,1.0,2
2030,201,80,1.0,2
2030,202,35,1.0,2
2030,203,90,1.0,2
2030,204,111,1.0,2
2030,205,141,1.0,2
2030,206,74,1.0,2
2030,207,74,1.0,2
2030,208,142,1.0,2
2030,209,70,1.0,2
2030,210,111,1.0,2
2030,211,18,1.0,2
2030,212,81,1.0,2
2030,213,111,1.0,2
2030,214,46,1.0,2
2030,215,73,1.0,2
2030,216,45,1.0,2
2030,217,146,1.0,2
2030,218,74,1.0,2
2030,219,102,1.0,2
2030,220,64,1.0,2
2030,221,40,1.0,2
2030,222,46,1.0,2
2030,223,138,1.0,2
2030,224,138,1.0,2
2030,225,124,1.0,2
2030,226,114,1.0,2
2030,227,45,1.0,2
2030,228,61,1.0,2
2030,229,136,1.0,2
2030,230,9,1.0,2
2030,231,146,1.0,2
2030,232,141,1.0,2
2030,233,142,1.0,2
2030,234,148,1.0,2
2030,235,19,1.0,2
2030,236,107,1.0,2
2030,237,1,1.0,2
2030,238,117,1.0,2
2030,239,84,1.0,2
2030,240,80,1.0,2
2030,241,80,1.0,2
2030,242,107,1.0,2
2030,243,142,1.0,2
2030,244,142,1.0,2
2030,245,46,1.0,2
2030,246,2,1.0,2
2030,247,110,1.0,2
2030,248,80,1.0,2
2030,249,107,1.0,2
2030,250,142,1.0,2
2030,251,146,1.0,2
2030,252,135,1.0,2
2030,253,68,1.0,2
2030,254,142,1.0,2
2030,255,116,1.0,2
2030,256,143,1.0,2
2030,257,101,1.0,2
2030,258,13,1.0,2
2030,259,74,1.0,2
2030,260,64,1.0,2
2030,261,143,1.0,2
2030,262,77,1.0,2
2030,263,36,1.0,2
2030,264,10,1.0,2
2030,265,121,1.0,2
2030,266,91,1.0,2
2030,267,144,1.0,2
2030,268,39,1.0,2
2030,269,88,1.0,2
2030,270,91,1.0,2
2030,271,24,1.0,2
2030,272,1,1.0,2
2030,273,53,1.0,2
2030,274,91,1.0,2
2030,275,67,1.0,2
2030,276,58,1.0,2
2030,277,138,1.0,2
2030,278,149,1.0,2
2030,279,72,1.0,2
2030,280,23,1.0,2
2030,281,53,1.0,2
2030,282,29,1.0,2
2030,283,63,1.0,2
2030,284,29,1.0,2
2030,285,120,1.0,2
2030,286,118,1.0,2
2030,287,82,1.0,2
2030,288,92,1.0,2
2030,289,118,1.0,2
2030,290,116,1.0,2
2030,291,56,1.0,2
2030,292,47,1.0,2
2030,293,84,1.0,2
2030,294,101,1.0,2
2030,295,65,1.0,2
2030,296,116,1.0,2
2030,297,27,1.0,2
2030,298,67,1.0,2
2030,299,83,1.0,2
2030,300,12,1.0,2
2030,301,75,1.0,2
2030,302,67,1.0,2
2030,303,93,1.0,2
2030,304,143,1.0,2
2030,305,143,1.0,2
2030,306,59,1.0,2
2030,307,105,1.0,2
2030,308,42,1.0,2
2030,309,134,1.0,2
2030,310,8,1.0,2
2030,311,43,1.0,2
2030,312,93,1.0,2
2030,313,49,1.0,2
2030,314,128,1.0,2
2030,315,101,1.0,2
2030,316,49,1.0,2
2030,317,64,1.0,2
2030,318,84,1.0,2
2030,319,129,1.0,2
2030,320,101,1.0,2
2030,321,20,1.0,2
2030,322,97,1.0,2
2030,323,92,1.0,2
2030,324,82,1.0,2
2030,325,8,1.0,2
2030,326,8,1.0,2
2030,327,8,1.0,2
2030,328,8,1.0,2
2030,329,91,1.0,2
2030,330,67,1.0,2
2030,331,8,1.0,2
2030,332,79,1.0,2
2030,333,122,1.0,2
2030,334,21,1.0,2
2030,335,79,1.0,2
2030,336,149,1.0,2
2030,337,49,1.0,2
2030,338,144,1.0,2
2030,339,82,1.0,2
2030,340,119,1.0,2
2030,341,92,1.0,2
2030,342,55,1.0,2
2030,343,56,1.0,2
2030,344,30,1.0,2
2030,345,97,1.0,2
2030,346,3,1.0,2
2030,347,118,1.0,2
2030,348,129,1.0,2
2030,349,56,1.0,2
2030,350,27,1.0,2
2030,351,29,1.0,2
2030,352,49,1.0,2
2030,353,83,1.0,2
2030,354,122,1.0,2
2030,355,30,1.0,2
2030,356,59,1.0,2
2030,357,94,1.0,2
2030,358,85,1.0,2
2030,359,56,1.0,2
2030,360,101,1.0,2
2030,361,38,1.0,2
2030,362,54,1.0,2
2030,363,50,1.0,2
2030,364,50,1.0,2
2030,365,50,1.0,2
2030,1,129,1.0,3
2030,2,28,1.0,3
2030,3,47,1.0,3
2030,4,145,1.0,3
2030,5,147,1.0,3
2030,6,8,1.0,3
2030,7,15,1.0,3
2030,8,50,1.0,3
2030,9,71,1.0,3
2030,10,50,1.0,3
2030,11,17,1.0,3
2030,12,8,1.0,3
2030,13,79,1.0,3
2030,14,148,1.0,3
2030,15,79,1.0,3
2030,16,3,1.0,3
2030,17,47,1.0,3
2030,18,108,1.0,3
2030,19,145,1.0,3
2030,20,71,1.0,3
2030,21,105,1.0,3
2030,22,92,1.0,3
2030,23,25,1.0,3
2030,24,47,1.0,3
2030,25,47,1.0,3
2030,26,134,1.0,3
2030,27,119,1.0,3
2030,28,10,1.0,3
2030,29,30,1.0,3
2030,30,27,1.0,3
2030,31,129,1.0,3
2030,32,134,1.0,3
2030,33,99,1.0,3
2030,34,96,1.0,3
2030,35,10,1.0,3
2030,36,12,1.0,3
2030,37,10,1.0,3
2030,38,129,1.0,3
2030,39,103,1.0,3
2030,40,78,1.0,3
2030,41,83,1.0,3
2030,42,149,1.0,3
2030,43,47,1.0,3
2030,44,3,1.0,3
2030,45,49,1.0,3
2030,46,50,1.0,3
2030,47,41,1.0,3
2030,48,94,1.0,3
2030,49,102,1.0,3
2030,50,129,1.0,3
2030,51,101,1.0,3
2030,52,20,1.0,3
2030,53,28,1.0,3
2030,54,112,1.0,3
2030,55,84,1.0,3
2030,56,120,1.0,3
2030,57,28,1.0,3
2030,58,29,1.0,3
2030,59,63,1.0,3
2030,60,118,1.0,3
2030,61,65,1.0,3
2030,62,129,1.0,3
2030,63,39,1.0,3
2030,64,63,1.0,3
2030,65,63,1.0,3
2030,66,63,1.0,3
2030,67,63,1.0,3
2030,68,120,1.0,3
2030,69,51,1.0,3
2030,70,91,1.0,3
2030,71,81,1.0,3
2030,72,114,1.0,3
2030,73,47,1.0,3
2030,74,55,1.0,3
2030,75,124,1.0,3
2030,76,122,1.0,3
2030,77,101,1.0,3
2030,78,143,1.0,3
2030,79,28,1.0,3
2030,80,112,1.0,3
2030,81,17,1.0,3
2030,82,134,1.0,3
2030,83,74,1.0,3
2030,84,111,1.0,3
2030,85,44,1.0,3
2030,86,91,1.0,3
2030,87,32,1.0,3
2030,88,99,1.0,3
2030,89,28,1.0,3
2030,90,28,1.0,3
2030,91,51,1.0,3
2030,92,142,1.0,3
2030,93,133,1.0,3
2030,94,112,1.0,3
2030,95,134,1.0,3
2030,96,140,1.0,3
2030,97,111,1.0,3
2030,98,16,1.0,3
2030,99,136,1.0,3
2030,100,107,1.0,3
2030,101,43,1.0,3
2030,102,16,1.0,3
2030,103,34,1.0,3
2030,104,123,1.0,3
2030,105,18,1.0,3
2030,106,134,1.0,3
2030,107,6,1.0,3
2030,108,80,1.0,3
2030,109,123,1.0,3
2030,110,121,1.0,3
2030,111,5,1.0,3
2030,112,114,1.0,3
2030,113,106,1.0,3
2030,114,21,1.0,3
2030,115,5,1.0,3
2030,116,57,1.0,3
2030,117,60,1.0,3
2030,118,34,1.0,3
2030,119,102,1.0,3
2030,120,1,1.0,3
2030,121,32,1.0,3
2030,122,11,1.0,3
2030,123,1,1.0,3
2030,124,23,1.0,3
2030,125,111,1.0,3
2030,126,93,1.0,3
2030,127,112,1.0,3
2030,128,123,1.0,3
2030,129,134,1.0,3
2030,130,61,1.0,3
2030,131,61,1.0,3
2030,132,133,1.0,3
2030,133,1,1.0,3
2030,134,44,1.0,3
2030,135,135,1.0,3
2030,136,84,1.0,3
2030,137,72,1.0,3
2030,138,13,1.0,3
2030,139,57,1.0,3
2030,140,143,1.0,3
2030,141,20,1.0,3
2030,142,52,1.0,3
2030,143,80,1.0,3
2030,144,1,1.0,3
2030,145,46,1.0,3
2030,146,91,1.0,3
2030,147,46,1.0,3
2030,148,2,1.0,3
2030,149,29,1.0,3
2030,150,121,1.0,3
2030,151,64,1.0,3
2030,152,116,1.0,3
2030,153,35,1.0,3
2030,154,22,1.0,3
2030,155,72,1.0,3
2030,156,123,1.0,3
2030,157,61,1.0,3
2030,158,91,1.0,3
2030,159,117,1.0,3
2030,160,40,1.0,3
2030,161,23,1.0,3
2030,162,75,1.0,3
2030,163,74,1.0,3
2030,164,22,1.0,3
2030,165,143,1.0,3
2030,166,118,1.0,3
2030,167,111,1.0,3
2030,168,141,1.0,3
2030,169,11,1.0,3
2030,170,63,1.0,3
2030,171,110,1.0,3
2030,172,110,1.0,3
2030,173,114,1.0,3
2030,174,125,1.0,3
2030,175,90,1.0,3
2030,176,90,1.0,3
2030,177,90,1.0,3
2030,178,26,1.0,3
2030,179,124,1.0,3
2030,180,53,1.0,3
2030,181,91,1.0,3
2030,182,75,1.0,3
2030,183,126,1.0,3
2030,184,26,1.0,3
2030,185,11,1.0,3
2030,186,125,1.0,3
2030,187,11,1.0,3
2030,188,69,1.0,3
2030,189,35,1.0,3
2030,190,26,1.0,3
2030,191,131,1.0,3
2030,192,53,1.0,3
2030,193,91,1.0,3
2030,194,136,1.0,3
2030,195,81,1.0,3
2030,196,80,1.0,3
2030,197,112,1.0,3
2030,198,131,1.0,3
2030,199,26,1.0,3
2030,200,34,1.0,3
2030,201,2,1.0,3
2030,202,137,1.0,3
2030,203,5,1.0,3
2030,204,64,1.0,3
2030,205,81,1.0,3
2030,206,142,1.0,3
2030,207,146,1.0,3
2030,208,124,1.0,3
2030,209,90,1.0,3
2030,210,11,1.0,3
2030,211,13,1.0,3
2030,212,74,1.0,3
2030,213,141,1.0,3
2030,214,90,1.0,3
2030,215,90,1.0,3
2030,216,90,1.0,3
2030,217,90,1.0,3
2030,218,34,1.0,3
2030,219,102,1.0,3
2030,220,22,1.0,3
2030,221,98,1.0,3
2030,222,1,1.0,3
2030,223,73,1.0,3
2030,224,76,1.0,3
2030,225,107,1.0,3
2030,226,1,1.0,3
2030,227,142,1.0,3
2030,228,57,1.0,3
2030,229,51,1.0,3
2030,230,45,1.0,3
2030,231,5,1.0,3
2030,232,121,1.0,3
2030,233,23,1.0,3
2030,234,34,1.0,3
2030,235,31,1.0,3
2030,236,66,1.0,3
2030,237,131,1.0,3
2030,238,121,1.0,3
2030,239,23,1.0,3
2030,240,34,1.0,3
2030,241,133,1.0,3
2030,242,40,1.0,3
2030,243,80,1.0,3
2030,244,48,1.0,3
2030,245,73,1.0,3
2030,246,72,1.0,3
2030,247,102,1.0,3
2030,248,142,1.0,3
2030,249,43,1.0,3
2030,250,121,1.0,3
2030,251,60,1.0,3
2030,252,64,1.0,3
2030,253,63,1.0,3
2030,254,23,1.0,3
2030,255,6,1.0,3
2030,256,20,1.0,3
2030,257,56,1.0,3
2030,258,45,1.0,3
2030,259,67,1.0,3
2030,260,74,1.0,3
2030,261,140,1.0,3
2030,262,140,1.0,3
2030,263,140,1.0,3
2030,264,53,1.0,3
2030,265,58,1.0,3
2030,266,111,1.0,3
2030,267,67,1.0,3
2030,268,140,1.0,3
2030,269,75,1.0,3
2030,270,18,1.0,3
2030,271,106,1.0,3
2030,272,73,1.0,3
2030,273,72,1.0,3
2030,274,72,1.0,3
2030,275,43,1.0,3
2030,276,121,1.0,3
2030,277,135,1.0,3
2030,278,128,1.0,3
2030,279,132,1.0,3
2030,280,83,1.0,3
2030,281,45,1.0,3
2030,282,67,1.0,3
2030,283,67,1.0,3
2030,284,67,1.0,3
2030,285,67,1.0,3
2030,286,93,1.0,3
2030,287,76,1.0,3
2030,288,64,1.0,3
2030,289,120,1.0,3
2030,290,101,1.0,3
2030,291,47,1.0,3
2030,292,65,1.0,3
2030,293,143,1.0,3
2030,294,101,1.0,3
2030,295,40,1.0,3
2030,296,29,1.0,3
2030,297,40,1.0,3
2030,298,134,1.0,3
2030,299,67,1.0,3
2030,300,54,1.0,3
2030,301,67,1.0,3
2030,302,119,1.0,3
2030,303,43,1.0,3
2030,304,147,1.0,3
2030,305,67,1.0,3
2030,306,134,1.0,3
2030,307,93,1.0,3
2030,308,40,1.0,3
2030,309,127,1.0,3
2030,310,91,1.0,3
2030,311,4,1.0,3
2030,312,40,1.0,3
2030,313,52,1.0,3
2030,314,10,1.0,3
2030,315,24,1.0,3
2030,316,27,1.0,3
2030,317,46,1.0,3
2030,318,148,1.0,3
2030,319,50,1.0,3
2030,320,147,1.0,3
2030,321,32,1.0,3
2030,322,79,1.0,3
2030,323,98,1.0,3
2030,324,47,1.0,3
2030,325,118,1.0,3
2030,326,139,1.0,3
2030,327,47,1.0,3
2030,328,94,1.0,3
2030,329,93,1.0,3
2030,330,98,1.0,3
2030,331,116,1.0,3
2030,332,113,1.0,3
2030,333,21,1.0,3
2030,334,116,1.0,3
2030,335,113,1.0,3
2030,336,109,1.0,3
2030,337,134,1.0,3
2030,338,83,1.0,3
2030,339,113,1.0,3
2030,340,47,1.0,3
2030,341,21,1.0,3
2030,342,40,1.0,3
2030,343,79,1.0,3
2030,344,3,1.0,3
2030,345,28,1.0,3
2030,346,47,1.0,3
2030,347,113,1.0,3
2030,348,113,1.0,3
2030,349,59,1.0,3
2030,350,149,1.0,3
2030,351,77,1.0,3
2030,352,129,1.0,3
2030,353,59,1.0,3
2030,354,10,1.0,3
2030,355,98,1.0,3
2030,356,98,1.0,3
2030,357,24,1.0,3
2030,358,109,1.0,3
2030,359,98,1.0,3
2030,360,79,1.0,3
2030,361,33,1.0,3
2030,362,52,1.0,3
2030,363,40,1.0,3
2030,364,134,1.0,3
2030,365,8,1.0,3
2030,1,139,1.0,4
2030,2,25,1.0,4
2030,3,47,1.0,4
2030,4,55,1.0,4
2030,5,98,1.0,4
2030,6,82,1.0,4
2030,7,8,1.0,4
2030,8,43,1.0,4
2030,9,15,1.0,4
2030,10,24,1.0,4
2030,11,108,1.0,4
2030,12,113,1.0,4
2030,13,49,1.0,4
2030,14,144,1.0,4
2030,15,47,1.0,4
2030,16,59,1.0,4
2030,17,49,1.0,4
2030,18,36,1.0,4
2030,19,21,1.0,4
2030,20,116,1.0,4
2030,21,28,1.0,4
2030,22,52,1.0,4
2030,23,33,1.0,4
2030,24,52,1.0,4
2030,25,134,1.0,4
2030,26,8,1.0,4
2030,27,8,1.0,4
2030,28,93,1.0,4
2030,29,132,1.0,4
2030,30,17,1.0,4
2030,31,8,1.0,4
2030,32,8,1.0,4
2030,33,41,1.0,4
2030,34,55,1.0,4
2030,35,145,1.0,4
2030,36,79,1.0,4
2030,37,129,1.0,4
2030,38,59,1.0,4
2030,39,41,1.0,4
2030,40,52,1.0,4
2030,41,71,1.0,4
2030,42,50,1.0,4
2030,43,78,1.0,4
2030,44,12,1.0,4
2030,45,78,1.0,4
2030,46,50,1.0,4
2030,47,8,1.0,4
2030,48,79,1.0,4
2030,49,15,1.0,4
2030,50,122,1.0,4
2030,51,143,1.0,4
2030,52,47,1.0,4
2030,53,50,1.0,4
2030,54,118,1.0,4
2030,55,4,1.0,4
2030,56,96,1.0,4
2030,57,42,1.0,4
2030,58,134,1.0,4
2030,59,79,1.0,4
2030,60,118,1.0,4
2030,61,92,1.0,4
2030,62,89,1.0,4
2030,63,7,1.0,4
2030,64,115,1.0,4
2030,65,118,1.0,4
2030,66,64,1.0,4
2030,67,52,1.0,4
2030,68,106,1.0,4
2030,69,45,1.0,4
2030,70,124,1.0,4
2030,71,71,1.0,4
2030,72,29,1.0,4
2030,73,47,1.0,4
2030,74,55,1.0,4
2030,75,55,1.0,4
2030,76,79,1.0,4
2030,77,143,1.0,4
2030,78,55,1.0,4
2030,79,15,1.0,4
2030,80,48,1.0,4
2030,81,9,1.0,4
2030,82,29,1.0,4
2030,83,134,1.0,4
2030,84,75,1.0,4
2030,85,67,1.0,4
2030,86,17,1.0,4
2030,87,34,1.0,4
2030,88,29,1.0,4
2030,89,112,1.0,4
2030,90,70,1.0,4
2030,91,124,1.0,4
2030,92,146,1.0,4
2030,93,67,1.0,4
2030,94,91,1.0,4
2030,95,125,1.0,4
2030,96,134,1.0,4
2030,97,142,1.0,4
2030,98,16,1.0,4
2030,99,124,1.0,4
2030,100,133,1.0,4
2030,101,2,1.0,4
2030,102,78,1.0,4
2030,103,5,1.0,4
2030,104,5,1.0,4
2030,105,23,1.0,4
2030,106,26,1.0,4
2030,107,99,1.0,4
2030,108,40,1.0,4
2030,109,124,1.0,4
2030,110,136,1.0,4
2030,111,48,1.0,4
2030,112,46,1.0,4
2030,113,138,1.0,4
2030,114,99,1.0,4
2030,115,45,1.0,4
2030,116,31,1.0,4
2030,117,62,1.0,4
2030,118,11,1.0,4
2030,119,120,1.0,4
2030,120,20,1.0,4
2030,121,20,1.0,4
2030,122,72,1.0,4
2030,123,51,1.0,4
2030,124,137,1.0,4
2030,125,67,1.0,4
2030,126,18,1.0,4
2030,127,46,1.0,4
2030,128,110,1.0,4
2030,129,69,1.0,4
2030,130,142,1.0,4
2030,131,34,1.0,4
2030,132,107,1.0,4
2030,133,26,1.0,4
2030,134,34,1.0,4
2030,135,29,1.0,4
2030,136,49,1.0,4
2030,137,34,1.0,4
2030,138,13,1.0,4
2030,139,26,1.0,4
2030,140,26,1.0,4
2030,141,26,1.0,4
2030,142,34,1.0,4
2030,143,114,1.0,4
2030,144,125,1.0,4
2030,145,125,1.0,4
2030,146,26,1.0,4
2030,147,90,1.0,4
2030,148,26,1.0,4
2030,149,34,1.0,4
2030,150,50,1.0,4
2030,151,26,1.0,4
2030,152,114,1.0,4
2030,153,114,1.0,4
2030,154,13,1.0,4
2030,155,131,1.0,4
2030,156,106,1.0,4
2030,157,45,1.0,4
2030,158,34,1.0,4
2030,159,29,1.0,4
2030,160,77,1.0,4
2030,161,137,1.0,4
2030,162,9,1.0,4
2030,163,131,1.0,4
2030,164,126,1.0,4
2030,165,67,1.0,4
2030,166,95,1.0,4
2030,167,123,1.0,4
2030,168,121,1.0,4
2030,169,111,1.0,4
2030,170,46,1.0,4
2030,171,112,1.0,4
2030,172,34,1.0,4
2030,173,114,1.0,4
2030,174,87,1.0,4
2030,175,80,1.0,4
2030,176,9,1.0,4
2030,177,141,1.0,4
2030,178,90,1.0,4
2030,179,26,1.0,4
2030,180,90,1.0,4
2030,181,135,1.0,4
2030,182,45,1.0,4
2030,183,61,1.0,4
2030,184,26,1.0,4
2030,185,95,1.0,4
2030,186,5,1.0,4
2030,187,34,1.0,4
2030,188,142,1.0,4
2030,189,111,1.0,4
2030,190,135,1.0,4
2030,191,120,1.0,4
2030,192,72,1.0,4
2030,193,69,1.0,4
2030,194,2,1.0,4
2030,195,114,1.0,4
2030,196,142,1.0,4
2030,197,125,1.0,4
2030,198,91,1.0,4
2030,199,121,1.0,4
2030,200,46,1.0,4
2030,201,43,1.0,4
2030,202,134,1.0,4
2030,203,146,1.0,4
2030,204,91,1.0,4
2030,205,46,1.0,4
2030,206,142,1.0,4
2030,207,134,1.0,4
2030,208,124,1.0,4
2030,209,121,1.0,4
2030,210,14,1.0,4
2030,211,13,1.0,4
2030,212,18,1.0,4
2030,213,42,1.0,4
2030,214,138,1.0,4
2030,215,126,1.0,4
2030,216,126,1.0,4
2030,217,117,1.0,4
2030,218,70,1.0,4
2030,219,126,1.0,4
2030,220,90,1.0,4
2030,221,125,1.0,4
2030,222,62,1.0,4
2030,223,66,1.0,4
2030,224,90,1.0,4
2030,225,124,1.0,4
2030,226,125,1.0,4
2030,227,125,1.0,4
2030,228,11,1.0,4
2030,229,72,1.0,4
2030,230,143,1.0,4
2030,231,45,1.0,4
2030,232,138,1.0,4
2030,233,91,1.0,4
2030,234,18,1.0,4
2030,235,111,1.0,4
2030,236,117,1.0,4
2030,237,111,1.0,4
2030,238,75,1.0,4
2030,239,117,1.0,4
2030,240,111,1.0,4
2030,241,140,1.0,4
2030,242,100,1.0,4
2030,243,124,1.0,4
2030,244,111,1.0,4
2030,245,135,1.0,4
2030,246,107,1.0,4
2030,247,2,1.0,4
2030,248,63,1.0,4
2030,249,96,1.0,4
2030,250,91,1.0,4
2030,251,91,1.0,4
2030,252,67,1.0,4
2030,253,74,1.0,4
2030,254,18,1.0,4
2030,255,104,1.0,4
2030,256,64,1.0,4
2030,257,121,1.0,4
2030,258,120,1.0,4
2030,259,39,1.0,4
2030,260,68,1.0,4
2030,261,93,1.0,4
2030,262,143,1.0,4
2030,263,13,1.0,4
2030,264,43,1.0,4
2030,265,147,1.0,4
2030,266,67,1.0,4
2030,267,140,1.0,4
2030,268,140,1.0,4
2030,269,67,1.0,4
2030,270,18,1.0,4
2030,271,29,1.0,4
2030,272,13,1.0,4
2030,273,42,1.0,4
2030,274,6,1.0,4
2030,275,28,1.0,4
2030,276,38,1.0,4
2030,277,19,1.0,4
2030,278,43,1.0,4
2030,279,116,1.0,4
2030,280,106,1.0,4
2030,281,84,1.0,4
2030,282,29,1.0,4
2030,283,143,1.0,4
2030,284,96,1.0,4
2030,285,46,1.0,4
2030,286,127,1.0,4
2030,287,46,1.0,4
2030,288,120,1.0,4
2030,289,59,1.0,4
2030,290,67,1.0,4
2030,291,32,1.0,4
2030,292,58,1.0,4
2030,293,43,1.0,4
2030,294,29,1.0,4
2030,295,40,1.0,4
2030,296,43,1.0,4
2030,297,19,1.0,4
2030,298,88,1.0,4
2030,299,37,1.0,4
2030,300,67,1.0,4
2030,301,64,1.0,4
2030,302,106,1.0,4
2030,303,83,1.0,4
2030,304,29,1.0,4
2030,305,52,1.0,4
2030,306,67,1.0,4
2030,307,67,1.0,4
2030,308,67,1.0,4
2030,309,32,1.0,4
2030,310,148,1.0,4
2030,311,36,1.0,4
2030,312,52,1.0,4
2030,313,79,1.0,4
2030,314,82,1.0,4
2030,315,7,1.0,4
2030,316,130,1.0,4
2030,317,79,1.0,4
2030,318,118,1.0,4
2030,319,52,1.0,4
2030,320,52,1.0,4
2030,321,147,1.0,4
2030,322,32,1.0,4
2030,323,52,1.0,4
2030,324,83,1.0,4
2030,325,101,1.0,4
2030,326,86,1.0,4
2030,327,40,1.0,4
2030,328,52,1.0,4
2030,329,84,1.0,4
2030,330,148,1.0,4
2030,331,105,1.0,4
2030,332,50,1.0,4
2030,333,93,1.0,4
2030,334,113,1.0,4
2030,335,27,1.0,4
2030,336,138,1.0,4
2030,337,119,1.0,4
2030,338,148,1.0,4
2030,339,43,1.0,4
2030,340,134,1.0,4
2030,341,27,1.0,4
2030,342,7,1.0,4
2030,343,40,1.0,4
2030,344,10,1.0,4
2030,345,129,1.0,4
2030,346,56,1.0,4
2030,347,113,1.0,4
2030,348,38,1.0,4
2030,349,150,1.0,4
2030,350,105,1.0,4
2030,351,3,1.0,4
2030,352,20,1.0,4
2030,353,38,1.0,4
2030,354,83,1.0,4
2030,355,49,1.0,4
2030,356,8,1.0,4
2030,357,8,1.0,4
2030,358,36,1.0,4
2030,359,54,1.0,4
2030,360,105,1.0,4
2030,361,93,1.0,4
2030,362,47,1.0,4
2030,363,113,1.0,4
2030,364,21,1.0,4
2030,365,30,1.0,4
2030,1,27,1.0,5
2030,2,50,1.0,5
2030,3,71,1.0,5
2030,4,85,1.0,5
2030,5,27,1.0,5
2030,6,94,1.0,5
2030,7,127,1.0,5
2030,8,6,1.0,5
2030,9,47,1.0,5
2030,10,94,1.0,5
2030,11,105,1.0,5
2030,12,129,1.0,5
2030,13,28,1.0,5
2030,14,25,1.0,5
2030,15,38,1.0,5
2030,16,83,1.0,5
2030,17,55,1.0,5
2030,18,3,1.0,5
2030,19,50,1.0,5
2030,20,49,1.0,5
2030,21,130,1.0,5
2030,22,119,1.0,5
2030,23,71,1.0,5
2030,24,71,1.0,5
2030,25,71,1.0,5
2030,26,71,1.0,5
2030,27,52,1.0,5
2030,28,130,1.0,5
2030,29,17,1.0,5
2030,30,8,1.0,5
2030,31,71,1.0,5
2030,32,52,1.0,5
2030,33,12,1.0,5
2030,34,10,1.0,5
2030,35,60,1.0,5
2030,36,127,1.0,5
2030,37,8,1.0,5
2030,38,8,1.0,5
2030,39,8,1.0,5
2030,40,8,1.0,5
2030,41,8,1.0,5
2030,42,17,1.0,5
2030,43,78,1.0,5
2030,44,17,1.0,5
2030,45,17,1.0,5
2030,46,8,1.0,5
2030,47,119,1.0,5
2030,48,78,1.0,5
2030,49,71,1.0,5
2030,50,148,1.0,5
2030,51,105,1.0,5
2030,52,41,1.0,5
2030,53,48,1.0,5
2030,54,21,1.0,5
2030,55,21,1.0,5
2030,56,49,1.0,5
2030,57,93,1.0,5
2030,58,47,1.0,5
2030,59,55,1.0,5
2030,60,94,1.0,5
2030,61,52,1.0,5
2030,62,15,1.0,5
2030,63,130,1.0,5
2030,64,119,1.0,5
2030,65,82,1.0,5
2030,66,99,1.0,5
2030,67,28,1.0,5
2030,68,101,1.0,5
2030,69,101,1.0,5
2030,70,72,1.0,5
2030,71,102,1.0,5
2030,72,134,1.0,5
2030,73,8,1.0,5
2030,74,8,1.0,5
2030,75,83,1.0,5
2030,76,87,1.0,5
2030,77,13,1.0,5
2030,78,46,1.0,5
2030,79,130,1.0,5
2030,80,144,1.0,5
2030,81,63,1.0,5
2030,82,31,1.0,5
2030,83,63,1.0,5
2030,84,102,1.0,5
2030,85,104,1.0,5
2030,86,6,1.0,5
2030,87,33,1.0,5
2030,88,106,1.0,5
2030,89,63,1.0,5
2030,90,87,1.0,5
2030,91,57,1.0,5
2030,92,137,1.0,5
2030,93,124,1.0,5
2030,94,15,1.0,5
2030,95,106,1.0,5
2030,96,96,1.0,5
2030,97,111,1.0,5
2030,98,18,1.0,5
2030,99,57,1.0,5
2030,100,48,1.0,5
2030,101,81,1.0,5
2030,102,6,1.0,5
2030,103,9,1.0,5
2030,104,70,1.0,5
2030,105,6,1.0,5
2030,106,143,1.0,5
2030,107,51,1.0,5
2030,108,92,1.0,5
2030,109,20,1.0,5
2030,110,1,1.0,5
2030,111,64,1.0,5
2030,112,120,1.0,5
2030,113,143,1.0,5
2030,114,56,1.0,5
2030,115,143,1.0,5
2030,116,45,1.0,5
2030,117,90,1.0,5
2030,118,34,1.0,5
2030,119,123,1.0,5
2030,120,60,1.0,5
2030,121,81,1.0,5
2030,122,53,1.0,5
2030,123,126,1.0,5
2030,124,26,1.0,5
2030,125,57,1.0,5
2030,126,72,1.0,5
2030,127,63,1.0,5
2030,128,94,1.0,5
2030,129,52,1.0,5
2030,130,15,1.0,5
2030,131,143,1.0,5
2030,132,69,1.0,5
2030,133,13,1.0,5
2030,134,61,1.0,5
2030,135,111,1.0,5
2030,136,46,1.0,5
2030,137,45,1.0,5
2030,138,61,1.0,5
2030,139,95,1.0,5
2030,140,13,1.0,5
2030,141,141,1.0,5
2030,142,90,1.0,5
2030,143,26,1.0,5
2030,144,26,1.0,5
2030,145,95,1.0,5
2030,146,80,1.0,5
2030,147,62,1.0,5
2030,148,62,1.0,5
2030,149,5,1.0,5
2030,150,31,1.0,5
2030,151,121,1.0,5
2030,152,107,1.0,5
2030,153,34,1.0,5
2030,154,110,1.0,5
2030,155,125,1.0,5
2030,156,95,1.0,5
2030,157,6,1.0,5
2030,158,72,1.0,5
2030,159,47,1.0,5
2030,160,98,1.0,5
2030,161,29,1.0,5
2030,162,47,1.0,5
2030,163,3,1.0,5
2030,164,1,1.0,5
2030,165,34,1.0,5
2030,166,10,1.0,5
2030,167,13,1.0,5
2030,168,18,1.0,5
2030,169,111,1.0,5
2030,170,136,1.0,5
2030,171,91,1.0,5
2030,172,138,1.0,5
2030,173,67,1.0,5
2030,174,74,1.0,5
2030,175,136,1.0,5
2030,176,48,1.0,5
2030,177,35,1.0,5
2030,178,11,1.0,5
2030,179,20,1.0,5
2030,180,51,1.0,5
2030,181,125,1.0,5
2030,182,62,1.0,5
2030,183,87,1.0,5
2030,184,81,1.0,5
2030,185,64,1.0,5
2030,186,45,1.0,5
2030,187,67,1.0,5
2030,188,142,1.0,5
2030,189,125,1.0,5
2030,190,34,1.0,5
2030,191,52,1.0,5
2030,192,116,1.0,5
2030,193,45,1.0,5
2030,194,91,1.0,5
2030,195,74,1.0,5
2030,196,90,1.0,5
2030,197,74,1.0,5
2030,198,18,1.0,5
2030,199,2,1.0,5
2030,200,121,1.0,5
2030,201,46,1.0,5
2030,202,11,1.0,5
2030,203,2,1.0,5
2030,204,2,1.0,5
2030,205,2,1.0,5
2030,206,9,1.0,5
2030,207,1,1.0,5
2030,208,53,1.0,5
2030,209,111,1.0,5
2030,210,6,1.0,5
2030,211,1,1.0,5
2030,212,9,1.0,5
2030,213,111,1.0,5
2030,214,91,1.0,5
2030,215,126,1.0,5
2030,216,90,1.0,5
2030,217,95,1.0,5
2030,218,146,1.0,5
2030,219,90,1.0,5
2030,220,90,1.0,5
2030,221,90,1.0,5
2030,222,90,1.0,5
2030,223,16,1.0,5
2030,224,141,1.0,5
2030,225,67,1.0,5
2030,226,74,1.0,5
2030,227,111,1.0,5
2030,228,135,1.0,5
2030,229,102,1.0,5
2030,230,134,1.0,5
2030,231,74,1.0,5
2030,232,74,1.0,5
2030,233,18,1.0,5
2030,234,13,1.0,5
2030,235,135,1.0,5
2030,236,56,1.0,5
2030,237,98,1.0,5
2030,238,121,1.0,5
2030,239,46,1.0,5
2030,240,2,1.0,5
2030,241,60,1.0,5
2030,242,138,1.0,5
2030,243,111,1.0,5
2030,244,140,1.0,5
2030,245,19,1.0,5
2030,246,23,1.0,5
2030,247,135,1.0,5
2030,248,56,1.0,5
2030,249,51,1.0,5
2030,250,142,1.0,5
2030,251,80,1.0,5
2030,252,143,1.0,5
2030,253,40,1.0,5
2030,254,142,1.0,5
2030,255,111,1.0,5
2030,256,140,1.0,5
2030,257,70,1.0,5
2030,258,75,1.0,5
2030,259,18,1.0,5
2030,260,111,1.0,5
2030,261,80,1.0,5
2030,262,84,1.0,5
2030,263,48,1.0,5
2030,264,120,1.0,5
2030,265,38,1.0,5
2030,266,98,1.0,5
2030,267,102,1.0,5
2030,268,40,1.0,5
2030,269,99,1.0,5
2030,270,20,1.0,5
2030,271,143,1.0,5
2030,272,143,1.0,5
2030,273,1,1.0,5
2030,274,134,1.0,5
2030,275,18,1.0,5
2030,276,102,1.0,5
2030,277,80,1.0,5
2030,278,24,1.0,5
2030,279,118,1.0,5
2030,280,129,1.0,5
2030,281,103,1.0,5
2030,282,17,1.0,5
2030,283,67,1.0,5
2030,284,18,1.0,5
2030,285,142,1.0,5
2030,286,32,1.0,5
2030,287,67,1.0,5
2030,288,67,1.0,5
2030,289,18,1.0,5
2030,290,17,1.0,5
2030,291,140,1.0,5
2030,292,75,1.0,5
2030,293,91,1.0,5
2030,294,111,1.0,5
2030,295,144,1.0,5
2030,296,88,1.0,5
2030,297,43,1.0,5
2030,298,134,1.0,5
2030,299,67,1.0,5
2030,300,67,1.0,5
2030,301,67,1.0,5
2030,302,46,1.0,5
2030,303,98,1.0,5
2030,304,98,1.0,5
2030,305,50,1.0,5
2030,306,148,1.0,5
2030,307,43,1.0,5
2030,308,144,1.0,5
2030,309,59,1.0,5
2030,310,92,1.0,5
2030,311,98,1.0,5
2030,312,10,1.0,5
2030,313,98,1.0,5
2030,314,122,1.0,5
2030,315,24,1.0,5
2030,316,20,1.0,5
2030,317,47,1.0,5
2030,318,113,1.0,5
2030,319,3,1.0,5
2030,320,47,1.0,5
2030,321,93,1.0,5
2030,322,118,1.0,5
2030,323,98,1.0,5
2030,324,3,1.0,5
2030,325,82,1.0,5
2030,326,83,1.0,5
2030,327,55,1.0,5
2030,328,99,1.0,5
2030,329,101,1.0,5
2030,330,116,1.0,5
2030,331,109,1.0,5
2030,332,3,1.0,5
2030,333,27,1.0,5
2030,334,32,1.0,5
2030,335,50,1.0,5
2030,336,150,1.0,5
2030,337,8,1.0,5
2030,338,144,1.0,5
2030,339,49,1.0,5
2030,340,79,1.0,5
2030,341,134,1.0,5
2030,342,41,1.0,5
2030,343,89,1.0,5
2030,344,144,1.0,5
2030,345,49,1.0,5
2030,346,79,1.0,5
2030,347,108,1.0,5
2030,348,98,1.0,5
2030,349,30,1.0,5
2030,350,47,1.0,5
2030,351,94,1.0,5
2030,352,120,1.0,5
2030,353,59,1.0,5
2030,354,98,1.0,5
2030,355,113,1.0,5
2030,356,82,1.0,5
2030,357,79,1.0,5
2030,358,145,1.0,5
2030,359,10,1.0,5
2030,360,122,1.0,5
2030,361,113,1.0,5
2030,362,21,1.0,5
2030,363,129,1.0,5
2030,364,101,1.0,5
2030,365,108,1.0,5
