year,period,rep_period,weight,scenario
2050,1,3,0.10120410616446762,0
2050,1,8,0.09650290684824486,0
2050,1,13,0.039385152419194054,0
2050,1,15,0.46987606319735326,0
2050,1,27,0.29303177137074016,0
2050,2,4,0.12267077295614565,0
2050,2,13,0.31238183119112417,0
2050,2,15,0.3557745184616422,0
2050,2,27,0.20917287739108803,0
2050,3,2,0.05987129278206854,0
2050,3,3,0.07223293403611002,0
2050,3,5,0.017297450476197462,0
2050,3,10,0.04542441444975652,0
2050,3,13,0.3935504628723306,0
2050,3,15,0.2031578266512223,0
2050,3,27,0.20846561873231456,0
2050,4,2,0.05104577094863814,0
2050,4,3,0.12735850783443037,0
2050,4,4,0.08749862236126202,0
2050,4,10,0.07983535363580392,0
2050,4,13,0.24120709027793166,0
2050,4,27,0.41305465494193383,0
2050,5,27,1.0,0
2050,6,4,0.021367709184556827,0
2050,6,8,0.29843095331561104,0
2050,6,13,0.03569992750564883,0
2050,6,15,0.05805111746815032,0
2050,6,20,0.03307900886962214,0
2050,6,25,0.01313157883171652,0
2050,6,27,0.343164786725569,0
2050,6,29,0.073201645949435,0
2050,6,30,0.12387327214969034,0
2050,7,3,0.04874546273726065,0
2050,7,8,0.0490409179495203,0
2050,7,13,0.03660887758693072,0
2050,7,15,0.46865761641376935,0
2050,7,18,0.09473444944788334,0
2050,7,27,0.3022126758646358,0
2050,8,4,0.0428837284820002,0
2050,8,13,0.24937059483517632,0
2050,8,15,0.5739277625358219,0
2050,8,27,0.13381791414700173,0
2050,9,4,0.31268559466317253,0
2050,9,13,0.4280602358380096,0
2050,9,23,0.058819106522187935,0
2050,9,27,0.2004350629766299,0
2050,10,4,0.20601298292425496,0
2050,10,8,0.052258133489140234,0
2050,10,10,0.058536469035283534,0
2050,10,13,0.5825352434319834,0
2050,10,23,0.0363043762710908,0
2050,10,27,0.06435279484824709,0
2050,11,3,0.026281441906703354,0
2050,11,4,0.2978280880926302,0
2050,11,10,0.02108582548625751,0
2050,11,13,0.5112482367798639,0
2050,11,27,0.14355640773454514,0
2050,12,3,0.01654546957980275,0
2050,12,4,0.12140882161348145,0
2050,12,10,0.10705176389388539,0
2050,12,13,0.48387630098760376,0
2050,12,15,0.04238063972569976,0
2050,12,27,0.22873700419952694,0
2050,13,3,0.05831875291643116,0
2050,13,4,0.21915970143541907,0
2050,13,10,0.010805453831528623,0
2050,13,13,0.22421716104168143,0
2050,13,15,0.37267262715672894,0
2050,13,27,0.11482630361821064,0
2050,14,4,0.30164571022931935,0
2050,14,10,0.011515913078691433,0
2050,14,13,0.13441293051960299,0
2050,14,15,0.5085417898861955,0
2050,14,27,0.0438836562861909,0
2050,15,3,0.07034795153570053,0
2050,15,10,0.03344123559190303,0
2050,15,13,0.3529909706577291,0
2050,15,15,0.3829850275682878,0
2050,15,23,0.16023481464637954,0
2050,16,3,0.34901441298696617,0
2050,16,4,0.07225740548424714,0
2050,16,10,0.21278368932283548,0
2050,16,13,0.07740123723901049,0
2050,16,15,0.21126396351832283,0
2050,16,27,0.037703976753619105,0
2050,16,28,0.039575314694998816,0
2050,17,3,0.1856332965086083,0
2050,17,4,0.08999833370304587,0
2050,17,8,0.12394327984515217,0
2050,17,10,0.17347594728932958,0
2050,17,15,0.18621517037045884,0
2050,17,27,0.17688837619661946,0
2050,17,28,0.06384559608678572,0
2050,18,7,0.06290970866096628,0
2050,18,15,0.21072770036850014,0
2050,18,18,0.17264051398967478,0
2050,18,19,0.1597439605263165,0
2050,18,20,0.09724239296334154,0
2050,18,24,0.17648998844354735,0
2050,18,27,0.12024573504765337,0
2050,19,20,1.0,0
2050,20,3,0.08863479282620025,0
2050,20,5,0.09856353814047161,0
2050,20,7,0.06631483677304888,0
2050,20,14,0.06016700411228508,0
2050,20,15,0.12950888454689238,0
2050,20,16,0.062397617711462856,0
2050,20,17,0.09559882273736432,0
2050,20,18,0.043282541197413954,0
2050,20,20,0.35553196195486064,0
2050,21,3,0.05198590603909242,0
2050,21,7,0.08293105099299776,0
2050,21,14,0.17624391030668818,0
2050,21,15,0.136808439253085,0
2050,21,17,0.03810141630487657,0
2050,21,18,0.12141012218444101,0
2050,21,19,0.19037364482391375,0
2050,21,20,0.0760696547996622,0
2050,21,24,0.12607585529524307,0
2050,22,19,1.0,0
2050,23,3,0.07256513594107594,0
2050,23,4,0.06884710940776778,0
2050,23,14,0.16497763731326723,0
2050,23,19,0.2613887620384633,0
2050,23,26,0.2990264070906852,0
2050,23,27,0.1331949482087407,0
2050,24,3,0.048551652292139404,0
2050,24,4,0.18426371814481887,0
2050,24,8,0.036604143920590554,0
2050,24,10,0.02393724686300783,0
2050,24,13,0.2651232544128993,0
2050,24,15,0.034075091730627664,0
2050,24,19,0.13194646229036805,0
2050,24,23,0.10246330953448271,0
2050,24,27,0.05548872666952893,0
2050,24,29,0.015442657441224342,0
2050,24,30,0.10210373670031218,0
2050,25,4,0.23768220727488593,0
2050,25,19,0.3224958245340555,0
2050,25,23,0.11518953587840548,0
2050,25,26,0.22189217211834414,0
2050,25,27,0.10274026019430885,0
2050,26,4,0.10515111097395244,0
2050,26,8,0.032566057938487825,0
2050,26,13,0.1380478838682398,0
2050,26,14,0.0969380240044382,0
2050,26,15,0.2577045145153275,0
2050,26,19,0.061982639056214185,0
2050,26,23,0.05118082503220843,0
2050,26,29,0.1506901757918434,0
2050,26,30,0.10573876881928829,0
2050,27,4,0.1423154708661776,0
2050,27,11,0.11161502841708647,0
2050,27,13,0.013784857868007523,0
2050,27,14,0.16494736378222702,0
2050,27,15,0.26360958138622226,0
2050,27,19,0.22455706088575556,0
2050,27,23,0.04521396866433891,0
2050,27,27,0.03395666813018476,0
2050,28,4,0.20845090220975085,0
2050,28,8,0.10580616923253669,0
2050,28,13,0.2099561221124654,0
2050,28,14,0.14697275526676876,0
2050,28,15,0.3288140511784783,0
2050,29,3,0.23681511372895825,0
2050,29,4,0.37438640397733713,0
2050,29,13,0.15523010409099725,0
2050,29,14,0.015343501524698301,0
2050,29,15,0.2030280356908775,0
2050,29,23,0.015196840987131505,0
2050,30,3,0.4812926771457186,0
2050,30,4,0.23206212792541736,0
2050,30,13,0.056371159192527165,0
2050,30,19,0.10768565394038894,0
2050,30,27,0.12258838179594805,0
2050,31,3,0.39626223856332055,0
2050,31,4,0.09912261421628281,0
2050,31,14,0.15511834864620094,0
2050,31,18,0.024536305073707576,0
2050,31,19,0.15360642688312315,0
2050,31,24,0.04632415989633977,0
2050,31,27,0.11096008693100552,0
2050,31,28,0.014069819790019727,0
2050,32,3,0.2884601768485626,0
2050,32,4,0.1196037914615368,0
2050,32,13,0.1518207650170614,0
2050,32,14,0.1660125723080889,0
2050,32,15,0.16550562256700904,0
2050,32,19,0.07133991991153925,0
2050,32,30,0.037257151886201975,0
2050,33,4,0.08774918738367381,0
2050,33,5,0.09074384084376468,0
2050,33,12,0.01676503330882313,0
2050,33,14,0.13979409717192184,0
2050,33,15,0.15446331155141613,0
2050,33,19,0.21015921143918592,0
2050,33,21,0.048294069694240466,0
2050,33,23,0.2210222573116182,0
2050,33,27,0.031008991295355875,0
2050,34,14,1.0,0
2050,35,3,0.07516146466846889,0
2050,35,4,0.0856351942632905,0
2050,35,9,0.010734466032751713,0
2050,35,11,0.029550747533554387,0
2050,35,14,0.27332200408945867,0
2050,35,17,0.18347183300641035,0
2050,35,19,0.34212429040606546,0
2050,36,4,0.18649081713490354,0
2050,36,10,0.1702290850947395,0
2050,36,14,0.028770542373419118,0
2050,36,19,0.5111029382599053,0
2050,36,30,0.10340661713703266,0
2050,37,3,0.20346934486446716,0
2050,37,4,0.2433095779876605,0
2050,37,5,0.027460325293448676,0
2050,37,10,0.10595473490672068,0
2050,37,13,0.24305986012513187,0
2050,37,19,0.1531794476739604,0
2050,37,27,0.023566709148610754,0
2050,38,2,0.04187512084539534,0
2050,38,3,0.13042345812385855,0
2050,38,4,0.09279589694352496,0
2050,38,5,0.21353564384964635,0
2050,38,10,0.08802866007226805,0
2050,38,13,0.20013987814232415,0
2050,38,15,0.21656435786122508,0
2050,38,18,0.016636984161757518,0
2050,39,2,0.09355165416306044,0
2050,39,3,0.1740334020808309,0
2050,39,4,0.2087965713019478,0
2050,39,5,0.030015689557331235,0
2050,39,10,0.1503336803059059,0
2050,39,13,0.2970580018831756,0
2050,39,27,0.04621100070774826,0
2050,40,4,0.12063668835088504,0
2050,40,5,0.11296092267974198,0
2050,40,10,0.18031341566861814,0
2050,40,13,0.12013614786668239,0
2050,40,14,0.12315371726396576,0
2050,40,19,0.12254120939278032,0
2050,40,23,0.043964490434867214,0
2050,40,27,0.17629340834245905,0
2050,41,3,0.0436463899604588,0
2050,41,4,0.12560642472336966,0
2050,41,5,0.29702920726549903,0
2050,41,10,0.037728696983997764,0
2050,41,14,0.02905714119744507,0
2050,41,18,0.04221782479533905,0
2050,41,19,0.20033721994257594,0
2050,41,20,0.09134843406456537,0
2050,41,27,0.12223306587861676,0
2050,41,28,0.010795595188132475,0
2050,42,5,0.14136981641015417,0
2050,42,8,0.09925819406470282,0
2050,42,18,0.4162245543735992,0
2050,42,20,0.22159154909694725,0
2050,42,30,0.12155588605459665,0
2050,43,18,1.0,0
2050,44,3,0.025201955889205187,0
2050,44,4,0.023664398232691182,0
2050,44,13,0.09642131451272487,0
2050,44,14,0.011922974453733925,0
2050,44,18,0.12654774134336202,0
2050,44,23,0.32568953094496494,0
2050,44,25,0.24866447931792843,0
2050,44,29,0.039865608961482925,0
2050,44,30,0.10202199634390657,0
2050,45,23,1.0,0
2050,46,3,0.337319758463152,0
2050,46,5,0.01887608640537825,0
2050,46,6,0.0661933393790138,0
2050,46,10,0.0672566131203967,0
2050,46,12,0.05983935088118671,0
2050,46,14,0.0675053780704132,0
2050,46,15,0.1959192754758051,0
2050,46,18,0.05384208370387419,0
2050,46,23,0.09278330144167389,0
2050,46,26,0.012860000370222283,0
2050,46,27,0.027604812688883873,0
2050,47,2,0.11858223308605499,0
2050,47,3,0.4937026835242758,0
2050,47,5,0.1147943608021658,0
2050,47,13,0.08289272728614978,0
2050,47,15,0.012158483581670501,0
2050,47,18,0.11510308461155246,0
2050,47,27,0.0496640418320055,0
2050,47,28,0.013102385276125117,0
2050,48,3,1.0,0
2050,49,3,0.5511678943396695,0
2050,49,5,0.06054327635282766,0
2050,49,8,0.02430300430127175,0
2050,49,12,0.010069459083664934,0
2050,49,14,0.04525144663293087,0
2050,49,15,0.27103621222301066,0
2050,49,27,0.03762870706662454,0
2050,50,3,0.21485081358255395,0
2050,50,6,0.024687917693038495,0
2050,50,13,0.05198644339359374,0
2050,50,15,0.49854356506269937,0
2050,50,18,0.08582779360662907,0
2050,50,27,0.07432850441758886,0
2050,50,29,0.04977496224389653,0
2050,51,3,0.017206029324959283,0
2050,51,4,0.025470417453180995,0
2050,51,6,0.038223837738592455,0
2050,51,7,0.06802468637296602,0
2050,51,10,0.04428249455561679,0
2050,51,13,0.14236119730056282,0
2050,51,15,0.36807337066493995,0
2050,51,18,0.23511643887419048,0
2050,51,23,0.044192422051844905,0
2050,51,27,0.017049105663146293,0
2050,52,3,0.44761315084502096,0
2050,52,4,0.2269793477776071,0
2050,52,7,0.03938704242594289,0
2050,52,10,0.042359746946241755,0
2050,52,17,0.07131772142019394,0
2050,52,22,0.04509681548999191,0
2050,52,27,0.016851640335581883,0
2050,52,28,0.11039453475941971,0
2050,53,2,0.022845715479072597,0
2050,53,3,0.5151620042662075,0
2050,53,4,0.11335990331388304,0
2050,53,8,0.055660377251010126,0
2050,53,10,0.06417751657394144,0
2050,53,14,0.02928683434645134,0
2050,53,15,0.04968232440646943,0
2050,53,17,0.012503888826589253,0
2050,53,18,0.025674852764301672,0
2050,53,26,0.013580005078708381,0
2050,53,27,0.0611883249870272,0
2050,53,29,0.03687825270633809,0
2050,54,3,0.2125846179114794,0
2050,54,4,0.13837893488783914,0
2050,54,10,0.055479754521153175,0
2050,54,11,0.014339775224894845,0
2050,54,13,0.1964675736903918,0
2050,54,14,0.05796720569768851,0
2050,54,15,0.3036212578404718,0
2050,54,30,0.021160880226081265,0
2050,55,3,0.018103211966695013,0
2050,55,4,0.2873956578633319,0
2050,55,8,0.19639809634023772,0
2050,55,14,0.13419545017231632,0
2050,55,15,0.27694391801174323,0
2050,55,23,0.08696366564567583,0
2050,56,3,0.1773313343676769,0
2050,56,4,0.14320195786370743,0
2050,56,8,0.1529964142627809,0
2050,56,10,0.1765950806702315,0
2050,56,14,0.028936748637964672,0
2050,56,17,0.09442357356311987,0
2050,56,19,0.1838866172693952,0
2050,56,22,0.042628273365123495,0
2050,57,3,0.012040851264400649,0
2050,57,4,0.23407265576408917,0
2050,57,8,0.3546352112176037,0
2050,57,14,0.08096725148128096,0
2050,57,23,0.11609638926118782,0
2050,57,25,0.08888660271028852,0
2050,57,29,0.024550984955644096,0
2050,57,30,0.08875005334550513,0
2050,58,4,0.19746823576224543,0
2050,58,7,0.09270133488925612,0
2050,58,14,0.059444096328161805,0
2050,58,15,0.015590698436235463,0
2050,58,18,0.047314562437458456,0
2050,58,19,0.054206573380979506,0
2050,58,20,0.11022711927482146,0
2050,58,21,0.09730000564162625,0
2050,58,23,0.08137654677071511,0
2050,58,29,0.1360732439702992,0
2050,58,30,0.10829758310820124,0
2050,59,4,0.15021785833375664,0
2050,59,8,0.26204189318505405,0
2050,59,15,0.09144365427344044,0
2050,59,23,0.08009180076871945,0
2050,59,25,0.1281480502239772,0
2050,59,26,0.043671796416409864,0
2050,59,29,0.12506954480064764,0
2050,59,30,0.11931540199799466,0
2050,60,4,0.301241002155,0
2050,60,6,0.029025943329578977,0
2050,60,13,0.1797045116089583,0
2050,60,15,0.41175557249114786,0
2050,60,29,0.01595770138763626,0
2050,60,30,0.062315269027678616,0
2050,61,4,1.0,0
2050,62,2,0.028656948362058968,0
2050,62,4,0.36042995913921827,0
2050,62,5,0.12336002893187462,0
2050,62,11,0.09456174350242323,0
2050,62,13,0.1263876262321326,0
2050,62,15,0.10880174516591573,0
2050,62,27,0.1578019486663767,0
2050,63,3,0.021235225686975254,0
2050,63,4,0.34321606645275304,0
2050,63,8,0.0750034498547223,0
2050,63,11,0.16253442537592702,0
2050,63,14,0.13336954034753098,0
2050,63,23,0.2257707491106285,0
2050,63,27,0.03887054317146292,0
2050,64,3,0.060250169084412344,0
2050,64,4,0.25827296772188785,0
2050,64,10,0.08135126572947644,0
2050,64,14,0.09262100826243148,0
2050,64,19,0.09428775308372647,0
2050,64,26,0.3720884388803343,0
2050,64,30,0.041128397237731006,0
2050,65,2,0.08927177746546276,0
2050,65,3,0.25445427760931394,0
2050,65,4,0.27036439229666254,0
2050,65,10,0.027487591460681624,0
2050,65,26,0.042539006928910834,0
2050,65,27,0.264109629386149,0
2050,65,30,0.05177332485281936,0
2050,66,2,0.1259532085158782,0
2050,66,3,0.1854245233590352,0
2050,66,4,0.16289013676251696,0
2050,66,8,0.083941731819235,0
2050,66,13,0.11713593979476264,0
2050,66,15,0.17677596939418455,0
2050,66,27,0.12453314991293571,0
2050,66,30,0.023345340441451812,0
2050,67,2,0.07942983312845371,0
2050,67,3,0.28061231419040067,0
2050,67,4,0.07321984206781114,0
2050,67,5,0.21863938807836014,0
2050,67,15,0.29606563949120096,0
2050,67,27,0.05203298304377334,0
2050,68,2,0.0770287278099398,0
2050,68,3,0.08578993297286079,0
2050,68,4,0.0530002674028678,0
2050,68,5,0.1129747387831934,0
2050,68,8,0.05259694528432714,0
2050,68,15,0.03667096578646493,0
2050,68,18,0.30826224649089345,0
2050,68,26,0.15154260567963942,0
2050,68,29,0.10171757619205364,0
2050,68,30,0.020415993597759675,0
2050,69,2,0.07966683120820213,0
2050,69,5,0.14571472051202528,0
2050,69,6,0.0858091846945485,0
2050,69,8,0.09717739432887162,0
2050,69,12,0.03877926630995767,0
2050,69,15,0.3199623912749927,0
2050,69,18,0.13007378506612868,0
2050,69,30,0.10281642660527335,0
2050,70,2,0.07014176504212925,0
2050,70,4,0.15145757967427573,0
2050,70,5,0.14782345089829985,0
2050,70,7,0.022720065685870382,0
2050,70,8,0.08775368453742619,0
2050,70,9,0.012281724044701873,0
2050,70,15,0.11014979908786728,0
2050,70,18,0.08816118572339002,0
2050,70,22,0.2667494900750462,0
2050,70,30,0.04276125523099328,0
2050,71,2,0.15725495020419886,0
2050,71,3,0.026674544407786736,0
2050,71,4,0.3609583659010267,0
2050,71,7,0.05596851890917051,0
2050,71,22,0.1007852178385218,0
2050,71,26,0.04485934666295334,0
2050,71,27,0.12468174319376128,0
2050,71,30,0.12881731288258091,0
2050,72,2,0.1092350420931912,0
2050,72,3,0.10084737502840495,0
2050,72,4,0.04204067312516689,0
2050,72,5,0.2424450063949038,0
2050,72,6,0.018741728667644494,0
2050,72,10,0.020560953236338164,0
2050,72,12,0.062065984875380106,0
2050,72,13,0.023585721748419428,0
2050,72,15,0.20074855968685934,0
2050,72,30,0.17972895514369158,0
2050,73,2,0.01634183630898573,0
2050,73,3,0.07500511074086715,0
2050,73,4,0.01836104011549921,0
2050,73,5,0.15455372161164696,0
2050,73,6,0.03546763079040954,0
2050,73,12,0.12693973093974661,0
2050,73,14,0.0224546644797519,0
2050,73,15,0.31127308106106205,0
2050,73,20,0.013947527195905456,0
2050,73,30,0.2256556567561253,0
2050,74,2,0.04737001163505977,0
2050,74,4,0.1689391485403679,0
2050,74,5,0.302604382761763,0
2050,74,12,0.07887070792690895,0
2050,74,13,0.19806889386886198,0
2050,74,14,0.04973439391970755,0
2050,74,15,0.022045614501157124,0
2050,74,29,0.06870076495049804,0
2050,74,30,0.06366608189567577,0
2050,75,2,0.05424772756356644,0
2050,75,4,0.061825477675166704,0
2050,75,5,0.5773844389572226,0
2050,75,10,0.09999899283369479,0
2050,75,13,0.047378459532173185,0
2050,75,27,0.15916490343817613,0
2050,76,5,1.0,0
2050,77,5,0.3487296099777894,0
2050,77,11,0.05071702153522226,0
2050,77,22,0.09764523034425447,0
2050,77,23,0.03826365725356344,0
2050,77,25,0.1143190539968974,0
2050,77,30,0.350325426892273,0
2050,78,30,1.0,0
2050,79,2,0.12416823997295502,0
2050,79,3,0.05704732928893594,0
2050,79,5,0.0703594667817518,0
2050,79,9,0.06182250456204787,0
2050,79,14,0.15819558376485213,0
2050,79,18,0.040293727881383086,0
2050,79,20,0.25779630287538285,0
2050,79,23,0.010702443041965553,0
2050,79,24,0.022049921809938675,0
2050,79,30,0.19756448002078722,0
2050,80,2,0.19014144354147663,0
2050,80,3,0.019981229422296787,0
2050,80,4,0.06039779554618315,0
2050,80,5,0.06353259604144856,0
2050,80,13,0.17095506478221675,0
2050,80,15,0.07646895868242462,0
2050,80,25,0.07434844282598572,0
2050,80,30,0.34417446915796773,0
2050,81,2,0.06869606402617193,0
2050,81,3,0.10639436822743495,0
2050,81,4,0.10806525740780182,0
2050,81,5,0.02678026775347881,0
2050,81,10,0.042434082560223935,0
2050,81,13,0.08467584628401438,0
2050,81,19,0.011602290043983589,0
2050,81,22,0.12082775237731261,0
2050,81,28,0.08663368989582464,0
2050,81,30,0.3438903814237534,0
2050,82,2,0.1459741643553961,0
2050,82,3,0.2314788748413585,0
2050,82,5,0.11896012094428113,0
2050,82,6,0.03275233984638748,0
2050,82,15,0.14137661892431738,0
2050,82,18,0.2384135269990024,0
2050,82,24,0.040098255344439726,0
2050,82,30,0.05094609874481715,0
2050,83,2,0.05527801874079124,0
2050,83,3,0.205697889146446,0
2050,83,14,0.24351034834205504,0
2050,83,18,0.05185641668003356,0
2050,83,22,0.2698659815156607,0
2050,83,24,0.13554461829479952,0
2050,83,30,0.038246727280214006,0
2050,84,3,0.21676448362802403,0
2050,84,4,0.04050386159087627,0
2050,84,5,0.12225330589683871,0
2050,84,10,0.09887929861730584,0
2050,84,14,0.07048321625288215,0
2050,84,17,0.11064134951209592,0
2050,84,19,0.1818751207506486,0
2050,84,30,0.15859936375132846,0
2050,85,3,0.32917845899510256,0
2050,85,5,0.05951231975169819,0
2050,85,13,0.07368260619073694,0
2050,85,15,0.1505395835994451,0
2050,85,24,0.01341556742670419,0
2050,85,27,0.163015117121448,0
2050,85,30,0.210656346914865,0
2050,86,3,0.08067975385254315,0
2050,86,4,0.2641089716529313,0
2050,86,5,0.01485073100962999,0
2050,86,10,0.025696162136949714,0
2050,86,19,0.10187938360902833,0
2050,86,22,0.036015427011096286,0
2050,86,27,0.1182053261641538,0
2050,86,28,0.1094776421947107,0
2050,86,30,0.24908660236895674,0
2050,87,4,0.4392591710505007,0
2050,87,8,0.11768090251144178,0
2050,87,14,0.04519473706131893,0
2050,87,24,0.044246575685727936,0
2050,87,25,0.026380790408475678,0
2050,87,26,0.08970268528251031,0
2050,87,27,0.02269218222680072,0
2050,87,30,0.214842955773224,0
2050,88,4,0.05958152187679887,0
2050,88,11,0.09946028457791826,0
2050,88,13,0.5029699308920541,0
2050,88,15,0.155079173954629,0
2050,88,30,0.18290908869859976,0
2050,89,2,0.01325732209493477,0
2050,89,3,0.04010356094706481,0
2050,89,4,0.5676932048868372,0
2050,89,5,0.12151718901817767,0
2050,89,11,0.010575417950630779,0
2050,89,13,0.23357501491335397,0
2050,89,15,0.013278290189000869,0
2050,90,3,0.013924211478476731,0
2050,90,4,0.5493102769341867,0
2050,90,5,0.11716049121796546,0
2050,90,11,0.18369623762214282,0
2050,90,13,0.13590878274722834,0
2050,91,4,0.37776918885558797,0
2050,91,5,0.17472878289256563,0
2050,91,11,0.24603754666032313,0
2050,91,13,0.20146448159152325,0
2050,92,2,0.06589895133051601,0
2050,92,4,0.2546518294986317,0
2050,92,5,0.1490412615850937,0
2050,92,10,0.28276730353362367,0
2050,92,11,0.1473212869949466,0
2050,92,13,0.10031936705718837,0
2050,93,2,0.1765188990431405,0
2050,93,5,0.1461115166769911,0
2050,93,8,0.028700605014233365,0
2050,93,9,0.2697226177201732,0
2050,93,19,0.058674151964090156,0
2050,93,20,0.04545349892929563,0
2050,93,27,0.246018850338693,0
2050,93,30,0.028799860313382993,0
2050,94,2,0.20066307164562264,0
2050,94,5,0.1387625106114093,0
2050,94,7,0.07974266399093746,0
2050,94,9,0.031003485145499034,0
2050,94,13,0.038676761984071995,0
2050,94,14,0.04513504062649978,0
2050,94,16,0.10858597453666806,0
2050,94,18,0.06809766751327728,0
2050,94,19,0.014416401620191739,0
2050,94,20,0.038784927985935504,0
2050,94,25,0.10623047710379725,0
2050,94,30,0.12990101723608996,0
2050,95,2,0.16267213796588692,0
2050,95,4,0.08447993118058625,0
2050,95,5,0.2119611203655617,0
2050,95,10,0.05454155246681763,0
2050,95,17,0.2724295092185174,0
2050,95,19,0.08362032904315914,0
2050,95,22,0.09752168649813711,0
2050,95,30,0.03277373326133404,0
2050,96,2,0.14590530917953584,0
2050,96,3,0.012662494554714483,0
2050,96,5,0.1777383730507813,0
2050,96,10,0.04365966073287569,0
2050,96,17,0.042804469058078894,0
2050,96,19,0.07273970909580592,0
2050,96,22,0.15498761393874994,0
2050,96,27,0.10949460424372218,0
2050,96,30,0.2400077661457358,0
2050,97,2,0.34438572933190786,0
2050,97,3,0.10113351082701143,0
2050,97,4,0.09005807356733088,0
2050,97,5,0.3048339492099312,0
2050,97,10,0.11740575783028297,0
2050,97,22,0.030691595464755878,0
2050,97,27,0.011491383768779867,0
2050,98,2,0.2357066343602486,0
2050,98,3,0.19662548434973365,0
2050,98,5,0.2940775699224637,0
2050,98,14,0.010628892643894971,0
2050,98,18,0.014089374559746588,0
2050,98,22,0.14573881800517013,0
2050,98,27,0.04520743109763711,0
2050,98,30,0.057925795061105276,0
2050,99,2,0.23778311547091785,0
2050,99,3,0.06541018191608354,0
2050,99,5,0.2758799915647993,0
2050,99,7,0.05486703546537072,0
2050,99,18,0.3497962842603951,0
2050,99,27,0.016263391322433488,0
2050,100,2,0.22136840547940193,0
2050,100,3,0.04457558914419516,0
2050,100,5,0.054154025684451115,0
2050,100,7,0.24868349751857027,0
2050,100,18,0.3219454959486483,0
2050,100,30,0.10927298622473325,0
2050,101,4,0.22061058531028546,0
2050,101,5,0.017409583691003813,0
2050,101,6,0.13731756072942733,0
2050,101,9,0.04837171207914437,0
2050,101,11,0.04393526271217041,0
2050,101,15,0.08837554743529401,0
2050,101,29,0.16318053375076477,0
2050,101,30,0.28079921429190996,0
2050,102,2,0.4261223300955399,0
2050,102,6,0.09835425091484067,0
2050,102,14,0.016255828731118024,0
2050,102,15,0.3751916978015937,0
2050,102,27,0.04218306956137078,0
2050,102,30,0.04189282289553692,0
2050,103,2,0.38342614535422276,0
2050,103,3,0.04286855362796927,0
2050,103,4,0.04741400039336842,0
2050,103,5,0.06829131674720589,0
2050,103,6,0.1435017328801444,0
2050,103,15,0.10148090934887008,0
2050,103,18,0.02403684393515372,0
2050,103,28,0.18898049771306566,0
2050,104,2,0.3442614384557938,0
2050,104,3,0.058648280144414776,0
2050,104,5,0.09023058281646876,0
2050,104,6,0.04943773622530426,0
2050,104,8,0.06759780120665551,0
2050,104,11,0.11015717514016164,0
2050,104,15,0.27966698601120127,0
2050,105,2,0.4854865689161515,0
2050,105,4,0.07819464013967038,0
2050,105,5,0.10468591355085263,0
2050,105,11,0.10421852534427563,0
2050,105,12,0.13997251454480195,0
2050,105,15,0.059358570863886614,0
2050,105,25,0.028083266640361183,0
2050,106,2,1.0,0
2050,107,2,0.5113577626854185,0
2050,107,4,0.14431161471756196,0
2050,107,5,0.053954062895859425,0
2050,107,7,0.029679355458684283,0
2050,107,10,0.04360319327270579,0
2050,107,11,0.040108554295114174,0
2050,107,17,0.018863864345821792,0
2050,107,18,0.051088849728558434,0
2050,107,19,0.045851401933335686,0
2050,107,30,0.06118134066694,0
2050,108,2,0.35879203155215655,0
2050,108,3,0.04916408584841236,0
2050,108,4,0.16903367938958702,0
2050,108,7,0.1777202814028301,0
2050,108,11,0.10249257629750519,0
2050,108,26,0.04732083172442483,0
2050,108,27,0.021404933416927497,0
2050,108,30,0.07407158036815645,0
2050,109,2,0.42345965882049813,0
2050,109,5,0.07910681662350315,0
2050,109,7,0.12986372905348753,0
2050,109,11,0.044697285692809015,0
2050,109,15,0.032604489734416396,0
2050,109,18,0.12917614226739055,0
2050,109,30,0.16109187780789538,0
2050,110,2,0.6220272196412919,0
2050,110,4,0.059816120824008334,0
2050,110,5,0.01810143955339234,0
2050,110,7,0.09118416930238607,0
2050,110,18,0.030049848108659016,0
2050,110,22,0.08262144731664717,0
2050,110,27,0.09619975525361506,0
2050,111,2,0.45964298889538446,0
2050,111,4,0.11208619109295735,0
2050,111,5,0.06023153436734266,0
2050,111,9,0.03266376196520585,0
2050,111,10,0.05285767818950701,0
2050,111,11,0.1355408122486657,0
2050,111,14,0.02224762842234378,0
2050,111,22,0.07822101532249759,0
2050,111,27,0.019631124731695662,0
2050,111,30,0.02687726476439997,0
2050,112,2,0.35407610985266075,0
2050,112,5,0.04793692002041297,0
2050,112,6,0.05883238712640782,0
2050,112,8,0.07166286569639348,0
2050,112,9,0.08284698996261988,0
2050,112,11,0.06915683007831983,0
2050,112,15,0.046810919786714936,0
2050,112,30,0.2686769774764703,0
2050,113,2,0.6227178737894996,0
2050,113,5,0.030458241216626252,0
2050,113,6,0.1376323395580733,0
2050,113,18,0.11939510512479877,0
2050,113,22,0.08979644031100216,0
2050,114,2,0.4850242892101605,0
2050,114,6,0.07970677314721097,0
2050,114,7,0.04301563522363031,0
2050,114,9,0.1306142879981092,0
2050,114,16,0.01074185049786345,0
2050,114,18,0.12560022893052447,0
2050,114,22,0.010181821869317762,0
2050,114,25,0.1151151131231835,0
2050,115,2,0.17814957688319985,0
2050,115,6,0.1631808015242764,0
2050,115,8,0.10767462256492656,0
2050,115,9,0.0324300323793815,0
2050,115,11,0.11541006301360147,0
2050,115,23,0.02386333762101316,0
2050,115,25,0.0723548894600369,0
2050,115,29,0.03004911081443689,0
2050,115,30,0.27688756573912743,0
2050,116,2,0.30128938449654613,0
2050,116,6,0.042914936976162325,0
2050,116,9,0.24106199221685984,0
2050,116,16,0.010278677249194675,0
2050,116,19,0.21410608505162784,0
2050,116,22,0.08742041710091177,0
2050,116,24,0.014492072177502832,0
2050,116,30,0.0884364347311945,0
2050,117,2,0.176994315036274,0
2050,117,4,0.10979708958977698,0
2050,117,9,0.20252523539781245,0
2050,117,10,0.05026287289342972,0
2050,117,11,0.16235774927823793,0
2050,117,17,0.12316251661125147,0
2050,117,19,0.15511419197232149,0
2050,117,30,0.019786029220895986,0
2050,118,2,0.20380807629018716,0
2050,118,4,0.0885598655018211,0
2050,118,8,0.09941756202849032,0
2050,118,9,0.18586650638467628,0
2050,118,11,0.2875847143760954,0
2050,118,14,0.05050328420092484,0
2050,118,20,0.010592681636051954,0
2050,118,27,0.0736673095817529,0
2050,119,2,0.3263736502696623,0
2050,119,4,0.03327192661826627,0
2050,119,6,0.20025592260629788,0
2050,119,8,0.19472368537526724,0
2050,119,11,0.1436847697906735,0
2050,119,27,0.1016900453398329,0
2050,120,6,0.6686485017293663,0
2050,120,8,0.04201437664555153,0
2050,120,11,0.03548582593182114,0
2050,120,16,0.037220184807742,0
2050,120,17,0.07837022528416371,0
2050,120,21,0.0391695194216873,0
2050,120,22,0.02834840045723823,0
2050,120,25,0.025231438763088872,0
2050,120,30,0.04551152695934098,0
2050,121,2,0.06330089276607036,0
2050,121,3,0.03444353575236199,0
2050,121,4,0.04492460766987379,0
2050,121,6,0.42636949401321333,0
2050,121,8,0.086873476300938,0
2050,121,17,0.34408799349754265,0
2050,122,2,0.07522558361021645,0
2050,122,6,0.45532402082527534,0
2050,122,7,0.05067166584911475,0
2050,122,8,0.09109031593865421,0
2050,122,17,0.21145055161353923,0
2050,122,18,0.11623786216319998,0
2050,123,4,0.03742768327324345,0
2050,123,6,0.31409203510919875,0
2050,123,8,0.22099075204226895,0
2050,123,11,0.21830569380594658,0
2050,123,17,0.03832501312367232,0
2050,123,29,0.17085882264566996,0
2050,124,4,0.012899572052754906,0
2050,124,6,0.6865594708043244,0
2050,124,11,0.040067086371096884,0
2050,124,14,0.11069312004842682,0
2050,124,21,0.14978075072339705,0
2050,125,4,0.2532077681292435,0
2050,125,6,0.5241640080904841,0
2050,125,8,0.10889529230084567,0
2050,125,11,0.11373293147942677,0
2050,126,4,0.24380881135733606,0
2050,126,6,0.48593107331038027,0
2050,126,8,0.15006952256187225,0
2050,126,15,0.12019059277041147,0
2050,127,6,0.8255000298027708,0
2050,127,21,0.1744999701972292,0
2050,128,6,0.6659629426342748,0
2050,128,16,0.2107558938092986,0
2050,128,17,0.03850551553838653,0
2050,128,18,0.06589734833013754,0
2050,128,22,0.018878299687902448,0
2050,129,4,0.021709010865572805,0
2050,129,6,0.6463699674951828,0
2050,129,8,0.11601231843223093,0
2050,129,11,0.10698824516146015,0
2050,129,29,0.10892045804555343,0
2050,130,6,0.7050435947127482,0
2050,130,8,0.1746221023335343,0
2050,130,22,0.04188270337450577,0
2050,130,27,0.07845159957921165,0
2050,131,6,0.6615519515299251,0
2050,131,8,0.33844804847007504,0
2050,132,3,0.0234840195632866,0
2050,132,4,0.053066895038069196,0
2050,132,6,0.8017695953899004,0
2050,132,8,0.12167949000874381,0
2050,133,2,0.1027973886769372,0
2050,133,5,0.026489984342959873,0
2050,133,6,0.8487922442862036,0
2050,133,8,0.021920382693899374,0
2050,134,2,0.10082839536102649,0
2050,134,3,0.034630757215319816,0
2050,134,6,0.24413829998346998,0
2050,134,7,0.012531107618813153,0
2050,134,8,0.14340530939453638,0
2050,134,9,0.19138013146487037,0
2050,134,14,0.09154271249862007,0
2050,134,21,0.06064416246398184,0
2050,134,22,0.12089912399936183,0
2050,135,3,0.06593184697272689,0
2050,135,6,0.31511706287715113,0
2050,135,7,0.18264680571706068,0
2050,135,8,0.11716891700474229,0
2050,135,17,0.16240575349826294,0
2050,135,19,0.15672961393005605,0
2050,136,3,0.011961800507285361,0
2050,136,4,0.027443011289456642,0
2050,136,6,0.3970759687311323,0
2050,136,8,0.2570349374746447,0
2050,136,9,0.06386377231627523,0
2050,136,11,0.13450852748495062,0
2050,136,21,0.06473998997401427,0
2050,136,29,0.04337199222224079,0
2050,137,2,0.04955797995391687,0
2050,137,3,0.0168617162861864,0
2050,137,6,0.5963716404979926,0
2050,137,8,0.1365474120942182,0
2050,137,12,0.12141783765280159,0
2050,137,14,0.0481035442090609,0
2050,137,27,0.031139869305823416,0
2050,138,4,0.06232110626456155,0
2050,138,6,0.41362713162994014,0
2050,138,7,0.1870536294261991,0
2050,138,8,0.08282340089382491,0
2050,138,11,0.0978193766769096,0
2050,138,12,0.015220791587482654,0
2050,138,17,0.016281094085519917,0
2050,138,25,0.12485346943556207,0
2050,139,3,0.020126111852748558,0
2050,139,6,0.46167666710873884,0
2050,139,8,0.14455394838420105,0
2050,139,11,0.304213735900687,0
2050,139,13,0.019044271936494744,0
2050,139,14,0.017454866336030182,0
2050,139,25,0.032930398481099604,0
2050,140,6,0.2773150449030413,0
2050,140,7,0.01095190224474012,0
2050,140,8,0.17431866827092032,0
2050,140,9,0.2220835821590317,0
2050,140,11,0.13210667888106153,0
2050,140,14,0.03431458579828572,0
2050,140,17,0.1489095377429193,0
2050,141,3,0.054747463095611563,0
2050,141,6,0.23282584917922272,0
2050,141,7,0.044189770001200286,0
2050,141,8,0.13796180490644466,0
2050,141,9,0.2000918434166536,0
2050,141,11,0.06451906860566589,0
2050,141,14,0.06931223538909653,0
2050,141,17,0.19635196540610478,0
2050,142,2,0.07235477753454944,0
2050,142,3,0.14854352307758523,0
2050,142,6,0.31209177718150294,0
2050,142,8,0.15862447229986504,0
2050,142,9,0.06647103278882541,0
2050,142,10,0.05875851726420296,0
2050,142,17,0.14713460938406728,0
2050,142,22,0.036021290469401626,0
2050,143,2,0.054452022663701735,0
2050,143,3,0.08825335119092001,0
2050,143,4,0.04622046520598903,0
2050,143,6,0.40552865593572546,0
2050,143,8,0.06468698625462475,0
2050,143,17,0.05567238335145984,0
2050,143,19,0.021280587183006888,0
2050,143,21,0.030888360913739137,0
2050,143,22,0.1751318954831925,0
2050,143,24,0.057885291817640655,0
2050,144,6,0.3729038442134976,0
2050,144,8,0.09133999046174039,0
2050,144,9,0.26368103829084866,0
2050,144,14,0.08552896352551113,0
2050,144,17,0.056332672871137295,0
2050,144,19,0.03196665028445366,0
2050,144,22,0.0982468403528112,0
2050,145,6,0.303855863760715,0
2050,145,7,0.02644080476344023,0
2050,145,8,0.0516486598914233,0
2050,145,9,0.22761137966878642,0
2050,145,16,0.02976081921314222,0
2050,145,17,0.13136740825676074,0
2050,145,19,0.031167706722656792,0
2050,145,22,0.15279782278667028,0
2050,145,24,0.04534953493640501,0
2050,146,2,0.05354339398578549,0
2050,146,6,0.31831212975387396,0
2050,146,8,0.06529325500095615,0
2050,146,9,0.12808178679174312,0
2050,146,11,0.19949650236596314,0
2050,146,12,0.020019664247199746,0
2050,146,17,0.12401400553958258,0
2050,146,22,0.09123926231489586,0
2050,147,2,0.16329518223975661,0
2050,147,4,0.013921717253969724,0
2050,147,6,0.31906397215670246,0
2050,147,8,0.13292513136467152,0
2050,147,9,0.05225128255089893,0
2050,147,11,0.0933235613446046,0
2050,147,17,0.04502645241139757,0
2050,147,22,0.132488972080347,0
2050,147,27,0.04770372859765151,0
2050,148,4,0.05012628705527353,0
2050,148,6,0.5310446509483844,0
2050,148,8,0.19369968053362827,0
2050,148,9,0.15017019161319892,0
2050,148,11,0.029396388700962207,0
2050,148,29,0.045562801148552726,0
2050,149,6,0.46762053303155676,0
2050,149,7,0.20003706997435916,0
2050,149,8,0.03630841710793595,0
2050,149,9,0.059951466423094915,0
2050,149,25,0.23608251346305326,0
2050,150,6,1.0,0
2050,151,6,0.6185563400197788,0
2050,151,7,0.015066426479647135,0
2050,151,8,0.01992470244798187,0
2050,151,15,0.23903108741810894,0
2050,151,29,0.10742144363448328,0
2050,152,6,0.5809789703698567,0
2050,152,7,0.14068651960303663,0
2050,152,8,0.10430997436255848,0
2050,152,15,0.17402453566454823,0
2050,153,6,0.533915489046752,0
2050,153,8,0.03538428773893366,0
2050,153,11,0.127955675635453,0
2050,153,15,0.13951004715782575,0
2050,153,29,0.16323450042103563,0
2050,154,5,0.06882738819363206,0
2050,154,6,0.699779121991499,0
2050,154,12,0.06706668739589922,0
2050,154,15,0.1643268024189697,0
2050,155,2,0.12281108962189514,0
2050,155,6,0.5281517876318261,0
2050,155,7,0.09691131210495708,0
2050,155,18,0.15417252417857355,0
2050,155,22,0.09795328646274813,0
2050,156,3,0.04256579491392382,0
2050,156,6,0.43269030846024664,0
2050,156,7,0.06070405539524541,0
2050,156,8,0.1483938034219583,0
2050,156,9,0.31564603780862593,0
2050,157,3,0.16425994044243764,0
2050,157,6,0.660739868767812,0
2050,157,7,0.09734595899279956,0
2050,157,8,0.029549602298266905,0
2050,157,15,0.048104629498683764,0
2050,158,2,0.20539963146574958,0
2050,158,3,0.06486263161220507,0
2050,158,6,0.5675457967321482,0
2050,158,7,0.03317094567718527,0
2050,158,8,0.06089704122084566,0
2050,158,18,0.06812395329186621,0
2050,159,2,0.11335579186736244,0
2050,159,4,0.024825946966629656,0
2050,159,6,0.4394545279706193,0
2050,159,7,0.019934981339344217,0
2050,159,9,0.2008360538743549,0
2050,159,11,0.08159621145861391,0
2050,159,15,0.03664499660390035,0
2050,159,22,0.048989065692188055,0
2050,159,25,0.012636793969976884,0
2050,159,29,0.02172563025701032,0
2050,160,6,0.3071062610175142,0
2050,160,9,0.10039795072503722,0
2050,160,11,0.314314141431433,0
2050,160,17,0.04810315153347716,0
2050,160,22,0.14838412576381638,0
2050,160,25,0.08169436952872212,0
2050,161,2,0.01052173561077693,0
2050,161,6,0.5336542774019603,0
2050,161,8,0.16132464175669797,0
2050,161,9,0.06729519976043263,0
2050,161,10,0.013644560691909318,0
2050,161,11,0.10667030533573026,0
2050,161,22,0.08950616734620737,0
2050,161,30,0.017383112096285312,0
2050,162,2,0.1576540271668833,0
2050,162,6,0.17538007812208434,0
2050,162,7,0.21676018935052618,0
2050,162,9,0.14265063981586748,0
2050,162,12,0.02576423080864415,0
2050,162,15,0.03777508210532554,0
2050,162,22,0.07820430299615466,0
2050,162,25,0.1658114496345144,0
2050,163,6,0.2197606754037068,0
2050,163,7,0.17861709651445548,0
2050,163,9,0.20469556103081313,0
2050,163,22,0.34142153663618124,0
2050,163,30,0.0555051304148433,0
2050,164,6,0.1796119906628699,0
2050,164,9,0.19789308571538508,0
2050,164,10,0.10163055394596877,0
2050,164,11,0.12920310027359966,0
2050,164,17,0.01626500575357419,0
2050,164,22,0.24118107153262425,0
2050,164,25,0.098653732605337,0
2050,164,30,0.03556145951064116,0
2050,165,2,0.20457439731212704,0
2050,165,6,0.26790012626608056,0
2050,165,7,0.03640791305804932,0
2050,165,9,0.09195586178314967,0
2050,165,12,0.19189833164712455,0
2050,165,16,0.18790800314851447,0
2050,165,22,0.019355366784954378,0
2050,166,2,0.14736894695302416,0
2050,166,6,0.29607021253884,0
2050,166,9,0.08561766798482767,0
2050,166,10,0.0825218340672706,0
2050,166,12,0.13926607741139108,0
2050,166,17,0.01198166684302005,0
2050,166,22,0.23717359420162654,0
2050,167,2,0.034925778534880304,0
2050,167,6,0.21558361794111716,0
2050,167,7,0.10000856026303372,0
2050,167,8,0.20375876491948414,0
2050,167,9,0.19342871364471012,0
2050,167,11,0.012973394313715388,0
2050,167,17,0.013772847151109982,0
2050,167,22,0.2255483232319494,0
2050,168,4,0.06424578426718756,0
2050,168,6,0.24553266719294078,0
2050,168,8,0.38667614779390347,0
2050,168,9,0.17688098341951278,0
2050,168,11,0.1266644173264553,0
2050,169,3,0.021359573816617405,0
2050,169,4,0.1616690214742112,0
2050,169,6,0.31603721998328826,0
2050,169,7,0.07323056484004996,0
2050,169,8,0.04840973498513182,0
2050,169,9,0.12488271833565168,0
2050,169,12,0.19874820142648403,0
2050,169,27,0.05566296513856569,0
2050,170,4,0.03095194972859194,0
2050,170,6,0.29143741800602396,0
2050,170,7,0.04032013939403681,0
2050,170,9,0.28683634700493416,0
2050,170,10,0.04214240561786967,0
2050,170,11,0.016085445014278468,0
2050,170,12,0.127707045253952,0
2050,170,21,0.09440831730329519,0
2050,170,22,0.051782828331084364,0
2050,170,25,0.01832810434593329,0
2050,171,6,0.2121715975238383,0
2050,171,9,0.5828201872140905,0
2050,171,16,0.03568431534378253,0
2050,171,17,0.11920076451050289,0
2050,171,22,0.05012313540778595,0
2050,172,6,0.07094705578603526,0
2050,172,7,0.10913001486079772,0
2050,172,8,0.06765733728130806,0
2050,172,9,0.4939321878556671,0
2050,172,11,0.09249683564777904,0
2050,172,17,0.07475057286050314,0
2050,172,25,0.0910859957079098,0
2050,173,6,0.14420224779544472,0
2050,173,7,0.02664294564191272,0
2050,173,9,0.3949505062872227,0
2050,173,11,0.18157837709074465,0
2050,173,17,0.15004061086536433,0
2050,173,22,0.1025853123193107,0
2050,174,6,0.21470127201487463,0
2050,174,8,0.07260769489667453,0
2050,174,9,0.015351648591124086,0
2050,174,10,0.14957021121334899,0
2050,174,11,0.24601904428656352,0
2050,174,12,0.020581182256500834,0
2050,174,17,0.0786318814919734,0
2050,174,22,0.20253706524893994,0
2050,175,2,0.03486124021261484,0
2050,175,5,0.1295616028128047,0
2050,175,6,0.3160594862865901,0
2050,175,7,0.05334442963521232,0
2050,175,8,0.06980739216653223,0
2050,175,9,0.05288762993471937,0
2050,175,12,0.295241076203668,0
2050,175,22,0.04823714274785851,0
2050,176,6,0.23768812826648833,0
2050,176,7,0.27142982695611595,0
2050,176,9,0.03681268724976181,0
2050,176,12,0.09162706010465425,0
2050,176,18,0.28288908151056924,0
2050,176,22,0.07955321591241037,0
2050,177,6,0.05780019801369766,0
2050,177,7,0.4068473401646012,0
2050,177,8,0.021786510110666908,0
2050,177,9,0.28820941961705554,0
2050,177,17,0.09145263367885534,0
2050,177,22,0.043943199116850046,0
2050,177,27,0.08996069929827326,0
2050,178,6,0.0692978008117531,0
2050,178,7,0.3520014752551791,0
2050,178,9,0.32029637774468805,0
2050,178,11,0.08038684894939072,0
2050,178,17,0.09126264368464126,0
2050,178,19,0.04814183553151859,0
2050,178,29,0.038613018022829286,0
2050,179,6,0.1582828241307179,0
2050,179,7,0.15570447474940957,0
2050,179,8,0.09057744371975511,0
2050,179,9,0.46631991501292996,0
2050,179,22,0.012501212717039297,0
2050,179,25,0.014947123946488543,0
2050,179,26,0.10166700572365962,0
2050,180,6,0.19014414200194873,0
2050,180,7,0.24155115371432204,0
2050,180,8,0.01684017301019956,0
2050,180,9,0.37269512259988874,0
2050,180,16,0.05197426445038093,0
2050,180,20,0.019027471670835325,0
2050,180,22,0.10776767255242468,0
2050,181,6,0.06315262717628095,0
2050,181,7,0.3249659582175969,0
2050,181,8,0.04641027311166649,0
2050,181,9,0.45117741140120776,0
2050,181,16,0.05436592686195653,0
2050,181,22,0.023808296990546506,0
2050,181,25,0.03611950624074476,0
2050,182,6,0.11239958225475465,0
2050,182,7,0.12598377276287917,0
2050,182,9,0.23729457250239985,0
2050,182,11,0.17454640765297624,0
2050,182,12,0.09190125600680231,0
2050,182,22,0.09290943458706304,0
2050,182,25,0.1484656374799159,0
2050,182,29,0.01649933675320896,0
2050,183,6,0.26950788573188406,0
2050,183,7,0.016161242604375504,0
2050,183,9,0.46286546056371236,0
2050,183,10,0.09401960624895893,0
2050,183,12,0.08671866286301262,0
2050,183,22,0.04121192255420097,0
2050,183,29,0.02951521943385574,0
2050,184,6,0.12529308786172055,0
2050,184,7,0.448598480791045,0
2050,184,8,0.03213622477959384,0
2050,184,9,0.19366538711219883,0
2050,184,18,0.07637308633713648,0
2050,184,22,0.014053696705292634,0
2050,184,30,0.10988003641301271,0
2050,185,6,0.016375488165155584,0
2050,185,7,0.525674352927134,0
2050,185,8,0.08156322766619883,0
2050,185,9,0.20635144457439086,0
2050,185,11,0.01348733475176034,0
2050,185,22,0.017352917326025955,0
2050,185,29,0.08404396743290377,0
2050,185,30,0.05515126715643071,0
2050,186,6,0.07130977593829865,0
2050,186,7,0.23201814354922104,0
2050,186,9,0.42657643646367177,0
2050,186,16,0.08663135072180397,0
2050,186,22,0.07955710857852233,0
2050,186,25,0.10390718474848225,0
2050,187,6,0.40354674985361366,0
2050,187,7,0.22722246865553755,0
2050,187,8,0.05769811130655369,0
2050,187,9,0.08230418245001747,0
2050,187,10,0.018621189749964177,0
2050,187,12,0.17849536089310503,0
2050,187,15,0.032111937091208444,0
2050,188,3,0.024288122278143205,0
2050,188,6,0.12439123617811845,0
2050,188,7,0.5385591708860312,0
2050,188,12,0.09696392799710994,0
2050,188,15,0.2157975426605973,0
2050,189,4,0.03738195057411189,0
2050,189,6,0.23061649994734193,0
2050,189,10,0.11265367354071991,0
2050,189,11,0.36798679503448345,0
2050,189,12,0.07753882146650797,0
2050,189,13,0.1738222594368349,0
2050,190,3,0.04312293232402298,0
2050,190,4,0.02465818940161878,0
2050,190,5,0.05490832231365803,0
2050,190,6,0.2895206811833652,0
2050,190,10,0.3044970222738115,0
2050,190,12,0.28329285250352354,0
2050,191,2,0.15549215995837742,0
2050,191,3,0.031760064242100414,0
2050,191,5,0.04613076983633979,0
2050,191,6,0.1089773129442248,0
2050,191,7,0.3278651579996934,0
2050,191,9,0.011370765635607086,0
2050,191,11,0.013676632184974797,0
2050,191,12,0.22655529970431582,0
2050,191,27,0.0781718374943666,0
2050,192,7,1.0,0
2050,193,7,0.4205467919842234,0
2050,193,9,0.1646707734533255,0
2050,193,11,0.1401002607104748,0
2050,193,12,0.026292534288477602,0
2050,193,22,0.051455078123048184,0
2050,193,25,0.19693456144045063,0
2050,194,7,0.11525634137682826,0
2050,194,9,0.38146842703591866,0
2050,194,10,0.01912562559119581,0
2050,194,11,0.21430074894478654,0
2050,194,17,0.07355810383420293,0
2050,194,19,0.036672599312473526,0
2050,194,22,0.07138333520429928,0
2050,194,25,0.08823481870029494,0
2050,195,6,0.06410698120158567,0
2050,195,9,0.3809903327712027,0
2050,195,11,0.25470002977020284,0
2050,195,12,0.02494650182796681,0
2050,195,17,0.022928718844776437,0
2050,195,21,0.041363099577235225,0
2050,195,22,0.21096433600703024,0
2050,196,6,0.1179754397864325,0
2050,196,9,0.4381086081631716,0
2050,196,12,0.25361177114175815,0
2050,196,16,0.12439425186847344,0
2050,196,22,0.06590992904016443,0
2050,197,2,0.027847012425315617,0
2050,197,6,0.14203566836211692,0
2050,197,7,0.2633601441081286,0
2050,197,9,0.3985883926224301,0
2050,197,12,0.07948333352486119,0
2050,197,16,0.08868544895714772,0
2050,198,4,0.017495775801367866,0
2050,198,6,0.10485574902644462,0
2050,198,7,0.4194925555721667,0
2050,198,9,0.05598251108565706,0
2050,198,10,0.015066470797895894,0
2050,198,11,0.13212886992770856,0
2050,198,12,0.02085602707863903,0
2050,198,29,0.23412204071012022,0
2050,199,6,0.30531208629311113,0
2050,199,7,0.1615644536926796,0
2050,199,8,0.04750897131805557,0
2050,199,9,0.2353164361884331,0
2050,199,10,0.04252870368989552,0
2050,199,12,0.1814624142862206,0
2050,199,15,0.02630693453160464,0
2050,200,7,0.3106077631577164,0
2050,200,9,0.10192949316307787,0
2050,200,10,0.0758513917664015,0
2050,200,11,0.12041481479091863,0
2050,200,12,0.1624314275943208,0
2050,200,18,0.057486750744786645,0
2050,200,22,0.1712783587827782,0
2050,201,2,0.04384680045470383,0
2050,201,6,0.08499798838777207,0
2050,201,7,0.3243116279858555,0
2050,201,9,0.261002112299007,0
2050,201,11,0.09589281054634666,0
2050,201,12,0.07787514668647831,0
2050,201,26,0.04194529114304274,0
2050,201,27,0.04745275182830638,0
2050,201,29,0.02267547066848755,0
2050,202,6,0.19524044420676961,0
2050,202,7,0.06743164077067566,0
2050,202,8,0.045102557818776506,0
2050,202,9,0.23401756900236126,0
2050,202,11,0.13792385169220087,0
2050,202,12,0.2240304267815564,0
2050,202,15,0.013662484390795007,0
2050,202,29,0.08259102533686469,0
2050,203,6,0.08530243590449997,0
2050,203,7,0.5213905338842464,0
2050,203,9,0.04317541519808369,0
2050,203,12,0.2188298681757829,0
2050,203,17,0.021729198334571403,0
2050,203,18,0.031172498370648283,0
2050,203,22,0.07840005013216739,0
2050,204,2,0.10000791164355154,0
2050,204,6,0.14806426836095637,0
2050,204,7,0.12132679996877452,0
2050,204,9,0.28194665633754074,0
2050,204,12,0.1997821359657499,0
2050,204,16,0.08667812498316586,0
2050,204,22,0.06219410274026114,0
2050,205,2,0.037739460101281604,0
2050,205,6,0.02590853925949443,0
2050,205,7,0.2696880641183386,0
2050,205,9,0.22511024910123476,0
2050,205,12,0.13441700076524943,0
2050,205,16,0.014132697060935924,0
2050,205,18,0.06530078329033513,0
2050,205,22,0.22770320630313004,0
2050,206,6,0.17369820341666703,0
2050,206,10,0.14791832694461612,0
2050,206,11,0.4104280347833274,0
2050,206,12,0.2211507646252609,0
2050,206,13,0.04680467023012863,0
2050,207,2,0.1216253002828913,0
2050,207,3,0.16047735865993645,0
2050,207,6,0.13815532188993718,0
2050,207,7,0.16289942253242987,0
2050,207,10,0.03859261907327105,0
2050,207,11,0.10141027850007667,0
2050,207,12,0.1594318029684726,0
2050,207,15,0.11740789609298485,0
2050,208,4,0.09772815969818649,0
2050,208,7,0.17549514133164384,0
2050,208,11,0.6151880770703628,0
2050,208,15,0.11158862189980674,0
2050,209,11,1.0,0
2050,210,6,0.049555434015600724,0
2050,210,8,0.03788414396657641,0
2050,210,11,0.5716791493916145,0
2050,210,12,0.24872448561630997,0
2050,210,15,0.09215678700989839,0
2050,211,2,0.07193031768441954,0
2050,211,3,0.08058219635044216,0
2050,211,5,0.02565751303665252,0
2050,211,6,0.03792177468600174,0
2050,211,8,0.02854943137432963,0
2050,211,9,0.1836702692343574,0
2050,211,10,0.06798688107286777,0
2050,211,11,0.2336825047393294,0
2050,211,12,0.2528915299707131,0
2050,211,22,0.01712758185088682,0
2050,212,2,0.1546279114822346,0
2050,212,3,0.07453828629768922,0
2050,212,5,0.019582939533905164,0
2050,212,7,0.1647357424542156,0
2050,212,9,0.2624675288103772,0
2050,212,11,0.09583288832422464,0
2050,212,12,0.20089495817459724,0
2050,212,17,0.02731974492275622,0
2050,213,2,0.07288260116203094,0
2050,213,3,0.02607402090230101,0
2050,213,5,0.05627471698878703,0
2050,213,7,0.2420187541415314,0
2050,213,9,0.4290462103472219,0
2050,213,11,0.03809288712637753,0
2050,213,18,0.09369309989487136,0
2050,213,22,0.04191770943687884,0
2050,214,7,0.3513890611124054,0
2050,214,8,0.01981801739999303,0
2050,214,9,0.41218774006254205,0
2050,214,18,0.1616629636394454,0
2050,214,22,0.05494221778561409,0
2050,215,4,0.03535531761010478,0
2050,215,7,0.1556412422928973,0
2050,215,8,0.07178557700414782,0
2050,215,9,0.4562087991009077,0
2050,215,11,0.1343363770043931,0
2050,215,15,0.02934448854199532,0
2050,215,29,0.10089822210394664,0
2050,215,30,0.016429976341607342,0
2050,216,6,0.024273716032144923,0
2050,216,7,0.08050449690451289,0
2050,216,8,0.05118926859362996,0
2050,216,9,0.5208728994889642,0
2050,216,11,0.21315031147481434,0
2050,216,15,0.11000930750593364,0
2050,217,2,0.05437507848516329,0
2050,217,5,0.038414994145181694,0
2050,217,7,0.2598799869790053,0
2050,217,8,0.08784078145930492,0
2050,217,9,0.39798737148079605,0
2050,217,11,0.04648301428717011,0
2050,217,12,0.04220264640085909,0
2050,217,18,0.04877136453616819,0
2050,217,22,0.024044762226351418,0
2050,218,2,0.06714937300300353,0
2050,218,7,0.021273522888165558,0
2050,218,9,0.7224935470608665,0
2050,218,11,0.01215001094401797,0
2050,218,12,0.06695710882348711,0
2050,218,20,0.03139210981179412,0
2050,218,22,0.061814957031845176,0
2050,218,30,0.016769370436819968,0
2050,219,5,0.021586581570227015,0
2050,219,7,0.11605592667301744,0
2050,219,9,0.5021590456081756,0
2050,219,12,0.10099811799874006,0
2050,219,17,0.03026329040907727,0
2050,219,20,0.13088171557756464,0
2050,219,22,0.09805532216319811,0
2050,220,3,0.08588852983950354,0
2050,220,7,0.23011525639784258,0
2050,220,9,0.5002285202594897,0
2050,220,11,0.0329228695171077,0
2050,220,20,0.15084482398605642,0
2050,221,3,0.012711184534125333,0
2050,221,7,0.09667717388222494,0
2050,221,8,0.08471226146230676,0
2050,221,9,0.7222887139160236,0
2050,221,14,0.010488189075676465,0
2050,221,20,0.07312247712964293,0
2050,222,9,1.0,0
2050,223,8,0.01786483492002264,0
2050,223,9,0.6235888961808866,0
2050,223,11,0.04335768503031057,0
2050,223,12,0.03537394289522831,0
2050,223,16,0.1395338990909279,0
2050,223,22,0.14028074188262402,0
2050,224,2,0.01644770103172962,0
2050,224,8,0.030810145171834682,0
2050,224,9,0.46895590629157674,0
2050,224,11,0.141886614737204,0
2050,224,12,0.0830224728311545,0
2050,224,22,0.13567504187803875,0
2050,224,25,0.07345072920505683,0
2050,224,30,0.04975138885340487,0
2050,225,7,0.12392852831422421,0
2050,225,9,0.12619396254503001,0
2050,225,10,0.027339199217641136,0
2050,225,11,0.20114178665456425,0
2050,225,12,0.2708412044495609,0
2050,225,25,0.01663846674593282,0
2050,225,30,0.23391685207304674,0
2050,226,6,0.08512689781473833,0
2050,226,9,0.29087496175525884,0
2050,226,10,0.08643670241714337,0
2050,226,11,0.06704330129284798,0
2050,226,12,0.2920171386305439,0
2050,226,21,0.13350372747268974,0
2050,226,23,0.028546886859450678,0
2050,226,30,0.016450383757327224,0
2050,227,2,0.05269555919289109,0
2050,227,5,0.010120505746118372,0
2050,227,6,0.02643796909797643,0
2050,227,7,0.09293227892950473,0
2050,227,9,0.25792492497214314,0
2050,227,11,0.080261566922059,0
2050,227,12,0.25424359280579506,0
2050,227,16,0.2070800019878725,0
2050,227,22,0.018303600345639756,0
2050,228,2,0.034893163522912635,0
2050,228,6,0.0289484371217732,0
2050,228,7,0.08138035633890586,0
2050,228,9,0.08953240242493264,0
2050,228,12,0.48280000954120555,0
2050,228,16,0.1606131489137653,0
2050,228,22,0.12183248213650484,0
2050,229,12,1.0,0
2050,230,2,0.014534649811859791,0
2050,230,5,0.025408048285301413,0
2050,230,6,0.07981387314252579,0
2050,230,9,0.06625685403772115,0
2050,230,11,0.0835588785149213,0
2050,230,12,0.644542096443378,0
2050,230,21,0.08588559976429265,0
2050,231,5,0.02910794819261084,0
2050,231,7,0.0994178665276164,0
2050,231,8,0.05862733436808509,0
2050,231,9,0.41189184314531635,0
2050,231,11,0.03365069238354909,0
2050,231,12,0.29651717281493983,0
2050,231,16,0.03217653936553059,0
2050,231,21,0.0386106032023518,0
2050,232,7,0.1444664730657391,0
2050,232,8,0.09940296613126605,0
2050,232,9,0.4874144472749334,0
2050,232,12,0.0735626466931506,0
2050,232,17,0.09267599347435729,0
2050,232,20,0.016571702120940515,0
2050,232,26,0.030677214543313586,0
2050,232,27,0.05522855669629964,0
2050,233,3,0.03475502697695264,0
2050,233,7,0.11311674905356765,0
2050,233,8,0.17461542043909573,0
2050,233,9,0.6043448049098775,0
2050,233,20,0.019343632683780258,0
2050,233,26,0.024596756184783533,0
2050,233,27,0.029227609751942614,0
2050,234,5,0.05497607654557779,0
2050,234,7,0.07681387990795711,0
2050,234,9,0.38688965201461956,0
2050,234,12,0.2855007384719624,0
2050,234,25,0.09204538584750024,0
2050,234,29,0.06311819384361385,0
2050,234,30,0.04065607336876899,0
2050,235,6,0.09758100308221705,0
2050,235,9,0.08266416071733172,0
2050,235,10,0.08048487575671637,0
2050,235,11,0.1774868419151799,0
2050,235,12,0.2778446093060999,0
2050,235,13,0.018427718825752684,0
2050,235,23,0.16620927235028868,0
2050,235,29,0.09930151804641366,0
2050,236,3,0.04348314779331442,0
2050,236,5,0.10200687719323367,0
2050,236,6,0.017023835495878593,0
2050,236,7,0.23027044340478076,0
2050,236,9,0.0837208890595378,0
2050,236,10,0.3440262460680845,0
2050,236,11,0.01732486110729965,0
2050,236,12,0.1099670705584423,0
2050,236,13,0.05217662931942812,0
2050,237,6,0.09784900483444997,0
2050,237,7,0.05882673828257951,0
2050,237,8,0.023197768042643282,0
2050,237,10,0.18547747149229432,0
2050,237,11,0.28801631996951366,0
2050,237,12,0.14559046076211365,0
2050,237,15,0.2010422366164057,0
2050,238,6,0.0371186871302629,0
2050,238,7,0.10335088318987615,0
2050,238,8,0.05449773451696763,0
2050,238,10,0.12427564458442962,0
2050,238,11,0.21704748684829217,0
2050,238,12,0.10425344877694366,0
2050,238,15,0.14114595830981674,0
2050,238,25,0.02816284204781837,0
2050,238,29,0.19014731459559273,0
2050,239,6,0.14531511617130635,0
2050,239,7,0.1673015442357636,0
2050,239,8,0.0423615852142528,0
2050,239,9,0.047422397091449714,0
2050,239,10,0.184665330394633,0
2050,239,11,0.04447055183076118,0
2050,239,12,0.09326694485083108,0
2050,239,13,0.032044458279448296,0
2050,239,15,0.09756761915032187,0
2050,239,29,0.14558445278123214,0
2050,240,2,0.029787819369289113,0
2050,240,3,0.02446791252998538,0
2050,240,6,0.11584036162254079,0
2050,240,7,0.17183364168765,0
2050,240,8,0.1795241272526768,0
2050,240,9,0.09924461467619879,0
2050,240,12,0.10004381295636493,0
2050,240,15,0.09947407446892073,0
2050,240,18,0.17978363543637338,0
2050,241,2,0.02254775783488466,0
2050,241,7,0.3442523278786605,0
2050,241,8,0.04847676103631133,0
2050,241,9,0.03901788809064977,0
2050,241,12,0.1354061023770583,0
2050,241,15,0.05382363675224416,0
2050,241,18,0.24764656445784758,0
2050,241,22,0.1088289615723437,0
2050,242,7,0.08077894920271075,0
2050,242,9,0.3354080693963381,0
2050,242,12,0.04339197623438752,0
2050,242,16,0.017042515573111462,0
2050,242,18,0.06867401993518539,0
2050,242,22,0.38065247933284757,0
2050,242,25,0.07405199032541909,0
2050,243,6,0.025088699036857932,0
2050,243,9,0.3407431185351591,0
2050,243,10,0.06218062245437318,0
2050,243,11,0.05738487021549413,0
2050,243,12,0.1259818287122206,0
2050,243,17,0.06832106162694276,0
2050,243,22,0.17136125695238283,0
2050,243,23,0.05885177422537564,0
2050,243,25,0.09008676824119376,0
2050,244,6,0.030883065388550228,0
2050,244,7,0.1119741968860674,0
2050,244,8,0.15071492392574704,0
2050,244,9,0.11716971356660678,0
2050,244,10,0.21533925224883105,0
2050,244,11,0.07310874741361266,0
2050,244,12,0.188393749827935,0
2050,244,15,0.0579858868678488,0
2050,244,17,0.05443046387480086,0
2050,245,2,0.02193893872005067,0
2050,245,3,0.050700529590877785,0
2050,245,6,0.15055238538877025,0
2050,245,8,0.21089219906060183,0
2050,245,9,0.04366121278418654,0
2050,245,10,0.03030115879916724,0
2050,245,12,0.37746720588268695,0
2050,245,15,0.019373823446419303,0
2050,245,21,0.03216051931625849,0
2050,245,22,0.06295202701098099,0
2050,246,6,0.011348860056320624,0
2050,246,7,0.04611001153547916,0
2050,246,8,0.11817014807022566,0
2050,246,9,0.2894072979147207,0
2050,246,12,0.13182147056700502,0
2050,246,21,0.11594382865520997,0
2050,246,25,0.17267284217350334,0
2050,246,26,0.11452554102753562,0
2050,247,7,0.1150869471933487,0
2050,247,8,0.05806436923323689,0
2050,247,9,0.10931422785934077,0
2050,247,11,0.20590284232567466,0
2050,247,12,0.010297639745396972,0
2050,247,21,0.07706765711669808,0
2050,247,25,0.2364220727277777,0
2050,247,26,0.08174997395879911,0
2050,247,29,0.10609426983972711,0
2050,248,4,0.09066603977974774,0
2050,248,8,0.06988041053044033,0
2050,248,10,0.060597679407081974,0
2050,248,11,0.05772271442719306,0
2050,248,12,0.46591420094951724,0
2050,248,13,0.053429495940494405,0
2050,248,29,0.2017894589655253,0
2050,249,9,0.012150326426955616,0
2050,249,10,0.22762200156101714,0
2050,249,11,0.1440570503385981,0
2050,249,12,0.3001076750188292,0
2050,249,13,0.09002190956935543,0
2050,249,21,0.06426876139414815,0
2050,249,22,0.04792920278890685,0
2050,249,27,0.11384307290218952,0
2050,250,6,0.0972535756632911,0
2050,250,7,0.03965396063766181,0
2050,250,10,0.23290903722885078,0
2050,250,12,0.29731852759773675,0
2050,250,13,0.09687404816723054,0
2050,250,22,0.17879053259860064,0
2050,250,27,0.02816837211391792,0
2050,250,30,0.02903194599271046,0
2050,251,5,0.07344483364337191,0
2050,251,6,0.03545834049737576,0
2050,251,7,0.3574751736375193,0
2050,251,8,0.06655724572963678,0
2050,251,10,0.01956194263539472,0
2050,251,12,0.19104812275670516,0
2050,251,18,0.1432405602095694,0
2050,251,22,0.11321378089042697,0
2050,252,7,0.2506280059028815,0
2050,252,8,0.14731595120414312,0
2050,252,9,0.2839370406671585,0
2050,252,11,0.049299879868616996,0
2050,252,17,0.07731255878481758,0
2050,252,22,0.11321296461100067,0
2050,252,29,0.07829359896138177,0
2050,253,4,0.11955839131248444,0
2050,253,8,0.05201120878355306,0
2050,253,9,0.4622844528522363,0
2050,253,11,0.12604685796873996,0
2050,253,26,0.08595600606013051,0
2050,253,27,0.07264820159062688,0
2050,253,29,0.08149488143222891,0
2050,254,2,0.0261357710415179,0
2050,254,7,0.032967076744957635,0
2050,254,8,0.12130655477608661,0
2050,254,9,0.30869175194538007,0
2050,254,12,0.2647678705203628,0
2050,254,13,0.14410693768735328,0
2050,254,26,0.03993640719411525,0
2050,254,27,0.010323170467017367,0
2050,254,29,0.05176445962320914,0
2050,255,3,0.09887431935152009,0
2050,255,7,0.1765760313235319,0
2050,255,8,0.05641113612299143,0
2050,255,9,0.08489004682149602,0
2050,255,12,0.26597615999787916,0
2050,255,13,0.1382199574574757,0
2050,255,15,0.14180185756042227,0
2050,255,27,0.03725049136468345,0
2050,256,2,0.01180965211984027,0
2050,256,3,0.21860875528558305,0
2050,256,5,0.06503235413508038,0
2050,256,7,0.10977857803524249,0
2050,256,9,0.04373312375470214,0
2050,256,10,0.14476778062279466,0
2050,256,12,0.15013136329187599,0
2050,256,13,0.0720391953769414,0
2050,256,16,0.08049551334177056,0
2050,256,22,0.10360368403616917,0
2050,257,2,0.03171702218137601,0
2050,257,3,0.10168832078967972,0
2050,257,4,0.04600829865724982,0
2050,257,5,0.05301879525844673,0
2050,257,7,0.095498965237047,0
2050,257,10,0.455430445575686,0
2050,257,12,0.06711643431765528,0
2050,257,13,0.129625696818815,0
2050,257,27,0.019896021164044476,0
2050,258,3,0.0940958954478782,0
2050,258,10,0.4203234055556277,0
2050,258,11,0.14327361181120982,0
2050,258,12,0.05958039888281602,0
2050,258,14,0.013309907966652714,0
2050,258,15,0.2149437592752821,0
2050,258,21,0.05447302106053331,0
2050,259,10,0.49314521102306463,0
2050,259,11,0.1958526249689812,0
2050,259,14,0.11811362396601113,0
2050,259,19,0.05305569951279518,0
2050,259,22,0.0443225115590156,0
2050,259,23,0.0719229069945511,0
2050,259,25,0.023587421975581238,0
2050,260,10,1.0,0
2050,261,2,0.08122443041192454,0
2050,261,3,0.05532407150370393,0
2050,261,5,0.12553978436171037,0
2050,261,7,0.12015593291971598,0
2050,261,10,0.16214451659245416,0
2050,261,12,0.12728160694148558,0
2050,261,15,0.22237745099335882,0
2050,261,16,0.04787427283008031,0
2050,261,21,0.030531638880606,0
2050,261,22,0.0275462945649604,0
2050,262,2,0.023416841090481522,0
2050,262,3,0.10518501763894904,0
2050,262,6,0.03876166418467535,0
2050,262,7,0.03331511079308094,0
2050,262,10,0.15630018466799944,0
2050,262,12,0.09911376054154472,0
2050,262,15,0.04675996242157355,0
2050,262,16,0.045447421916034306,0
2050,262,18,0.19591762501469306,0
2050,262,22,0.24215131665869036,0
2050,262,30,0.013631095072277714,0
2050,263,8,0.12877374144544887,0
2050,263,9,0.2526772300509329,0
2050,263,10,0.1560042105403212,0
2050,263,17,0.050858699117783825,0
2050,263,22,0.29032273382655804,0
2050,263,26,0.05948137137680756,0
2050,263,27,0.0618820136421476,0
2050,264,8,0.09829542500432903,0
2050,264,9,0.2151059759645758,0
2050,264,10,0.03978342313967146,0
2050,264,11,0.04962361314746472,0
2050,264,16,0.04811417696970757,0
2050,264,17,0.09949863078068988,0
2050,264,19,0.04997522824248194,0
2050,264,22,0.14098012784977376,0
2050,264,25,0.18300831362177555,0
2050,264,27,0.07561508527953033,0
2050,265,5,0.12313918098698587,0
2050,265,9,0.23382702066438008,0
2050,265,10,0.04113477541936077,0
2050,265,11,0.2050012796454127,0
2050,265,13,0.14562486227141982,0
2050,265,16,0.078954583898982,0
2050,265,21,0.11391672082716484,0
2050,265,22,0.05840157628629373,0
2050,266,3,0.07467290140015477,0
2050,266,4,0.04583942278651502,0
2050,266,7,0.17446698276456657,0
2050,266,8,0.20155589575779598,0
2050,266,11,0.1907730513162616,0
2050,266,14,0.014310556400159387,0
2050,266,17,0.1422298038307284,0
2050,266,22,0.12915521413468373,0
2050,266,24,0.026996171609134548,0
2050,267,4,0.07173092279840841,0
2050,267,8,0.3387234769492519,0
2050,267,9,0.08650906669819433,0
2050,267,10,0.2850453681911303,0
2050,267,11,0.09842629066892385,0
2050,267,17,0.0449025129876898,0
2050,267,26,0.022360565983531012,0
2050,267,29,0.05230179572287042,0
2050,268,2,0.025840624471225575,0
2050,268,4,0.05902640549672026,0
2050,268,8,0.0907350309074222,0
2050,268,9,0.1072222415061292,0
2050,268,10,0.13547274705350804,0
2050,268,12,0.04168138115920163,0
2050,268,13,0.03243984408838499,0
2050,268,16,0.07529705267805982,0
2050,268,18,0.016283320107086923,0
2050,268,21,0.10965270339118285,0
2050,268,22,0.30634864914107846,0
2050,269,2,0.0955891087211226,0
2050,269,4,0.08623244397805702,0
2050,269,8,0.0878448718844943,0
2050,269,9,0.08078069839126843,0
2050,269,10,0.09024769092946323,0
2050,269,11,0.0485504617967814,0
2050,269,17,0.20067620510076584,0
2050,269,22,0.2754310755543577,0
2050,269,26,0.034647443643689414,0
2050,270,2,0.06668342267153021,0
2050,270,3,0.018369409722067926,0
2050,270,4,0.17390447571730322,0
2050,270,7,0.11137382585594985,0
2050,270,8,0.06364373053940516,0
2050,270,10,0.15173339453794216,0
2050,270,11,0.054636813346954874,0
2050,270,13,0.015540507830769084,0
2050,270,17,0.23249116072430365,0
2050,270,22,0.11162325905377389,0
2050,271,3,0.15699671160623754,0
2050,271,4,0.2501596232516044,0
2050,271,7,0.17916619760620103,0
2050,271,10,0.058222597615006755,0
2050,271,11,0.023525708722703806,0
2050,271,17,0.21293980487069386,0
2050,271,22,0.04558335591634461,0
2050,271,27,0.0734060004112078,0
2050,272,4,0.2624453646352458,0
2050,272,5,0.030436928469161514,0
2050,272,8,0.17309665707576233,0
2050,272,9,0.07509533563203084,0
2050,272,10,0.05391112862576796,0
2050,272,11,0.14297729443227883,0
2050,272,22,0.23749253907123058,0
2050,272,27,0.024544752058522135,0
2050,273,3,0.05643571119439057,0
2050,273,4,0.18982348581091255,0
2050,273,5,0.15522693573599233,0
2050,273,8,0.10194191488162913,0
2050,273,9,0.06729952959746084,0
2050,273,10,0.1350046382431349,0
2050,273,11,0.1377023534639177,0
2050,273,13,0.012500081110276591,0
2050,273,22,0.1440653499622855,0
2050,274,2,0.09745291891295017,0
2050,274,3,0.04573118726751103,0
2050,274,5,0.27118755648471293,0
2050,274,7,0.07350325303538816,0
2050,274,8,0.05195471167923667,0
2050,274,10,0.18245001874855662,0
2050,274,11,0.04002878661603382,0
2050,274,13,0.10192201012939449,0
2050,274,18,0.0967543225637805,0
2050,274,22,0.03901523456243564,0
2050,275,2,0.04941195805618032,0
2050,275,3,0.05677212092795991,0
2050,275,5,0.3201054173822174,0
2050,275,6,0.0690452182341312,0
2050,275,10,0.12565416154931888,0
2050,275,12,0.06128534881491722,0
2050,275,15,0.025375985055999233,0
2050,275,18,0.16929142021675928,0
2050,275,22,0.12305836976251652,0
2050,276,22,1.0,0
2050,277,3,0.04849668963739113,0
2050,277,7,0.11136716056323098,0
2050,277,14,0.03768816466457123,0
2050,277,17,0.28521673770679784,0
2050,277,19,0.10858296242238465,0
2050,277,21,0.0933286841913772,0
2050,277,22,0.25187765416605,0
2050,277,24,0.04642909483955126,0
2050,277,26,0.01701285180864575,0
2050,278,3,0.13624446405658402,0
2050,278,8,0.07850424083465989,0
2050,278,11,0.12042786984751025,0
2050,278,16,0.16688918774311448,0
2050,278,21,0.08763469777980339,0
2050,278,24,0.01622191938558862,0
2050,278,25,0.08196581774416314,0
2050,278,29,0.1649258804683845,0
2050,278,30,0.14718592214019177,0
2050,279,5,0.10066594341464097,0
2050,279,6,0.04169214719173281,0
2050,279,8,0.07833830351329113,0
2050,279,10,0.033418377014687826,0
2050,279,11,0.06915677104430774,0
2050,279,12,0.18212400543474525,0
2050,279,14,0.04183693860909776,0
2050,279,15,0.3149061051861124,0
2050,279,16,0.13786140859138413,0
2050,280,2,0.06820570809539664,0
2050,280,4,0.1324655344625075,0
2050,280,5,0.0449626922772193,0
2050,280,8,0.09437971603900482,0
2050,280,11,0.16212246002325548,0
2050,280,12,0.300714370187706,0
2050,280,15,0.12406453350904076,0
2050,280,16,0.021026343560877864,0
2050,280,21,0.05205864184499174,0
2050,281,2,0.012672283964958954,0
2050,281,5,0.05086790739238237,0
2050,281,6,0.06868396309206679,0
2050,281,8,0.10868969415462673,0
2050,281,9,0.0781454345017046,0
2050,281,12,0.12578845077169346,0
2050,281,16,0.08555130271652495,0
2050,281,17,0.09889100753860994,0
2050,281,18,0.051274317086348956,0
2050,281,20,0.11923542900449713,0
2050,281,21,0.2002002097765861,0
2050,282,8,0.16724134003577007,0
2050,282,9,0.18906975819951016,0
2050,282,16,0.2664414696381721,0
2050,282,17,0.221862725676028,0
2050,282,18,0.10544645188124949,0
2050,282,22,0.049938254569270105,0
2050,283,3,0.010536262615504794,0
2050,283,4,0.09910110005395761,0
2050,283,5,0.04263687214809072,0
2050,283,8,0.11076251094443815,0
2050,283,10,0.03899158863492104,0
2050,283,11,0.1036988725070682,0
2050,283,17,0.4876334576970097,0
2050,283,19,0.10663933539900984,0
2050,284,4,0.10160319283684782,0
2050,284,5,0.11043308577004096,0
2050,284,8,0.029472943261326122,0
2050,284,10,0.19568664761105828,0
2050,284,11,0.12995039005710426,0
2050,284,17,0.2781723167265755,0
2050,284,19,0.04680188290938394,0
2050,284,27,0.1078795408276631,0
2050,285,4,0.019735445613894776,0
2050,285,5,0.13973855814370506,0
2050,285,6,0.04810230887713276,0
2050,285,8,0.036500919746620925,0
2050,285,9,0.09186778582107952,0
2050,285,11,0.07303881785875357,0
2050,285,12,0.015095671118043259,0
2050,285,16,0.06989497115443444,0
2050,285,17,0.08304622112320686,0
2050,285,20,0.06509587055377712,0
2050,285,21,0.3261938491059533,0
2050,285,27,0.031689580883398356,0
2050,286,4,0.0457808925449342,0
2050,286,5,0.07425918323014805,0
2050,286,8,0.27707195149539693,0
2050,286,10,0.03547904661062036,0
2050,286,11,0.013883741212299761,0
2050,286,12,0.20997158239316913,0
2050,286,17,0.19951938278642126,0
2050,286,21,0.14403421972701042,0
2050,287,5,0.05889926601377359,0
2050,287,8,0.4051689936802678,0
2050,287,10,0.20600112091895345,0
2050,287,12,0.10524314849352429,0
2050,287,17,0.22468747089348073,0
2050,288,4,0.03937638976531372,0
2050,288,5,0.1536359539993891,0
2050,288,8,0.13248824260014205,0
2050,288,10,0.17220266990022012,0
2050,288,12,0.21690917994847475,0
2050,288,16,0.16607845368932797,0
2050,288,27,0.11930911009713235,0
2050,289,2,0.1268613181771688,0
2050,289,8,0.028936799468387973,0
2050,289,10,0.03635343424430213,0
2050,289,12,0.24435936066248443,0
2050,289,15,0.022416487723493746,0
2050,289,21,0.39656505562306454,0
2050,289,27,0.14450754410109828,0
2050,290,21,1.0,0
2050,291,16,1.0,0
2050,292,17,1.0,0
2050,293,3,0.05539046777493535,0
2050,293,8,0.2521466862818126,0
2050,293,11,0.04248674344678208,0
2050,293,17,0.46236240105627796,0
2050,293,19,0.04023585525197815,0
2050,293,20,0.08823721884125653,0
2050,293,21,0.059140627346957436,0
2050,294,8,1.0,0
2050,295,3,0.13145186314318597,0
2050,295,4,0.02660167663502904,0
2050,295,6,0.06399930616217521,0
2050,295,8,0.3247398924980231,0
2050,295,10,0.16451430794858063,0
2050,295,12,0.02546962222713456,0
2050,295,13,0.12160819335575582,0
2050,295,15,0.09061250567837174,0
2050,295,27,0.05100263235174382,0
2050,296,3,0.07894475851677574,0
2050,296,5,0.0727243610054773,0
2050,296,6,0.0820762954434494,0
2050,296,8,0.1536707139120306,0
2050,296,12,0.13073707391443945,0
2050,296,13,0.02551142893950626,0
2050,296,18,0.14400297761793857,0
2050,296,27,0.31233239065038276,0
2050,297,5,0.042215338088913805,0
2050,297,8,0.369488790679707,0
2050,297,9,0.045446364492718924,0
2050,297,12,0.03550966433652952,0
2050,297,13,0.016435863763191977,0
2050,297,15,0.0231262808539391,0
2050,297,18,0.08963866879318166,0
2050,297,21,0.06146799576305368,0
2050,297,26,0.05288128359853218,0
2050,297,27,0.04523981281714331,0
2050,297,29,0.21854993681308868,0
2050,298,6,0.21749596760593712,0
2050,298,8,0.12266343209755462,0
2050,298,13,0.09090425887166663,0
2050,298,15,0.09873531787272942,0
2050,298,16,0.10276923408675347,0
2050,298,18,0.2957890061788062,0
2050,298,21,0.07164278328655255,0
2050,299,3,0.05631757022665165,0
2050,299,4,0.02821431604588908,0
2050,299,7,0.25141354964915236,0
2050,299,8,0.1792930745376327,0
2050,299,15,0.1703728407261996,0
2050,299,17,0.037419843912572325,0
2050,299,18,0.15182201603120776,0
2050,299,22,0.04742408767738877,0
2050,299,29,0.07772270119330568,0
2050,300,3,0.06636967245522635,0
2050,300,4,0.024598013508625893,0
2050,300,6,0.03276367986176499,0
2050,300,7,0.1262882696716865,0
2050,300,8,0.2635257370200592,0
2050,300,15,0.0823487207468061,0
2050,300,18,0.06471565642793874,0
2050,300,21,0.06816490073938149,0
2050,300,22,0.10753771222166697,0
2050,300,23,0.10985453177227585,0
2050,300,25,0.036608526602736405,0
2050,300,27,0.017224578971831585,0
2050,301,5,0.058097444905657034,0
2050,301,6,0.13146927677923637,0
2050,301,8,0.2705606534765846,0
2050,301,10,0.08279888982556059,0
2050,301,12,0.07147688257290534,0
2050,301,13,0.03537794797515842,0
2050,301,14,0.13660337963746313,0
2050,301,21,0.12003590547509298,0
2050,301,23,0.024300530721850764,0
2050,301,26,0.03588130559124321,0
2050,301,28,0.033397783039247536,0
2050,302,3,0.08293024168632408,0
2050,302,7,0.0760063843496666,0
2050,302,8,0.07295988405728943,0
2050,302,14,0.08074067730848099,0
2050,302,16,0.04085613482493292,0
2050,302,17,0.17219581343609536,0
2050,302,22,0.011046138118867507,0
2050,302,24,0.014545592963577736,0
2050,302,25,0.22668225623777888,0
2050,302,26,0.07052436483433212,0
2050,302,27,0.15151251218265438,0
2050,303,3,0.09746555983012592,0
2050,303,8,0.20525461224082914,0
2050,303,17,0.0784791200460349,0
2050,303,23,0.0371485862310541,0
2050,303,25,0.03302415139246971,0
2050,303,26,0.18002668824900092,0
2050,303,29,0.36860128201048536,0
2050,304,3,0.16771543608661715,0
2050,304,5,0.23493519507492913,0
2050,304,8,0.3321839869758534,0
2050,304,10,0.04677822068154476,0
2050,304,13,0.09675060834632612,0
2050,304,27,0.03776060273116559,0
2050,304,28,0.08387595010356373,0
2050,305,3,0.37358743931037913,0
2050,305,5,0.22780276696744817,0
2050,305,7,0.0319245064960238,0
2050,305,17,0.06712427985542935,0
2050,305,18,0.08200034719383846,0
2050,305,22,0.12123986644134992,0
2050,305,27,0.0784028539819251,0
2050,305,28,0.01791793975360606,0
2050,306,2,0.02315174528578405,0
2050,306,3,0.24155975151278186,0
2050,306,5,0.11014149348704633,0
2050,306,7,0.0723982118922351,0
2050,306,15,0.057079346614103674,0
2050,306,16,0.15157802483562283,0
2050,306,18,0.1829368231719875,0
2050,306,22,0.04185254456380184,0
2050,306,25,0.09885084792215332,0
2050,306,27,0.01011761577760267,0
2050,306,28,0.010333594936881033,0
2050,307,3,0.06698709949475205,0
2050,307,5,0.09138201467570436,0
2050,307,15,0.031681671096085114,0
2050,307,20,0.028515437111216835,0
2050,307,22,0.3556092728807305,0
2050,307,25,0.41485034881673044,0
2050,307,30,0.010974155924780632,0
2050,308,10,0.08475546908717844,0
2050,308,16,0.05438921583148409,0
2050,308,19,0.0321746684488231,0
2050,308,20,0.0701502911313141,0
2050,308,22,0.17236631224080567,0
2050,308,24,0.013996981211775103,0
2050,308,25,0.5721670620486194,0
2050,309,25,1.0,0
2050,310,29,1.0,0
2050,311,6,0.047660676791465864,0
2050,311,10,0.06558361375024105,0
2050,311,12,0.10390906916430798,0
2050,311,13,0.0898729985629,0
2050,311,15,0.2217775202911132,0
2050,311,18,0.03488205508257309,0
2050,311,29,0.4363140663573987,0
2050,312,2,0.015230024895731187,0
2050,312,3,0.10811895325261088,0
2050,312,6,0.0181358446707343,0
2050,312,7,0.09263042948248804,0
2050,312,12,0.062484392106358304,0
2050,312,15,0.2913099700976997,0
2050,312,27,0.16037039767968414,0
2050,312,29,0.2517199878146934,0
2050,313,4,0.013841818320152596,0
2050,313,6,0.03748992809034938,0
2050,313,10,0.03714333899175476,0
2050,313,12,0.03104602202980937,0
2050,313,13,0.4907093695710446,0
2050,313,15,0.15581055183195627,0
2050,313,27,0.013294814268906411,0
2050,313,29,0.22066415689602653,0
2050,314,4,0.16260444344593364,0
2050,314,11,0.04561115420315007,0
2050,314,12,0.16110130466078224,0
2050,314,13,0.2036995472038682,0
2050,314,15,0.20068269665110908,0
2050,314,27,0.18875128977370526,0
2050,314,29,0.03754956406145146,0
2050,315,6,0.015543992663986973,0
2050,315,8,0.15236832109103776,0
2050,315,12,0.14928670037381714,0
2050,315,13,0.10542389711129105,0
2050,315,15,0.29067780494180845,0
2050,315,27,0.23864053076640937,0
2050,315,29,0.04805875305164933,0
2050,316,2,0.053214441990439,0
2050,316,6,0.05682867431212714,0
2050,316,12,0.18436919826036222,0
2050,316,13,0.15199772705353162,0
2050,316,15,0.08767663031831988,0
2050,316,27,0.11873196513300945,0
2050,316,29,0.3471813629322107,0
2050,317,6,0.05008978534594558,0
2050,317,12,0.03485304918254131,0
2050,317,13,0.23246255958970524,0
2050,317,15,0.3202767193752429,0
2050,317,29,0.362317886506565,0
2050,318,4,0.15144185309343247,0
2050,318,6,0.030744545671610387,0
2050,318,12,0.13237632842651353,0
2050,318,13,0.39022319643698994,0
2050,318,15,0.16471853268264203,0
2050,318,27,0.07452501551770825,0
2050,318,29,0.05597052817110352,0
2050,319,4,0.12548207641734807,0
2050,319,11,0.19213586698356266,0
2050,319,13,0.12993901548751302,0
2050,319,17,0.01193849881156717,0
2050,319,27,0.22710807708397293,0
2050,319,29,0.3133964652160362,0
2050,320,8,0.07312600234293165,0
2050,320,11,0.012442864135870594,0
2050,320,13,0.4126026108706271,0
2050,320,27,0.048906343724220605,0
2050,320,29,0.45292217892635006,0
2050,321,4,0.20715751209485278,0
2050,321,11,0.0768699120024059,0
2050,321,13,0.15401719074542047,0
2050,321,15,0.28271838405626337,0
2050,321,22,0.12322669654483746,0
2050,321,29,0.15601030455622006,0
2050,322,4,0.23896185524127878,0
2050,322,11,0.15337504888567927,0
2050,322,12,0.06644556790298278,0
2050,322,13,0.3977983303280998,0
2050,322,27,0.03813894685389545,0
2050,322,29,0.10528025078806397,0
2050,323,4,0.09952937751089751,0
2050,323,10,0.014971284929144795,0
2050,323,11,0.12486367704655617,0
2050,323,12,0.0883659438879481,0
2050,323,13,0.46594946451745645,0
2050,323,27,0.07202292175699393,0
2050,323,28,0.013589725556497052,0
2050,323,29,0.12070760479450583,0
2050,324,4,0.1556768014978802,0
2050,324,7,0.06670838376560738,0
2050,324,8,0.10182092523653537,0
2050,324,13,0.31855511052731483,0
2050,324,17,0.16118985336284575,0
2050,324,27,0.15959232442314156,0
2050,324,29,0.03645660118667482,0
2050,325,3,0.24800177965805267,0
2050,325,4,0.12574947945464557,0
2050,325,8,0.15702343729374793,0
2050,325,13,0.20881162135409234,0
2050,325,19,0.2100050488423135,0
2050,325,29,0.018612777891932098,0
2050,325,30,0.03179585550521593,0
2050,326,3,0.052416356191954186,0
2050,326,4,0.06972743481349403,0
2050,326,5,0.015881679109709033,0
2050,326,13,0.21253366942720653,0
2050,326,14,0.038139842990904844,0
2050,326,19,0.043172560768400044,0
2050,326,20,0.024077120499674934,0
2050,326,21,0.21862551663542878,0
2050,326,25,0.07268453999406559,0
2050,326,26,0.06717405746833531,0
2050,326,27,0.18556722210082674,0
2050,327,26,1.0,0
2050,328,3,0.11737379810141849,0
2050,328,6,0.012276551430907683,0
2050,328,8,0.09024374154866718,0
2050,328,12,0.014581701229410554,0
2050,328,13,0.19722418601732028,0
2050,328,15,0.35040764596628654,0
2050,328,17,0.014761464353334754,0
2050,328,29,0.20313091135265451,0
2050,329,3,0.338388210284068,0
2050,329,7,0.11114808021076907,0
2050,329,13,0.18416564940111116,0
2050,329,14,0.06431660936911371,0
2050,329,15,0.22054442654938577,0
2050,329,29,0.08143702418555225,0
2050,330,3,0.4378722287037533,0
2050,330,13,0.093251697361641,0
2050,330,17,0.1011935853850396,0
2050,330,19,0.07345484156721237,0
2050,330,24,0.04110378327423175,0
2050,330,26,0.15561513764448462,0
2050,330,28,0.09750872606363746,0
2050,331,3,0.38160662172362747,0
2050,331,8,0.08175155808492302,0
2050,331,10,0.023637258569618562,0
2050,331,13,0.23702139054201116,0
2050,331,15,0.22261373432021136,0
2050,331,27,0.05336943675960846,0
2050,332,3,0.10921263294835296,0
2050,332,7,0.024470005720467626,0
2050,332,13,0.5190698424952411,0
2050,332,15,0.286402212947012,0
2050,332,24,0.019195658274353416,0
2050,332,27,0.04164964761457279,0
2050,333,13,1.0,0
2050,334,2,0.02513593213769008,0
2050,334,4,0.07206268333595815,0
2050,334,5,0.014667175997264713,0
2050,334,10,0.14130866117569807,0
2050,334,13,0.6527901855810504,0
2050,334,15,0.0401287896777094,0
2050,334,27,0.05390657209462926,0
2050,335,2,0.10662637627636619,0
2050,335,4,0.07954681389088405,0
2050,335,5,0.06077210577610083,0
2050,335,13,0.5370249373767565,0
2050,335,15,0.04016828664835378,0
2050,335,27,0.11355790589996367,0
2050,335,28,0.06230357413157492,0
2050,336,2,0.013551615389949688,0
2050,336,8,0.14384798478809072,0
2050,336,12,0.08725443838672736,0
2050,336,13,0.12638297696029194,0
2050,336,15,0.3090515326402944,0
2050,336,24,0.0522705673992022,0
2050,336,25,0.07290799495973561,0
2050,336,27,0.1341056293326067,0
2050,336,28,0.060627260143101415,0
2050,337,13,0.08524019877896316,0
2050,337,15,0.4518082708536122,0
2050,337,18,0.07828758083302494,0
2050,337,24,0.235285584356865,0
2050,337,25,0.10779169691762437,0
2050,337,26,0.04158666825991035,0
2050,338,6,0.044074088318994786,0
2050,338,13,0.2790705894459168,0
2050,338,15,0.5241199912030783,0
2050,338,28,0.1527353310320102,0
2050,339,13,0.153678270232826,0
2050,339,15,0.7377123674121027,0
2050,339,27,0.03977993026553667,0
2050,339,28,0.06882943208953478,0
2050,340,2,0.03749869713617723,0
2050,340,13,0.22294009579137936,0
2050,340,15,0.6400722447408286,0
2050,340,28,0.09948896233161482,0
2050,341,3,0.11998684390942099,0
2050,341,7,0.019937149408585566,0
2050,341,13,0.038938804169412276,0
2050,341,15,0.45787782361208584,0
2050,341,18,0.11211539100108739,0
2050,341,24,0.20254237013841048,0
2050,341,28,0.04860161776099729,0
2050,342,8,0.13504350966732684,0
2050,342,13,0.023588366095452847,0
2050,342,15,0.5266627994987081,0
2050,342,28,0.09392304723156494,0
2050,342,29,0.18986896329585445,0
2050,342,30,0.030913314211092793,0
2050,343,3,0.04540758567253938,0
2050,343,5,0.03583391597302955,0
2050,343,6,0.01831897145576351,0
2050,343,13,0.0776248256750745,0
2050,343,15,0.704022876701232,0
2050,343,18,0.03480915155864712,0
2050,343,24,0.04097565870224025,0
2050,343,28,0.04300701426147363,0
2050,344,2,0.014348337470821686,0
2050,344,3,0.10799899615986162,0
2050,344,13,0.11966896571705199,0
2050,344,15,0.6249757276256953,0
2050,344,27,0.1330079730265694,0
2050,345,12,0.016541071896371613,0
2050,345,13,0.24908108916036872,0
2050,345,15,0.5296419917031419,0
2050,345,27,0.11524091779587865,0
2050,345,28,0.08949492944423917,0
2050,346,12,0.10939273416888233,0
2050,346,13,0.12274007047400763,0
2050,346,15,0.2571979907083429,0
2050,346,27,0.1344828967640458,0
2050,346,28,0.3761863078847213,0
2050,347,28,1.0,0
2050,348,24,1.0,0
2050,349,8,0.10381043804477093,0
2050,349,14,0.0354524274958151,0
2050,349,15,0.03657880354968521,0
2050,349,19,0.019650928147579315,0
2050,349,24,0.4858556516007637,0
2050,349,25,0.06566007861978747,0
2050,349,26,0.06576761581812947,0
2050,349,28,0.05269940539839509,0
2050,349,29,0.11385978478491142,0
2050,349,30,0.02066486654016219,0
2050,350,8,0.016390867471526148,0
2050,350,15,0.4627596149932859,0
2050,350,19,0.03124395682364616,0
2050,350,24,0.27271628674287696,0
2050,350,29,0.21688927396866495,0
2050,351,13,0.22282619838376072,0
2050,351,15,0.2414593290775277,0
2050,351,24,0.09218652832708514,0
2050,351,28,0.28549388789730695,0
2050,351,29,0.15803405631431952,0
2050,352,13,0.12969274569524264,0
2050,352,15,0.5518777417083904,0
2050,352,24,0.05456320226168281,0
2050,352,28,0.263866310334684,0
2050,353,15,0.7047827072577855,0
2050,353,24,0.2230327490842619,0
2050,353,28,0.07218454365795264,0
2050,354,13,0.1558870648663183,0
2050,354,15,0.7212369246091248,0
2050,354,24,0.030549953289436584,0
2050,354,28,0.09232605723512045,0
2050,355,13,0.2537623341652686,0
2050,355,15,0.6425050209021106,0
2050,355,28,0.10373264493262087,0
2050,356,13,0.3257519735475032,0
2050,356,15,0.5782969085864672,0
2050,356,28,0.09595111786602965,0
2050,357,6,0.010557150197588376,0
2050,357,13,0.0936778238583324,0
2050,357,15,0.7181103048827505,0
2050,357,27,0.06404491557010647,0
2050,357,28,0.11360980549122235,0
2050,358,15,1.0,0
2050,359,5,0.07268163955521945,0
2050,359,12,0.07814916245519656,0
2050,359,13,0.09205034303807703,0
2050,359,15,0.7114503514918339,0
2050,359,19,0.022702910832145526,0
2050,359,28,0.022965592627527613,0
2050,360,3,0.06613808865859103,0
2050,360,4,0.027362907070962617,0
2050,360,11,0.04936434363508893,0
2050,360,13,0.07015975677841256,0
2050,360,15,0.5075726035640974,0
2050,360,19,0.1685958895494619,0
2050,360,23,0.017781749016182614,0
2050,360,28,0.04363331409067777,0
2050,360,30,0.04939134763652522,0
2050,361,11,0.06068385081281262,0
2050,361,13,0.16007626563176255,0
2050,361,14,0.017768557274293984,0
2050,361,15,0.27910730651776383,0
2050,361,19,0.038868126827608186,0
2050,361,21,0.10164777719460821,0
2050,361,23,0.10195507116792779,0
2050,361,28,0.23989304457322286,0
2050,362,3,0.06588763144449794,0
2050,362,4,0.06131391102448976,0
2050,362,13,0.024727870473233403,0
2050,362,14,0.07560963440369997,0
2050,362,15,0.30678040617753133,0
2050,362,24,0.2766869868697732,0
2050,362,25,0.11555838929830582,0
2050,362,26,0.0734351703084686,0
2050,363,4,0.023269372545492762,0
2050,363,8,0.02840303804584866,0
2050,363,13,0.16324186327294632,0
2050,363,15,0.3604059272485123,0
2050,363,20,0.016511689497542944,0
2050,363,21,0.12680128685648204,0
2050,363,23,0.04873522982946045,0
2050,363,26,0.08202277924257395,0
2050,363,27,0.028199899935789863,0
2050,363,28,0.07252246407679078,0
2050,363,29,0.04988644944855993,0
2050,364,3,0.32687398480474456,0
2050,364,4,0.01580982809157445,0
2050,364,10,0.09506506023126064,0
2050,364,13,0.27921444418302876,0
2050,364,15,0.16106227850111698,0
2050,364,28,0.026527080370514464,0
2050,364,29,0.09544732381776021,0
2050,365,3,0.03504981815201839,0
2050,365,5,0.058272857386983304,0
2050,365,13,0.28380631406163764,0
2050,365,15,0.37362056077997413,0
2050,365,18,0.03653281627200356,0
2050,365,23,0.02259229091717568,0
2050,365,26,0.04463647476460695,0
2050,365,27,0.14548886766560046,0
