year,period,rep_period,weight,scenario
2050,1,8,0.08914975271788333,0
2050,1,11,0.14434819801242885,0
2050,1,49,0.0786095175437298,0
2050,1,121,0.21654342767017193,0
2050,1,125,0.11377604694059881,0
2050,1,146,0.19492981396383016,0
2050,1,155,0.033884183527767814,0
2050,1,161,0.013721681991703701,0
2050,1,179,0.10708017647695918,0
2050,2,8,0.06196245300808946,0
2050,2,36,0.16319051578184618,0
2050,2,82,0.018558335677756846,0
2050,2,117,0.039297315490986376,0
2050,2,121,0.17204109811068458,0
2050,2,125,0.2548104054491722,0
2050,2,131,0.014040467297010625,0
2050,2,133,0.1612961086282237,0
2050,2,146,0.07479129624910795,0
2050,2,155,0.03019192349920745,0
2050,3,36,1.0,0
2050,4,8,0.2671617751744866,0
2050,4,17,0.04310294711896073,0
2050,4,25,0.032458231929801254,0
2050,4,28,0.08688487114485668,0
2050,4,36,0.25899471079674763,0
2050,4,78,0.12217034368514126,0
2050,4,170,0.0318621591247303,0
2050,4,180,0.15544813122149276,0
2050,5,8,1.0,0
2050,6,58,1.0,0
2050,7,146,1.0,0
2050,8,36,0.12296737945168691,0
2050,8,82,0.20799142360174983,0
2050,8,125,0.3360738764300359,0
2050,8,133,0.04970119374898811,0
2050,8,136,0.06609182375847826,0
2050,8,146,0.11088169527187784,0
2050,8,155,0.10363985831429397,0
2050,9,7,0.05468187951908764,0
2050,9,8,0.07913911985283249,0
2050,9,17,0.12840635547747253,0
2050,9,18,0.018191267700486,0
2050,9,30,0.17679609600339652,0
2050,9,36,0.06754087271560465,0
2050,9,54,0.06835604815297429,0
2050,9,117,0.11174463516921966,0
2050,9,125,0.10407156728352084,0
2050,9,131,0.03612245228820679,0
2050,9,133,0.1532925310667101,0
2050,10,17,1.0,0
2050,11,2,0.012782322373511045,0
2050,11,7,0.026951351981603446,0
2050,11,8,0.050578498085137265,0
2050,11,17,0.24099408430047037,0
2050,11,23,0.05474707420019618,0
2050,11,36,0.05425426809004181,0
2050,11,56,0.015265899988467311,0
2050,11,117,0.10773024543198054,0
2050,11,125,0.12153779144135098,0
2050,11,133,0.2164489186758747,0
2050,11,180,0.09870954543136637,0
2050,12,2,0.023549919806972908,0
2050,12,7,0.07872755884362238,0
2050,12,8,0.12052723346705617,0
2050,12,17,0.4318984801931372,0
2050,12,36,0.11996634448484152,0
2050,12,49,0.013178389939031684,0
2050,12,112,0.04300915380179422,0
2050,12,125,0.026185821270356582,0
2050,12,129,0.04090652314239561,0
2050,12,131,0.031266680414202455,0
2050,12,133,0.029041208969709936,0
2050,12,135,0.020031827230790944,0
2050,12,180,0.011920123798044926,0
2050,13,17,0.04185408192701668,0
2050,13,54,0.08692689053751479,0
2050,13,65,0.016311703354089886,0
2050,13,82,0.08775967009118915,0
2050,13,125,0.5759198655075747,0
2050,13,133,0.04797449089462023,0
2050,13,146,0.0655299197180452,0
2050,13,180,0.06366743133326172,0
2050,14,125,1.0,0
2050,15,2,0.20598422009448336,0
2050,15,17,0.07768102351032642,0
2050,15,26,0.10187431552982171,0
2050,15,27,0.05608747582788981,0
2050,15,85,0.025979690847897446,0
2050,15,125,0.04431847448756504,0
2050,15,133,0.12637326189578577,0
2050,15,136,0.11679333169271078,0
2050,15,155,0.09658356517520908,0
2050,15,161,0.027585874806399208,0
2050,15,178,0.042528104430176544,0
2050,15,180,0.067567984935275,0
2050,16,180,1.0,0
2050,17,56,1.0,0
2050,18,8,0.042169668411731885,0
2050,18,14,0.15971166260207292,0
2050,18,31,0.22037147133776885,0
2050,18,56,0.020431883630806967,0
2050,18,71,0.15061721780994214,0
2050,18,82,0.16144871193125698,0
2050,18,113,0.01706996419267052,0
2050,18,150,0.02387070411595813,0
2050,18,154,0.055321699721367065,0
2050,18,155,0.033304575516843675,0
2050,18,173,0.10735777503501193,0
2050,19,31,1.0,0
2050,20,6,0.10119333144653328,0
2050,20,19,0.03310407870250631,0
2050,20,23,0.07645133895854922,0
2050,20,31,0.3305094070102303,0
2050,20,59,0.04623790180910157,0
2050,20,78,0.06077347298538246,0
2050,20,138,0.03341820285983595,0
2050,20,150,0.10394011379331643,0
2050,20,154,0.036667468015460634,0
2050,20,171,0.04394382406612316,0
2050,20,180,0.02736902881320138,0
2050,21,14,0.24187434524381643,0
2050,21,27,0.03474746313076125,0
2050,21,31,0.13297821955322806,0
2050,21,65,0.04590337169717572,0
2050,21,71,0.165295052247925,0
2050,21,72,0.03402493296730744,0
2050,21,151,0.010006824780021429,0
2050,21,154,0.10493369687744952,0
2050,21,167,0.17449854649566934,0
2050,22,154,1.0,0
2050,23,4,1.0,0
2050,24,108,1.0,0
2050,25,4,0.1712053700445789,0
2050,25,30,0.08608490579932493,0
2050,25,50,0.06830668016325889,0
2050,25,61,0.05612156457823806,0
2050,25,76,0.04880590904269778,0
2050,25,80,0.017688484941080274,0
2050,25,87,0.05321413576035378,0
2050,25,90,0.05452747643566847,0
2050,25,99,0.012036958502380256,0
2050,25,107,0.09521517388469031,0
2050,25,108,0.1669742838880156,0
2050,25,154,0.1528517144864135,0
2050,26,90,1.0,0
2050,27,2,0.1929745021610447,0
2050,27,7,0.04759868637930951,0
2050,27,18,0.06577337238507637,0
2050,27,25,0.02117754196611405,0
2050,27,30,0.04063516489433045,0
2050,27,32,0.025607463679956196,0
2050,27,50,0.02822485942213773,0
2050,27,59,0.01576476684776653,0
2050,27,71,0.13413755683434644,0
2050,27,79,0.04731740590516832,0
2050,27,87,0.08539873041548081,0
2050,27,90,0.043432594535798216,0
2050,27,125,0.016083479824486463,0
2050,27,141,0.02149201790889443,0
2050,27,154,0.13663742481067132,0
2050,27,168,0.07280343395797576,0
2050,28,2,0.05718292627533095,0
2050,28,7,0.07260237015814106,0
2050,28,11,0.015991962976785644,0
2050,28,39,0.014509041112831293,0
2050,28,40,0.050695149752720076,0
2050,28,59,0.020541774600153308,0
2050,28,90,0.49426252236309176,0
2050,28,117,0.011183666133878736,0
2050,28,125,0.047186225031121715,0
2050,28,133,0.07246514394798204,0
2050,28,161,0.12568414384788795,0
2050,28,177,0.013231670342528496,0
2050,29,2,1.0,0
2050,30,23,1.0,0
2050,31,65,1.0,0
2050,32,72,1.0,0
2050,33,2,0.06489116343176227,0
2050,33,18,0.0861991301206987,0
2050,33,24,0.11842201011572953,0
2050,33,72,0.25979989350304333,0
2050,33,80,0.1281682216305788,0
2050,33,94,0.07073574607209245,0
2050,33,111,0.020803907809200717,0
2050,33,151,0.054074797615071474,0
2050,33,154,0.1611006294855151,0
2050,33,166,0.02597185588591893,0
2050,34,4,0.060502770091937184,0
2050,34,14,0.16218824207692203,0
2050,34,40,0.07033198646540849,0
2050,34,49,0.09473153396764473,0
2050,34,65,0.04887673454692431,0
2050,34,98,0.04734648502834652,0
2050,34,99,0.03648567826709534,0
2050,34,141,0.030491034818060172,0
2050,34,152,0.02092120510921356,0
2050,34,154,0.2510560186966324,0
2050,34,159,0.11061310148311165,0
2050,34,170,0.014741129234402359,0
2050,34,174,0.042528719548119945,0
2050,35,159,1.0,0
2050,36,22,1.0,0
2050,37,54,1.0,0
2050,38,11,0.06167777329156729,0
2050,38,17,0.06906067081852796,0
2050,38,36,0.05006209009381184,0
2050,38,49,0.0687502982549201,0
2050,38,54,0.12769479800795333,0
2050,38,56,0.05771427116905514,0
2050,38,72,0.09434145697443949,0
2050,38,83,0.053112254536500134,0
2050,38,90,0.03208973356858838,0
2050,38,112,0.052779053743907095,0
2050,38,124,0.10954066153423761,0
2050,38,125,0.05993550590283919,0
2050,38,155,0.07033822168596432,0
2050,38,170,0.028523903706223624,0
2050,38,176,0.05774805724919413,0
2050,39,2,0.07566811680801855,0
2050,39,7,0.0561067560709132,0
2050,39,18,0.1490586303259187,0
2050,39,36,0.3210404650664971,0
2050,39,37,0.039361905143170436,0
2050,39,54,0.22230591380404485,0
2050,39,112,0.03117984655234407,0
2050,39,180,0.09851982407379195,0
2050,40,18,1.0,0
2050,41,13,0.02845306636832827,0
2050,41,18,0.30429210100032344,0
2050,41,54,0.1053237571678474,0
2050,41,66,0.11578569667367479,0
2050,41,153,0.43594805974388373,0
2050,42,153,1.0,0
2050,43,8,0.06344149257483563,0
2050,43,14,0.024032974586570076,0
2050,43,31,0.13387124422961788,0
2050,43,38,0.106856804647508,0
2050,43,78,0.05838047396503886,0
2050,43,79,0.13838798681719844,0
2050,43,82,0.06538467985541528,0
2050,43,148,0.028903712564822485,0
2050,43,153,0.28188453022418936,0
2050,43,160,0.039117598902765185,0
2050,43,167,0.05279112832269563,0
2050,44,22,0.032802483296557175,0
2050,44,26,0.014443413355715737,0
2050,44,48,0.06486356090893956,0
2050,44,72,0.06114201772411518,0
2050,44,74,0.03920791794381419,0
2050,44,80,0.3037678317110938,0
2050,44,97,0.02879407548593324,0
2050,44,98,0.16845999521330485,0
2050,44,105,0.012587450146500034,0
2050,44,108,0.02256014765657298,0
2050,44,121,0.024816989440770258,0
2050,44,127,0.1610630753523335,0
2050,44,146,0.0566944638629399,0
2050,45,80,1.0,0
2050,46,170,1.0,0
2050,47,78,1.0,0
2050,48,19,0.1128928692028515,0
2050,48,23,0.10594441299887246,0
2050,48,43,0.01569476695874695,0
2050,48,49,0.3001206849921036,0
2050,48,65,0.10365256031709792,0
2050,48,74,0.019224016078242687,0
2050,48,78,0.23677805521622347,0
2050,48,81,0.031333177733872494,0
2050,48,86,0.017469355335379612,0
2050,48,113,0.04737795897150847,0
2050,49,49,1.0,0
2050,50,121,1.0,0
2050,51,82,1.0,0
2050,52,2,0.03853884507052044,0
2050,52,9,0.020874036797291086,0
2050,52,14,0.1175741326584368,0
2050,52,23,0.21797753742840803,0
2050,52,29,0.08675268065746443,0
2050,52,78,0.05423873235173652,0
2050,52,82,0.05080048815721846,0
2050,52,101,0.022800271454299886,0
2050,52,137,0.056587592683131537,0
2050,52,163,0.10787814335322658,0
2050,52,180,0.2259775393882658,0
2050,53,113,1.0,0
2050,54,161,1.0,0
2050,55,40,1.0,0
2050,56,50,1.0,0
2050,57,16,0.07830268224422475,0
2050,57,50,0.08230037670742375,0
2050,57,58,0.06839019991717193,0
2050,57,61,0.12461000212918202,0
2050,57,64,0.021442832872221502,0
2050,57,90,0.030548534722710022,0
2050,57,100,0.015868632842397565,0
2050,57,127,0.5584769309007128,0
2050,57,159,0.01219805707196562,0
2050,58,31,0.08209926458238304,0
2050,58,40,0.032462834234157856,0
2050,58,50,0.12776716463121268,0
2050,58,65,0.025919100381531498,0
2050,58,69,0.01459645595522777,0
2050,58,82,0.17707885508234394,0
2050,58,127,0.3014620119966627,0
2050,58,154,0.0768715649162817,0
2050,58,159,0.0594329067570553,0
2050,58,172,0.08403599734435255,0
2050,59,127,1.0,0
2050,60,2,0.08633455562530558,0
2050,60,40,0.12465478523590129,0
2050,60,59,0.08022446446685084,0
2050,60,82,0.034502125233387235,0
2050,60,84,0.015125285229277127,0
2050,60,117,0.14105758442911198,0
2050,60,125,0.03029358623351195,0
2050,60,133,0.07337236895085486,0
2050,60,136,0.1516953003520233,0
2050,60,155,0.06541206399631447,0
2050,60,161,0.18946265013896899,0
2050,61,117,1.0,0
2050,62,7,0.2080342337654589,0
2050,62,8,0.05419285999777957,0
2050,62,11,0.03358320490236466,0
2050,62,28,0.03127273068053229,0
2050,62,57,0.1897548208015256,0
2050,62,82,0.034139556327228184,0
2050,62,117,0.17782508606568123,0
2050,62,131,0.12448734332783051,0
2050,62,135,0.019640913429935132,0
2050,62,146,0.1270692507016636,0
2050,63,7,0.26974286293946764,0
2050,63,15,0.036328220033813204,0
2050,63,16,0.017465299936104746,0
2050,63,30,0.031657069317078686,0
2050,63,40,0.17975617679186376,0
2050,63,41,0.013983273797871384,0
2050,63,61,0.029646650422001656,0
2050,63,65,0.05911792370919453,0
2050,63,80,0.1573372605656931,0
2050,63,100,0.08547303652391171,0
2050,63,117,0.06110406392759325,0
2050,63,174,0.028353064697215134,0
2050,64,76,1.0,0
2050,65,4,0.08976870923647033,0
2050,65,8,0.11012085738108975,0
2050,65,11,0.46568022192288666,0
2050,65,49,0.01794258412424223,0
2050,65,54,0.010652065068005354,0
2050,65,66,0.12684600843770233,0
2050,65,76,0.11055250404970841,0
2050,65,113,0.06843704977989491,0
2050,66,11,1.0,0
2050,67,2,0.042174594399828035,0
2050,67,11,0.4029969610346244,0
2050,67,19,0.016799561561553194,0
2050,67,49,0.08834762229300876,0
2050,67,59,0.07711670255568223,0
2050,67,78,0.08629145574168316,0
2050,67,79,0.0849274311158834,0
2050,67,112,0.03494753683424226,0
2050,67,121,0.021661004465897808,0
2050,67,124,0.0982253539218707,0
2050,67,151,0.046511776075726145,0
2050,68,79,1.0,0
2050,69,59,1.0,0
2050,70,87,1.0,0
2050,71,29,1.0,0
2050,72,2,0.02743653764974621,0
2050,72,27,0.03048463260226079,0
2050,72,29,0.13440709153299973,0
2050,72,36,0.02943011958800004,0
2050,72,38,0.01568396332750081,0
2050,72,48,0.010163646156461283,0
2050,72,74,0.07633227222690418,0
2050,72,123,0.018395518806907814,0
2050,72,124,0.12283559414088045,0
2050,72,144,0.30136313158975353,0
2050,72,151,0.0161134092393028,0
2050,72,166,0.016368775039153873,0
2050,72,170,0.01911281566028512,0
2050,72,176,0.07366863230246895,0
2050,72,180,0.08686939556700933,0
2050,73,144,1.0,0
2050,74,4,0.014223069304879338,0
2050,74,7,0.1728838351126267,0
2050,74,11,0.079562637427741,0
2050,74,17,0.033150226344690864,0
2050,74,18,0.02605025996392285,0
2050,74,24,0.02496403424968567,0
2050,74,34,0.040183972578194796,0
2050,74,41,0.0358093854530104,0
2050,74,48,0.0191303192127959,0
2050,74,53,0.036726072440476196,0
2050,74,70,0.03522517977968274,0
2050,74,78,0.07135818761873797,0
2050,74,86,0.010210591038904746,0
2050,74,124,0.10602344311648758,0
2050,74,136,0.0163578781858578,0
2050,74,144,0.25791687774303107,0
2050,75,5,0.018283748270692755,0
2050,75,7,0.018288885227097366,0
2050,75,8,0.06750819679404246,0
2050,75,11,0.15003283021337757,0
2050,75,18,0.08118551184837658,0
2050,75,25,0.029170992860308144,0
2050,75,36,0.010695240615425955,0
2050,75,70,0.05686624308428174,0
2050,75,78,0.07348178105322448,0
2050,75,124,0.44871399909838705,0
2050,75,164,0.02211681602497207,0
2050,75,179,0.023110043059388477,0
2050,76,124,1.0,0
2050,77,174,1.0,0
2050,78,14,0.026376580055639826,0
2050,78,20,0.09069700449569693,0
2050,78,34,0.04500027779089892,0
2050,78,48,0.08638626480044173,0
2050,78,60,0.11879182504575811,0
2050,78,80,0.1837236141671163,0
2050,78,94,0.023023715993343952,0
2050,78,120,0.04991844014700496,0
2050,78,127,0.02608607072317636,0
2050,78,154,0.1288938827871823,0
2050,78,174,0.21608285798609042,0
2050,79,4,0.049183551258449455,0
2050,79,14,0.08633576346877411,0
2050,79,26,0.01751809695695212,0
2050,79,31,0.21795987299009437,0
2050,79,38,0.16037934018531871,0
2050,79,48,0.05881785314271109,0
2050,79,68,0.013696536540458666,0
2050,79,76,0.03783976875923723,0
2050,79,80,0.01579388126338019,0
2050,79,106,0.011108720867256297,0
2050,79,144,0.06746578515527879,0
2050,79,159,0.07238791724350596,0
2050,79,172,0.05784324811242152,0
2050,79,174,0.1182362303946502,0
2050,80,48,1.0,0
2050,81,60,1.0,0
2050,82,6,0.01432428316363868,0
2050,82,14,0.11720346445853941,0
2050,82,38,0.12454934384776445,0
2050,82,45,0.01576009235760035,0
2050,82,49,0.028432174849800713,0
2050,82,59,0.32227185094905386,0
2050,82,65,0.01026183298910055,0
2050,82,74,0.021984175316651207,0
2050,82,78,0.23509755577578084,0
2050,82,106,0.011113743511604955,0
2050,82,170,0.091636277603376,0
2050,83,14,1.0,0
2050,84,43,1.0,0
2050,85,74,1.0,0
2050,86,24,1.0,0
2050,87,61,1.0,0
2050,88,2,0.15986397887003007,0
2050,88,7,0.12973165140791107,0
2050,88,43,0.012412748976892358,0
2050,88,48,0.04683580575289262,0
2050,88,59,0.045312933217629095,0
2050,88,69,0.1024453243230404,0
2050,88,74,0.12241761981954763,0
2050,88,82,0.012178206346502145,0
2050,88,133,0.276095026276464,0
2050,88,155,0.05490258431325666,0
2050,88,161,0.029100365947923035,0
2050,89,2,0.06412875936969704,0
2050,89,7,0.37229734537761117,0
2050,89,24,0.026663727307712312,0
2050,89,28,0.013352085238586484,0
2050,89,66,0.018539837000719123,0
2050,89,74,0.06230488541600358,0
2050,89,112,0.019481173174585448,0
2050,89,117,0.25310359537432525,0
2050,89,125,0.12004653557724951,0
2050,89,133,0.01859000004786089,0
2050,89,180,0.021776241569983562,0
2050,90,2,0.027028782307267123,0
2050,90,7,0.5667091892771405,0
2050,90,14,0.03612017289690319,0
2050,90,24,0.0556780372352327,0
2050,90,51,0.022624830882546354,0
2050,90,61,0.017457095269586047,0
2050,90,69,0.026304162145664826,0
2050,90,117,0.1717844402475631,0
2050,90,125,0.07629328973809593,0
2050,91,7,1.0,0
2050,92,7,0.33409811175811754,0
2050,92,9,0.01732061508969587,0
2050,92,17,0.11681765920137091,0
2050,92,18,0.02355691106586694,0
2050,92,24,0.10245346628656637,0
2050,92,30,0.04163610534045277,0
2050,92,33,0.03117323324833683,0
2050,92,34,0.018592563491914106,0
2050,92,37,0.09256302988104516,0
2050,92,66,0.0715878194504142,0
2050,92,130,0.02236525268598283,0
2050,92,156,0.04079688431292042,0
2050,92,164,0.07085537293297735,0
2050,93,35,1.0,0
2050,94,22,0.023662304067713982,0
2050,94,31,0.060354584931881367,0
2050,94,35,0.028122653706963333,0
2050,94,38,0.12559915245150885,0
2050,94,48,0.28352523974272553,0
2050,94,77,0.02874705358500141,0
2050,94,91,0.053186474747608625,0
2050,94,104,0.02599249830508997,0
2050,94,106,0.046764156221438785,0
2050,94,126,0.03958361968346633,0
2050,94,159,0.05062738647033968,0
2050,94,160,0.014069463396176785,0
2050,94,175,0.04610817223411589,0
2050,94,176,0.13889129061757188,0
2050,95,175,1.0,0
2050,96,22,0.1926490325024214,0
2050,96,35,0.12115536413359546,0
2050,96,38,0.12769922912192821,0
2050,96,64,0.011653402083955428,0
2050,96,66,0.21792617377770548,0
2050,96,93,0.020892120388581167,0
2050,96,119,0.020693163056933854,0
2050,96,153,0.03628260236786179,0
2050,96,175,0.2422035216223324,0
2050,97,66,1.0,0
2050,98,14,0.08071909551307632,0
2050,98,21,0.027686045181086097,0
2050,98,23,0.04358710839978807,0
2050,98,25,0.03409406652930316,0
2050,98,37,0.015270727655119144,0
2050,98,38,0.28117461552269685,0
2050,98,50,0.06285807329296186,0
2050,98,66,0.24719223579790525,0
2050,98,87,0.12214829564229579,0
2050,98,124,0.06531547809601658,0
2050,98,171,0.010294012191376998,0
2050,99,38,1.0,0
2050,100,14,0.07208248380623081,0
2050,100,29,0.013600326746240874,0
2050,100,34,0.09001974843208244,0
2050,100,38,0.3482985405259704,0
2050,100,47,0.017831208341142445,0
2050,100,87,0.07828439443274536,0
2050,100,130,0.05802057675001354,0
2050,100,148,0.12188462265957359,0
2050,100,150,0.013064555864683369,0
2050,100,162,0.07195136669715016,0
2050,100,176,0.11144090369556398,0
2050,101,34,1.0,0
2050,102,5,0.07737329203317839,0
2050,102,25,0.14309492696315784,0
2050,102,48,0.015551499578165075,0
2050,102,57,0.09877689153872399,0
2050,102,74,0.09714068509606597,0
2050,102,83,0.052279131205044516,0
2050,102,112,0.0360799446827202,0
2050,102,121,0.24870865192677885,0
2050,102,156,0.21122785036383504,0
2050,103,25,1.0,0
2050,104,25,0.19759771088239284,0
2050,104,34,0.028849912646774067,0
2050,104,37,0.06932989018700929,0
2050,104,41,0.028309479541902684,0
2050,104,49,0.12485735422252409,0
2050,104,57,0.22396239326989945,0
2050,104,59,0.02745803946967289,0
2050,104,134,0.02370420106514796,0
2050,104,155,0.05858531521679616,0
2050,104,156,0.1962727187702464,0
2050,105,156,1.0,0
2050,106,5,0.251936801660706,0
2050,106,25,0.020186228339835247,0
2050,106,28,0.03042981073128101,0
2050,106,36,0.030778130456718455,0
2050,106,48,0.020539038541678486,0
2050,106,66,0.10709586056899026,0
2050,106,78,0.02911222746033945,0
2050,106,106,0.13426473439044112,0
2050,106,124,0.10331008523392757,0
2050,106,130,0.05824844771167982,0
2050,106,156,0.16592788714098153,0
2050,106,176,0.04817074776342114,0
2050,107,5,0.03723736685485289,0
2050,107,11,0.12210442552628623,0
2050,107,28,0.01252522940977051,0
2050,107,43,0.04486358985284234,0
2050,107,48,0.05531577076618253,0
2050,107,54,0.013541254066003016,0
2050,107,64,0.016480838947515,0
2050,107,81,0.014157654851569038,0
2050,107,106,0.14859188875091042,0
2050,107,117,0.01581634036912631,0
2050,107,124,0.06145797651623442,0
2050,107,130,0.22291492495254875,0
2050,107,137,0.015499767207005489,0
2050,107,175,0.02306630747943994,0
2050,107,176,0.1540965300011407,0
2050,108,130,1.0,0
2050,109,176,1.0,0
2050,110,5,0.10598473468157132,0
2050,110,25,0.040275613248628876,0
2050,110,36,0.09874050671877588,0
2050,110,37,0.2858375852371551,0
2050,110,38,0.13927135321525733,0
2050,110,106,0.0457467943812938,0
2050,110,130,0.19931470631593703,0
2050,110,171,0.07715254387903267,0
2050,111,37,1.0,0
2050,112,5,0.010467584388679613,0
2050,112,34,0.08465635004395905,0
2050,112,37,0.25162163161464624,0
2050,112,38,0.06374427719575267,0
2050,112,57,0.05225709705175707,0
2050,112,64,0.032142126485820634,0
2050,112,84,0.11310755043874249,0
2050,112,153,0.08279755752293284,0
2050,112,176,0.27749324058128905,0
2050,113,5,1.0,0
2050,114,106,1.0,0
2050,115,120,1.0,0
2050,116,5,0.11456722804641778,0
2050,116,14,0.06784451464185964,0
2050,116,32,0.017140741050226914,0
2050,116,47,0.04950613997995153,0
2050,116,64,0.09319168887140564,0
2050,116,97,0.07780073555935307,0
2050,116,106,0.11369404598701884,0
2050,116,120,0.12689739405014536,0
2050,116,154,0.11148705211360532,0
2050,116,163,0.08166765153655864,0
2050,116,169,0.03668673544711655,0
2050,116,172,0.035556832320841746,0
2050,116,176,0.0572358122843425,0
2050,117,64,1.0,0
2050,118,4,0.06943027829684237,0
2050,118,7,0.10043434988971114,0
2050,118,15,0.10228000012252403,0
2050,118,30,0.0196713626690923,0
2050,118,34,0.021432810763949324,0
2050,118,35,0.027133286842376366,0
2050,118,37,0.04607310604187195,0
2050,118,57,0.15825489151057118,0
2050,118,64,0.16828075796266512,0
2050,118,104,0.07393995545293555,0
2050,118,106,0.04699302970963977,0
2050,118,130,0.03537306678128175,0
2050,118,156,0.05904959353457962,0
2050,118,172,0.013497946935689538,0
2050,119,57,1.0,0
2050,120,126,1.0,0
2050,121,51,1.0,0
2050,122,4,0.01156928286645147,0
2050,122,28,0.0150480581192905,0
2050,122,32,0.09343083873817827,0
2050,122,35,0.04220803160425819,0
2050,122,47,0.20011312423168595,0
2050,122,51,0.22897889538300115,0
2050,122,63,0.07782610417983692,0
2050,122,88,0.1148763754117333,0
2050,122,106,0.1296320866843962,0
2050,122,126,0.02203915493054213,0
2050,122,173,0.039994550533726705,0
2050,123,15,1.0,0
2050,124,32,1.0,0
2050,125,7,0.021599510058660752,0
2050,125,15,0.10245775756073348,0
2050,125,17,0.026226790377304465,0
2050,125,44,0.18636373036166248,0
2050,125,55,0.12719496576068046,0
2050,125,73,0.1221380657298257,0
2050,125,84,0.27980072903805986,0
2050,125,85,0.05337188438418754,0
2050,125,117,0.06111448884117231,0
2050,125,126,0.010933469563343248,0
2050,126,55,1.0,0
2050,127,73,1.0,0
2050,128,47,1.0,0
2050,129,44,1.0,0
2050,130,63,1.0,0
2050,131,3,1.0,0
2050,132,39,1.0,0
2050,133,10,1.0,0
2050,134,14,0.06103738795633168,0
2050,134,20,0.013869233121564007,0
2050,134,21,0.07981798490089127,0
2050,134,42,0.1285008760743363,0
2050,134,47,0.09977436324208556,0
2050,134,51,0.09203002505739803,0
2050,134,55,0.014733012041160651,0
2050,134,63,0.09981760048019,0
2050,134,65,0.08015941078219346,0
2050,134,73,0.0535595068996345,0
2050,134,88,0.015676251455203547,0
2050,134,105,0.18871460956043767,0
2050,134,139,0.03370710977754504,0
2050,134,142,0.0281810410531376,0
2050,135,21,1.0,0
2050,136,3,0.06878943641516203,0
2050,136,15,0.22556733820548575,0
2050,136,21,0.06579602752483188,0
2050,136,43,0.02346645189666139,0
2050,136,44,0.05739439606761886,0
2050,136,45,0.0438234565830127,0
2050,136,71,0.013965125039875716,0
2050,136,86,0.04257118859661876,0
2050,136,88,0.139639087081251,0
2050,136,109,0.054943593027173575,0
2050,136,111,0.05045592143732549,0
2050,136,141,0.06566212374324734,0
2050,136,152,0.13133869382449506,0
2050,137,152,1.0,0
2050,138,88,1.0,0
2050,139,7,0.08999803443953723,0
2050,139,9,0.054692257765460696,0
2050,139,21,0.1066017290705962,0
2050,139,32,0.2441823735593863,0
2050,139,40,0.028902554911314045,0
2050,139,84,0.15746296790014058,0
2050,139,88,0.16746105928968172,0
2050,139,109,0.06173161197312867,0
2050,139,118,0.01169501757401822,0
2050,139,152,0.07727239351673622,0
2050,140,21,0.20758157774715072,0
2050,140,42,0.05748526894861325,0
2050,140,44,0.04434383591382346,0
2050,140,51,0.08561784480364763,0
2050,140,63,0.07364782686383628,0
2050,140,73,0.015829217165735016,0
2050,140,88,0.07347187744031528,0
2050,140,109,0.07591104591614997,0
2050,140,128,0.05270001680323813,0
2050,140,142,0.10999384832365743,0
2050,140,159,0.09133722416371153,0
2050,140,172,0.04220654805691307,0
2050,141,7,0.0178008530294379,0
2050,141,15,0.01652612978259967,0
2050,141,21,0.14444793695623925,0
2050,141,33,0.04139074017527602,0
2050,141,42,0.26646012475008046,0
2050,141,51,0.0928009611708092,0
2050,141,64,0.02647348259432526,0
2050,141,77,0.03802386987475287,0
2050,141,86,0.01610265641300887,0
2050,141,88,0.06209977564856407,0
2050,141,89,0.018101246799008344,0
2050,141,142,0.09673925893632095,0
2050,141,159,0.011359483709368347,0
2050,141,163,0.054171729673593176,0
2050,141,172,0.09128649675246768,0
2050,142,42,1.0,0
2050,143,10,0.13034721580631706,0
2050,143,14,0.05308224208049688,0
2050,143,19,0.030837497372935743,0
2050,143,21,0.032810431177439855,0
2050,143,42,0.14692391658945714,0
2050,143,54,0.030509414435022537,0
2050,143,66,0.053497527051693215,0
2050,143,69,0.14800959612621079,0
2050,143,96,0.015299809425091786,0
2050,143,142,0.1707319998975618,0
2050,143,160,0.017831032229697938,0
2050,143,163,0.03785241892201236,0
2050,143,164,0.02566825566182556,0
2050,143,168,0.03600276155821425,0
2050,143,171,0.06005797903881006,0
2050,144,142,1.0,0
2050,145,42,0.018435073285258133,0
2050,145,47,0.1355373466834402,0
2050,145,64,0.027900729894129315,0
2050,145,77,0.04197530893113559,0
2050,145,88,0.029554050838017213,0
2050,145,96,0.11166201407278491,0
2050,145,104,0.16580189511694554,0
2050,145,142,0.32603168859318477,0
2050,145,160,0.12390881839332632,0
2050,146,9,0.0757603732289243,0
2050,146,42,0.06778579008524804,0
2050,146,63,0.11246592713339108,0
2050,146,64,0.11467767717693803,0
2050,146,73,0.04334758553564049,0
2050,146,77,0.026871942444966962,0
2050,146,84,0.014166253942000447,0
2050,146,85,0.02858330134677175,0
2050,146,110,0.011102469350495695,0
2050,146,119,0.06701513133542708,0
2050,146,142,0.25473703919945223,0
2050,146,152,0.04087132351867018,0
2050,146,156,0.07386699202342473,0
2050,147,7,0.033116720908249776,0
2050,147,25,0.013754918113319808,0
2050,147,28,0.014767879508917383,0
2050,147,37,0.10417246858819094,0
2050,147,42,0.08597426261425677,0
2050,147,45,0.02332817818743538,0
2050,147,63,0.25186427866472294,0
2050,147,64,0.09511163016531198,0
2050,147,66,0.03732055742378517,0
2050,147,107,0.06548883307225356,0
2050,147,122,0.04477843469152628,0
2050,147,123,0.023309617191630806,0
2050,147,152,0.1278345860107191,0
2050,147,163,0.022764113866189085,0
2050,147,171,0.012713242940056537,0
2050,148,109,1.0,0
2050,149,20,0.1417293296130792,0
2050,149,44,0.03685074428817994,0
2050,149,47,0.14283056955289192,0
2050,149,77,0.07246030328071548,0
2050,149,84,0.011763916306746162,0
2050,149,88,0.09813882872813626,0
2050,149,98,0.054739794137399475,0
2050,149,109,0.14270799743372903,0
2050,149,120,0.05489827027238643,0
2050,149,134,0.1836940377024071,0
2050,149,139,0.042974093516021813,0
2050,150,9,0.1135024098661534,0
2050,150,10,0.09617712810652099,0
2050,150,13,0.05585596581532225,0
2050,150,32,0.056111058963141086,0
2050,150,47,0.044941283552889136,0
2050,150,67,0.11559999541486363,0
2050,150,73,0.02955088025225111,0
2050,150,84,0.0259558390317359,0
2050,150,126,0.04149680981845312,0
2050,150,134,0.12594454604222025,0
2050,150,151,0.09500132235190031,0
2050,150,152,0.04953078032981015,0
2050,150,162,0.03347694577974854,0
2050,150,164,0.11230667261286253,0
2050,151,134,1.0,0
2050,152,6,0.04071442513159948,0
2050,152,10,0.06344838009111294,0
2050,152,55,0.1091563196209689,0
2050,152,63,0.03565512718494736,0
2050,152,67,0.09154033793547021,0
2050,152,79,0.03958223991545609,0
2050,152,83,0.05500002679442016,0
2050,152,134,0.31368128946267176,0
2050,152,141,0.04687142003564064,0
2050,152,148,0.028588889567669785,0
2050,152,151,0.0423161155435811,0
2050,152,171,0.12788565246964262,0
2050,153,84,1.0,0
2050,154,151,1.0,0
2050,155,171,1.0,0
2050,156,3,0.08219329142124988,0
2050,156,15,0.11266385300862909,0
2050,156,20,0.05851523422974306,0
2050,156,51,0.030290928055799485,0
2050,156,63,0.01778025569142693,0
2050,156,65,0.012045849977303812,0
2050,156,67,0.19080763873554585,0
2050,156,105,0.08341186428950724,0
2050,156,109,0.163765079693787,0
2050,156,139,0.0644030754268602,0
2050,156,157,0.12596652523646135,0
2050,156,171,0.02243682855180025,0
2050,156,172,0.02842478028000167,0
2050,157,67,1.0,0
2050,158,10,0.138472784529589,0
2050,158,38,0.0619252784003647,0
2050,158,67,0.23760617157351016,0
2050,158,75,0.0659030019595111,0
2050,158,139,0.24997388929916525,0
2050,158,151,0.12466837872707422,0
2050,158,171,0.11595307502894563,0
2050,159,139,1.0,0
2050,160,15,0.035202912520100105,0
2050,160,33,0.015418405274683114,0
2050,160,44,0.0889296256016987,0
2050,160,51,0.030518516418799855,0
2050,160,55,0.03252052307987016,0
2050,160,62,0.05223330422286293,0
2050,160,84,0.033917185292633094,0
2050,160,119,0.27220829618457293,0
2050,160,128,0.04409875488733686,0
2050,160,139,0.36394089353831355,0
2050,161,12,0.09727936283140962,0
2050,161,20,0.03423380092693927,0
2050,161,47,0.05159036233331932,0
2050,161,62,0.06940303605436877,0
2050,161,73,0.13306447905230748,0
2050,161,84,0.2597004525560268,0
2050,161,139,0.1788941275654934,0
2050,161,149,0.08870372168273877,0
2050,161,171,0.048437534769372674,0
2050,162,20,0.09906226374373338,0
2050,162,38,0.017587551811595267,0
2050,162,41,0.01563755002427113,0
2050,162,84,0.012396228539677933,0
2050,162,97,0.04960711231359348,0
2050,162,105,0.04787349641721669,0
2050,162,106,0.07095109543845166,0
2050,162,122,0.02039646343442705,0
2050,162,128,0.09465415714494782,0
2050,162,139,0.2587494609530441,0
2050,162,149,0.17808837793456714,0
2050,162,166,0.07912919933507316,0
2050,162,171,0.030600945199921157,0
2050,163,149,1.0,0
2050,164,33,0.21039425216217772,0
2050,164,34,0.028865852416810632,0
2050,164,44,0.04521893999857805,0
2050,164,62,0.03394345050537805,0
2050,164,85,0.04729487134273201,0
2050,164,88,0.010558397277060124,0
2050,164,100,0.017737418452684575,0
2050,164,104,0.1620731780219486,0
2050,164,120,0.054151380361898024,0
2050,164,149,0.33222252187081214,0
2050,164,163,0.053330320320888275,0
2050,165,138,1.0,0
2050,166,5,0.05786003752893429,0
2050,166,10,0.05914576294458876,0
2050,166,37,0.013726777384820804,0
2050,166,62,0.0359608126419388,0
2050,166,88,0.027766230820531514,0
2050,166,93,0.026246792136741873,0
2050,166,96,0.06719600369900743,0
2050,166,123,0.12828798948052728,0
2050,166,138,0.07299681137592233,0
2050,166,139,0.12764517685090102,0
2050,166,149,0.13734442874764322,0
2050,166,160,0.021545828441323835,0
2050,166,163,0.048498688498487375,0
2050,166,164,0.1242154174372529,0
2050,166,171,0.042832721288165204,0
2050,167,7,0.03900374147003366,0
2050,167,10,0.050762835591327105,0
2050,167,20,0.09726175055903048,0
2050,167,21,0.04025148437495619,0
2050,167,42,0.027446829614476177,0
2050,167,50,0.034925458974590054,0
2050,167,107,0.0646867785305701,0
2050,167,122,0.0161359076662776,0
2050,167,139,0.05493388113081213,0
2050,167,142,0.24167895689195742,0
2050,167,163,0.05145856688660488,0
2050,167,169,0.10151718269440889,0
2050,167,171,0.0816665557221402,0
2050,167,172,0.022631417057315396,0
2050,168,3,0.03978003938625584,0
2050,168,7,0.056851818364074304,0
2050,168,15,0.01866040303668553,0
2050,168,42,0.3171475803861185,0
2050,168,56,0.0356814151402454,0
2050,168,57,0.012699401818990997,0
2050,168,61,0.031662168070896,0
2050,168,84,0.12021567801753708,0
2050,168,89,0.06358792218723254,0
2050,168,122,0.027728663112526596,0
2050,168,128,0.05357504833807252,0
2050,168,143,0.016969581079368655,0
2050,168,152,0.0638909633509206,0
2050,168,157,0.075839474207946,0
2050,169,145,1.0,0
2050,170,10,0.03510919827984746,0
2050,170,44,0.08675923304259452,0
2050,170,52,0.041617959172166596,0
2050,170,53,0.040691835212903316,0
2050,170,77,0.05675848693452055,0
2050,170,94,0.043175266068585266,0
2050,170,104,0.14084388050307486,0
2050,170,105,0.03279837080774984,0
2050,170,109,0.03586078167968424,0
2050,170,119,0.10386992857334962,0
2050,170,141,0.08376452321419334,0
2050,170,145,0.11082056246805155,0
2050,170,162,0.04386221191827652,0
2050,170,164,0.12833682227875876,0
2050,170,168,0.013611461080551635,0
2050,171,44,0.0221886030308153,0
2050,171,47,0.08145884660860452,0
2050,171,77,0.08179399312989845,0
2050,171,92,0.01310085427060545,0
2050,171,104,0.3416826094703589,0
2050,171,107,0.1579646301862209,0
2050,171,138,0.017119739289680195,0
2050,171,162,0.05477032046068308,0
2050,171,164,0.010703507686999368,0
2050,171,169,0.03910621506262495,0
2050,171,172,0.16583154017281845,0
2050,172,104,1.0,0
2050,173,119,1.0,0
2050,174,33,1.0,0
2050,175,10,0.13545389673309105,0
2050,175,33,0.11045035309663212,0
2050,175,45,0.09384383419648835,0
2050,175,57,0.0415536797353467,0
2050,175,83,0.062084544422977804,0
2050,175,123,0.049173480156579887,0
2050,175,138,0.24048767259988785,0
2050,175,151,0.08175044958029733,0
2050,175,164,0.10199452708809072,0
2050,175,173,0.01589037474320228,0
2050,176,20,0.17740603483851805,0
2050,176,38,0.08169743856659788,0
2050,176,104,0.04083022691573332,0
2050,176,122,0.04001889831091644,0
2050,176,138,0.03532216405486506,0
2050,176,148,0.0895369698122042,0
2050,176,153,0.03286984144622975,0
2050,176,162,0.13588659948519552,0
2050,176,164,0.07168484044978617,0
2050,176,168,0.034826581034640966,0
2050,176,171,0.19619066671834684,0
2050,176,173,0.054108094914728136,0
2050,177,8,0.11532350967268329,0
2050,177,20,0.014395259928635284,0
2050,177,21,0.019369601909833462,0
2050,177,100,0.01487043912805967,0
2050,177,104,0.21754114255666304,0
2050,177,105,0.011734654140230408,0
2050,177,122,0.3311274961488197,0
2050,177,157,0.0789459551495265,0
2050,177,162,0.11401800238131155,0
2050,177,171,0.07721362064872073,0
2050,178,20,0.040599763051988494,0
2050,178,21,0.057136498340869195,0
2050,178,31,0.05223831412357908,0
2050,178,46,0.11280729266392889,0
2050,178,77,0.052676273584898695,0
2050,178,89,0.014804587519661083,0
2050,178,104,0.3502732586173844,0
2050,178,109,0.05661926535601169,0
2050,178,119,0.052939508865421515,0
2050,178,128,0.048742238681478,0
2050,178,145,0.01342017151995862,0
2050,178,157,0.08374475541509077,0
2050,178,172,0.059191712635348996,0
2050,179,13,0.023373750460728863,0
2050,179,46,0.032129856627765276,0
2050,179,63,0.10183666863941435,0
2050,179,77,0.10203610226067333,0
2050,179,104,0.2371235199656944,0
2050,179,122,0.06466221432792284,0
2050,179,132,0.022951149398158108,0
2050,179,141,0.07146324966621517,0
2050,179,142,0.10185690002035397,0
2050,179,157,0.23862713831582147,0
2050,180,13,0.012507834206694296,0
2050,180,20,0.170916559189275,0
2050,180,21,0.04166805462875698,0
2050,180,31,0.02129946320618477,0
2050,180,93,0.02708820689004554,0
2050,180,104,0.14512181705705743,0
2050,180,109,0.015614070495270305,0
2050,180,122,0.22600843650545563,0
2050,180,132,0.08652942442129193,0
2050,180,138,0.06360418038060155,0
2050,180,142,0.058833986136512154,0
2050,180,157,0.08017782494696325,0
2050,180,169,0.032847423503470724,0
2050,181,122,1.0,0
2050,182,128,1.0,0
2050,183,3,0.03430970522650746,0
2050,183,10,0.04977112179037038,0
2050,183,20,0.0706556307294747,0
2050,183,44,0.017283119028924047,0
2050,183,52,0.02265806211757514,0
2050,183,53,0.02671532707039605,0
2050,183,77,0.03814620520921172,0
2050,183,105,0.2237698650126405,0
2050,183,109,0.014743911648485156,0
2050,183,111,0.05885361489868278,0
2050,183,119,0.04178380844380107,0
2050,183,128,0.13873735856467975,0
2050,183,132,0.14273709578153518,0
2050,183,141,0.02233776377975433,0
2050,183,164,0.04751249016676139,0
2050,183,169,0.04517658672015025,0
2050,184,20,1.0,0
2050,185,20,0.20284583167672438,0
2050,185,46,0.24144547810992006,0
2050,185,65,0.021773310349713432,0
2050,185,104,0.05997096850590118,0
2050,185,105,0.08219007922461805,0
2050,185,109,0.0381083117295072,0
2050,185,128,0.15201600548226057,0
2050,185,149,0.09385980095827601,0
2050,185,167,0.05971183248781707,0
2050,185,172,0.040951427578856836,0
2050,186,20,0.06725273151172972,0
2050,186,47,0.04364389620366156,0
2050,186,77,0.2167308996135664,0
2050,186,91,0.010406456169286411,0
2050,186,97,0.08118304376999362,0
2050,186,98,0.03068908946160183,0
2050,186,105,0.021860434030523165,0
2050,186,119,0.06170643330239382,0
2050,186,122,0.111187052352073,0
2050,186,128,0.0935697245885375,0
2050,186,141,0.013401947483554921,0
2050,186,160,0.06195562876987687,0
2050,186,162,0.1116002914918088,0
2050,186,169,0.06935171833706726,0
2050,187,10,0.05928264707096125,0
2050,187,13,0.017402021520610975,0
2050,187,20,0.0571467047666491,0
2050,187,25,0.03779907287191915,0
2050,187,45,0.0353843985590592,0
2050,187,67,0.09532421474753285,0
2050,187,84,0.026042108983864536,0
2050,187,111,0.06047332509548318,0
2050,187,132,0.35439327261963743,0
2050,187,136,0.01641587616395312,0
2050,187,148,0.017235447119972026,0
2050,187,151,0.017139879320430113,0
2050,187,162,0.06288889451161352,0
2050,187,164,0.10698844082347846,0
2050,187,170,0.022389928733950813,0
2050,188,27,0.0501387175504578,0
2050,188,39,0.03250783531473684,0
2050,188,46,0.08007964004145432,0
2050,188,83,0.05049770837404259,0
2050,188,88,0.043109631172342844,0
2050,188,128,0.012459162288218698,0
2050,188,134,0.16447985891625236,0
2050,188,146,0.04083303083525595,0
2050,188,148,0.16258373878581447,0
2050,188,160,0.05264215434028385,0
2050,188,167,0.09092395303051147,0
2050,188,171,0.190606400388292,0
2050,189,7,0.17727252385130254,0
2050,189,9,0.20712795898323308,0
2050,189,17,0.02738619819252354,0
2050,189,27,0.025772297001002115,0
2050,189,52,0.031381512503853154,0
2050,189,84,0.24329783668548863,0
2050,189,85,0.012906636317563504,0
2050,189,116,0.06352485255476369,0
2050,189,118,0.09834456847984176,0
2050,189,151,0.023484576182347186,0
2050,189,152,0.030096209732750193,0
2050,189,164,0.056552763998058406,0
2050,190,164,1.0,0
2050,191,35,0.08313594378108248,0
2050,191,45,0.29272485320798636,0
2050,191,83,0.09136760325011925,0
2050,191,122,0.07904817734798415,0
2050,191,132,0.010707056018688932,0
2050,191,152,0.13221051865545197,0
2050,191,164,0.16371529403767748,0
2050,191,165,0.015878211588760974,0
2050,191,173,0.10475647462222075,0
2050,192,14,0.02373258147132659,0
2050,192,19,0.014288423895587626,0
2050,192,20,0.1914023818618084,0
2050,192,21,0.03729446973371871,0
2050,192,45,0.01404315790332926,0
2050,192,46,0.22438366321834252,0
2050,192,69,0.01818835814278927,0
2050,192,77,0.0316134115791319,0
2050,192,82,0.06769142976616746,0
2050,192,122,0.0900662868786953,0
2050,192,130,0.010027572662930074,0
2050,192,148,0.05288915484881136,0
2050,192,160,0.03304541451202249,0
2050,192,162,0.10127413095489685,0
2050,192,167,0.02672633917386817,0
2050,192,172,0.05663528591406308,0
2050,193,46,0.13404688077329793,0
2050,193,74,0.01104823302978704,0
2050,193,77,0.4656151167589804,0
2050,193,88,0.06140988954093784,0
2050,193,98,0.013443335846824776,0
2050,193,128,0.15307847756261256,0
2050,193,148,0.08714567384858862,0
2050,193,160,0.03825892814403933,0
2050,193,167,0.01317672084109984,0
2050,194,77,1.0,0
2050,195,9,0.029116370333150544,0
2050,195,33,0.030568502038258605,0
2050,195,73,0.04253021422959974,0
2050,195,77,0.5648438583109044,0
2050,195,85,0.016019541809218257,0
2050,195,111,0.038106144691696896,0
2050,195,119,0.05253833065176697,0
2050,195,123,0.01545628047871203,0
2050,195,151,0.02035061635170338,0
2050,195,169,0.09606918942746118,0
2050,196,73,0.02421350146965132,0
2050,196,77,0.28172386944884925,0
2050,196,123,0.2331851032151394,0
2050,196,138,0.10686099197556369,0
2050,196,162,0.14349655886517054,0
2050,196,169,0.12100392890156207,0
2050,197,162,1.0,0
2050,198,46,1.0,0
2050,199,132,1.0,0
2050,200,27,0.03522776947235695,0
2050,200,30,0.03759526189252246,0
2050,200,39,0.016327782316399003,0
2050,200,46,0.12251013965807865,0
2050,200,53,0.01548290400583417,0
2050,200,69,0.02827535531622169,0
2050,200,97,0.11712027692500944,0
2050,200,119,0.10405944631112184,0
2050,200,132,0.054644940529678734,0
2050,200,139,0.0924768988327766,0
2050,200,148,0.06306238925983088,0
2050,200,160,0.31321683548016943,0
2050,201,9,0.023005542498836004,0
2050,201,28,0.07947326619425707,0
2050,201,29,0.014992638892118942,0
2050,201,57,0.01756047418724905,0
2050,201,77,0.09173690075726006,0
2050,201,83,0.11729362157470775,0
2050,201,104,0.17465149779528888,0
2050,201,122,0.061489669014317655,0
2050,201,162,0.3968131027722715,0
2050,202,41,0.03101474364416607,0
2050,202,46,0.04197203670536698,0
2050,202,84,0.16697692433982927,0
2050,202,105,0.12811756910102967,0
2050,202,109,0.012644821448726761,0
2050,202,111,0.058450649979690156,0
2050,202,118,0.05564752655698018,0
2050,202,123,0.03116529093714107,0
2050,202,128,0.09978435803049471,0
2050,202,132,0.31803852804593613,0
2050,203,10,0.028521007763082105,0
2050,203,14,0.014744015742043462,0
2050,203,19,0.01562252601834344,0
2050,203,46,0.19889348520191735,0
2050,203,57,0.04338770832438769,0
2050,203,148,0.051161718971176835,0
2050,203,151,0.10103621347915816,0
2050,203,160,0.3621985364208821,0
2050,203,162,0.0426354268286611,0
2050,203,171,0.05285203520103773,0
2050,204,9,0.11299533024141283,0
2050,204,38,0.03853690855273537,0
2050,204,45,0.10919499303388827,0
2050,204,83,0.030428985916220966,0
2050,204,91,0.01728432877508385,0
2050,204,96,0.04080444425674179,0
2050,204,97,0.05595903074855372,0
2050,204,101,0.044468529846084785,0
2050,204,123,0.01830687993458483,0
2050,204,132,0.1627495572753945,0
2050,204,138,0.07455346929789908,0
2050,204,142,0.06292131111883671,0
2050,204,152,0.011966406211634062,0
2050,204,160,0.05964754317395632,0
2050,204,162,0.0782892714978278,0
2050,204,169,0.029564605473691847,0
2050,204,172,0.03678469982545527,0
2050,205,160,1.0,0
2050,206,9,1.0,0
2050,207,83,1.0,0
2050,208,69,1.0,0
2050,209,7,0.054071147906889654,0
2050,209,9,0.11583749697455485,0
2050,209,15,0.04019353685941164,0
2050,209,33,0.01723807775077714,0
2050,209,69,0.37618405698543195,0
2050,209,77,0.048699579865287446,0
2050,209,89,0.06526528718993692,0
2050,209,118,0.24766274382985823,0
2050,210,118,1.0,0
2050,211,33,0.1397179892382545,0
2050,211,36,0.020533336346490967,0
2050,211,45,0.22908646377820385,0
2050,211,99,0.026109344937574476,0
2050,211,105,0.11684429883579905,0
2050,211,118,0.14712191300715455,0
2050,211,156,0.03427388323831413,0
2050,211,164,0.2800468387573829,0
2050,212,45,1.0,0
2050,213,14,0.025934383400896897,0
2050,213,38,0.04192209820091998,0
2050,213,45,0.11124842456759998,0
2050,213,53,0.05833038508828706,0
2050,213,67,0.030593934019862087,0
2050,213,83,0.021276858916919786,0
2050,213,97,0.019228635462783358,0
2050,213,105,0.12699183008573794,0
2050,213,106,0.061069360903903545,0
2050,213,148,0.048550953311315904,0
2050,213,160,0.066660487837814,0
2050,213,172,0.3683606640033995,0
2050,214,20,0.3075569345114231,0
2050,214,45,0.042011357716823704,0
2050,214,95,0.033936597939010056,0
2050,214,105,0.06825711872677795,0
2050,214,148,0.07819658700186939,0
2050,214,160,0.10310481546719824,0
2050,214,162,0.09108560731085415,0
2050,214,172,0.2219804732527983,0
2050,215,34,0.06989353673059709,0
2050,215,45,0.01866933003894209,0
2050,215,46,0.33485325499174,0
2050,215,105,0.2343334271391517,0
2050,215,111,0.031377454824716135,0
2050,215,118,0.02406508181972212,0
2050,215,127,0.02948536396310137,0
2050,215,128,0.017753213254409414,0
2050,215,141,0.0304675430343041,0
2050,215,157,0.14473325125334663,0
2050,215,172,0.05640764977180169,0
2050,216,34,0.08541274692559449,0
2050,216,84,0.07789688693195819,0
2050,216,89,0.05586644784963066,0
2050,216,118,0.14977182520213972,0
2050,216,122,0.08604300860137354,0
2050,216,135,0.019796542744422017,0
2050,216,157,0.08994075301743858,0
2050,216,162,0.18788203158141392,0
2050,216,165,0.03537865740644574,0
2050,216,172,0.17844406468064578,0
2050,217,12,0.020762956522398585,0
2050,217,20,0.031133861572567662,0
2050,217,67,0.0471146240009755,0
2050,217,69,0.042177147469842045,0
2050,217,79,0.07782550904816223,0
2050,217,83,0.02272154741594471,0
2050,217,87,0.018862042128786873,0
2050,217,105,0.2071733918507341,0
2050,217,118,0.0389447155925719,0
2050,217,122,0.10895562072273167,0
2050,217,132,0.03240367310554183,0
2050,217,148,0.05239592059439293,0
2050,217,157,0.013996562018582875,0
2050,217,160,0.12909251981788117,0
2050,217,169,0.03952889061376532,0
2050,217,172,0.03306210717544413,0
2050,218,105,1.0,0
2050,219,21,0.04323535233279992,0
2050,219,31,0.09096375336563578,0
2050,219,45,0.03490628495702464,0
2050,219,77,0.013008336060692436,0
2050,219,101,0.023959523590170787,0
2050,219,102,0.07237551417523592,0
2050,219,105,0.35168471577539817,0
2050,219,160,0.11992275418424077,0
2050,219,163,0.017592300636870388,0
2050,219,169,0.20812354731459637,0
2050,219,172,0.015547310963325376,0
2050,220,20,0.05982861489618396,0
2050,220,31,0.06334260872050246,0
2050,220,45,0.03908959483186615,0
2050,220,65,0.01683659613283792,0
2050,220,67,0.042079276906151174,0
2050,220,89,0.05389929802389021,0
2050,220,105,0.05627655770670243,0
2050,220,123,0.02041838657715994,0
2050,220,160,0.11027954135506272,0
2050,220,163,0.049837182300949884,0
2050,220,172,0.4811016246242522,0
2050,221,172,1.0,0
2050,222,77,0.0726090804058502,0
2050,222,92,0.014332498069279102,0
2050,222,102,0.059929313599650195,0
2050,222,104,0.06680515155871446,0
2050,222,105,0.08420115261583566,0
2050,222,157,0.040421142110861064,0
2050,222,160,0.028249823793345973,0
2050,222,162,0.01833026390162264,0
2050,222,169,0.20272147617218428,0
2050,222,172,0.37717863201373586,0
2050,223,169,1.0,0
2050,224,12,0.04889459116247181,0
2050,224,69,0.04509490548723019,0
2050,224,77,0.03237534422027507,0
2050,224,98,0.03505591691997579,0
2050,224,105,0.11068279623055238,0
2050,224,123,0.02147084840026416,0
2050,224,128,0.14610449119984867,0
2050,224,169,0.4689389686072688,0
2050,224,174,0.03267576748791563,0
2050,225,9,0.011575640374951129,0
2050,225,20,0.039181123128597416,0
2050,225,23,0.021742836359189055,0
2050,225,26,0.019872473438402934,0
2050,225,48,0.05865888822172894,0
2050,225,69,0.10579090603316069,0
2050,225,97,0.03725913109857117,0
2050,225,101,0.07941274690712537,0
2050,225,111,0.15548230621665485,0
2050,225,128,0.265644220422614,0
2050,225,160,0.15615218647522516,0
2050,225,170,0.026135285956666303,0
2050,226,45,0.023923308401697974,0
2050,226,52,0.03849651569564243,0
2050,226,53,0.03584320706375646,0
2050,226,94,0.06758799128731936,0
2050,226,96,0.021569147237199788,0
2050,226,102,0.05807563446208257,0
2050,226,104,0.06432105277479026,0
2050,226,110,0.09468904766106212,0
2050,226,111,0.10739353499432276,0
2050,226,123,0.21173847022121228,0
2050,226,141,0.0822190531264936,0
2050,226,164,0.09560417560434738,0
2050,226,172,0.08389047193968217,0
2050,227,9,0.056743041658006727,0
2050,227,26,0.015390455686275803,0
2050,227,45,0.015721801209612883,0
2050,227,52,0.03458262429113963,0
2050,227,83,0.027913802013843997,0
2050,227,87,0.025377341932838818,0
2050,227,94,0.022909602434244503,0
2050,227,101,0.3973959328248496,0
2050,227,110,0.02940779614314172,0
2050,227,122,0.040704419087918116,0
2050,227,126,0.018874473195231327,0
2050,227,158,0.011051833500370657,0
2050,227,168,0.014735416042895267,0
2050,227,169,0.251368005179584,0
2050,227,172,0.017154367410619452,0
2050,228,101,1.0,0
2050,229,9,0.044195198047678755,0
2050,229,36,0.01888489294881265,0
2050,229,41,0.013627910593199098,0
2050,229,53,0.06477047117744382,0
2050,229,101,0.28150536779389995,0
2050,229,103,0.06277334166919246,0
2050,229,111,0.011139046231778367,0
2050,229,123,0.3859458559449581,0
2050,229,138,0.028986112886240627,0
2050,229,164,0.06054100467543011,0
2050,230,123,1.0,0
2050,231,14,0.013273569933924652,0
2050,231,45,0.01725309617062237,0
2050,231,87,0.031265064423462816,0
2050,231,110,0.017742635349418185,0
2050,231,122,0.147880798213136,0
2050,231,123,0.3953090393970208,0
2050,231,157,0.1871200733397562,0
2050,231,172,0.12329800006537821,0
2050,232,20,0.027987402668888932,0
2050,232,35,0.029517032076266464,0
2050,232,77,0.016334209432550983,0
2050,232,89,0.11513919453785043,0
2050,232,92,0.07880832222692623,0
2050,232,123,0.1003360355654713,0
2050,232,157,0.5058613570665743,0
2050,232,163,0.06317615090794919,0
2050,232,172,0.04064690781677961,0
2050,233,157,1.0,0
2050,234,68,0.0232173842820073,0
2050,234,72,0.020101012187211626,0
2050,234,89,0.06367176403556848,0
2050,234,97,0.017200389953954252,0
2050,234,101,0.04046408798984288,0
2050,234,102,0.012991578923443645,0
2050,234,105,0.21694022856063955,0
2050,234,111,0.1630680464558371,0
2050,234,128,0.12231136450041238,0
2050,234,138,0.04335087846005,0
2050,234,157,0.24854843274508168,0
2050,234,162,0.01789111873887576,0
2050,235,111,1.0,0
2050,236,52,1.0,0
2050,237,129,1.0,0
2050,238,27,0.08334666697407996,0
2050,238,46,0.08261179835962895,0
2050,238,55,0.011542544352911133,0
2050,238,59,0.01124810552127345,0
2050,238,69,0.010210847546494777,0
2050,238,71,0.04333877910590959,0
2050,238,84,0.10679664013739375,0
2050,238,98,0.010546742126754188,0
2050,238,111,0.0362705007660977,0
2050,238,127,0.05416419945614598,0
2050,238,128,0.1513296314642522,0
2050,238,129,0.34838217615273526,0
2050,238,141,0.020146970503529083,0
2050,239,6,0.02595437439942331,0
2050,239,9,0.1360210542569088,0
2050,239,32,0.010280957219412397,0
2050,239,46,0.14211126292457552,0
2050,239,82,0.033731689958718905,0
2050,239,116,0.035779720579226404,0
2050,239,120,0.09632513189937407,0
2050,239,129,0.08452515897141594,0
2050,239,132,0.10414354122146927,0
2050,239,136,0.12601646292384863,0
2050,239,148,0.12602953116154866,0
2050,239,161,0.017574285109696268,0
2050,239,165,0.037121484722928554,0
2050,239,178,0.012106359925656934,0
2050,240,6,0.011952470691075391,0
2050,240,20,0.024557504137749625,0
2050,240,25,0.039389424218834054,0
2050,240,29,0.034713193263496096,0
2050,240,57,0.016462184260320676,0
2050,240,83,0.126505392601252,0
2050,240,132,0.1256887432468001,0
2050,240,140,0.07095352437012302,0
2050,240,146,0.05024710022339659,0
2050,240,148,0.4156704631371161,0
2050,240,163,0.033900775321377655,0
2050,240,177,0.039113093985970224,0
2050,241,148,1.0,0
2050,242,97,1.0,0
2050,243,102,1.0,0
2050,244,116,1.0,0
2050,245,10,0.036686324627262436,0
2050,245,59,0.0994544740681829,0
2050,245,66,0.03409479995666506,0
2050,245,67,0.01963700524351709,0
2050,245,83,0.14086217246167373,0
2050,245,96,0.022860270483213797,0
2050,245,116,0.044132899943708115,0
2050,245,123,0.2084574933528963,0
2050,245,141,0.179816610449983,0
2050,245,152,0.029392059663593848,0
2050,245,164,0.04996239298670354,0
2050,245,180,0.04013681098119375,0
2050,246,141,1.0,0
2050,247,30,0.03297228742742564,0
2050,247,46,0.04471359336191577,0
2050,247,77,0.08261183723725024,0
2050,247,89,0.04302398955285076,0
2050,247,90,0.040616400628662834,0
2050,247,98,0.14114908439821233,0
2050,247,100,0.07418954071006871,0
2050,247,104,0.05786108433293811,0
2050,247,111,0.09289399433986767,0
2050,247,118,0.014180258407701162,0
2050,247,141,0.36903822444042705,0
2050,248,9,0.021551519810448568,0
2050,248,26,0.013262031406713212,0
2050,248,48,0.01279669945389825,0
2050,248,53,0.09647529171590111,0
2050,248,70,0.06069551358750795,0
2050,248,111,0.11758987458180598,0
2050,248,114,0.030096487392542597,0
2050,248,115,0.01450830309624097,0
2050,248,118,0.16019437782550075,0
2050,248,128,0.049799365092474984,0
2050,248,131,0.06931848476994512,0
2050,248,136,0.09498910476453588,0
2050,248,138,0.04873257035539918,0
2050,248,141,0.03696961617381066,0
2050,248,152,0.010720448863070147,0
2050,248,164,0.02260530615962073,0
2050,248,165,0.054304427427683974,0
2050,248,179,0.0783396765917014,0
2050,249,53,1.0,0
2050,250,9,0.11051716317409693,0
2050,250,17,0.03975656632077003,0
2050,250,20,0.10051177196163677,0
2050,250,33,0.05928999517155533,0
2050,250,36,0.12010672696362669,0
2050,250,53,0.14475391125558848,0
2050,250,70,0.03313474337619917,0
2050,250,73,0.01206684332098179,0
2050,250,96,0.022149205516101222,0
2050,250,101,0.1747244227479402,0
2050,250,150,0.04875110353059775,0
2050,250,164,0.08630770820329016,0
2050,251,19,0.08438240757682276,0
2050,251,20,0.10486043610417285,0
2050,251,82,0.059917112384932227,0
2050,251,83,0.04283648247363454,0
2050,251,101,0.13093125971569314,0
2050,251,122,0.03414779659337907,0
2050,251,129,0.03837923286191807,0
2050,251,137,0.0382764930258249,0
2050,251,148,0.06384665528987718,0
2050,251,150,0.010299693849570005,0
2050,251,164,0.035232860308284125,0
2050,251,171,0.10687700501471571,0
2050,251,173,0.08851486439783879,0
2050,251,176,0.018806879219109247,0
2050,252,12,0.035565558471676695,0
2050,252,30,0.02649616121839753,0
2050,252,52,0.012782354168412738,0
2050,252,69,0.01592773326830289,0
2050,252,89,0.1994798303616578,0
2050,252,122,0.27649004411953776,0
2050,252,162,0.0686235410615283,0
2050,252,167,0.11923669604076823,0
2050,252,169,0.034116056994123456,0
2050,252,172,0.0200177203928409,0
2050,252,175,0.03828702701652479,0
2050,253,89,1.0,0
2050,254,25,0.029857609702131634,0
2050,254,70,0.01061321673707788,0
2050,254,89,0.23647996967622661,0
2050,254,123,0.11579617419561818,0
2050,254,132,0.10551683582329738,0
2050,254,135,0.10385199748439458,0
2050,254,136,0.026132097285373114,0
2050,254,157,0.09822975556131297,0
2050,254,165,0.1788195530598513,0
2050,254,168,0.07540210965123902,0
2050,255,165,1.0,0
2050,256,158,1.0,0
2050,257,23,0.012537306113963061,0
2050,257,27,0.15526778933324142,0
2050,257,28,0.15637223179513887,0
2050,257,29,0.028478560590217465,0
2050,257,36,0.04228790711037614,0
2050,257,52,0.3421293017967337,0
2050,257,56,0.09194274309002377,0
2050,257,70,0.014189957472142287,0
2050,257,83,0.04325586432092447,0
2050,257,85,0.02364811234547361,0
2050,257,113,0.031114271644046766,0
2050,257,129,0.028934743251434587,0
2050,257,137,0.029841211136283942,0
2050,258,27,1.0,0
2050,259,85,1.0,0
2050,260,9,0.03774364951275286,0
2050,260,17,0.14702406463927598,0
2050,260,18,0.03804354105254841,0
2050,260,27,0.16980527212511398,0
2050,260,36,0.016026933552437055,0
2050,260,52,0.035715489065003776,0
2050,260,54,0.01638771067957255,0
2050,260,66,0.016305541161300216,0
2050,260,70,0.014688627273323845,0
2050,260,85,0.1949467753480923,0
2050,260,96,0.03832269626538801,0
2050,260,107,0.015963782493370847,0
2050,260,112,0.022014426774046636,0
2050,260,164,0.21462355390855992,0
2050,261,27,0.13352282836270749,0
2050,261,36,0.020589675740447313,0
2050,261,38,0.018179105632279674,0
2050,261,59,0.07550038710006234,0
2050,261,82,0.10906643498367219,0
2050,261,83,0.22708796509057036,0
2050,261,101,0.09528663725608716,0
2050,261,112,0.055380378683889585,0
2050,261,124,0.038334378835495356,0
2050,261,138,0.03012366436672635,0
2050,261,148,0.06543281803680458,0
2050,261,150,0.06383069334202306,0
2050,261,151,0.041767495335921424,0
2050,262,14,0.06383361568591407,0
2050,262,27,0.01657869000202529,0
2050,262,31,0.025265639861378884,0
2050,262,54,0.02035305849726648,0
2050,262,59,0.08999944334777617,0
2050,262,62,0.024516735080779083,0
2050,262,66,0.030727682843250646,0
2050,262,93,0.07975128494793694,0
2050,262,96,0.01356198696147967,0
2050,262,101,0.025097499863505644,0
2050,262,148,0.16077283058372996,0
2050,262,160,0.1727323817847967,0
2050,262,164,0.0806192232472439,0
2050,262,166,0.03136526224901047,0
2050,262,171,0.020005741482689788,0
2050,262,180,0.09303329926216333,0
2050,263,107,1.0,0
2050,264,100,1.0,0
2050,265,110,1.0,0
2050,266,14,0.1347914748433425,0
2050,266,21,0.019252642593413603,0
2050,266,30,0.04406379052215877,0
2050,266,40,0.031519063236612965,0
2050,266,50,0.011756179568870843,0
2050,266,69,0.1513121268438502,0
2050,266,71,0.022429324038585188,0
2050,266,86,0.04317716228434944,0
2050,266,88,0.054813183367077696,0
2050,266,129,0.03508893856126731,0
2050,266,137,0.15637536520144688,0
2050,266,163,0.11064034955745357,0
2050,266,167,0.03261181418461191,0
2050,267,15,0.03039561273582874,0
2050,267,34,0.017100554254121915,0
2050,267,46,0.0914734764734444,0
2050,267,50,0.06776995540386875,0
2050,267,61,0.0382475544163813,0
2050,267,90,0.012943881103298202,0
2050,267,96,0.07516186360226462,0
2050,267,107,0.17801258297629022,0
2050,267,108,0.06401927455119044,0
2050,267,114,0.05765078934971977,0
2050,267,116,0.05729121806481973,0
2050,267,120,0.031194423712311868,0
2050,267,127,0.07885906614704523,0
2050,267,129,0.024555237645927673,0
2050,267,137,0.06264550137859397,0
2050,267,179,0.10414105737699912,0
2050,268,96,1.0,0
2050,269,29,0.10529333689689631,0
2050,269,52,0.05509142886797423,0
2050,269,64,0.0460228670335386,0
2050,269,95,0.22351507928252007,0
2050,269,96,0.34349178313892237,0
2050,269,107,0.06953633902004076,0
2050,269,137,0.10907692210344644,0
2050,269,163,0.024409409114860003,0
2050,270,2,0.01606173130641831,0
2050,270,9,0.04939799273333234,0
2050,270,42,0.04251478141253344,0
2050,270,52,0.023464527883534987,0
2050,270,60,0.03874375429723276,0
2050,270,90,0.02370893658217934,0
2050,270,95,0.0742475787283111,0
2050,270,96,0.07028861309727304,0
2050,270,107,0.10838245496772807,0
2050,270,130,0.055084909882054285,0
2050,270,137,0.47279214901804056,0
2050,271,137,1.0,0
2050,272,12,0.46792248669306374,0
2050,272,22,0.13931713033999202,0
2050,272,30,0.056260183194405504,0
2050,272,89,0.06365939750298283,0
2050,272,137,0.23554753417464389,0
2050,273,12,1.0,0
2050,274,5,0.064786731930419,0
2050,274,12,0.44531141201682944,0
2050,274,19,0.036851101596698285,0
2050,274,36,0.01036660072748418,0
2050,274,38,0.04839305724825702,0
2050,274,72,0.04072210306518306,0
2050,274,82,0.035961433455819314,0
2050,274,112,0.019782858603119666,0
2050,274,124,0.08943676453111113,0
2050,274,138,0.06154607458137664,0
2050,274,173,0.01981761025822007,0
2050,274,176,0.013374483349429839,0
2050,274,179,0.10707020337434214,0
2050,275,5,0.11686371976451965,0
2050,275,12,0.11647031023455959,0
2050,275,19,0.17485995922301883,0
2050,275,36,0.02026229400480805,0
2050,275,59,0.025062864013033613,0
2050,275,82,0.02079836902999842,0
2050,275,101,0.026206603920522226,0
2050,275,124,0.15758142301213757,0
2050,275,138,0.015123404466915916,0
2050,275,148,0.10616523657925007,0
2050,275,158,0.015151924551317515,0
2050,275,171,0.07318198295011769,0
2050,275,173,0.07117462907415208,0
2050,275,179,0.04527885440525286,0
2050,276,93,1.0,0
2050,277,163,1.0,0
2050,278,9,0.034183121012416155,0
2050,278,21,0.021245525561406742,0
2050,278,26,0.21411575169740532,0
2050,278,84,0.010802859460358123,0
2050,278,85,0.014939892082382375,0
2050,278,90,0.07127871631837775,0
2050,278,91,0.01164004643314032,0
2050,278,94,0.08007055244438904,0
2050,278,98,0.03555417448584481,0
2050,278,110,0.04232495833502598,0
2050,278,111,0.010488116562921024,0
2050,278,127,0.10116348204579835,0
2050,278,128,0.03055092900256452,0
2050,278,142,0.11395781666787907,0
2050,278,163,0.1443761378437459,0
2050,278,167,0.010166239913314326,0
2050,279,115,1.0,0
2050,280,7,0.021319588245973513,0
2050,280,9,0.013580325332813652,0
2050,280,12,0.01705884540774345,0
2050,280,28,0.020744183135082247,0
2050,280,53,0.016183294034449684,0
2050,280,70,0.026278804699048176,0
2050,280,103,0.07081444250624591,0
2050,280,115,0.20187118034942947,0
2050,280,117,0.027831186939378413,0
2050,280,118,0.04304010702514698,0
2050,280,123,0.0351139842670584,0
2050,280,129,0.12523824904103167,0
2050,280,143,0.0646619919940938,0
2050,280,147,0.1659987113518502,0
2050,280,156,0.0484384391528797,0
2050,280,168,0.04859304911209397,0
2050,281,168,1.0,0
2050,282,95,1.0,0
2050,283,114,1.0,0
2050,284,4,0.10557659170135655,0
2050,284,12,0.10882293196977905,0
2050,284,17,0.014814091871021031,0
2050,284,18,0.01811167824211111,0
2050,284,22,0.04284261487765817,0
2050,284,33,0.05736071019226335,0
2050,284,53,0.22109199506302926,0
2050,284,68,0.026352559820860256,0
2050,284,73,0.029141263758968684,0
2050,284,89,0.0525856024083491,0
2050,284,114,0.2089659081251279,0
2050,284,143,0.10029205642540198,0
2050,285,12,0.027626078331161485,0
2050,285,31,0.07125743402068338,0
2050,285,53,0.0476691527316235,0
2050,285,70,0.10124877707714748,0
2050,285,73,0.059721053734584355,0
2050,285,89,0.07278551108101158,0
2050,285,91,0.036000619053573005,0
2050,285,94,0.20386588252912016,0
2050,285,95,0.07898841350510205,0
2050,285,105,0.03492027977452031,0
2050,285,109,0.05311400754151746,0
2050,285,110,0.035735181075982836,0
2050,285,124,0.042098063572397634,0
2050,285,147,0.015533420368574876,0
2050,285,154,0.026433686310252804,0
2050,285,168,0.061027073597325746,0
2050,286,12,0.015671602030331824,0
2050,286,15,0.05026775800693209,0
2050,286,48,0.019145284797828753,0
2050,286,81,0.11966197448600939,0
2050,286,88,0.030057166790148606,0
2050,286,94,0.06569426645750602,0
2050,286,103,0.14463813949628315,0
2050,286,106,0.029139631187592458,0
2050,286,114,0.045211447817968826,0
2050,286,126,0.03149057274317141,0
2050,286,143,0.29141426584878377,0
2050,286,159,0.033737794261503216,0
2050,287,143,1.0,0
2050,288,70,1.0,0
2050,289,103,1.0,0
2050,290,94,1.0,0
2050,291,91,1.0,0
2050,292,92,1.0,0
2050,293,23,0.030309063748943377,0
2050,293,31,0.06169701449917342,0
2050,293,42,0.01534854527985859,0
2050,293,50,0.025688760498291184,0
2050,293,61,0.03165181672957467,0
2050,293,63,0.052148208171675765,0
2050,293,64,0.017578876437299135,0
2050,293,65,0.08402338658213837,0
2050,293,92,0.18920151447622358,0
2050,293,94,0.08669941714494163,0
2050,293,137,0.07642335918344184,0
2050,293,163,0.19601138649049182,0
2050,294,3,0.07412486387099695,0
2050,294,15,0.022174237944047888,0
2050,294,16,0.01931222364562471,0
2050,294,40,0.06650492447779474,0
2050,294,42,0.011540525181921906,0
2050,294,61,0.03811482914903245,0
2050,294,75,0.12640256565313307,0
2050,294,95,0.029814095272853114,0
2050,294,127,0.20736349103461124,0
2050,294,140,0.11980931046133349,0
2050,294,143,0.09459688736666999,0
2050,294,167,0.04046309081689957,0
2050,294,179,0.010778748580109519,0
2050,295,179,1.0,0
2050,296,173,1.0,0
2050,297,140,1.0,0
2050,298,6,0.018573291146260846,0
2050,298,10,0.056833322857872445,0
2050,298,20,0.022988556623555416,0
2050,298,59,0.1267959999236961,0
2050,298,82,0.12054719096346458,0
2050,298,91,0.05971552327029234,0
2050,298,94,0.06512713694226363,0
2050,298,95,0.0199587426564775,0
2050,298,132,0.01187172583450076,0
2050,298,136,0.03747017958501614,0
2050,298,148,0.11799423637480325,0
2050,298,150,0.051979408103364454,0
2050,298,170,0.04360810127427492,0
2050,298,173,0.14811626334705716,0
2050,298,179,0.08069986083927883,0
2050,299,167,1.0,0
2050,300,10,0.0101325940698203,0
2050,300,16,0.02831032372769679,0
2050,300,39,0.047358520727771,0
2050,300,54,0.042004311736479824,0
2050,300,63,0.030414233452548803,0
2050,300,65,0.05092834635380696,0
2050,300,71,0.0458656632476688,0
2050,300,80,0.09359530329959238,0
2050,300,85,0.04715909993174918,0
2050,300,150,0.031614246423341937,0
2050,300,151,0.03108251788822849,0
2050,300,167,0.4215923403424268,0
2050,301,7,0.014537110719696026,0
2050,301,52,0.050911833756823524,0
2050,301,58,0.010805080113186876,0
2050,301,63,0.11004226302264075,0
2050,301,85,0.034642703379132965,0
2050,301,94,0.03351756539745193,0
2050,301,99,0.013620026614035047,0
2050,301,111,0.05722197174152537,0
2050,301,115,0.08725778601724855,0
2050,301,140,0.08027804131320566,0
2050,301,143,0.17140882460217252,0
2050,301,163,0.023859908264517525,0
2050,301,170,0.09820117468268537,0
2050,301,178,0.08685358317316548,0
2050,301,180,0.03875543902773307,0
2050,302,4,0.04479324553488272,0
2050,302,8,0.046009835335092786,0
2050,302,14,0.011785396690798623,0
2050,302,19,0.032913608478869434,0
2050,302,26,0.019990069850046352,0
2050,302,30,0.025854181561865246,0
2050,302,31,0.015646657150547687,0
2050,302,74,0.01735052030568966,0
2050,302,79,0.01439569348830872,0
2050,302,91,0.014312958704084206,0
2050,302,92,0.02662801198873927,0
2050,302,98,0.09428519385661636,0
2050,302,99,0.017860348059003044,0
2050,302,100,0.13623713387402767,0
2050,302,141,0.0657194890069257,0
2050,302,143,0.050223645866130845,0
2050,302,157,0.03996792095721776,0
2050,302,159,0.08200026643507725,0
2050,302,167,0.21206307533270743,0
2050,302,173,0.03028774062855194,0
2050,303,4,0.05000293276264238,0
2050,303,16,0.06912311952966746,0
2050,303,71,0.047779438874240715,0
2050,303,75,0.09491386234490587,0
2050,303,76,0.0215427964991608,0
2050,303,89,0.10181784499937083,0
2050,303,98,0.2061999294088809,0
2050,303,99,0.044976512181157835,0
2050,303,114,0.061770699962106226,0
2050,303,127,0.12070646947176386,0
2050,303,140,0.08381318018542841,0
2050,303,157,0.05424416039888251,0
2050,303,159,0.027913428913829877,0
2050,304,75,1.0,0
2050,305,19,1.0,0
2050,306,150,1.0,0
2050,307,22,0.01537598990591345,0
2050,307,48,0.03291326057948091,0
2050,307,62,0.3796228422743146,0
2050,307,86,0.01458360131787223,0
2050,307,93,0.14037412639079755,0
2050,307,98,0.05429392454841493,0
2050,307,149,0.06108807690086765,0
2050,307,150,0.2592737574624561,0
2050,307,153,0.01534691553918927,0
2050,308,62,1.0,0
2050,309,98,1.0,0
2050,310,15,0.014036512677189042,0
2050,310,30,0.04723351292810577,0
2050,310,46,0.025831676644176724,0
2050,310,71,0.08424618889764172,0
2050,310,89,0.024979511267856074,0
2050,310,98,0.577053792159545,0
2050,310,135,0.08129277290804701,0
2050,310,136,0.1413706927596126,0
2050,311,6,0.01006624807869331,0
2050,311,59,0.08397694095488707,0
2050,311,62,0.0887664313359548,0
2050,311,71,0.04981823470639745,0
2050,311,98,0.11145427970713297,0
2050,311,128,0.025063715313327878,0
2050,311,129,0.0831963773576252,0
2050,311,131,0.1153864576925905,0
2050,311,136,0.216371732321907,0
2050,311,146,0.043914985720896485,0
2050,311,155,0.055883092949162064,0
2050,311,166,0.02753291377444208,0
2050,311,179,0.07523569520361242,0
2050,312,25,0.017776179634242828,0
2050,312,26,0.08546297364228944,0
2050,312,52,0.09959211537386489,0
2050,312,98,0.08577860221567213,0
2050,312,121,0.061447778085037555,0
2050,312,131,0.17022224732215732,0
2050,312,146,0.17874671239538506,0
2050,312,155,0.08022114979069939,0
2050,312,162,0.03320197204511838,0
2050,312,167,0.04269375156590999,0
2050,312,173,0.13086060431431312,0
2050,313,6,0.02151806220250776,0
2050,313,11,0.03862971380360017,0
2050,313,17,0.05071970838460399,0
2050,313,28,0.031421258779138525,0
2050,313,84,0.026891384967402867,0
2050,313,131,0.11829077572312456,0
2050,313,133,0.15432316361123175,0
2050,313,135,0.11843741918924354,0
2050,313,136,0.34671178730442265,0
2050,313,146,0.07859177925272236,0
2050,314,7,0.04354409952260233,0
2050,314,8,0.03552507029614948,0
2050,314,28,0.08838713481942427,0
2050,314,30,0.05380549602011079,0
2050,314,41,0.04695752387118939,0
2050,314,63,0.013023595212031204,0
2050,314,129,0.07931781702891944,0
2050,314,131,0.5149569734509247,0
2050,314,146,0.04809896425145734,0
2050,314,156,0.04712380766110904,0
2050,315,8,0.02658211814448784,0
2050,315,28,0.01843240487986001,0
2050,315,30,0.03391405699581301,0
2050,315,41,0.17029146428008562,0
2050,315,57,0.05304394249098162,0
2050,315,67,0.03668673146404964,0
2050,315,103,0.023992316898012848,0
2050,315,129,0.04447927394932044,0
2050,315,131,0.27784673421228867,0
2050,315,136,0.06525166219667843,0
2050,315,146,0.19051889396442304,0
2050,316,13,0.04367026008068558,0
2050,316,59,0.02757890607512999,0
2050,316,89,0.01869378973686266,0
2050,316,98,0.03567412989675024,0
2050,316,99,0.03004062622374103,0
2050,316,103,0.06575831196405513,0
2050,316,123,0.018408447693757796,0
2050,316,131,0.1958045784006807,0
2050,316,132,0.010679308757578415,0
2050,316,136,0.3174632277221327,0
2050,316,146,0.03613569318167537,0
2050,316,152,0.08125612968419699,0
2050,316,173,0.08304733205368933,0
2050,317,136,1.0,0
2050,318,131,1.0,0
2050,319,30,1.0,0
2050,320,135,1.0,0
2050,321,28,0.02148085557384619,0
2050,321,30,0.1558454022860267,0
2050,321,36,0.0333288789741485,0
2050,321,44,0.06780002690563174,0
2050,321,69,0.061749818646638456,0
2050,321,71,0.03353915816635132,0
2050,321,85,0.03142989517824383,0
2050,321,125,0.3303173940728793,0
2050,321,131,0.13549026920732685,0
2050,321,167,0.06648425179082791,0
2050,322,7,0.11375851600054418,0
2050,322,17,0.12771948522531743,0
2050,322,30,0.14391076149262022,0
2050,322,118,0.01940739224714231,0
2050,322,125,0.04354198939591585,0
2050,322,131,0.37766842453859467,0
2050,322,135,0.12261166533391264,0
2050,323,7,0.07245518423077948,0
2050,323,9,0.04145380384926369,0
2050,323,17,0.05065524867255028,0
2050,323,30,0.3197118853216873,0
2050,323,36,0.05388824320583732,0
2050,323,53,0.05618388944445159,0
2050,323,131,0.19130116424323657,0
2050,323,133,0.11274196601244292,0
2050,323,136,0.06409754960384915,0
2050,323,152,0.010504365757966117,0
2050,323,155,0.016107131042914585,0
2050,324,2,0.01432212177393789,0
2050,324,16,0.24057616339703425,0
2050,324,17,0.12182793591290358,0
2050,324,28,0.020859730801308075,0
2050,324,30,0.37430544699190194,0
2050,324,35,0.010056942693847248,0
2050,324,56,0.01231503671741958,0
2050,324,113,0.044423466080589835,0
2050,324,137,0.1379292694024321,0
2050,325,16,1.0,0
2050,326,68,1.0,0
2050,327,99,1.0,0
2050,328,26,0.046672728832998236,0
2050,328,28,0.03776011759835786,0
2050,328,50,0.035444037336736456,0
2050,328,59,0.10749910068173062,0
2050,328,71,0.05247853107814396,0
2050,328,81,0.09261812874140504,0
2050,328,82,0.018728252838201363,0
2050,328,83,0.013897398918886528,0
2050,328,90,0.019360184578703386,0
2050,328,133,0.020950348504949784,0
2050,328,136,0.295044503150043,0
2050,328,137,0.010958266825384212,0
2050,328,155,0.012378576367626026,0
2050,328,161,0.07608568888784593,0
2050,328,179,0.14247329317572013,0
2050,329,2,0.0666368193178768,0
2050,329,16,0.11162600264254913,0
2050,329,19,0.029892910505862257,0
2050,329,23,0.13230046651144886,0
2050,329,26,0.07007642695350902,0
2050,329,40,0.036010235704163805,0
2050,329,71,0.07880024347542823,0
2050,329,72,0.011809964387176063,0
2050,329,74,0.01528096739941186,0
2050,329,112,0.04217492227558871,0
2050,329,146,0.1021798422189197,0
2050,329,150,0.02266873338838476,0
2050,329,151,0.06589628806712511,0
2050,329,155,0.02048166160225389,0
2050,329,161,0.04654728965482897,0
2050,329,167,0.11866208277558948,0
2050,329,180,0.01894705631329203,0
2050,330,86,1.0,0
2050,331,6,0.04145032406612972,0
2050,331,11,0.06901642753111595,0
2050,331,16,0.06500552756364003,0
2050,331,49,0.09617227697373129,0
2050,331,56,0.2011886945386381,0
2050,331,81,0.06349711613706852,0
2050,331,113,0.20540898227666557,0
2050,331,133,0.04122055168195779,0
2050,331,155,0.033122453513558484,0
2050,331,166,0.025856131689237574,0
2050,331,179,0.0905358690976332,0
2050,331,180,0.06554212073306362,0
2050,332,68,0.05754015061121055,0
2050,332,71,0.0629316718997967,0
2050,332,81,0.02867963849766185,0
2050,332,86,0.02973360803570417,0
2050,332,131,0.012796457649309825,0
2050,332,133,0.3740332951558156,0
2050,332,146,0.027820906929172537,0
2050,332,155,0.08633382973813457,0
2050,332,161,0.2042276754567366,0
2050,332,166,0.07703849545427886,0
2050,332,167,0.017796858774051613,0
2050,332,180,0.0174783539825195,0
2050,333,133,1.0,0
2050,334,7,0.05137197479092588,0
2050,334,28,0.26166862880655534,0
2050,334,36,0.25340224358229685,0
2050,334,54,0.044151828571967505,0
2050,334,112,0.11680646715565873,0
2050,334,131,0.010782402456431577,0
2050,334,133,0.25487205418133013,0
2050,335,28,1.0,0
2050,336,41,1.0,0
2050,337,166,1.0,0
2050,338,6,0.297378101355114,0
2050,338,28,0.035716906493118684,0
2050,338,112,0.3542971792390542,0
2050,338,132,0.021910745448597058,0
2050,338,133,0.052766661358896245,0
2050,338,146,0.04302699964253614,0
2050,338,155,0.08253063065793262,0
2050,338,166,0.058438874845988205,0
2050,338,170,0.024443345384019384,0
2050,338,177,0.022062447570223735,0
2050,339,11,0.0234713531453193,0
2050,339,25,0.010047857028279834,0
2050,339,112,0.4959828236141124,0
2050,339,121,0.03394719039005771,0
2050,339,125,0.025018612088202954,0
2050,339,136,0.0223867298055044,0
2050,339,146,0.04853989762727541,0
2050,339,155,0.167117212762671,0
2050,339,166,0.17324295394264672,0
2050,340,112,1.0,0
2050,341,6,0.08660500391160444,0
2050,341,14,0.12606369142572288,0
2050,341,74,0.11351913746672666,0
2050,341,79,0.02119355486546176,0
2050,341,112,0.07920785755135952,0
2050,341,150,0.04242943442290685,0
2050,341,155,0.2938417040122173,0
2050,341,166,0.16136233462520605,0
2050,341,167,0.056594948507883144,0
2050,342,177,1.0,0
2050,343,6,0.04969396538154161,0
2050,343,49,0.07321436792224173,0
2050,343,59,0.0414515021932757,0
2050,343,71,0.031090978523632448,0
2050,343,112,0.09326893821190398,0
2050,343,146,0.08449194213939389,0
2050,343,151,0.02696737155632402,0
2050,343,155,0.293995775938472,0
2050,343,166,0.05300276979788324,0
2050,343,170,0.04867294940915501,0
2050,343,177,0.17225002764918484,0
2050,343,180,0.022670206233682724,0
2050,344,11,0.15402508363742895,0
2050,344,56,0.06102308540527519,0
2050,344,112,0.16715855008518132,0
2050,344,113,0.0344051276900018,0
2050,344,121,0.050429012735958956,0
2050,344,155,0.2945319125792416,0
2050,344,166,0.08061110552437463,0
2050,344,177,0.05914395810755026,0
2050,344,180,0.09682967824443157,0
2050,345,8,0.08067707811838701,0
2050,345,30,0.03827770310995717,0
2050,345,68,0.01833050897177347,0
2050,345,71,0.058579132909511104,0
2050,345,72,0.05787138283770903,0
2050,345,112,0.3597656805664453,0
2050,345,121,0.04760543381336894,0
2050,345,133,0.052849084095492334,0
2050,345,155,0.2679544402454255,0
2050,345,166,0.012454202135763807,0
2050,346,6,0.16827008348697597,0
2050,346,8,0.06666348263816552,0
2050,346,13,0.2635451361232521,0
2050,346,28,0.11272778705411815,0
2050,346,30,0.039227275308066904,0
2050,346,36,0.03511878095917371,0
2050,346,74,0.01229604156295886,0
2050,346,103,0.01566145753798736,0
2050,346,112,0.13608989576644237,0
2050,346,129,0.05323264118673921,0
2050,346,166,0.09417429922340143,0
2050,347,13,1.0,0
2050,348,13,0.24549825399728142,0
2050,348,14,0.0766612332035925,0
2050,348,26,0.158558754206104,0
2050,348,31,0.24887894382838588,0
2050,348,71,0.16909421934684488,0
2050,348,163,0.024727873318675875,0
2050,348,166,0.07658072209911508,0
2050,349,6,0.08720753338333884,0
2050,349,13,0.034072551533352466,0
2050,349,14,0.010984206540989873,0
2050,349,31,0.177453614062049,0
2050,349,71,0.41016497627025783,0
2050,349,98,0.03289184203076495,0
2050,349,99,0.09620622184178222,0
2050,349,122,0.024551619917347417,0
2050,349,163,0.1214473586134768,0
2050,350,71,1.0,0
2050,351,6,0.4953129796804109,0
2050,351,7,0.029811872534297047,0
2050,351,13,0.11457700286773409,0
2050,351,17,0.01194301707986329,0
2050,351,26,0.07011002269123098,0
2050,351,30,0.026039965727416396,0
2050,351,61,0.05962339012383842,0
2050,351,68,0.018084957436929235,0
2050,351,71,0.16194336365409862,0
2050,352,6,1.0,0
2050,353,6,0.22079975778721594,0
2050,353,26,0.12051239689545967,0
2050,353,71,0.10601211795624116,0
2050,353,155,0.4738508580222588,0
2050,353,166,0.06714546814197342,0
2050,354,155,1.0,0
2050,355,17,0.018565479904152818,0
2050,355,28,0.07648781212850544,0
2050,355,112,0.12999582447542074,0
2050,355,125,0.13012206714365093,0
2050,355,155,0.64482881634827,0
2050,356,7,0.15119998149916164,0
2050,356,28,0.07572304009395493,0
2050,356,112,0.10138326132055228,0
2050,356,125,0.1017514790553517,0
2050,356,135,0.01591844427098251,0
2050,356,146,0.010047394003135594,0
2050,356,155,0.5439763997568612,0
2050,357,6,0.11547032508407727,0
2050,357,7,0.017431062274710793,0
2050,357,28,0.041564307515163684,0
2050,357,41,0.044723103174668474,0
2050,357,112,0.10071777707023022,0
2050,357,125,0.21616944414646758,0
2050,357,129,0.010474958768415567,0
2050,357,146,0.02942903636417436,0
2050,357,151,0.028460861427750346,0
2050,357,155,0.38181732312945876,0
2050,358,27,0.011017566504883718,0
2050,358,40,0.06694727361961862,0
2050,358,49,0.020435853238688417,0
2050,358,71,0.021413931763250044,0
2050,358,82,0.03954600003499336,0
2050,358,112,0.08662343723682321,0
2050,358,121,0.057627148552381185,0
2050,358,125,0.1783232129354459,0
2050,358,134,0.022642006695472245,0
2050,358,136,0.11011199111172336,0
2050,358,146,0.015580737329479736,0
2050,358,155,0.3017824027538425,0
2050,358,166,0.040382660649543274,0
2050,358,177,0.026390415534290182,0
2050,359,2,0.09308966668295594,0
2050,359,6,0.018040501964836735,0
2050,359,27,0.062028704793636674,0
2050,359,36,0.08162289378436252,0
2050,359,59,0.04157630702913072,0
2050,359,71,0.06357162942776091,0
2050,359,83,0.022319595223410944,0
2050,359,112,0.20409876836981666,0
2050,359,125,0.06540285291815721,0
2050,359,151,0.07878186839847952,0
2050,359,155,0.190774006808729,0
2050,359,178,0.046873977104732546,0
2050,360,23,0.041283801215436594,0
2050,360,26,0.06608940328190403,0
2050,360,27,0.10712886799186039,0
2050,360,36,0.031037048928987582,0
2050,360,41,0.10172739271003595,0
2050,360,62,0.03734573914968048,0
2050,360,65,0.08857413298808017,0
2050,360,69,0.04745636391073767,0
2050,360,71,0.11339443594650842,0
2050,360,74,0.014183960638839189,0
2050,360,80,0.014986286647617326,0
2050,360,112,0.26572502142876964,0
2050,360,154,0.010951866312573468,0
2050,360,166,0.05597977256106469,0
2050,361,178,1.0,0
2050,362,26,1.0,0
2050,363,147,1.0,0
2050,364,81,1.0,0
2050,365,6,0.05309201233779892,0
2050,365,8,0.025438650637313757,0
2050,365,12,0.014900559620527089,0
2050,365,28,0.03523462395407792,0
2050,365,68,0.030302010681109687,0
2050,365,81,0.15719439159361964,0
2050,365,121,0.13591465513971165,0
2050,365,129,0.0327574829866059,0
2050,365,133,0.1280110632043579,0
2050,365,135,0.012504793250474572,0
2050,365,146,0.14489964380655315,0
2050,365,147,0.16160653135777267,0
2050,365,153,0.0154566552699179,0
2050,365,155,0.05268692616015769,0
