rep_period,timestep,year,profile_name,value
1,1,2030,demand,0.5550634098844324
1,2,2030,demand,0.548706779362521
1,3,2030,demand,0.5417234468458548
1,4,2030,demand,0.5285984686530085
1,5,2030,demand,0.5430392897774757
1,6,2030,demand,0.5436395646062454
1,7,2030,demand,0.5703723746323607
1,8,2030,demand,0.6151217108391751
1,9,2030,demand,0.6497678415349872
1,10,2030,demand,0.6709596867587491
1,11,2030,demand,0.6863264975310284
1,12,2030,demand,0.7131109135695667
1,13,2030,demand,0.7220561598324993
1,14,2030,demand,0.7227198786430988
1,15,2030,demand,0.7136867220052686
1,16,2030,demand,0.7167680796962532
1,17,2030,demand,0.722944079416608
1,18,2030,demand,0.7160816702261293
1,19,2030,demand,0.706658869321658
1,20,2030,demand,0.681559490878572
1,21,2030,demand,0.6660508712817613
1,22,2030,demand,0.6188647874571701
1,23,2030,demand,0.5668682732805326
1,24,2030,demand,0.5634306943175539
1,1,2030,solar,0.0
1,2,2030,solar,0.0
1,3,2030,solar,0.0
1,4,2030,solar,0.0
1,5,2030,solar,0.0
1,6,2030,solar,0.00017065256192265243
1,7,2030,solar,0.03285316295215517
1,8,2030,solar,0.13506128654169686
1,9,2030,solar,0.2622839883975965
1,10,2030,solar,0.3809449835384695
1,11,2030,solar,0.4615698686667811
1,12,2030,solar,0.4806496478009355
1,13,2030,solar,0.4564018874596451
1,14,2030,solar,0.43325788698113193
1,15,2030,solar,0.3855377046930908
1,16,2030,solar,0.31723002907676484
1,17,2030,solar,0.24848753844923868
1,18,2030,solar,0.17038076099250335
1,19,2030,solar,0.07531719127218571
1,20,2030,solar,0.00942629310251898
1,21,2030,solar,0.0
1,22,2030,solar,0.0
1,23,2030,solar,0.0
1,24,2030,solar,0.0
1,1,2030,wind_offshore,0.0
1,2,2030,wind_offshore,0.0
1,3,2030,wind_offshore,0.0
1,4,2030,wind_offshore,0.0
1,5,2030,wind_offshore,0.0
1,6,2030,wind_offshore,0.00019285744139532556
1,7,2030,wind_offshore,6.315872313856985e-5
1,8,2030,wind_offshore,0.0
1,9,2030,wind_offshore,0.00013628958744745228
1,10,2030,wind_offshore,0.00038605664210292933
1,11,2030,wind_offshore,0.0
1,12,2030,wind_offshore,0.0
1,13,2030,wind_offshore,0.0
1,14,2030,wind_offshore,0.0
1,15,2030,wind_offshore,0.00010759399450994853
1,16,2030,wind_offshore,0.0008075099497503714
1,17,2030,wind_offshore,0.004308947406663758
1,18,2030,wind_offshore,0.00667888172907181
1,19,2030,wind_offshore,0.012691132292599447
1,20,2030,wind_offshore,0.015206638201970574
1,21,2030,wind_offshore,0.02338333283763256
1,22,2030,wind_offshore,0.025788930552654767
1,23,2030,wind_offshore,0.005369209873741463
1,24,2030,wind_offshore,0.0009806832863765633
1,1,2030,wind_onshore,0.03694669518876333
1,2,2030,wind_onshore,0.034253745631505864
1,3,2030,wind_onshore,0.03076719037969046
1,4,2030,wind_onshore,0.026421254812293776
1,5,2030,wind_onshore,0.022518942484514873
1,6,2030,wind_onshore,0.019831970318085573
1,7,2030,wind_onshore,0.018169509199212706
1,8,2030,wind_onshore,0.010158733279771577
1,9,2030,wind_onshore,0.008722612416977974
1,10,2030,wind_onshore,0.009289231535934002
1,11,2030,wind_onshore,0.01001151381587208
1,12,2030,wind_onshore,0.014477675136223184
1,13,2030,wind_onshore,0.02209529341889193
1,14,2030,wind_onshore,0.0304790761281851
1,15,2030,wind_onshore,0.04070198285731117
1,16,2030,wind_onshore,0.0504227795573077
1,17,2030,wind_onshore,0.05803245947974677
1,18,2030,wind_onshore,0.06745160603258982
1,19,2030,wind_onshore,0.06910517056263128
1,20,2030,wind_onshore,0.049722599146000454
1,21,2030,wind_onshore,0.042947859680446066
1,22,2030,wind_onshore,0.040050342760629125
1,23,2030,wind_onshore,0.03841331596944226
1,24,2030,wind_onshore,0.038846314520402866
2,1,2030,demand,0.4697937644880651
2,2,2030,demand,0.4572263177045335
2,3,2030,demand,0.45050826828283347
2,4,2030,demand,0.43994079951513315
2,5,2030,demand,0.4306733153318803
2,6,2030,demand,0.4166236271678319
2,7,2030,demand,0.4083702910193253
2,8,2030,demand,0.42573469783051493
2,9,2030,demand,0.4546336859550727
2,10,2030,demand,0.4878886233146852
2,11,2030,demand,0.5096602501602114
2,12,2030,demand,0.51962803900184
2,13,2030,demand,0.527210101871825
2,14,2030,demand,0.5351680805470427
2,15,2030,demand,0.5361836724753438
2,16,2030,demand,0.5364794352023318
2,17,2030,demand,0.5418500180277678
2,18,2030,demand,0.5672088501500749
2,19,2030,demand,0.5828148196923093
2,20,2030,demand,0.5822817847396035
2,21,2030,demand,0.5845619777646541
2,22,2030,demand,0.5731161785519202
2,23,2030,demand,0.5451489378562331
2,24,2030,demand,0.5403345569197113
2,1,2030,solar,0.0
2,2,2030,solar,0.0
2,3,2030,solar,0.0
2,4,2030,solar,0.0
2,5,2030,solar,0.0
2,6,2030,solar,0.0
2,7,2030,solar,0.0
2,8,2030,solar,0.0
2,9,2030,solar,0.006679713491757093
2,10,2030,solar,0.05134523615249666
2,11,2030,solar,0.11221406390783664
2,12,2030,solar,0.15793649103177676
2,13,2030,solar,0.1796511803170342
2,14,2030,solar,0.181160092406094
2,15,2030,solar,0.1755022867539815
2,16,2030,solar,0.1296239762041098
2,17,2030,solar,0.04906608050542439
2,18,2030,solar,0.0
2,19,2030,solar,0.0
2,20,2030,solar,0.0
2,21,2030,solar,0.0
2,22,2030,solar,0.0
2,23,2030,solar,0.0
2,24,2030,solar,0.0
2,1,2030,wind_offshore,1.2577343507019552
2,2,2030,wind_offshore,1.2452494685332491
2,3,2030,wind_offshore,1.2404197701051523
2,4,2030,wind_offshore,1.2145394074263962
2,5,2030,wind_offshore,1.1812701855767338
2,6,2030,wind_offshore,1.136553298247639
2,7,2030,wind_offshore,1.1593706775049615
2,8,2030,wind_offshore,1.1368132103125257
2,9,2030,wind_offshore,1.1079065499789242
2,10,2030,wind_offshore,1.0055726212048333
2,11,2030,wind_offshore,0.944381943103216
2,12,2030,wind_offshore,0.923385006551653
2,13,2030,wind_offshore,0.8397252613863136
2,14,2030,wind_offshore,0.7950722400693931
2,15,2030,wind_offshore,0.6812296563979402
2,16,2030,wind_offshore,0.6884052486964304
2,17,2030,wind_offshore,0.737419999586451
2,18,2030,wind_offshore,0.890394092832113
2,19,2030,wind_offshore,1.1064354378660612
2,20,2030,wind_offshore,1.1901167999338416
2,21,2030,wind_offshore,1.2268463015319133
2,22,2030,wind_offshore,1.2210603511745635
2,23,2030,wind_offshore,1.2375612297920282
2,24,2030,wind_offshore,1.2402333317884426
2,1,2030,wind_onshore,0.9795234108325076
2,2,2030,wind_onshore,0.9801699389060146
2,3,2030,wind_onshore,0.995011263583895
2,4,2030,wind_onshore,0.9838684975889604
2,5,2030,wind_onshore,0.9701437297392118
2,6,2030,wind_onshore,0.9621741700127212
2,7,2030,wind_onshore,0.9221774553849433
2,8,2030,wind_onshore,0.884621835921682
2,9,2030,wind_onshore,0.8742052501092861
2,10,2030,wind_onshore,0.8635292374345722
2,11,2030,wind_onshore,0.8642398394672739
2,12,2030,wind_onshore,0.8780614798260701
2,13,2030,wind_onshore,0.8750101633555847
2,14,2030,wind_onshore,0.8716074161705146
2,15,2030,wind_onshore,0.8714789947508551
2,16,2030,wind_onshore,0.8638361665368395
2,17,2030,wind_onshore,0.8656164024315999
2,18,2030,wind_onshore,0.8644354896932114
2,19,2030,wind_onshore,0.8689264387430244
2,20,2030,wind_onshore,0.8988663642648702
2,21,2030,wind_onshore,0.9332156811314792
2,22,2030,wind_onshore,0.9727308929741977
2,23,2030,wind_onshore,0.9660021518106614
2,24,2030,wind_onshore,1.0047405819847706
3,1,2030,demand,0.5146737445382147
3,2,2030,demand,0.5100579098198817
3,3,2030,demand,0.5086739119722343
3,4,2030,demand,0.4965501680348903
3,5,2030,demand,0.5143847663578278
3,6,2030,demand,0.5507372508066598
3,7,2030,demand,0.6049267954335886
3,8,2030,demand,0.6520745553334181
3,9,2030,demand,0.6845184396019264
3,10,2030,demand,0.68986655226788
3,11,2030,demand,0.6819088669159482
3,12,2030,demand,0.6586496295172267
3,13,2030,demand,0.6481699621737796
3,14,2030,demand,0.614023170550799
3,15,2030,demand,0.5944797560071253
3,16,2030,demand,0.5875951935962822
3,17,2030,demand,0.5868388060740527
3,18,2030,demand,0.58927245599438
3,19,2030,demand,0.6064661482612739
3,20,2030,demand,0.6386386442894768
3,21,2030,demand,0.6281216793781612
3,22,2030,demand,0.5770993337683351
3,23,2030,demand,0.5282468095375537
3,24,2030,demand,0.5066964934231661
3,1,2030,solar,0.0
3,2,2030,solar,0.0
3,3,2030,solar,0.0
3,4,2030,solar,0.0
3,5,2030,solar,0.0
3,6,2030,solar,0.0
3,7,2030,solar,0.015349518468207247
3,8,2030,solar,0.17996266690125878
3,9,2030,solar,0.4075663890285385
3,10,2030,solar,0.5997355128385404
3,11,2030,solar,0.749447568412569
3,12,2030,solar,0.8614697367841789
3,13,2030,solar,0.8990075141180454
3,14,2030,solar,0.8803756033968386
3,15,2030,solar,0.7951838744281227
3,16,2030,solar,0.6553931350700882
3,17,2030,solar,0.45765828761538396
3,18,2030,solar,0.2494456637635587
3,19,2030,solar,0.06985833112171674
3,20,2030,solar,3.8084937436906176e-6
3,21,2030,solar,0.0
3,22,2030,solar,0.0
3,23,2030,solar,0.0
3,24,2030,solar,0.0
3,1,2030,wind_offshore,0.0017693825440751485
3,2,2030,wind_offshore,0.00029532938671720046
3,3,2030,wind_offshore,0.0001367655428453033
3,4,2030,wind_offshore,1.3150694828239124e-5
3,5,2030,wind_offshore,0.0
3,6,2030,wind_offshore,0.0
3,7,2030,wind_offshore,0.0
3,8,2030,wind_offshore,0.0
3,9,2030,wind_offshore,0.0
3,10,2030,wind_offshore,0.0
3,11,2030,wind_offshore,0.0
3,12,2030,wind_offshore,0.0
3,13,2030,wind_offshore,0.0009579676512652994
3,14,2030,wind_offshore,0.005712600484764981
3,15,2030,wind_offshore,0.008490070146153869
3,16,2030,wind_offshore,0.008623408188338722
3,17,2030,wind_offshore,0.008269133604354354
3,18,2030,wind_offshore,0.00734048693561121
3,19,2030,wind_offshore,0.0016630089027973394
3,20,2030,wind_offshore,0.0
3,21,2030,wind_offshore,0.0
3,22,2030,wind_offshore,0.0
3,23,2030,wind_offshore,0.0
3,24,2030,wind_offshore,0.008492791442653788
3,1,2030,wind_onshore,0.35207458487626986
3,2,2030,wind_onshore,0.37984692863843483
3,3,2030,wind_onshore,0.3995843390602296
3,4,2030,wind_onshore,0.42738441593325316
3,5,2030,wind_onshore,0.4591129440992179
3,6,2030,wind_onshore,0.4801995064193066
3,7,2030,wind_onshore,0.5163917817216147
3,8,2030,wind_onshore,0.5126102131677441
3,9,2030,wind_onshore,0.5755547116286429
3,10,2030,wind_onshore,0.6531572211127771
3,11,2030,wind_onshore,0.628332845992502
3,12,2030,wind_onshore,0.6726449035383594
3,13,2030,wind_onshore,0.6915355307336839
3,14,2030,wind_onshore,0.7149399850496178
3,15,2030,wind_onshore,0.7418231502001182
3,16,2030,wind_onshore,0.7714213547564643
3,17,2030,wind_onshore,0.7894406905806046
3,18,2030,wind_onshore,0.7795181792436355
3,19,2030,wind_onshore,0.7511831422733883
3,20,2030,wind_onshore,0.6979895254924591
3,21,2030,wind_onshore,0.6685781951601225
3,22,2030,wind_onshore,0.6347215163823201
3,23,2030,wind_onshore,0.5791539712010205
3,24,2030,wind_onshore,0.5552130787041977
4,1,2030,demand,0.46847620132513984
4,2,2030,demand,0.4688315220250024
4,3,2030,demand,0.46585818831701364
4,4,2030,demand,0.4645727200204575
4,5,2030,demand,0.4787776873054942
4,6,2030,demand,0.49786708706727373
4,7,2030,demand,0.5269549324168973
4,8,2030,demand,0.5564509152272665
4,9,2030,demand,0.5881377287516583
4,10,2030,demand,0.6083018356301033
4,11,2030,demand,0.6129064831027358
4,12,2030,demand,0.6299890329909199
4,13,2030,demand,0.6323814493987033
4,14,2030,demand,0.6208170152674335
4,15,2030,demand,0.6167760093925025
4,16,2030,demand,0.6241322477702748
4,17,2030,demand,0.632247919934405
4,18,2030,demand,0.626113656812983
4,19,2030,demand,0.6191671466604655
4,20,2030,demand,0.607492906061183
4,21,2030,demand,0.5962249429093937
4,22,2030,demand,0.5532900097386295
4,23,2030,demand,0.5131887716679719
4,24,2030,demand,0.5010676586384419
4,1,2030,solar,0.0
4,2,2030,solar,0.0
4,3,2030,solar,0.0
4,4,2030,solar,0.0
4,5,2030,solar,0.0
4,6,2030,solar,0.0
4,7,2030,solar,0.0
4,8,2030,solar,0.08913597295789838
4,9,2030,solar,0.28173824167475076
4,10,2030,solar,0.4641722981982802
4,11,2030,solar,0.5905712963573863
4,12,2030,solar,0.6663801907596705
4,13,2030,solar,0.7022696455921527
4,14,2030,solar,0.694481592731423
4,15,2030,solar,0.5888588845243974
4,16,2030,solar,0.42557532608463994
4,17,2030,solar,0.24789819064626595
4,18,2030,solar,0.0868539645687327
4,19,2030,solar,0.0
4,20,2030,solar,0.0
4,21,2030,solar,0.0
4,22,2030,solar,0.0
4,23,2030,solar,0.0
4,24,2030,solar,0.0
4,1,2030,wind_offshore,0.005445568137550899
4,2,2030,wind_offshore,0.0006424073091149803
4,3,2030,wind_offshore,0.0
4,4,2030,wind_offshore,0.0
4,5,2030,wind_offshore,0.0
4,6,2030,wind_offshore,0.0
4,7,2030,wind_offshore,0.0
4,8,2030,wind_offshore,0.0
4,9,2030,wind_offshore,0.0
4,10,2030,wind_offshore,0.004798105857062698
4,11,2030,wind_offshore,0.027052485264398022
4,12,2030,wind_offshore,0.09473407055924331
4,13,2030,wind_offshore,0.2112080644230094
4,14,2030,wind_offshore,0.39915149479659945
4,15,2030,wind_offshore,0.6580872899715651
4,16,2030,wind_offshore,0.8812957549703306
4,17,2030,wind_offshore,0.9870554336776829
4,18,2030,wind_offshore,1.0328919269074524
4,19,2030,wind_offshore,1.0358476352104005
4,20,2030,wind_offshore,1.0197443599926463
4,21,2030,wind_offshore,1.0596577149499702
4,22,2030,wind_offshore,1.027856740626684
4,23,2030,wind_offshore,1.0414557723962126
4,24,2030,wind_offshore,0.9453713233446434
4,1,2030,wind_onshore,0.10267661859756859
4,2,2030,wind_onshore,0.10059659359045606
4,3,2030,wind_onshore,0.09878179062154385
4,4,2030,wind_onshore,0.10270823138978707
4,5,2030,wind_onshore,0.10581560945724
4,6,2030,wind_onshore,0.1224865033412897
4,7,2030,wind_onshore,0.1354767708733528
4,8,2030,wind_onshore,0.1537395448452487
4,9,2030,wind_onshore,0.14574007810258102
4,10,2030,wind_onshore,0.135127939199012
4,11,2030,wind_onshore,0.1271635340794261
4,12,2030,wind_onshore,0.17678067099594827
4,13,2030,wind_onshore,0.2578384902805291
4,14,2030,wind_onshore,0.33314712422125764
4,15,2030,wind_onshore,0.37510012625042666
4,16,2030,wind_onshore,0.36226619593923315
4,17,2030,wind_onshore,0.30742843839029754
4,18,2030,wind_onshore,0.2244836079640117
4,19,2030,wind_onshore,0.20725834729493214
4,20,2030,wind_onshore,0.2059104171766859
4,21,2030,wind_onshore,0.21318237164769777
4,22,2030,wind_onshore,0.21684566189498644
4,23,2030,wind_onshore,0.27640276010246734
4,24,2030,wind_onshore,0.2620114230275371
5,1,2030,demand,0.47889308952125864
5,2,2030,demand,0.47159087652197296
5,3,2030,demand,0.463536007971967
5,4,2030,demand,0.45198965070036723
5,5,2030,demand,0.4460005428419732
5,6,2030,demand,0.44739716376685484
5,7,2030,demand,0.4606780541849124
5,8,2030,demand,0.48522524581181586
5,9,2030,demand,0.5070447370742378
5,10,2030,demand,0.5225402705453887
5,11,2030,demand,0.5319448579983047
5,12,2030,demand,0.5295985944088146
5,13,2030,demand,0.5228744507573606
5,14,2030,demand,0.5230744873996991
5,15,2030,demand,0.511482149081689
5,16,2030,demand,0.4942335670551372
5,17,2030,demand,0.49695676683398343
5,18,2030,demand,0.5125085205305445
5,19,2030,demand,0.5225541326672111
5,20,2030,demand,0.5375396318578328
5,21,2030,demand,0.5490246958332894
5,22,2030,demand,0.5210831259725724
5,23,2030,demand,0.48474556381540385
5,24,2030,demand,0.4815986033611067
5,1,2030,solar,0.0
5,2,2030,solar,0.0
5,3,2030,solar,0.0
5,4,2030,solar,0.0
5,5,2030,solar,0.0
5,6,2030,solar,0.0
5,7,2030,solar,0.024894120992258923
5,8,2030,solar,0.21912269163260842
5,9,2030,solar,0.49103183747569074
5,10,2030,solar,0.7267442989322589
5,11,2030,solar,0.8709971212132753
5,12,2030,solar,0.9345768068295883
5,13,2030,solar,0.9665027646005897
5,14,2030,solar,0.9593096011659765
5,15,2030,solar,0.8427267432525614
5,16,2030,solar,0.6948396408012149
5,17,2030,solar,0.5073271585630192
5,18,2030,solar,0.27955500013819445
5,19,2030,solar,0.07435683558213828
5,20,2030,solar,0.0002649683129999081
5,21,2030,solar,0.0
5,22,2030,solar,0.0
5,23,2030,solar,0.0
5,24,2030,solar,0.0
5,1,2030,wind_offshore,0.01608780547601907
5,2,2030,wind_offshore,0.026548902630539918
5,3,2030,wind_offshore,0.05522975569886255
5,4,2030,wind_offshore,0.06554921905180962
5,5,2030,wind_offshore,0.058757364914798764
5,6,2030,wind_offshore,0.0668877421256896
5,7,2030,wind_offshore,0.0553271996520428
5,8,2030,wind_offshore,0.022361288471672056
5,9,2030,wind_offshore,0.016667030299652386
5,10,2030,wind_offshore,0.021601332123999333
5,11,2030,wind_offshore,0.009595571886357216
5,12,2030,wind_offshore,0.008885687046889522
5,13,2030,wind_offshore,0.0059715990502033
5,14,2030,wind_offshore,0.003647150852887483
5,15,2030,wind_offshore,0.004227066592023845
5,16,2030,wind_offshore,0.0033989982150470785
5,17,2030,wind_offshore,0.0018920961967363722
5,18,2030,wind_offshore,0.00036955844636462525
5,19,2030,wind_offshore,0.0
5,20,2030,wind_offshore,0.0
5,21,2030,wind_offshore,6.38718819391724e-5
5,22,2030,wind_offshore,0.0012664247134253014
5,23,2030,wind_offshore,0.0011818438517821807
5,24,2030,wind_offshore,0.003061024732152815
5,1,2030,wind_onshore,0.08120416263683333
5,2,2030,wind_onshore,0.07138447063284029
5,3,2030,wind_onshore,0.05684198498140791
5,4,2030,wind_onshore,0.04784771620202346
5,5,2030,wind_onshore,0.042920238386524194
5,6,2030,wind_onshore,0.04103276543370212
5,7,2030,wind_onshore,0.04062683850553851
5,8,2030,wind_onshore,0.037721776194270654
5,9,2030,wind_onshore,0.03054449691695079
5,10,2030,wind_onshore,0.034671383777548144
5,11,2030,wind_onshore,0.028149133534812045
5,12,2030,wind_onshore,0.032669444597627564
5,13,2030,wind_onshore,0.040792900439110505
5,14,2030,wind_onshore,0.053873500534340514
5,15,2030,wind_onshore,0.06804241789273476
5,16,2030,wind_onshore,0.08542362757459313
5,17,2030,wind_onshore,0.10572430422940951
5,18,2030,wind_onshore,0.13720069678861288
5,19,2030,wind_onshore,0.15031613822619033
5,20,2030,wind_onshore,0.16785014476962498
5,21,2030,wind_onshore,0.17882120574623955
5,22,2030,wind_onshore,0.1803106316705211
5,23,2030,wind_onshore,0.15635788114874644
5,24,2030,wind_onshore,0.16192476699467773
6,1,2030,demand,0.5139782402979656
6,2,2030,demand,0.502169239529967
6,3,2030,demand,0.4886713162859299
6,4,2030,demand,0.47944954159332853
6,5,2030,demand,0.4872797502124647
6,6,2030,demand,0.514440001296361
6,7,2030,demand,0.5664822612937991
6,8,2030,demand,0.6127447863982589
6,9,2030,demand,0.6426400358803955
6,10,2030,demand,0.6608966485342809
6,11,2030,demand,0.6806548135497906
6,12,2030,demand,0.6720843196898988
6,13,2030,demand,0.6621118897634545
6,14,2030,demand,0.6344628667726082
6,15,2030,demand,0.6261417647566847
6,16,2030,demand,0.6192998652203168
6,17,2030,demand,0.6185906184437827
6,18,2030,demand,0.6343140892787903
6,19,2030,demand,0.6599282764311116
6,20,2030,demand,0.6815718587312474
6,21,2030,demand,0.667199489640184
6,22,2030,demand,0.6199450013409026
6,23,2030,demand,0.5659314158503903
6,24,2030,demand,0.5507553702153306
6,1,2030,solar,0.0
6,2,2030,solar,0.0
6,3,2030,solar,0.0
6,4,2030,solar,0.0
6,5,2030,solar,0.0
6,6,2030,solar,0.0
6,7,2030,solar,0.0
6,8,2030,solar,0.0
6,9,2030,solar,0.03740865213852337
6,10,2030,solar,0.12146590920778019
6,11,2030,solar,0.20097267943441915
6,12,2030,solar,0.26703786822541514
6,13,2030,solar,0.29351633170809727
6,14,2030,solar,0.2783709457748734
6,15,2030,solar,0.25822179823215397
6,16,2030,solar,0.2155262089212887
6,17,2030,solar,0.1389748597821576
6,18,2030,solar,0.04069824696779387
6,19,2030,solar,0.0
6,20,2030,solar,0.0
6,21,2030,solar,0.0
6,22,2030,solar,0.0
6,23,2030,solar,0.0
6,24,2030,solar,0.0
6,1,2030,wind_offshore,1.1578229706346466
6,2,2030,wind_offshore,0.987987229107655
6,3,2030,wind_offshore,0.6143537706310823
6,4,2030,wind_offshore,0.2689882255216248
6,5,2030,wind_offshore,0.12271213795347886
6,6,2030,wind_offshore,0.07370508429990104
6,7,2030,wind_offshore,0.12788591547207892
6,8,2030,wind_offshore,0.16104968290724248
6,9,2030,wind_offshore,0.08295201228248779
6,10,2030,wind_offshore,0.015330610152199262
6,11,2030,wind_offshore,0.007016312614337201
6,12,2030,wind_offshore,0.00015858202920766455
6,13,2030,wind_offshore,0.0
6,14,2030,wind_offshore,0.0
6,15,2030,wind_offshore,0.0
6,16,2030,wind_offshore,0.0011434777508301554
6,17,2030,wind_offshore,0.00034054293860259126
6,18,2030,wind_offshore,0.005459745475051779
6,19,2030,wind_offshore,0.016002745510620173
6,20,2030,wind_offshore,0.03646956772493413
6,21,2030,wind_offshore,0.04241691501494026
6,22,2030,wind_offshore,0.09520424754646034
6,23,2030,wind_offshore,0.2277075420525973
6,24,2030,wind_offshore,0.3107731024034524
6,1,2030,wind_onshore,0.808757763218306
6,2,2030,wind_onshore,0.7992261194056587
6,3,2030,wind_onshore,0.7733444653226023
6,4,2030,wind_onshore,0.7358334142381806
6,5,2030,wind_onshore,0.7041807724787257
6,6,2030,wind_onshore,0.6568997606413668
6,7,2030,wind_onshore,0.5830506374600702
6,8,2030,wind_onshore,0.5291171503156407
6,9,2030,wind_onshore,0.4956676899678633
6,10,2030,wind_onshore,0.49258443828001586
6,11,2030,wind_onshore,0.4714045033374393
6,12,2030,wind_onshore,0.5099911285540516
6,13,2030,wind_onshore,0.5394224375240606
6,14,2030,wind_onshore,0.4987147239654722
6,15,2030,wind_onshore,0.46757023438420603
6,16,2030,wind_onshore,0.43884630130333924
6,17,2030,wind_onshore,0.41374851384654293
6,18,2030,wind_onshore,0.37300524289121884
6,19,2030,wind_onshore,0.3559788454194708
6,20,2030,wind_onshore,0.350172581070846
6,21,2030,wind_onshore,0.3286924607604759
6,22,2030,wind_onshore,0.29600213112178897
6,23,2030,wind_onshore,0.27684859372486803
6,24,2030,wind_onshore,0.26515146447901033
7,1,2030,demand,0.4582391174812751
7,2,2030,demand,0.4483202703902694
7,3,2030,demand,0.44583322282616167
7,4,2030,demand,0.4483339033862133
7,5,2030,demand,0.4722224114178469
7,6,2030,demand,0.5091120655849404
7,7,2030,demand,0.5426913571368674
7,8,2030,demand,0.5656045716539349
7,9,2030,demand,0.5847973652146844
7,10,2030,demand,0.5994575771232346
7,11,2030,demand,0.6009084089682715
7,12,2030,demand,0.6122677579632115
7,13,2030,demand,0.6122337511226399
7,14,2030,demand,0.5996214000127641
7,15,2030,demand,0.5905118158569799
7,16,2030,demand,0.5908728325663124
7,17,2030,demand,0.5917326357168828
7,18,2030,demand,0.5919595082957352
7,19,2030,demand,0.6050301505206632
7,20,2030,demand,0.6201673271999664
7,21,2030,demand,0.5965688106132705
7,22,2030,demand,0.5456457754017705
7,23,2030,demand,0.5088466639843763
7,24,2030,demand,0.5028780610540978
7,1,2030,solar,0.0
7,2,2030,solar,0.0
7,3,2030,solar,0.0
7,4,2030,solar,0.0
7,5,2030,solar,0.0
7,6,2030,solar,0.0
7,7,2030,solar,0.0
7,8,2030,solar,0.09029082241095682
7,9,2030,solar,0.33444876466697543
7,10,2030,solar,0.6015833642519643
7,11,2030,solar,0.781454633360513
7,12,2030,solar,0.8992912493717732
7,13,2030,solar,0.9365851641169685
7,14,2030,solar,0.8873687094404931
7,15,2030,solar,0.7523192576506588
7,16,2030,solar,0.5865957124215693
7,17,2030,solar,0.3272228564464729
7,18,2030,solar,0.08240865875721723
7,19,2030,solar,0.0
7,20,2030,solar,0.0
7,21,2030,solar,0.0
7,22,2030,solar,0.0
7,23,2030,solar,0.0
7,24,2030,solar,0.0
7,1,2030,wind_offshore,1.2078339916159155
7,2,2030,wind_offshore,1.2278391763202914
7,3,2030,wind_offshore,1.2242399007213984
7,4,2030,wind_offshore,1.2113757055045042
7,5,2030,wind_offshore,1.2140756686986893
7,6,2030,wind_offshore,1.2095241678422846
7,7,2030,wind_offshore,1.2131436703971819
7,8,2030,wind_offshore,1.183729996138156
7,9,2030,wind_offshore,1.1724073004294018
7,10,2030,wind_offshore,1.0874149458622477
7,11,2030,wind_offshore,0.847821842700518
7,12,2030,wind_offshore,0.5915126201730527
7,13,2030,wind_offshore,0.36188465909908313
7,14,2030,wind_offshore,0.21089145908576887
7,15,2030,wind_offshore,0.09680721609555175
7,16,2030,wind_offshore,0.02675240718727352
7,17,2030,wind_offshore,0.002836297647646886
7,18,2030,wind_offshore,0.0
7,19,2030,wind_offshore,0.00015932548014924522
7,20,2030,wind_offshore,0.006398665762162487
7,21,2030,wind_offshore,0.03885298926532558
7,22,2030,wind_offshore,0.09185917757965215
7,23,2030,wind_offshore,0.04353248938944088
7,24,2030,wind_offshore,0.060216628575009215
7,1,2030,wind_onshore,0.21743083911493244
7,2,2030,wind_onshore,0.205564481967394
7,3,2030,wind_onshore,0.1931755290058816
7,4,2030,wind_onshore,0.17676718579133166
7,5,2030,wind_onshore,0.1598295637879148
7,6,2030,wind_onshore,0.14517291953179678
7,7,2030,wind_onshore,0.13540653824032148
7,8,2030,wind_onshore,0.12892654399672696
7,9,2030,wind_onshore,0.11828491157820073
7,10,2030,wind_onshore,0.09428376829844073
7,11,2030,wind_onshore,0.07944673864591154
7,12,2030,wind_onshore,0.08034379361779034
7,13,2030,wind_onshore,0.08390215678916675
7,14,2030,wind_onshore,0.0911925063499682
7,15,2030,wind_onshore,0.09729330851209088
7,16,2030,wind_onshore,0.10476200822311521
7,17,2030,wind_onshore,0.11418515855279211
7,18,2030,wind_onshore,0.1316867034177436
7,19,2030,wind_onshore,0.15751864971553908
7,20,2030,wind_onshore,0.17137940700770865
7,21,2030,wind_onshore,0.1632339157557466
7,22,2030,wind_onshore,0.16236779771823678
7,23,2030,wind_onshore,0.13953019311777126
7,24,2030,wind_onshore,0.14120197085755942
8,1,2030,demand,0.5221841738978285
8,2,2030,demand,0.5118062557726393
8,3,2030,demand,0.5030721595548588
8,4,2030,demand,0.48506852591765653
8,5,2030,demand,0.4864291218647726
8,6,2030,demand,0.5109655845516771
8,7,2030,demand,0.5573293964636912
8,8,2030,demand,0.6037993249798422
8,9,2030,demand,0.6310044376827313
8,10,2030,demand,0.6506505353559696
8,11,2030,demand,0.645592966530713
8,12,2030,demand,0.6483871819038773
8,13,2030,demand,0.638003851048757
8,14,2030,demand,0.649387165172689
8,15,2030,demand,0.6449899431535471
8,16,2030,demand,0.6475319585129548
8,17,2030,demand,0.6453671785224531
8,18,2030,demand,0.6525467280234035
8,19,2030,demand,0.6805328054996721
8,20,2030,demand,0.698863075022513
8,21,2030,demand,0.6971828551834387
8,22,2030,demand,0.6525211423723742
8,23,2030,demand,0.5980602570740358
8,24,2030,demand,0.5665555576401595
8,1,2030,solar,0.0
8,2,2030,solar,0.0
8,3,2030,solar,0.0
8,4,2030,solar,0.0
8,5,2030,solar,0.0
8,6,2030,solar,0.0
8,7,2030,solar,0.0
8,8,2030,solar,0.0
8,9,2030,solar,0.17402678032042884
8,10,2030,solar,0.3982293117680418
8,11,2030,solar,0.5644379867403364
8,12,2030,solar,0.6502059095385826
8,13,2030,solar,0.6342080989501298
8,14,2030,solar,0.5707992294309062
8,15,2030,solar,0.44173099476565364
8,16,2030,solar,0.2959901772125215
8,17,2030,solar,0.13274337047931706
8,18,2030,solar,0.0
8,19,2030,solar,0.0
8,20,2030,solar,0.0
8,21,2030,solar,0.0
8,22,2030,solar,0.0
8,23,2030,solar,0.0
8,24,2030,solar,0.0
8,1,2030,wind_offshore,0.00024275030490542056
8,2,2030,wind_offshore,0.0
8,3,2030,wind_offshore,0.0
8,4,2030,wind_offshore,0.0
8,5,2030,wind_offshore,0.0
8,6,2030,wind_offshore,0.0
8,7,2030,wind_offshore,0.0
8,8,2030,wind_offshore,0.0
8,9,2030,wind_offshore,0.0
8,10,2030,wind_offshore,0.00031844166014912334
8,11,2030,wind_offshore,0.0025659930693892508
8,12,2030,wind_offshore,0.012255554682898817
8,13,2030,wind_offshore,0.033509219809348297
8,14,2030,wind_offshore,0.05093189821103089
8,15,2030,wind_offshore,0.08656351939858473
8,16,2030,wind_offshore,0.12513162913130976
8,17,2030,wind_offshore,0.1770547744526806
8,18,2030,wind_offshore,0.23122284369545926
8,19,2030,wind_offshore,0.31605978323600276
8,20,2030,wind_offshore,0.46160909082674717
8,21,2030,wind_offshore,0.6756548487015304
8,22,2030,wind_offshore,0.8773565208789662
8,23,2030,wind_offshore,1.0275331946934736
8,24,2030,wind_offshore,1.1735296900521952
8,1,2030,wind_onshore,0.5313749442216064
8,2,2030,wind_onshore,0.5114671231438846
8,3,2030,wind_onshore,0.4776968009195903
8,4,2030,wind_onshore,0.45658841761573393
8,5,2030,wind_onshore,0.42703547022157157
8,6,2030,wind_onshore,0.40294611978742695
8,7,2030,wind_onshore,0.3699907283337037
8,8,2030,wind_onshore,0.32681461714773163
8,9,2030,wind_onshore,0.29369082052142714
8,10,2030,wind_onshore,0.28131590447906185
8,11,2030,wind_onshore,0.30288655928217895
8,12,2030,wind_onshore,0.2535618798684455
8,13,2030,wind_onshore,0.20141535159426627
8,14,2030,wind_onshore,0.1627554950590244
8,15,2030,wind_onshore,0.12580953141714543
8,16,2030,wind_onshore,0.10577807868232315
8,17,2030,wind_onshore,0.08058011338097311
8,18,2030,wind_onshore,0.07302756468569513
8,19,2030,wind_onshore,0.06983626395028322
8,20,2030,wind_onshore,0.06761361886698089
8,21,2030,wind_onshore,0.06783427832862857
8,22,2030,wind_onshore,0.07025420882975338
8,23,2030,wind_onshore,0.0977951659417246
8,24,2030,wind_onshore,0.11333058987864407
