scenario,year,period,rep_period,weight
2,2030,1,3,1.0
2,2030,2,7,1.0
2,2030,3,3,1.0
2,2030,4,4,1.0
2,2030,5,3,1.0
2,2030,6,6,1.0
2,2030,7,5,1.0
2,2030,8,2,1.0
2,2030,9,4,1.0
2,2030,10,2,1.0
2,2030,11,8,1.0
2,2030,12,10,1.0
2,2030,13,8,1.0
2,2030,14,6,1.0
2,2030,15,3,1.0
2,2030,16,2,1.0
2,2030,17,10,1.0
2,2030,18,3,1.0
2,2030,19,4,1.0
2,2030,20,3,1.0
2,2030,21,2,1.0
2,2030,22,2,1.0
2,2030,23,1,1.0
2,2030,24,6,1.0
2,2030,25,2,1.0
2,2030,26,8,1.0
2,2030,27,8,1.0
2,2030,28,8,1.0
2,2030,29,5,1.0
2,2030,30,7,1.0
2,2030,31,5,1.0
2,2030,32,3,1.0
2,2030,33,4,1.0
2,2030,34,10,1.0
2,2030,35,8,1.0
2,2030,36,8,1.0
2,2030,37,8,1.0
2,2030,38,8,1.0
2,2030,39,5,1.0
2,2030,40,7,1.0
2,2030,41,8,1.0
2,2030,42,5,1.0
2,2030,43,2,1.0
2,2030,44,3,1.0
2,2030,45,5,1.0
2,2030,46,3,1.0
2,2030,47,3,1.0
2,2030,48,10,1.0
2,2030,49,10,1.0
2,2030,50,6,1.0
2,2030,51,3,1.0
2,2030,52,3,1.0
2,2030,53,3,1.0
2,2030,54,3,1.0
2,2030,55,6,1.0
2,2030,56,3,1.0
2,2030,57,2,1.0
2,2030,58,4,1.0
2,2030,59,2,1.0
2,2030,60,3,1.0
2,2030,61,3,1.0
2,2030,62,3,1.0
2,2030,63,2,1.0
2,2030,64,3,1.0
2,2030,65,3,1.0
2,2030,66,3,1.0
2,2030,67,3,1.0
2,2030,68,3,1.0
2,2030,69,2,1.0
2,2030,70,6,1.0
2,2030,71,3,1.0
2,2030,72,5,1.0
2,2030,73,10,1.0
2,2030,74,7,1.0
2,2030,75,9,1.0
2,2030,76,9,1.0
2,2030,77,1,1.0
2,2030,78,7,1.0
2,2030,79,8,1.0
2,2030,80,8,1.0
2,2030,81,10,1.0
2,2030,82,10,1.0
2,2030,83,3,1.0
2,2030,84,3,1.0
2,2030,85,2,1.0
2,2030,86,7,1.0
2,2030,87,8,1.0
2,2030,88,1,1.0
2,2030,89,8,1.0
2,2030,90,8,1.0
2,2030,91,6,1.0
2,2030,92,10,1.0
2,2030,93,6,1.0
2,2030,94,7,1.0
2,2030,95,7,1.0
2,2030,96,8,1.0
2,2030,97,5,1.0
2,2030,98,6,1.0
2,2030,99,10,1.0
2,2030,100,2,1.0
2,2030,101,5,1.0
2,2030,102,3,1.0
2,2030,103,5,1.0
2,2030,104,10,1.0
2,2030,105,2,1.0
2,2030,106,9,1.0
2,2030,107,6,1.0
2,2030,108,3,1.0
2,2030,109,10,1.0
2,2030,110,1,1.0
2,2030,111,10,1.0
2,2030,112,9,1.0
2,2030,113,9,1.0
2,2030,114,9,1.0
2,2030,115,6,1.0
2,2030,116,9,1.0
2,2030,117,9,1.0
2,2030,118,9,1.0
2,2030,119,9,1.0
2,2030,120,8,1.0
2,2030,121,8,1.0
2,2030,122,9,1.0
2,2030,123,9,1.0
2,2030,124,9,1.0
2,2030,125,10,1.0
2,2030,126,3,1.0
2,2030,127,7,1.0
2,2030,128,9,1.0
2,2030,129,9,1.0
2,2030,130,9,1.0
2,2030,131,5,1.0
2,2030,132,2,1.0
2,2030,133,1,1.0
2,2030,134,6,1.0
2,2030,135,2,1.0
2,2030,136,1,1.0
2,2030,137,10,1.0
2,2030,138,7,1.0
2,2030,139,8,1.0
2,2030,140,8,1.0
2,2030,141,8,1.0
2,2030,142,10,1.0
2,2030,143,2,1.0
2,2030,144,6,1.0
2,2030,145,2,1.0
2,2030,146,3,1.0
2,2030,147,10,1.0
2,2030,148,7,1.0
2,2030,149,1,1.0
2,2030,150,3,1.0
2,2030,151,2,1.0
2,2030,152,9,1.0
2,2030,153,7,1.0
2,2030,154,10,1.0
2,2030,155,1,1.0
2,2030,156,7,1.0
2,2030,157,9,1.0
2,2030,158,8,1.0
2,2030,159,5,1.0
2,2030,160,6,1.0
2,2030,161,3,1.0
2,2030,162,10,1.0
2,2030,163,7,1.0
2,2030,164,1,1.0
2,2030,165,2,1.0
2,2030,166,10,1.0
2,2030,167,10,1.0
2,2030,168,9,1.0
2,2030,169,9,1.0
2,2030,170,9,1.0
2,2030,171,9,1.0
2,2030,172,9,1.0
2,2030,173,9,1.0
2,2030,174,9,1.0
2,2030,175,9,1.0
2,2030,176,6,1.0
2,2030,177,7,1.0
2,2030,178,1,1.0
2,2030,179,9,1.0
2,2030,180,8,1.0
2,2030,181,6,1.0
2,2030,182,2,1.0
2,2030,183,6,1.0
2,2030,184,2,1.0
2,2030,185,7,1.0
2,2030,186,8,1.0
2,2030,187,9,1.0
2,2030,188,9,1.0
2,2030,189,9,1.0
2,2030,190,9,1.0
2,2030,191,8,1.0
2,2030,192,9,1.0
2,2030,193,9,1.0
2,2030,194,8,1.0
2,2030,195,8,1.0
2,2030,196,9,1.0
2,2030,197,1,1.0
2,2030,198,8,1.0
2,2030,199,8,1.0
2,2030,200,1,1.0
2,2030,201,10,1.0
2,2030,202,7,1.0
2,2030,203,9,1.0
2,2030,204,9,1.0
2,2030,205,9,1.0
2,2030,206,8,1.0
2,2030,207,8,1.0
2,2030,208,9,1.0
2,2030,209,9,1.0
2,2030,210,9,1.0
2,2030,211,9,1.0
2,2030,212,2,1.0
2,2030,213,9,1.0
2,2030,214,1,1.0
2,2030,215,6,1.0
2,2030,216,2,1.0
2,2030,217,9,1.0
2,2030,218,8,1.0
2,2030,219,7,1.0
2,2030,220,5,1.0
2,2030,221,2,1.0
2,2030,222,1,1.0
2,2030,223,10,1.0
2,2030,224,1,1.0
2,2030,225,9,1.0
2,2030,226,1,1.0
2,2030,227,2,1.0
2,2030,228,9,1.0
2,2030,229,1,1.0
2,2030,230,7,1.0
2,2030,231,9,1.0
2,2030,232,9,1.0
2,2030,233,1,1.0
2,2030,234,7,1.0
2,2030,235,10,1.0
2,2030,236,5,1.0
2,2030,237,7,1.0
2,2030,238,1,1.0
2,2030,239,10,1.0
2,2030,240,10,1.0
2,2030,241,10,1.0
2,2030,242,1,1.0
2,2030,243,1,1.0
2,2030,244,1,1.0
2,2030,245,1,1.0
2,2030,246,1,1.0
2,2030,247,10,1.0
2,2030,248,10,1.0
2,2030,249,10,1.0
2,2030,250,1,1.0
2,2030,251,9,1.0
2,2030,252,1,1.0
2,2030,253,2,1.0
2,2030,254,1,1.0
2,2030,255,6,1.0
2,2030,256,3,1.0
2,2030,257,3,1.0
2,2030,258,7,1.0
2,2030,259,8,1.0
2,2030,260,5,1.0
2,2030,261,3,1.0
2,2030,262,2,1.0
2,2030,263,6,1.0
2,2030,264,10,1.0
2,2030,265,1,1.0
2,2030,266,8,1.0
2,2030,267,5,1.0
2,2030,268,4,1.0
2,2030,269,10,1.0
2,2030,270,8,1.0
2,2030,271,3,1.0
2,2030,272,7,1.0
2,2030,273,8,1.0
2,2030,274,8,1.0
2,2030,275,8,1.0
2,2030,276,7,1.0
2,2030,277,1,1.0
2,2030,278,5,1.0
2,2030,279,3,1.0
2,2030,280,9,1.0
2,2030,281,9,1.0
2,2030,282,6,1.0
2,2030,283,10,1.0
2,2030,284,10,1.0
2,2030,285,3,1.0
2,2030,286,3,1.0
2,2030,287,7,1.0
2,2030,288,6,1.0
2,2030,289,3,1.0
2,2030,290,6,1.0
2,2030,291,4,1.0
2,2030,292,3,1.0
2,2030,293,6,1.0
2,2030,294,3,1.0
2,2030,295,3,1.0
2,2030,296,6,1.0
2,2030,297,2,1.0
2,2030,298,8,1.0
2,2030,299,5,1.0
2,2030,300,7,1.0
2,2030,301,8,1.0
2,2030,302,8,1.0
2,2030,303,5,1.0
2,2030,304,3,1.0
2,2030,305,3,1.0
2,2030,306,7,1.0
2,2030,307,2,1.0
2,2030,308,5,1.0
2,2030,309,8,1.0
2,2030,310,8,1.0
2,2030,311,5,1.0
2,2030,312,5,1.0
2,2030,313,7,1.0
2,2030,314,4,1.0
2,2030,315,3,1.0
2,2030,316,7,1.0
2,2030,317,5,1.0
2,2030,318,6,1.0
2,2030,319,3,1.0
2,2030,320,3,1.0
2,2030,321,3,1.0
2,2030,322,7,1.0
2,2030,323,6,1.0
2,2030,324,7,1.0
2,2030,325,8,1.0
2,2030,326,8,1.0
2,2030,327,8,1.0
2,2030,328,8,1.0
2,2030,329,8,1.0
2,2030,330,8,1.0
2,2030,331,8,1.0
2,2030,332,8,1.0
2,2030,333,6,1.0
2,2030,334,3,1.0
2,2030,335,1,1.0
2,2030,336,5,1.0
2,2030,337,7,1.0
2,2030,338,5,1.0
2,2030,339,7,1.0
2,2030,340,8,1.0
2,2030,341,6,1.0
2,2030,342,4,1.0
2,2030,343,4,1.0
2,2030,344,3,1.0
2,2030,345,7,1.0
2,2030,346,3,1.0
2,2030,347,2,1.0
2,2030,348,3,1.0
2,2030,349,4,1.0
2,2030,350,2,1.0
2,2030,351,5,1.0
2,2030,352,7,1.0
2,2030,353,5,1.0
2,2030,354,4,1.0
2,2030,355,3,1.0
2,2030,356,2,1.0
2,2030,357,10,1.0
2,2030,358,4,1.0
2,2030,359,4,1.0
2,2030,360,3,1.0
2,2030,361,2,1.0
2,2030,362,8,1.0
2,2030,363,8,1.0
2,2030,364,1,1.0
2,2030,365,8,1.0
1,2030,1,20,1.0
1,2030,2,12,1.0
1,2030,3,15,1.0
1,2030,4,18,1.0
1,2030,5,20,1.0
1,2030,6,11,1.0
1,2030,7,11,1.0
1,2030,8,14,1.0
1,2030,9,13,1.0
1,2030,10,20,1.0
1,2030,11,11,1.0
1,2030,12,11,1.0
1,2030,13,14,1.0
1,2030,14,15,1.0
1,2030,15,20,1.0
1,2030,16,14,1.0
1,2030,17,17,1.0
1,2030,18,20,1.0
1,2030,19,11,1.0
1,2030,20,14,1.0
1,2030,21,12,1.0
1,2030,22,17,1.0
1,2030,23,11,1.0
1,2030,24,14,1.0
1,2030,25,15,1.0
1,2030,26,12,1.0
1,2030,27,15,1.0
1,2030,28,13,1.0
1,2030,29,13,1.0
1,2030,30,12,1.0
1,2030,31,15,1.0
1,2030,32,15,1.0
1,2030,33,13,1.0
1,2030,34,14,1.0
1,2030,35,12,1.0
1,2030,36,12,1.0
1,2030,37,13,1.0
1,2030,38,20,1.0
1,2030,39,14,1.0
1,2030,40,13,1.0
1,2030,41,20,1.0
1,2030,42,12,1.0
1,2030,43,12,1.0
1,2030,44,15,1.0
1,2030,45,12,1.0
1,2030,46,12,1.0
1,2030,47,15,1.0
1,2030,48,13,1.0
1,2030,49,11,1.0
1,2030,50,12,1.0
1,2030,51,16,1.0
1,2030,52,17,1.0
1,2030,53,18,1.0
1,2030,54,12,1.0
1,2030,55,17,1.0
1,2030,56,11,1.0
1,2030,57,11,1.0
1,2030,58,19,1.0
1,2030,59,19,1.0
1,2030,60,19,1.0
1,2030,61,14,1.0
1,2030,62,20,1.0
1,2030,63,13,1.0
1,2030,64,14,1.0
1,2030,65,15,1.0
1,2030,66,14,1.0
1,2030,67,14,1.0
1,2030,68,13,1.0
1,2030,69,19,1.0
1,2030,70,11,1.0
1,2030,71,19,1.0
1,2030,72,20,1.0
1,2030,73,14,1.0
1,2030,74,17,1.0
1,2030,75,12,1.0
1,2030,76,12,1.0
1,2030,77,16,1.0
1,2030,78,16,1.0
1,2030,79,16,1.0
1,2030,80,12,1.0
1,2030,81,13,1.0
1,2030,82,11,1.0
1,2030,83,14,1.0
1,2030,84,16,1.0
1,2030,85,15,1.0
1,2030,86,18,1.0
1,2030,87,13,1.0
1,2030,88,12,1.0
1,2030,89,16,1.0
1,2030,90,16,1.0
1,2030,91,16,1.0
1,2030,92,16,1.0
1,2030,93,16,1.0
1,2030,94,17,1.0
1,2030,95,12,1.0
1,2030,96,15,1.0
1,2030,97,12,1.0
1,2030,98,16,1.0
1,2030,99,17,1.0
1,2030,100,18,1.0
1,2030,101,16,1.0
1,2030,102,16,1.0
1,2030,103,12,1.0
1,2030,104,16,1.0
1,2030,105,16,1.0
1,2030,106,16,1.0
1,2030,107,16,1.0
1,2030,108,15,1.0
1,2030,109,20,1.0
1,2030,110,11,1.0
1,2030,111,11,1.0
1,2030,112,11,1.0
1,2030,113,11,1.0
1,2030,114,19,1.0
1,2030,115,18,1.0
1,2030,116,18,1.0
1,2030,117,12,1.0
1,2030,118,15,1.0
1,2030,119,11,1.0
1,2030,120,19,1.0
1,2030,121,20,1.0
1,2030,122,19,1.0
1,2030,123,17,1.0
1,2030,124,11,1.0
1,2030,125,18,1.0
1,2030,126,17,1.0
1,2030,127,14,1.0
1,2030,128,15,1.0
1,2030,129,18,1.0
1,2030,130,16,1.0
1,2030,131,16,1.0
1,2030,132,15,1.0
1,2030,133,17,1.0
1,2030,134,16,1.0
1,2030,135,16,1.0
1,2030,136,16,1.0
1,2030,137,16,1.0
1,2030,138,16,1.0
1,2030,139,15,1.0
1,2030,140,11,1.0
1,2030,141,11,1.0
1,2030,142,11,1.0
1,2030,143,17,1.0
1,2030,144,11,1.0
1,2030,145,14,1.0
1,2030,146,17,1.0
1,2030,147,13,1.0
1,2030,148,14,1.0
1,2030,149,16,1.0
1,2030,150,18,1.0
1,2030,151,16,1.0
1,2030,152,16,1.0
1,2030,153,16,1.0
1,2030,154,17,1.0
1,2030,155,17,1.0
1,2030,156,17,1.0
1,2030,157,19,1.0
1,2030,158,12,1.0
1,2030,159,19,1.0
1,2030,160,18,1.0
1,2030,161,16,1.0
1,2030,162,15,1.0
1,2030,163,14,1.0
1,2030,164,20,1.0
1,2030,165,11,1.0
1,2030,166,19,1.0
1,2030,167,18,1.0
1,2030,168,16,1.0
1,2030,169,16,1.0
1,2030,170,16,1.0
1,2030,171,16,1.0
1,2030,172,16,1.0
1,2030,173,16,1.0
1,2030,174,18,1.0
1,2030,175,19,1.0
1,2030,176,11,1.0
1,2030,177,12,1.0
1,2030,178,18,1.0
1,2030,179,16,1.0
1,2030,180,18,1.0
1,2030,181,17,1.0
1,2030,182,19,1.0
1,2030,183,12,1.0
1,2030,184,18,1.0
1,2030,185,16,1.0
1,2030,186,12,1.0
1,2030,187,12,1.0
1,2030,188,15,1.0
1,2030,189,16,1.0
1,2030,190,16,1.0
1,2030,191,16,1.0
1,2030,192,16,1.0
1,2030,193,16,1.0
1,2030,194,17,1.0
1,2030,195,18,1.0
1,2030,196,16,1.0
1,2030,197,16,1.0
1,2030,198,12,1.0
1,2030,199,13,1.0
1,2030,200,12,1.0
1,2030,201,16,1.0
1,2030,202,16,1.0
1,2030,203,16,1.0
1,2030,204,16,1.0
1,2030,205,16,1.0
1,2030,206,16,1.0
1,2030,207,16,1.0
1,2030,208,17,1.0
1,2030,209,17,1.0
1,2030,210,17,1.0
1,2030,211,18,1.0
1,2030,212,12,1.0
1,2030,213,16,1.0
1,2030,214,18,1.0
1,2030,215,17,1.0
1,2030,216,19,1.0
1,2030,217,16,1.0
1,2030,218,16,1.0
1,2030,219,16,1.0
1,2030,220,16,1.0
1,2030,221,15,1.0
1,2030,222,19,1.0
1,2030,223,19,1.0
1,2030,224,18,1.0
1,2030,225,17,1.0
1,2030,226,12,1.0
1,2030,227,12,1.0
1,2030,228,18,1.0
1,2030,229,16,1.0
1,2030,230,15,1.0
1,2030,231,14,1.0
1,2030,232,13,1.0
1,2030,233,11,1.0
1,2030,234,18,1.0
1,2030,235,12,1.0
1,2030,236,16,1.0
1,2030,237,16,1.0
1,2030,238,16,1.0
1,2030,239,17,1.0
1,2030,240,12,1.0
1,2030,241,16,1.0
1,2030,242,16,1.0
1,2030,243,16,1.0
1,2030,244,20,1.0
1,2030,245,19,1.0
1,2030,246,19,1.0
1,2030,247,11,1.0
1,2030,248,11,1.0
1,2030,249,18,1.0
1,2030,250,16,1.0
1,2030,251,15,1.0
1,2030,252,19,1.0
1,2030,253,12,1.0
1,2030,254,16,1.0
1,2030,255,13,1.0
1,2030,256,11,1.0
1,2030,257,12,1.0
1,2030,258,16,1.0
1,2030,259,16,1.0
1,2030,260,16,1.0
1,2030,261,13,1.0
1,2030,262,20,1.0
1,2030,263,12,1.0
1,2030,264,15,1.0
1,2030,265,18,1.0
1,2030,266,12,1.0
1,2030,267,15,1.0
1,2030,268,18,1.0
1,2030,269,11,1.0
1,2030,270,11,1.0
1,2030,271,19,1.0
1,2030,272,19,1.0
1,2030,273,19,1.0
1,2030,274,19,1.0
1,2030,275,19,1.0
1,2030,276,19,1.0
1,2030,277,19,1.0
1,2030,278,11,1.0
1,2030,279,16,1.0
1,2030,280,19,1.0
1,2030,281,18,1.0
1,2030,282,15,1.0
1,2030,283,16,1.0
1,2030,284,16,1.0
1,2030,285,17,1.0
1,2030,286,16,1.0
1,2030,287,15,1.0
1,2030,288,19,1.0
1,2030,289,18,1.0
1,2030,290,15,1.0
1,2030,291,16,1.0
1,2030,292,15,1.0
1,2030,293,20,1.0
1,2030,294,20,1.0
1,2030,295,20,1.0
1,2030,296,11,1.0
1,2030,297,17,1.0
1,2030,298,19,1.0
1,2030,299,17,1.0
1,2030,300,20,1.0
1,2030,301,11,1.0
1,2030,302,11,1.0
1,2030,303,20,1.0
1,2030,304,11,1.0
1,2030,305,11,1.0
1,2030,306,17,1.0
1,2030,307,14,1.0
1,2030,308,11,1.0
1,2030,309,17,1.0
1,2030,310,12,1.0
1,2030,311,18,1.0
1,2030,312,12,1.0
1,2030,313,15,1.0
1,2030,314,14,1.0
1,2030,315,18,1.0
1,2030,316,15,1.0
1,2030,317,20,1.0
1,2030,318,17,1.0
1,2030,319,20,1.0
1,2030,320,12,1.0
1,2030,321,15,1.0
1,2030,322,12,1.0
1,2030,323,13,1.0
1,2030,324,14,1.0
1,2030,325,15,1.0
1,2030,326,20,1.0
1,2030,327,11,1.0
1,2030,328,11,1.0
1,2030,329,17,1.0
1,2030,330,20,1.0
1,2030,331,11,1.0
1,2030,332,11,1.0
1,2030,333,11,1.0
1,2030,334,18,1.0
1,2030,335,13,1.0
1,2030,336,14,1.0
1,2030,337,18,1.0
1,2030,338,20,1.0
1,2030,339,11,1.0
1,2030,340,11,1.0
1,2030,341,14,1.0
1,2030,342,15,1.0
1,2030,343,12,1.0
1,2030,344,17,1.0
1,2030,345,12,1.0
1,2030,346,13,1.0
1,2030,347,17,1.0
1,2030,348,11,1.0
1,2030,349,17,1.0
1,2030,350,11,1.0
1,2030,351,11,1.0
1,2030,352,14,1.0
1,2030,353,12,1.0
1,2030,354,13,1.0
1,2030,355,17,1.0
1,2030,356,11,1.0
1,2030,357,14,1.0
1,2030,358,20,1.0
1,2030,359,12,1.0
1,2030,360,20,1.0
1,2030,361,14,1.0
1,2030,362,14,1.0
1,2030,363,15,1.0
1,2030,364,12,1.0
1,2030,365,13,1.0
