year,period,rep_period,weight,scenario
2050,1,2,0.1237071452625386,0
2050,1,3,0.2850611510168468,0
2050,1,4,0.5912317037206146,0
2050,2,2,0.058181156708639895,0
2050,2,3,0.20779598870167493,0
2050,2,4,0.7340228545896852,0
2050,3,1,0.028500635448285065,0
2050,3,2,0.0865587385493112,0
2050,3,3,0.13055960351199666,0
2050,3,4,0.6509129471580677,0
2050,3,8,0.10346807533233932,0
2050,4,2,0.09493609580484749,0
2050,4,3,0.3030866832008571,0
2050,4,4,0.536692883229861,0
2050,4,8,0.06528433776443443,0
2050,5,1,0.02450171916307019,0
2050,5,2,0.0407138547194424,0
2050,5,3,0.3995836611983164,0
2050,5,4,0.34310495716041817,0
2050,5,8,0.19209580775875285,0
2050,6,2,0.03996788595542801,0
2050,6,3,0.49776694074890065,0
2050,6,4,0.2720813692427766,0
2050,6,7,0.11229813606651248,0
2050,6,8,0.07788566798638227,0
2050,7,1,0.013207493297484484,0
2050,7,2,0.14261836940710074,0
2050,7,3,0.26830430172450415,0
2050,7,4,0.5758698355709106,0
2050,8,1,0.014213458340945825,0
2050,8,2,0.062262490786727055,0
2050,8,3,0.14948946926639026,0
2050,8,4,0.7740345816059367,0
2050,9,3,0.3768160940125647,0
2050,9,4,0.6046274391994257,0
2050,9,8,0.018556466788009617,0
2050,10,3,0.4312983540386078,0
2050,10,4,0.5687016459613922,0
2050,11,2,0.0159252191368647,0
2050,11,3,0.3075772222714781,0
2050,11,4,0.6764975585916573,0
2050,12,2,0.041298812849432154,0
2050,12,3,0.33266896259436407,0
2050,12,4,0.6260322245562039,0
2050,13,2,0.09787164989557402,0
2050,13,3,0.21881715127320062,0
2050,13,4,0.6833111988312254,0
2050,14,2,0.07565292082190629,0
2050,14,3,0.14495028069840327,0
2050,14,4,0.733143644753097,0
2050,14,8,0.046253153726593554,0
2050,15,2,0.023909894073232924,0
2050,15,3,0.16298074166397852,0
2050,15,4,0.7006633164941064,0
2050,15,7,0.11244604776868215,0
2050,16,2,0.11201794765416137,0
2050,16,3,0.27392394036672046,0
2050,16,4,0.6019927221755587,0
2050,16,7,0.0120653898035595,0
2050,17,2,0.09508712907490598,0
2050,17,3,0.3614629191607969,0
2050,17,4,0.46533089481534745,0
2050,17,8,0.07811905694894976,0
2050,18,3,0.14707507849741308,0
2050,18,4,0.3848941754805454,0
2050,18,5,0.1477310804007687,0
2050,18,6,0.08896905303564007,0
2050,18,7,0.14102077528520235,0
2050,18,8,0.09030983730043046,0
2050,19,3,0.289271862583761,0
2050,19,4,0.029792411296748218,0
2050,19,5,0.4383011699528316,0
2050,19,7,0.2426345561666592,0
2050,20,2,0.052061205316773815,0
2050,20,3,0.17243202056832113,0
2050,20,4,0.2399183157010642,0
2050,20,5,0.3189387184971592,0
2050,20,6,0.15760651322105979,0
2050,20,7,0.05904322669562187,0
2050,21,2,0.017625380669914772,0
2050,21,3,0.1444402117528621,0
2050,21,4,0.26593802936417765,0
2050,21,6,0.19254202209487142,0
2050,21,7,0.2959231091135847,0
2050,21,8,0.08353124700458932,0
2050,22,1,0.031006466043926137,0
2050,22,3,0.3643937861803406,0
2050,22,5,0.15078984337356807,0
2050,22,6,0.10443120359017381,0
2050,22,7,0.23437712863155674,0
2050,22,8,0.11500157218043464,0
2050,23,3,1.0,0
2050,24,3,0.5358414703954557,0
2050,24,4,0.4027455834851439,0
2050,24,7,0.06141294611940046,0
2050,25,3,0.5442489071106996,0
2050,25,4,0.19790635374128115,0
2050,25,7,0.0758067677428689,0
2050,25,8,0.18203797140515043,0
2050,26,3,0.3314066469604583,0
2050,26,4,0.48181449957268335,0
2050,26,7,0.18677885346685852,0
2050,27,2,0.031886853482891206,0
2050,27,3,0.21042544294032078,0
2050,27,4,0.41514908180700455,0
2050,27,7,0.2528863623216573,0
2050,27,8,0.0896522594481262,0
2050,28,2,0.06081967106590115,0
2050,28,3,0.3102442467631492,0
2050,28,4,0.5892114333680117,0
2050,28,7,0.03972464880293794,0
2050,29,2,0.08420490147945135,0
2050,29,3,0.2382892552100317,0
2050,29,4,0.677505843310517,0
2050,30,2,0.04464969626349281,0
2050,30,3,0.60038011596669,0
2050,30,4,0.3549701877698172,0
2050,31,2,0.04819808396182218,0
2050,31,3,0.5329727474548327,0
2050,31,4,0.24324982704675796,0
2050,31,7,0.17557934153658708,0
2050,32,2,0.04958362879875611,0
2050,32,3,0.3448563623234894,0
2050,32,4,0.4498387194003042,0
2050,32,7,0.1557212894774504,0
2050,33,2,0.021444171731861562,0
2050,33,3,0.18095842211195698,0
2050,33,4,0.31180234502611787,0
2050,33,7,0.3936078758658224,0
2050,33,8,0.09218718526424133,0
2050,34,2,0.029959206584011563,0
2050,34,3,0.4142433228557498,0
2050,34,4,0.11300963337778783,0
2050,34,5,0.05198545390038182,0
2050,34,7,0.3267981174910127,0
2050,34,8,0.06400426579105634,0
2050,35,3,0.5125309383777426,0
2050,35,6,0.2326265718378129,0
2050,35,7,0.2548424897844446,0
2050,36,3,0.5863228805330921,0
2050,36,4,0.10146314897716241,0
2050,36,6,0.16294761297446467,0
2050,36,8,0.1492663575152807,0
2050,37,2,0.050468330270773167,0
2050,37,3,0.5076879780538937,0
2050,37,4,0.3867341556392782,0
2050,37,8,0.055109536036055076,0
2050,38,2,0.11613991447680069,0
2050,38,3,0.3341993642366701,0
2050,38,4,0.5496607212865292,0
2050,39,2,0.10210657771523471,0
2050,39,3,0.23484659059399263,0
2050,39,4,0.5867033847829812,0
2050,39,8,0.07634344690779155,0
2050,40,2,0.03379107403275891,0
2050,40,3,0.4186979926560874,0
2050,40,4,0.32684063422871534,0
2050,40,7,0.09418766147797572,0
2050,40,8,0.12648263760446257,0
2050,41,2,0.11737351542327136,0
2050,41,3,0.3885198863046771,0
2050,41,4,0.2021523429667902,0
2050,41,7,0.01263274710409841,0
2050,41,8,0.2793215082011628,0
2050,42,2,0.06358876049941303,0
2050,42,3,0.32352659154543106,0
2050,42,4,0.13041678015568778,0
2050,42,5,0.04754315679075916,0
2050,42,7,0.14098556330435894,0
2050,42,8,0.29393914770435015,0
2050,43,1,0.09513595735967093,0
2050,43,2,0.09047268001281183,0
2050,43,3,0.26691619974423725,0
2050,43,4,0.21379929629745734,0
2050,43,5,0.05367805305514783,0
2050,43,8,0.279997813530675,0
2050,44,1,0.09300872241107756,0
2050,44,3,0.3099397964991847,0
2050,44,4,0.30800933153295346,0
2050,44,5,0.036284967825524796,0
2050,44,7,0.1782760958600798,0
2050,44,8,0.07448108587117964,0
2050,45,1,0.052583553397142976,0
2050,45,3,0.21621792446604715,0
2050,45,4,0.23159315061387825,0
2050,45,6,0.07162036848824817,0
2050,45,7,0.25749076511309216,0
2050,45,8,0.1704942379215913,0
2050,46,2,0.10239779807559315,0
2050,46,3,0.20215093776316387,0
2050,46,4,0.47343928914004774,0
2050,46,7,0.18686818893146312,0
2050,46,8,0.03514378608973212,0
2050,47,2,0.13981702532996626,0
2050,47,3,0.3495538546094034,0
2050,47,4,0.396960462999105,0
2050,47,8,0.11366865706152544,0
2050,48,2,0.1596257099676966,0
2050,48,3,0.4303816950621459,0
2050,48,4,0.3547052796321019,0
2050,48,7,0.055287315338055615,0
2050,49,2,0.1864643873349298,0
2050,49,3,0.3911764597477904,0
2050,49,4,0.4223591529172798,0
2050,50,2,0.12528012898261495,0
2050,50,3,0.14623251824012803,0
2050,50,4,0.6170366707396806,0
2050,50,7,0.11145068203757653,0
2050,51,2,0.11199779621287737,0
2050,51,3,0.033480528102964105,0
2050,51,4,0.577071433019477,0
2050,51,7,0.0395981631560583,0
2050,51,8,0.23785207950862317,0
2050,52,2,0.07541654286312179,0
2050,52,3,0.3331141854319683,0
2050,52,4,0.3567692646900714,0
2050,52,8,0.23470000701483848,0
2050,53,2,0.16545874761177007,0
2050,53,3,0.48891351621486984,0
2050,53,4,0.3456277361733601,0
2050,54,2,0.07142139597913981,0
2050,54,3,0.315606894772759,0
2050,54,4,0.5652492636266515,0
2050,54,7,0.04772244562144971,0
2050,55,2,0.024257868941604473,0
2050,55,3,0.2703154592328388,0
2050,55,4,0.47403824336873585,0
2050,55,7,0.23138842845682098,0
2050,56,2,0.052429496102276055,0
2050,56,3,0.39980800114299325,0
2050,56,4,0.14502188202790914,0
2050,56,6,0.03158929439582857,0
2050,56,7,0.1472301914904281,0
2050,56,8,0.22392113484056492,0
2050,57,3,0.4518093680328361,0
2050,57,4,0.2382728657883175,0
2050,57,7,0.3099177661788465,0
2050,58,3,0.2777402466921017,0
2050,58,4,0.23845835630288115,0
2050,58,7,0.4838013970050171,0
2050,59,3,0.3606154625702504,0
2050,59,4,0.29978011309549696,0
2050,59,7,0.3396044243342527,0
2050,60,2,0.055968260550200565,0
2050,60,3,0.14599258429510364,0
2050,60,4,0.6937837547097899,0
2050,60,6,0.02642127530991694,0
2050,60,7,0.077834125134989,0
2050,61,2,0.05423335807494018,0
2050,61,3,0.35222467512661665,0
2050,61,4,0.5425342838267126,0
2050,61,8,0.05100768297173041,0
2050,62,2,0.15176726280150798,0
2050,62,3,0.276346990882458,0
2050,62,4,0.5055850314822542,0
2050,62,8,0.06630071483377986,0
2050,63,2,0.04080350267980612,0
2050,63,3,0.31792227921450983,0
2050,63,4,0.31350307254012183,0
2050,63,7,0.16302051007581442,0
2050,63,8,0.16475063548974783,0
2050,64,2,0.012451527699783006,0
2050,64,3,0.6916735540523588,0
2050,64,4,0.14828957437005305,0
2050,64,6,0.023590235705508517,0
2050,64,7,0.06380778683095788,0
2050,64,8,0.06018732134133871,0
2050,65,2,0.1190624535561005,0
2050,65,3,0.5951618505656515,0
2050,65,4,0.2857756958782481,0
2050,66,2,0.1201905425566534,0
2050,66,3,0.4427221046602471,0
2050,66,4,0.43708735278309957,0
2050,67,2,0.1985165393386224,0
2050,67,3,0.2842577879211834,0
2050,67,4,0.4961640932432459,0
2050,67,8,0.021061579496948372,0
2050,68,2,0.08942865788437038,0
2050,68,3,0.31538442116273196,0
2050,68,4,0.2892126058612444,0
2050,68,7,0.04191797539478199,0
2050,68,8,0.26405633969687126,0
2050,69,2,0.19246904949227125,0
2050,69,3,0.038812902875830134,0
2050,69,4,0.43181546620743744,0
2050,69,5,0.12409828534378467,0
2050,69,7,0.1276639066876205,0
2050,69,8,0.08514038939305608,0
2050,70,2,0.060169190409471364,0
2050,70,3,0.12127680788302968,0
2050,70,4,0.3175688228804261,0
2050,70,8,0.5009851788270728,0
2050,71,2,0.048268010913945086,0
2050,71,3,0.32199542773690826,0
2050,71,4,0.33423246000322365,0
2050,71,8,0.2955041013459231,0
2050,72,2,0.13240751198116946,0
2050,72,3,0.11278079562364418,0
2050,72,4,0.44650498015518497,0
2050,72,7,0.06183306428894563,0
2050,72,8,0.24647364795105575,0
2050,73,2,0.11398009004125687,0
2050,73,3,0.14145214675234874,0
2050,73,4,0.45928571387542155,0
2050,73,5,0.02526674102417191,0
2050,73,7,0.2056559153894924,0
2050,73,8,0.05435939291730857,0
2050,74,2,0.10115566314350709,0
2050,74,3,0.3229950548890546,0
2050,74,4,0.4114656779570296,0
2050,74,7,0.035161989922415024,0
2050,74,8,0.12922161408799365,0
2050,75,2,0.17817714484433844,0
2050,75,3,0.3115380183514837,0
2050,75,4,0.30856025362790046,0
2050,75,8,0.20172458317627728,0
2050,76,2,0.20697493920054658,0
2050,76,3,0.19870138345129196,0
2050,76,4,0.228046124478054,0
2050,76,8,0.3662775528701075,0
2050,77,2,0.048344475022402134,0
2050,77,3,0.13745987638431623,0
2050,77,4,0.17781172595759395,0
2050,77,7,0.21001415027800874,0
2050,77,8,0.426369772357679,0
2050,78,3,0.20728592954935937,0
2050,78,4,0.16740316437159078,0
2050,78,7,0.36983323087531367,0
2050,78,8,0.25547767520373627,0
2050,79,2,0.021582738581035186,0
2050,79,3,0.36763437534376103,0
2050,79,4,0.09608622596041524,0
2050,79,5,0.05064213537085625,0
2050,79,7,0.3307746866205444,0
2050,79,8,0.13327983812338792,0
2050,80,2,0.058258411591339716,0
2050,80,3,0.2864548734041155,0
2050,80,4,0.3724965937934547,0
2050,80,5,0.057197810019011745,0
2050,80,7,0.145209049213074,0
2050,80,8,0.08038326197900426,0
2050,81,3,0.31028977628049115,0
2050,81,4,0.27704265373930104,0
2050,81,8,0.41266756998020776,0
2050,82,2,0.14368183369933082,0
2050,82,3,0.1888247017244111,0
2050,82,4,0.3818631964148278,0
2050,82,7,0.18002624986917315,0
2050,82,8,0.10560401829225705,0
2050,83,2,0.01093640933222939,0
2050,83,3,0.19969900549962336,0
2050,83,4,0.1811611560622652,0
2050,83,7,0.11892322764450972,0
2050,83,8,0.48928020146137235,0
2050,84,2,0.036351745725164586,0
2050,84,3,0.45442770185176456,0
2050,84,4,0.14023073123406884,0
2050,84,6,0.14864611972293204,0
2050,84,8,0.22034370146607002,0
2050,85,2,0.04591954228697842,0
2050,85,3,0.3281401663930138,0
2050,85,4,0.5002976695880893,0
2050,85,8,0.1256426217319185,0
2050,86,3,0.2982858078130723,0
2050,86,4,0.3406232706546844,0
2050,86,8,0.36109092153224326,0
2050,87,3,0.5101797748893817,0
2050,87,4,0.33926370847805787,0
2050,87,8,0.15055651663256045,0
2050,88,2,0.03507595122046083,0
2050,88,3,0.1476116188158971,0
2050,88,4,0.6876946535276712,0
2050,88,6,0.11810463187698499,0
2050,88,8,0.011513144558985913,0
2050,89,2,0.10991197781143176,0
2050,89,3,0.2768319082024639,0
2050,89,4,0.6132561139861044,0
2050,90,2,0.08452645579682094,0
2050,90,3,0.3160564922870874,0
2050,90,4,0.5254508634560918,0
2050,90,8,0.07396618845999992,0
2050,91,2,0.10086024427714818,0
2050,91,3,0.36780873675297904,0
2050,91,4,0.4823473837602413,0
2050,91,8,0.04898363520963149,0
2050,92,2,0.14285790205107626,0
2050,92,3,0.2893467102871758,0
2050,92,4,0.3665223894841684,0
2050,92,8,0.20127299817757954,0
2050,93,2,0.06088213548663294,0
2050,93,3,0.409372318205901,0
2050,93,4,0.09313304339142311,0
2050,93,7,0.05676718519499708,0
2050,93,8,0.37984531772104596,0
2050,94,2,0.06353950213282121,0
2050,94,3,0.2023492543495382,0
2050,94,4,0.18759035441150004,0
2050,94,5,0.35886300276907607,0
2050,94,8,0.1876578863370646,0
2050,95,2,0.08207799745061671,0
2050,95,3,0.33077023858321125,0
2050,95,4,0.06182290051891952,0
2050,95,6,0.13086511828539057,0
2050,95,8,0.39446374516186195,0
2050,96,2,0.09946764852144334,0
2050,96,3,0.4513491103627403,0
2050,96,4,0.016201213372617276,0
2050,96,8,0.4329820277431991,0
2050,97,2,0.2454324110055759,0
2050,97,3,0.37088693963000996,0
2050,97,4,0.13183482249053682,0
2050,97,8,0.2518458268738773,0
2050,98,2,0.21745631719977931,0
2050,98,3,0.23022223507621897,0
2050,98,4,0.16752401329171332,0
2050,98,8,0.3847974344322883,0
2050,99,2,0.2627186535602447,0
2050,99,3,0.25361054800287486,0
2050,99,4,0.15426417796682598,0
2050,99,8,0.32940662047005437,0
2050,100,2,0.19815922830117724,0
2050,100,3,0.20663931437978916,0
2050,100,4,0.21052536479638043,0
2050,100,8,0.3846760925226532,0
2050,101,2,0.0972926838281245,0
2050,101,3,0.2804180058822916,0
2050,101,4,0.34434327495095335,0
2050,101,7,0.05635765868802899,0
2050,101,8,0.22158837665060147,0
2050,102,2,0.24913596688421288,0
2050,102,3,0.0814169682739389,0
2050,102,4,0.5064300237037644,0
2050,102,8,0.16301704113808374,0
2050,103,2,0.20722240482850796,0
2050,103,3,0.11469872544050408,0
2050,103,4,0.4111275108993675,0
2050,103,8,0.26695135883162047,0
2050,104,2,0.23699140222650758,0
2050,104,3,0.11684643598573097,0
2050,104,4,0.4561572682279033,0
2050,104,7,0.07238208614562675,0
2050,104,8,0.11762280741423148,0
2050,105,2,0.2401571186673752,0
2050,105,3,0.10910819906886308,0
2050,105,4,0.34229040429843477,0
2050,105,8,0.30844427796532703,0
2050,106,2,0.25248340406214603,0
2050,106,3,0.136301455612465,0
2050,106,4,0.2872737411453355,0
2050,106,8,0.3239413991800535,0
2050,107,2,0.16560085279662032,0
2050,107,3,0.31088489697171795,0
2050,107,4,0.24537101736814446,0
2050,107,8,0.27814323286351733,0
2050,108,2,0.14605992187595845,0
2050,108,3,0.3281377238229285,0
2050,108,4,0.23098446642900802,0
2050,108,8,0.29481788787210517,0
2050,109,2,0.18954758793423096,0
2050,109,3,0.1503883586048647,0
2050,109,4,0.27443534388787194,0
2050,109,5,0.041091502415260966,0
2050,109,8,0.3445372071577716,0
2050,110,2,0.18386917075014594,0
2050,110,3,0.08952378586393692,0
2050,110,4,0.29031725687043386,0
2050,110,8,0.4362897865154834,0
2050,111,2,0.22441726088049102,0
2050,111,3,0.2215100751535523,0
2050,111,4,0.18091292162503625,0
2050,111,8,0.3731597423409204,0
2050,112,2,0.22701245538465578,0
2050,112,3,0.17525989469073167,0
2050,112,4,0.22823769922710946,0
2050,112,8,0.36948995069750323,0
2050,113,2,0.3409424322542434,0
2050,113,3,0.10710122588929294,0
2050,113,4,0.1729357052154918,0
2050,113,8,0.37902063664097185,0
2050,114,2,0.21545120567609047,0
2050,114,3,0.16691182302382535,0
2050,114,4,0.14113396606179215,0
2050,114,5,0.18540020532346038,0
2050,114,8,0.2911027999148316,0
2050,115,2,0.14114358991772968,0
2050,115,3,0.2538825784597066,0
2050,115,4,0.19071578622954435,0
2050,115,6,0.011146787686297501,0
2050,115,7,0.27015462512807564,0
2050,115,8,0.13295663257864618,0
2050,116,2,0.13321460834135815,0
2050,116,3,0.17152627415527566,0
2050,116,4,0.057996196942680066,0
2050,116,5,0.15602770924681789,0
2050,116,7,0.13663774255680802,0
2050,116,8,0.3445974687570601,0
2050,117,2,0.12066827458715626,0
2050,117,3,0.3257569295306471,0
2050,117,4,0.06503319403288713,0
2050,117,6,0.22012332661776066,0
2050,117,8,0.2684182752315489,0
2050,118,2,0.19865846551294072,0
2050,118,3,0.3730696619690177,0
2050,118,4,0.11641939317193514,0
2050,118,8,0.3118524793461064,0
2050,119,2,0.3174159243955543,0
2050,119,3,0.20402729562728206,0
2050,119,4,0.2870293834385868,0
2050,119,7,0.02151205618350932,0
2050,119,8,0.1700153403550676,0
2050,120,2,0.51592989656804,0
2050,120,3,0.02999736136885484,0
2050,120,4,0.06036487327171397,0
2050,120,5,0.1529167750753902,0
2050,120,6,0.09885041956513607,0
2050,120,7,0.11804119770054876,0
2050,120,8,0.023899476450316096,0
2050,121,2,0.5293617056521963,0
2050,121,3,0.1686802517702158,0
2050,121,6,0.30195804257758785,0
2050,122,2,0.5173118218593804,0
2050,122,3,0.256803872806379,0
2050,122,5,0.05383956611961897,0
2050,122,6,0.1720447392146217,0
2050,123,2,0.40579087281182147,0
2050,123,3,0.28952599048086525,0
2050,123,4,0.06217664500374094,0
2050,123,6,0.12896860076085512,0
2050,123,7,0.11353789094271714,0
2050,124,2,0.5060692059578719,0
2050,124,3,0.0842549827909766,0
2050,124,4,0.10441647971187717,0
2050,124,7,0.3052593315392745,0
2050,125,2,0.5578847681016068,0
2050,125,3,0.21120718674423297,0
2050,125,4,0.20315209461797284,0
2050,125,7,0.027755950536187367,0
2050,126,2,0.5959430028541062,0
2050,126,3,0.10995054508713349,0
2050,126,4,0.2941064520587603,0
2050,127,2,0.7169954731192976,0
2050,127,3,0.07516911173762128,0
2050,127,7,0.20783541514308113,0
2050,128,2,0.6570669766518339,0
2050,128,3,0.06689422358963006,0
2050,128,5,0.27603879975853607,0
2050,129,1,0.013825000232790869,0
2050,129,2,0.6820454025569345,0
2050,129,3,0.11759832732647336,0
2050,129,4,0.02612467393823927,0
2050,129,6,0.07682671208741108,0
2050,129,7,0.08357988385815097,0
2050,130,2,0.7073208770854912,0
2050,130,3,0.29267912291450887,0
2050,131,2,0.7084911834175609,0
2050,131,3,0.2915088165824391,0
2050,132,2,0.7912333468532945,0
2050,132,3,0.10831130311577888,0
2050,132,4,0.10045535003092673,0
2050,133,2,1.0,0
2050,134,2,0.38408069479526596,0
2050,134,3,0.2444072451393455,0
2050,134,7,0.19979206771406843,0
2050,134,8,0.17171999235132016,0
2050,135,2,0.3661616752435028,0
2050,135,3,0.2806130057423755,0
2050,135,6,0.27327773044557524,0
2050,135,7,0.07994758856854635,0
2050,136,2,0.38544796957333405,0
2050,136,3,0.2538741579034667,0
2050,136,4,0.07935276497391845,0
2050,136,7,0.28132510754928086,0
2050,137,2,0.4930584294904827,0
2050,137,3,0.13794774147943778,0
2050,137,4,0.1625329586640489,0
2050,137,5,0.1883408553875246,0
2050,137,7,0.018120014978506065,0
2050,138,2,0.4269313753869938,0
2050,138,3,0.13012482096899994,0
2050,138,4,0.16754821054595107,0
2050,138,6,0.27539559309805517,0
2050,139,2,0.40105233166798243,0
2050,139,3,0.08156881538544167,0
2050,139,4,0.20107950252691517,0
2050,139,6,0.052194313923484725,0
2050,139,7,0.26410503649617595,0
2050,140,2,0.3567984089701848,0
2050,140,3,0.21274423093433137,0
2050,140,6,0.22150098719259068,0
2050,140,7,0.1557378862164984,0
2050,140,8,0.05321848668639483,0
2050,141,2,0.3003421764774927,0
2050,141,3,0.29969247186046094,0
2050,141,6,0.2905212690433566,0
2050,141,8,0.10944408261868972,0
2050,142,2,0.3404860075072889,0
2050,142,3,0.3635737055306817,0
2050,142,4,0.04289425504815997,0
2050,142,6,0.09776659876006175,0
2050,142,7,0.016324667830349245,0
2050,142,8,0.13895476532345843,0
2050,143,2,0.34435085186752046,0
2050,143,3,0.09626219544997154,0
2050,143,4,0.12150841477965321,0
2050,143,6,0.06683554001263965,0
2050,143,7,0.15456053662980435,0
2050,143,8,0.2164824612604109,0
2050,144,2,0.2977985079266307,0
2050,144,3,0.18649242307667993,0
2050,144,4,0.014649908175755632,0
2050,144,5,0.18088153917604474,0
2050,144,6,0.04278609789558216,0
2050,144,7,0.10972785241071281,0
2050,144,8,0.16766367133859394,0
2050,145,2,0.2610199844065234,0
2050,145,3,0.10672733973323018,0
2050,145,4,0.010394738630427553,0
2050,145,5,0.22659012802181036,0
2050,145,6,0.15934723356005834,0
2050,145,7,0.024656080975268772,0
2050,145,8,0.21126449467268144,0
2050,146,2,0.3254915470524092,0
2050,146,3,0.12835586087065937,0
2050,146,4,0.05341828698839311,0
2050,146,5,0.0587792181576161,0
2050,146,6,0.20866075688745603,0
2050,146,7,0.025310872367690803,0
2050,146,8,0.19998345767577552,0
2050,147,2,0.3963552987982322,0
2050,147,3,0.2565225966286452,0
2050,147,4,0.01983451024549831,0
2050,147,6,0.060273179963318636,0
2050,147,8,0.26701441436430573,0
2050,148,2,0.4128439382796854,0
2050,148,3,0.23994506801611282,0
2050,148,4,0.0847376794828077,0
2050,148,7,0.262473314221394,0
2050,149,2,0.40193477385753157,0
2050,149,3,0.18298916570595258,0
2050,149,4,0.07627787586619442,0
2050,149,5,0.04668046924779552,0
2050,149,6,0.015176395751616382,0
2050,149,7,0.24467856158990708,0
2050,149,8,0.032262757981002525,0
2050,150,2,0.5139335842651137,0
2050,150,3,0.01806892631154454,0
2050,150,4,0.21174028783717072,0
2050,150,5,0.2102441781034868,0
2050,150,7,0.028387365729461756,0
2050,150,8,0.017625657753222487,0
2050,151,2,0.4569081867062773,0
2050,151,4,0.3930072058673707,0
2050,151,5,0.08837429324560654,0
2050,151,7,0.06171031418074548,0
2050,152,2,0.5084885253908681,0
2050,152,3,0.03796100199764741,0
2050,152,4,0.2920806179894689,0
2050,152,7,0.15139348874083164,0
2050,152,8,0.010076365881183949,0
2050,153,2,0.43292450124653736,0
2050,153,3,0.022208675710760538,0
2050,153,4,0.34583565290776774,0
2050,153,7,0.1990311701349343,0
2050,154,2,0.6165703293998034,0
2050,154,4,0.2665431843534537,0
2050,154,7,0.0744525436198477,0
2050,154,8,0.042433942626895156,0
2050,155,2,0.5418276097366125,0
2050,155,3,0.017054120639440985,0
2050,155,4,0.10584910338039463,0
2050,155,8,0.33526916624355185,0
2050,156,2,0.45911544317376524,0
2050,156,3,0.30809269299515074,0
2050,156,7,0.16900959963987033,0
2050,156,8,0.06378226419121359,0
2050,157,2,0.5223345880770491,0
2050,157,3,0.16247435894397688,0
2050,157,4,0.20880206498199527,0
2050,157,7,0.10638898799697881,0
2050,158,2,0.5732118951569288,0
2050,158,3,0.0255790239201756,0
2050,158,4,0.1800577983642256,0
2050,158,7,0.12530827259759694,0
2050,158,8,0.09584300996107295,0
2050,159,2,0.42847640695714007,0
2050,159,3,0.026272446949250843,0
2050,159,4,0.1728809325904153,0
2050,159,5,0.09243902384195014,0
2050,159,6,0.07724868318506471,0
2050,159,8,0.20268250647617883,0
2050,160,2,0.35246022918306846,0
2050,160,4,0.09036342563903445,0
2050,160,6,0.3037041330442086,0
2050,160,8,0.2534722121336885,0
2050,161,2,0.45331751000395476,0
2050,161,3,0.034200323969704835,0
2050,161,4,0.1255059358564173,0
2050,161,5,0.015209056348196895,0
2050,161,6,0.06472748694452385,0
2050,161,7,0.06527422901974365,0
2050,161,8,0.24176545785745862,0
2050,162,2,0.24685892150086983,0
2050,162,4,0.18432850188402466,0
2050,162,5,0.010890550342740758,0
2050,162,7,0.21714807138509848,0
2050,162,8,0.3407739548872663,0
2050,163,1,0.018647337253587557,0
2050,163,2,0.24131441318666713,0
2050,163,3,0.03763581654479606,0
2050,163,4,0.06295874336007998,0
2050,163,6,0.11796952992179492,0
2050,163,8,0.5214741597330744,0
2050,164,2,0.20433820977262818,0
2050,164,3,0.08815292751206856,0
2050,164,4,0.05295737549762264,0
2050,164,6,0.177475672358465,0
2050,164,7,0.0753441567701762,0
2050,164,8,0.4017316580890393,0
2050,165,2,0.35054949921760414,0
2050,165,3,0.06503420776721593,0
2050,165,4,0.074695246542112,0
2050,165,5,0.35934969446079584,0
2050,165,8,0.15037135201227203,0
2050,166,2,0.3138266839500528,0
2050,166,4,0.13970114907200112,0
2050,166,6,0.10736205613438722,0
2050,166,7,0.054957782274421094,0
2050,166,8,0.38415232856913784,0
2050,167,2,0.27709167591272427,0
2050,167,3,0.07613531556570248,0
2050,167,4,0.047396074128191384,0
2050,167,6,0.15162084970309972,0
2050,167,7,0.11899338438133952,0
2050,167,8,0.32876270030894267,0
2050,168,2,0.2980851527259691,0
2050,168,3,0.29302135900547327,0
2050,168,4,0.09583669750514628,0
2050,168,6,0.056210078565208745,0
2050,168,7,0.15844978373840676,0
2050,168,8,0.09839692845979586,0
2050,169,2,0.3488854700182109,0
2050,169,3,0.19374287463782186,0
2050,169,4,0.19360606201392816,0
2050,169,5,0.04212435175588551,0
2050,169,6,0.07565874075153299,0
2050,169,7,0.14598250082262065,0
2050,170,2,0.281328972237023,0
2050,170,3,0.10006040306506217,0
2050,170,4,0.07175808518947845,0
2050,170,5,0.056902133061428155,0
2050,170,6,0.07478353937443838,0
2050,170,7,0.22551654965897178,0
2050,170,8,0.18965031741359803,0
2050,171,2,0.18560548132317622,0
2050,171,3,0.10787308741403501,0
2050,171,5,0.3060212708389588,0
2050,171,6,0.1986464741370396,0
2050,171,8,0.20185368628679037,0
2050,172,1,0.0371633530212234,0
2050,172,2,0.169401399054611,0
2050,172,3,0.14598474298661068,0
2050,172,5,0.29573338854443254,0
2050,172,6,0.18650141630854047,0
2050,172,8,0.16521570008458195,0
2050,173,2,0.16785224962852324,0
2050,173,3,0.04330314512543553,0
2050,173,4,0.037871359424630525,0
2050,173,5,0.10120373743720805,0
2050,173,6,0.36768494216504677,0
2050,173,8,0.28208456621915595,0
2050,174,2,0.30172526143946543,0
2050,174,3,0.11871207718952971,0
2050,174,4,0.06069210220680736,0
2050,174,6,0.1882503485737727,0
2050,174,8,0.33062021059042473,0
2050,175,2,0.4244130803952729,0
2050,175,4,0.12972368253429506,0
2050,175,5,0.20261372512077266,0
2050,175,8,0.2432495119496594,0
2050,176,1,0.06761011433360661,0
2050,176,2,0.3598096764466623,0
2050,176,3,0.10562810647878555,0
2050,176,4,0.06820601774355829,0
2050,176,5,0.09654601145050143,0
2050,176,8,0.3022000735468858,0
2050,177,1,0.06005520821362465,0
2050,177,2,0.23251347233133454,0
2050,177,3,0.20867904645239543,0
2050,177,5,0.1502065543675521,0
2050,177,6,0.08107159609201792,0
2050,177,7,0.027113251213126504,0
2050,177,8,0.2403608713299488,0
2050,178,1,0.062485204286855785,0
2050,178,2,0.19447372788174844,0
2050,178,3,0.19316537104285636,0
2050,178,6,0.20670388381600202,0
2050,178,7,0.19470435099825278,0
2050,178,8,0.14846746197428473,0
2050,179,2,0.18670038702392155,0
2050,179,3,0.2571767207245039,0
2050,179,5,0.14524759598445008,0
2050,179,7,0.15675559509564882,0
2050,179,8,0.25411970117147564,0
2050,180,1,0.02184037722704878,0
2050,180,2,0.2325008585348174,0
2050,180,3,0.12693533539393892,0
2050,180,5,0.25760887976607294,0
2050,180,7,0.10148186324021338,0
2050,180,8,0.2596326858379085,0
2050,181,2,0.22276829819526117,0
2050,181,3,0.09370643700139109,0
2050,181,5,0.4254163186403632,0
2050,181,6,0.01042123134404093,0
2050,181,8,0.24768771481894367,0
2050,182,1,0.032080684550245785,0
2050,182,2,0.25938869128962794,0
2050,182,4,0.08006881658762012,0
2050,182,5,0.07418418636664818,0
2050,182,6,0.13770928227238088,0
2050,182,7,0.10800243272042237,0
2050,182,8,0.30856590621305474,0
2050,183,1,0.07650419781975948,0
2050,183,2,0.30045230712511234,0
2050,183,3,0.04933889663937009,0
2050,183,4,0.053515732716137965,0
2050,183,5,0.05438728575983678,0
2050,183,7,0.1720526638474759,0
2050,183,8,0.2937489160923075,0
2050,184,2,0.2681106540205757,0
2050,184,3,0.14944479510729342,0
2050,184,4,0.07269132939435087,0
2050,184,5,0.07995142376273802,0
2050,184,7,0.09020929431034908,0
2050,184,8,0.3395925034046928,0
2050,185,1,0.034571272533551134,0
2050,185,2,0.2219762669911514,0
2050,185,3,0.10309042405793688,0
2050,185,4,0.10148020349994394,0
2050,185,7,0.2094274252592406,0
2050,185,8,0.3294544076581762,0
2050,186,2,0.1403164340142216,0
2050,186,3,0.06332788201800452,0
2050,186,5,0.4543060227206851,0
2050,186,6,0.03218081184852914,0
2050,186,7,0.019690323251625088,0
2050,186,8,0.29017852614693457,0
2050,187,2,0.34211555797582927,0
2050,187,3,0.02391278312969488,0
2050,187,4,0.21647521146321277,0
2050,187,5,0.16579348964609597,0
2050,187,7,0.15598253969519568,0
2050,187,8,0.09572041808997134,0
2050,188,2,0.36856217246839773,0
2050,188,4,0.292846814847431,0
2050,188,6,0.14171662772732652,0
2050,188,8,0.19687438495684476,0
2050,189,2,0.302267116967449,0
2050,189,3,0.05604525444944573,0
2050,189,4,0.36969915036812284,0
2050,189,6,0.1743497140312232,0
2050,189,7,0.08278613983494905,0
2050,189,8,0.014852624348810201,0
2050,190,2,0.3004652090986755,0
2050,190,3,0.027554859894789934,0
2050,190,4,0.3230009701691709,0
2050,190,8,0.3489789608373636,0
2050,191,2,0.2617468147223032,0
2050,191,3,0.10193879438377601,0
2050,191,4,0.22797657313637898,0
2050,191,7,0.12840687165794698,0
2050,191,8,0.27993094609959485,0
2050,192,2,0.19446139158396258,0
2050,192,3,0.057553880535907445,0
2050,192,4,0.1653741911469052,0
2050,192,5,0.20195731942828896,0
2050,192,6,0.0511642166744245,0
2050,192,7,0.08292271115213545,0
2050,192,8,0.2465662894783759,0
2050,193,2,0.09368296444037005,0
2050,193,3,0.04844685520744859,0
2050,193,4,0.1288651063305511,0
2050,193,5,0.2527338818758591,0
2050,193,6,0.08990732655278988,0
2050,193,7,0.1263022759894,0
2050,193,8,0.2600615896035812,0
2050,194,2,0.04142689412857666,0
2050,194,3,0.10545615425370392,0
2050,194,4,0.043281542826861044,0
2050,194,5,0.18617477026512552,0
2050,194,6,0.21224118505728298,0
2050,194,7,0.12133122539478552,0
2050,194,8,0.2900882280736643,0
2050,195,2,0.09498516953452224,0
2050,195,5,0.044277745162149176,0
2050,195,6,0.19481640721903037,0
2050,195,7,0.2609828215728209,0
2050,195,8,0.4049378565114775,0
2050,196,2,0.17142048535891957,0
2050,196,5,0.38432146463061106,0
2050,196,7,0.1661079468972034,0
2050,196,8,0.2781501031132659,0
2050,197,2,0.21306573920083388,0
2050,197,3,0.12836519443956035,0
2050,197,4,0.03049877986219955,0
2050,197,5,0.4754087610639658,0
2050,197,8,0.15266152543344047,0
2050,198,1,0.06499828261403842,0
2050,198,2,0.23434328318651404,0
2050,198,3,0.15130260064867312,0
2050,198,4,0.2288814919621569,0
2050,198,5,0.12215870502695583,0
2050,198,7,0.08332926452655455,0
2050,198,8,0.11498637203510706,0
2050,199,2,0.27422524643750856,0
2050,199,3,0.06861129685984721,0
2050,199,4,0.18516340064869372,0
2050,199,5,0.15731317819613808,0
2050,199,7,0.1673738160480389,0
2050,199,8,0.14731306180977352,0
2050,200,1,0.015056360747684336,0
2050,200,2,0.17210609076859976,0
2050,200,4,0.17296137053364127,0
2050,200,5,0.16594096378395057,0
2050,200,8,0.47393521416612405,0
2050,201,2,0.17572676438300625,0
2050,201,3,0.11595469408930884,0
2050,201,4,0.14894619619546337,0
2050,201,5,0.29436069814730165,0
2050,201,6,0.06688800238203539,0
2050,201,8,0.19812364480288452,0
2050,202,2,0.22847776196139133,0
2050,202,3,0.04644630711075127,0
2050,202,4,0.18003901991742544,0
2050,202,5,0.07326110643211108,0
2050,202,7,0.2778113058083097,0
2050,202,8,0.193964498770011,0
2050,203,2,0.3021857391645084,0
2050,203,4,0.11820406288082608,0
2050,203,5,0.037220403099059704,0
2050,203,6,0.23621118675692346,0
2050,203,7,0.016834282026806514,0
2050,203,8,0.2893443260718758,0
2050,204,2,0.20049383131890575,0
2050,204,3,0.049657793864580996,0
2050,204,4,0.10930005074994843,0
2050,204,5,0.3728727948759296,0
2050,204,8,0.2676755291906351,0
2050,205,2,0.15762856861873345,0
2050,205,4,0.08630105422304296,0
2050,205,5,0.21390188133417107,0
2050,205,6,0.1270004777120663,0
2050,205,8,0.4151680181119863,0
2050,206,2,0.15948392560554397,0
2050,206,4,0.3465996994021281,0
2050,206,5,0.19544147585607322,0
2050,206,6,0.18440311095071063,0
2050,206,8,0.11407178818554396,0
2050,207,2,0.2800500995141925,0
2050,207,3,0.061760826020771736,0
2050,207,4,0.37198138942917497,0
2050,207,5,0.04124371036638666,0
2050,207,7,0.01721936850878436,0
2050,207,8,0.22774460616068992,0
2050,208,2,0.08535621420413955,0
2050,208,4,0.37632417179881233,0
2050,208,6,0.13528800767099117,0
2050,208,7,0.14932337891018643,0
2050,208,8,0.25370822741587057,0
2050,209,2,0.09981044350316881,0
2050,209,3,0.029616766091954856,0
2050,209,4,0.28321891517766595,0
2050,209,6,0.1827307066033141,0
2050,209,7,0.18988475426625212,0
2050,209,8,0.21473841435764418,0
2050,210,2,0.19685765882618894,0
2050,210,4,0.3069885099930182,0
2050,210,5,0.06760964662789622,0
2050,210,6,0.2565271846764772,0
2050,210,7,0.09452738877587802,0
2050,210,8,0.07748961110054138,0
2050,211,1,0.04083800942882977,0
2050,211,2,0.195884961892973,0
2050,211,3,0.07029542939795472,0
2050,211,4,0.21854685373468655,0
2050,211,6,0.15200521706593764,0
2050,211,7,0.05311722689453918,0
2050,211,8,0.2693123015850792,0
2050,212,2,0.19498354785501618,0
2050,212,3,0.08986349441771958,0
2050,212,4,0.1529176387643975,0
2050,212,6,0.2052635782312851,0
2050,212,7,0.11858137287280947,0
2050,212,8,0.23839036785877205,0
2050,213,2,0.1343368522351356,0
2050,213,3,0.156716112285399,0
2050,213,4,0.06151394085283272,0
2050,213,5,0.08223787696117153,0
2050,213,7,0.18277758779039693,0
2050,213,8,0.3824176298750642,0
2050,214,1,0.06229505425206999,0
2050,214,2,0.14571265044047288,0
2050,214,3,0.13816799348501874,0
2050,214,4,0.04964213490204991,0
2050,214,5,0.18043864856690722,0
2050,214,6,0.02628534185971268,0
2050,214,7,0.04353954756872211,0
2050,214,8,0.3539186289250464,0
2050,215,1,0.04969324111213257,0
2050,215,2,0.12074676782566045,0
2050,215,3,0.18362608482776055,0
2050,215,4,0.13731961219702177,0
2050,215,7,0.29729043934884647,0
2050,215,8,0.2113238546885782,0
2050,216,2,0.10730623321729764,0
2050,216,3,0.16625284589815523,0
2050,216,4,0.17924809776126197,0
2050,216,5,0.2921241566115619,0
2050,216,7,0.09985775663213854,0
2050,216,8,0.15521090987958477,0
2050,217,2,0.1698552424472026,0
2050,217,3,0.05975898600285794,0
2050,217,4,0.10019785350448283,0
2050,217,5,0.0848186742326995,0
2050,217,7,0.1548333320248935,0
2050,217,8,0.4305359117878636,0
2050,218,1,0.10137772129211634,0
2050,218,2,0.10784717689019026,0
2050,218,3,0.12383011672860803,0
2050,218,5,0.0675078551022247,0
2050,218,7,0.2348342607205319,0
2050,218,8,0.36460286926632873,0
2050,219,2,0.04710643386668256,0
2050,219,3,0.04999062543169838,0
2050,219,5,0.2361863954252267,0
2050,219,6,0.17131804732979594,0
2050,219,7,0.17445868299927156,0
2050,219,8,0.3209398149473249,0
2050,220,2,0.09016830531785879,0
2050,220,3,0.15420826295227233,0
2050,220,4,0.027975866179262704,0
2050,220,6,0.1842159850167243,0
2050,220,7,0.2736139431915909,0
2050,220,8,0.2698176373422911,0
2050,221,2,0.04641943152182336,0
2050,221,3,0.21525500717486465,0
2050,221,5,0.1877833617370067,0
2050,221,6,0.03527523842978743,0
2050,221,7,0.2737116589283594,0
2050,221,8,0.24155530220815855,0
2050,222,2,0.03199461995799441,0
2050,222,3,0.12404596310072544,0
2050,222,5,0.254707592212485,0
2050,222,6,0.15184011414843082,0
2050,222,7,0.16463575868354643,0
2050,222,8,0.27277595189681797,0
2050,223,2,0.0771481441815342,0
2050,223,5,0.3980610701182481,0
2050,223,6,0.06515966151732064,0
2050,223,7,0.08655366602549698,0
2050,223,8,0.3730774581574,0
2050,224,2,0.07023693813525331,0
2050,224,4,0.056946298914858154,0
2050,224,5,0.14319688885530812,0
2050,224,6,0.18527338226403864,0
2050,224,7,0.16577738644377615,0
2050,224,8,0.3785691053867657,0
2050,225,2,0.09907864819093082,0
2050,225,4,0.23395550876794746,0
2050,225,5,0.01838332866846334,0
2050,225,6,0.14443065716359127,0
2050,225,7,0.20395621610538806,0
2050,225,8,0.30019564110367913,0
2050,226,2,0.1152869703969274,0
2050,226,4,0.16282304670907943,0
2050,226,5,0.12750782979134606,0
2050,226,7,0.35786942991045045,0
2050,226,8,0.2365127231921965,0
2050,227,2,0.11602659468224248,0
2050,227,4,0.12923453085300507,0
2050,227,5,0.4548994265484214,0
2050,227,7,0.056366843558219165,0
2050,227,8,0.24347260435811185,0
2050,228,2,0.14179110546330967,0
2050,228,4,0.14128160541663137,0
2050,228,5,0.42936274082985965,0
2050,228,8,0.28756454829019945,0
2050,229,1,0.013798290034011538,0
2050,229,2,0.19552235013317362,0
2050,229,4,0.24445667475355953,0
2050,229,5,0.25636936063178056,0
2050,229,6,0.027500750859124578,0
2050,229,7,0.09664631038316258,0
2050,229,8,0.1657062632051875,0
2050,230,2,0.20581989416374202,0
2050,230,4,0.18829823114095623,0
2050,230,5,0.15072890941951414,0
2050,230,6,0.013918902998334204,0
2050,230,7,0.27975415502379164,0
2050,230,8,0.1614799072536619,0
2050,231,2,0.12749823401226737,0
2050,231,3,0.04829292862721311,0
2050,231,4,0.07749898387594918,0
2050,231,5,0.25065724252542093,0
2050,231,6,0.06905651624923642,0
2050,231,7,0.21795026999660413,0
2050,231,8,0.20904582471330874,0
2050,232,2,0.08676077223925636,0
2050,232,3,0.21886179670216196,0
2050,232,4,0.025423671091822496,0
2050,232,6,0.28383040164770346,0
2050,232,7,0.1941085945275474,0
2050,232,8,0.19101476379150842,0
2050,233,2,0.10304489199517931,0
2050,233,3,0.31094555622161635,0
2050,233,5,0.06267882215965027,0
2050,233,6,0.01473303461539311,0
2050,233,7,0.3925571420469592,0
2050,233,8,0.11604055296120179,0
2050,234,1,0.06621064880520884,0
2050,234,2,0.1413364164200325,0
2050,234,3,0.18571316334069302,0
2050,234,4,0.05817106153143553,0
2050,234,5,0.1944872471666441,0
2050,234,7,0.2067500592596194,0
2050,234,8,0.1473314034763667,0
2050,235,2,0.12825623598870678,0
2050,235,3,0.09958389683808866,0
2050,235,4,0.26438357656474276,0
2050,235,6,0.01856820797015249,0
2050,235,7,0.37879283615738263,0
2050,235,8,0.11041524648092661,0
2050,236,2,0.20026312422100173,0
2050,236,3,0.15902855564215654,0
2050,236,4,0.28301319175010226,0
2050,236,6,0.05282766099095354,0
2050,236,8,0.304867467395786,0
2050,237,2,0.22323744592464,0
2050,237,3,0.04889981049483798,0
2050,237,4,0.40917042396845904,0
2050,237,7,0.050469074275222396,0
2050,237,8,0.2682232453368406,0
2050,238,2,0.19948593577100612,0
2050,238,3,0.045267232056076384,0
2050,238,4,0.3282501725996757,0
2050,238,7,0.25121383379550355,0
2050,238,8,0.17578282577773813,0
2050,239,2,0.14543277414269495,0
2050,239,3,0.04266849192131599,0
2050,239,4,0.36284156100948767,0
2050,239,5,0.0371343919060898,0
2050,239,7,0.25527055438393265,0
2050,239,8,0.1566522266364791,0
2050,240,2,0.2025196104913909,0
2050,240,3,0.08306580884183952,0
2050,240,4,0.2801437977098191,0
2050,240,5,0.12803957272427652,0
2050,240,7,0.06174261173799363,0
2050,240,8,0.24448859849468038,0
2050,241,2,0.20563267983977554,0
2050,241,3,0.026879600354167074,0
2050,241,4,0.19654130950901322,0
2050,241,5,0.14103487808938367,0
2050,241,7,0.04822510405024655,0
2050,241,8,0.381686428157414,0
2050,242,1,0.01757422072010583,0
2050,242,2,0.057554148022780686,0
2050,242,3,0.04480850909443214,0
2050,242,5,0.20703603012157565,0
2050,242,7,0.11226334803362532,0
2050,242,8,0.5607637440074803,0
2050,243,2,0.06355256623803436,0
2050,243,3,0.042877476513558624,0
2050,243,4,0.08931459630594794,0
2050,243,5,0.2082832356545091,0
2050,243,6,0.23479162535571932,0
2050,243,8,0.36118049993223067,0
2050,244,2,0.16636912368912146,0
2050,244,3,0.0255944818808915,0
2050,244,4,0.23710202160117963,0
2050,244,6,0.23643414143642286,0
2050,244,7,0.129796854124614,0
2050,244,8,0.20470337726777052,0
2050,245,2,0.23392568059885804,0
2050,245,4,0.21198911936111325,0
2050,245,5,0.03467859577930795,0
2050,245,7,0.28285498802852355,0
2050,245,8,0.23655161623219723,0
2050,246,2,0.07084195455961373,0
2050,246,3,0.11425802979648732,0
2050,246,4,0.08841831621156881,0
2050,246,5,0.22904896174382555,0
2050,246,6,0.09828020130545284,0
2050,246,7,0.3496765783267397,0
2050,246,8,0.04947595805631201,0
2050,247,1,0.029545290553004616,0
2050,247,2,0.01182797466579686,0
2050,247,3,0.07172277199790959,0
2050,247,4,0.17522467180256038,0
2050,247,5,0.06635802120164626,0
2050,247,6,0.2283110312590975,0
2050,247,7,0.37187654796819103,0
2050,247,8,0.045133690551793844,0
2050,248,1,0.01606049427418305,0
2050,248,2,0.13714053630382414,0
2050,248,3,0.10830131877932367,0
2050,248,4,0.3472572880101355,0
2050,248,5,0.2265289945751061,0
2050,248,6,0.11255525069825227,0
2050,248,7,0.0521561173591754,0
2050,249,2,0.10810287329046335,0
2050,249,3,0.07289928979205222,0
2050,249,4,0.2630704468573873,0
2050,249,7,0.2257975184534806,0
2050,249,8,0.3301298716066166,0
2050,250,1,0.03329478640327112,0
2050,250,2,0.16729789119547334,0
2050,250,4,0.2642528854370986,0
2050,250,5,0.03469368241701411,0
2050,250,6,0.05413956970336298,0
2050,250,7,0.04713806503581906,0
2050,250,8,0.3991831198079608,0
2050,251,2,0.221356154385842,0
2050,251,4,0.18099792642133425,0
2050,251,5,0.22358719322988815,0
2050,251,8,0.37405872596293555,0
2050,252,2,0.10620394366179849,0
2050,252,3,0.10811620550502338,0
2050,252,4,0.07375296387151074,0
2050,252,5,0.12988039740277788,0
2050,252,6,0.2874558386568084,0
2050,252,8,0.29459065090208103,0
2050,253,1,0.02079995099195048,0
2050,253,2,0.026408640734048774,0
2050,253,3,0.3216203213452139,0
2050,253,4,0.11466280672227137,0
2050,253,6,0.24881423132953082,0
2050,253,7,0.0763734720607704,0
2050,253,8,0.1913205768162143,0
2050,254,1,0.024882427899140358,0
2050,254,2,0.08930497315647738,0
2050,254,3,0.14689948123463326,0
2050,254,4,0.23641857181605808,0
2050,254,5,0.15364009117258448,0
2050,254,7,0.2855709964971698,0
2050,254,8,0.06328345822393651,0
2050,255,2,0.1418544876361546,0
2050,255,3,0.1347066977227595,0
2050,255,4,0.3733987613247938,0
2050,255,7,0.26735613841444034,0
2050,255,8,0.08268391490185181,0
2050,256,2,0.12338285054575039,0
2050,256,3,0.1305687639552925,0
2050,256,4,0.24559186600429384,0
2050,256,7,0.1762250848951851,0
2050,256,8,0.32423143459947823,0
2050,257,2,0.13992844491524375,0
2050,257,3,0.16200779364644857,0
2050,257,4,0.4292512432486735,0
2050,257,8,0.26881251818963425,0
2050,258,2,0.1300633706988263,0
2050,258,3,0.05361258789420005,0
2050,258,4,0.41237223456308325,0
2050,258,7,0.1736281843214645,0
2050,258,8,0.23032362252242594,0
2050,259,2,0.05264138647200136,0
2050,259,3,0.21246880007826513,0
2050,259,4,0.22166596368123512,0
2050,259,6,0.051321984694568036,0
2050,259,7,0.1263658297629106,0
2050,259,8,0.3355360353110198,0
2050,260,2,0.11131271777280781,0
2050,260,3,0.15604309458805798,0
2050,260,4,0.3842415727647434,0
2050,260,8,0.3484026148743909,0
2050,261,2,0.1646931047237207,0
2050,261,4,0.3838568414164473,0
2050,261,7,0.1691918191221024,0
2050,261,8,0.2822582347377296,0
2050,262,2,0.10988880195644116,0
2050,262,4,0.2561071449838834,0
2050,262,5,0.010007127025645775,0
2050,262,6,0.09592015596099454,0
2050,262,7,0.08284199358944169,0
2050,262,8,0.4452347764835935,0
2050,263,3,0.21716268963527505,0
2050,263,4,0.07175429160444477,0
2050,263,5,0.052849861341164636,0
2050,263,6,0.09529852060666007,0
2050,263,7,0.07050857935263519,0
2050,263,8,0.49242605745982027,0
2050,264,3,0.22360775764177399,0
2050,264,4,0.05349869273364921,0
2050,264,5,0.3155927836586103,0
2050,264,6,0.11745456733778072,0
2050,264,8,0.28984619862818584,0
2050,265,2,0.03047793068427549,0
2050,265,3,0.03797961338807077,0
2050,265,4,0.2253371869758925,0
2050,265,5,0.027407048393026198,0
2050,265,6,0.09787809830204164,0
2050,265,7,0.2854116477256519,0
2050,265,8,0.2955084745310414,0
2050,266,2,0.01359290510576204,0
2050,266,3,0.0616690263899827,0
2050,266,4,0.2315607918948832,0
2050,266,6,0.31397418666020216,0
2050,266,7,0.09053239368048434,0
2050,266,8,0.2886706962686855,0
2050,267,2,0.050187090865109904,0
2050,267,3,0.2952810308440277,0
2050,267,4,0.24390037996251407,0
2050,267,6,0.1605534545592327,0
2050,267,7,0.06333571717560589,0
2050,267,8,0.18674232659350967,0
2050,268,2,0.04452696006331042,0
2050,268,3,0.09700550513546644,0
2050,268,4,0.1353499658921483,0
2050,268,5,0.048097390197587096,0
2050,268,6,0.028505339258603345,0
2050,268,7,0.19771668078077903,0
2050,268,8,0.4487981586721056,0
2050,269,2,0.044632648889273915,0
2050,269,3,0.11151433159683186,0
2050,269,4,0.14083267278939154,0
2050,269,6,0.27146724894940627,0
2050,269,8,0.4315530977750965,0
2050,270,2,0.050350910169902674,0
2050,270,3,0.1861396253808471,0
2050,270,4,0.21494698285775574,0
2050,270,6,0.23870688014313687,0
2050,270,8,0.30985560144835755,0
2050,271,2,0.09289470941157627,0
2050,271,3,0.33713920419727916,0
2050,271,4,0.1858710281346144,0
2050,271,6,0.13311478049830566,0
2050,271,8,0.25098027775822435,0
2050,272,2,0.043384760555059555,0
2050,272,3,0.3521049993207094,0
2050,272,4,0.1402570568681173,0
2050,272,8,0.46425318325611376,0
2050,273,2,0.14662204063387033,0
2050,273,3,0.27021513381634055,0
2050,273,4,0.1884894368715026,0
2050,273,8,0.39467338867828666,0
2050,274,2,0.2105274221093882,0
2050,274,3,0.14980107468045517,0
2050,274,4,0.2837671801160865,0
2050,274,8,0.3559043230940701,0
2050,275,2,0.22794416814436672,0
2050,275,3,0.019042231677433505,0
2050,275,4,0.268612151513245,0
2050,275,8,0.48440144866495466,0
2050,276,8,1.0,0
2050,277,3,0.131855845051839,0
2050,277,5,0.013212561005682296,0
2050,277,6,0.27875173750936744,0
2050,277,7,0.25241392583224104,0
2050,277,8,0.3237659306008702,0
2050,278,3,0.12812555215033009,0
2050,278,4,0.22765632604005095,0
2050,278,5,0.2555627269966897,0
2050,278,6,0.02390527420046235,0
2050,278,7,0.3647501206124669,0
2050,279,2,0.1648869005706854,0
2050,279,3,0.018801513891790758,0
2050,279,4,0.4030136093441761,0
2050,279,5,0.28726585815503125,0
2050,279,6,0.04638229005770147,0
2050,279,7,0.0796498279806151,0
2050,280,2,0.1301402249636718,0
2050,280,3,0.04010701885580819,0
2050,280,4,0.3492086680758445,0
2050,280,5,0.04733759296849521,0
2050,280,6,0.1479724820973624,0
2050,280,7,0.23815940769413774,0
2050,280,8,0.04707460534468015,0
2050,281,2,0.13940832516114632,0
2050,281,3,0.09816592971985563,0
2050,281,4,0.03976263098383927,0
2050,281,5,0.20279987237643604,0
2050,281,6,0.1126061568534654,0
2050,281,7,0.3319841490974377,0
2050,281,8,0.07527293580781977,0
2050,282,2,0.08138205247602197,0
2050,282,3,0.06680259254063661,0
2050,282,4,0.032897725170201,0
2050,282,5,0.3308946867703876,0
2050,282,6,0.2854230386844892,0
2050,282,7,0.070534487314061,0
2050,282,8,0.13206541704420266,0
2050,283,2,0.09282641504926636,0
2050,283,3,0.32201885447655526,0
2050,283,4,0.02809306298614588,0
2050,283,6,0.4892293668699662,0
2050,283,8,0.06783230061806628,0
2050,284,2,0.16637357329932628,0
2050,284,3,0.4375102850859718,0
2050,284,4,0.028282968283929077,0
2050,284,6,0.06961492654908336,0
2050,284,7,0.07021772615817815,0
2050,284,8,0.2280005206235112,0
2050,285,2,0.13159625372615952,0
2050,285,3,0.14830813031572193,0
2050,285,4,0.03182291410087554,0
2050,285,5,0.11646745752465618,0
2050,285,6,0.023196491200836663,0
2050,285,7,0.41769235148242456,0
2050,285,8,0.13091640164932572,0
2050,286,2,0.16042820031176416,0
2050,286,3,0.14405288112826967,0
2050,286,4,0.10859301014305026,0
2050,286,6,0.26459607996657314,0
2050,286,7,0.3223298284503427,0
2050,287,2,0.2018060048270534,0
2050,287,3,0.22085621017625418,0
2050,287,4,0.09825005092315603,0
2050,287,6,0.22484292411234236,0
2050,287,7,0.13392196018690591,0
2050,287,8,0.12032284977428812,0
2050,288,2,0.17665553885870972,0
2050,288,3,0.21632856271874373,0
2050,288,4,0.19890224199668413,0
2050,288,5,0.1766559869445244,0
2050,288,7,0.0145712220298843,0
2050,288,8,0.21688644745145377,0
2050,289,1,0.026583690688193634,0
2050,289,2,0.16419312095151656,0
2050,289,3,0.05916881605970865,0
2050,289,4,0.1848960039184616,0
2050,289,6,0.023299185062097875,0
2050,289,7,0.4559339572431659,0
2050,289,8,0.0859252260768558,0
2050,290,7,1.0,0
2050,291,5,1.0,0
2050,292,6,1.0,0
2050,293,2,0.05748762161869171,0
2050,293,3,0.1620689365170482,0
2050,293,6,0.4619932587318054,0
2050,293,7,0.27932969595018287,0
2050,293,8,0.03912048718227188,0
2050,294,2,0.12464925327082042,0
2050,294,3,0.2491914761637777,0
2050,294,4,0.1806471187679613,0
2050,294,6,0.05706344615689537,0
2050,294,7,0.3884487056405452,0
2050,295,2,0.2401339498897046,0
2050,295,3,0.3151075614878853,0
2050,295,4,0.35874073380309796,0
2050,295,5,0.07473123871768812,0
2050,295,6,0.011286516101624006,0
2050,296,2,0.25786444721110663,0
2050,296,3,0.2496850717615166,0
2050,296,4,0.2609757992961399,0
2050,296,5,0.09016507476662858,0
2050,296,7,0.0,0
2050,296,8,0.14130960696460837,0
2050,297,1,0.036417827890344145,0
2050,297,2,0.14562550381208714,0
2050,297,3,0.2645296723931867,0
2050,297,4,0.17994243222309328,0
2050,297,7,0.31435672763094186,0
2050,297,8,0.05912783605034691,0
2050,298,2,0.20784755870626306,0
2050,298,3,0.03212660651221655,0
2050,298,4,0.30868253392730055,0
2050,298,5,0.22969187911208547,0
2050,298,7,0.19594947932122012,0
2050,298,8,0.025701942420914285,0
2050,299,2,0.15822387418312353,0
2050,299,3,0.13122208720696396,0
2050,299,4,0.3006228664826849,0
2050,299,5,0.02708593316763378,0
2050,299,6,0.11117805598238295,0
2050,299,7,0.1070580005858544,0
2050,299,8,0.16460918239135658,0
2050,300,2,0.16702131560097433,0
2050,300,3,0.13611811893605474,0
2050,300,4,0.21411804903044057,0
2050,300,6,0.016131325305186187,0
2050,300,7,0.26858172664295965,0
2050,300,8,0.19802946448438463,0
2050,301,2,0.17475061162754152,0
2050,301,3,0.17783293882264375,0
2050,301,4,0.18981878285551648,0
2050,301,5,0.022869676832469567,0
2050,301,6,0.013439898464093549,0
2050,301,7,0.3674700910607507,0
2050,301,8,0.053818000336984494,0
2050,302,2,0.012718997757405096,0
2050,302,3,0.27001863154753414,0
2050,302,4,0.15468699761786572,0
2050,302,5,0.17183152308211486,0
2050,302,6,0.1336093705995541,0
2050,302,7,0.12354608905883183,0
2050,302,8,0.1335883903366943,0
2050,303,3,0.367370523970111,0
2050,303,4,0.18054570695313596,0
2050,303,6,0.1861618590677069,0
2050,303,7,0.2659219100090462,0
2050,304,2,0.13058268158680383,0
2050,304,3,0.3334389989290064,0
2050,304,4,0.30625699375621,0
2050,304,7,0.10058604965551965,0
2050,304,8,0.12913527607246014,0
2050,305,2,0.20522657041147857,0
2050,305,3,0.2340233604835641,0
2050,305,4,0.22338441302792014,0
2050,305,8,0.3373656560770372,0
2050,306,2,0.13682302548002595,0
2050,306,3,0.1106721704921431,0
2050,306,4,0.2879275483405422,0
2050,306,5,0.21846751280363783,0
2050,306,8,0.24610974288365095,0
2050,307,2,0.022143035698785705,0
2050,307,3,0.06773635631056125,0
2050,307,4,0.1653989086506484,0
2050,307,5,0.09481874190328467,0
2050,307,6,0.04766722679193502,0
2050,307,7,0.14050707932890374,0
2050,307,8,0.4617286513158812,0
2050,308,3,0.022055030573675583,0
2050,308,4,0.17947780347479844,0
2050,308,5,0.4530864072144462,0
2050,308,6,0.0304722595168654,0
2050,308,7,0.05604005167463395,0
2050,308,8,0.2588684475455803,0
2050,309,1,0.09275960731314487,0
2050,309,3,0.12260238466810844,0
2050,309,4,0.202187689583418,0
2050,309,5,0.3698291020037224,0
2050,309,6,0.03393598661250117,0
2050,309,7,0.17868522981910523,0
2050,310,1,0.13180414042854854,0
2050,310,3,0.12899013513226742,0
2050,310,4,0.3614063235382334,0
2050,310,5,0.12603894381395045,0
2050,310,6,0.08801207179148643,0
2050,310,7,0.1637483852955138,0
2050,311,1,0.11315757675175396,0
2050,311,2,0.0961711870860598,0
2050,311,3,0.04054478969410597,0
2050,311,4,0.5228423969290791,0
2050,311,5,0.11851874502221806,0
2050,311,6,0.03733574528073816,0
2050,311,7,0.07142955923604499,0
2050,312,2,0.13953294252485945,0
2050,312,3,0.14952561322860755,0
2050,312,4,0.5170310339520939,0
2050,312,5,0.19391041029443906,0
2050,313,2,0.0943524262297304,0
2050,313,3,0.20784771897886803,0
2050,313,4,0.6282822333848668,0
2050,313,7,0.06951762140653488,0
2050,314,2,0.13776896577379286,0
2050,314,3,0.15429855951858662,0
2050,314,4,0.6001351727210089,0
2050,314,8,0.10779730198661161,0
2050,315,2,0.16330269731548622,0
2050,315,3,0.09211449715059412,0
2050,315,4,0.5203801696906264,0
2050,315,7,0.21005678276589645,0
2050,315,8,0.014145853077396693,0
2050,316,1,0.08047999710577604,0
2050,316,2,0.125393284876108,0
2050,316,3,0.1136726221261185,0
2050,316,4,0.4577431619159031,0
2050,316,5,0.09101719663625137,0
2050,316,7,0.13169373733984313,0
2050,317,2,0.049569090790323796,0
2050,317,3,0.05782294934597537,0
2050,317,4,0.6008629259794481,0
2050,317,7,0.29174503388425277,0
2050,318,2,0.09420512823892503,0
2050,318,3,0.07957982115486682,0
2050,318,4,0.6667944059077524,0
2050,318,7,0.07809999992965048,0
2050,318,8,0.0813206447688052,0
2050,319,3,0.13076859762584453,0
2050,319,4,0.45578833047587053,0
2050,319,6,0.24766175694751047,0
2050,319,8,0.16578131495077447,0
2050,320,2,0.02590794924876353,0
2050,320,3,0.24216558643424002,0
2050,320,4,0.46329544945051176,0
2050,320,7,0.26863101486648466,0
2050,321,2,0.08150299080940313,0
2050,321,3,0.02973956314136894,0
2050,321,4,0.5641191108050706,0
2050,321,6,0.08906168370247292,0
2050,321,7,0.023749758562830812,0
2050,321,8,0.21182689297885354,0
2050,322,2,0.09761291453211327,0
2050,322,3,0.15967718573131154,0
2050,322,4,0.5664064615792158,0
2050,322,6,0.1763034381573594,0
2050,323,2,0.015349266806912162,0
2050,323,3,0.04680276262296737,0
2050,323,4,0.6372473959823582,0
2050,323,6,0.26650918996101625,0
2050,323,8,0.034091384626745914,0
2050,324,3,0.2926528691687966,0
2050,324,4,0.42233338074509597,0
2050,324,6,0.2739058047605176,0
2050,324,8,0.01110794532558985,0
2050,325,2,0.010063003681026896,0
2050,325,3,0.5140672546610672,0
2050,325,4,0.29337608842834423,0
2050,325,7,0.1824936532295618,0
2050,326,3,0.3736828887132985,0
2050,326,4,0.26138227795471275,0
2050,326,7,0.3649348333319888,0
2050,327,1,0.11951716430176391,0
2050,327,3,0.36864039856301306,0
2050,327,4,0.15401280615521443,0
2050,327,5,0.23169884384902112,0
2050,327,6,0.047903503412893914,0
2050,327,7,0.041269656946812366,0
2050,327,8,0.03695762677128105,0
2050,328,2,0.05767493084994399,0
2050,328,3,0.10410371455157359,0
2050,328,4,0.5760916553320402,0
2050,328,6,0.06251075897606216,0
2050,328,7,0.19961894029038008,0
2050,329,2,0.0985720571663439,0
2050,329,3,0.1880034805641143,0
2050,329,4,0.5348971417295392,0
2050,329,7,0.17852732054000264,0
2050,330,2,0.033957026084429735,0
2050,330,3,0.5014333853989726,0
2050,330,4,0.2488612297134326,0
2050,330,7,0.17222920247269213,0
2050,330,8,0.04351915633047291,0
2050,331,2,0.0859408479837189,0
2050,331,3,0.362751590925486,0
2050,331,4,0.5513075610907953,0
2050,332,2,0.05672162468134454,0
2050,332,3,0.23999376205464212,0
2050,332,4,0.7032846132640134,0
2050,333,2,0.04401615960613014,0
2050,333,3,0.21759088617115535,0
2050,333,4,0.7383929542227146,0
2050,334,2,0.08587324037544418,0
2050,334,3,0.12341245151037684,0
2050,334,4,0.7002924066654207,0
2050,334,8,0.0904219014487583,0
2050,335,2,0.1068990171693177,0
2050,335,3,0.18908364374385972,0
2050,335,4,0.6206423431342385,0
2050,335,8,0.08337499595258412,0
2050,336,2,0.04556549374528003,0
2050,336,3,0.12508596881161924,0
2050,336,4,0.5413919925120618,0
2050,336,7,0.16658144138009187,0
2050,336,8,0.12137510355094702,0
2050,337,1,0.07865768835914627,0
2050,337,2,0.020169802565977203,0
2050,337,3,0.07020993035384626,0
2050,337,4,0.6277820102945705,0
2050,337,7,0.20318056842645993,0
2050,338,1,0.06123930192404716,0
2050,338,2,0.04077291342266002,0
2050,338,3,0.046579365922669855,0
2050,338,4,0.8400360915322197,0
2050,338,7,0.011372327198403228,0
2050,339,1,0.025760869791063918,0
2050,339,2,0.05667259036013815,0
2050,339,4,0.8592743143214866,0
2050,339,8,0.05829222552731136,0
2050,340,2,0.04614458715277869,0
2050,340,4,0.8660337951878505,0
2050,340,8,0.08782161765937083,0
2050,341,3,0.06263730595752647,0
2050,341,4,0.7175029491772692,0
2050,341,5,0.12181741396799413,0
2050,341,7,0.07450960478165808,0
2050,341,8,0.023532726115552155,0
2050,342,3,0.11569696093195608,0
2050,342,4,0.6739410619059577,0
2050,342,7,0.21036197716208618,0
2050,343,2,0.0882183819054236,0
2050,343,3,0.07479582246156026,0
2050,343,4,0.771174921161669,0
2050,343,7,0.0658108744713472,0
2050,344,2,0.05978520017055777,0
2050,344,3,0.15240110328629658,0
2050,344,4,0.7878136965431457,0
2050,345,1,0.04771773109145739,0
2050,345,2,0.01274851829265142,0
2050,345,3,0.06069928741775222,0
2050,345,4,0.8268481522775167,0
2050,345,8,0.051986310920622274,0
2050,346,1,0.10256442225574358,0
2050,346,3,0.038209770618878536,0
2050,346,4,0.658546695757035,0
2050,346,5,0.0409933721615253,0
2050,346,7,0.035254385577415934,0
2050,346,8,0.12443135362940162,0
2050,347,1,0.07428267741181416,0
2050,347,3,0.1782361592134009,0
2050,347,4,0.38771790516233073,0
2050,347,6,0.0689204286961117,0
2050,347,7,0.10292812756207662,0
2050,347,8,0.187914701954266,0
2050,348,1,0.07363025937260632,0
2050,348,3,0.14641307131120695,0
2050,348,4,0.3674669103674469,0
2050,348,5,0.05052330506153775,0
2050,348,6,0.07572316599778646,0
2050,348,7,0.28624328788941567,0
2050,349,3,0.20828525950458604,0
2050,349,4,0.37972027030321287,0
2050,349,5,0.3147968730103999,0
2050,349,7,0.09719759718180113,0
2050,350,3,0.13112600631471602,0
2050,350,4,0.6469878372849552,0
2050,350,6,0.05122788741193517,0
2050,350,7,0.17065826898839362,0
2050,351,1,0.015327983404695466,0
2050,351,3,0.224173817118133,0
2050,351,4,0.6939666512844651,0
2050,351,7,0.06653154819270639,0
2050,352,3,0.08167263912154932,0
2050,352,4,0.8149730547081482,0
2050,352,7,0.10335430617030254,0
2050,353,4,0.8755464162527086,0
2050,353,7,0.1244535837472914,0
2050,354,4,1.0,0
2050,355,2,0.01994065940702373,0
2050,355,3,0.0340268778807051,0
2050,355,4,0.9460324627122711,0
2050,356,2,0.043505473984674144,0
2050,356,3,0.0674584568477302,0
2050,356,4,0.8890360691675957,0
2050,357,2,0.08573340275091379,0
2050,357,3,0.06353914264849611,0
2050,357,4,0.8507274546005902,0
2050,358,2,0.06886746742572847,0
2050,358,3,0.03987541457838466,0
2050,358,4,0.8043772941400099,0
2050,358,7,0.08687982385587695,0
2050,359,2,0.07844288297814798,0
2050,359,4,0.7549211407416321,0
2050,359,7,0.14028002825002392,0
2050,359,8,0.026355948030195944,0
2050,360,3,0.08109311367779254,0
2050,360,4,0.6318390899620797,0
2050,360,7,0.1172367651302603,0
2050,360,8,0.16983103122986734,0
2050,361,3,0.07301963435915157,0
2050,361,4,0.5250027143036651,0
2050,361,7,0.4019776513371834,0
2050,362,1,0.019163583401313387,0
2050,362,3,0.19646906009262777,0
2050,362,4,0.5149640696550423,0
2050,362,5,0.07425090101087965,0
2050,362,7,0.19515238584013703,0
2050,363,3,0.21199579686002834,0
2050,363,4,0.5076896337923537,0
2050,363,7,0.280314569347618,0
2050,364,2,0.018679482602908384,0
2050,364,3,0.3612635342917942,0
2050,364,4,0.5522582239323094,0
2050,364,7,0.06779875917298812,0
2050,365,2,0.0547209401581213,0
2050,365,3,0.22569573677068738,0
2050,365,4,0.6397338301109566,0
2050,365,7,0.07984949296023465,0
