year,period,rep_period,weight,scenario
2050,1,4,0.21169865726707762,0
2050,1,10,0.182738368439374,0
2050,1,12,0.35951036659779684,0
2050,1,29,0.02382825673244393,0
2050,1,31,0.08344907705659338,0
2050,1,36,0.0277478503310207,0
2050,1,71,0.03210783029782713,0
2050,1,87,0.07891959327786646,0
2050,2,4,0.29312834986788083,0
2050,2,10,0.15108630585353822,0
2050,2,12,0.08350590964582057,0
2050,2,18,0.16593999351761318,0
2050,2,40,0.14516917115556457,0
2050,2,41,0.07204564767045393,0
2050,2,87,0.08912462228912864,0
2050,3,4,0.15764826052979186,0
2050,3,10,0.11183446071500663,0
2050,3,18,0.12803437326839348,0
2050,3,31,0.036081532087515106,0
2050,3,40,0.40840559823499717,0
2050,3,41,0.02198288431042093,0
2050,3,50,0.07374601690284481,0
2050,3,71,0.06226687395103006,0
2050,4,4,0.03355853180480149,0
2050,4,9,0.023224137726347155,0
2050,4,10,0.3534657000687795,0
2050,4,18,0.09805417439461768,0
2050,4,34,0.10502282195065973,0
2050,4,40,0.23204120651470683,0
2050,4,41,0.12819777359063503,0
2050,4,71,0.026435653949452628,0
2050,5,10,1.0,0
2050,6,3,0.11192112745529773,0
2050,6,6,0.054283694100986046,0
2050,6,10,0.16122134156562215,0
2050,6,12,0.0844534707126521,0
2050,6,18,0.08407126873552205,0
2050,6,29,0.05051176774471946,0
2050,6,70,0.24553334513451566,0
2050,6,81,0.20800398455068486,0
2050,7,4,0.15047506689993892,0
2050,7,6,0.03001291841777739,0
2050,7,10,0.2163483775572541,0
2050,7,12,0.15843043995265316,0
2050,7,29,0.17240625295598544,0
2050,7,41,0.0425762576985841,0
2050,7,71,0.09161076135504714,0
2050,7,87,0.13813992516275983,0
2050,8,4,0.3810453434286243,0
2050,8,10,0.06455105599032686,0
2050,8,16,0.03994887493059386,0
2050,8,18,0.12057157398021187,0
2050,8,31,0.026517357394177623,0
2050,8,39,0.011459562369250583,0
2050,8,40,0.18482062086579779,0
2050,8,71,0.030624888312032587,0
2050,8,73,0.027459275377396418,0
2050,8,87,0.11300144735158808,0
2050,9,4,0.013425805518303536,0
2050,9,7,0.061732072444062897,0
2050,9,10,0.08064034956627011,0
2050,9,18,0.2935221181707665,0
2050,9,39,0.26080827158525505,0
2050,9,40,0.25074141898131236,0
2050,9,41,0.039129963734029626,0
2050,10,18,1.0,0
2050,11,4,0.11348315991727252,0
2050,11,7,0.038668510589524176,0
2050,11,9,0.06930539780217915,0
2050,11,10,0.06670039328318864,0
2050,11,12,0.01722130107420798,0
2050,11,18,0.4172059538441316,0
2050,11,36,0.022017915077044314,0
2050,11,40,0.18766083283442964,0
2050,11,41,0.067736535578022,0
2050,12,4,0.11091922159302996,0
2050,12,7,0.07767710190635674,0
2050,12,10,0.16306264447870525,0
2050,12,18,0.5071251036831386,0
2050,12,36,0.01828118297097815,0
2050,12,40,0.09282089718991045,0
2050,12,41,0.0301138481778809,0
2050,13,4,0.24515047577805923,0
2050,13,10,0.04407483165603102,0
2050,13,18,0.23801525492838438,0
2050,13,22,0.03711912652656866,0
2050,13,31,0.032073312479115795,0
2050,13,36,0.06772333414913952,0
2050,13,39,0.013635449933048946,0
2050,13,40,0.18617961941894753,0
2050,13,41,0.10325000351577761,0
2050,13,42,0.03277859161492728,0
2050,14,4,0.2929140727899727,0
2050,14,16,0.11360897386681902,0
2050,14,18,0.1865504093894919,0
2050,14,36,0.06242958889689184,0
2050,14,39,0.03751924951723957,0
2050,14,40,0.10555259365200678,0
2050,14,41,0.12593531461126162,0
2050,14,42,0.05524001572938262,0
2050,14,87,0.02024978154693401,0
2050,15,4,0.3270282288769172,0
2050,15,9,0.07252358646378076,0
2050,15,16,0.08018895536916983,0
2050,15,18,0.23234045859784713,0
2050,15,36,0.14747892827900383,0
2050,15,40,0.07493079581529115,0
2050,15,55,0.05143161713308522,0
2050,15,87,0.014077429464904988,0
2050,16,4,0.26659282210674784,0
2050,16,9,0.13524926652167024,0
2050,16,11,0.03986270471110016,0
2050,16,16,0.05500001273993344,0
2050,16,22,0.05760056860432678,0
2050,16,23,0.034966983761933336,0
2050,16,36,0.09557163139906887,0
2050,16,40,0.24509356637767096,0
2050,16,71,0.07006244377754839,0
2050,17,3,0.042283859598312316,0
2050,17,4,0.18715795211021438,0
2050,17,9,0.03059575420045254,0
2050,17,10,0.04725342102932284,0
2050,17,12,0.21669869370815298,0
2050,17,22,0.06594453484322482,0
2050,17,23,0.08785132841508936,0
2050,17,33,0.07410097004385455,0
2050,17,36,0.056441047547222206,0
2050,17,40,0.04694802269752807,0
2050,17,41,0.05548294428426015,0
2050,17,68,0.08924147152236583,0
2050,18,4,0.20578415667299682,0
2050,18,6,0.037673058520842725,0
2050,18,10,0.10428622415087162,0
2050,18,11,0.1829370969998956,0
2050,18,23,0.0439394063542394,0
2050,18,27,0.021631838662007553,0
2050,18,35,0.222637285634546,0
2050,18,36,0.041777082440212825,0
2050,18,71,0.049856860271382364,0
2050,18,88,0.07424475099101145,0
2050,18,89,0.015232239301993576,0
2050,19,35,1.0,0
2050,20,4,0.030763749795975077,0
2050,20,6,0.018144095605073254,0
2050,20,9,0.05586335528357704,0
2050,20,22,0.10545654305343076,0
2050,20,28,0.05564551117671637,0
2050,20,31,0.03041608286276999,0
2050,20,35,0.3448049946378134,0
2050,20,44,0.02543119732977857,0
2050,20,47,0.02378921032773636,0
2050,20,60,0.0735195810188211,0
2050,20,71,0.1931400191437434,0
2050,20,88,0.043025659764564815,0
2050,21,4,0.0528332161110925,0
2050,21,11,0.2898261372933961,0
2050,21,22,0.02759435193790224,0
2050,21,24,0.013845942799043387,0
2050,21,27,0.04661800821483287,0
2050,21,30,0.029343709654320805,0
2050,21,31,0.06841985543879667,0
2050,21,35,0.21488594421657517,0
2050,21,36,0.1442605362147458,0
2050,21,88,0.11237229811929444,0
2050,22,88,1.0,0
2050,23,3,1.0,0
2050,24,3,0.13526340244591298,0
2050,24,4,0.03216294043831228,0
2050,24,12,0.0793729951040888,0
2050,24,18,0.2176516609889143,0
2050,24,20,0.16311070318424928,0
2050,24,23,0.08846805354693404,0
2050,24,40,0.020998472101221678,0
2050,24,42,0.014885308260357832,0
2050,24,63,0.06030285562120224,0
2050,24,81,0.18778360830880658,0
2050,25,3,0.3004370798580585,0
2050,25,18,0.054866270182753155,0
2050,25,20,0.04572835349968038,0
2050,25,28,0.11478068267735048,0
2050,25,37,0.01652951974323375,0
2050,25,39,0.11259539333231296,0
2050,25,55,0.12739672853420222,0
2050,25,68,0.10411766564588647,0
2050,25,88,0.12354830652652206,0
2050,26,4,0.15640563413220737,0
2050,26,9,0.01097343153180528,0
2050,26,12,0.09661262896458032,0
2050,26,18,0.13904534963008894,0
2050,26,30,0.046454287800781396,0
2050,26,31,0.043062813126612295,0
2050,26,37,0.022274877680287273,0
2050,26,42,0.014948952316247132,0
2050,26,55,0.024038414339326578,0
2050,26,65,0.026171024458842174,0
2050,26,81,0.3601749283051938,0
2050,26,88,0.059837657714027354,0
2050,27,4,0.14585051423076675,0
2050,27,7,0.10559058041138004,0
2050,27,16,0.09974134216465019,0
2050,27,20,0.09072841564339533,0
2050,27,28,0.1352434809736586,0
2050,27,30,0.06448181184946496,0
2050,27,34,0.023117850885480032,0
2050,27,39,0.06108729903284326,0
2050,27,55,0.030842148316246088,0
2050,27,71,0.014763118387130306,0
2050,27,75,0.014791499746911565,0
2050,27,88,0.21376193835807283,0
2050,28,4,0.17663914948389878,0
2050,28,7,0.08346168689322254,0
2050,28,9,0.01567480355671652,0
2050,28,12,0.11628619604999009,0
2050,28,16,0.16383847618221833,0
2050,28,18,0.15902746940584897,0
2050,28,30,0.026686404172917778,0
2050,28,31,0.07511250965056204,0
2050,28,81,0.18327330460462488,0
2050,29,4,0.22359687315423635,0
2050,29,9,0.30673687345323725,0
2050,29,16,0.14664866181056782,0
2050,29,18,0.039803651267383076,0
2050,29,30,0.05438084164890961,0
2050,29,31,0.028145639192753574,0
2050,29,40,0.20068745947291236,0
2050,30,9,1.0,0
2050,31,3,0.04758746145237086,0
2050,31,9,0.42144458146966446,0
2050,31,10,0.010487449022518292,0
2050,31,11,0.09820596067465913,0
2050,31,22,0.09311761880927905,0
2050,31,23,0.011127443983815788,0
2050,31,24,0.13025625523758583,0
2050,31,35,0.07210169420178864,0
2050,31,63,0.023374174059292718,0
2050,31,66,0.02627163459636068,0
2050,31,81,0.06602572649266455,0
2050,32,31,1.0,0
2050,33,2,0.014842879301434776,0
2050,33,20,0.09032428426267547,0
2050,33,24,0.1443563283589354,0
2050,33,31,0.30489841552601893,0
2050,33,36,0.02772998384597012,0
2050,33,40,0.022692928188320173,0
2050,33,49,0.08034177927041775,0
2050,33,55,0.14438727709961743,0
2050,33,82,0.026523418863855612,0
2050,33,88,0.1439027052827545,0
2050,34,3,0.1259685807565316,0
2050,34,11,0.1822967732768964,0
2050,34,16,0.10977731040581291,0
2050,34,22,0.04206596037311082,0
2050,34,30,0.014775048992329566,0
2050,34,31,0.07758949008564378,0
2050,34,52,0.02720371859511942,0
2050,34,62,0.07804446177572415,0
2050,34,83,0.08535171836479713,0
2050,34,88,0.25692693737403427,0
2050,35,3,0.11849161154113998,0
2050,35,14,0.020770394579176222,0
2050,35,16,0.03774254962447597,0
2050,35,23,0.06024267608044494,0
2050,35,25,0.01302665684597848,0
2050,35,31,0.06124627028755563,0
2050,35,35,0.025183042507113704,0
2050,35,37,0.3063616109279975,0
2050,35,47,0.08855788747235746,0
2050,35,49,0.02329011889506043,0
2050,35,74,0.012317150054503241,0
2050,35,86,0.037692433247886174,0
2050,35,88,0.1798760918029072,0
2050,35,90,0.01520150613340289,0
2050,36,37,1.0,0
2050,37,6,0.016546528772031704,0
2050,37,9,0.1700259668574228,0
2050,37,14,0.10506688291571162,0
2050,37,18,0.09187400116479953,0
2050,37,23,0.05988463737475304,0
2050,37,24,0.10722638730321848,0
2050,37,37,0.10182366593295018,0
2050,37,40,0.34755192967911264,0
2050,38,4,0.13010077296269126,0
2050,38,12,0.18282029171407457,0
2050,38,17,0.011925026098512037,0
2050,38,18,0.07687895617371428,0
2050,38,21,0.018903023141659505,0
2050,38,22,0.045011532263688404,0
2050,38,31,0.17738716725831077,0
2050,38,37,0.03939883959315044,0
2050,38,40,0.14658370864510825,0
2050,38,41,0.10663674943081042,0
2050,38,44,0.026399066635357727,0
2050,38,89,0.0379548660829224,0
2050,39,40,1.0,0
2050,40,20,1.0,0
2050,41,3,0.021825832608805593,0
2050,41,6,0.2583375370480043,0
2050,41,13,0.01724022056698749,0
2050,41,20,0.43362050906798827,0
2050,41,33,0.02171115369119585,0
2050,41,35,0.07051682915661595,0
2050,41,40,0.02177742065848125,0
2050,41,41,0.03117196885799547,0
2050,41,71,0.041771793008223305,0
2050,41,88,0.08202673533570252,0
2050,42,3,0.04541321351188469,0
2050,42,6,0.32771515106145416,0
2050,42,12,0.05743603467517827,0
2050,42,20,0.014648925681159278,0
2050,42,27,0.04554298358146563,0
2050,42,28,0.07730203054170304,0
2050,42,35,0.3259920595301066,0
2050,42,63,0.013352757169160243,0
2050,42,67,0.012440860093287978,0
2050,42,70,0.03324650244325426,0
2050,42,71,0.015056889234623934,0
2050,42,83,0.010831248336130313,0
2050,42,90,0.02102134414059154,0
2050,43,1,0.014401992117439604,0
2050,43,6,0.26052901016711877,0
2050,43,10,0.10993828063389323,0
2050,43,11,0.055383407275735284,0
2050,43,22,0.03196111558786732,0
2050,43,35,0.1979905318232984,0
2050,43,44,0.01749579751568994,0
2050,43,51,0.016071251785685744,0
2050,43,63,0.09860075514634759,0
2050,43,71,0.11338859000015027,0
2050,43,85,0.037335623360893924,0
2050,43,89,0.04690364458587995,0
2050,44,63,1.0,0
2050,45,55,1.0,0
2050,46,4,0.12851009781294176,0
2050,46,9,0.06533150423980807,0
2050,46,11,0.060407586171015125,0
2050,46,12,0.09682102597350874,0
2050,46,20,0.06990439340261709,0
2050,46,34,0.15583993950070588,0
2050,46,40,0.0657554081021122,0
2050,46,55,0.07449972388140416,0
2050,46,71,0.24733273702507758,0
2050,46,89,0.03559758389080942,0
2050,47,9,0.22362811932268864,0
2050,47,11,0.07571893065807724,0
2050,47,12,0.18436766853197784,0
2050,47,17,0.02647616928450301,0
2050,47,22,0.14447279782608224,0
2050,47,34,0.08690684729346661,0
2050,47,40,0.08834882905564763,0
2050,47,71,0.1700806380275568,0
2050,48,9,0.25460903005565305,0
2050,48,11,0.1004373877919076,0
2050,48,12,0.15056165530728252,0
2050,48,16,0.012625402955327634,0
2050,48,19,0.04837655767619922,0
2050,48,22,0.2884033491947865,0
2050,48,31,0.09665545881629885,0
2050,48,40,0.048331158202544466,0
2050,49,4,0.016759868972490488,0
2050,49,9,0.024624247789388435,0
2050,49,12,0.3487026400194555,0
2050,49,16,0.12411969268821169,0
2050,49,19,0.08486053027712588,0
2050,49,22,0.20597212543982632,0
2050,49,29,0.02834990341735873,0
2050,49,31,0.16661099139614302,0
2050,50,4,0.23993419945137862,0
2050,50,12,0.3126365647196279,0
2050,50,19,0.07016663322593178,0
2050,50,29,0.026077427140047998,0
2050,50,31,0.157282034686598,0
2050,50,63,0.03423617805796631,0
2050,50,71,0.14140234838096505,0
2050,50,87,0.018264614337484317,0
2050,51,4,0.18677028123600178,0
2050,51,6,0.09589869962240359,0
2050,51,16,0.014301067263494747,0
2050,51,24,0.05954397429684429,0
2050,51,31,0.012434180808042377,0
2050,51,36,0.012039672891150113,0
2050,51,40,0.2043412856831904,0
2050,51,42,0.060374980921659785,0
2050,51,55,0.035295782401188615,0
2050,51,71,0.3190000748760242,0
2050,52,9,0.3193708854169637,0
2050,52,11,0.17062841755750704,0
2050,52,16,0.052656774001726595,0
2050,52,21,0.041670945805175996,0
2050,52,22,0.06372755250476395,0
2050,52,34,0.03185284460569027,0
2050,52,36,0.020587965415159754,0
2050,52,40,0.08382413287027454,0
2050,52,41,0.06993663376958363,0
2050,52,60,0.0205219277018781,0
2050,52,66,0.1252219203512764,0
2050,53,4,0.016306973159634027,0
2050,53,9,0.22603866591400815,0
2050,53,12,0.20630615152404022,0
2050,53,16,0.05805010250148871,0
2050,53,17,0.022704048824281862,0
2050,53,22,0.04649923137369113,0
2050,53,23,0.17346735957156598,0
2050,53,31,0.035875683630169075,0
2050,53,33,0.04288187039396619,0
2050,53,44,0.06257561090278899,0
2050,53,89,0.10929430220436559,0
2050,54,4,0.15551677079032844,0
2050,54,9,0.14703033188931344,0
2050,54,12,0.12911342180429186,0
2050,54,16,0.19002344823120473,0
2050,54,18,0.05587448925253162,0
2050,54,19,0.018836577480290637,0
2050,54,23,0.053548413750104454,0
2050,54,31,0.06611588210681497,0
2050,54,36,0.11977254768824841,0
2050,54,81,0.06416811700687157,0
2050,55,16,1.0,0
2050,56,9,0.05233473132483651,0
2050,56,11,0.08656953474411241,0
2050,56,16,0.1570376887377378,0
2050,56,22,0.06064824841826098,0
2050,56,23,0.13872692118621685,0
2050,56,24,0.03784596044132864,0
2050,56,26,0.03193759866727017,0
2050,56,33,0.020399998656184363,0
2050,56,37,0.09818521795803312,0
2050,56,43,0.02749953958458891,0
2050,56,59,0.04978316924619934,0
2050,56,66,0.015183157469812908,0
2050,56,68,0.22384823356541803,0
2050,57,3,0.02845151645530935,0
2050,57,20,0.05647951770541134,0
2050,57,23,0.12985791064469174,0
2050,57,33,0.03318468371928227,0
2050,57,37,0.022047673617758563,0
2050,57,43,0.030572150431752907,0
2050,57,54,0.03696904812163312,0
2050,57,66,0.010212488314990437,0
2050,57,81,0.6522250109891703,0
2050,58,9,0.022053819867486026,0
2050,58,11,0.024698478060570638,0
2050,58,16,0.12560945553362154,0
2050,58,24,0.08253810946191292,0
2050,58,30,0.01653088112180237,0
2050,58,32,0.028758076280600866,0
2050,58,35,0.10012503435545646,0
2050,58,37,0.010196673922327617,0
2050,58,55,0.014859174184712252,0
2050,58,71,0.09812055379365694,0
2050,58,74,0.03367226992848827,0
2050,58,81,0.3202272024130028,0
2050,58,83,0.017143534140950732,0
2050,58,88,0.10546673693541059,0
2050,59,81,1.0,0
2050,60,4,0.2441419971567222,0
2050,60,12,0.07273656784462969,0
2050,60,16,0.3025939839344718,0
2050,60,18,0.11245332592052877,0
2050,60,21,0.05243134005878954,0
2050,60,40,0.05996362264722581,0
2050,60,71,0.03959519381179416,0
2050,60,81,0.05133735007396716,0
2050,60,87,0.06474661855187076,0
2050,61,7,0.11048808426803333,0
2050,61,8,0.024928290680862917,0
2050,61,9,0.0406638515367728,0
2050,61,12,0.08770289780619982,0
2050,61,16,0.18917161236514832,0
2050,61,18,0.16888453550204355,0
2050,61,24,0.014845872828454634,0
2050,61,25,0.010770504532576672,0
2050,61,39,0.13469828662589983,0
2050,61,40,0.1304762619127814,0
2050,61,41,0.08736980194122675,0
2050,62,7,0.3103516145838737,0
2050,62,10,0.11138818119547854,0
2050,62,12,0.14269525277060596,0
2050,62,21,0.013723895209875776,0
2050,62,39,0.03450447818439417,0
2050,62,40,0.035269254896238056,0
2050,62,41,0.1647976282648117,0
2050,62,42,0.0521128305669054,0
2050,62,73,0.13515686432781662,0
2050,63,7,0.30301390214346935,0
2050,63,8,0.03295133107513459,0
2050,63,10,0.05000986977535584,0
2050,63,11,0.029384818053747843,0
2050,63,16,0.20630867676264583,0
2050,63,23,0.0383121643515396,0
2050,63,29,0.01224534071050616,0
2050,63,39,0.028879535494473318,0
2050,63,42,0.015801921135338688,0
2050,63,53,0.07422060718614436,0
2050,63,54,0.03915849100488595,0
2050,63,55,0.16971334230675844,0
2050,64,3,0.26680585104298654,0
2050,64,7,0.15385394991961188,0
2050,64,12,0.07466194243252007,0
2050,64,16,0.010885084942025008,0
2050,64,20,0.05134571841011417,0
2050,64,23,0.046534264867415215,0
2050,64,37,0.15868084303587843,0
2050,64,43,0.016688448906943158,0
2050,64,52,0.12073046252099001,0
2050,64,68,0.07470465478439937,0
2050,64,86,0.02510877913711615,0
2050,65,3,0.17812585141575427,0
2050,65,9,0.05037850907573343,0
2050,65,10,0.1134979762657805,0
2050,65,12,0.5393911073971727,0
2050,65,23,0.01708206917295078,0
2050,65,25,0.0740031477617018,0
2050,65,40,0.027521338910906516,0
2050,66,12,1.0,0
2050,67,4,0.04261440332940026,0
2050,67,12,0.5614075688919434,0
2050,67,17,0.014620496930832576,0
2050,67,19,0.03930938388136845,0
2050,67,22,0.18176930527401403,0
2050,67,29,0.052669890314140363,0
2050,67,34,0.048761577576827975,0
2050,67,40,0.0588473738014729,0
2050,68,11,0.19711689794528559,0
2050,68,12,0.22134730007293116,0
2050,68,28,0.11573339649486268,0
2050,68,29,0.0190545519071647,0
2050,68,44,0.13548775824440287,0
2050,68,52,0.10547109617879892,0
2050,68,70,0.16755197990583023,0
2050,68,89,0.038237019250723814,0
2050,69,2,0.052226243935170384,0
2050,69,4,0.03767917774164095,0
2050,69,12,0.27100872439942714,0
2050,69,28,0.11597470393264926,0
2050,69,42,0.01814142650385427,0
2050,69,71,0.2340008933299997,0
2050,69,82,0.018657680873485114,0
2050,69,83,0.020430747360732974,0
2050,69,87,0.0787673990922408,0
2050,69,89,0.1531130028307994,0
2050,70,28,1.0,0
2050,71,7,0.040652675075125634,0
2050,71,9,0.1287021317999502,0
2050,71,10,0.01323390115963362,0
2050,71,12,0.11903961969560438,0
2050,71,18,0.021095253747206673,0
2050,71,24,0.03724393962075423,0
2050,71,25,0.012735490960719083,0
2050,71,28,0.23633581455186672,0
2050,71,39,0.07030998952316396,0
2050,71,40,0.010984806652837163,0
2050,71,42,0.040258132584389546,0
2050,71,44,0.0723948852637855,0
2050,71,61,0.19701335936496334,0
2050,72,2,0.016969243958870135,0
2050,72,4,0.12188061555027302,0
2050,72,6,0.12766615625684916,0
2050,72,7,0.02935028725027716,0
2050,72,9,0.05506077191973688,0
2050,72,11,0.07735160054365561,0
2050,72,12,0.019559583354587913,0
2050,72,31,0.025279367345205115,0
2050,72,36,0.047906407321177756,0
2050,72,40,0.17306961416491362,0
2050,72,41,0.011311936222944633,0
2050,72,44,0.049684235871710725,0
2050,72,82,0.07207534529538648,0
2050,72,83,0.10650668507648152,0
2050,72,89,0.06632814986793023,0
2050,73,2,0.011866130249349214,0
2050,73,4,0.15877778883625163,0
2050,73,6,0.0581432775596746,0
2050,73,7,0.07610273196394922,0
2050,73,12,0.01921299319700119,0
2050,73,29,0.04013509672872131,0
2050,73,31,0.12676292243017592,0
2050,73,34,0.05011386082296611,0
2050,73,42,0.03355212359672689,0
2050,73,73,0.06277620524009783,0
2050,73,82,0.1215848335026987,0
2050,73,83,0.18739859949264984,0
2050,73,87,0.0,0
2050,73,89,0.053573436379737535,0
2050,74,3,0.01678213010609459,0
2050,74,7,0.2056210782418183,0
2050,74,12,0.1685133105427006,0
2050,74,20,0.02340932933734982,0
2050,74,24,0.03881853100923235,0
2050,74,28,0.04610723202063469,0
2050,74,29,0.07019307432701936,0
2050,74,31,0.04041724504282719,0
2050,74,34,0.08378560290163403,0
2050,74,40,0.08544440361302515,0
2050,74,42,0.04542172327058114,0
2050,74,72,0.05452496187207068,0
2050,74,75,0.040965186064452534,0
2050,74,76,0.013129371840004248,0
2050,74,82,0.06686681981055527,0
2050,75,6,0.16178827701720194,0
2050,75,7,0.02226480470969945,0
2050,75,10,0.07264989293925626,0
2050,75,12,0.1737098567781958,0
2050,75,20,0.1046883049034466,0
2050,75,22,0.0327388556267022,0
2050,75,28,0.014989646477422274,0
2050,75,33,0.07603311049444514,0
2050,75,34,0.11408008705431046,0
2050,75,40,0.15803892614128898,0
2050,75,43,0.0430551925466112,0
2050,75,76,0.010089970048445815,0
2050,75,82,0.01587307526297389,0
2050,76,6,0.3242078345559681,0
2050,76,7,0.12973526361684387,0
2050,76,20,0.05517688686601294,0
2050,76,22,0.2212496121584231,0
2050,76,28,0.05076724259811494,0
2050,76,40,0.029336436406508105,0
2050,76,43,0.08205645944895677,0
2050,76,82,0.10747026434917224,0
2050,77,6,0.015358647943593514,0
2050,77,7,0.11222067029467406,0
2050,77,11,0.0282851251998449,0
2050,77,25,0.13196008932873815,0
2050,77,27,0.0351175551718996,0
2050,77,35,0.013296720923378077,0
2050,77,43,0.010791725614899543,0
2050,77,44,0.02175703872686819,0
2050,77,48,0.10404433356269392,0
2050,77,50,0.03880352510034673,0
2050,77,63,0.045576800607603524,0
2050,77,72,0.026086353401770027,0
2050,77,75,0.05541376414517312,0
2050,77,83,0.32384915038502005,0
2050,77,90,0.03743849959349673,0
2050,78,83,1.0,0
2050,79,3,0.09667058690337005,0
2050,79,6,0.17094460044480392,0
2050,79,11,0.11040119768077741,0
2050,79,25,0.014633806376854425,0
2050,79,31,0.07910148837076492,0
2050,79,35,0.21933254323833903,0
2050,79,43,0.010327657208585757,0
2050,79,44,0.042917644409405625,0
2050,79,55,0.04110175188984451,0
2050,79,62,0.04748272033553181,0
2050,79,67,0.023011281147403716,0
2050,79,83,0.14407472199431895,0
2050,80,12,0.2918427301773335,0
2050,80,21,0.012567742026930196,0
2050,80,24,0.0941397229343147,0
2050,80,31,0.05962024287012835,0
2050,80,40,0.10658892125777247,0
2050,80,44,0.014477592851231546,0
2050,80,60,0.02420083120923931,0
2050,80,63,0.17341582679072648,0
2050,80,82,0.06047713217593226,0
2050,80,83,0.16266925770639112,0
2050,81,9,0.16439003936953284,0
2050,81,12,0.030857491203718515,0
2050,81,13,0.028887492166259375,0
2050,81,18,0.04973431381578704,0
2050,81,20,0.07185410342687637,0
2050,81,24,0.06879127238232521,0
2050,81,26,0.06585751592662759,0
2050,81,28,0.07568392788594827,0
2050,81,34,0.04625604844580634,0
2050,81,42,0.06315915485398382,0
2050,81,48,0.08627046200379207,0
2050,81,61,0.011784190343694052,0
2050,81,83,0.2364739881756485,0
2050,82,4,0.09448957584162845,0
2050,82,6,0.18383768832112388,0
2050,82,11,0.22064763387561093,0
2050,82,12,0.20301704158265158,0
2050,82,17,0.06806037896511369,0
2050,82,19,0.010808049253483628,0
2050,82,22,0.01143499737419986,0
2050,82,34,0.04295910090902664,0
2050,82,71,0.12154621119204344,0
2050,82,89,0.04319932268511801,0
2050,83,11,1.0,0
2050,84,3,0.08781837245865033,0
2050,84,6,0.04413257422858621,0
2050,84,7,0.07281006292577735,0
2050,84,9,0.038251254346041284,0
2050,84,11,0.2129865354776368,0
2050,84,12,0.024942513690724397,0
2050,84,23,0.01529832852008025,0
2050,84,24,0.052207882910350924,0
2050,84,25,0.013144260273918133,0
2050,84,26,0.07558730060000568,0
2050,84,33,0.09197111188464069,0
2050,84,35,0.01494856539192722,0
2050,84,37,0.14792358210406753,0
2050,84,83,0.061591779126346925,0
2050,84,86,0.04638587606124635,0
2050,85,4,0.18187996763451142,0
2050,85,6,0.10142276703344943,0
2050,85,9,0.1674999137767661,0
2050,85,10,0.045787769640531946,0
2050,85,11,0.13130949095729558,0
2050,85,12,0.06568572150854043,0
2050,85,23,0.05487315111005019,0
2050,85,31,0.12639923535699615,0
2050,85,36,0.020698795684543504,0
2050,85,44,0.04330975258185001,0
2050,85,63,0.041588607059747075,0
2050,85,83,0.019544827655718224,0
2050,86,24,1.0,0
2050,87,3,0.17033558548681962,0
2050,87,7,0.2996480920070533,0
2050,87,11,0.07211314389990502,0
2050,87,18,0.03417411256247474,0
2050,87,23,0.037300974456500685,0
2050,87,24,0.08259217492085458,0
2050,87,42,0.042601878564205393,0
2050,87,54,0.05614835549082749,0
2050,87,64,0.011732264132689968,0
2050,87,81,0.19335341847866924,0
2050,88,4,0.28617552263989143,0
2050,88,7,0.19198798067819062,0
2050,88,9,0.0713612528718404,0
2050,88,12,0.0313212717272186,0
2050,88,18,0.13065498180662996,0
2050,88,21,0.06931908715511674,0
2050,88,24,0.07600134403721108,0
2050,88,28,0.013737012516024686,0
2050,88,30,0.03658687365190325,0
2050,88,36,0.012684425224800401,0
2050,88,41,0.019554810387690302,0
2050,88,83,0.06061543730348258,0
2050,89,4,0.12704314491918228,0
2050,89,7,0.4606980516672443,0
2050,89,9,0.06038355868275787,0
2050,89,12,0.01736858266167992,0
2050,89,24,0.06812635514465788,0
2050,89,40,0.16184675100188753,0
2050,89,41,0.10453355592259,0
2050,90,4,0.03232923321083442,0
2050,90,7,0.6286979907694689,0
2050,90,9,0.014726751977718841,0
2050,90,11,0.01924604613068136,0
2050,90,16,0.05266201427527201,0
2050,90,24,0.11219165043679057,0
2050,90,36,0.02740281622762437,0
2050,90,39,0.051919312758073474,0
2050,90,41,0.060824184213536095,0
2050,91,7,1.0,0
2050,92,7,0.33844860008462685,0
2050,92,18,0.08699166890856558,0
2050,92,20,0.012827117497409552,0
2050,92,21,0.04278195697192216,0
2050,92,24,0.09482719629500022,0
2050,92,25,0.15385130487638127,0
2050,92,39,0.039504336076027075,0
2050,92,40,0.10485598242168914,0
2050,92,42,0.041090306045660115,0
2050,92,43,0.04412074930642882,0
2050,92,78,0.04070078151628917,0
2050,93,43,1.0,0
2050,94,6,0.26217509494129126,0
2050,94,24,0.021753883579369748,0
2050,94,25,0.0163886520012558,0
2050,94,28,0.016548806881191026,0
2050,94,31,0.03310729329058134,0
2050,94,37,0.09825900859455806,0
2050,94,43,0.04332412761982203,0
2050,94,44,0.1164654320445317,0
2050,94,46,0.11949364405565295,0
2050,94,58,0.01629660275889443,0
2050,94,60,0.05660855290171244,0
2050,94,63,0.157612252192106,0
2050,94,77,0.031059357579624032,0
2050,94,81,0.010907291559409022,0
2050,95,6,0.11112715153356972,0
2050,95,14,0.01564968737667269,0
2050,95,22,0.027094290195146503,0
2050,95,25,0.10301888439451275,0
2050,95,28,0.04237472513666165,0
2050,95,37,0.22990015998290242,0
2050,95,43,0.1519947688989849,0
2050,95,44,0.05444339050139543,0
2050,95,47,0.047444315092202996,0
2050,95,48,0.047750379539853276,0
2050,95,60,0.022870260770386057,0
2050,95,86,0.1463319865777116,0
2050,96,3,0.010888868569446474,0
2050,96,6,0.27347325528897726,0
2050,96,14,0.12425588995223322,0
2050,96,25,0.05398700828532561,0
2050,96,37,0.2689820525818492,0
2050,96,43,0.2011027169549192,0
2050,96,48,0.0500258343257828,0
2050,96,83,0.01728437404146623,0
2050,97,6,0.2554476159695664,0
2050,97,7,0.05554003557859655,0
2050,97,9,0.061539106422590986,0
2050,97,14,0.01598233689583543,0
2050,97,20,0.18597146866325032,0
2050,97,22,0.08597954386577714,0
2050,97,25,0.3059951871386645,0
2050,97,33,0.01853629171405834,0
2050,97,89,0.015008413751660184,0
2050,98,6,0.3475456270674473,0
2050,98,9,0.09994188284447647,0
2050,98,11,0.12366812243053411,0
2050,98,22,0.06542660286962403,0
2050,98,25,0.15727297565544807,0
2050,98,28,0.15300874728039704,0
2050,98,78,0.05313604185207301,0
2050,99,6,1.0,0
2050,100,6,0.42604991797070446,0
2050,100,11,0.06495801434483446,0
2050,100,28,0.11582010232697978,0
2050,100,34,0.021723858574665883,0
2050,100,42,0.12253987285601046,0
2050,100,44,0.037185223251542096,0
2050,100,71,0.04200975482792878,0
2050,100,85,0.16971325584733404,0
2050,101,42,1.0,0
2050,102,2,0.04763392889016248,0
2050,102,4,0.12716702127295257,0
2050,102,6,0.06365681198259733,0
2050,102,12,0.10901821862437473,0
2050,102,19,0.035649121312373626,0
2050,102,25,0.096125998178363,0
2050,102,29,0.03978443611618528,0
2050,102,31,0.03928627555872626,0
2050,102,34,0.25554497540568755,0
2050,102,36,0.0227712024461208,0
2050,102,40,0.018229305465626084,0
2050,102,44,0.06855471575523024,0
2050,102,87,0.07657798899160002,0
2050,103,34,1.0,0
2050,104,2,0.0180649868572478,0
2050,104,4,0.08495372278000753,0
2050,104,6,0.02635399433942379,0
2050,104,7,0.06892651516649151,0
2050,104,12,0.052332593866137464,0
2050,104,19,0.09248511740581017,0
2050,104,25,0.1733724359557907,0
2050,104,29,0.10425970661392059,0
2050,104,34,0.2749538592360208,0
2050,104,42,0.0883124191927828,0
2050,104,44,0.015984648586366827,0
2050,105,2,0.051784829210968844,0
2050,105,7,0.09917344574736267,0
2050,105,25,0.2485375575271702,0
2050,105,29,0.157612802299156,0
2050,105,34,0.17788228090145636,0
2050,105,42,0.027894173867264973,0
2050,105,44,0.0891100040350006,0
2050,105,73,0.039397209859815194,0
2050,105,82,0.10860769655180509,0
2050,106,2,0.04153139903155958,0
2050,106,6,0.13364359034574444,0
2050,106,12,0.016917391697875872,0
2050,106,17,0.017393391430478137,0
2050,106,25,0.10112416471164756,0
2050,106,34,0.12661651365915136,0
2050,106,40,0.14817419302990195,0
2050,106,41,0.031034120665313875,0
2050,106,43,0.05116342104476809,0
2050,106,44,0.31358259628476803,0
2050,106,82,0.018819218098791043,0
2050,107,6,0.14406670453525058,0
2050,107,12,0.16404802461121715,0
2050,107,18,0.0317390920384648,0
2050,107,25,0.1114122276760404,0
2050,107,28,0.06960917434107668,0
2050,107,36,0.033462148782135936,0
2050,107,37,0.08170828680431252,0
2050,107,41,0.04889378183940441,0
2050,107,42,0.029167467495657746,0
2050,107,44,0.24759775116105315,0
2050,107,86,0.03829534071538677,0
2050,108,6,0.04275037327435204,0
2050,108,7,0.10931732614016634,0
2050,108,9,0.10672002703854615,0
2050,108,11,0.06235714618564922,0
2050,108,14,0.08059786418291602,0
2050,108,24,0.016240957121819097,0
2050,108,25,0.14535864933108344,0
2050,108,28,0.014057723740369309,0
2050,108,32,0.037873515752906615,0
2050,108,42,0.09776156875471177,0
2050,108,43,0.09702993619238603,0
2050,108,44,0.06485514737394768,0
2050,108,61,0.10367224362716218,0
2050,108,80,0.021407521283983967,0
2050,109,4,0.04367301909361451,0
2050,109,6,0.35070247908529073,0
2050,109,12,0.03488104940210043,0
2050,109,17,0.07413117525896348,0
2050,109,26,0.029837957273328733,0
2050,109,28,0.13712230889500984,0
2050,109,42,0.06877021367925573,0
2050,109,44,0.14698523220247808,0
2050,109,78,0.05838812378943883,0
2050,109,83,0.0555084413205196,0
2050,110,6,0.20023272170516215,0
2050,110,11,0.04786461382562486,0
2050,110,25,0.3119816453495078,0
2050,110,34,0.06616743506327319,0
2050,110,40,0.12532124927094726,0
2050,110,41,0.03384456785784791,0
2050,110,44,0.16146947484744748,0
2050,110,78,0.053118292080189373,0
2050,111,25,1.0,0
2050,112,2,0.021850616246176964,0
2050,112,6,0.1959269906466794,0
2050,112,12,0.03301324110773136,0
2050,112,19,0.027086008441264436,0
2050,112,25,0.3112191666428035,0
2050,112,27,0.03555845804336109,0
2050,112,28,0.028190093219754755,0
2050,112,42,0.19267187858571,0
2050,112,83,0.061607014139622544,0
2050,112,90,0.09287653292689602,0
2050,113,2,0.11529000828616474,0
2050,113,6,0.2446005533491111,0
2050,113,17,0.13110982454476366,0
2050,113,22,0.03382124784966407,0
2050,113,25,0.07283116971680076,0
2050,113,34,0.09544628066038069,0
2050,113,44,0.29534947048049226,0
2050,113,89,0.011551445112622847,0
2050,114,44,1.0,0
2050,115,8,0.07713192944752624,0
2050,115,13,0.016076507417065126,0
2050,115,19,0.026746410967968176,0
2050,115,21,0.04080460610785927,0
2050,115,25,0.054156137096799506,0
2050,115,30,0.12647194134799153,0
2050,115,34,0.027640975733192293,0
2050,115,37,0.04046732946971663,0
2050,115,42,0.18354154777836143,0
2050,115,44,0.11560493376257229,0
2050,115,62,0.011003615659237147,0
2050,115,67,0.04583356435042221,0
2050,115,68,0.012089446929335878,0
2050,115,81,0.0839574138825087,0
2050,115,83,0.1384736400494435,0
2050,116,6,0.011954734139775115,0
2050,116,8,0.013211515702683342,0
2050,116,11,0.08805598604136793,0
2050,116,14,0.011244377719090967,0
2050,116,25,0.07025246130663727,0
2050,116,30,0.09401692871174244,0
2050,116,34,0.017569260616996242,0
2050,116,44,0.24508756462324846,0
2050,116,57,0.06992985120847417,0
2050,116,66,0.10854402556423229,0
2050,116,69,0.014936140618375554,0
2050,116,83,0.04366787708183451,0
2050,116,88,0.12031877840428332,0
2050,116,90,0.09121049826125846,0
2050,117,8,0.07326978514458406,0
2050,117,25,0.19136655254139984,0
2050,117,26,0.1031563524318362,0
2050,117,37,0.10801397608135604,0
2050,117,42,0.047452672368744564,0
2050,117,43,0.1459065141282307,0
2050,117,44,0.0260076057987907,0
2050,117,61,0.09680170982661526,0
2050,117,64,0.1600370119108472,0
2050,117,66,0.04798781976759534,0
2050,118,3,0.03916650895173801,0
2050,118,7,0.1708786223965039,0
2050,118,8,0.131013183960177,0
2050,118,14,0.03809561514087927,0
2050,118,25,0.1182397911869517,0
2050,118,42,0.06912418940648415,0
2050,118,43,0.08864552314740097,0
2050,118,44,0.12368462522408062,0
2050,118,64,0.11829239329804958,0
2050,118,85,0.1028595472877349,0
2050,119,2,0.11537513611691015,0
2050,119,6,0.06431265512447892,0
2050,119,7,0.17816385175296534,0
2050,119,12,0.07490617635348283,0
2050,119,19,0.02630678468328033,0
2050,119,21,0.012815415460970637,0
2050,119,25,0.06451051305041668,0
2050,119,30,0.02553409414326995,0
2050,119,32,0.07542506057259327,0
2050,119,41,0.03785735018047792,0
2050,119,42,0.066219061656683,0
2050,119,43,0.03776729918864084,0
2050,119,44,0.14622341947200188,0
2050,119,54,0.06363014021175575,0
2050,119,64,0.010953042032072443,0
2050,120,2,0.08132058913150886,0
2050,120,6,0.09881899983507807,0
2050,120,8,0.11669343849166368,0
2050,120,21,0.0683161316586858,0
2050,120,30,0.2818437125931304,0
2050,120,38,0.22210861429051654,0
2050,120,44,0.09153248360749772,0
2050,120,60,0.022815613749464378,0
2050,120,77,0.01655041664245455,0
2050,121,2,0.3105721571772639,0
2050,121,8,0.24381040908771892,0
2050,121,11,0.1581001479750712,0
2050,121,14,0.025150284925409484,0
2050,121,15,0.028278939325850926,0
2050,121,26,0.13496882953344902,0
2050,121,47,0.047064837767073764,0
2050,121,86,0.05205439420816285,0
2050,122,2,0.1016070167487593,0
2050,122,8,0.0652775892184657,0
2050,122,9,0.028282691382035294,0
2050,122,15,0.18644186428786896,0
2050,122,26,0.11417116409247058,0
2050,122,30,0.16515022043930255,0
2050,122,43,0.01702094246017871,0
2050,122,44,0.22802277729340642,0
2050,122,51,0.04723689611583864,0
2050,122,84,0.04678883796167394,0
2050,123,8,1.0,0
2050,124,30,1.0,0
2050,125,2,0.08862228312466727,0
2050,125,7,0.07879209778678614,0
2050,125,8,0.1823111996891822,0
2050,125,15,0.06241481074890885,0
2050,125,16,0.11184095248358435,0
2050,125,18,0.0547950437192586,0
2050,125,21,0.06089552266951519,0
2050,125,30,0.011799425204594536,0
2050,125,38,0.34852866457350284,0
2050,126,2,0.22903646770961897,0
2050,126,4,0.08322121528005187,0
2050,126,7,0.04823427596705421,0
2050,126,8,0.1803671085030177,0
2050,126,15,0.0635359453726979,0
2050,126,16,0.04588356019977344,0
2050,126,30,0.037930862161522194,0
2050,126,36,0.08419201744436511,0
2050,126,38,0.1855934000104657,0
2050,126,41,0.04200514735143283,0
2050,127,2,0.2613335565859073,0
2050,127,5,0.015295033849779163,0
2050,127,15,0.1553570479787259,0
2050,127,19,0.04848746419359927,0
2050,127,20,0.013328481887178107,0
2050,127,30,0.19396430393430678,0
2050,127,38,0.27141890642705147,0
2050,127,49,0.01142132511796397,0
2050,127,78,0.02939388002548793,0
2050,128,2,0.3599787599197769,0
2050,128,15,0.19454580285907452,0
2050,128,26,0.18254774191720916,0
2050,128,30,0.07101926895605816,0
2050,128,38,0.02438008311983743,0
2050,128,46,0.030652460515083996,0
2050,128,79,0.13687588271295986,0
2050,129,38,1.0,0
2050,130,15,1.0,0
2050,131,8,0.04486140616834056,0
2050,131,12,0.02675243336488897,0
2050,131,15,0.4254625785115925,0
2050,131,19,0.17951855939446174,0
2050,131,38,0.2769097307607065,0
2050,131,70,0.04649529180000967,0
2050,132,2,0.35171805136446244,0
2050,132,8,0.0658803510609518,0
2050,132,15,0.23141660051337554,0
2050,132,19,0.2737019418776488,0
2050,132,38,0.07728305518356142,0
2050,133,2,1.0,0
2050,134,2,0.09294670871915314,0
2050,134,8,0.01596898705755111,0
2050,134,11,0.12542922266659096,0
2050,134,14,0.06189401488902564,0
2050,134,15,0.19179242757434078,0
2050,134,26,0.18473988569556826,0
2050,134,30,0.04838709761832357,0
2050,134,37,0.017174438879674306,0
2050,134,45,0.029753913642615707,0
2050,134,49,0.03056512274196802,0
2050,134,67,0.2013481805151885,0
2050,135,26,1.0,0
2050,136,8,0.26830591729285747,0
2050,136,15,0.0939568852827032,0
2050,136,16,0.0621614386992393,0
2050,136,17,0.12241496924932654,0
2050,136,19,0.04370005341534934,0
2050,136,26,0.12868065417236976,0
2050,136,38,0.10259442449523093,0
2050,136,42,0.04467299361889539,0
2050,136,62,0.13351266377402804,0
2050,137,2,0.11824343068578388,0
2050,137,15,0.17703756159337677,0
2050,137,17,0.06255527495680034,0
2050,137,19,0.13598825206414308,0
2050,137,21,0.07679723269834487,0
2050,137,26,0.047509941938844266,0
2050,137,30,0.10057361360591248,0
2050,137,34,0.08249515807886798,0
2050,137,68,0.032585944792546215,0
2050,137,73,0.11096950565312409,0
2050,137,82,0.05524408393225591,0
2050,138,2,0.13018798079145844,0
2050,138,8,0.1721177510156119,0
2050,138,11,0.025605716682153754,0
2050,138,15,0.04603345559058529,0
2050,138,19,0.06086796518973486,0
2050,138,21,0.06212553817037332,0
2050,138,26,0.028703433782421177,0
2050,138,30,0.050005833718562764,0
2050,138,32,0.17322402014364582,0
2050,138,36,0.012659188820774608,0
2050,138,39,0.060079453342670064,0
2050,138,44,0.10737154170990865,0
2050,138,62,0.01017738713526949,0
2050,138,64,0.06084073390682988,0
2050,139,7,0.11743633430370942,0
2050,139,16,0.04627959595779942,0
2050,139,19,0.09872033842289786,0
2050,139,21,0.12004538934975606,0
2050,139,26,0.13320850299004777,0
2050,139,30,0.3204252189179862,0
2050,139,32,0.03976484433206963,0
2050,139,38,0.09060781968664582,0
2050,139,53,0.03351195603908775,0
2050,140,5,0.14520887265826554,0
2050,140,8,0.11772507834776955,0
2050,140,11,0.05577696387356373,0
2050,140,14,0.06314762851997477,0
2050,140,15,0.12984704239055878,0
2050,140,19,0.044778316544442226,0
2050,140,26,0.31524585034297903,0
2050,140,38,0.02576630548020967,0
2050,140,67,0.06379320075779338,0
2050,140,69,0.01268124458819479,0
2050,140,90,0.02602949649624851,0
2050,141,3,0.01627965048864729,0
2050,141,7,0.06436562828716492,0
2050,141,8,0.09813126019806405,0
2050,141,11,0.03436484628898595,0
2050,141,13,0.015352458906884966,0
2050,141,14,0.06512864921867208,0
2050,141,15,0.06364357147918123,0
2050,141,17,0.013919215121842968,0
2050,141,26,0.2871274516375216,0
2050,141,66,0.10213739712316036,0
2050,141,68,0.015271855600709894,0
2050,141,69,0.11808202704146101,0
2050,141,74,0.050886175688231394,0
2050,141,84,0.05530981291947232,0
2050,142,3,0.03332879200381774,0
2050,142,9,0.01830834575610067,0
2050,142,14,0.04018452000329765,0
2050,142,15,0.08823912221685865,0
2050,142,19,0.19254473790335352,0
2050,142,26,0.23509444303587934,0
2050,142,37,0.05530322236064924,0
2050,142,59,0.25415794459142116,0
2050,142,68,0.03580157301552383,0
2050,142,86,0.047037299113098174,0
2050,143,2,0.15786202842644279,0
2050,143,7,0.032298863104094244,0
2050,143,8,0.028943412900611705,0
2050,143,11,0.050698219766232906,0
2050,143,15,0.03254198507434204,0
2050,143,20,0.027047098380272427,0
2050,143,26,0.18807675024009546,0
2050,143,38,0.016735941444154995,0
2050,143,59,0.12291205912065421,0
2050,143,66,0.012828618602055317,0
2050,143,69,0.03060933509340855,0
2050,143,89,0.2994456878476355,0
2050,144,8,0.05354939362387117,0
2050,144,11,0.062120539660715506,0
2050,144,15,0.10787390714497169,0
2050,144,19,0.1478308998601516,0
2050,144,26,0.09844632373912113,0
2050,144,28,0.010104111695112673,0
2050,144,34,0.014166725758708825,0
2050,144,59,0.10103528520133462,0
2050,144,62,0.046993637508813836,0
2050,144,66,0.036198035554395255,0
2050,144,69,0.10763196172097246,0
2050,144,79,0.11509899549260658,0
2050,144,89,0.03175047972162017,0
2050,144,90,0.0671997033176044,0
2050,145,2,0.041520310287341114,0
2050,145,8,0.04952957997497245,0
2050,145,11,0.06178401741788111,0
2050,145,15,0.04830073248119504,0
2050,145,26,0.10548003850668214,0
2050,145,30,0.034362573110047215,0
2050,145,44,0.02331586914031142,0
2050,145,59,0.2039834457500013,0
2050,145,64,0.19392561686424317,0
2050,145,69,0.02871574329549744,0
2050,145,79,0.17946403962668467,0
2050,145,89,0.029618033545143085,0
2050,146,2,0.025843795750963832,0
2050,146,5,0.24769588658828612,0
2050,146,8,0.10337970218171395,0
2050,146,15,0.16610060562052148,0
2050,146,21,0.07929401736392469,0
2050,146,25,0.03717607416240384,0
2050,146,33,0.021529078151780644,0
2050,146,34,0.10037009541163171,0
2050,146,56,0.020575044778433665,0
2050,146,59,0.07752987595620456,0
2050,146,61,0.03412118914361233,0
2050,146,69,0.08638463489052327,0
2050,147,7,0.07035921782499517,0
2050,147,15,0.3107533466947561,0
2050,147,17,0.05765373060092933,0
2050,147,25,0.12451291175710286,0
2050,147,26,0.022862628653321098,0
2050,147,33,0.046857335979068264,0
2050,147,34,0.05613954532671345,0
2050,147,61,0.15718453957655834,0
2050,147,66,0.02037656378694659,0
2050,147,68,0.030277818971698567,0
2050,147,69,0.015918730677043635,0
2050,147,84,0.08710363015086653,0
2050,148,12,0.013492781773555552,0
2050,148,19,0.28419744599347974,0
2050,148,26,0.028793220212958725,0
2050,148,29,0.09004883671680736,0
2050,148,30,0.06663404046034939,0
2050,148,38,0.1994473192017609,0
2050,148,42,0.06807540953003223,0
2050,148,64,0.1916436048248243,0
2050,148,76,0.030696004470125257,0
2050,148,80,0.02697133681610665,0
2050,149,8,0.07433715127318945,0
2050,149,19,0.2067113827408407,0
2050,149,26,0.035128197734390895,0
2050,149,29,0.03131493136113072,0
2050,149,30,0.06871171126147581,0
2050,149,38,0.1668765927746083,0
2050,149,44,0.025092148431492885,0
2050,149,45,0.11631360733360926,0
2050,149,58,0.03282605887364285,0
2050,149,79,0.24268821821561914,0
2050,150,2,0.24748403857760673,0
2050,150,5,0.021847178035855258,0
2050,150,13,0.07780230389198714,0
2050,150,15,0.01479186150012564,0
2050,150,19,0.24624113914833148,0
2050,150,21,0.24195761951135206,0
2050,150,30,0.11969666929865223,0
2050,150,34,0.012994623590500347,0
2050,150,69,0.01718456644558917,0
2050,151,2,0.08203259999130387,0
2050,151,4,0.1953236444977009,0
2050,151,8,0.10610731603283255,0
2050,151,19,0.2387185319600545,0
2050,151,21,0.012973712342484773,0
2050,151,30,0.09432520814534334,0
2050,151,32,0.12300381801485911,0
2050,151,36,0.01659332532828044,0
2050,151,38,0.13092184368714033,0
2050,152,2,0.21510675916240307,0
2050,152,4,0.16466715777157243,0
2050,152,15,0.08175727476179191,0
2050,152,19,0.2073548443707477,0
2050,152,30,0.09498706178959632,0
2050,152,32,0.06783868622174877,0
2050,152,45,0.08862754225019484,0
2050,152,62,0.07966067367194497,0
2050,153,4,0.06495135190729594,0
2050,153,8,0.020524488255142775,0
2050,153,16,0.044358732047213544,0
2050,153,19,0.2778923018464117,0
2050,153,21,0.10030804452659652,0
2050,153,38,0.32775607457620926,0
2050,153,42,0.0831527927933953,0
2050,153,65,0.04232931710151982,0
2050,153,87,0.03872689694621532,0
2050,154,2,0.44743483626372094,0
2050,154,4,0.07500154373832808,0
2050,154,19,0.19219173167169037,0
2050,154,21,0.05433662168388911,0
2050,154,34,0.015060812686652271,0
2050,154,36,0.1866540582681984,0
2050,154,82,0.029320395687520772,0
2050,155,2,0.3418475093775408,0
2050,155,6,0.023850892187509094,0
2050,155,11,0.018892211346439935,0
2050,155,15,0.040706949405285936,0
2050,155,19,0.044030717646358006,0
2050,155,22,0.03712573421364593,0
2050,155,44,0.16700290408522261,0
2050,155,45,0.2302893364473194,0
2050,155,89,0.09625374529067827,0
2050,156,2,0.03241144725982529,0
2050,156,8,0.19227791802413524,0
2050,156,15,0.060949698855359696,0
2050,156,19,0.32468640938824983,0
2050,156,45,0.07728915932885698,0
2050,156,67,0.11688872469434602,0
2050,156,69,0.13101503350879784,0
2050,156,80,0.06448160894042917,0
2050,157,19,1.0,0
2050,158,2,0.3167447401085702,0
2050,158,4,0.01474867095013043,0
2050,158,6,0.0766645058484186,0
2050,158,19,0.3819436039716433,0
2050,158,60,0.03171536327512412,0
2050,158,67,0.07029445328869403,0
2050,158,89,0.10788866255741938,0
2050,159,2,0.17185994827895096,0
2050,159,4,0.042952966152825914,0
2050,159,8,0.02484756115041706,0
2050,159,14,0.12674978921986776,0
2050,159,19,0.11487864360312222,0
2050,159,21,0.02986374251823144,0
2050,159,38,0.1567990610172756,0
2050,159,44,0.08865356867337859,0
2050,159,67,0.02772783496693597,0
2050,159,77,0.14387345654853043,0
2050,159,79,0.07179342787046394,0
2050,160,2,0.08750507563977919,0
2050,160,5,0.025929839964379905,0
2050,160,8,0.09209133014989065,0
2050,160,14,0.1023169420084997,0
2050,160,21,0.025699083251176168,0
2050,160,27,0.09890611330089957,0
2050,160,38,0.18261414087391603,0
2050,160,77,0.34847567083257086,0
2050,160,90,0.03646180397888791,0
2050,161,2,0.13759216928772475,0
2050,161,8,0.04464020360284024,0
2050,161,14,0.07026488058702288,0
2050,161,19,0.13145291896167025,0
2050,161,27,0.15789150817160313,0
2050,161,38,0.18622441461988484,0
2050,161,45,0.10980621394215352,0
2050,161,78,0.10530670971203623,0
2050,161,90,0.056820981115064007,0
2050,162,2,0.014760582528052136,0
2050,162,4,0.04804383753922802,0
2050,162,19,0.08713877286565574,0
2050,162,27,0.0435977590236024,0
2050,162,29,0.03719755829373218,0
2050,162,32,0.01682519158016115,0
2050,162,38,0.11472320423647231,0
2050,162,44,0.14153558618695652,0
2050,162,45,0.18057658631706558,0
2050,162,57,0.22460195882116418,0
2050,162,67,0.0333845260254205,0
2050,162,84,0.012586951747938873,0
2050,162,90,0.04502748483455043,0
2050,163,2,0.051474815749819144,0
2050,163,11,0.029630254431485446,0
2050,163,24,0.0387038455621573,0
2050,163,26,0.0158072563486998,0
2050,163,38,0.0906653508914913,0
2050,163,45,0.15730981132843402,0
2050,163,48,0.04186540583846617,0
2050,163,57,0.30562756532248725,0
2050,163,77,0.14631422883891426,0
2050,163,79,0.03618066931818153,0
2050,163,85,0.031395495609678824,0
2050,163,89,0.05502530076018494,0
2050,164,24,0.01761534514867763,0
2050,164,25,0.011567490379182793,0
2050,164,27,0.021984497144757604,0
2050,164,32,0.04492950929283519,0
2050,164,36,0.11252267394834786,0
2050,164,38,0.12868895321765156,0
2050,164,42,0.022894472290905323,0
2050,164,48,0.047346672800411944,0
2050,164,57,0.08893772045716929,0
2050,164,60,0.03277954303683949,0
2050,164,64,0.239397338790175,0
2050,164,66,0.09182140869306796,0
2050,164,77,0.07366385079442259,0
2050,164,79,0.06585052400555581,0
2050,165,2,0.17370596637414357,0
2050,165,6,0.037861672794901644,0
2050,165,17,0.07060222377711867,0
2050,165,19,0.035295346064061255,0
2050,165,25,0.035381765289672205,0
2050,165,44,0.0942516441840111,0
2050,165,46,0.030907595244411272,0
2050,165,60,0.30092554745692357,0
2050,165,69,0.0652065880393343,0
2050,165,79,0.04047177911420444,0
2050,165,82,0.06096330803257224,0
2050,165,84,0.05442656362864576,0
2050,166,2,0.18947684210131474,0
2050,166,5,0.12657397278105986,0
2050,166,13,0.02828688387915669,0
2050,166,17,0.014520708109197665,0
2050,166,25,0.07555535172027597,0
2050,166,45,0.013814384550566747,0
2050,166,69,0.08944123736207946,0
2050,166,77,0.05808601298999626,0
2050,166,82,0.11191028606343734,0
2050,166,89,0.29233432044291535,0
2050,167,2,0.12007595591463084,0
2050,167,5,0.09076382253671599,0
2050,167,7,0.02805127868126131,0
2050,167,11,0.07751376193100847,0
2050,167,26,0.0906663958169442,0
2050,167,45,0.12625594472676555,0
2050,167,61,0.16944322891944383,0
2050,167,62,0.031876854912785475,0
2050,167,69,0.11676011020331473,0
2050,167,89,0.0119191382004563,0
2050,167,90,0.13667350815667328,0
2050,168,7,0.09121466307794798,0
2050,168,8,0.11271662136621197,0
2050,168,15,0.013760637947013652,0
2050,168,16,0.029844513073719426,0
2050,168,17,0.0266119396520752,0
2050,168,19,0.20732753444505292,0
2050,168,26,0.032685687869568186,0
2050,168,33,0.13130559100615347,0
2050,168,53,0.07356484717853887,0
2050,168,68,0.1802257137415002,0
2050,168,69,0.03613261948778871,0
2050,168,80,0.04168685670364355,0
2050,168,84,0.022922774450785863,0
2050,169,2,0.09053177707824492,0
2050,169,7,0.045584553690407606,0
2050,169,9,0.016691828829975597,0
2050,169,10,0.010562976776495108,0
2050,169,19,0.1870220408955901,0
2050,169,20,0.06080341921351417,0
2050,169,21,0.0164493320026985,0
2050,169,23,0.05896652199341802,0
2050,169,36,0.07843349051973895,0
2050,169,38,0.026078379903697543,0
2050,169,40,0.011897792811599125,0
2050,169,64,0.1767903620523714,0
2050,169,69,0.08745904985839283,0
2050,169,82,0.13272847437385607,0
2050,170,2,0.034130635870634675,0
2050,170,5,0.07210354104177064,0
2050,170,19,0.04850897189140846,0
2050,170,21,0.029371747093366922,0
2050,170,29,0.023684343024502647,0
2050,170,38,0.09652599969659642,0
2050,170,40,0.05238200220220523,0
2050,170,62,0.07042493302650416,0
2050,170,64,0.05202442815677684,0
2050,170,69,0.34296693940153106,0
2050,170,77,0.06083801472886573,0
2050,170,82,0.11703844386583712,0
2050,171,69,1.0,0
2050,172,64,1.0,0
2050,173,77,1.0,0
2050,174,2,0.1135719390070134,0
2050,174,5,0.16665962221501424,0
2050,174,14,0.06240910465430477,0
2050,174,21,0.015284753768016421,0
2050,174,24,0.07319022131901262,0
2050,174,32,0.03418356125458124,0
2050,174,33,0.16090307993658962,0
2050,174,36,0.04193983950155609,0
2050,174,38,0.02547593776020011,0
2050,174,64,0.11460735558667863,0
2050,174,77,0.09308727696656302,0
2050,174,78,0.0824044173914689,0
2050,174,86,0.01628289063900112,0
2050,175,2,0.2717777126249109,0
2050,175,5,0.01442561116982062,0
2050,175,6,0.017325595289223613,0
2050,175,17,0.21501376420642104,0
2050,175,33,0.03992420126001769,0
2050,175,60,0.08074167123625772,0
2050,175,69,0.059650690511192046,0
2050,175,78,0.09830004031198884,0
2050,175,82,0.15274735750457044,0
2050,175,84,0.050093355885597005,0
2050,176,2,0.11165826161638809,0
2050,176,6,0.1251012687514415,0
2050,176,17,0.03817442238109343,0
2050,176,45,0.15726822830439643,0
2050,176,60,0.042086084776635835,0
2050,176,71,0.07478586117323378,0
2050,176,84,0.38407130845445625,0
2050,176,89,0.0668545645423547,0
2050,177,84,1.0,0
2050,178,3,0.011056552356314588,0
2050,178,5,0.14689358859790475,0
2050,178,26,0.04987155282424142,0
2050,178,32,0.11215253637522224,0
2050,178,35,0.01822804050647039,0
2050,178,38,0.014762639889443424,0
2050,178,64,0.26416372400739246,0
2050,178,69,0.035403654043682196,0
2050,178,79,0.0754635720118189,0
2050,178,80,0.06068070189303464,0
2050,178,84,0.18253302840154556,0
2050,178,85,0.028790409092929306,0
2050,179,3,0.04442638378922609,0
2050,179,5,0.03222433658359503,0
2050,179,15,0.11528469702197974,0
2050,179,32,0.033666609047680714,0
2050,179,45,0.018397735821300873,0
2050,179,53,0.09386882049948506,0
2050,179,62,0.12575619893584813,0
2050,179,64,0.17954290098877485,0
2050,179,69,0.043177119194368334,0
2050,179,74,0.022953479570554464,0
2050,179,79,0.11914247929471113,0
2050,179,84,0.17155923925247543,0
2050,180,19,0.017881336208180387,0
2050,180,26,0.03276692004726921,0
2050,180,45,0.1982649942360089,0
2050,180,64,0.07470864918911595,0
2050,180,69,0.2727324556969168,0
2050,180,71,0.08842330835632589,0
2050,180,84,0.20617436134084569,0
2050,180,90,0.10904797492533722,0
2050,181,15,0.06543157409467974,0
2050,181,45,0.1568926161413235,0
2050,181,62,0.011814064411389876,0
2050,181,64,0.17698106515787362,0
2050,181,79,0.08929307669917877,0
2050,181,84,0.24683988035316495,0
2050,181,85,0.04468379068503731,0
2050,181,90,0.20806393245735233,0
2050,182,5,0.06953065738286007,0
2050,182,25,0.030788493371991285,0
2050,182,27,0.03501192195579276,0
2050,182,32,0.24820865837317932,0
2050,182,38,0.1549690143606943,0
2050,182,57,0.031795365996653745,0
2050,182,72,0.1811501636454542,0
2050,182,79,0.11776576014026832,0
2050,182,90,0.13077996477310602,0
2050,183,2,0.1021112411760424,0
2050,183,5,0.12083743409531068,0
2050,183,32,0.08929170699240725,0
2050,183,34,0.019813416598561517,0
2050,183,38,0.037203800225896415,0
2050,183,45,0.045396803022221086,0
2050,183,67,0.1561686087148224,0
2050,183,69,0.22450688077224729,0
2050,183,72,0.11506008272798142,0
2050,183,76,0.0896100256745096,0
2050,184,45,1.0,0
2050,185,8,0.01725144265231139,0
2050,185,24,0.05334251597649312,0
2050,185,32,0.3119521315093569,0
2050,185,38,0.0480715664645754,0
2050,185,45,0.23689808647900576,0
2050,185,57,0.029849182941044373,0
2050,185,64,0.059118620414999955,0
2050,185,67,0.14572050859621258,0
2050,185,84,0.0977959449660005,0
2050,186,79,1.0,0
2050,187,2,0.06377480527715851,0
2050,187,5,0.08686528403863655,0
2050,187,17,0.11724521945805666,0
2050,187,19,0.20318681624959078,0
2050,187,32,0.11952223789496426,0
2050,187,34,0.046094795153995304,0
2050,187,60,0.02093941320292865,0
2050,187,71,0.1895839101692689,0
2050,187,76,0.05549903691479296,0
2050,187,78,0.06597379626471817,0
2050,187,82,0.03131468537588916,0
2050,188,2,0.1881180339768053,0
2050,188,4,0.06453744927919806,0
2050,188,17,0.024555889394986565,0
2050,188,19,0.036969024227464745,0
2050,188,22,0.013967519123434016,0
2050,188,32,0.18263841023370264,0
2050,188,36,0.1266606203877559,0
2050,188,41,0.043555794434146713,0
2050,188,45,0.10175451208285988,0
2050,188,79,0.09826834589624496,0
2050,188,84,0.02931371463330622,0
2050,188,85,0.03434453924926771,0
2050,188,89,0.055316147080827216,0
2050,189,2,0.08251370245693723,0
2050,189,5,0.027553808977421154,0
2050,189,7,0.211144390138265,0
2050,189,16,0.02970947861308651,0
2050,189,18,0.041140034417244016,0
2050,189,19,0.10890109575485565,0
2050,189,21,0.35850476021695965,0
2050,189,36,0.09825458410087594,0
2050,189,77,0.04227814532435482,0
2050,190,2,0.10950746933645074,0
2050,190,17,0.1662580060257198,0
2050,190,21,0.08836469739322157,0
2050,190,34,0.07277424647070277,0
2050,190,36,0.10656390493112092,0
2050,190,40,0.08911584253598843,0
2050,190,68,0.010513638658925914,0
2050,190,78,0.15593176235519052,0
2050,190,82,0.15702018836777784,0
2050,190,89,0.043950243924901496,0
2050,191,17,0.4062535849130732,0
2050,191,19,0.11121057186760737,0
2050,191,22,0.04760556222217665,0
2050,191,34,0.08803259531484953,0
2050,191,41,0.04764819153903263,0
2050,191,43,0.054258348414585184,0
2050,191,76,0.04595069045300114,0
2050,191,82,0.06817095932113286,0
2050,191,84,0.1308694959545415,0
2050,192,11,0.03262610008695217,0
2050,192,17,0.01730280039116262,0
2050,192,19,0.038131969235425216,0
2050,192,21,0.019631233274719086,0
2050,192,22,0.06100524882344293,0
2050,192,26,0.01506020923975791,0
2050,192,32,0.257875239838939,0
2050,192,45,0.11421987674760595,0
2050,192,71,0.013592871526603401,0
2050,192,79,0.10576811450771412,0
2050,192,84,0.13788532136006929,0
2050,192,85,0.1869010149676084,0
2050,193,5,0.15401055461474056,0
2050,193,24,0.017192404614297507,0
2050,193,31,0.04850747546376148,0
2050,193,32,0.20090693805050108,0
2050,193,36,0.03591608679648092,0
2050,193,53,0.11836616874480334,0
2050,193,79,0.4033387800120194,0
2050,193,84,0.02176159170339569,0
2050,194,3,0.015829399297435976,0
2050,194,5,0.49694516631318014,0
2050,194,14,0.015462427124644356,0
2050,194,37,0.018277273610806766,0
2050,194,39,0.04730470976546426,0
2050,194,45,0.013157986205859933,0
2050,194,53,0.10482332733720164,0
2050,194,54,0.04133038130392056,0
2050,194,64,0.021020860198268907,0
2050,194,77,0.06219426983775435,0
2050,194,79,0.1636541990054631,0
2050,195,5,1.0,0
2050,196,2,0.026054789150563577,0
2050,196,5,0.4660264622323512,0
2050,196,17,0.04816085153516524,0
2050,196,33,0.01634431721050684,0
2050,196,79,0.13831196942081328,0
2050,196,82,0.14790019153901204,0
2050,196,90,0.1572014189115878,0
2050,197,2,0.018091573730563106,0
2050,197,17,0.07245564157606052,0
2050,197,32,0.13989594920918755,0
2050,197,44,0.07504049374325804,0
2050,197,45,0.03100633341479324,0
2050,197,56,0.08089197051656664,0
2050,197,60,0.026950252124073894,0
2050,197,75,0.016220564581353274,0
2050,197,76,0.04108850343227621,0
2050,197,79,0.21969657555215538,0
2050,197,84,0.07335483466022816,0
2050,197,85,0.11833436880880702,0
2050,197,90,0.08697293865067701,0
2050,198,32,1.0,0
2050,199,2,0.011815847910334685,0
2050,199,17,0.0583182455209186,0
2050,199,19,0.15879930067317147,0
2050,199,32,0.3213038703680677,0
2050,199,42,0.015104050434031104,0
2050,199,60,0.14939769500181202,0
2050,199,71,0.1277801473022887,0
2050,199,76,0.09344659315085496,0
2050,199,82,0.015352647893153912,0
2050,199,90,0.04868160174536686,0
2050,200,2,0.023103495534474997,0
2050,200,11,0.020045229565672246,0
2050,200,21,0.026772381543088877,0
2050,200,32,0.19093537203612324,0
2050,200,36,0.09082508680557523,0
2050,200,41,0.022284636209946106,0
2050,200,45,0.05550394557822317,0
2050,200,57,0.2452761111247929,0
2050,200,77,0.1378007634274699,0
2050,200,79,0.08451482003269975,0
2050,200,82,0.05611902210344969,0
2050,200,85,0.02181742529482363,0
2050,200,89,0.025001710743660158,0
2050,201,15,0.025431831679493894,0
2050,201,17,0.04456416738860897,0
2050,201,21,0.11485740267457467,0
2050,201,32,0.07644758049389526,0
2050,201,34,0.02916031416137688,0
2050,201,41,0.06277607418311548,0
2050,201,44,0.02178066661011049,0
2050,201,45,0.010143166813252795,0
2050,201,54,0.04286992244389489,0
2050,201,56,0.07372519671665503,0
2050,201,61,0.013133997383350358,0
2050,201,64,0.12331853330430864,0
2050,201,73,0.01266930396819308,0
2050,201,84,0.20103790836847604,0
2050,201,85,0.14808393381069349,0
2050,202,2,0.027402118830559707,0
2050,202,5,0.06691239663968454,0
2050,202,19,0.06764168459698296,0
2050,202,21,0.0792364209284058,0
2050,202,29,0.027140526968199068,0
2050,202,32,0.26068630891989264,0
2050,202,33,0.03276860876619613,0
2050,202,38,0.021294972088182092,0
2050,202,42,0.055534334169275584,0
2050,202,67,0.16079845704969073,0
2050,202,72,0.058271308910459965,0
2050,202,76,0.06726694597849998,0
2050,202,82,0.07504591615397073,0
2050,203,2,0.14414644142307279,0
2050,203,5,0.06473179945543998,0
2050,203,11,0.10216140145715973,0
2050,203,17,0.026862466135372954,0
2050,203,22,0.025283574749615997,0
2050,203,32,0.26605509941660405,0
2050,203,60,0.04221159265355761,0
2050,203,82,0.029183543426473564,0
2050,203,85,0.15520358607172707,0
2050,203,89,0.07291555648834713,0
2050,203,90,0.07124493872262914,0
2050,204,2,0.02578665802044834,0
2050,204,5,0.06152499053672431,0
2050,204,6,0.04529568650400019,0
2050,204,17,0.18250048876535313,0
2050,204,19,0.05231039577998693,0
2050,204,21,0.15176317751172774,0
2050,204,46,0.02851685614913655,0
2050,204,57,0.05942218590722227,0
2050,204,59,0.0690847197762931,0
2050,204,60,0.12567822109233262,0
2050,204,71,0.02146203998487506,0
2050,204,85,0.09047315680947163,0
2050,204,90,0.08618142316242809,0
2050,205,2,0.024099058334172287,0
2050,205,11,0.10594084969337385,0
2050,205,17,0.04142840198883224,0
2050,205,21,0.02926911206104102,0
2050,205,44,0.05592245444093325,0
2050,205,57,0.1064256619519265,0
2050,205,79,0.24619253695881338,0
2050,205,82,0.022353761830787192,0
2050,205,85,0.15827138687671677,0
2050,205,89,0.1838168172065488,0
2050,205,90,0.026279958656854778,0
2050,206,21,1.0,0
2050,207,2,0.04736813996678559,0
2050,207,4,0.07257403359994898,0
2050,207,17,0.3286042492326792,0
2050,207,19,0.031050136757400232,0
2050,207,21,0.06377909527581956,0
2050,207,22,0.01998436434231415,0
2050,207,30,0.08761443870909714,0
2050,207,41,0.17630480657156652,0
2050,207,45,0.032748227757113835,0
2050,207,78,0.051342725253765424,0
2050,207,89,0.0886297825335093,0
2050,208,4,0.02576388267128629,0
2050,208,8,0.07748077596674165,0
2050,208,14,0.05293856389739261,0
2050,208,16,0.08725290913887956,0
2050,208,21,0.21969801711080736,0
2050,208,24,0.010875628397235961,0
2050,208,32,0.04627165220134881,0
2050,208,36,0.08674089155315375,0
2050,208,38,0.09637939129890025,0
2050,208,39,0.11778443636585838,0
2050,208,85,0.17881385139839553,0
2050,209,5,0.1446596020837346,0
2050,209,7,0.0919117872643525,0
2050,209,8,0.1221479666434175,0
2050,209,14,0.015909788275867743,0
2050,209,17,0.02652254422476652,0
2050,209,21,0.2907964665362156,0
2050,209,32,0.05318268058534868,0
2050,209,39,0.09191543240736015,0
2050,209,53,0.07631049819851439,0
2050,209,80,0.03793552785707544,0
2050,209,90,0.04870770592334689,0
2050,210,7,0.07767591621950483,0
2050,210,8,0.019428426014735,0
2050,210,14,0.020244789038154826,0
2050,210,16,0.014957977638985006,0
2050,210,17,0.06919088034026445,0
2050,210,21,0.27826554726019137,0
2050,210,30,0.06759914176855164,0
2050,210,32,0.1791597895324104,0
2050,210,33,0.02954276357807706,0
2050,210,36,0.02413729260027599,0
2050,210,53,0.011053337037455334,0
2050,210,76,0.04155199139063177,0
2050,210,82,0.0945996705945792,0
2050,210,90,0.07259247698618311,0
2050,211,8,0.042241211572894864,0
2050,211,17,0.3809656295831133,0
2050,211,21,0.025300092960436244,0
2050,211,24,0.03452712647802108,0
2050,211,32,0.058803589238244566,0
2050,211,33,0.05159501931341091,0
2050,211,40,0.03974056135662166,0
2050,211,60,0.03366328051924208,0
2050,211,67,0.06998371145691798,0
2050,211,76,0.032741397767321496,0
2050,211,78,0.125361696011004,0
2050,211,82,0.07471539072446635,0
2050,211,90,0.030361293018305358,0
2050,212,17,1.0,0
2050,213,5,0.0744171023221331,0
2050,213,10,0.028095493592198918,0
2050,213,11,0.04183217037047546,0
2050,213,17,0.12010671917939153,0
2050,213,19,0.07473077216292119,0
2050,213,22,0.012379984387623005,0
2050,213,43,0.03858962735190138,0
2050,213,44,0.03552806919466349,0
2050,213,57,0.028526964468490693,0
2050,213,67,0.19080339649420808,0
2050,213,74,0.03658127140452672,0
2050,213,85,0.3034777741872399,0
2050,213,89,0.014930654884226348,0
2050,214,85,1.0,0
2050,215,17,0.018949087428247403,0
2050,215,32,0.3587978074404514,0
2050,215,42,0.07974578802595049,0
2050,215,62,0.08488263555291045,0
2050,215,67,0.28621961701979015,0
2050,215,74,0.017577008111104485,0
2050,215,76,0.035600945077614125,0
2050,215,80,0.03268018277288366,0
2050,215,81,0.03308573983643959,0
2050,215,85,0.05246118873460827,0
2050,216,17,0.014028419920193385,0
2050,216,19,0.07122851029553161,0
2050,216,21,0.054220062500825936,0
2050,216,28,0.010707555737015748,0
2050,216,32,0.04047386323047439,0
2050,216,42,0.12434424796861678,0
2050,216,45,0.040390289968938634,0
2050,216,67,0.020243440766505007,0
2050,216,74,0.3110129644766347,0
2050,216,76,0.15220107660456852,0
2050,216,80,0.044511801766794805,0
2050,216,84,0.01835021775067234,0
2050,216,85,0.05718826570194292,0
2050,216,90,0.04109928331128531,0
2050,217,14,0.038221556558455744,0
2050,217,19,0.08729322947284147,0
2050,217,28,0.08837795920792536,0
2050,217,29,0.04222514671799414,0
2050,217,32,0.0166994400668226,0
2050,217,36,0.01693261697501646,0
2050,217,44,0.018308788111133664,0
2050,217,67,0.1963257058418608,0
2050,217,85,0.2634259893612513,0
2050,217,90,0.23218956768669852,0
2050,218,67,1.0,0
2050,219,5,0.03990709983436098,0
2050,219,6,0.030120750686426497,0
2050,219,17,0.058091367693880056,0
2050,219,26,0.023539743478835633,0
2050,219,35,0.07907980078253697,0
2050,219,56,0.023519756230797505,0
2050,219,60,0.04309923362823685,0
2050,219,66,0.042565702550333026,0
2050,219,67,0.3349334498836813,0
2050,219,79,0.1402513324388224,0
2050,219,90,0.1848917627920888,0
2050,220,5,0.08135525126244852,0
2050,220,11,0.03222278256968587,0
2050,220,17,0.030181003043505624,0
2050,220,19,0.07861214897511883,0
2050,220,35,0.10068997116488014,0
2050,220,66,0.06525889664843153,0
2050,220,67,0.102892281345976,0
2050,220,74,0.11331380241730275,0
2050,220,80,0.09872879055319071,0
2050,220,85,0.2967450720194601,0
2050,221,9,0.020733784711923747,0
2050,221,14,0.021354032738572573,0
2050,221,35,0.04635978083859663,0
2050,221,43,0.02729325765013373,0
2050,221,62,0.10412179792079639,0
2050,221,67,0.06865947351155105,0
2050,221,69,0.047294467016970376,0
2050,221,74,0.5334811284105864,0
2050,221,80,0.0197313334557713,0
2050,221,85,0.11097094374509776,0
2050,222,74,1.0,0
2050,223,90,1.0,0
2050,224,5,0.06454054907227973,0
2050,224,14,0.057594610535193276,0
2050,224,21,0.010721494446983705,0
2050,224,25,0.013928256767999653,0
2050,224,27,0.015196025129087317,0
2050,224,32,0.024017229229855292,0
2050,224,45,0.011419377776003766,0
2050,224,58,0.04882827808417668,0
2050,224,60,0.015023143171145368,0
2050,224,67,0.11099097781729578,0
2050,224,72,0.07154170909575853,0
2050,224,83,0.014046807458743428,0
2050,224,90,0.5421515414154774,0
2050,225,8,0.04046342679653362,0
2050,225,21,0.09181015496825572,0
2050,225,32,0.08488530942543031,0
2050,225,36,0.06994784815937231,0
2050,225,45,0.0560117794452012,0
2050,225,53,0.10457920868178125,0
2050,225,57,0.11255921796325186,0
2050,225,60,0.0636419599854607,0
2050,225,72,0.1413419574266853,0
2050,225,78,0.12068845951916571,0
2050,225,83,0.07391857741811017,0
2050,225,89,0.040152100210751884,0
2050,226,5,0.025655662327863767,0
2050,226,17,0.04855946538382578,0
2050,226,21,0.11692160568214954,0
2050,226,40,0.013336793090082412,0
2050,226,49,0.05646499499395877,0
2050,226,55,0.0106826921047423,0
2050,226,56,0.03417637654814984,0
2050,226,62,0.10489651965682008,0
2050,226,69,0.21782521945776293,0
2050,226,76,0.18058052115422077,0
2050,226,78,0.025917239758795944,0
2050,226,82,0.1535003677196804,0
2050,226,83,0.011482542121947463,0
2050,227,17,0.04897612338250463,0
2050,227,21,0.09124480722014305,0
2050,227,28,0.05310177826668418,0
2050,227,45,0.010349503031435768,0
2050,227,49,0.025392646196462844,0
2050,227,60,0.41747476365892866,0
2050,227,64,0.041475491401371134,0
2050,227,71,0.02498110084571901,0
2050,227,75,0.01362110273789025,0
2050,227,90,0.2733826832588603,0
2050,228,60,1.0,0
2050,229,82,1.0,0
2050,230,2,0.034390489823308105,0
2050,230,5,0.1376043923852559,0
2050,230,17,0.02816137009446813,0
2050,230,21,0.04581072039688238,0
2050,230,33,0.051810117152874875,0
2050,230,34,0.014013285608900805,0
2050,230,62,0.04501695497737521,0
2050,230,76,0.0928520335761361,0
2050,230,82,0.5503406359847985,0
2050,231,5,0.14377552724113854,0
2050,231,11,0.027166051214604373,0
2050,231,15,0.028848601519204212,0
2050,231,17,0.07431695388438486,0
2050,231,28,0.04547922914991587,0
2050,231,33,0.015350476988595468,0
2050,231,62,0.08456395934743723,0
2050,231,74,0.08744200272316377,0
2050,231,76,0.1918919762680855,0
2050,231,82,0.12458928021390261,0
2050,231,90,0.17657594144956767,0
2050,232,3,0.01262237980204026,0
2050,232,11,0.011087125999070926,0
2050,232,43,0.04342368627844057,0
2050,232,45,0.024392718680474254,0
2050,232,47,0.0535750350290194,0
2050,232,53,0.0671109341559158,0
2050,232,62,0.03865390941122255,0
2050,232,66,0.032357890062830026,0
2050,232,74,0.19850911078518504,0
2050,232,76,0.12931008185533882,0
2050,232,80,0.19503542948414393,0
2050,232,84,0.1451737714478355,0
2050,232,85,0.0487479270084829,0
2050,233,3,0.06203460355316181,0
2050,233,19,0.037121451126721876,0
2050,233,45,0.02265805744952169,0
2050,233,62,0.17964986865204657,0
2050,233,67,0.053867467711899514,0
2050,233,72,0.1864715647166709,0
2050,233,74,0.16312922171620026,0
2050,233,76,0.057938861304156354,0
2050,233,80,0.16781739601837362,0
2050,233,84,0.06931150775124739,0
2050,234,72,1.0,0
2050,235,7,0.018242587121243853,0
2050,235,16,0.04848903054609203,0
2050,235,21,0.1490887278862767,0
2050,235,32,0.0767590705169108,0
2050,235,36,0.07331347342936519,0
2050,235,38,0.04499611750742566,0
2050,235,42,0.08036652909940634,0
2050,235,53,0.022868338743612243,0
2050,235,55,0.05075266520615839,0
2050,235,72,0.2421693843134192,0
2050,235,76,0.14314346849966558,0
2050,235,82,0.04981060713042413,0
2050,236,7,0.03778482143986698,0
2050,236,15,0.04374480025949328,0
2050,236,17,0.11662509781241281,0
2050,236,18,0.08860257011325476,0
2050,236,21,0.1472942309597741,0
2050,236,22,0.12024212910388032,0
2050,236,33,0.027755752593888898,0
2050,236,34,0.037144767748113754,0
2050,236,36,0.06106781776281494,0
2050,236,40,0.031580358509190935,0
2050,236,45,0.062351079767659585,0
2050,236,60,0.04505415225106773,0
2050,236,61,0.07008714273387046,0
2050,236,72,0.04631014525582255,0
2050,236,77,0.0643551336888889,0
2050,236,78,0.0,0
2050,237,2,0.038894134803379034,0
2050,237,7,0.07452535258565109,0
2050,237,14,0.017223290169984744,0
2050,237,21,0.08760516662372503,0
2050,237,29,0.012188261543835285,0
2050,237,32,0.1808382572590758,0
2050,237,33,0.033809817413507144,0
2050,237,36,0.1657408896309971,0
2050,237,38,0.0349504480070866,0
2050,237,39,0.05777539748190184,0
2050,237,41,0.05007146592758687,0
2050,237,42,0.020432667164367743,0
2050,237,82,0.10715067135562761,0
2050,237,87,0.1187941800332742,0
2050,238,16,0.04089706074220473,0
2050,238,25,0.015448375875942943,0
2050,238,32,0.28546629417268377,0
2050,238,36,0.2442000785926978,0
2050,238,38,0.08344547057782647,0
2050,238,42,0.039104427341286684,0
2050,238,65,0.068934018122159,0
2050,238,72,0.056897389752230416,0
2050,238,87,0.10209412612429143,0
2050,238,90,0.06351275869867684,0
2050,239,4,0.022130157074826035,0
2050,239,21,0.202042103610107,0
2050,239,30,0.02400926486275349,0
2050,239,32,0.276637197653553,0
2050,239,34,0.028501920504771825,0
2050,239,36,0.06666364193542695,0
2050,239,42,0.061833011591313713,0
2050,239,70,0.0314788512043377,0
2050,239,71,0.1917140684834901,0
2050,239,78,0.05785614624523762,0
2050,239,87,0.03713363683418256,0
2050,240,6,0.04871155487900556,0
2050,240,17,0.10729555968899589,0
2050,240,22,0.014625991864150464,0
2050,240,32,0.15128385040267484,0
2050,240,34,0.058749296495952154,0
2050,240,42,0.02978201795379442,0
2050,240,45,0.06516799199988393,0
2050,240,70,0.02832459904499659,0
2050,240,71,0.3266169380007103,0
2050,240,76,0.02931605744358963,0
2050,240,85,0.0453950626346502,0
2050,240,87,0.027684105090068935,0
2050,240,89,0.06704697450152718,0
2050,241,2,0.02540602086006849,0
2050,241,6,0.11895907696700105,0
2050,241,17,0.051859665912065776,0
2050,241,22,0.030292203655734554,0
2050,241,32,0.12297086585731877,0
2050,241,57,0.15536140807654758,0
2050,241,71,0.22213648937139907,0
2050,241,85,0.10800241239605894,0
2050,241,89,0.1465747633285182,0
2050,241,90,0.018437093575287476,0
2050,242,57,1.0,0
2050,243,56,1.0,0
2050,244,2,0.05008194547673303,0
2050,244,7,0.03542898019731523,0
2050,244,14,0.01131035143544414,0
2050,244,21,0.07822451109607007,0
2050,244,32,0.042275820575692534,0
2050,244,36,0.17610730595584947,0
2050,244,41,0.05097905908901902,0
2050,244,42,0.023776456489050676,0
2050,244,56,0.09720278541145103,0
2050,244,61,0.033595453057340234,0
2050,244,62,0.21706716757027508,0
2050,244,74,0.01387622215229544,0
2050,244,82,0.044515471587239584,0
2050,244,89,0.0820320046248926,0
2050,244,90,0.04352646528133174,0
2050,245,2,0.09528594480096583,0
2050,245,17,0.030602631019103956,0
2050,245,19,0.014261540909718517,0
2050,245,28,0.01945669148798553,0
2050,245,34,0.04513278879746031,0
2050,245,36,0.060620393972088724,0
2050,245,41,0.015426504711800208,0
2050,245,59,0.061070041493358686,0
2050,245,62,0.29455811730024634,0
2050,245,71,0.029838141993793428,0
2050,245,73,0.03633237544414077,0
2050,245,78,0.08046328051889026,0
2050,245,82,0.1370995474996464,0
2050,245,89,0.07985200005080093,0
2050,246,62,1.0,0
2050,247,53,1.0,0
2050,248,7,0.010398064252136921,0
2050,248,16,0.06154742774473807,0
2050,248,18,0.04132164917316737,0
2050,248,21,0.07948611302482679,0
2050,248,31,0.02369732957640959,0
2050,248,33,0.05140148593831887,0
2050,248,36,0.04354151591803293,0
2050,248,38,0.018155084901478633,0
2050,248,53,0.08323474398966607,0
2050,248,72,0.10259440251705702,0
2050,248,73,0.14732992369888462,0
2050,248,76,0.05208189680539608,0
2050,248,82,0.2366451830312662,0
2050,248,87,0.04856517942862073,0
2050,249,5,0.06444615505937502,0
2050,249,7,0.0737488688924292,0
2050,249,20,0.20150175291611658,0
2050,249,29,0.028741452029151442,0
2050,249,38,0.019202793833877036,0
2050,249,39,0.08997165809189475,0
2050,249,50,0.0513551198730782,0
2050,249,67,0.03434156961486186,0
2050,249,76,0.0369152078066561,0
2050,249,78,0.1838429371180046,0
2050,249,80,0.06750055956975795,0
2050,249,82,0.14843192519479717,0
2050,250,78,1.0,0
2050,251,2,0.056849420211381514,0
2050,251,22,0.11488902394039291,0
2050,251,28,0.05499476328996314,0
2050,251,41,0.019827608534860156,0
2050,251,45,0.049018968957359625,0
2050,251,60,0.20167723429989082,0
2050,251,71,0.1197368370088777,0
2050,251,78,0.10057084727714573,0
2050,251,84,0.0776578829788214,0
2050,251,85,0.11518210473485145,0
2050,251,89,0.08959530876645568,0
2050,252,14,0.034546824828451235,0
2050,252,27,0.024471608124633108,0
2050,252,28,0.07824274707097004,0
2050,252,33,0.03351508473273531,0
2050,252,39,0.03830771041452601,0
2050,252,51,0.037593941532465563,0
2050,252,65,0.014697519533353976,0
2050,252,74,0.0,0
2050,252,79,0.13574982749323028,0
2050,252,80,0.22818891924972,0
2050,252,84,0.02799254379628525,0
2050,252,85,0.1471535365165519,0
2050,252,86,0.01167799450958551,0
2050,252,90,0.18786174219749183,0
2050,253,80,1.0,0
2050,254,76,1.0,0
2050,255,4,0.0572812993695021,0
2050,255,6,0.027847084943008738,0
2050,255,10,0.04873813957711826,0
2050,255,19,0.09156907829413136,0
2050,255,29,0.025490042435487897,0
2050,255,31,0.09515461213038844,0
2050,255,32,0.0754891086001367,0
2050,255,36,0.1320763426428052,0
2050,255,70,0.03697816924076955,0
2050,255,71,0.011313501541332876,0
2050,255,76,0.34268141981301437,0
2050,255,82,0.05538120141230454,0
2050,256,5,0.06261473948025384,0
2050,256,9,0.017264537478981015,0
2050,256,22,0.16661840808875245,0
2050,256,31,0.06708011171268577,0
2050,256,34,0.05011576060692419,0
2050,256,36,0.08463543284146151,0
2050,256,37,0.020365425061278784,0
2050,256,40,0.05750162254685694,0
2050,256,41,0.028227603346594868,0
2050,256,45,0.023722319780537356,0
2050,256,56,0.0635592240263627,0
2050,256,60,0.12815544993007422,0
2050,256,71,0.05598298923310433,0
2050,256,72,0.04466735685790668,0
2050,256,76,0.02567420467361954,0
2050,256,78,0.05273517992634155,0
2050,256,79,0.025379384256083232,0
2050,256,89,0.02570025015218091,0
2050,257,9,0.03911794565365901,0
2050,257,14,0.0462192597860149,0
2050,257,17,0.09057523342258647,0
2050,257,18,0.03480449145011054,0
2050,257,21,0.01551442267842321,0
2050,257,22,0.02935981181827539,0
2050,257,33,0.03711033526159103,0
2050,257,36,0.2449382154607313,0
2050,257,40,0.06607346624211667,0
2050,257,41,0.23234685953299328,0
2050,257,78,0.16393995869349812,0
2050,258,36,1.0,0
2050,259,5,0.14962663702284146,0
2050,259,7,0.06169798897480416,0
2050,259,14,0.025312438427502835,0
2050,259,16,0.010996520791650942,0
2050,259,27,0.05259265409908081,0
2050,259,33,0.08421886236794109,0
2050,259,36,0.3572532221302118,0
2050,259,37,0.20082548390639404,0
2050,259,56,0.04738735744377475,0
2050,259,66,0.010088834835798205,0
2050,260,18,0.14884666949799732,0
2050,260,20,0.018718097355025328,0
2050,260,21,0.08345535390751091,0
2050,260,25,0.01886241288425349,0
2050,260,33,0.03266042685090932,0
2050,260,36,0.3035504228197094,0
2050,260,40,0.10885490688448925,0
2050,260,61,0.01680199517656035,0
2050,260,68,0.11629596537407255,0
2050,260,78,0.1519537492494721,0
2050,261,2,0.010443917604476686,0
2050,261,4,0.09555636608045873,0
2050,261,6,0.0765147548474719,0
2050,261,17,0.1032618823051476,0
2050,261,21,0.02692590884620403,0
2050,261,31,0.0356488016471197,0
2050,261,36,0.15412694954339545,0
2050,261,60,0.01301634203390624,0
2050,261,71,0.09932060117104533,0
2050,261,78,0.0444139905616105,0
2050,261,89,0.340770485359164,0
2050,262,89,1.0,0
2050,263,68,1.0,0
2050,264,54,1.0,0
2050,265,5,0.1053831215376609,0
2050,265,7,0.06421375572404238,0
2050,265,13,0.014755145187140146,0
2050,265,14,0.11483097098990003,0
2050,265,16,0.0468701356133449,0
2050,265,17,0.03260296342402272,0
2050,265,21,0.10985928735118158,0
2050,265,28,0.07210878431133746,0
2050,265,31,0.020687363272354466,0
2050,265,41,0.01768748558202466,0
2050,265,49,0.11807637427865779,0
2050,265,56,0.09459228780601155,0
2050,265,71,0.07872411347641815,0
2050,265,74,0.022401389754345854,0
2050,265,90,0.08720682169155747,0
2050,266,11,0.08508019088087235,0
2050,266,14,0.12001625177742627,0
2050,266,16,0.03732645346496252,0
2050,266,26,0.06199567436258518,0
2050,266,27,0.02507213828273813,0
2050,266,28,0.05346083623834276,0
2050,266,32,0.013455969401932076,0
2050,266,36,0.054459196886213916,0
2050,266,39,0.12703303586003556,0
2050,266,54,0.0710632540835137,0
2050,266,66,0.19452595946707904,0
2050,266,89,0.12015683386364646,0
2050,266,90,0.03635420543065189,0
2050,267,8,0.03302258027543822,0
2050,267,12,0.027389791571066233,0
2050,267,14,0.038190867548120004,0
2050,267,16,0.023820923688756875,0
2050,267,18,0.04921613296326854,0
2050,267,32,0.10402107984449611,0
2050,267,36,0.0659476941676984,0
2050,267,42,0.06765389198537328,0
2050,267,59,0.14342467649529786,0
2050,267,68,0.2066545759069586,0
2050,267,81,0.11817821188023786,0
2050,267,86,0.12247957367328809,0
2050,268,59,1.0,0
2050,269,61,1.0,0
2050,270,9,0.019873340957035388,0
2050,270,14,0.2792821093418569,0
2050,270,17,0.04151257528855976,0
2050,270,18,0.026712734256970246,0
2050,270,21,0.013350040053707348,0
2050,270,26,0.05888791474969386,0
2050,270,28,0.0578572985799433,0
2050,270,41,0.04097131484679383,0
2050,270,61,0.4473742493658468,0
2050,270,86,0.014178422559592476,0
2050,271,9,0.18065719582835754,0
2050,271,14,0.42971513749046775,0
2050,271,22,0.032845102314732075,0
2050,271,41,0.0500416577352362,0
2050,271,61,0.13081424991745189,0
2050,271,80,0.118198673919268,0
2050,271,85,0.04465548968883727,0
2050,271,89,0.013072493105649128,0
2050,272,14,1.0,0
2050,273,2,0.029958933978902553,0
2050,273,6,0.08797331293849424,0
2050,273,12,0.025517980638167306,0
2050,273,14,0.7025034492164856,0
2050,273,38,0.030511472708664427,0
2050,273,40,0.02977282398402304,0
2050,273,87,0.07353502676622435,0
2050,273,89,0.020226999769038644,0
2050,274,2,0.07519011361554291,0
2050,274,6,0.16238932827311672,0
2050,274,12,0.09608734502362416,0
2050,274,14,0.3107356228114698,0
2050,274,22,0.1066808608318477,0
2050,274,31,0.07131632643349782,0
2050,274,36,0.027186377855570123,0
2050,274,60,0.04891673153248145,0
2050,274,78,0.05073645922888026,0
2050,274,87,0.050760834393969056,0
2050,275,2,0.0689777734013892,0
2050,275,6,0.19358994123203951,0
2050,275,12,0.025467215058993773,0
2050,275,14,0.026101834731817278,0
2050,275,17,0.039595093863095676,0
2050,275,22,0.2759446195314457,0
2050,275,36,0.05193377845893574,0
2050,275,40,0.027396535345084676,0
2050,275,48,0.018329165584996084,0
2050,275,60,0.08009243608247249,0
2050,275,78,0.09103973172707651,0
2050,275,89,0.1015318749826534,0
2050,276,48,1.0,0
2050,277,66,1.0,0
2050,278,8,0.01904229202511591,0
2050,278,21,0.09171750505294131,0
2050,278,26,0.03878499728999853,0
2050,278,31,0.10252306191209595,0
2050,278,46,0.07678055738758488,0
2050,278,49,0.07809957859154182,0
2050,278,53,0.09012195559397713,0
2050,278,63,0.04272306151434778,0
2050,278,65,0.0965299967681569,0
2050,278,66,0.17046421837962616,0
2050,278,81,0.1350484526543472,0
2050,278,83,0.058164322830266464,0
2050,279,2,0.04902739920379338,0
2050,279,4,0.12649054771801163,0
2050,279,16,0.1643717385782851,0
2050,279,21,0.11920802594227355,0
2050,279,31,0.06773781810663919,0
2050,279,33,0.11237906236842103,0
2050,279,34,0.04019119893796095,0
2050,279,60,0.10782099842392971,0
2050,279,71,0.06084435394632826,0
2050,279,75,0.082063825580785,0
2050,279,82,0.06986503119357215,0
2050,280,7,0.049446229018438564,0
2050,280,14,0.014268281102081835,0
2050,280,16,0.1041475812872614,0
2050,280,21,0.10761918048426591,0
2050,280,29,0.09646597887994723,0
2050,280,33,0.18179266456539328,0
2050,280,41,0.07717661814489397,0
2050,280,50,0.1137526343440066,0
2050,280,75,0.11451017012741452,0
2050,280,82,0.14082066204629648,0
2050,281,75,1.0,0
2050,282,51,1.0,0
2050,283,86,1.0,0
2050,284,3,0.03479702550894112,0
2050,284,7,0.024667008046906334,0
2050,284,10,0.02656024547080571,0
2050,284,14,0.1506482836990515,0
2050,284,18,0.016999628385954892,0
2050,284,20,0.14898796159745548,0
2050,284,33,0.1539865085675476,0
2050,284,38,0.05219999395236439,0
2050,284,72,0.06279222087383342,0
2050,284,80,0.11954275402986246,0
2050,284,86,0.20881836986727714,0
2050,285,2,0.0539807606072775,0
2050,285,14,0.07851441208965991,0
2050,285,19,0.012320104643726123,0
2050,285,20,0.01723312964728007,0
2050,285,33,0.021114912014695217,0
2050,285,35,0.04563398380063688,0
2050,285,43,0.03659236616419264,0
2050,285,46,0.05020571788948978,0
2050,285,49,0.22532122770150292,0
2050,285,50,0.03290673812240323,0
2050,285,67,0.025075783250250953,0
2050,285,72,0.013896654535368052,0
2050,285,75,0.09177311638472838,0
2050,285,76,0.19803882670391817,0
2050,285,86,0.05682375795119045,0
2050,285,88,0.04056850849367981,0
2050,286,8,0.04879064306482386,0
2050,286,14,0.06511027879685614,0
2050,286,19,0.01720219254700562,0
2050,286,29,0.032247131854773785,0
2050,286,33,0.3485089285700095,0
2050,286,36,0.058221839565976326,0
2050,286,44,0.0409085214664621,0
2050,286,47,0.027717831693883303,0
2050,286,49,0.12930274006931258,0
2050,286,50,0.11662969577067224,0
2050,286,82,0.049842692318267705,0
2050,286,86,0.06551750428195677,0
2050,287,33,1.0,0
2050,288,9,0.04056473740123468,0
2050,288,20,0.037351187563303544,0
2050,288,33,0.3870223487012487,0
2050,288,41,0.08294857009299393,0
2050,288,50,0.34033530418299995,0
2050,288,60,0.03594868121591893,0
2050,288,78,0.07582917084230031,0
2050,289,50,1.0,0
2050,290,49,1.0,0
2050,291,46,1.0,0
2050,292,47,1.0,0
2050,293,5,0.013503150168454487,0
2050,293,7,0.026164923021175707,0
2050,293,9,0.037529589646889946,0
2050,293,14,0.10494621098657901,0
2050,293,15,0.036163150603362074,0
2050,293,33,0.023207885974832587,0
2050,293,35,0.08937428124117767,0
2050,293,47,0.24486000495221968,0
2050,293,49,0.11987458946171527,0
2050,293,61,0.03454658234817771,0
2050,293,66,0.26982963159541595,0
2050,294,8,0.02962312486819389,0
2050,294,14,0.06691852142036855,0
2050,294,16,0.08690796049103938,0
2050,294,22,0.036435252164373884,0
2050,294,33,0.20595313766678425,0
2050,294,51,0.08556925621448773,0
2050,294,53,0.041952130203783744,0
2050,294,66,0.014586796456482405,0
2050,294,70,0.23832543106877976,0
2050,294,71,0.012081827068972569,0
2050,294,81,0.18164656237673382,0
2050,295,4,0.022502834399463944,0
2050,295,12,0.29479583871468557,0
2050,295,23,0.09533991977961398,0
2050,295,33,0.056383957198177306,0
2050,295,36,0.073058317616068,0
2050,295,38,0.06233675207437453,0
2050,295,71,0.2855441194727714,0
2050,295,86,0.079872386034695,0
2050,295,87,0.030165874710150316,0
2050,296,2,0.013638368092162682,0
2050,296,6,0.01261780113849438,0
2050,296,10,0.1944869089045966,0
2050,296,12,0.0511682287928784,0
2050,296,15,0.06782176261887357,0
2050,296,22,0.18595314018571088,0
2050,296,41,0.08944556122873139,0
2050,296,44,0.02100117101769044,0
2050,296,50,0.10688708702310581,0
2050,296,70,0.05201666414255403,0
2050,296,71,0.18657142608692381,0
2050,296,73,0.01839188076827803,0
2050,297,70,1.0,0
2050,298,71,1.0,0
2050,299,2,0.04068975397916674,0
2050,299,4,0.034052588971270475,0
2050,299,8,0.03899051799976049,0
2050,299,11,0.10983392117948595,0
2050,299,22,0.13373072086953064,0
2050,299,32,0.11373416105250497,0
2050,299,36,0.052213216122439864,0
2050,299,39,0.14888023282296084,0
2050,299,51,0.05427866140391795,0
2050,299,63,0.050420552299292404,0
2050,299,70,0.12181662171184315,0
2050,299,71,0.10135905158782646,0
2050,300,2,0.06726532897170849,0
2050,300,5,0.07686162852618965,0
2050,300,8,0.013503597155063763,0
2050,300,11,0.07533962832314837,0
2050,300,15,0.01958298252287902,0
2050,300,16,0.02284092886848987,0
2050,300,22,0.05480003610975497,0
2050,300,23,0.07540240734090506,0
2050,300,27,0.09275865303110514,0
2050,300,29,0.024118675421002697,0
2050,300,36,0.07164171117291672,0
2050,300,51,0.053832511089856684,0
2050,300,63,0.13385275734582175,0
2050,300,71,0.17194006654866648,0
2050,300,87,0.046259087572491406,0
2050,301,5,0.04771165011998856,0
2050,301,7,0.10186361356355855,0
2050,301,15,0.05449541549660292,0
2050,301,16,0.06663893325779514,0
2050,301,33,0.2658989848858952,0
2050,301,49,0.03406100797092997,0
2050,301,52,0.021747685569831036,0
2050,301,55,0.031896175375786276,0
2050,301,62,0.05099630707633909,0
2050,301,66,0.020429189201951733,0
2050,301,70,0.01917951889060961,0
2050,301,71,0.28508151859071196,0
2050,302,3,0.07026820423679954,0
2050,302,9,0.04812482502416772,0
2050,302,10,0.03869884679275024,0
2050,302,11,0.042331994768675676,0
2050,302,22,0.09823385080572548,0
2050,302,23,0.03253490982483428,0
2050,302,33,0.04413686764981228,0
2050,302,39,0.08131222408429,0
2050,302,46,0.050888251180589865,0
2050,302,50,0.024966492157512253,0
2050,302,51,0.038796728470529535,0
2050,302,54,0.12509975089840994,0
2050,302,58,0.1425687096029493,0
2050,302,62,0.1399051835132935,0
2050,302,84,0.022133160989660214,0
2050,303,3,0.10377983382049118,0
2050,303,23,0.10974177002270846,0
2050,303,52,0.022993345468054302,0
2050,303,53,0.05562117057305967,0
2050,303,58,0.022737130719527064,0
2050,303,62,0.032549879422057656,0
2050,303,65,0.23979357233822818,0
2050,303,70,0.11031456527428996,0
2050,303,80,0.08439306947367935,0
2050,303,81,0.10613376627982508,0
2050,303,86,0.11194189660807882,0
2050,304,12,0.1449357032587077,0
2050,304,18,0.11958552858499813,0
2050,304,22,0.35666848464712614,0
2050,304,23,0.07198333070591721,0
2050,304,70,0.0907604187560385,0
2050,304,76,0.0965549792467403,0
2050,304,80,0.014587858451537115,0
2050,304,86,0.10492369634893496,0
2050,305,22,1.0,0
2050,306,4,0.02251574283048106,0
2050,306,6,0.1281035059793566,0
2050,306,11,0.02995836816531427,0
2050,306,22,0.4143394158154048,0
2050,306,27,0.19593610755602223,0
2050,306,31,0.04716948760543533,0
2050,306,60,0.019830237362437445,0
2050,306,71,0.14214713468554838,0
2050,307,6,0.04242626669625348,0
2050,307,22,0.1412251244679816,0
2050,307,27,0.4691490465908071,0
2050,307,28,0.03916035850983626,0
2050,307,31,0.0157465330994157,0
2050,307,48,0.1397662345882293,0
2050,307,57,0.05189530354597673,0
2050,307,58,0.08166499674300869,0
2050,307,63,0.018966135758491133,0
2050,308,27,1.0,0
2050,309,58,1.0,0
2050,310,65,1.0,0
2050,311,87,1.0,0
2050,312,4,0.09175596684636636,0
2050,312,10,0.016024672714231237,0
2050,312,15,0.01042843273543658,0
2050,312,22,0.10118546666086546,0
2050,312,31,0.06879377471324336,0
2050,312,32,0.04380069715581931,0
2050,312,34,0.029338091494666266,0
2050,312,41,0.06893782673983154,0
2050,312,73,0.3371096850919591,0
2050,312,87,0.23262538584758086,0
2050,313,4,0.07398453018717797,0
2050,313,12,0.07513234299229561,0
2050,313,18,0.27799464834825227,0
2050,313,19,0.0596647218634409,0
2050,313,41,0.06684832140646539,0
2050,313,73,0.1554020785282422,0
2050,313,87,0.29097335667412566,0
2050,314,7,0.09398372615433224,0
2050,314,29,0.1119485068058918,0
2050,314,39,0.16533982826981242,0
2050,314,40,0.1038628425414035,0
2050,314,41,0.20507828834009137,0
2050,314,73,0.2959638834545492,0
2050,314,87,0.02382292443391929,0
2050,315,2,0.02097968599163383,0
2050,315,7,0.03815149001277885,0
2050,315,10,0.06518558397233601,0
2050,315,19,0.048921798846546016,0
2050,315,29,0.2474134432446076,0
2050,315,39,0.06929431350078592,0
2050,315,41,0.11442742548568051,0
2050,315,50,0.015106391766124293,0
2050,315,73,0.3165366560351725,0
2050,315,87,0.0639832111443344,0
2050,316,73,1.0,0
2050,317,4,0.11919502416085383,0
2050,317,16,0.04702132186678792,0
2050,317,18,0.1465287374266791,0
2050,317,19,0.07487800892413705,0
2050,317,42,0.05272577390269064,0
2050,317,65,0.1287269857675829,0
2050,317,73,0.27958406414895565,0
2050,317,87,0.1513400838023129,0
2050,318,4,0.11528797068845058,0
2050,318,18,0.041988818703463396,0
2050,318,39,0.16710607646653455,0
2050,318,40,0.19761214508582117,0
2050,318,41,0.1373318288419167,0
2050,318,73,0.31670531574818134,0
2050,318,87,0.023967844465632212,0
2050,319,39,1.0,0
2050,320,18,0.38473482914684365,0
2050,320,19,0.03913085482638784,0
2050,320,29,0.12331941524540986,0
2050,320,38,0.018008451462057578,0
2050,320,42,0.026658976233951106,0
2050,320,65,0.2533930829731584,0
2050,320,73,0.014500503965648082,0
2050,320,76,0.11078768267083376,0
2050,320,81,0.029466203475709826,0
2050,321,4,0.08051540972223174,0
2050,321,16,0.05403096202448896,0
2050,321,18,0.042503552402987185,0
2050,321,27,0.03008896367616829,0
2050,321,29,0.016116432091687997,0
2050,321,36,0.1011156685455954,0
2050,321,38,0.06161533231391794,0
2050,321,39,0.26414431893865137,0
2050,321,41,0.14168571366074842,0
2050,321,71,0.03067080571337058,0
2050,321,87,0.17751284091015201,0
2050,322,7,0.15575465787852216,0
2050,322,18,0.2121653084895568,0
2050,322,21,0.049285096852562174,0
2050,322,39,0.24894308880496596,0
2050,322,41,0.10307366447947143,0
2050,322,73,0.2307781834949215,0
2050,323,4,0.0980329520989824,0
2050,323,7,0.10290516159822595,0
2050,323,18,0.14720690952547263,0
2050,323,21,0.0689628851297343,0
2050,323,39,0.35441620778020094,0
2050,323,41,0.06477738983691882,0
2050,323,73,0.16369849403046502,0
2050,324,9,0.052047872299355785,0
2050,324,14,0.05693646374946058,0
2050,324,18,0.10355604086868357,0
2050,324,23,0.2776809988014251,0
2050,324,39,0.38542392041689416,0
2050,324,41,0.058098317181914744,0
2050,324,43,0.030551894804910013,0
2050,324,73,0.0191026555861061,0
2050,324,78,0.01660183629125002,0
2050,325,23,1.0,0
2050,326,10,0.13368824069196472,0
2050,326,13,0.04553145518523876,0
2050,326,19,0.018788296103837025,0
2050,326,20,0.145441461475191,0
2050,326,23,0.3319527771267282,0
2050,326,29,0.05579787888747513,0
2050,326,31,0.03948489709013347,0
2050,326,49,0.10583928472835714,0
2050,326,58,0.0350274510162712,0
2050,326,72,0.05567844269544997,0
2050,326,81,0.03276981499935333,0
2050,327,52,1.0,0
2050,328,4,0.17424842364093102,0
2050,328,12,0.1431368457239284,0
2050,328,16,0.029350252653157247,0
2050,328,18,0.033462454563394195,0
2050,328,23,0.04166501350752869,0
2050,328,30,0.027860432697648322,0
2050,328,31,0.012348950438513062,0
2050,328,36,0.07688715707368107,0
2050,328,41,0.06484732771733245,0
2050,328,65,0.054976053961731025,0
2050,328,71,0.10800960751216909,0
2050,328,73,0.0505796937417559,0
2050,328,81,0.07455248329681709,0
2050,328,87,0.10807530347141225,0
2050,329,4,0.18831039816109177,0
2050,329,9,0.13836787858720745,0
2050,329,11,0.051489847300759256,0
2050,329,16,0.08863037980241986,0
2050,329,19,0.018010398079394557,0
2050,329,22,0.07919945544745927,0
2050,329,23,0.1257255188869399,0
2050,329,31,0.08881991627056036,0
2050,329,36,0.07726025902845601,0
2050,329,41,0.02401518577608666,0
2050,329,71,0.03929974692458411,0
2050,329,87,0.08087101573504071,0
2050,330,3,0.22792754743214047,0
2050,330,9,0.01933932442653813,0
2050,330,11,0.024930667118612297,0
2050,330,13,0.04841327264590868,0
2050,330,16,0.10415829983457926,0
2050,330,22,0.18058374421476353,0
2050,330,23,0.17030850175756237,0
2050,330,24,0.15313295831548285,0
2050,330,26,0.0297278253002052,0
2050,330,71,0.027571595996665386,0
2050,330,89,0.013906262957541724,0
2050,331,4,0.24011278729282284,0
2050,331,9,0.02961270012819219,0
2050,331,12,0.32024020417890725,0
2050,331,22,0.06000442682741919,0
2050,331,23,0.26469015118049055,0
2050,331,41,0.08533973039216783,0
2050,332,4,0.3541699293834678,0
2050,332,9,0.024823067398282876,0
2050,332,12,0.048583295724771054,0
2050,332,18,0.06347457300038303,0
2050,332,19,0.026405085490446317,0
2050,332,23,0.14782552774314983,0
2050,332,29,0.07998391843818564,0
2050,332,31,0.05878379432670899,0
2050,332,36,0.017055988220190593,0
2050,332,40,0.0791327031629284,0
2050,332,41,0.09976211711148536,0
2050,333,4,0.2103320255471882,0
2050,333,12,0.021456091689974744,0
2050,333,18,0.3771515909901537,0
2050,333,19,0.03177088248651683,0
2050,333,23,0.010354349900376944,0
2050,333,40,0.13536238973067624,0
2050,333,41,0.2135726696551134,0
2050,334,4,0.12003626079085954,0
2050,334,18,0.18079228948194395,0
2050,334,29,0.033724248224359335,0
2050,334,38,0.012910187541794814,0
2050,334,40,0.2508344704966732,0
2050,334,41,0.4017025434643692,0
2050,335,41,1.0,0
2050,336,29,1.0,0
2050,337,1,0.016236255116225735,0
2050,337,4,0.3978767133741584,0
2050,337,12,0.026149621136242637,0
2050,337,27,0.09463496409857144,0
2050,337,29,0.2166445969565255,0
2050,337,31,0.016540413240940795,0
2050,337,35,0.031463662906695805,0
2050,337,44,0.07255422470488376,0
2050,337,52,0.04952594271737921,0
2050,337,81,0.048841549037667555,0
2050,337,89,0.029532056710709142,0
2050,338,4,0.5949139863357265,0
2050,338,12,0.05059558788239242,0
2050,338,13,0.010060710797704755,0
2050,338,29,0.07989105811083946,0
2050,338,41,0.07154171665557206,0
2050,338,42,0.04310421975012279,0
2050,338,71,0.017874289503855608,0
2050,338,73,0.03273973777508562,0
2050,338,87,0.09927869318870076,0
2050,339,4,0.6271488297878253,0
2050,339,12,0.08774612009060868,0
2050,339,29,0.160003997998095,0
2050,339,34,0.02763669440923121,0
2050,339,40,0.05467146303309026,0
2050,339,87,0.04279289468114957,0
2050,340,2,0.01313016017131497,0
2050,340,4,0.6404850471745422,0
2050,340,29,0.1178407954985401,0
2050,340,36,0.022468938170685248,0
2050,340,40,0.14177606535665244,0
2050,340,41,0.05258751164652263,0
2050,340,42,0.011711481981742334,0
2050,341,4,0.6002689339483722,0
2050,341,6,0.017198058751221962,0
2050,341,11,0.16977510756630979,0
2050,341,22,0.07596426010662095,0
2050,341,31,0.04571198852510315,0
2050,341,41,0.012733428860556558,0
2050,341,44,0.03563998457706377,0
2050,341,45,0.015456025025548402,0
2050,341,88,0.012681453020581546,0
2050,341,89,0.014570759618621695,0
2050,342,4,0.4299947901952535,0
2050,342,29,0.1512378545905016,0
2050,342,42,0.12874101929547646,0
2050,342,65,0.1083922719926218,0
2050,342,70,0.033646690184418626,0
2050,342,81,0.14798737374172805,0
2050,343,2,0.023026295527975693,0
2050,343,4,0.5949103355767066,0
2050,343,6,0.032975564399217755,0
2050,343,12,0.037023447043493356,0
2050,343,16,0.06277376351223153,0
2050,343,29,0.1349977138237569,0
2050,343,31,0.014838089613646452,0
2050,343,71,0.09945479050297179,0
2050,344,4,0.5846667846182106,0
2050,344,10,0.0489970696148201,0
2050,344,12,0.2562660395632537,0
2050,344,23,0.019142007205083644,0
2050,344,29,0.0253191951239568,0
2050,344,41,0.02613320350664496,0
2050,344,89,0.03947570036803018,0
2050,345,4,0.5622019471391448,0
2050,345,10,0.09237778913534829,0
2050,345,29,0.07901722229390239,0
2050,345,31,0.11023647409097324,0
2050,345,40,0.022871666574592078,0
2050,345,41,0.04539451617552388,0
2050,345,42,0.021200925915091835,0
2050,345,87,0.06669945867542343,0
2050,346,1,0.013275635862873308,0
2050,346,4,0.2888644614693882,0
2050,346,10,0.08496985801459749,0
2050,346,13,0.2958459773601132,0
2050,346,29,0.012617476878446526,0
2050,346,31,0.045262762080877525,0
2050,346,39,0.019206946791806664,0
2050,346,41,0.13116927681764184,0
2050,346,50,0.010929274948034778,0
2050,346,73,0.023597425134154693,0
2050,346,82,0.07426090464206588,0
2050,347,13,1.0,0
2050,348,4,0.20901441907283255,0
2050,348,11,0.10056859630319256,0
2050,348,13,0.2487344645598611,0
2050,348,29,0.017814638259630172,0
2050,348,35,0.3139165643751216,0
2050,348,49,0.021752110570988897,0
2050,348,58,0.05208389347401012,0
2050,348,66,0.03611531338436309,0
2050,349,4,0.270311494499231,0
2050,349,11,0.05135668086928199,0
2050,349,13,0.07365457578777294,0
2050,349,27,0.016450482744474998,0
2050,349,35,0.18881696473221993,0
2050,349,52,0.0858028560861878,0
2050,349,58,0.2083351044121104,0
2050,349,66,0.08750347801332994,0
2050,349,88,0.017768362855391115,0
2050,350,4,0.47051982564308814,0
2050,350,16,0.015632942608808067,0
2050,350,23,0.12140493254901186,0
2050,350,27,0.05448718916957398,0
2050,350,29,0.034026832096342344,0
2050,350,65,0.23207893635932103,0
2050,350,88,0.07184934157385459,0
2050,351,3,0.02978694496790531,0
2050,351,4,0.4770632506423313,0
2050,351,7,0.06395929771223069,0
2050,351,13,0.24019022704337062,0
2050,351,65,0.11765181075768553,0
2050,351,81,0.0713484688764766,0
2050,352,4,0.6434147258114937,0
2050,352,12,0.09181420881334881,0
2050,352,13,0.198219094349745,0
2050,352,19,0.06655197102541245,0
2050,353,4,0.8298867240076111,0
2050,353,13,0.04695657227133738,0
2050,353,29,0.016504768917924958,0
2050,353,30,0.01099320680321478,0
2050,353,35,0.013864125414285182,0
2050,353,62,0.08179460258562662,0
2050,354,4,1.0,0
2050,355,4,0.807767532876948,0
2050,355,18,0.06445527741224046,0
2050,355,41,0.12777718971081145,0
2050,356,4,0.6616852846447653,0
2050,356,7,0.16514360131421746,0
2050,356,18,0.02544758555428753,0
2050,356,29,0.03681986239807522,0
2050,356,41,0.11090366608865465,0
2050,357,2,0.02552072868175725,0
2050,357,4,0.6474908112582065,0
2050,357,7,0.04890763110559158,0
2050,357,29,0.12174672873910625,0
2050,357,41,0.11645703339340036,0
2050,357,42,0.039877066821938076,0
2050,358,2,0.011408283308771196,0
2050,358,4,0.5687201201778894,0
2050,358,12,0.0806130698079506,0
2050,358,16,0.133616072968548,0
2050,358,29,0.03324929427371315,0
2050,358,36,0.07805362602794122,0
2050,358,42,0.036613871983288436,0
2050,358,87,0.057725661451897906,0
2050,359,2,0.011546998835565639,0
2050,359,4,0.46091699303897277,0
2050,359,31,0.04926072653719383,0
2050,359,36,0.18416935590456016,0
2050,359,40,0.06851366072805562,0
2050,359,41,0.0800303196572765,0
2050,359,71,0.025238368902214196,0
2050,359,87,0.12032357639616136,0
2050,360,4,0.30214045139935375,0
2050,360,9,0.08101971150572383,0
2050,360,24,0.04837504635786425,0
2050,360,27,0.06874723928482031,0
2050,360,29,0.20868714422201978,0
2050,360,31,0.0390964262936833,0
2050,360,36,0.14934511646984625,0
2050,360,63,0.041542523150753574,0
2050,360,83,0.03417112494534093,0
2050,360,88,0.02687521637059405,0
2050,361,4,0.21429711366261486,0
2050,361,13,0.24116833035212332,0
2050,361,16,0.18222340983234453,0
2050,361,18,0.06334776174454199,0
2050,361,21,0.08685603935278616,0
2050,361,35,0.027068008790792658,0
2050,361,42,0.014723674818549462,0
2050,361,49,0.09277053065715254,0
2050,361,55,0.033252509775458135,0
2050,361,81,0.0442926210136365,0
2050,361,87,0.0,0
2050,362,4,0.26856427863305166,0
2050,362,9,0.02150966439207639,0
2050,362,11,0.025793061182509056,0
2050,362,29,0.03356232888701712,0
2050,362,31,0.2578419070354278,0
2050,362,52,0.14060170317739754,0
2050,362,53,0.016902083116233806,0
2050,362,58,0.1564835614134239,0
2050,362,63,0.04251879273382913,0
2050,362,81,0.03622261942903376,0
2050,363,4,0.13433453568102582,0
2050,363,12,0.04298647647116213,0
2050,363,13,0.073985013314366,0
2050,363,16,0.0895962294376644,0
2050,363,18,0.0473697677714222,0
2050,363,20,0.04121190921634435,0
2050,363,29,0.1911971749284228,0
2050,363,31,0.010450927103839422,0
2050,363,50,0.036217185011448945,0
2050,363,73,0.0822789894956387,0
2050,363,75,0.010694477706506299,0
2050,363,76,0.060967283664563714,0
2050,363,81,0.17871003019759518,0
2050,364,3,0.024279117512271707,0
2050,364,4,0.1733769005614678,0
2050,364,7,0.030330319935023657,0
2050,364,12,0.2030983458299811,0
2050,364,18,0.042770585283113276,0
2050,364,19,0.026709622257885035,0
2050,364,20,0.0164275514842013,0
2050,364,23,0.15997638315204069,0
2050,364,29,0.044421891800963786,0
2050,364,36,0.10468978200148173,0
2050,364,40,0.08839004839468467,0
2050,364,81,0.0855294517868853,0
2050,365,4,0.2873089805341958,0
2050,365,10,0.10549191007361253,0
2050,365,12,0.13788676682879455,0
2050,365,18,0.0672243853969013,0
2050,365,19,0.04896109536393521,0
2050,365,20,0.05184816422715864,0
2050,365,29,0.07669455032457934,0
2050,365,41,0.09631215706722944,0
2050,365,71,0.0313615802972398,0
2050,365,81,0.09691040988635342,0
