rep_period,timestep,year,scenario,profile_name,value
1,1,2030,0,demand,0.5469013195373927
1,2,2030,0,demand,0.545841503691826
1,3,2030,0,demand,0.5370043930033287
1,4,2030,0,demand,0.5268476363189899
1,5,2030,0,demand,0.5272920300678298
1,6,2030,0,demand,0.5248961217487113
1,7,2030,0,demand,0.5126479734035768
1,8,2030,0,demand,0.523334897244715
1,9,2030,0,demand,0.5688234332084718
1,10,2030,0,demand,0.6200301465841198
1,11,2030,0,demand,0.6414273459002016
1,12,2030,0,demand,0.6636222488381249
1,13,2030,0,demand,0.6811047211458673
1,14,2030,0,demand,0.6617598715486481
1,15,2030,0,demand,0.6579661447397056
1,16,2030,0,demand,0.6492522913365605
1,17,2030,0,demand,0.6355134844651386
1,18,2030,0,demand,0.6324018777954311
1,19,2030,0,demand,0.6254686598868783
1,20,2030,0,demand,0.6186230984928441
1,21,2030,0,demand,0.6171614913608092
1,22,2030,0,demand,0.6021528354994159
1,23,2030,0,demand,0.5730406302399595
1,24,2030,0,demand,0.5650451322002162
1,1,2030,0,hydro_inflow,0.3025534744663744
1,2,2030,0,hydro_inflow,0.30595346237411586
1,3,2030,0,hydro_inflow,0.3037988923852762
1,4,2030,0,hydro_inflow,0.3069648505947543
1,5,2030,0,hydro_inflow,0.3023745293278966
1,6,2030,0,hydro_inflow,0.30407279817031363
1,7,2030,0,hydro_inflow,0.3070453148364831
1,8,2030,0,hydro_inflow,0.30511220104647047
1,9,2030,0,hydro_inflow,0.3041469629877388
1,10,2030,0,hydro_inflow,0.3038781031716167
1,11,2030,0,hydro_inflow,0.30313231105752675
1,12,2030,0,hydro_inflow,0.30643189257804243
1,13,2030,0,hydro_inflow,0.31116991312912384
1,14,2030,0,hydro_inflow,0.31122675125715965
1,15,2030,0,hydro_inflow,0.31445503286002385
1,16,2030,0,hydro_inflow,0.3164310343132566
1,17,2030,0,hydro_inflow,0.3154519287393859
1,18,2030,0,hydro_inflow,0.31649251562805947
1,19,2030,0,hydro_inflow,0.3147459836904528
1,20,2030,0,hydro_inflow,0.3146315520704486
1,21,2030,0,hydro_inflow,0.31052369447111705
1,22,2030,0,hydro_inflow,0.317719371797589
1,23,2030,0,hydro_inflow,0.31356687144482115
1,24,2030,0,hydro_inflow,0.31349685889788753
1,1,2030,0,solar,0.0
1,2,2030,0,solar,0.0
1,3,2030,0,solar,0.0
1,4,2030,0,solar,0.0
1,5,2030,0,solar,0.0
1,6,2030,0,solar,0.0
1,7,2030,0,solar,0.004962848973170414
1,8,2030,0,solar,0.1190172892780672
1,9,2030,0,solar,0.30423705770069254
1,10,2030,0,solar,0.4668544045865991
1,11,2030,0,solar,0.5591353656666337
1,12,2030,0,solar,0.6258155185343895
1,13,2030,0,solar,0.6377442119784257
1,14,2030,0,solar,0.6311255802853352
1,15,2030,0,solar,0.5830327187574457
1,16,2030,0,solar,0.4870874789631943
1,17,2030,0,solar,0.36076301205779887
1,18,2030,0,solar,0.2009650397289724
1,19,2030,0,solar,0.04260128141327148
1,20,2030,0,solar,1.3793696700907235e-6
1,21,2030,0,solar,0.0
1,22,2030,0,solar,0.0
1,23,2030,0,solar,0.0
1,24,2030,0,solar,0.0
1,1,2030,0,wind_offshore,0.36866282268937467
1,2,2030,0,wind_offshore,0.34788791375829786
1,3,2030,0,wind_offshore,0.345635281849438
1,4,2030,0,wind_offshore,0.3322810598431454
1,5,2030,0,wind_offshore,0.3093243430221443
1,6,2030,0,wind_offshore,0.29777553628366016
1,7,2030,0,wind_offshore,0.2641188860606961
1,8,2030,0,wind_offshore,0.23458775384960573
1,9,2030,0,wind_offshore,0.20274909363639596
1,10,2030,0,wind_offshore,0.1788877540770408
1,11,2030,0,wind_offshore,0.17864259149183875
1,12,2030,0,wind_offshore,0.14322644706042612
1,13,2030,0,wind_offshore,0.12205464805473867
1,14,2030,0,wind_offshore,0.1193733439250432
1,15,2030,0,wind_offshore,0.16395673705683061
1,16,2030,0,wind_offshore,0.20237550911018223
1,17,2030,0,wind_offshore,0.23992160801996332
1,18,2030,0,wind_offshore,0.302298750476261
1,19,2030,0,wind_offshore,0.3532363295645479
1,20,2030,0,wind_offshore,0.3930715243196883
1,21,2030,0,wind_offshore,0.40040027829920755
1,22,2030,0,wind_offshore,0.39953590950569845
1,23,2030,0,wind_offshore,0.3743045655484694
1,24,2030,0,wind_offshore,0.3537265083330766
1,1,2030,0,wind_onshore,0.2633363215103063
1,2,2030,0,wind_onshore,0.24437907596888903
1,3,2030,0,wind_onshore,0.22550127769440464
1,4,2030,0,wind_onshore,0.2085387938224625
1,5,2030,0,wind_onshore,0.1983072405827424
1,6,2030,0,wind_onshore,0.19958143408788906
1,7,2030,0,wind_onshore,0.20384198360826472
1,8,2030,0,wind_onshore,0.19432158726964396
1,9,2030,0,wind_onshore,0.1924534816690229
1,10,2030,0,wind_onshore,0.19590005618376619
1,11,2030,0,wind_onshore,0.1731377848463129
1,12,2030,0,wind_onshore,0.17225637219895346
1,13,2030,0,wind_onshore,0.16497321534898232
1,14,2030,0,wind_onshore,0.1652627810249883
1,15,2030,0,wind_onshore,0.17757487462042892
1,16,2030,0,wind_onshore,0.20141198838451427
1,17,2030,0,wind_onshore,0.23127278013125324
1,18,2030,0,wind_onshore,0.2592758572275438
1,19,2030,0,wind_onshore,0.2687462654490917
1,20,2030,0,wind_onshore,0.2903813329847201
1,21,2030,0,wind_onshore,0.2929895862734395
1,22,2030,0,wind_onshore,0.2810714476852403
1,23,2030,0,wind_onshore,0.2496740981672224
1,24,2030,0,wind_onshore,0.24305792290266437
2,1,2030,0,demand,0.5216488603236257
2,2,2030,0,demand,0.5070792161732673
2,3,2030,0,demand,0.5030182877184834
2,4,2030,0,demand,0.4991726156077412
2,5,2030,0,demand,0.5079165872885776
2,6,2030,0,demand,0.5313352057497177
2,7,2030,0,demand,0.5823170595457825
2,8,2030,0,demand,0.6236632968757485
2,9,2030,0,demand,0.6526202756658229
2,10,2030,0,demand,0.6734158306846239
2,11,2030,0,demand,0.6792142997434274
2,12,2030,0,demand,0.6760636398108245
2,13,2030,0,demand,0.6629462514971689
2,14,2030,0,demand,0.6514011383569832
2,15,2030,0,demand,0.6273653814309663
2,16,2030,0,demand,0.6221113799508607
2,17,2030,0,demand,0.6168570244707199
2,18,2030,0,demand,0.6404023910983635
2,19,2030,0,demand,0.667867763075604
2,20,2030,0,demand,0.6956247453711799
2,21,2030,0,demand,0.681122226505758
2,22,2030,0,demand,0.6290499512724144
2,23,2030,0,demand,0.5752424811065586
2,24,2030,0,demand,0.5575539551291255
2,1,2030,0,hydro_inflow,0.555196981620992
2,2,2030,0,hydro_inflow,0.5546971859156177
2,3,2030,0,hydro_inflow,0.5541203810114207
2,4,2030,0,hydro_inflow,0.5663710970732481
2,5,2030,0,hydro_inflow,0.566397187896646
2,6,2030,0,hydro_inflow,0.5626494745913159
2,7,2030,0,hydro_inflow,0.5699187591426816
2,8,2030,0,hydro_inflow,0.565645629103825
2,9,2030,0,hydro_inflow,0.5621629639406266
2,10,2030,0,hydro_inflow,0.5624587445001514
2,11,2030,0,hydro_inflow,0.5533952133761226
2,12,2030,0,hydro_inflow,0.557261488856521
2,13,2030,0,hydro_inflow,0.5602255678358046
2,14,2030,0,hydro_inflow,0.5525385835643476
2,15,2030,0,hydro_inflow,0.5479410945423434
2,16,2030,0,hydro_inflow,0.5419766546331884
2,17,2030,0,hydro_inflow,0.5407201545430496
2,18,2030,0,hydro_inflow,0.5430409004567698
2,19,2030,0,hydro_inflow,0.5380033072152994
2,20,2030,0,hydro_inflow,0.5369912277969298
2,21,2030,0,hydro_inflow,0.5436738243678355
2,22,2030,0,hydro_inflow,0.5493603450575159
2,23,2030,0,hydro_inflow,0.5510756458490916
2,24,2030,0,hydro_inflow,0.5474367053306372
2,1,2030,0,solar,0.0
2,2,2030,0,solar,0.0
2,3,2030,0,solar,0.0
2,4,2030,0,solar,0.0
2,5,2030,0,solar,0.0
2,6,2030,0,solar,0.0
2,7,2030,0,solar,0.0
2,8,2030,0,solar,0.0
2,9,2030,0,solar,0.0720922583127436
2,10,2030,0,solar,0.21581933206941098
2,11,2030,0,solar,0.3493034574372836
2,12,2030,0,solar,0.44632190022559415
2,13,2030,0,solar,0.4964561469803725
2,14,2030,0,solar,0.5120872605582151
2,15,2030,0,solar,0.4622731106951202
2,16,2030,0,solar,0.3537978642305604
2,17,2030,0,solar,0.20141670730363245
2,18,2030,0,solar,0.03943426303753308
2,19,2030,0,solar,0.0
2,20,2030,0,solar,0.0
2,21,2030,0,solar,0.0
2,22,2030,0,solar,0.0
2,23,2030,0,solar,0.0
2,24,2030,0,solar,0.0
2,1,2030,0,wind_offshore,0.8494070329864264
2,2,2030,0,wind_offshore,0.8537951646482665
2,3,2030,0,wind_offshore,0.8425956486576136
2,4,2030,0,wind_offshore,0.8318610626082574
2,5,2030,0,wind_offshore,0.8312024000830229
2,6,2030,0,wind_offshore,0.835884733478402
2,7,2030,0,wind_offshore,0.8158635471818819
2,8,2030,0,wind_offshore,0.7891208355389573
2,9,2030,0,wind_offshore,0.7596301678262599
2,10,2030,0,wind_offshore,0.7391754455502562
2,11,2030,0,wind_offshore,0.7909938981330156
2,12,2030,0,wind_offshore,0.7495592668491406
2,13,2030,0,wind_offshore,0.7276922501420355
2,14,2030,0,wind_offshore,0.7074434843512325
2,15,2030,0,wind_offshore,0.7242723565295105
2,16,2030,0,wind_offshore,0.7533438674019661
2,17,2030,0,wind_offshore,0.7906680743035178
2,18,2030,0,wind_offshore,0.8285522759546015
2,19,2030,0,wind_offshore,0.8294555800411884
2,20,2030,0,wind_offshore,0.8324953363350461
2,21,2030,0,wind_offshore,0.8379359451273061
2,22,2030,0,wind_offshore,0.8419767219714293
2,23,2030,0,wind_offshore,0.8495579083573908
2,24,2030,0,wind_offshore,0.8504195629963219
2,1,2030,0,wind_onshore,0.5186224561839705
2,2,2030,0,wind_onshore,0.5352551009462414
2,3,2030,0,wind_onshore,0.5437352429086236
2,4,2030,0,wind_onshore,0.5461673092341012
2,5,2030,0,wind_onshore,0.5345426415575327
2,6,2030,0,wind_onshore,0.532698501467762
2,7,2030,0,wind_onshore,0.5282500231116164
2,8,2030,0,wind_onshore,0.5272865291783873
2,9,2030,0,wind_onshore,0.5421586680665988
2,10,2030,0,wind_onshore,0.530043638337125
2,11,2030,0,wind_onshore,0.5067642364025565
2,12,2030,0,wind_onshore,0.5052270207718337
2,13,2030,0,wind_onshore,0.5201861935150001
2,14,2030,0,wind_onshore,0.5260689206478341
2,15,2030,0,wind_onshore,0.5279572940391333
2,16,2030,0,wind_onshore,0.513933449706789
2,17,2030,0,wind_onshore,0.5003010947325175
2,18,2030,0,wind_onshore,0.5100366426782743
2,19,2030,0,wind_onshore,0.5298982204321824
2,20,2030,0,wind_onshore,0.5425204055965361
2,21,2030,0,wind_onshore,0.5571059398702695
2,22,2030,0,wind_onshore,0.5568467365582361
2,23,2030,0,wind_onshore,0.5777018885813912
2,24,2030,0,wind_onshore,0.5941783790169292
3,1,2030,0,demand,0.49412081596015656
3,2,2030,0,demand,0.4939892638340512
3,3,2030,0,demand,0.4989341425878231
3,4,2030,0,demand,0.4990621467881031
3,5,2030,0,demand,0.5087636753110472
3,6,2030,0,demand,0.5404402822420646
3,7,2030,0,demand,0.5802555668672943
3,8,2030,0,demand,0.6215492340081359
3,9,2030,0,demand,0.6412320921146917
3,10,2030,0,demand,0.6520032443298746
3,11,2030,0,demand,0.654868939640277
3,12,2030,0,demand,0.6690206450319183
3,13,2030,0,demand,0.6718490724552614
3,14,2030,0,demand,0.6595561664046523
3,15,2030,0,demand,0.6464338153965485
3,16,2030,0,demand,0.6358489321422789
3,17,2030,0,demand,0.6299628178343673
3,18,2030,0,demand,0.6220575845360347
3,19,2030,0,demand,0.621790964095763
3,20,2030,0,demand,0.6121436685627801
3,21,2030,0,demand,0.6055793064518479
3,22,2030,0,demand,0.5634632629052656
3,23,2030,0,demand,0.5283650237238198
3,24,2030,0,demand,0.5170064792624375
3,1,2030,0,hydro_inflow,0.341559537417992
3,2,2030,0,hydro_inflow,0.33901370712801987
3,3,2030,0,hydro_inflow,0.3393801198283955
3,4,2030,0,hydro_inflow,0.3370505563721268
3,5,2030,0,hydro_inflow,0.3364720410844081
3,6,2030,0,hydro_inflow,0.33562049248669185
3,7,2030,0,hydro_inflow,0.33523481268979993
3,8,2030,0,hydro_inflow,0.33292483679404805
3,9,2030,0,hydro_inflow,0.3321610947219921
3,10,2030,0,hydro_inflow,0.33379575126834776
3,11,2030,0,hydro_inflow,0.3319954169245908
3,12,2030,0,hydro_inflow,0.33051316828659577
3,13,2030,0,hydro_inflow,0.3268362836614106
3,14,2030,0,hydro_inflow,0.3282863884467977
3,15,2030,0,hydro_inflow,0.3283068453339918
3,16,2030,0,hydro_inflow,0.3273840041000189
3,17,2030,0,hydro_inflow,0.3239945055540316
3,18,2030,0,hydro_inflow,0.3251531332387367
3,19,2030,0,hydro_inflow,0.3253420897136448
3,20,2030,0,hydro_inflow,0.3208761147871628
3,21,2030,0,hydro_inflow,0.322292260960089
3,22,2030,0,hydro_inflow,0.31750690718105556
3,23,2030,0,hydro_inflow,0.3133189399063604
3,24,2030,0,hydro_inflow,0.31468728196021145
3,1,2030,0,solar,0.0
3,2,2030,0,solar,0.0
3,3,2030,0,solar,0.0
3,4,2030,0,solar,0.0
3,5,2030,0,solar,0.0
3,6,2030,0,solar,0.0008125576360815055
3,7,2030,0,solar,0.04571117413938979
3,8,2030,0,solar,0.17460264816789572
3,9,2030,0,solar,0.3147750961057095
3,10,2030,0,solar,0.4295092072567574
3,11,2030,0,solar,0.502470641992828
3,12,2030,0,solar,0.5645445557510365
3,13,2030,0,solar,0.5821451477218403
3,14,2030,0,solar,0.5532575088352294
3,15,2030,0,solar,0.485949456555798
3,16,2030,0,solar,0.39465943065120973
3,17,2030,0,solar,0.2914677881649281
3,18,2030,0,solar,0.18445596167890457
3,19,2030,0,solar,0.08195993720071497
3,20,2030,0,solar,0.009850639376389128
3,21,2030,0,solar,0.0
3,22,2030,0,solar,0.0
3,23,2030,0,solar,0.0
3,24,2030,0,solar,0.0
3,1,2030,0,wind_offshore,0.8009580447089215
3,2,2030,0,wind_offshore,0.8025392747176627
3,3,2030,0,wind_offshore,0.8097604828812981
3,4,2030,0,wind_offshore,0.7998077599620982
3,5,2030,0,wind_offshore,0.8069132425330187
3,6,2030,0,wind_offshore,0.8186905685703025
3,7,2030,0,wind_offshore,0.8265301740950363
3,8,2030,0,wind_offshore,0.8384252864441327
3,9,2030,0,wind_offshore,0.8348231736155084
3,10,2030,0,wind_offshore,0.816752143372654
3,11,2030,0,wind_offshore,0.7860628655986451
3,12,2030,0,wind_offshore,0.815979732557248
3,13,2030,0,wind_offshore,0.8422095109733904
3,14,2030,0,wind_offshore,0.8505912716236116
3,15,2030,0,wind_offshore,0.8506509222079623
3,16,2030,0,wind_offshore,0.8563219066513472
3,17,2030,0,wind_offshore,0.8488282380495844
3,18,2030,0,wind_offshore,0.8419326366210413
3,19,2030,0,wind_offshore,0.8374085434037094
3,20,2030,0,wind_offshore,0.828263704804136
3,21,2030,0,wind_offshore,0.8413333182433917
3,22,2030,0,wind_offshore,0.8421381903011816
3,23,2030,0,wind_offshore,0.8507569581023142
3,24,2030,0,wind_offshore,0.8307998577422625
3,1,2030,0,wind_onshore,0.1673887461783526
3,2,2030,0,wind_onshore,0.1526662412710107
3,3,2030,0,wind_onshore,0.14641665744663485
3,4,2030,0,wind_onshore,0.14382747776729968
3,5,2030,0,wind_onshore,0.13710407780986456
3,6,2030,0,wind_onshore,0.13690026628863036
3,7,2030,0,wind_onshore,0.13201716888650325
3,8,2030,0,wind_onshore,0.10921718724414588
3,9,2030,0,wind_onshore,0.10394352398142134
3,10,2030,0,wind_onshore,0.10215030988732073
3,11,2030,0,wind_onshore,0.10011493640635802
3,12,2030,0,wind_onshore,0.10676634750392446
3,13,2030,0,wind_onshore,0.12456948118501773
3,14,2030,0,wind_onshore,0.15625179266374234
3,15,2030,0,wind_onshore,0.19874898906773306
3,16,2030,0,wind_onshore,0.24470423454848125
3,17,2030,0,wind_onshore,0.2800685465482132
3,18,2030,0,wind_onshore,0.30512757560028875
3,19,2030,0,wind_onshore,0.32721483335657126
3,20,2030,0,wind_onshore,0.32685502988156795
3,21,2030,0,wind_onshore,0.321455571581937
3,22,2030,0,wind_onshore,0.3109271939406575
3,23,2030,0,wind_onshore,0.26726948281038604
3,24,2030,0,wind_onshore,0.281053655411894
4,1,2030,0,demand,0.6905253708261757
4,2,2030,0,demand,0.6702888920607601
4,3,2030,0,demand,0.6526963307976218
4,4,2030,0,demand,0.6419725954352316
4,5,2030,0,demand,0.6558593342094062
4,6,2030,0,demand,0.6726918176963261
4,7,2030,0,demand,0.6848261767002599
4,8,2030,0,demand,0.7299396821740936
4,9,2030,0,demand,0.8180417172478365
4,10,2030,0,demand,0.8932575203123725
4,11,2030,0,demand,0.9717430046979935
4,12,2030,0,demand,1.0247055672345131
4,13,2030,0,demand,1.0371172368649115
4,14,2030,0,demand,1.0411536425128025
4,15,2030,0,demand,1.0229698126435594
4,16,2030,0,demand,1.0247523519444888
4,17,2030,0,demand,0.9965250160625228
4,18,2030,0,demand,0.9907892972751812
4,19,2030,0,demand,0.9523918889605875
4,20,2030,0,demand,0.9158578881127682
4,21,2030,0,demand,0.9033131586312311
4,22,2030,0,demand,0.8358808516099575
4,23,2030,0,demand,0.7650531359211373
4,24,2030,0,demand,0.7311438261840713
4,1,2030,0,hydro_inflow,0.27708343334315594
4,2,2030,0,hydro_inflow,0.2773916380477692
4,3,2030,0,hydro_inflow,0.27706770434534744
4,4,2030,0,hydro_inflow,0.27758000583069264
4,5,2030,0,hydro_inflow,0.2774586351825512
4,6,2030,0,hydro_inflow,0.2757535175735726
4,7,2030,0,hydro_inflow,0.2737777130140894
4,8,2030,0,hydro_inflow,0.27220002707773255
4,9,2030,0,hydro_inflow,0.2784741904277887
4,10,2030,0,hydro_inflow,0.27672050832312156
4,11,2030,0,hydro_inflow,0.2773299315867442
4,12,2030,0,hydro_inflow,0.27905891001730015
4,13,2030,0,hydro_inflow,0.279816859343577
4,14,2030,0,hydro_inflow,0.28191282402545526
4,15,2030,0,hydro_inflow,0.28022923661173593
4,16,2030,0,hydro_inflow,0.2794024528495139
4,17,2030,0,hydro_inflow,0.28367231585549496
4,18,2030,0,hydro_inflow,0.28164844632995134
4,19,2030,0,hydro_inflow,0.28392225348418965
4,20,2030,0,hydro_inflow,0.28057782885851507
4,21,2030,0,hydro_inflow,0.2811260538667852
4,22,2030,0,hydro_inflow,0.2829984414039477
4,23,2030,0,hydro_inflow,0.28518196566550885
4,24,2030,0,hydro_inflow,0.28304397801214043
4,1,2030,0,solar,0.0
4,2,2030,0,solar,0.0
4,3,2030,0,solar,0.0
4,4,2030,0,solar,0.0
4,5,2030,0,solar,0.0
4,6,2030,0,solar,0.0
4,7,2030,0,solar,0.0
4,8,2030,0,solar,0.0
4,9,2030,0,solar,0.010128013510760713
4,10,2030,0,solar,0.04854959712645533
4,11,2030,0,solar,0.09023123688779022
4,12,2030,0,solar,0.12119612580417968
4,13,2030,0,solar,0.12958839392236426
4,14,2030,0,solar,0.1255371092955131
4,15,2030,0,solar,0.10550166112625284
4,16,2030,0,solar,0.0700272784519757
4,17,2030,0,solar,0.028809527456683897
4,18,2030,0,solar,0.0
4,19,2030,0,solar,0.0
4,20,2030,0,solar,0.0
4,21,2030,0,solar,0.0
4,22,2030,0,solar,0.0
4,23,2030,0,solar,0.0
4,24,2030,0,solar,0.0
4,1,2030,0,wind_offshore,0.3926425820328491
4,2,2030,0,wind_offshore,0.3664410012616917
4,3,2030,0,wind_offshore,0.3052917508862858
4,4,2030,0,wind_offshore,0.24128469481961037
4,5,2030,0,wind_offshore,0.1838106643437573
4,6,2030,0,wind_offshore,0.14648871807621255
4,7,2030,0,wind_offshore,0.1295357380396594
4,8,2030,0,wind_offshore,0.11256022629770283
4,9,2030,0,wind_offshore,0.11067430294625369
4,10,2030,0,wind_offshore,0.1111710547584133
4,11,2030,0,wind_offshore,0.13052793678002014
4,12,2030,0,wind_offshore,0.1300157204994064
4,13,2030,0,wind_offshore,0.10849798674296263
4,14,2030,0,wind_offshore,0.09622198911222568
4,15,2030,0,wind_offshore,0.07448944070108132
4,16,2030,0,wind_offshore,0.04159602501992825
4,17,2030,0,wind_offshore,0.02409712559703954
4,18,2030,0,wind_offshore,0.018716207041915046
4,19,2030,0,wind_offshore,0.012622456690405145
4,20,2030,0,wind_offshore,0.005578790158445338
4,21,2030,0,wind_offshore,0.004540676851955861
4,22,2030,0,wind_offshore,0.006264934343532433
4,23,2030,0,wind_offshore,0.003814049988708345
4,24,2030,0,wind_offshore,0.00799652498144834
4,1,2030,0,wind_onshore,0.0973791305830579
4,2,2030,0,wind_onshore,0.09762610367023569
4,3,2030,0,wind_onshore,0.09904394211429121
4,4,2030,0,wind_onshore,0.09867760792698
4,5,2030,0,wind_onshore,0.09414106468105879
4,6,2030,0,wind_onshore,0.09404735638390144
4,7,2030,0,wind_onshore,0.09796784087113052
4,8,2030,0,wind_onshore,0.09944305573545781
4,9,2030,0,wind_onshore,0.10373869703960316
4,10,2030,0,wind_onshore,0.1017030247041156
4,11,2030,0,wind_onshore,0.09233682340257626
4,12,2030,0,wind_onshore,0.09985008530780085
4,13,2030,0,wind_onshore,0.10141655248380667
4,14,2030,0,wind_onshore,0.10207864166241039
4,15,2030,0,wind_onshore,0.10669724744745736
4,16,2030,0,wind_onshore,0.09907230126162338
4,17,2030,0,wind_onshore,0.09340631072770504
4,18,2030,0,wind_onshore,0.08824938507421105
4,19,2030,0,wind_onshore,0.08616351570028388
4,20,2030,0,wind_onshore,0.07610957182479423
4,21,2030,0,wind_onshore,0.06299696129310037
4,22,2030,0,wind_onshore,0.049380144915181695
4,23,2030,0,wind_onshore,0.0442319703916935
4,24,2030,0,wind_onshore,0.034221705196825596
5,1,2030,1,demand,0.496205046441352
5,2,2030,1,demand,0.4896783656394702
5,3,2030,1,demand,0.482029660169878
5,4,2030,1,demand,0.4751777458747319
5,5,2030,1,demand,0.4700085697717748
5,6,2030,1,demand,0.47090970081727823
5,7,2030,1,demand,0.47839496992854064
5,8,2030,1,demand,0.5004777318759972
5,9,2030,1,demand,0.5293033690461523
5,10,2030,1,demand,0.5470207854691609
5,11,2030,1,demand,0.5520636724375162
5,12,2030,1,demand,0.5541650324568475
5,13,2030,1,demand,0.5549194581718094
5,14,2030,1,demand,0.541903460354621
5,15,2030,1,demand,0.5418343733067916
5,16,2030,1,demand,0.5392127852562617
5,17,2030,1,demand,0.5401131509798872
5,18,2030,1,demand,0.5207522702307807
5,19,2030,1,demand,0.5316104873530579
5,20,2030,1,demand,0.5565145637527473
5,21,2030,1,demand,0.5595839607041233
5,22,2030,1,demand,0.5435495579977976
5,23,2030,1,demand,0.505427190317349
5,24,2030,1,demand,0.4976409620552817
5,1,2030,1,hydro_inflow,0.3186379562795251
5,2,2030,1,hydro_inflow,0.3219841012494552
5,3,2030,1,hydro_inflow,0.32211412360779024
5,4,2030,1,hydro_inflow,0.32919901207691316
5,5,2030,1,hydro_inflow,0.33036414120497937
5,6,2030,1,hydro_inflow,0.32326275112102176
5,7,2030,1,hydro_inflow,0.3291301471980971
5,8,2030,1,hydro_inflow,0.33054556694218334
5,9,2030,1,hydro_inflow,0.33286511472986513
5,10,2030,1,hydro_inflow,0.3354143774058235
5,11,2030,1,hydro_inflow,0.3398601516129336
5,12,2030,1,hydro_inflow,0.3398276518061512
5,13,2030,1,hydro_inflow,0.33729209705724816
5,14,2030,1,hydro_inflow,0.3393966831648759
5,15,2030,1,hydro_inflow,0.3383601796510854
5,16,2030,1,hydro_inflow,0.33668675972292633
5,17,2030,1,hydro_inflow,0.34234211929770797
5,18,2030,1,hydro_inflow,0.342914621110765
5,19,2030,1,hydro_inflow,0.3383227313771777
5,20,2030,1,hydro_inflow,0.33257069583101007
5,21,2030,1,hydro_inflow,0.3266934456792413
5,22,2030,1,hydro_inflow,0.33119460472478235
5,23,2030,1,hydro_inflow,0.32812119757731706
5,24,2030,1,hydro_inflow,0.3296861555256267
5,1,2030,1,solar,0.0
5,2,2030,1,solar,0.0
5,3,2030,1,solar,0.0
5,4,2030,1,solar,0.0
5,5,2030,1,solar,0.0
5,6,2030,1,solar,0.0008167944666862064
5,7,2030,1,solar,0.05627571633968765
5,8,2030,1,solar,0.1853626487061715
5,9,2030,1,solar,0.32688060544272896
5,10,2030,1,solar,0.45008946401032446
5,11,2030,1,solar,0.5485769601637974
5,12,2030,1,solar,0.6356444444625622
5,13,2030,1,solar,0.6632848641627682
5,14,2030,1,solar,0.6459682251179243
5,15,2030,1,solar,0.6060946962794429
5,16,2030,1,solar,0.5116179757124976
5,17,2030,1,solar,0.37526292296124664
5,18,2030,1,solar,0.24010441247299372
5,19,2030,1,solar,0.10518525946046363
5,20,2030,1,solar,0.012460647808671491
5,21,2030,1,solar,0.0
5,22,2030,1,solar,0.0
5,23,2030,1,solar,0.0
5,24,2030,1,solar,0.0
5,1,2030,1,wind_offshore,1.0941268643351447
5,2,2030,1,wind_offshore,1.06870136077991
5,3,2030,1,wind_offshore,1.073184676659532
5,4,2030,1,wind_offshore,1.0740532778105516
5,5,2030,1,wind_offshore,1.082738430850893
5,6,2030,1,wind_offshore,1.0741596686682253
5,7,2030,1,wind_offshore,1.0708522109712624
5,8,2030,1,wind_offshore,1.0636671437861596
5,9,2030,1,wind_offshore,1.0493908124614133
5,10,2030,1,wind_offshore,1.034227643301381
5,11,2030,1,wind_offshore,1.022940162499512
5,12,2030,1,wind_offshore,1.0263387676484481
5,13,2030,1,wind_offshore,1.0265727415739416
5,14,2030,1,wind_offshore,1.0046998157103908
5,15,2030,1,wind_offshore,0.9968798436690347
5,16,2030,1,wind_offshore,0.9757606263967563
5,17,2030,1,wind_offshore,0.9686407688319093
5,18,2030,1,wind_offshore,0.9728724979058058
5,19,2030,1,wind_offshore,0.9839311426649763
5,20,2030,1,wind_offshore,0.9879096552105215
5,21,2030,1,wind_offshore,0.9970473648800439
5,22,2030,1,wind_offshore,0.9941281499605055
5,23,2030,1,wind_offshore,0.9624238465392768
5,24,2030,1,wind_offshore,0.9458280943204439
5,1,2030,1,wind_onshore,0.32808617375960486
5,2,2030,1,wind_onshore,0.3404199345405453
5,3,2030,1,wind_onshore,0.3338869829175114
5,4,2030,1,wind_onshore,0.3249322032094548
5,5,2030,1,wind_onshore,0.31044488414287885
5,6,2030,1,wind_onshore,0.3060848255957161
5,7,2030,1,wind_onshore,0.30734825691938716
5,8,2030,1,wind_onshore,0.337406684232325
5,9,2030,1,wind_onshore,0.3336554171716172
5,10,2030,1,wind_onshore,0.32753006116181105
5,11,2030,1,wind_onshore,0.2872107420746358
5,12,2030,1,wind_onshore,0.281426981163222
5,13,2030,1,wind_onshore,0.28223141069468155
5,14,2030,1,wind_onshore,0.29311195349065966
5,15,2030,1,wind_onshore,0.3149825422863974
5,16,2030,1,wind_onshore,0.3374051714991414
5,17,2030,1,wind_onshore,0.3924852847113994
5,18,2030,1,wind_onshore,0.46005141667462107
5,19,2030,1,wind_onshore,0.49395498160073176
5,20,2030,1,wind_onshore,0.49463210844691136
5,21,2030,1,wind_onshore,0.4613595405656438
5,22,2030,1,wind_onshore,0.44106266978814496
5,23,2030,1,wind_onshore,0.377018107808713
5,24,2030,1,wind_onshore,0.35725473293080906
6,1,2030,1,demand,0.498112304406231
6,2,2030,1,demand,0.49613822390305795
6,3,2030,1,demand,0.4974426018608469
6,4,2030,1,demand,0.4909506627987741
6,5,2030,1,demand,0.49450655057491527
6,6,2030,1,demand,0.5354626444953923
6,7,2030,1,demand,0.5645863439283767
6,8,2030,1,demand,0.5967862474362808
6,9,2030,1,demand,0.6223760879370464
6,10,2030,1,demand,0.6347820955632717
6,11,2030,1,demand,0.6363630539012649
6,12,2030,1,demand,0.6314422802352776
6,13,2030,1,demand,0.6209431410676088
6,14,2030,1,demand,0.6033206355256165
6,15,2030,1,demand,0.5985264116276099
6,16,2030,1,demand,0.5984870895608094
6,17,2030,1,demand,0.5939798523709868
6,18,2030,1,demand,0.5929970292010077
6,19,2030,1,demand,0.5934045066886181
6,20,2030,1,demand,0.6027423662575835
6,21,2030,1,demand,0.5966299379679076
6,22,2030,1,demand,0.5623933940131671
6,23,2030,1,demand,0.5220354801639449
6,24,2030,1,demand,0.5106783620508313
6,1,2030,1,hydro_inflow,0.3109392505662036
6,2,2030,1,hydro_inflow,0.3164466810709767
6,3,2030,1,hydro_inflow,0.31842962501197
6,4,2030,1,hydro_inflow,0.3197709057585101
6,5,2030,1,hydro_inflow,0.31461646713664376
6,6,2030,1,hydro_inflow,0.3113195241989945
6,7,2030,1,hydro_inflow,0.3129402552058444
6,8,2030,1,hydro_inflow,0.30913602248992894
6,9,2030,1,hydro_inflow,0.30720628040011444
6,10,2030,1,hydro_inflow,0.30828944554246634
6,11,2030,1,hydro_inflow,0.3150396601813407
6,12,2030,1,hydro_inflow,0.3186436510451218
6,13,2030,1,hydro_inflow,0.3200190796671872
6,14,2030,1,hydro_inflow,0.32305579771766274
6,15,2030,1,hydro_inflow,0.31823403642534837
6,16,2030,1,hydro_inflow,0.31805941242175284
6,17,2030,1,hydro_inflow,0.3177912199774984
6,18,2030,1,hydro_inflow,0.3151606042370298
6,19,2030,1,hydro_inflow,0.31893308786627494
6,20,2030,1,hydro_inflow,0.318952373744081
6,21,2030,1,hydro_inflow,0.31942762249620427
6,22,2030,1,hydro_inflow,0.31402674610621045
6,23,2030,1,hydro_inflow,0.3129534270629053
6,24,2030,1,hydro_inflow,0.31699310924317814
6,1,2030,1,solar,0.0
6,2,2030,1,solar,0.0
6,3,2030,1,solar,0.0
6,4,2030,1,solar,0.0
6,5,2030,1,solar,0.0
6,6,2030,1,solar,0.0013128752397461505
6,7,2030,1,solar,0.05120566817273465
6,8,2030,1,solar,0.226499606812944
6,9,2030,1,solar,0.42902959871276575
6,10,2030,1,solar,0.6085832032337524
6,11,2030,1,solar,0.729141903741314
6,12,2030,1,solar,0.7803783590944187
6,13,2030,1,solar,0.7563650943624887
6,14,2030,1,solar,0.6884329093519062
6,15,2030,1,solar,0.5688380289323491
6,16,2030,1,solar,0.47141796206631775
6,17,2030,1,solar,0.380253894732547
6,18,2030,1,solar,0.2618792833221721
6,19,2030,1,solar,0.11361692584823531
6,20,2030,1,solar,0.007738887764925702
6,21,2030,1,solar,0.0
6,22,2030,1,solar,0.0
6,23,2030,1,solar,0.0
6,24,2030,1,solar,0.0
6,1,2030,1,wind_offshore,0.4999882839398541
6,2,2030,1,wind_offshore,0.4263875043779467
6,3,2030,1,wind_offshore,0.3769406477573133
6,4,2030,1,wind_offshore,0.328489002026531
6,5,2030,1,wind_offshore,0.2781027438443025
6,6,2030,1,wind_offshore,0.24391852520270624
6,7,2030,1,wind_offshore,0.24696027088272232
6,8,2030,1,wind_offshore,0.2775293840165892
6,9,2030,1,wind_offshore,0.3100595601519749
6,10,2030,1,wind_offshore,0.3523518365547984
6,11,2030,1,wind_offshore,0.3810658467498581
6,12,2030,1,wind_offshore,0.4261684762590368
6,13,2030,1,wind_offshore,0.45075281916342935
6,14,2030,1,wind_offshore,0.4987245165913219
6,15,2030,1,wind_offshore,0.5145918517279147
6,16,2030,1,wind_offshore,0.539929534446736
6,17,2030,1,wind_offshore,0.5832188104581071
6,18,2030,1,wind_offshore,0.5944323356264265
6,19,2030,1,wind_offshore,0.5956549185393973
6,20,2030,1,wind_offshore,0.5805381016457817
6,21,2030,1,wind_offshore,0.5854119088255237
6,22,2030,1,wind_offshore,0.5846874900704014
6,23,2030,1,wind_offshore,0.5944949410452575
6,24,2030,1,wind_offshore,0.5370176873110024
6,1,2030,1,wind_onshore,0.23077400480664303
6,2,2030,1,wind_onshore,0.21348677646826303
6,3,2030,1,wind_onshore,0.1903957720603021
6,4,2030,1,wind_onshore,0.17846135860633744
6,5,2030,1,wind_onshore,0.1762533595442792
6,6,2030,1,wind_onshore,0.17854346002789628
6,7,2030,1,wind_onshore,0.18160280475818086
6,8,2030,1,wind_onshore,0.1844253654303533
6,9,2030,1,wind_onshore,0.1910136345737101
6,10,2030,1,wind_onshore,0.20711000047287842
6,11,2030,1,wind_onshore,0.2105284061888312
6,12,2030,1,wind_onshore,0.2634944694089501
6,13,2030,1,wind_onshore,0.2890093850290625
6,14,2030,1,wind_onshore,0.3044085444397332
6,15,2030,1,wind_onshore,0.30813198787439644
6,16,2030,1,wind_onshore,0.3167747185995868
6,17,2030,1,wind_onshore,0.32911227514600044
6,18,2030,1,wind_onshore,0.3277048533074734
6,19,2030,1,wind_onshore,0.3376167455448122
6,20,2030,1,wind_onshore,0.3528770693129224
6,21,2030,1,wind_onshore,0.36573558321222843
6,22,2030,1,wind_onshore,0.34637632853541694
6,23,2030,1,wind_onshore,0.259280433107341
6,24,2030,1,wind_onshore,0.23280452685755776
7,1,2030,1,demand,0.551285414297789
7,2,2030,1,demand,0.5280274931327813
7,3,2030,1,demand,0.5117799369782868
7,4,2030,1,demand,0.5009049349501883
7,5,2030,1,demand,0.4856124393035235
7,6,2030,1,demand,0.4739583878977692
7,7,2030,1,demand,0.45671251101045374
7,8,2030,1,demand,0.47816235832804327
7,9,2030,1,demand,0.5049526520589737
7,10,2030,1,demand,0.5559976090973064
7,11,2030,1,demand,0.5973574976642807
7,12,2030,1,demand,0.6230214310195193
7,13,2030,1,demand,0.6385430394628948
7,14,2030,1,demand,0.652029349437793
7,15,2030,1,demand,0.6444403790650102
7,16,2030,1,demand,0.6315717306620442
7,17,2030,1,demand,0.6277595401999093
7,18,2030,1,demand,0.6397527904463133
7,19,2030,1,demand,0.6388640712981856
7,20,2030,1,demand,0.6244883517973849
7,21,2030,1,demand,0.6268222066854399
7,22,2030,1,demand,0.6223485366706936
7,23,2030,1,demand,0.6046018204668315
7,24,2030,1,demand,0.593473392556833
7,1,2030,1,hydro_inflow,0.3527254751634322
7,2,2030,1,hydro_inflow,0.3483821573016693
7,3,2030,1,hydro_inflow,0.34789580428186206
7,4,2030,1,hydro_inflow,0.3479182585452472
7,5,2030,1,hydro_inflow,0.3420159113630339
7,6,2030,1,hydro_inflow,0.3382920692193016
7,7,2030,1,hydro_inflow,0.33962469870347095
7,8,2030,1,hydro_inflow,0.34224572511787127
7,9,2030,1,hydro_inflow,0.3439925907929305
7,10,2030,1,hydro_inflow,0.336731101862961
7,11,2030,1,hydro_inflow,0.3390485229748649
7,12,2030,1,hydro_inflow,0.3408239450925847
7,13,2030,1,hydro_inflow,0.33777122034976237
7,14,2030,1,hydro_inflow,0.342238076698677
7,15,2030,1,hydro_inflow,0.3405126326806083
7,16,2030,1,hydro_inflow,0.34132407685335364
7,17,2030,1,hydro_inflow,0.3426471706815458
7,18,2030,1,hydro_inflow,0.33846700106859823
7,19,2030,1,hydro_inflow,0.3429874327456495
7,20,2030,1,hydro_inflow,0.3399904652164178
7,21,2030,1,hydro_inflow,0.3412012826093773
7,22,2030,1,hydro_inflow,0.3407137780302709
7,23,2030,1,hydro_inflow,0.342532166169926
7,24,2030,1,hydro_inflow,0.34295022637994027
7,1,2030,1,solar,0.0
7,2,2030,1,solar,0.0
7,3,2030,1,solar,0.0
7,4,2030,1,solar,0.0
7,5,2030,1,solar,0.0
7,6,2030,1,solar,0.0
7,7,2030,1,solar,0.007808795760053776
7,8,2030,1,solar,0.13341634273525288
7,9,2030,1,solar,0.32634390365220445
7,10,2030,1,solar,0.5130095205488573
7,11,2030,1,solar,0.649032750856488
7,12,2030,1,solar,0.7338557563552569
7,13,2030,1,solar,0.7416411069777658
7,14,2030,1,solar,0.7431651779716933
7,15,2030,1,solar,0.6795377246908683
7,16,2030,1,solar,0.5826118162477023
7,17,2030,1,solar,0.43622624873780946
7,18,2030,1,solar,0.24687468536562104
7,19,2030,1,solar,0.0651891878698043
7,20,2030,1,solar,0.00019385412677117437
7,21,2030,1,solar,0.0
7,22,2030,1,solar,0.0
7,23,2030,1,solar,0.0
7,24,2030,1,solar,0.0
7,1,2030,1,wind_offshore,0.07547574211398132
7,2,2030,1,wind_offshore,0.08396680924388708
7,3,2030,1,wind_offshore,0.09163366696384934
7,4,2030,1,wind_offshore,0.09387533837096831
7,5,2030,1,wind_offshore,0.08233564884386511
7,6,2030,1,wind_offshore,0.06418095376795994
7,7,2030,1,wind_offshore,0.055478144463075786
7,8,2030,1,wind_offshore,0.057150127234986456
7,9,2030,1,wind_offshore,0.05642806798797586
7,10,2030,1,wind_offshore,0.06621151299282509
7,11,2030,1,wind_offshore,0.048856708494581465
7,12,2030,1,wind_offshore,0.045037067370445265
7,13,2030,1,wind_offshore,0.03881652735287823
7,14,2030,1,wind_offshore,0.04893081911173244
7,15,2030,1,wind_offshore,0.05791298959407677
7,16,2030,1,wind_offshore,0.05678981553134322
7,17,2030,1,wind_offshore,0.06367336462231575
7,18,2030,1,wind_offshore,0.0961913435786548
7,19,2030,1,wind_offshore,0.13795450515069546
7,20,2030,1,wind_offshore,0.1525016314891099
7,21,2030,1,wind_offshore,0.14345349990622383
7,22,2030,1,wind_offshore,0.143914796252757
7,23,2030,1,wind_offshore,0.11296705854220768
7,24,2030,1,wind_offshore,0.13161724456928994
7,1,2030,1,wind_onshore,0.16513148831287364
7,2,2030,1,wind_onshore,0.13304991225305393
7,3,2030,1,wind_onshore,0.11545232113443427
7,4,2030,1,wind_onshore,0.09527121224729183
7,5,2030,1,wind_onshore,0.0801067874996449
7,6,2030,1,wind_onshore,0.07135507727755142
7,7,2030,1,wind_onshore,0.06379049188752864
7,8,2030,1,wind_onshore,0.046355067080327376
7,9,2030,1,wind_onshore,0.0355158156447941
7,10,2030,1,wind_onshore,0.02822822866439844
7,11,2030,1,wind_onshore,0.02866270066480819
7,12,2030,1,wind_onshore,0.030019666754261678
7,13,2030,1,wind_onshore,0.03566804872497453
7,14,2030,1,wind_onshore,0.04764803634099395
7,15,2030,1,wind_onshore,0.06185756489101852
7,16,2030,1,wind_onshore,0.08279808208126517
7,17,2030,1,wind_onshore,0.11938848633048767
7,18,2030,1,wind_onshore,0.15568547797587703
7,19,2030,1,wind_onshore,0.19627317366881017
7,20,2030,1,wind_onshore,0.23542304685053872
7,21,2030,1,wind_onshore,0.2681711025881871
7,22,2030,1,wind_onshore,0.2792610638987939
7,23,2030,1,wind_onshore,0.24203713113730896
7,24,2030,1,wind_onshore,0.23005837532474116
8,1,2030,1,demand,0.6916224237479633
8,2,2030,1,demand,0.6736230044401516
8,3,2030,1,demand,0.6612224790109495
8,4,2030,1,demand,0.6437918099299218
8,5,2030,1,demand,0.6676886326371453
8,6,2030,1,demand,0.6778603670409135
8,7,2030,1,demand,0.7000947920362193
8,8,2030,1,demand,0.7390321006216257
8,9,2030,1,demand,0.8197276588462442
8,10,2030,1,demand,0.8949073821491134
8,11,2030,1,demand,0.9826935840553038
8,12,2030,1,demand,1.0468974111715321
8,13,2030,1,demand,1.0676461311822425
8,14,2030,1,demand,1.0509161186662102
8,15,2030,1,demand,1.0247495079027313
8,16,2030,1,demand,1.0197154410093148
8,17,2030,1,demand,1.0072172936859887
8,18,2030,1,demand,0.9780412943640985
8,19,2030,1,demand,0.9229773146732458
8,20,2030,1,demand,0.8813609029739031
8,21,2030,1,demand,0.8669548085615612
8,22,2030,1,demand,0.8198477687142633
8,23,2030,1,demand,0.755368996438033
8,24,2030,1,demand,0.7354458214869021
8,1,2030,1,hydro_inflow,0.29945222649292497
8,2,2030,1,hydro_inflow,0.29541766861168045
8,3,2030,1,hydro_inflow,0.29546320951492094
8,4,2030,1,hydro_inflow,0.2960468828592066
8,5,2030,1,hydro_inflow,0.2953478776699335
8,6,2030,1,hydro_inflow,0.29181914071258563
8,7,2030,1,hydro_inflow,0.2978318539842761
8,8,2030,1,hydro_inflow,0.29484735098205006
8,9,2030,1,hydro_inflow,0.2944293940910156
8,10,2030,1,hydro_inflow,0.289769008856491
8,11,2030,1,hydro_inflow,0.28658586769740674
8,12,2030,1,hydro_inflow,0.28448343542155924
8,13,2030,1,hydro_inflow,0.2919568105703889
8,14,2030,1,hydro_inflow,0.2890001600432514
8,15,2030,1,hydro_inflow,0.290619476902447
8,16,2030,1,hydro_inflow,0.2915471995494517
8,17,2030,1,hydro_inflow,0.2900449683235842
8,18,2030,1,hydro_inflow,0.28743168788153267
8,19,2030,1,hydro_inflow,0.2882452435648045
8,20,2030,1,hydro_inflow,0.2841997956578066
8,21,2030,1,hydro_inflow,0.2907296962999931
8,22,2030,1,hydro_inflow,0.29192790821690756
8,23,2030,1,hydro_inflow,0.2934443557211441
8,24,2030,1,hydro_inflow,0.293640076009659
8,1,2030,1,solar,0.0
8,2,2030,1,solar,0.0
8,3,2030,1,solar,0.0
8,4,2030,1,solar,0.0
8,5,2030,1,solar,0.0
8,6,2030,1,solar,0.0002501304649472288
8,7,2030,1,solar,0.049088280184092004
8,8,2030,1,solar,0.2047789894506455
8,9,2030,1,solar,0.3859968286177037
8,10,2030,1,solar,0.563271199610081
8,11,2030,1,solar,0.6664016480527705
8,12,2030,1,solar,0.7040913537232691
8,13,2030,1,solar,0.6847320712000445
8,14,2030,1,solar,0.6575864416936023
8,15,2030,1,solar,0.5934755144859154
8,16,2030,1,solar,0.4986544935792229
8,17,2030,1,solar,0.3997758106734768
8,18,2030,1,solar,0.2718784864613972
8,19,2030,1,solar,0.12569831294354988
8,20,2030,1,solar,0.015616774608636193
8,21,2030,1,solar,0.0
8,22,2030,1,solar,0.0
8,23,2030,1,solar,0.0
8,24,2030,1,solar,0.0
8,1,2030,1,wind_offshore,0.0
8,2,2030,1,wind_offshore,0.0
8,3,2030,1,wind_offshore,0.0
8,4,2030,1,wind_offshore,0.0
8,5,2030,1,wind_offshore,0.0
8,6,2030,1,wind_offshore,0.0003024591448643339
8,7,2030,1,wind_offshore,0.00010062150912212361
8,8,2030,1,wind_offshore,0.0
8,9,2030,1,wind_offshore,0.00022241223942558473
8,10,2030,1,wind_offshore,0.0006439615451813253
8,11,2030,1,wind_offshore,0.0
8,12,2030,1,wind_offshore,0.0
8,13,2030,1,wind_offshore,0.0
8,14,2030,1,wind_offshore,0.0
8,15,2030,1,wind_offshore,0.000167133978831951
8,16,2030,1,wind_offshore,0.0012636257784151429
8,17,2030,1,wind_offshore,0.006888944064163455
8,18,2030,1,wind_offshore,0.010620613081892237
8,19,2030,1,wind_offshore,0.020381375307312027
8,20,2030,1,wind_offshore,0.024348846805983485
8,21,2030,1,wind_offshore,0.03733778322640394
8,22,2030,1,wind_offshore,0.040892374611221305
8,23,2030,1,wind_offshore,0.008467011522574947
8,24,2030,1,wind_offshore,0.0014924112713942102
8,1,2030,1,wind_onshore,0.059127504694491476
8,2,2030,1,wind_onshore,0.05442928131149709
8,3,2030,1,wind_onshore,0.049230434712904766
8,4,2030,1,wind_onshore,0.04163351768718948
8,5,2030,1,wind_onshore,0.03479710894348707
8,6,2030,1,wind_onshore,0.030439552709043863
8,7,2030,1,wind_onshore,0.027595068341442305
8,8,2030,1,wind_onshore,0.015773104019771767
8,9,2030,1,wind_onshore,0.013475518861968839
8,10,2030,1,wind_onshore,0.014136676997780144
8,11,2030,1,wind_onshore,0.015220769093125787
8,12,2030,1,wind_onshore,0.022178168097076862
8,13,2030,1,wind_onshore,0.03338587158169547
8,14,2030,1,wind_onshore,0.04665870887034957
8,15,2030,1,wind_onshore,0.062330284653895
8,16,2030,1,wind_onshore,0.07801556528040954
8,17,2030,1,wind_onshore,0.09050878082047849
8,18,2030,1,wind_onshore,0.1050913270199145
8,19,2030,1,wind_onshore,0.10841523621536431
8,20,2030,1,wind_onshore,0.0779047065336511
8,21,2030,1,wind_onshore,0.06689567230410809
8,22,2030,1,wind_onshore,0.0640937503065834
8,23,2030,1,wind_onshore,0.060835153769538956
8,24,2030,1,wind_onshore,0.061819848837134574
