year,period,rep_period,weight,scenario
2030,1,2,1.0,0
2030,2,2,1.0,0
2030,3,1,0.2232927793690349,0
2030,3,2,0.1441664274503314,0
2030,3,3,0.6325407931806337,0
2030,4,1,0.6948052073079928,0
2030,4,4,0.3051947926920072,0
2030,5,1,0.8971996867481296,0
2030,5,2,0.10280031325187043,0
2030,6,2,0.8083773791997938,0
2030,6,3,0.1916226208002063,0
2030,7,1,1.0,0
2030,8,1,0.8047678256154545,0
2030,8,2,0.19523217438454554,0
2030,9,2,0.8490893486858087,0
2030,9,4,0.15091065131419132,0
2030,10,1,0.9043054293446331,0
2030,10,2,0.09569457065536695,0
2030,11,2,0.9282556318085,0
2030,11,4,0.07174436819149993,0
2030,12,1,0.798677823366305,0
2030,12,2,0.20132217663369503,0
2030,13,2,0.9714384493449473,0
2030,13,4,0.028561550655052732,0
2030,14,2,0.8855176217667521,0
2030,14,3,0.020027553013094963,0
2030,14,4,0.09445482522015297,0
2030,15,2,1.0,0
2030,16,2,1.0,0
2030,17,2,0.8934566650240345,0
2030,17,4,0.10654333497596546,0
2030,18,2,0.8245080093047296,0
2030,18,3,0.17549199069527033,0
2030,19,2,0.988898020815401,0
2030,19,4,0.011101979184599044,0
2030,20,2,0.9328772773914971,0
2030,20,4,0.06712272260850297,0
2030,21,1,1.0,0
2030,22,2,1.0,0
2030,23,1,0.9507070439704622,0
2030,23,2,0.04929295602953781,0
2030,24,1,1.0,0
2030,25,1,0.690597270044373,0
2030,25,2,0.30940272995562695,0
2030,26,1,0.8831222366413607,0
2030,26,4,0.1168777633586393,0
2030,27,2,0.9265612175555716,0
2030,27,3,0.07343878244442845,0
2030,28,2,0.9116264640522118,0
2030,28,3,0.08837353594778825,0
2030,29,1,0.9640310158500669,0
2030,29,3,0.035968984149933075,0
2030,30,2,0.9789221209697592,0
2030,30,4,0.02107787903024085,0
2030,31,1,0.6773578072046024,0
2030,31,2,0.32264219279539763,0
2030,32,2,0.9119926255039131,0
2030,32,4,0.0880073744960868,0
2030,33,2,1.0,0
2030,34,1,0.7751859109675394,0
2030,34,4,0.22481408903246067,0
2030,35,1,1.0,0
2030,36,2,0.8874277465766678,0
2030,36,3,0.11257225342333221,0
2030,37,1,0.9133174110864536,0
2030,37,2,0.06429162243831103,0
2030,37,3,0.022390966475235464,0
2030,38,2,0.9015326861894123,0
2030,38,4,0.09846731381058775,0
2030,39,2,1.0,0
2030,40,2,0.9018978172262901,0
2030,40,3,0.09810218277370987,0
2030,41,1,0.588672558191139,0
2030,41,2,0.2184874203773811,0
2030,41,3,0.19284002143148002,0
2030,42,2,1.0,0
2030,43,2,1.0,0
2030,44,1,0.8020385118086586,0
2030,44,3,0.034794806888445086,0
2030,44,4,0.16316668130289638,0
2030,45,1,0.31045107232997937,0
2030,45,2,0.12651878860310758,0
2030,45,3,0.5630301390669131,0
2030,46,1,1.0,0
2030,47,1,0.96018995787825,0
2030,47,3,0.03981004212174997,0
2030,48,2,0.9047158431749067,0
2030,48,4,0.09528415682509328,0
2030,49,1,1.0,0
2030,50,2,1.0,0
2030,51,1,0.9466189223390798,0
2030,51,3,0.015341874665230406,0
2030,51,4,0.0380392029956897,0
2030,52,2,1.0,0
2030,53,2,1.0,0
2030,54,1,0.788054339766855,0
2030,54,4,0.211945660233145,0
2030,55,2,0.9800181779234304,0
2030,55,3,0.019981822076569577,0
2030,56,2,0.9542390963815238,0
2030,56,3,0.045760903618476144,0
2030,57,1,0.9126716887741807,0
2030,57,2,0.08732831122581929,0
2030,58,2,1.0,0
2030,59,2,0.9779902282221671,0
2030,59,4,0.02200977177783297,0
2030,60,2,0.7275769526333808,0
2030,60,3,0.2724230473666191,0
2030,61,1,0.7331731081092524,0
2030,61,3,0.26682689189074754,0
2030,62,1,0.5499784356896147,0
2030,62,2,0.270000501375968,0
2030,62,3,0.18002106293441733,0
2030,63,1,0.7711345556529408,0
2030,63,3,0.2288654443470592,0
2030,64,2,0.976467783894116,0
2030,64,4,0.02353221610588391,0
2030,65,1,0.8658483163105222,0
2030,65,2,0.13415168368947786,0
2030,66,2,1.0,0
2030,67,2,0.9483213715197883,0
2030,67,3,0.021403108628070003,0
2030,67,4,0.030275519852141584,0
2030,68,2,0.9290786502366208,0
2030,68,3,0.07092134976337917,0
2030,69,2,1.0,0
2030,70,2,0.886221271359955,0
2030,70,3,0.11377872864004493,0
2030,71,1,1.0,0
2030,72,1,0.8512309220848031,0
2030,72,2,0.14876907791519692,0
2030,73,1,0.9026186528174813,0
2030,73,4,0.09738134718251865,0
2030,74,1,0.7733323158046043,0
2030,74,4,0.2266676841953958,0
2030,75,1,0.7919364989220345,0
2030,75,3,0.20806350107796545,0
2030,76,2,0.8718317658401359,0
2030,76,3,0.12816823415986406,0
2030,77,2,0.8982889921019381,0
2030,77,4,0.10171100789806194,0
2030,78,1,0.5488151283887895,0
2030,78,2,0.2705794293062085,0
2030,78,3,0.18060544230500197,0
2030,79,2,1.0,0
2030,80,1,0.7004789371745093,0
2030,80,2,0.2995210628254907,0
2030,81,1,0.7255133768687514,0
2030,81,4,0.27448662313124855,0
2030,82,2,1.0,0
2030,83,2,1.0,0
2030,84,1,0.7587967762637179,0
2030,84,4,0.24120322373628217,0
2030,85,1,0.7162309023237747,0
2030,85,2,0.2837690976762252,0
2030,86,1,1.0,0
2030,87,2,1.0,0
2030,88,2,1.0,0
2030,89,2,0.8801770343473024,0
2030,89,3,0.11982296565269761,0
2030,90,1,1.0,0
2030,91,1,0.3985271286852339,0
2030,91,2,0.22761638940019183,0
2030,91,3,0.3738564819145743,0
2030,92,1,0.5565687417882416,0
2030,92,2,0.22417060278646467,0
2030,92,3,0.21926065542529385,0
2030,93,2,0.9435454919277564,0
2030,93,3,0.056454508072243594,0
2030,94,1,0.7340036134056969,0
2030,94,2,0.20573307989909098,0
2030,94,3,0.06026330669521223,0
2030,95,2,1.0,0
2030,96,1,0.7927115500826079,0
2030,96,3,0.20728844991739212,0
2030,97,1,0.7936501350633794,0
2030,97,3,0.20634986493662058,0
2030,98,1,1.0,0
2030,99,2,1.0,0
2030,100,1,0.7891702423080869,0
2030,100,2,0.21082975769191317,0
2030,1,2,0.25280569840549577,1
2030,1,3,0.7471943015945042,1
2030,2,1,0.08558570676234542,1
2030,2,2,0.33532442647450317,1
2030,2,4,0.5790898667631514,1
2030,3,3,0.8454748443005241,1
2030,3,4,0.15452515569947597,1
2030,4,4,1.0,1
2030,5,1,0.09036414658181825,1
2030,5,2,0.25362287042001497,1
2030,5,3,0.6560129829981668,1
2030,6,3,1.0,1
2030,7,1,0.06628709465459406,1
2030,7,2,0.28446572350582094,1
2030,7,4,0.649247181839585,1
2030,8,4,1.0,1
2030,9,3,0.7684500494579289,1
2030,9,4,0.2315499505420711,1
2030,10,3,0.9680484678914762,1
2030,10,4,0.03195153210852378,1
2030,11,3,0.9012069990500492,1
2030,11,4,0.09879300094995083,1
2030,12,3,0.7785344357929652,1
2030,12,4,0.2214655642070348,1
2030,13,1,0.22776687529464448,1
2030,13,2,0.2282331308228002,1
2030,13,3,0.2891316139748104,1
2030,13,4,0.25486837990774497,1
2030,14,3,0.873765183087833,1
2030,14,4,0.12623481691216687,1
2030,15,2,0.021037263182525304,1
2030,15,4,0.9789627368174747,1
2030,16,1,0.02430477372664447,1
2030,16,2,0.10105066361063958,1
2030,16,4,0.874644562662716,1
2030,17,1,0.015644577736563633,1
2030,17,2,0.07978597457715612,1
2030,17,4,0.9045694476862802,1
2030,18,3,0.7199596791276626,1
2030,18,4,0.2800403208723375,1
2030,19,4,1.0,1
2030,20,4,1.0,1
2030,21,2,0.16159943206568375,1
2030,21,3,0.8384005679343163,1
2030,22,3,0.031831726501206886,1
2030,22,4,0.9681682734987931,1
2030,23,4,1.0,1
2030,24,3,1.0,1
2030,25,1,0.21456430088461134,1
2030,25,2,0.23298124019827007,1
2030,25,3,0.3203402370778181,1
2030,25,4,0.23211422183930056,1
2030,26,3,1.0,1
2030,27,1,0.06362585818288388,1
2030,27,2,0.20734956902077872,1
2030,27,3,0.7290245727963374,1
2030,28,1,0.05911717637974587,1
2030,28,2,0.2540486232564955,1
2030,28,4,0.6868342003637586,1
2030,29,3,0.9126624635711367,1
2030,29,4,0.08733753642886344,1
2030,30,2,0.0986874229488366,1
2030,30,3,0.9013125770511633,1
2030,31,1,0.07443805797645324,1
2030,31,2,0.30204603972503474,1
2030,31,4,0.623515902298512,1
2030,32,3,1.0,1
2030,33,1,0.2669635004759082,1
2030,33,2,0.23722541575862277,1
2030,33,3,0.18247884540290826,1
2030,33,4,0.3133322383625607,1
2030,34,2,0.033191742910318955,1
2030,34,4,0.966808257089681,1
2030,35,2,0.17726637259531836,1
2030,35,3,0.8227336274046817,1
2030,36,2,0.029967570401104527,1
2030,36,3,0.9700324295988956,1
2030,37,4,1.0,1
2030,38,3,0.1613509686579758,1
2030,38,4,0.8386490313420243,1
2030,39,1,0.2683066903245506,1
2030,39,2,0.21835881517391598,1
2030,39,3,0.18787937177338104,1
2030,39,4,0.3254551227281524,1
2030,40,2,0.023502960660158962,1
2030,40,4,0.976497039339841,1
2030,41,3,1.0,1
2030,42,4,1.0,1
2030,43,3,1.0,1
2030,44,1,0.06506702598757519,1
2030,44,2,0.26919855377738683,1
2030,44,4,0.6657344202350379,1
2030,45,4,1.0,1
2030,46,1,0.03727930868159368,1
2030,46,2,0.18031135094301712,1
2030,46,3,0.7824093403753892,1
2030,47,3,0.316805817675546,1
2030,47,4,0.683194182324454,1
2030,48,4,1.0,1
2030,49,2,0.03695928084641388,1
2030,49,4,0.9630407191535861,1
2030,50,4,1.0,1
2030,51,1,0.1396364977724354,1
2030,51,2,0.04009707559390384,1
2030,51,3,0.5929686917871748,1
2030,51,4,0.22729773484648602,1
2030,52,1,0.024815660433517208,1
2030,52,2,0.08249451519117887,1
2030,52,4,0.892689824375304,1
2030,53,3,1.0,1
2030,54,4,1.0,1
2030,55,1,0.2764185675872705,1
2030,55,2,0.19279121153995415,1
2030,55,3,0.17681249655980946,1
2030,55,4,0.35397772431296587,1
2030,56,3,0.34279815122402074,1
2030,56,4,0.6572018487759792,1
2030,57,2,0.04652255700798863,1
2030,57,3,0.9534774429920114,1
2030,58,2,0.02947528634257746,1
2030,58,3,0.9705247136574225,1
2030,59,3,1.0,1
2030,60,1,0.12448759402979766,1
2030,60,2,0.02798083612904215,1
2030,60,3,0.6335607552886526,1
2030,60,4,0.21397081455250766,1
2030,61,2,0.0616598052683056,1
2030,61,3,0.9383401947316944,1
2030,62,3,0.9497864374852473,1
2030,62,4,0.05021356251475279,1
2030,63,2,0.08373134573230621,1
2030,63,3,0.9162686542676938,1
2030,64,3,1.0,1
2030,65,3,0.9525527563042465,1
2030,65,4,0.04744724369575349,1
2030,66,4,1.0,1
2030,67,1,0.08361573671621468,1
2030,67,2,0.35150656906307753,1
2030,67,4,0.5648776942207078,1
2030,68,4,1.0,1
2030,69,4,1.0,1
2030,70,4,1.0,1
2030,71,3,0.9715172933621136,1
2030,71,4,0.028482706637886334,1
2030,72,1,0.029943943701080063,1
2030,72,2,0.12842107254826907,1
2030,72,4,0.8416349837506509,1
2030,73,2,0.17100207732700512,1
2030,73,3,0.828997922672995,1
2030,74,1,0.19699380975872754,1
2030,74,2,0.0616394372829535,1
2030,74,3,0.42579351328529286,1
2030,74,4,0.31557323967302614,1
2030,75,1,0.18578150031639534,1
2030,75,2,0.11082612740451576,1
2030,75,3,0.45310779949665125,1
2030,75,4,0.25028457278243776,1
2030,76,2,0.03227559429913867,1
2030,76,3,0.9677244057008614,1
2030,77,2,0.11639021125320392,1
2030,77,3,0.8836097887467962,1
2030,78,4,1.0,1
2030,79,4,1.0,1
2030,80,3,0.07360524260656234,1
2030,80,4,0.9263947573934377,1
2030,81,1,0.06944153706334219,1
2030,81,2,0.3048595084758623,1
2030,81,4,0.6256989544607955,1
2030,82,1,0.21191441685630208,1
2030,82,2,0.07105632532309306,1
2030,82,3,0.38299524258407996,1
2030,82,4,0.33403401523652493,1
2030,83,4,1.0,1
2030,84,1,0.25792411886505123,1
2030,84,2,0.17844195628912612,1
2030,84,3,0.23243839471976047,1
2030,84,4,0.3311955301260621,1
2030,85,1,0.23723464024195243,1
2030,85,2,0.14887018752332035,1
2030,85,3,0.29936399145154424,1
2030,85,4,0.31453118078318304,1
2030,86,1,0.031888249890048605,1
2030,86,2,0.12154067314383095,1
2030,86,4,0.8465710769661203,1
2030,87,3,1.0,1
2030,88,2,0.06251607934084732,1
2030,88,3,0.9374839206591526,1
2030,89,4,1.0,1
2030,90,3,1.0,1
2030,91,3,0.3418836397173039,1
2030,91,4,0.658116360282696,1
2030,92,1,0.04234744997191153,1
2030,92,2,0.15640176362809546,1
2030,92,4,0.801250786399993,1
2030,93,1,0.035456655582485785,1
2030,93,2,0.06579576869265598,1
2030,93,3,0.8987475757248582,1
2030,94,1,0.02451569610039682,1
2030,94,2,0.09806229468454794,1
2030,94,4,0.8774220092150553,1
2030,95,1,0.022700922773337368,1
2030,95,2,0.13126043237985394,1
2030,95,4,0.8460386448468087,1
2030,96,4,1.0,1
2030,97,4,1.0,1
2030,98,3,0.7477451001940064,1
2030,98,4,0.2522548998059935,1
2030,99,3,0.27320464036249215,1
2030,99,4,0.7267953596375079,1
2030,100,3,0.8899167719608134,1
2030,100,4,0.11008322803918665,1
