scenario,year,period,rep_period,weight
5,2030,1,6,1.0
5,2030,2,7,1.0
5,2030,3,3,1.0
5,2030,4,6,1.0
5,2030,5,6,1.0
5,2030,6,6,1.0
5,2030,7,7,1.0
5,2030,8,2,1.0
5,2030,9,5,1.0
5,2030,10,6,1.0
5,2030,11,6,1.0
5,2030,12,5,1.0
5,2030,13,4,1.0
5,2030,14,4,1.0
5,2030,15,8,1.0
5,2030,16,3,1.0
5,2030,17,6,1.0
5,2030,18,5,1.0
5,2030,19,7,1.0
5,2030,20,6,1.0
5,2030,21,7,1.0
5,2030,22,1,1.0
5,2030,23,3,1.0
5,2030,24,7,1.0
5,2030,25,3,1.0
5,2030,26,3,1.0
5,2030,27,6,1.0
5,2030,28,7,1.0
5,2030,29,1,1.0
5,2030,30,1,1.0
5,2030,31,3,1.0
5,2030,32,3,1.0
5,2030,33,3,1.0
5,2030,34,6,1.0
5,2030,35,7,1.0
5,2030,36,7,1.0
5,2030,37,1,1.0
5,2030,38,1,1.0
5,2030,39,1,1.0
5,2030,40,1,1.0
5,2030,41,1,1.0
5,2030,42,1,1.0
5,2030,43,1,1.0
5,2030,44,1,1.0
5,2030,45,1,1.0
5,2030,46,1,1.0
5,2030,47,1,1.0
5,2030,48,1,1.0
5,2030,49,3,1.0
5,2030,50,6,1.0
5,2030,51,8,1.0
5,2030,52,2,1.0
5,2030,53,5,1.0
5,2030,54,5,1.0
5,2030,55,5,1.0
5,2030,56,7,1.0
5,2030,57,2,1.0
5,2030,58,5,1.0
5,2030,59,5,1.0
5,2030,60,6,1.0
5,2030,61,6,1.0
5,2030,62,7,1.0
5,2030,63,7,1.0
5,2030,64,1,1.0
5,2030,65,7,1.0
5,2030,66,2,1.0
5,2030,67,4,1.0
5,2030,68,4,1.0
5,2030,69,4,1.0
5,2030,70,4,1.0
5,2030,71,6,1.0
5,2030,72,1,1.0
5,2030,73,1,1.0
5,2030,74,1,1.0
5,2030,75,2,1.0
5,2030,76,6,1.0
5,2030,77,7,1.0
5,2030,78,7,1.0
5,2030,79,6,1.0
5,2030,80,2,1.0
5,2030,81,5,1.0
5,2030,82,7,1.0
5,2030,83,5,1.0
5,2030,84,7,1.0
5,2030,85,7,1.0
5,2030,86,2,1.0
5,2030,87,7,1.0
5,2030,88,5,1.0
5,2030,89,6,1.0
5,2030,90,6,1.0
5,2030,91,2,1.0
5,2030,92,7,1.0
5,2030,93,1,1.0
5,2030,94,7,1.0
5,2030,95,5,1.0
5,2030,96,7,1.0
5,2030,97,1,1.0
5,2030,98,1,1.0
5,2030,99,3,1.0
5,2030,100,5,1.0
5,2030,101,3,1.0
5,2030,102,2,1.0
5,2030,103,7,1.0
5,2030,104,1,1.0
5,2030,105,2,1.0
5,2030,106,4,1.0
5,2030,107,8,1.0
5,2030,108,2,1.0
5,2030,109,4,1.0
5,2030,110,7,1.0
5,2030,111,2,1.0
5,2030,112,5,1.0
5,2030,113,4,1.0
5,2030,114,5,1.0
5,2030,115,4,1.0
5,2030,116,7,1.0
5,2030,117,1,1.0
5,2030,118,1,1.0
5,2030,119,7,1.0
5,2030,120,7,1.0
5,2030,121,6,1.0
5,2030,122,1,1.0
5,2030,123,1,1.0
5,2030,124,1,1.0
5,2030,125,2,1.0
5,2030,126,5,1.0
5,2030,127,5,1.0
5,2030,128,6,1.0
5,2030,129,7,1.0
5,2030,130,7,1.0
5,2030,131,5,1.0
5,2030,132,6,1.0
5,2030,133,1,1.0
5,2030,134,7,1.0
5,2030,135,1,1.0
5,2030,136,7,1.0
5,2030,137,6,1.0
5,2030,138,7,1.0
5,2030,139,1,1.0
5,2030,140,7,1.0
5,2030,141,1,1.0
5,2030,142,1,1.0
5,2030,143,1,1.0
5,2030,144,1,1.0
5,2030,145,1,1.0
5,2030,146,6,1.0
5,2030,147,7,1.0
5,2030,148,7,1.0
5,2030,149,1,1.0
5,2030,150,7,1.0
5,2030,151,7,1.0
5,2030,152,7,1.0
5,2030,153,1,1.0
5,2030,154,7,1.0
5,2030,155,1,1.0
5,2030,156,1,1.0
5,2030,157,2,1.0
5,2030,158,5,1.0
5,2030,159,5,1.0
5,2030,160,6,1.0
5,2030,161,2,1.0
5,2030,162,5,1.0
5,2030,163,5,1.0
5,2030,164,7,1.0
5,2030,165,7,1.0
5,2030,166,6,1.0
5,2030,167,7,1.0
5,2030,168,1,1.0
5,2030,169,1,1.0
5,2030,170,7,1.0
5,2030,171,1,1.0
5,2030,172,7,1.0
5,2030,173,1,1.0
5,2030,174,1,1.0
5,2030,175,7,1.0
5,2030,176,6,1.0
5,2030,177,1,1.0
5,2030,178,2,1.0
5,2030,179,4,1.0
5,2030,180,8,1.0
5,2030,181,1,1.0
5,2030,182,7,1.0
5,2030,183,6,1.0
5,2030,184,3,1.0
5,2030,185,2,1.0
5,2030,186,7,1.0
5,2030,187,1,1.0
5,2030,188,1,1.0
5,2030,189,1,1.0
5,2030,190,7,1.0
5,2030,191,7,1.0
5,2030,192,2,1.0
5,2030,193,6,1.0
5,2030,194,1,1.0
5,2030,195,1,1.0
5,2030,196,1,1.0
5,2030,197,1,1.0
5,2030,198,1,1.0
5,2030,199,7,1.0
5,2030,200,7,1.0
5,2030,201,7,1.0
5,2030,202,7,1.0
5,2030,203,7,1.0
5,2030,204,7,1.0
5,2030,205,7,1.0
5,2030,206,7,1.0
5,2030,207,7,1.0
5,2030,208,1,1.0
5,2030,209,1,1.0
5,2030,210,2,1.0
5,2030,211,7,1.0
5,2030,212,7,1.0
5,2030,213,1,1.0
5,2030,214,1,1.0
5,2030,215,1,1.0
5,2030,216,1,1.0
5,2030,217,1,1.0
5,2030,218,1,1.0
5,2030,219,1,1.0
5,2030,220,1,1.0
5,2030,221,1,1.0
5,2030,222,1,1.0
5,2030,223,1,1.0
5,2030,224,1,1.0
5,2030,225,1,1.0
5,2030,226,1,1.0
5,2030,227,1,1.0
5,2030,228,2,1.0
5,2030,229,6,1.0
5,2030,230,1,1.0
5,2030,231,1,1.0
5,2030,232,1,1.0
5,2030,233,1,1.0
5,2030,234,7,1.0
5,2030,235,2,1.0
5,2030,236,5,1.0
5,2030,237,6,1.0
5,2030,238,7,1.0
5,2030,239,7,1.0
5,2030,240,3,1.0
5,2030,241,7,1.0
5,2030,242,7,1.0
5,2030,243,1,1.0
5,2030,244,1,1.0
5,2030,245,3,1.0
5,2030,246,1,1.0
5,2030,247,2,1.0
5,2030,248,5,1.0
5,2030,249,8,1.0
5,2030,250,7,1.0
5,2030,251,6,1.0
5,2030,252,4,1.0
5,2030,253,8,1.0
5,2030,254,7,1.0
5,2030,255,1,1.0
5,2030,256,1,1.0
5,2030,257,1,1.0
5,2030,258,1,1.0
5,2030,259,1,1.0
5,2030,260,1,1.0
5,2030,261,3,1.0
5,2030,262,5,1.0
5,2030,263,5,1.0
5,2030,264,5,1.0
5,2030,265,8,1.0
5,2030,266,6,1.0
5,2030,267,6,1.0
5,2030,268,6,1.0
5,2030,269,2,1.0
5,2030,270,4,1.0
5,2030,271,4,1.0
5,2030,272,4,1.0
5,2030,273,7,1.0
5,2030,274,1,1.0
5,2030,275,1,1.0
5,2030,276,3,1.0
5,2030,277,6,1.0
5,2030,278,4,1.0
5,2030,279,8,1.0
5,2030,280,5,1.0
5,2030,281,8,1.0
5,2030,282,1,1.0
5,2030,283,1,1.0
5,2030,284,1,1.0
5,2030,285,7,1.0
5,2030,286,7,1.0
5,2030,287,1,1.0
5,2030,288,1,1.0
5,2030,289,1,1.0
5,2030,290,1,1.0
5,2030,291,1,1.0
5,2030,292,1,1.0
5,2030,293,1,1.0
5,2030,294,1,1.0
5,2030,295,2,1.0
5,2030,296,6,1.0
5,2030,297,3,1.0
5,2030,298,1,1.0
5,2030,299,1,1.0
5,2030,300,1,1.0
5,2030,301,1,1.0
5,2030,302,3,1.0
5,2030,303,6,1.0
5,2030,304,3,1.0
5,2030,305,7,1.0
5,2030,306,6,1.0
5,2030,307,3,1.0
5,2030,308,2,1.0
5,2030,309,6,1.0
5,2030,310,2,1.0
5,2030,311,6,1.0
5,2030,312,6,1.0
5,2030,313,6,1.0
5,2030,314,5,1.0
5,2030,315,5,1.0
5,2030,316,4,1.0
5,2030,317,5,1.0
5,2030,318,4,1.0
5,2030,319,5,1.0
5,2030,320,5,1.0
5,2030,321,7,1.0
5,2030,322,8,1.0
5,2030,323,6,1.0
5,2030,324,5,1.0
5,2030,325,7,1.0
5,2030,326,2,1.0
5,2030,327,5,1.0
5,2030,328,2,1.0
5,2030,329,4,1.0
5,2030,330,5,1.0
5,2030,331,8,1.0
5,2030,332,4,1.0
5,2030,333,8,1.0
5,2030,334,3,1.0
5,2030,335,7,1.0
5,2030,336,3,1.0
5,2030,337,1,1.0
5,2030,338,2,1.0
5,2030,339,6,1.0
5,2030,340,1,1.0
5,2030,341,1,1.0
5,2030,342,2,1.0
5,2030,343,6,1.0
5,2030,344,2,1.0
5,2030,345,6,1.0
5,2030,346,1,1.0
5,2030,347,5,1.0
5,2030,348,6,1.0
5,2030,349,4,1.0
5,2030,350,5,1.0
5,2030,351,6,1.0
5,2030,352,5,1.0
5,2030,353,6,1.0
5,2030,354,6,1.0
5,2030,355,4,1.0
5,2030,356,7,1.0
5,2030,357,1,1.0
5,2030,358,7,1.0
5,2030,359,6,1.0
5,2030,360,5,1.0
5,2030,361,4,1.0
5,2030,362,5,1.0
5,2030,363,4,1.0
5,2030,364,4,1.0
5,2030,365,5,1.0
2,2030,1,13,1.0
2,2030,2,16,1.0
2,2030,3,11,1.0
2,2030,4,14,1.0
2,2030,5,13,1.0
2,2030,6,14,1.0
2,2030,7,15,1.0
2,2030,8,16,1.0
2,2030,9,14,1.0
2,2030,10,12,1.0
2,2030,11,10,1.0
2,2030,12,12,1.0
2,2030,13,10,1.0
2,2030,14,14,1.0
2,2030,15,11,1.0
2,2030,16,12,1.0
2,2030,17,12,1.0
2,2030,18,13,1.0
2,2030,19,11,1.0
2,2030,20,13,1.0
2,2030,21,16,1.0
2,2030,22,11,1.0
2,2030,23,9,1.0
2,2030,24,14,1.0
2,2030,25,12,1.0
2,2030,26,10,1.0
2,2030,27,10,1.0
2,2030,28,10,1.0
2,2030,29,15,1.0
2,2030,30,16,1.0
2,2030,31,15,1.0
2,2030,32,11,1.0
2,2030,33,12,1.0
2,2030,34,15,1.0
2,2030,35,10,1.0
2,2030,36,9,1.0
2,2030,37,10,1.0
2,2030,38,10,1.0
2,2030,39,15,1.0
2,2030,40,16,1.0
2,2030,41,10,1.0
2,2030,42,15,1.0
2,2030,43,12,1.0
2,2030,44,11,1.0
2,2030,45,15,1.0
2,2030,46,13,1.0
2,2030,47,13,1.0
2,2030,48,12,1.0
2,2030,49,12,1.0
2,2030,50,14,1.0
2,2030,51,11,1.0
2,2030,52,13,1.0
2,2030,53,13,1.0
2,2030,54,11,1.0
2,2030,55,14,1.0
2,2030,56,13,1.0
2,2030,57,12,1.0
2,2030,58,14,1.0
2,2030,59,11,1.0
2,2030,60,13,1.0
2,2030,61,13,1.0
2,2030,62,13,1.0
2,2030,63,11,1.0
2,2030,64,13,1.0
2,2030,65,13,1.0
2,2030,66,13,1.0
2,2030,67,13,1.0
2,2030,68,13,1.0
2,2030,69,11,1.0
2,2030,70,14,1.0
2,2030,71,11,1.0
2,2030,72,15,1.0
2,2030,73,12,1.0
2,2030,74,16,1.0
2,2030,75,10,1.0
2,2030,76,10,1.0
2,2030,77,9,1.0
2,2030,78,9,1.0
2,2030,79,10,1.0
2,2030,80,10,1.0
2,2030,81,15,1.0
2,2030,82,12,1.0
2,2030,83,11,1.0
2,2030,84,11,1.0
2,2030,85,12,1.0
2,2030,86,16,1.0
2,2030,87,10,1.0
2,2030,88,15,1.0
2,2030,89,10,1.0
2,2030,90,10,1.0
2,2030,91,14,1.0
2,2030,92,12,1.0
2,2030,93,14,1.0
2,2030,94,16,1.0
2,2030,95,16,1.0
2,2030,96,10,1.0
2,2030,97,15,1.0
2,2030,98,14,1.0
2,2030,99,14,1.0
2,2030,100,16,1.0
2,2030,101,15,1.0
2,2030,102,13,1.0
2,2030,103,15,1.0
2,2030,104,11,1.0
2,2030,105,12,1.0
2,2030,106,9,1.0
2,2030,107,14,1.0
2,2030,108,11,1.0
2,2030,109,12,1.0
2,2030,110,15,1.0
2,2030,111,15,1.0
2,2030,112,10,1.0
2,2030,113,9,1.0
2,2030,114,9,1.0
2,2030,115,14,1.0
2,2030,116,9,1.0
2,2030,117,10,1.0
2,2030,118,9,1.0
2,2030,119,9,1.0
2,2030,120,10,1.0
2,2030,121,10,1.0
2,2030,122,10,1.0
2,2030,123,9,1.0
2,2030,124,10,1.0
2,2030,125,15,1.0
2,2030,126,13,1.0
2,2030,127,16,1.0
2,2030,128,10,1.0
2,2030,129,9,1.0
2,2030,130,10,1.0
2,2030,131,15,1.0
2,2030,132,12,1.0
2,2030,133,9,1.0
2,2030,134,14,1.0
2,2030,135,12,1.0
2,2030,136,9,1.0
2,2030,137,15,1.0
2,2030,138,16,1.0
2,2030,139,10,1.0
2,2030,140,10,1.0
2,2030,141,10,1.0
2,2030,142,15,1.0
2,2030,143,11,1.0
2,2030,144,14,1.0
2,2030,145,16,1.0
2,2030,146,11,1.0
2,2030,147,14,1.0
2,2030,148,16,1.0
2,2030,149,15,1.0
2,2030,150,11,1.0
2,2030,151,12,1.0
2,2030,152,10,1.0
2,2030,153,9,1.0
2,2030,154,15,1.0
2,2030,155,15,1.0
2,2030,156,16,1.0
2,2030,157,10,1.0
2,2030,158,10,1.0
2,2030,159,15,1.0
2,2030,160,14,1.0
2,2030,161,11,1.0
2,2030,162,12,1.0
2,2030,163,9,1.0
2,2030,164,9,1.0
2,2030,165,12,1.0
2,2030,166,15,1.0
2,2030,167,12,1.0
2,2030,168,10,1.0
2,2030,169,9,1.0
2,2030,170,10,1.0
2,2030,171,10,1.0
2,2030,172,10,1.0
2,2030,173,10,1.0
2,2030,174,9,1.0
2,2030,175,10,1.0
2,2030,176,14,1.0
2,2030,177,16,1.0
2,2030,178,9,1.0
2,2030,179,10,1.0
2,2030,180,10,1.0
2,2030,181,14,1.0
2,2030,182,12,1.0
2,2030,183,14,1.0
2,2030,184,12,1.0
2,2030,185,16,1.0
2,2030,186,10,1.0
2,2030,187,10,1.0
2,2030,188,9,1.0
2,2030,189,9,1.0
2,2030,190,9,1.0
2,2030,191,10,1.0
2,2030,192,9,1.0
2,2030,193,10,1.0
2,2030,194,10,1.0
2,2030,195,10,1.0
2,2030,196,10,1.0
2,2030,197,9,1.0
2,2030,198,10,1.0
2,2030,199,10,1.0
2,2030,200,9,1.0
2,2030,201,14,1.0
2,2030,202,9,1.0
2,2030,203,10,1.0
2,2030,204,10,1.0
2,2030,205,10,1.0
2,2030,206,10,1.0
2,2030,207,10,1.0
2,2030,208,9,1.0
2,2030,209,9,1.0
2,2030,210,10,1.0
2,2030,211,9,1.0
2,2030,212,12,1.0
2,2030,213,10,1.0
2,2030,214,9,1.0
2,2030,215,14,1.0
2,2030,216,12,1.0
2,2030,217,10,1.0
2,2030,218,10,1.0
2,2030,219,16,1.0
2,2030,220,15,1.0
2,2030,221,12,1.0
2,2030,222,9,1.0
2,2030,223,15,1.0
2,2030,224,9,1.0
2,2030,225,10,1.0
2,2030,226,9,1.0
2,2030,227,16,1.0
2,2030,228,9,1.0
2,2030,229,9,1.0
2,2030,230,9,1.0
2,2030,231,10,1.0
2,2030,232,10,1.0
2,2030,233,9,1.0
2,2030,234,16,1.0
2,2030,235,15,1.0
2,2030,236,15,1.0
2,2030,237,9,1.0
2,2030,238,15,1.0
2,2030,239,12,1.0
2,2030,240,12,1.0
2,2030,241,15,1.0
2,2030,242,9,1.0
2,2030,243,9,1.0
2,2030,244,9,1.0
2,2030,245,9,1.0
2,2030,246,15,1.0
2,2030,247,15,1.0
2,2030,248,12,1.0
2,2030,249,15,1.0
2,2030,250,9,1.0
2,2030,251,10,1.0
2,2030,252,9,1.0
2,2030,253,12,1.0
2,2030,254,9,1.0
2,2030,255,14,1.0
2,2030,256,13,1.0
2,2030,257,11,1.0
2,2030,258,10,1.0
2,2030,259,10,1.0
2,2030,260,15,1.0
2,2030,261,13,1.0
2,2030,262,16,1.0
2,2030,263,14,1.0
2,2030,264,12,1.0
2,2030,265,9,1.0
2,2030,266,10,1.0
2,2030,267,15,1.0
2,2030,268,14,1.0
2,2030,269,12,1.0
2,2030,270,10,1.0
2,2030,271,13,1.0
2,2030,272,16,1.0
2,2030,273,10,1.0
2,2030,274,10,1.0
2,2030,275,10,1.0
2,2030,276,9,1.0
2,2030,277,9,1.0
2,2030,278,15,1.0
2,2030,279,11,1.0
2,2030,280,10,1.0
2,2030,281,9,1.0
2,2030,282,14,1.0
2,2030,283,11,1.0
2,2030,284,15,1.0
2,2030,285,13,1.0
2,2030,286,11,1.0
2,2030,287,16,1.0
2,2030,288,14,1.0
2,2030,289,11,1.0
2,2030,290,14,1.0
2,2030,291,14,1.0
2,2030,292,11,1.0
2,2030,293,14,1.0
2,2030,294,11,1.0
2,2030,295,11,1.0
2,2030,296,14,1.0
2,2030,297,12,1.0
2,2030,298,10,1.0
2,2030,299,15,1.0
2,2030,300,9,1.0
2,2030,301,10,1.0
2,2030,302,10,1.0
2,2030,303,15,1.0
2,2030,304,13,1.0
2,2030,305,13,1.0
2,2030,306,16,1.0
2,2030,307,12,1.0
2,2030,308,15,1.0
2,2030,309,10,1.0
2,2030,310,10,1.0
2,2030,311,15,1.0
2,2030,312,15,1.0
2,2030,313,16,1.0
2,2030,314,14,1.0
2,2030,315,13,1.0
2,2030,316,16,1.0
2,2030,317,15,1.0
2,2030,318,14,1.0
2,2030,319,13,1.0
2,2030,320,13,1.0
2,2030,321,13,1.0
2,2030,322,16,1.0
2,2030,323,14,1.0
2,2030,324,16,1.0
2,2030,325,10,1.0
2,2030,326,10,1.0
2,2030,327,10,1.0
2,2030,328,10,1.0
2,2030,329,10,1.0
2,2030,330,10,1.0
2,2030,331,10,1.0
2,2030,332,10,1.0
2,2030,333,14,1.0
2,2030,334,11,1.0
2,2030,335,9,1.0
2,2030,336,15,1.0
2,2030,337,16,1.0
2,2030,338,15,1.0
2,2030,339,16,1.0
2,2030,340,10,1.0
2,2030,341,14,1.0
2,2030,342,12,1.0
2,2030,343,14,1.0
2,2030,344,13,1.0
2,2030,345,16,1.0
2,2030,346,11,1.0
2,2030,347,12,1.0
2,2030,348,13,1.0
2,2030,349,14,1.0
2,2030,350,12,1.0
2,2030,351,14,1.0
2,2030,352,16,1.0
2,2030,353,15,1.0
2,2030,354,14,1.0
2,2030,355,13,1.0
2,2030,356,16,1.0
2,2030,357,12,1.0
2,2030,358,14,1.0
2,2030,359,11,1.0
2,2030,360,13,1.0
2,2030,361,12,1.0
2,2030,362,10,1.0
2,2030,363,9,1.0
2,2030,364,9,1.0
2,2030,365,10,1.0
1,2030,1,23,1.0
1,2030,2,18,1.0
1,2030,3,21,1.0
1,2030,4,18,1.0
1,2030,5,19,1.0
1,2030,6,17,1.0
1,2030,7,17,1.0
1,2030,8,18,1.0
1,2030,9,18,1.0
1,2030,10,17,1.0
1,2030,11,17,1.0
1,2030,12,17,1.0
1,2030,13,24,1.0
1,2030,14,20,1.0
1,2030,15,23,1.0
1,2030,16,17,1.0
1,2030,17,23,1.0
1,2030,18,23,1.0
1,2030,19,17,1.0
1,2030,20,18,1.0
1,2030,21,20,1.0
1,2030,22,21,1.0
1,2030,23,17,1.0
1,2030,24,24,1.0
1,2030,25,20,1.0
1,2030,26,20,1.0
1,2030,27,20,1.0
1,2030,28,21,1.0
1,2030,29,23,1.0
1,2030,30,18,1.0
1,2030,31,20,1.0
1,2030,32,20,1.0
1,2030,33,19,1.0
1,2030,34,18,1.0
1,2030,35,20,1.0
1,2030,36,18,1.0
1,2030,37,19,1.0
1,2030,38,23,1.0
1,2030,39,24,1.0
1,2030,40,19,1.0
1,2030,41,23,1.0
1,2030,42,20,1.0
1,2030,43,20,1.0
1,2030,44,21,1.0
1,2030,45,18,1.0
1,2030,46,18,1.0
1,2030,47,20,1.0
1,2030,48,21,1.0
1,2030,49,17,1.0
1,2030,50,18,1.0
1,2030,51,22,1.0
1,2030,52,21,1.0
1,2030,53,18,1.0
1,2030,54,18,1.0
1,2030,55,23,1.0
1,2030,56,17,1.0
1,2030,57,17,1.0
1,2030,58,24,1.0
1,2030,59,24,1.0
1,2030,60,24,1.0
1,2030,61,18,1.0
1,2030,62,24,1.0
1,2030,63,23,1.0
1,2030,64,18,1.0
1,2030,65,21,1.0
1,2030,66,17,1.0
1,2030,67,24,1.0
1,2030,68,19,1.0
1,2030,69,24,1.0
1,2030,70,17,1.0
1,2030,71,24,1.0
1,2030,72,17,1.0
1,2030,73,24,1.0
1,2030,74,21,1.0
1,2030,75,20,1.0
1,2030,76,20,1.0
1,2030,77,22,1.0
1,2030,78,22,1.0
1,2030,79,22,1.0
1,2030,80,20,1.0
1,2030,81,19,1.0
1,2030,82,17,1.0
1,2030,83,24,1.0
1,2030,84,20,1.0
1,2030,85,21,1.0
1,2030,86,18,1.0
1,2030,87,19,1.0
1,2030,88,20,1.0
1,2030,89,22,1.0
1,2030,90,22,1.0
1,2030,91,22,1.0
1,2030,92,22,1.0
1,2030,93,22,1.0
1,2030,94,21,1.0
1,2030,95,20,1.0
1,2030,96,21,1.0
1,2030,97,20,1.0
1,2030,98,22,1.0
1,2030,99,21,1.0
1,2030,100,18,1.0
1,2030,101,20,1.0
1,2030,102,22,1.0
1,2030,103,20,1.0
1,2030,104,20,1.0
1,2030,105,22,1.0
1,2030,106,22,1.0
1,2030,107,22,1.0
1,2030,108,21,1.0
1,2030,109,23,1.0
1,2030,110,17,1.0
1,2030,111,17,1.0
1,2030,112,17,1.0
1,2030,113,17,1.0
1,2030,114,19,1.0
1,2030,115,18,1.0
1,2030,116,24,1.0
1,2030,117,20,1.0
1,2030,118,21,1.0
1,2030,119,17,1.0
1,2030,120,24,1.0
1,2030,121,23,1.0
1,2030,122,24,1.0
1,2030,123,23,1.0
1,2030,124,17,1.0
1,2030,125,18,1.0
1,2030,126,21,1.0
1,2030,127,24,1.0
1,2030,128,21,1.0
1,2030,129,18,1.0
1,2030,130,22,1.0
1,2030,131,22,1.0
1,2030,132,21,1.0
1,2030,133,23,1.0
1,2030,134,20,1.0
1,2030,135,22,1.0
1,2030,136,22,1.0
1,2030,137,22,1.0
1,2030,138,22,1.0
1,2030,139,21,1.0
1,2030,140,17,1.0
1,2030,141,17,1.0
1,2030,142,17,1.0
1,2030,143,21,1.0
1,2030,144,17,1.0
1,2030,145,24,1.0
1,2030,146,21,1.0
1,2030,147,19,1.0
1,2030,148,18,1.0
1,2030,149,22,1.0
1,2030,150,18,1.0
1,2030,151,20,1.0
1,2030,152,22,1.0
1,2030,153,22,1.0
1,2030,154,23,1.0
1,2030,155,23,1.0
1,2030,156,18,1.0
1,2030,157,19,1.0
1,2030,158,20,1.0
1,2030,159,24,1.0
1,2030,160,18,1.0
1,2030,161,22,1.0
1,2030,162,21,1.0
1,2030,163,24,1.0
1,2030,164,17,1.0
1,2030,165,17,1.0
1,2030,166,24,1.0
1,2030,167,18,1.0
1,2030,168,22,1.0
1,2030,169,22,1.0
1,2030,170,22,1.0
1,2030,171,22,1.0
1,2030,172,22,1.0
1,2030,173,22,1.0
1,2030,174,23,1.0
1,2030,175,24,1.0
1,2030,176,17,1.0
1,2030,177,20,1.0
1,2030,178,20,1.0
1,2030,179,21,1.0
1,2030,180,18,1.0
1,2030,181,19,1.0
1,2030,182,24,1.0
1,2030,183,20,1.0
1,2030,184,18,1.0
1,2030,185,21,1.0
1,2030,186,20,1.0
1,2030,187,20,1.0
1,2030,188,21,1.0
1,2030,189,22,1.0
1,2030,190,22,1.0
1,2030,191,22,1.0
1,2030,192,22,1.0
1,2030,193,22,1.0
1,2030,194,21,1.0
1,2030,195,18,1.0
1,2030,196,20,1.0
1,2030,197,22,1.0
1,2030,198,20,1.0
1,2030,199,19,1.0
1,2030,200,20,1.0
1,2030,201,22,1.0
1,2030,202,22,1.0
1,2030,203,22,1.0
1,2030,204,22,1.0
1,2030,205,22,1.0
1,2030,206,22,1.0
1,2030,207,22,1.0
1,2030,208,21,1.0
1,2030,209,21,1.0
1,2030,210,21,1.0
1,2030,211,18,1.0
1,2030,212,20,1.0
1,2030,213,20,1.0
1,2030,214,18,1.0
1,2030,215,19,1.0
1,2030,216,24,1.0
1,2030,217,20,1.0
1,2030,218,22,1.0
1,2030,219,22,1.0
1,2030,220,22,1.0
1,2030,221,21,1.0
1,2030,222,24,1.0
1,2030,223,19,1.0
1,2030,224,18,1.0
1,2030,225,21,1.0
1,2030,226,18,1.0
1,2030,227,20,1.0
1,2030,228,18,1.0
1,2030,229,22,1.0
1,2030,230,21,1.0
1,2030,231,24,1.0
1,2030,232,19,1.0
1,2030,233,17,1.0
1,2030,234,24,1.0
1,2030,235,20,1.0
1,2030,236,22,1.0
1,2030,237,22,1.0
1,2030,238,22,1.0
1,2030,239,21,1.0
1,2030,240,20,1.0
1,2030,241,22,1.0
1,2030,242,22,1.0
1,2030,243,22,1.0
1,2030,244,23,1.0
1,2030,245,24,1.0
1,2030,246,24,1.0
1,2030,247,17,1.0
1,2030,248,17,1.0
1,2030,249,18,1.0
1,2030,250,22,1.0
1,2030,251,21,1.0
1,2030,252,24,1.0
1,2030,253,20,1.0
1,2030,254,22,1.0
1,2030,255,19,1.0
1,2030,256,17,1.0
1,2030,257,20,1.0
1,2030,258,22,1.0
1,2030,259,20,1.0
1,2030,260,20,1.0
1,2030,261,21,1.0
1,2030,262,17,1.0
1,2030,263,18,1.0
1,2030,264,21,1.0
1,2030,265,24,1.0
1,2030,266,20,1.0
1,2030,267,21,1.0
1,2030,268,24,1.0
1,2030,269,17,1.0
1,2030,270,17,1.0
1,2030,271,24,1.0
1,2030,272,24,1.0
1,2030,273,24,1.0
1,2030,274,24,1.0
1,2030,275,24,1.0
1,2030,276,19,1.0
1,2030,277,24,1.0
1,2030,278,17,1.0
1,2030,279,20,1.0
1,2030,280,24,1.0
1,2030,281,18,1.0
1,2030,282,21,1.0
1,2030,283,20,1.0
1,2030,284,21,1.0
1,2030,285,21,1.0
1,2030,286,20,1.0
1,2030,287,21,1.0
1,2030,288,23,1.0
1,2030,289,18,1.0
1,2030,290,20,1.0
1,2030,291,22,1.0
1,2030,292,21,1.0
1,2030,293,24,1.0
1,2030,294,23,1.0
1,2030,295,19,1.0
1,2030,296,17,1.0
1,2030,297,23,1.0
1,2030,298,23,1.0
1,2030,299,23,1.0
1,2030,300,23,1.0
1,2030,301,17,1.0
1,2030,302,17,1.0
1,2030,303,17,1.0
1,2030,304,17,1.0
1,2030,305,17,1.0
1,2030,306,23,1.0
1,2030,307,24,1.0
1,2030,308,17,1.0
1,2030,309,23,1.0
1,2030,310,18,1.0
1,2030,311,18,1.0
1,2030,312,20,1.0
1,2030,313,21,1.0
1,2030,314,24,1.0
1,2030,315,18,1.0
1,2030,316,21,1.0
1,2030,317,24,1.0
1,2030,318,21,1.0
1,2030,319,23,1.0
1,2030,320,20,1.0
1,2030,321,21,1.0
1,2030,322,20,1.0
1,2030,323,19,1.0
1,2030,324,24,1.0
1,2030,325,21,1.0
1,2030,326,19,1.0
1,2030,327,17,1.0
1,2030,328,17,1.0
1,2030,329,21,1.0
1,2030,330,17,1.0
1,2030,331,17,1.0
1,2030,332,17,1.0
1,2030,333,17,1.0
1,2030,334,18,1.0
1,2030,335,19,1.0
1,2030,336,24,1.0
1,2030,337,18,1.0
1,2030,338,19,1.0
1,2030,339,17,1.0
1,2030,340,17,1.0
1,2030,341,24,1.0
1,2030,342,21,1.0
1,2030,343,20,1.0
1,2030,344,21,1.0
1,2030,345,20,1.0
1,2030,346,21,1.0
1,2030,347,23,1.0
1,2030,348,17,1.0
1,2030,349,23,1.0
1,2030,350,17,1.0
1,2030,351,17,1.0
1,2030,352,24,1.0
1,2030,353,20,1.0
1,2030,354,19,1.0
1,2030,355,23,1.0
1,2030,356,17,1.0
1,2030,357,24,1.0
1,2030,358,23,1.0
1,2030,359,18,1.0
1,2030,360,17,1.0
1,2030,361,24,1.0
1,2030,362,24,1.0
1,2030,363,20,1.0
1,2030,364,20,1.0
1,2030,365,19,1.0
3,2030,1,31,1.0
3,2030,2,31,1.0
3,2030,3,26,1.0
3,2030,4,29,1.0
3,2030,5,30,1.0
3,2030,6,25,1.0
3,2030,7,30,1.0
3,2030,8,25,1.0
3,2030,9,25,1.0
3,2030,10,25,1.0
3,2030,11,25,1.0
3,2030,12,25,1.0
3,2030,13,25,1.0
3,2030,14,29,1.0
3,2030,15,25,1.0
3,2030,16,26,1.0
3,2030,17,26,1.0
3,2030,18,26,1.0
3,2030,19,30,1.0
3,2030,20,30,1.0
3,2030,21,29,1.0
3,2030,22,26,1.0
3,2030,23,31,1.0
3,2030,24,26,1.0
3,2030,25,26,1.0
3,2030,26,28,1.0
3,2030,27,25,1.0
3,2030,28,26,1.0
3,2030,29,31,1.0
3,2030,30,29,1.0
3,2030,31,31,1.0
3,2030,32,25,1.0
3,2030,33,27,1.0
3,2030,34,29,1.0
3,2030,35,29,1.0
3,2030,36,30,1.0
3,2030,37,26,1.0
3,2030,38,31,1.0
3,2030,39,31,1.0
3,2030,40,25,1.0
3,2030,41,27,1.0
3,2030,42,27,1.0
3,2030,43,26,1.0
3,2030,44,26,1.0
3,2030,45,29,1.0
3,2030,46,25,1.0
3,2030,47,27,1.0
3,2030,48,26,1.0
3,2030,49,29,1.0
3,2030,50,31,1.0
3,2030,51,31,1.0
3,2030,52,31,1.0
3,2030,53,31,1.0
3,2030,54,29,1.0
3,2030,55,26,1.0
3,2030,56,26,1.0
3,2030,57,31,1.0
3,2030,58,27,1.0
3,2030,59,26,1.0
3,2030,60,26,1.0
3,2030,61,31,1.0
3,2030,62,31,1.0
3,2030,63,26,1.0
3,2030,64,26,1.0
3,2030,65,26,1.0
3,2030,66,26,1.0
3,2030,67,29,1.0
3,2030,68,26,1.0
3,2030,69,26,1.0
3,2030,70,25,1.0
3,2030,71,29,1.0
3,2030,72,30,1.0
3,2030,73,26,1.0
3,2030,74,26,1.0
3,2030,75,32,1.0
3,2030,76,26,1.0
3,2030,77,31,1.0
3,2030,78,31,1.0
3,2030,79,31,1.0
3,2030,80,29,1.0
3,2030,81,28,1.0
3,2030,82,28,1.0
3,2030,83,28,1.0
3,2030,84,32,1.0
3,2030,85,32,1.0
3,2030,86,28,1.0
3,2030,87,25,1.0
3,2030,88,27,1.0
3,2030,89,31,1.0
3,2030,90,31,1.0
3,2030,91,26,1.0
3,2030,92,30,1.0
3,2030,93,27,1.0
3,2030,94,29,1.0
3,2030,95,28,1.0
3,2030,96,32,1.0
3,2030,97,32,1.0
3,2030,98,32,1.0
3,2030,99,27,1.0
3,2030,100,30,1.0
3,2030,101,30,1.0
3,2030,102,32,1.0
3,2030,103,32,1.0
3,2030,104,29,1.0
3,2030,105,28,1.0
3,2030,106,28,1.0
3,2030,107,27,1.0
3,2030,108,27,1.0
3,2030,109,29,1.0
3,2030,110,30,1.0
3,2030,111,32,1.0
3,2030,112,30,1.0
3,2030,113,26,1.0
3,2030,114,26,1.0
3,2030,115,32,1.0
3,2030,116,27,1.0
3,2030,117,30,1.0
3,2030,118,27,1.0
3,2030,119,29,1.0
3,2030,120,30,1.0
3,2030,121,25,1.0
3,2030,122,27,1.0
3,2030,123,29,1.0
3,2030,124,32,1.0
3,2030,125,32,1.0
3,2030,126,27,1.0
3,2030,127,29,1.0
3,2030,128,30,1.0
3,2030,129,28,1.0
3,2030,130,32,1.0
3,2030,131,32,1.0
3,2030,132,27,1.0
3,2030,133,29,1.0
3,2030,134,32,1.0
3,2030,135,27,1.0
3,2030,136,26,1.0
3,2030,137,26,1.0
3,2030,138,30,1.0
3,2030,139,26,1.0
3,2030,140,31,1.0
3,2030,141,31,1.0
3,2030,142,30,1.0
3,2030,143,29,1.0
3,2030,144,30,1.0
3,2030,145,25,1.0
3,2030,146,28,1.0
3,2030,147,27,1.0
3,2030,148,27,1.0
3,2030,149,27,1.0
3,2030,150,30,1.0
3,2030,151,27,1.0
3,2030,152,26,1.0
3,2030,153,32,1.0
3,2030,154,27,1.0
3,2030,155,26,1.0
3,2030,156,29,1.0
3,2030,157,32,1.0
3,2030,158,28,1.0
3,2030,159,30,1.0
3,2030,160,26,1.0
3,2030,161,32,1.0
3,2030,162,28,1.0
3,2030,163,28,1.0
3,2030,164,27,1.0
3,2030,165,31,1.0
3,2030,166,26,1.0
3,2030,167,32,1.0
3,2030,168,32,1.0
3,2030,169,27,1.0
3,2030,170,26,1.0
3,2030,171,27,1.0
3,2030,172,27,1.0
3,2030,173,30,1.0
3,2030,174,32,1.0
3,2030,175,32,1.0
3,2030,176,32,1.0
3,2030,177,32,1.0
3,2030,178,32,1.0
3,2030,179,32,1.0
3,2030,180,32,1.0
3,2030,181,25,1.0
3,2030,182,28,1.0
3,2030,183,32,1.0
3,2030,184,32,1.0
3,2030,185,27,1.0
3,2030,186,32,1.0
3,2030,187,27,1.0
3,2030,188,29,1.0
3,2030,189,32,1.0
3,2030,190,32,1.0
3,2030,191,30,1.0
3,2030,192,32,1.0
3,2030,193,28,1.0
3,2030,194,27,1.0
3,2030,195,29,1.0
3,2030,196,26,1.0
3,2030,197,29,1.0
3,2030,198,32,1.0
3,2030,199,32,1.0
3,2030,200,32,1.0
3,2030,201,30,1.0
3,2030,202,29,1.0
3,2030,203,32,1.0
3,2030,204,27,1.0
3,2030,205,29,1.0
3,2030,206,27,1.0
3,2030,207,32,1.0
3,2030,208,32,1.0
3,2030,209,32,1.0
3,2030,210,27,1.0
3,2030,211,28,1.0
3,2030,212,28,1.0
3,2030,213,32,1.0
3,2030,214,32,1.0
3,2030,215,32,1.0
3,2030,216,32,1.0
3,2030,217,32,1.0
3,2030,218,32,1.0
3,2030,219,29,1.0
3,2030,220,27,1.0
3,2030,221,29,1.0
3,2030,222,29,1.0
3,2030,223,26,1.0
3,2030,224,29,1.0
3,2030,225,27,1.0
3,2030,226,29,1.0
3,2030,227,32,1.0
3,2030,228,27,1.0
3,2030,229,31,1.0
3,2030,230,29,1.0
3,2030,231,32,1.0
3,2030,232,30,1.0
3,2030,233,32,1.0
3,2030,234,32,1.0
3,2030,235,30,1.0
3,2030,236,30,1.0
3,2030,237,27,1.0
3,2030,238,30,1.0
3,2030,239,32,1.0
3,2030,240,32,1.0
3,2030,241,27,1.0
3,2030,242,26,1.0
3,2030,243,26,1.0
3,2030,244,29,1.0
3,2030,245,26,1.0
3,2030,246,31,1.0
3,2030,247,29,1.0
3,2030,248,30,1.0
3,2030,249,30,1.0
3,2030,250,30,1.0
3,2030,251,28,1.0
3,2030,252,27,1.0
3,2030,253,26,1.0
3,2030,254,32,1.0
3,2030,255,27,1.0
3,2030,256,31,1.0
3,2030,257,26,1.0
3,2030,258,29,1.0
3,2030,259,28,1.0
3,2030,260,28,1.0
3,2030,261,32,1.0
3,2030,262,28,1.0
3,2030,263,32,1.0
3,2030,264,32,1.0
3,2030,265,30,1.0
3,2030,266,32,1.0
3,2030,267,28,1.0
3,2030,268,28,1.0
3,2030,269,28,1.0
3,2030,270,25,1.0
3,2030,271,26,1.0
3,2030,272,26,1.0
3,2030,273,26,1.0
3,2030,274,26,1.0
3,2030,275,30,1.0
3,2030,276,30,1.0
3,2030,277,27,1.0
3,2030,278,30,1.0
3,2030,279,29,1.0
3,2030,280,27,1.0
3,2030,281,29,1.0
3,2030,282,28,1.0
3,2030,283,28,1.0
3,2030,284,28,1.0
3,2030,285,28,1.0
3,2030,286,25,1.0
3,2030,287,29,1.0
3,2030,288,27,1.0
3,2030,289,26,1.0
3,2030,290,31,1.0
3,2030,291,26,1.0
3,2030,292,31,1.0
3,2030,293,31,1.0
3,2030,294,31,1.0
3,2030,295,26,1.0
3,2030,296,27,1.0
3,2030,297,26,1.0
3,2030,298,28,1.0
3,2030,299,28,1.0
3,2030,300,25,1.0
3,2030,301,28,1.0
3,2030,302,25,1.0
3,2030,303,30,1.0
3,2030,304,25,1.0
3,2030,305,28,1.0
3,2030,306,25,1.0
3,2030,307,27,1.0
3,2030,308,26,1.0
3,2030,309,30,1.0
3,2030,310,25,1.0
3,2030,311,26,1.0
3,2030,312,26,1.0
3,2030,313,30,1.0
3,2030,314,26,1.0
3,2030,315,31,1.0
3,2030,316,29,1.0
3,2030,317,27,1.0
3,2030,318,29,1.0
3,2030,319,25,1.0
3,2030,320,30,1.0
3,2030,321,25,1.0
3,2030,322,25,1.0
3,2030,323,30,1.0
3,2030,324,26,1.0
3,2030,325,26,1.0
3,2030,326,27,1.0
3,2030,327,26,1.0
3,2030,328,29,1.0
3,2030,329,27,1.0
3,2030,330,26,1.0
3,2030,331,26,1.0
3,2030,332,31,1.0
3,2030,333,26,1.0
3,2030,334,26,1.0
3,2030,335,31,1.0
3,2030,336,26,1.0
3,2030,337,25,1.0
3,2030,338,27,1.0
3,2030,339,31,1.0
3,2030,340,26,1.0
3,2030,341,26,1.0
3,2030,342,26,1.0
3,2030,343,25,1.0
3,2030,344,26,1.0
3,2030,345,31,1.0
3,2030,346,26,1.0
3,2030,347,31,1.0
3,2030,348,31,1.0
3,2030,349,29,1.0
3,2030,350,27,1.0
3,2030,351,29,1.0
3,2030,352,31,1.0
3,2030,353,29,1.0
3,2030,354,26,1.0
3,2030,355,26,1.0
3,2030,356,29,1.0
3,2030,357,31,1.0
3,2030,358,26,1.0
3,2030,359,29,1.0
3,2030,360,25,1.0
3,2030,361,30,1.0
3,2030,362,29,1.0
3,2030,363,26,1.0
3,2030,364,25,1.0
3,2030,365,25,1.0
4,2030,1,35,1.0
4,2030,2,33,1.0
4,2030,3,33,1.0
4,2030,4,35,1.0
4,2030,5,35,1.0
4,2030,6,40,1.0
4,2030,7,36,1.0
4,2030,8,39,1.0
4,2030,9,39,1.0
4,2030,10,33,1.0
4,2030,11,33,1.0
4,2030,12,33,1.0
4,2030,13,40,1.0
4,2030,14,39,1.0
4,2030,15,35,1.0
4,2030,16,34,1.0
4,2030,17,34,1.0
4,2030,18,35,1.0
4,2030,19,33,1.0
4,2030,20,35,1.0
4,2030,21,33,1.0
4,2030,22,38,1.0
4,2030,23,40,1.0
4,2030,24,38,1.0
4,2030,25,36,1.0
4,2030,26,36,1.0
4,2030,27,36,1.0
4,2030,28,39,1.0
4,2030,29,40,1.0
4,2030,30,36,1.0
4,2030,31,36,1.0
4,2030,32,36,1.0
4,2030,33,39,1.0
4,2030,34,35,1.0
4,2030,35,40,1.0
4,2030,36,39,1.0
4,2030,37,33,1.0
4,2030,38,34,1.0
4,2030,39,39,1.0
4,2030,40,38,1.0
4,2030,41,39,1.0
4,2030,42,39,1.0
4,2030,43,36,1.0
4,2030,44,39,1.0
4,2030,45,36,1.0
4,2030,46,36,1.0
4,2030,47,36,1.0
4,2030,48,36,1.0
4,2030,49,39,1.0
4,2030,50,35,1.0
4,2030,51,33,1.0
4,2030,52,33,1.0
4,2030,53,39,1.0
4,2030,54,33,1.0
4,2030,55,33,1.0
4,2030,56,40,1.0
4,2030,57,38,1.0
4,2030,58,36,1.0
4,2030,59,36,1.0
4,2030,60,35,1.0
4,2030,61,35,1.0
4,2030,62,34,1.0
4,2030,63,35,1.0
4,2030,64,35,1.0
4,2030,65,34,1.0
4,2030,66,38,1.0
4,2030,67,39,1.0
4,2030,68,33,1.0
4,2030,69,34,1.0
4,2030,70,36,1.0
4,2030,71,39,1.0
4,2030,72,35,1.0
4,2030,73,35,1.0
4,2030,74,35,1.0
4,2030,75,35,1.0
4,2030,76,39,1.0
4,2030,77,33,1.0
4,2030,78,35,1.0
4,2030,79,39,1.0
4,2030,80,35,1.0
4,2030,81,40,1.0
4,2030,82,35,1.0
4,2030,83,36,1.0
4,2030,84,36,1.0
4,2030,85,36,1.0
4,2030,86,36,1.0
4,2030,87,37,1.0
4,2030,88,39,1.0
4,2030,89,34,1.0
4,2030,90,40,1.0
4,2030,91,37,1.0
4,2030,92,37,1.0
4,2030,93,36,1.0
4,2030,94,36,1.0
4,2030,95,37,1.0
4,2030,96,36,1.0
4,2030,97,39,1.0
4,2030,98,37,1.0
4,2030,99,37,1.0
4,2030,100,39,1.0
4,2030,101,39,1.0
4,2030,102,36,1.0
4,2030,103,37,1.0
4,2030,104,37,1.0
4,2030,105,36,1.0
4,2030,106,37,1.0
4,2030,107,39,1.0
4,2030,108,35,1.0
4,2030,109,37,1.0
4,2030,110,39,1.0
4,2030,111,35,1.0
4,2030,112,39,1.0
4,2030,113,40,1.0
4,2030,114,39,1.0
4,2030,115,34,1.0
4,2030,116,37,1.0
4,2030,117,40,1.0
4,2030,118,39,1.0
4,2030,119,33,1.0
4,2030,120,33,1.0
4,2030,121,33,1.0
4,2030,122,33,1.0
4,2030,123,35,1.0
4,2030,124,34,1.0
4,2030,125,36,1.0
4,2030,126,36,1.0
4,2030,127,39,1.0
4,2030,128,35,1.0
4,2030,129,39,1.0
4,2030,130,37,1.0
4,2030,131,37,1.0
4,2030,132,39,1.0
4,2030,133,37,1.0
4,2030,134,37,1.0
4,2030,135,35,1.0
4,2030,136,34,1.0
4,2030,137,37,1.0
4,2030,138,40,1.0
4,2030,139,37,1.0
4,2030,140,37,1.0
4,2030,141,37,1.0
4,2030,142,37,1.0
4,2030,143,37,1.0
4,2030,144,37,1.0
4,2030,145,37,1.0
4,2030,146,37,1.0
4,2030,147,37,1.0
4,2030,148,37,1.0
4,2030,149,37,1.0
4,2030,150,36,1.0
4,2030,151,37,1.0
4,2030,152,37,1.0
4,2030,153,37,1.0
4,2030,154,40,1.0
4,2030,155,39,1.0
4,2030,156,33,1.0
4,2030,157,34,1.0
4,2030,158,37,1.0
4,2030,159,35,1.0
4,2030,160,34,1.0
4,2030,161,40,1.0
4,2030,162,40,1.0
4,2030,163,40,1.0
4,2030,164,37,1.0
4,2030,165,36,1.0
4,2030,166,37,1.0
4,2030,167,38,1.0
4,2030,168,38,1.0
4,2030,169,36,1.0
4,2030,170,39,1.0
4,2030,171,34,1.0
4,2030,172,37,1.0
4,2030,173,37,1.0
4,2030,174,35,1.0
4,2030,175,35,1.0
4,2030,176,40,1.0
4,2030,177,37,1.0
4,2030,178,37,1.0
4,2030,179,37,1.0
4,2030,180,37,1.0
4,2030,181,37,1.0
4,2030,182,34,1.0
4,2030,183,37,1.0
4,2030,184,37,1.0
4,2030,185,37,1.0
4,2030,186,37,1.0
4,2030,187,37,1.0
4,2030,188,37,1.0
4,2030,189,37,1.0
4,2030,190,37,1.0
4,2030,191,35,1.0
4,2030,192,35,1.0
4,2030,193,35,1.0
4,2030,194,39,1.0
4,2030,195,40,1.0
4,2030,196,39,1.0
4,2030,197,37,1.0
4,2030,198,36,1.0
4,2030,199,40,1.0
4,2030,200,36,1.0
4,2030,201,39,1.0
4,2030,202,40,1.0
4,2030,203,36,1.0
4,2030,204,36,1.0
4,2030,205,36,1.0
4,2030,206,36,1.0
4,2030,207,36,1.0
4,2030,208,36,1.0
4,2030,209,39,1.0
4,2030,210,39,1.0
4,2030,211,40,1.0
4,2030,212,36,1.0
4,2030,213,38,1.0
4,2030,214,40,1.0
4,2030,215,36,1.0
4,2030,216,37,1.0
4,2030,217,39,1.0
4,2030,218,40,1.0
4,2030,219,36,1.0
4,2030,220,37,1.0
4,2030,221,37,1.0
4,2030,222,40,1.0
4,2030,223,34,1.0
4,2030,224,37,1.0
4,2030,225,37,1.0
4,2030,226,37,1.0
4,2030,227,37,1.0
4,2030,228,39,1.0
4,2030,229,35,1.0
4,2030,230,33,1.0
4,2030,231,34,1.0
4,2030,232,40,1.0
4,2030,233,36,1.0
4,2030,234,36,1.0
4,2030,235,36,1.0
4,2030,236,36,1.0
4,2030,237,36,1.0
4,2030,238,36,1.0
4,2030,239,39,1.0
4,2030,240,36,1.0
4,2030,241,36,1.0
4,2030,242,36,1.0
4,2030,243,37,1.0
4,2030,244,36,1.0
4,2030,245,39,1.0
4,2030,246,40,1.0
4,2030,247,39,1.0
4,2030,248,35,1.0
4,2030,249,40,1.0
4,2030,250,36,1.0
4,2030,251,36,1.0
4,2030,252,36,1.0
4,2030,253,36,1.0
4,2030,254,36,1.0
4,2030,255,40,1.0
4,2030,256,39,1.0
4,2030,257,40,1.0
4,2030,258,33,1.0
4,2030,259,35,1.0
4,2030,260,34,1.0
4,2030,261,39,1.0
4,2030,262,33,1.0
4,2030,263,40,1.0
4,2030,264,39,1.0
4,2030,265,40,1.0
4,2030,266,36,1.0
4,2030,267,36,1.0
4,2030,268,36,1.0
4,2030,269,36,1.0
4,2030,270,36,1.0
4,2030,271,38,1.0
4,2030,272,40,1.0
4,2030,273,39,1.0
4,2030,274,35,1.0
4,2030,275,33,1.0
4,2030,276,34,1.0
4,2030,277,39,1.0
4,2030,278,38,1.0
4,2030,279,35,1.0
4,2030,280,33,1.0
4,2030,281,35,1.0
4,2030,282,35,1.0
4,2030,283,33,1.0
4,2030,284,40,1.0
4,2030,285,39,1.0
4,2030,286,40,1.0
4,2030,287,39,1.0
4,2030,288,33,1.0
4,2030,289,34,1.0
4,2030,290,36,1.0
4,2030,291,39,1.0
4,2030,292,40,1.0
4,2030,293,39,1.0
4,2030,294,39,1.0
4,2030,295,35,1.0
4,2030,296,39,1.0
4,2030,297,38,1.0
4,2030,298,35,1.0
4,2030,299,40,1.0
4,2030,300,36,1.0
4,2030,301,39,1.0
4,2030,302,35,1.0
4,2030,303,39,1.0
4,2030,304,35,1.0
4,2030,305,38,1.0
4,2030,306,36,1.0
4,2030,307,36,1.0
4,2030,308,36,1.0
4,2030,309,39,1.0
4,2030,310,38,1.0
4,2030,311,38,1.0
4,2030,312,38,1.0
4,2030,313,39,1.0
4,2030,314,40,1.0
4,2030,315,38,1.0
4,2030,316,40,1.0
4,2030,317,36,1.0
4,2030,318,35,1.0
4,2030,319,38,1.0
4,2030,320,38,1.0
4,2030,321,40,1.0
4,2030,322,39,1.0
4,2030,323,38,1.0
4,2030,324,39,1.0
4,2030,325,33,1.0
4,2030,326,34,1.0
4,2030,327,35,1.0
4,2030,328,38,1.0
4,2030,329,35,1.0
4,2030,330,38,1.0
4,2030,331,38,1.0
4,2030,332,36,1.0
4,2030,333,39,1.0
4,2030,334,33,1.0
4,2030,335,34,1.0
4,2030,336,39,1.0
4,2030,337,36,1.0
4,2030,338,38,1.0
4,2030,339,39,1.0
4,2030,340,36,1.0
4,2030,341,34,1.0
4,2030,342,38,1.0
4,2030,343,35,1.0
4,2030,344,35,1.0
4,2030,345,33,1.0
4,2030,346,35,1.0
4,2030,347,33,1.0
4,2030,348,34,1.0
4,2030,349,38,1.0
4,2030,350,38,1.0
4,2030,351,33,1.0
4,2030,352,33,1.0
4,2030,353,34,1.0
4,2030,354,39,1.0
4,2030,355,40,1.0
4,2030,356,36,1.0
4,2030,357,36,1.0
4,2030,358,38,1.0
4,2030,359,40,1.0
4,2030,360,38,1.0
4,2030,361,39,1.0
4,2030,362,33,1.0
4,2030,363,33,1.0
4,2030,364,33,1.0
4,2030,365,33,1.0
