scenario,year,period,rep_period,weight
0,2030,1,28,1.0
0,2030,2,17,1.0
0,2030,3,14,1.0
0,2030,4,27,1.0
0,2030,5,29,1.0
0,2030,6,11,1.0
0,2030,7,7,1.0
0,2030,8,17,1.0
0,2030,9,23,1.0
0,2030,10,7,1.0
0,2030,11,19,1.0
0,2030,12,2,1.0
0,2030,13,16,1.0
0,2030,14,24,1.0
0,2030,15,12,1.0
0,2030,16,6,1.0
0,2030,17,19,1.0
0,2030,18,2,1.0
0,2030,19,2,1.0
0,2030,20,16,1.0
0,2030,21,2,1.0
0,2030,22,2,1.0
0,2030,23,22,1.0
0,2030,24,19,1.0
0,2030,25,2,1.0
0,2030,26,28,1.0
0,2030,27,6,1.0
0,2030,28,2,1.0
0,2030,29,2,1.0
0,2030,30,4,1.0
0,2030,31,6,1.0
0,2030,32,21,1.0
0,2030,33,12,1.0
0,2030,34,6,1.0
0,2030,35,24,1.0
0,2030,36,1,1.0
0,2030,37,20,1.0
0,2030,38,6,1.0
0,2030,39,16,1.0
0,2030,40,16,1.0
0,2030,41,16,1.0
0,2030,42,21,1.0
0,2030,43,20,1.0
0,2030,44,16,1.0
0,2030,45,2,1.0
0,2030,46,2,1.0
0,2030,47,6,1.0
0,2030,48,29,1.0
0,2030,49,25,1.0
0,2030,50,6,1.0
0,2030,51,6,1.0
0,2030,52,30,1.0
0,2030,53,20,1.0
0,2030,54,6,1.0
0,2030,55,2,1.0
0,2030,56,2,1.0
0,2030,57,2,1.0
0,2030,58,22,1.0
0,2030,59,17,1.0
0,2030,60,29,1.0
0,2030,61,2,1.0
0,2030,62,2,1.0
0,2030,63,29,1.0
0,2030,64,2,1.0
0,2030,65,23,1.0
0,2030,66,18,1.0
0,2030,67,16,1.0
0,2030,68,6,1.0
0,2030,69,28,1.0
0,2030,70,19,1.0
0,2030,71,2,1.0
0,2030,72,6,1.0
0,2030,73,21,1.0
0,2030,74,15,1.0
0,2030,75,25,1.0
0,2030,76,6,1.0
0,2030,77,6,1.0
0,2030,78,6,1.0
0,2030,79,6,1.0
0,2030,80,6,1.0
0,2030,81,3,1.0
0,2030,82,24,1.0
0,2030,83,20,1.0
0,2030,84,6,1.0
0,2030,85,6,1.0
0,2030,86,7,1.0
0,2030,87,9,1.0
0,2030,88,9,1.0
0,2030,89,18,1.0
0,2030,90,6,1.0
0,2030,91,6,1.0
0,2030,92,3,1.0
0,2030,93,24,1.0
0,2030,94,26,1.0
0,2030,95,25,1.0
0,2030,96,6,1.0
0,2030,97,6,1.0
0,2030,98,6,1.0
0,2030,99,6,1.0
0,2030,100,6,1.0
0,2030,101,6,1.0
0,2030,102,6,1.0
0,2030,103,2,1.0
0,2030,104,2,1.0
0,2030,105,2,1.0
0,2030,106,2,1.0
0,2030,107,3,1.0
0,2030,108,24,1.0
0,2030,109,3,1.0
0,2030,110,18,1.0
0,2030,111,3,1.0
0,2030,112,18,1.0
0,2030,113,1,1.0
0,2030,114,17,1.0
0,2030,115,17,1.0
0,2030,116,26,1.0
0,2030,117,21,1.0
0,2030,118,24,1.0
0,2030,119,3,1.0
0,2030,120,1,1.0
0,2030,121,24,1.0
0,2030,122,24,1.0
0,2030,123,24,1.0
0,2030,124,24,1.0
0,2030,125,24,1.0
0,2030,126,24,1.0
0,2030,127,1,1.0
0,2030,128,18,1.0
0,2030,129,21,1.0
0,2030,130,24,1.0
0,2030,131,21,1.0
0,2030,132,11,1.0
0,2030,133,9,1.0
0,2030,134,3,1.0
0,2030,135,29,1.0
0,2030,136,29,1.0
0,2030,137,6,1.0
0,2030,138,10,1.0
0,2030,139,3,1.0
0,2030,140,18,1.0
0,2030,141,21,1.0
0,2030,142,24,1.0
0,2030,143,24,1.0
0,2030,144,15,1.0
0,2030,145,24,1.0
0,2030,146,6,1.0
0,2030,147,6,1.0
0,2030,148,21,1.0
0,2030,149,24,1.0
0,2030,150,9,1.0
0,2030,151,9,1.0
0,2030,152,9,1.0
0,2030,153,18,1.0
0,2030,154,9,1.0
0,2030,155,20,1.0
0,2030,156,6,1.0
0,2030,157,6,1.0
0,2030,158,6,1.0
0,2030,159,6,1.0
0,2030,160,6,1.0
0,2030,161,6,1.0
0,2030,162,26,1.0
0,2030,163,15,1.0
0,2030,164,18,1.0
0,2030,165,18,1.0
0,2030,166,6,1.0
0,2030,167,6,1.0
0,2030,168,24,1.0
0,2030,169,1,1.0
0,2030,170,1,1.0
0,2030,171,1,1.0
0,2030,172,20,1.0
0,2030,173,6,1.0
0,2030,174,6,1.0
0,2030,175,6,1.0
0,2030,176,6,1.0
0,2030,177,6,1.0
0,2030,178,30,1.0
0,2030,179,1,1.0
0,2030,180,1,1.0
0,2030,181,24,1.0
0,2030,182,24,1.0
0,2030,183,17,1.0
0,2030,184,7,1.0
0,2030,185,24,1.0
0,2030,186,18,1.0
0,2030,187,6,1.0
0,2030,188,6,1.0
0,2030,189,21,1.0
0,2030,190,1,1.0
0,2030,191,14,1.0
0,2030,192,3,1.0
0,2030,193,20,1.0
0,2030,194,18,1.0
0,2030,195,6,1.0
0,2030,196,21,1.0
0,2030,197,1,1.0
0,2030,198,1,1.0
0,2030,199,20,1.0
0,2030,200,21,1.0
0,2030,201,1,1.0
0,2030,202,26,1.0
0,2030,203,6,1.0
0,2030,204,6,1.0
0,2030,205,21,1.0
0,2030,206,15,1.0
0,2030,207,21,1.0
0,2030,208,1,1.0
0,2030,209,1,1.0
0,2030,210,1,1.0
0,2030,211,1,1.0
0,2030,212,1,1.0
0,2030,213,15,1.0
0,2030,214,1,1.0
0,2030,215,20,1.0
0,2030,216,1,1.0
0,2030,217,3,1.0
0,2030,218,1,1.0
0,2030,219,1,1.0
0,2030,220,20,1.0
0,2030,221,6,1.0
0,2030,222,30,1.0
0,2030,223,1,1.0
0,2030,224,1,1.0
0,2030,225,29,1.0
0,2030,226,6,1.0
0,2030,227,6,1.0
0,2030,228,21,1.0
0,2030,229,1,1.0
0,2030,230,1,1.0
0,2030,231,24,1.0
0,2030,232,12,1.0
0,2030,233,18,1.0
0,2030,234,6,1.0
0,2030,235,6,1.0
0,2030,236,15,1.0
0,2030,237,26,1.0
0,2030,238,29,1.0
0,2030,239,18,1.0
0,2030,240,2,1.0
0,2030,241,6,1.0
0,2030,242,6,1.0
0,2030,243,6,1.0
0,2030,244,6,1.0
0,2030,245,6,1.0
0,2030,246,24,1.0
0,2030,247,1,1.0
0,2030,248,29,1.0
0,2030,249,2,1.0
0,2030,250,2,1.0
0,2030,251,22,1.0
0,2030,252,6,1.0
0,2030,253,15,1.0
0,2030,254,24,1.0
0,2030,255,20,1.0
0,2030,256,25,1.0
0,2030,257,3,1.0
0,2030,258,21,1.0
0,2030,259,21,1.0
0,2030,260,14,1.0
0,2030,261,5,1.0
0,2030,262,16,1.0
0,2030,263,4,1.0
0,2030,264,25,1.0
0,2030,265,6,1.0
0,2030,266,3,1.0
0,2030,267,20,1.0
0,2030,268,15,1.0
0,2030,269,24,1.0
0,2030,270,24,1.0
0,2030,271,24,1.0
0,2030,272,24,1.0
0,2030,273,24,1.0
0,2030,274,1,1.0
0,2030,275,20,1.0
0,2030,276,6,1.0
0,2030,277,21,1.0
0,2030,278,12,1.0
0,2030,279,6,1.0
0,2030,280,3,1.0
0,2030,281,29,1.0
0,2030,282,25,1.0
0,2030,283,6,1.0
0,2030,284,1,1.0
0,2030,285,24,1.0
0,2030,286,20,1.0
0,2030,287,30,1.0
0,2030,288,20,1.0
0,2030,289,6,1.0
0,2030,290,3,1.0
0,2030,291,20,1.0
0,2030,292,6,1.0
0,2030,293,6,1.0
0,2030,294,3,1.0
0,2030,295,14,1.0
0,2030,296,18,1.0
0,2030,297,16,1.0
0,2030,298,30,1.0
0,2030,299,16,1.0
0,2030,300,5,1.0
0,2030,301,6,1.0
0,2030,302,15,1.0
0,2030,303,14,1.0
0,2030,304,6,1.0
0,2030,305,6,1.0
0,2030,306,23,1.0
0,2030,307,3,1.0
0,2030,308,25,1.0
0,2030,309,30,1.0
0,2030,310,14,1.0
0,2030,311,1,1.0
0,2030,312,5,1.0
0,2030,313,30,1.0
0,2030,314,7,1.0
0,2030,315,8,1.0
0,2030,316,16,1.0
0,2030,317,27,1.0
0,2030,318,16,1.0
0,2030,319,23,1.0
0,2030,320,27,1.0
0,2030,321,10,1.0
0,2030,322,30,1.0
0,2030,323,5,1.0
0,2030,324,6,1.0
0,2030,325,16,1.0
0,2030,326,28,1.0
0,2030,327,12,1.0
0,2030,328,21,1.0
0,2030,329,27,1.0
0,2030,330,16,1.0
0,2030,331,16,1.0
0,2030,332,21,1.0
0,2030,333,7,1.0
0,2030,334,16,1.0
0,2030,335,6,1.0
0,2030,336,6,1.0
0,2030,337,16,1.0
0,2030,338,2,1.0
0,2030,339,28,1.0
0,2030,340,5,1.0
0,2030,341,30,1.0
0,2030,342,14,1.0
0,2030,343,19,1.0
0,2030,344,23,1.0
0,2030,345,23,1.0
0,2030,346,6,1.0
0,2030,347,16,1.0
0,2030,348,16,1.0
0,2030,349,16,1.0
0,2030,350,5,1.0
0,2030,351,16,1.0
0,2030,352,6,1.0
0,2030,353,30,1.0
0,2030,354,5,1.0
0,2030,355,6,1.0
0,2030,356,2,1.0
0,2030,357,2,1.0
0,2030,358,2,1.0
0,2030,359,2,1.0
0,2030,360,13,1.0
0,2030,361,16,1.0
0,2030,362,2,1.0
0,2030,363,16,1.0
0,2030,364,2,1.0
0,2030,365,2,1.0
1,2030,1,41,1.0
1,2030,2,36,1.0
1,2030,3,51,1.0
1,2030,4,57,1.0
1,2030,5,44,1.0
1,2030,6,55,1.0
1,2030,7,36,1.0
1,2030,8,36,1.0
1,2030,9,43,1.0
1,2030,10,48,1.0
1,2030,11,56,1.0
1,2030,12,32,1.0
1,2030,13,57,1.0
1,2030,14,52,1.0
1,2030,15,47,1.0
1,2030,16,49,1.0
1,2030,17,32,1.0
1,2030,18,32,1.0
1,2030,19,32,1.0
1,2030,20,32,1.0
1,2030,21,32,1.0
1,2030,22,32,1.0
1,2030,23,55,1.0
1,2030,24,56,1.0
1,2030,25,32,1.0
1,2030,26,41,1.0
1,2030,27,49,1.0
1,2030,28,32,1.0
1,2030,29,32,1.0
1,2030,30,34,1.0
1,2030,31,49,1.0
1,2030,32,59,1.0
1,2030,33,47,1.0
1,2030,34,49,1.0
1,2030,35,45,1.0
1,2030,36,31,1.0
1,2030,37,53,1.0
1,2030,38,49,1.0
1,2030,39,32,1.0
1,2030,40,32,1.0
1,2030,41,49,1.0
1,2030,42,59,1.0
1,2030,43,53,1.0
1,2030,44,32,1.0
1,2030,45,32,1.0
1,2030,46,32,1.0
1,2030,47,49,1.0
1,2030,48,50,1.0
1,2030,49,46,1.0
1,2030,50,49,1.0
1,2030,51,49,1.0
1,2030,52,33,1.0
1,2030,53,53,1.0
1,2030,54,49,1.0
1,2030,55,32,1.0
1,2030,56,32,1.0
1,2030,57,32,1.0
1,2030,58,55,1.0
1,2030,59,36,1.0
1,2030,60,46,1.0
1,2030,61,49,1.0
1,2030,62,32,1.0
1,2030,63,50,1.0
1,2030,64,32,1.0
1,2030,65,43,1.0
1,2030,66,39,1.0
1,2030,67,57,1.0
1,2030,68,49,1.0
1,2030,69,41,1.0
1,2030,70,56,1.0
1,2030,71,32,1.0
1,2030,72,49,1.0
1,2030,73,59,1.0
1,2030,74,57,1.0
1,2030,75,46,1.0
1,2030,76,49,1.0
1,2030,77,49,1.0
1,2030,78,49,1.0
1,2030,79,49,1.0
1,2030,80,49,1.0
1,2030,81,33,1.0
1,2030,82,52,1.0
1,2030,83,53,1.0
1,2030,84,49,1.0
1,2030,85,49,1.0
1,2030,86,48,1.0
1,2030,87,60,1.0
1,2030,88,60,1.0
1,2030,89,39,1.0
1,2030,90,49,1.0
1,2030,91,49,1.0
1,2030,92,33,1.0
1,2030,93,52,1.0
1,2030,94,53,1.0
1,2030,95,46,1.0
1,2030,96,49,1.0
1,2030,97,49,1.0
1,2030,98,49,1.0
1,2030,99,49,1.0
1,2030,100,49,1.0
1,2030,101,49,1.0
1,2030,102,49,1.0
1,2030,103,49,1.0
1,2030,104,32,1.0
1,2030,105,49,1.0
1,2030,106,49,1.0
1,2030,107,45,1.0
1,2030,108,52,1.0
1,2030,109,57,1.0
1,2030,110,57,1.0
1,2030,111,57,1.0
1,2030,112,39,1.0
1,2030,113,52,1.0
1,2030,114,36,1.0
1,2030,115,36,1.0
1,2030,116,37,1.0
1,2030,117,59,1.0
1,2030,118,52,1.0
1,2030,119,45,1.0
1,2030,120,52,1.0
1,2030,121,52,1.0
1,2030,122,53,1.0
1,2030,123,45,1.0
1,2030,124,52,1.0
1,2030,125,52,1.0
1,2030,126,52,1.0
1,2030,127,31,1.0
1,2030,128,39,1.0
1,2030,129,33,1.0
1,2030,130,31,1.0
1,2030,131,57,1.0
1,2030,132,41,1.0
1,2030,133,60,1.0
1,2030,134,45,1.0
1,2030,135,39,1.0
1,2030,136,57,1.0
1,2030,137,39,1.0
1,2030,138,42,1.0
1,2030,139,45,1.0
1,2030,140,39,1.0
1,2030,141,59,1.0
1,2030,142,52,1.0
1,2030,143,60,1.0
1,2030,144,40,1.0
1,2030,145,52,1.0
1,2030,146,49,1.0
1,2030,147,49,1.0
1,2030,148,59,1.0
1,2030,149,52,1.0
1,2030,150,60,1.0
1,2030,151,60,1.0
1,2030,152,60,1.0
1,2030,153,57,1.0
1,2030,154,60,1.0
1,2030,155,53,1.0
1,2030,156,49,1.0
1,2030,157,49,1.0
1,2030,158,49,1.0
1,2030,159,49,1.0
1,2030,160,49,1.0
1,2030,161,49,1.0
1,2030,162,58,1.0
1,2030,163,40,1.0
1,2030,164,39,1.0
1,2030,165,39,1.0
1,2030,166,49,1.0
1,2030,167,49,1.0
1,2030,168,45,1.0
1,2030,169,31,1.0
1,2030,170,31,1.0
1,2030,171,31,1.0
1,2030,172,53,1.0
1,2030,173,49,1.0
1,2030,174,49,1.0
1,2030,175,49,1.0
1,2030,176,49,1.0
1,2030,177,49,1.0
1,2030,178,45,1.0
1,2030,179,31,1.0
1,2030,180,31,1.0
1,2030,181,31,1.0
1,2030,182,52,1.0
1,2030,183,48,1.0
1,2030,184,58,1.0
1,2030,185,52,1.0
1,2030,186,39,1.0
1,2030,187,49,1.0
1,2030,188,49,1.0
1,2030,189,59,1.0
1,2030,190,52,1.0
1,2030,191,58,1.0
1,2030,192,33,1.0
1,2030,193,53,1.0
1,2030,194,39,1.0
1,2030,195,49,1.0
1,2030,196,59,1.0
1,2030,197,31,1.0
1,2030,198,31,1.0
1,2030,199,53,1.0
1,2030,200,49,1.0
1,2030,201,31,1.0
1,2030,202,52,1.0
1,2030,203,49,1.0
1,2030,204,49,1.0
1,2030,205,49,1.0
1,2030,206,57,1.0
1,2030,207,59,1.0
1,2030,208,45,1.0
1,2030,209,52,1.0
1,2030,210,52,1.0
1,2030,211,60,1.0
1,2030,212,58,1.0
1,2030,213,40,1.0
1,2030,214,52,1.0
1,2030,215,53,1.0
1,2030,216,45,1.0
1,2030,217,45,1.0
1,2030,218,31,1.0
1,2030,219,52,1.0
1,2030,220,53,1.0
1,2030,221,49,1.0
1,2030,222,33,1.0
1,2030,223,31,1.0
1,2030,224,52,1.0
1,2030,225,39,1.0
1,2030,226,49,1.0
1,2030,227,49,1.0
1,2030,228,49,1.0
1,2030,229,31,1.0
1,2030,230,52,1.0
1,2030,231,52,1.0
1,2030,232,60,1.0
1,2030,233,39,1.0
1,2030,234,49,1.0
1,2030,235,49,1.0
1,2030,236,40,1.0
1,2030,237,60,1.0
1,2030,238,39,1.0
1,2030,239,39,1.0
1,2030,240,49,1.0
1,2030,241,49,1.0
1,2030,242,49,1.0
1,2030,243,49,1.0
1,2030,244,49,1.0
1,2030,245,49,1.0
1,2030,246,52,1.0
1,2030,247,52,1.0
1,2030,248,57,1.0
1,2030,249,32,1.0
1,2030,250,32,1.0
1,2030,251,46,1.0
1,2030,252,49,1.0
1,2030,253,40,1.0
1,2030,254,52,1.0
1,2030,255,53,1.0
1,2030,256,46,1.0
1,2030,257,58,1.0
1,2030,258,59,1.0
1,2030,259,57,1.0
1,2030,260,51,1.0
1,2030,261,58,1.0
1,2030,262,49,1.0
1,2030,263,58,1.0
1,2030,264,46,1.0
1,2030,265,49,1.0
1,2030,266,58,1.0
1,2030,267,53,1.0
1,2030,268,57,1.0
1,2030,269,52,1.0
1,2030,270,52,1.0
1,2030,271,52,1.0
1,2030,272,52,1.0
1,2030,273,45,1.0
1,2030,274,31,1.0
1,2030,275,53,1.0
1,2030,276,49,1.0
1,2030,277,59,1.0
1,2030,278,47,1.0
1,2030,279,49,1.0
1,2030,280,33,1.0
1,2030,281,44,1.0
1,2030,282,46,1.0
1,2030,283,49,1.0
1,2030,284,31,1.0
1,2030,285,52,1.0
1,2030,286,53,1.0
1,2030,287,58,1.0
1,2030,288,35,1.0
1,2030,289,49,1.0
1,2030,290,33,1.0
1,2030,291,53,1.0
1,2030,292,49,1.0
1,2030,293,49,1.0
1,2030,294,33,1.0
1,2030,295,45,1.0
1,2030,296,39,1.0
1,2030,297,32,1.0
1,2030,298,58,1.0
1,2030,299,57,1.0
1,2030,300,35,1.0
1,2030,301,49,1.0
1,2030,302,40,1.0
1,2030,303,58,1.0
1,2030,304,49,1.0
1,2030,305,49,1.0
1,2030,306,58,1.0
1,2030,307,45,1.0
1,2030,308,46,1.0
1,2030,309,58,1.0
1,2030,310,51,1.0
1,2030,311,31,1.0
1,2030,312,35,1.0
1,2030,313,45,1.0
1,2030,314,48,1.0
1,2030,315,50,1.0
1,2030,316,32,1.0
1,2030,317,44,1.0
1,2030,318,43,1.0
1,2030,319,43,1.0
1,2030,320,44,1.0
1,2030,321,42,1.0
1,2030,322,43,1.0
1,2030,323,35,1.0
1,2030,324,49,1.0
1,2030,325,57,1.0
1,2030,326,41,1.0
1,2030,327,47,1.0
1,2030,328,59,1.0
1,2030,329,44,1.0
1,2030,330,49,1.0
1,2030,331,57,1.0
1,2030,332,57,1.0
1,2030,333,50,1.0
1,2030,334,49,1.0
1,2030,335,49,1.0
1,2030,336,49,1.0
1,2030,337,49,1.0
1,2030,338,32,1.0
1,2030,339,41,1.0
1,2030,340,35,1.0
1,2030,341,38,1.0
1,2030,342,51,1.0
1,2030,343,56,1.0
1,2030,344,43,1.0
1,2030,345,43,1.0
1,2030,346,49,1.0
1,2030,347,32,1.0
1,2030,348,49,1.0
1,2030,349,49,1.0
1,2030,350,35,1.0
1,2030,351,49,1.0
1,2030,352,49,1.0
1,2030,353,38,1.0
1,2030,354,35,1.0
1,2030,355,49,1.0
1,2030,356,32,1.0
1,2030,357,32,1.0
1,2030,358,32,1.0
1,2030,359,32,1.0
1,2030,360,54,1.0
1,2030,361,32,1.0
1,2030,362,32,1.0
1,2030,363,32,1.0
1,2030,364,32,1.0
1,2030,365,32,1.0
