rep_period,timestep,year,profile_name,value
1,1,2030,demand,0.5289417917353281
1,2,2030,demand,0.5221559488135212
1,3,2030,demand,0.515375460834067
1,4,2030,demand,0.5079906602740651
1,5,2030,demand,0.5212338074386618
1,6,2030,demand,0.5314719795948938
1,7,2030,demand,0.558841022081541
1,8,2030,demand,0.6012874269453432
1,9,2030,demand,0.6412675416331703
1,10,2030,demand,0.6744497809365174
1,11,2030,demand,0.7049369546039377
1,12,2030,demand,0.7285427333032268
1,13,2030,demand,0.7331643723265617
1,14,2030,demand,0.7243531565817476
1,15,2030,demand,0.7191274568032942
1,16,2030,demand,0.7186310803364783
1,17,2030,demand,0.7143293966959351
1,18,2030,demand,0.7046040981098939
1,19,2030,demand,0.6906396553612245
1,20,2030,demand,0.6785473354753088
1,21,2030,demand,0.6636129955575768
1,22,2030,demand,0.6218845911670863
1,23,2030,demand,0.5786785904515658
1,24,2030,demand,0.5698166554242452
1,1,2030,solar,0.0
1,2,2030,solar,0.0
1,3,2030,solar,0.0
1,4,2030,solar,0.0
1,5,2030,solar,0.0
1,6,2030,solar,0.0002317697721544734
1,7,2030,solar,0.0444847039209371
1,8,2030,solar,0.1851173599054317
1,9,2030,solar,0.3533300933406233
1,10,2030,solar,0.5131307641201169
1,11,2030,solar,0.6098903539916702
1,12,2030,solar,0.6410594455799473
1,13,2030,solar,0.6158759018414984
1,14,2030,solar,0.5853388285242
1,15,2030,solar,0.5273327393094751
1,16,2030,solar,0.4370771865620489
1,17,2030,solar,0.3488895402565207
1,18,2030,solar,0.2383678766660104
1,19,2030,solar,0.1074759652282991
1,20,2030,solar,0.01360141139094954
1,21,2030,solar,0.0
1,22,2030,solar,0.0
1,23,2030,solar,0.0
1,24,2030,solar,0.0
1,1,2030,wind_offshore,0.0
1,2,2030,wind_offshore,0.0
1,3,2030,wind_offshore,0.0
1,4,2030,wind_offshore,0.0
1,5,2030,wind_offshore,0.0
1,6,2030,wind_offshore,0.0002693398074826637
1,7,2030,wind_offshore,8.969557726635963e-5
1,8,2030,wind_offshore,0.0
1,9,2030,wind_offshore,0.0001995395007099797
1,10,2030,wind_offshore,0.0005687591169302034
1,11,2030,wind_offshore,0.0
1,12,2030,wind_offshore,0.0
1,13,2030,wind_offshore,0.0
1,14,2030,wind_offshore,0.0
1,15,2030,wind_offshore,0.0001543215259303746
1,16,2030,wind_offshore,0.001159783322123331
1,17,2030,wind_offshore,0.006265085410225836
1,18,2030,wind_offshore,0.009820979084425842
1,19,2030,wind_offshore,0.01869708070993779
1,20,2030,wind_offshore,0.02253808528388433
1,21,2030,wind_offshore,0.03450786610344954
1,22,2030,wind_offshore,0.03719575262134511
1,23,2030,wind_offshore,0.007774011161885074
1,24,2030,wind_offshore,0.001371742803175062
1,1,2030,wind_onshore,0.05197145525907598
1,2,2030,wind_onshore,0.04821475026955604
1,3,2030,wind_onshore,0.04390455974010616
1,4,2030,wind_onshore,0.03756145136200593
1,5,2030,wind_onshore,0.0316770652764649
1,6,2030,wind_onshore,0.02804316970933515
1,7,2030,wind_onshore,0.02567040423580764
1,8,2030,wind_onshore,0.0144803106933236
1,9,2030,wind_onshore,0.01245791806526852
1,10,2030,wind_onshore,0.01316384719155326
1,11,2030,wind_onshore,0.01427807254718658
1,12,2030,wind_onshore,0.02077760806865964
1,13,2030,wind_onshore,0.03119998218441258
1,14,2030,wind_onshore,0.04371728269696262
1,15,2030,wind_onshore,0.05857034607875705
1,16,2030,wind_onshore,0.07325502256363788
1,17,2030,wind_onshore,0.0852870846039179
1,18,2030,wind_onshore,0.09957167477612441
1,19,2030,wind_onshore,0.1039233747394044
1,20,2030,wind_onshore,0.07421797725754484
1,21,2030,wind_onshore,0.06410836965747237
1,22,2030,wind_onshore,0.06040873876554734
1,23,2030,wind_onshore,0.05784422678332633
1,24,2030,wind_onshore,0.0587109750220905
2,1,2030,demand,0.48173946912172144
2,2,2030,demand,0.46857421851195863
2,3,2030,demand,0.4565251930530763
2,4,2030,demand,0.4430999122879991
2,5,2030,demand,0.43887708075877013
2,6,2030,demand,0.4383612623102883
2,7,2030,demand,0.4489486534068252
2,8,2030,demand,0.4777367358340062
2,9,2030,demand,0.5150545992437424
2,10,2030,demand,0.5471206788436436
2,11,2030,demand,0.5649945717881087
2,12,2030,demand,0.5717094798579858
2,13,2030,demand,0.5719602299537258
2,14,2030,demand,0.565469734101546
2,15,2030,demand,0.5523933587393987
2,16,2030,demand,0.5440120222017588
2,17,2030,demand,0.5433327590610345
2,18,2030,demand,0.5552467409769133
2,19,2030,demand,0.5732730039336558
2,20,2030,demand,0.5880886487278507
2,21,2030,demand,0.5928574671393122
2,22,2030,demand,0.5694469835096754
2,23,2030,demand,0.5297631515713668
2,24,2030,demand,0.5156057115194326
2,1,2030,solar,0.0
2,2,2030,solar,0.0
2,3,2030,solar,0.0
2,4,2030,solar,0.0
2,5,2030,solar,0.0
2,6,2030,solar,0.0
2,7,2030,solar,0.0
2,8,2030,solar,0.0
2,9,2030,solar,0.01046592715955874
2,10,2030,solar,0.0554669413726208
2,11,2030,solar,0.1289014822901456
2,12,2030,solar,0.1896968439159909
2,13,2030,solar,0.2086241617944778
2,14,2030,solar,0.1888622460382605
2,15,2030,solar,0.1323294801351368
2,16,2030,solar,0.07325362395226413
2,17,2030,solar,0.0255590859009175
2,18,2030,solar,0.0
2,19,2030,solar,0.0
2,20,2030,solar,0.0
2,21,2030,solar,0.0
2,22,2030,solar,0.0
2,23,2030,solar,0.0
2,24,2030,solar,0.0
2,1,2030,wind_offshore,0.9499998285001772
2,2,2030,wind_offshore,0.9499811671511899
2,3,2030,wind_offshore,0.949866305233376
2,4,2030,wind_offshore,0.9499033508777938
2,5,2030,wind_offshore,0.9494649785762675
2,6,2030,wind_offshore,0.9492464891529552
2,7,2030,wind_offshore,0.9491025201460151
2,8,2030,wind_offshore,0.9493558929013424
2,9,2030,wind_offshore,0.9428649364343332
2,10,2030,wind_offshore,0.9160974225534382
2,11,2030,wind_offshore,0.8857168387777452
2,12,2030,wind_offshore,0.8721279414338801
2,13,2030,wind_offshore,0.7141405662674064
2,14,2030,wind_offshore,0.8183496533626913
2,15,2030,wind_offshore,0.9350422763017676
2,16,2030,wind_offshore,0.9499998031006456
2,17,2030,wind_offshore,0.9499999999999996
2,18,2030,wind_offshore,0.9499999999999996
2,19,2030,wind_offshore,0.94999569076176
2,20,2030,wind_offshore,0.9495791112230544
2,21,2030,wind_offshore,0.9454825431380632
2,22,2030,wind_offshore,0.9349154049380768
2,23,2030,wind_offshore,0.9473934011392356
2,24,2030,wind_offshore,0.9491674234693148
2,1,2030,wind_onshore,0.6922993100825365
2,2,2030,wind_onshore,0.7204716641041669
2,3,2030,wind_onshore,0.7206950516211977
2,4,2030,wind_onshore,0.7312343526812601
2,5,2030,wind_onshore,0.738466069394094
2,6,2030,wind_onshore,0.726998173233315
2,7,2030,wind_onshore,0.7222819589077675
2,8,2030,wind_onshore,0.7193584048843067
2,9,2030,wind_onshore,0.7239756765393456
2,10,2030,wind_onshore,0.7242323276631839
2,11,2030,wind_onshore,0.7030879449963084
2,12,2030,wind_onshore,0.7044607699135439
2,13,2030,wind_onshore,0.7182355476222789
2,14,2030,wind_onshore,0.7525262065872135
2,15,2030,wind_onshore,0.7710604108313145
2,16,2030,wind_onshore,0.7869324573251426
2,17,2030,wind_onshore,0.7832995385734368
2,18,2030,wind_onshore,0.7630680352271489
2,19,2030,wind_onshore,0.7617985163590134
2,20,2030,wind_onshore,0.776213843993121
2,21,2030,wind_onshore,0.7825100432370623
2,22,2030,wind_onshore,0.7738514945931904
2,23,2030,wind_onshore,0.7578830306435134
2,24,2030,wind_onshore,0.7580916314698409
3,1,2030,demand,0.5198887744505319
3,2,2030,demand,0.5054198652255181
3,3,2030,demand,0.4949852046925008
3,4,2030,demand,0.4857237432341259
3,5,2030,demand,0.49364057400135747
3,6,2030,demand,0.5223457783249136
3,7,2030,demand,0.570464774482239
3,8,2030,demand,0.6202670169582245
3,9,2030,demand,0.655002211592585
3,10,2030,demand,0.6756968142997509
3,11,2030,demand,0.6825899217841588
3,12,2030,demand,0.6813167328861472
3,13,2030,demand,0.6737207804210646
3,14,2030,demand,0.6598840106960016
3,15,2030,demand,0.6447746540426855
3,16,2030,demand,0.6386103934040569
3,17,2030,demand,0.6398808889383195
3,18,2030,demand,0.6571495968547761
3,19,2030,demand,0.6869672713952831
3,20,2030,demand,0.7085983069767746
3,21,2030,demand,0.7014932077466445
3,22,2030,demand,0.6572667294287394
3,23,2030,demand,0.600973355685286
3,24,2030,demand,0.5767525244117597
3,1,2030,solar,0.0
3,2,2030,solar,0.0
3,3,2030,solar,0.0
3,4,2030,solar,0.0
3,5,2030,solar,0.0
3,6,2030,solar,0.0
3,7,2030,solar,0.0
3,8,2030,solar,0.0
3,9,2030,solar,0.02983379377402332
3,10,2030,solar,0.1059924968140682
3,11,2030,solar,0.1685723418792732
3,12,2030,solar,0.208602316835004
3,13,2030,solar,0.2327158027541366
3,14,2030,solar,0.2301517155980357
3,15,2030,solar,0.1823202771199054
3,16,2030,solar,0.1103974206874043
3,17,2030,solar,0.04103837366810485
3,18,2030,solar,0.0
3,19,2030,solar,0.0
3,20,2030,solar,0.0
3,21,2030,solar,0.0
3,22,2030,solar,0.0
3,23,2030,solar,0.0
3,24,2030,solar,0.0
3,1,2030,wind_offshore,0.9074018227772784
3,2,2030,wind_offshore,0.8515362263877726
3,3,2030,wind_offshore,0.7855666441238736
3,4,2030,wind_offshore,0.724276699976167
3,5,2030,wind_offshore,0.6472912590089465
3,6,2030,wind_offshore,0.5445680712190941
3,7,2030,wind_offshore,0.4440786948371201
3,8,2030,wind_offshore,0.3619918828124751
3,9,2030,wind_offshore,0.2994029755377264
3,10,2030,wind_offshore,0.2451558984559919
3,11,2030,wind_offshore,0.1617824283883779
3,12,2030,wind_offshore,0.1336635088569747
3,13,2030,wind_offshore,0.1005364630041922
3,14,2030,wind_offshore,0.0670713702837011
3,15,2030,wind_offshore,0.04167094730187766
3,16,2030,wind_offshore,0.03362676474203098
3,17,2030,wind_offshore,0.03328243028880859
3,18,2030,wind_offshore,0.02943412656301913
3,19,2030,wind_offshore,0.02661139958758002
3,20,2030,wind_offshore,0.03232453425718893
3,21,2030,wind_offshore,0.0382068490842697
3,22,2030,wind_offshore,0.04519497590310476
3,23,2030,wind_offshore,0.1020545353918427
3,24,2030,wind_offshore,0.1198622268171706
3,1,2030,wind_onshore,0.2142487224831115
3,2,2030,wind_onshore,0.2108285969387566
3,3,2030,wind_onshore,0.2046551841142066
3,4,2030,wind_onshore,0.1969282251801813
3,5,2030,wind_onshore,0.1915926468285542
3,6,2030,wind_onshore,0.1862425111983383
3,7,2030,wind_onshore,0.1783599499844611
3,8,2030,wind_onshore,0.173606134147789
3,9,2030,wind_onshore,0.1636840358464743
3,10,2030,wind_onshore,0.1551003097879736
3,11,2030,wind_onshore,0.1247107940156974
3,12,2030,wind_onshore,0.102197990111117
3,13,2030,wind_onshore,0.102667424041551
3,14,2030,wind_onshore,0.1050944329728022
3,15,2030,wind_onshore,0.1036923926685345
3,16,2030,wind_onshore,0.09408440715212871
3,17,2030,wind_onshore,0.09310801472359215
3,18,2030,wind_onshore,0.09954859446699868
3,19,2030,wind_onshore,0.09592325697109479
3,20,2030,wind_onshore,0.09864070770190066
3,21,2030,wind_onshore,0.1068382766104905
3,22,2030,wind_onshore,0.1173797352600189
3,23,2030,wind_onshore,0.1486310463121279
3,24,2030,wind_onshore,0.1480716307984773
4,1,2030,demand,0.47965349193039586
4,2,2030,demand,0.47957827123374547
4,3,2030,demand,0.47836710314927516
4,4,2030,demand,0.4748056702159172
4,5,2030,demand,0.4898267725476682
4,6,2030,demand,0.5222797652419877
4,7,2030,demand,0.5605409715750862
4,8,2030,demand,0.5949145059931786
4,9,2030,demand,0.6185714932124516
4,10,2030,demand,0.6323532208904088
4,11,2030,demand,0.6443532424111221
4,12,2030,demand,0.6538243590500373
4,13,2030,demand,0.6509214527559435
4,14,2030,demand,0.6404695355493075
4,15,2030,demand,0.6359449535200568
4,16,2030,demand,0.6379037205337065
4,17,2030,demand,0.6376718779294992
4,18,2030,demand,0.6374199231803528
4,19,2030,demand,0.6387997493042484
4,20,2030,demand,0.6365432750667445
4,21,2030,demand,0.6189994220667341
4,22,2030,demand,0.5760978324532247
4,23,2030,demand,0.5348895820291332
4,24,2030,demand,0.5298619762146616
4,1,2030,solar,0.0
4,2,2030,solar,0.0
4,3,2030,solar,0.0
4,4,2030,solar,0.0
4,5,2030,solar,0.0
4,6,2030,solar,0.0
4,7,2030,solar,0.0
4,8,2030,solar,0.0670397379584732
4,9,2030,solar,0.2146165717458414
4,10,2030,solar,0.356576655001529
4,11,2030,solar,0.4544092767097707
4,12,2030,solar,0.5226807046061972
4,13,2030,solar,0.5436015104532168
4,14,2030,solar,0.5276458562628865
4,15,2030,solar,0.4548657134219241
4,16,2030,solar,0.3327370774546018
4,17,2030,solar,0.1968979078952077
4,18,2030,solar,0.06883557795560324
4,19,2030,solar,0.0
4,20,2030,solar,0.0
4,21,2030,solar,0.0
4,22,2030,solar,0.0
4,23,2030,solar,0.0
4,24,2030,solar,0.0
4,1,2030,wind_offshore,0.004256827528602348
4,2,2030,wind_offshore,0.0005065350904103516
4,3,2030,wind_offshore,0.0
4,4,2030,wind_offshore,0.0
4,5,2030,wind_offshore,0.0
4,6,2030,wind_offshore,0.0
4,7,2030,wind_offshore,0.0
4,8,2030,wind_offshore,0.0
4,9,2030,wind_offshore,0.0
4,10,2030,wind_offshore,0.0038079853444237
4,11,2030,wind_offshore,0.02135967146294069
4,12,2030,wind_offshore,0.07304469606472427
4,13,2030,wind_offshore,0.1645487873652588
4,14,2030,wind_offshore,0.3141600229100403
4,15,2030,wind_offshore,0.5156918245793034
4,16,2030,wind_offshore,0.6738216000290597
4,17,2030,wind_offshore,0.7591779311728407
4,18,2030,wind_offshore,0.7905212166430003
4,19,2030,wind_offshore,0.7980944232094328
4,20,2030,wind_offshore,0.7975999466935313
4,21,2030,wind_offshore,0.8284050964711149
4,22,2030,wind_offshore,0.8138568566133066
4,23,2030,wind_offshore,0.8243013019275569
4,24,2030,wind_offshore,0.7425474606242237
4,1,2030,wind_onshore,0.07597753930123921
4,2,2030,wind_onshore,0.0735312518263032
4,3,2030,wind_onshore,0.07176668754037824
4,4,2030,wind_onshore,0.07513804729666936
4,5,2030,wind_onshore,0.07736220278572645
4,6,2030,wind_onshore,0.09028224514065174
4,7,2030,wind_onshore,0.09966171172571114
4,8,2030,wind_onshore,0.1123802519812093
4,9,2030,wind_onshore,0.107158055711071
4,10,2030,wind_onshore,0.09816619452145361
4,11,2030,wind_onshore,0.09430209475182104
4,12,2030,wind_onshore,0.1324093012856838
4,13,2030,wind_onshore,0.1920715007074696
4,14,2030,wind_onshore,0.2442110059378859
4,15,2030,wind_onshore,0.2748680246373027
4,16,2030,wind_onshore,0.2651627348133526
4,17,2030,wind_onshore,0.2272607148593697
4,18,2030,wind_onshore,0.1686569738113435
4,19,2030,wind_onshore,0.1572245992684126
4,20,2030,wind_onshore,0.1598311074315969
4,21,2030,wind_onshore,0.1648415892989424
4,22,2030,wind_onshore,0.1689778527420105
4,23,2030,wind_onshore,0.214432856017846
4,24,2030,wind_onshore,0.2039847405370316
5,1,2030,demand,0.5045548982035121
5,2,2030,demand,0.48909358463036756
5,3,2030,demand,0.4761838429563076
5,4,2030,demand,0.4631218906146677
5,5,2030,demand,0.457584409212393
5,6,2030,demand,0.45406695839389427
5,7,2030,demand,0.4612440530054806
5,8,2030,demand,0.48906730277123367
5,9,2030,demand,0.5278549766710083
5,10,2030,demand,0.5605468252324285
5,11,2030,demand,0.57739044892
5,12,2030,demand,0.5825729655792136
5,13,2030,demand,0.5834105957483349
5,14,2030,demand,0.5749232929756886
5,15,2030,demand,0.5593113880950003
5,16,2030,demand,0.5485485042431636
5,17,2030,demand,0.5457741009049696
5,18,2030,demand,0.5529726707139029
5,19,2030,demand,0.5688719741413748
5,20,2030,demand,0.5877019319224086
5,21,2030,demand,0.5974293047728836
5,22,2030,demand,0.578154856875588
5,23,2030,demand,0.5418578601861875
5,24,2030,demand,0.5253231061939295
5,1,2030,solar,0.0
5,2,2030,solar,0.0
5,3,2030,solar,0.0
5,4,2030,solar,0.0
5,5,2030,solar,0.0
5,6,2030,solar,0.0
5,7,2030,solar,0.0
5,8,2030,solar,7.269407167740936e-5
5,9,2030,solar,0.08612422174287766
5,10,2030,solar,0.2044299720254472
5,11,2030,solar,0.3092834538589294
5,12,2030,solar,0.3894507562785946
5,13,2030,solar,0.4366342293500908
5,14,2030,solar,0.4236785931838072
5,15,2030,solar,0.3429678476557118
5,16,2030,solar,0.2146639786288024
5,17,2030,solar,0.08517441640081108
5,18,2030,solar,0.0
5,19,2030,solar,0.0
5,20,2030,solar,0.0
5,21,2030,solar,0.0
5,22,2030,solar,0.0
5,23,2030,solar,0.0
5,24,2030,solar,0.0
5,1,2030,wind_offshore,0.02595469442534564
5,2,2030,wind_offshore,0.009875315416223204
5,3,2030,wind_offshore,0.00216287238391828
5,4,2030,wind_offshore,0.0
5,5,2030,wind_offshore,0.0
5,6,2030,wind_offshore,0.0003243097763853878
5,7,2030,wind_offshore,0.0120547497261016
5,8,2030,wind_offshore,0.03615247854244108
5,9,2030,wind_offshore,0.07842399904866942
5,10,2030,wind_offshore,0.1180062202514107
5,11,2030,wind_offshore,0.2499872637986159
5,12,2030,wind_offshore,0.2580871026701159
5,13,2030,wind_offshore,0.2150980587092384
5,14,2030,wind_offshore,0.1678799735987316
5,15,2030,wind_offshore,0.1236960778397097
5,16,2030,wind_offshore,0.0765965124536811
5,17,2030,wind_offshore,0.03095622501351344
5,18,2030,wind_offshore,0.0029942967099359
5,19,2030,wind_offshore,0.0
5,20,2030,wind_offshore,0.0007476690957374091
5,21,2030,wind_offshore,0.02022355425454546
5,22,2030,wind_offshore,0.03352669493166194
5,23,2030,wind_offshore,0.05048024175020915
5,24,2030,wind_offshore,0.0256208542004419
5,1,2030,wind_onshore,0.2081136857618089
5,2,2030,wind_onshore,0.2040658179043749
5,3,2030,wind_onshore,0.1956772671183049
5,4,2030,wind_onshore,0.1979156375890865
5,5,2030,wind_onshore,0.2083118641280187
5,6,2030,wind_onshore,0.2205260402511762
5,7,2030,wind_onshore,0.2448128049509152
5,8,2030,wind_onshore,0.2678331871557522
5,9,2030,wind_onshore,0.2863822938110343
5,10,2030,wind_onshore,0.2876089988772702
5,11,2030,wind_onshore,0.2884031458141607
5,12,2030,wind_onshore,0.3304917494055587
5,13,2030,wind_onshore,0.3887029041589185
5,14,2030,wind_onshore,0.4282351371970335
5,15,2030,wind_onshore,0.4583385684112524
5,16,2030,wind_onshore,0.4853583535227486
5,17,2030,wind_onshore,0.5210803183465849
5,18,2030,wind_onshore,0.5486212814059175
5,19,2030,wind_onshore,0.5719581787227176
5,20,2030,wind_onshore,0.5799306659197864
5,21,2030,wind_onshore,0.5648319333869596
5,22,2030,wind_onshore,0.5573089457513218
5,23,2030,wind_onshore,0.54301850100349
5,24,2030,wind_onshore,0.5577399014557565
6,1,2030,demand,0.5174699899917133
6,2,2030,demand,0.5033265268624191
6,3,2030,demand,0.49314262778098467
6,4,2030,demand,0.4838259585940564
6,5,2030,demand,0.49044073653518233
6,6,2030,demand,0.5169983972000266
6,7,2030,demand,0.5634471223224374
6,8,2030,demand,0.6127898168501503
6,9,2030,demand,0.6470752662560676
6,10,2030,demand,0.6656488020030862
6,11,2030,demand,0.6689820931521605
6,12,2030,demand,0.6643134441454561
6,13,2030,demand,0.6542227500191826
6,14,2030,demand,0.6381813032908764
6,15,2030,demand,0.620941768300384
6,16,2030,demand,0.6134362497355869
6,17,2030,demand,0.6138481735974863
6,18,2030,demand,0.6296346773252055
6,19,2030,demand,0.6609051004083908
6,20,2030,demand,0.6881217196387418
6,21,2030,demand,0.684814071217508
6,22,2030,demand,0.642335683505982
6,23,2030,demand,0.5877165909457331
6,24,2030,demand,0.5649726575172581
6,1,2030,solar,0.0
6,2,2030,solar,0.0
6,3,2030,solar,0.0
6,4,2030,solar,0.0
6,5,2030,solar,0.0
6,6,2030,solar,0.0
6,7,2030,solar,0.0
6,8,2030,solar,0.0
6,9,2030,solar,0.1035685507860067
6,10,2030,solar,0.2867258164277366
6,11,2030,solar,0.4568955799480258
6,12,2030,solar,0.580547187642542
6,13,2030,solar,0.6399156257747504
6,14,2030,solar,0.6401305475239212
6,15,2030,solar,0.5721237324190867
6,16,2030,solar,0.4490207211060649
6,17,2030,solar,0.2682675562993472
6,18,2030,solar,0.08396621639676163
6,19,2030,solar,0.0
6,20,2030,solar,0.0
6,21,2030,solar,0.0
6,22,2030,solar,0.0
6,23,2030,solar,0.0
6,24,2030,solar,0.0
6,1,2030,wind_offshore,0.9499989917885902
6,2,2030,wind_offshore,0.949999873147116
6,3,2030,wind_offshore,0.9499999999999996
6,4,2030,wind_offshore,0.9499999048359528
6,5,2030,wind_offshore,0.9499999387607592
6,6,2030,wind_offshore,0.9499999999999996
6,7,2030,wind_offshore,0.9499999999999996
6,8,2030,wind_offshore,0.9499999999999996
6,9,2030,wind_offshore,0.9499999999999996
6,10,2030,wind_offshore,0.9499999999999996
6,11,2030,wind_offshore,0.9499991327086034
6,12,2030,wind_offshore,0.9499780079766528
6,13,2030,wind_offshore,0.9499638387266957
6,14,2030,wind_offshore,0.9421278135166601
6,15,2030,wind_offshore,0.6529532220520832
6,16,2030,wind_offshore,0.1269866437200184
6,17,2030,wind_offshore,0.01654304926134003
6,18,2030,wind_offshore,0.06044738517729008
6,19,2030,wind_offshore,0.110185032509498
6,20,2030,wind_offshore,0.1207747842682996
6,21,2030,wind_offshore,0.1106835788055954
6,22,2030,wind_offshore,0.0979285541175909
6,23,2030,wind_offshore,0.09880123325992098
6,24,2030,wind_offshore,0.07583604663653314
6,1,2030,wind_onshore,0.1804823283618934
6,2,2030,wind_onshore,0.1826353422620761
6,3,2030,wind_onshore,0.1809695824633303
6,4,2030,wind_onshore,0.1774501807523761
6,5,2030,wind_onshore,0.1722465834053953
6,6,2030,wind_onshore,0.1722593801199987
6,7,2030,wind_onshore,0.1789856310265386
6,8,2030,wind_onshore,0.186082264717485
6,9,2030,wind_onshore,0.1920179945379163
6,10,2030,wind_onshore,0.1994516608590739
6,11,2030,wind_onshore,0.1981588684522635
6,12,2030,wind_onshore,0.2087740124751356
6,13,2030,wind_onshore,0.2256059303818859
6,14,2030,wind_onshore,0.2418369127333447
6,15,2030,wind_onshore,0.2465905693399754
6,16,2030,wind_onshore,0.2378618516840393
6,17,2030,wind_onshore,0.2106088264323415
6,18,2030,wind_onshore,0.1827961636854111
6,19,2030,wind_onshore,0.1687867476031781
6,20,2030,wind_onshore,0.1632407038355099
6,21,2030,wind_onshore,0.1653873741477478
6,22,2030,wind_onshore,0.1703583527367443
6,23,2030,wind_onshore,0.2244561789819372
6,24,2030,wind_onshore,0.2279070499422945
7,1,2030,demand,0.5645059876105867
7,2,2030,demand,0.5539988264460467
7,3,2030,demand,0.542312863579111
7,4,2030,demand,0.5286106901795152
7,5,2030,demand,0.5242978061523317
7,6,2030,demand,0.5126971611377598
7,7,2030,demand,0.500708479118478
7,8,2030,demand,0.51418599414136
7,9,2030,demand,0.5583121358869546
7,10,2030,demand,0.5994572721819468
7,11,2030,demand,0.6329446961220941
7,12,2030,demand,0.6560584207074216
7,13,2030,demand,0.6667834983166476
7,14,2030,demand,0.6661706167302801
7,15,2030,demand,0.6606587234666693
7,16,2030,demand,0.6546215627471496
7,17,2030,demand,0.6495344244400472
7,18,2030,demand,0.6431187831407658
7,19,2030,demand,0.6310920629159282
7,20,2030,demand,0.6244154451036747
7,21,2030,demand,0.6283912298855119
7,22,2030,demand,0.6134393198686152
7,23,2030,demand,0.5862854636067714
7,24,2030,demand,0.579934915923757
7,1,2030,solar,0.0
7,2,2030,solar,0.0
7,3,2030,solar,0.0
7,4,2030,solar,0.0
7,5,2030,solar,0.0
7,6,2030,solar,0.0
7,7,2030,solar,0.01076526511589669
7,8,2030,solar,0.1588346694646632
7,9,2030,solar,0.365619157973058
7,10,2030,solar,0.5443138596321343
7,11,2030,solar,0.6594238838078595
7,12,2030,solar,0.7373880387462424
7,13,2030,solar,0.7626590847688279
7,14,2030,solar,0.749954949339347
7,15,2030,solar,0.692616164797465
7,16,2030,solar,0.5944598721156004
7,17,2030,solar,0.4551180321667979
7,18,2030,solar,0.2789325936797116
7,19,2030,solar,0.0893901246639777
7,20,2030,solar,0.002190712789895477
7,21,2030,solar,0.0
7,22,2030,solar,0.0
7,23,2030,solar,0.0
7,24,2030,solar,0.0
7,1,2030,wind_offshore,0.4875545853673655
7,2,2030,wind_offshore,0.4688748145065894
7,3,2030,wind_offshore,0.4315170030919282
7,4,2030,wind_offshore,0.3474296505651809
7,5,2030,wind_offshore,0.2583786486454884
7,6,2030,wind_offshore,0.1867672676023752
7,7,2030,wind_offshore,0.1445228196446039
7,8,2030,wind_offshore,0.1233989821815673
7,9,2030,wind_offshore,0.1217346730200207
7,10,2030,wind_offshore,0.1487176142455573
7,11,2030,wind_offshore,0.1041620112682116
7,12,2030,wind_offshore,0.1328598605872454
7,13,2030,wind_offshore,0.1601951819884868
7,14,2030,wind_offshore,0.1866282610157073
7,15,2030,wind_offshore,0.2352344859340781
7,16,2030,wind_offshore,0.272412515089491
7,17,2030,wind_offshore,0.314782560655906
7,18,2030,wind_offshore,0.3279404825835377
7,19,2030,wind_offshore,0.3295646184081853
7,20,2030,wind_offshore,0.3103422542535789
7,21,2030,wind_offshore,0.2738403962619109
7,22,2030,wind_offshore,0.2207497991424301
7,23,2030,wind_offshore,0.2217820255921153
7,24,2030,wind_offshore,0.3287297133848384
7,1,2030,wind_onshore,0.1388561001590661
7,2,2030,wind_onshore,0.1276077030715411
7,3,2030,wind_onshore,0.1262671774812371
7,4,2030,wind_onshore,0.1216826106942799
7,5,2030,wind_onshore,0.1228474386963448
7,6,2030,wind_onshore,0.1166537953386415
7,7,2030,wind_onshore,0.1152513009824552
7,8,2030,wind_onshore,0.09651786754629223
7,9,2030,wind_onshore,0.0878269919759238
7,10,2030,wind_onshore,0.09142053637354533
7,11,2030,wind_onshore,0.09311382059448543
7,12,2030,wind_onshore,0.1109241870543267
7,13,2030,wind_onshore,0.1252056067744956
7,14,2030,wind_onshore,0.141220217846
7,15,2030,wind_onshore,0.1597538589702548
7,16,2030,wind_onshore,0.188770150451213
7,17,2030,wind_onshore,0.2069735522426014
7,18,2030,wind_onshore,0.2125320270173942
7,19,2030,wind_onshore,0.2280320777159442
7,20,2030,wind_onshore,0.2298845175474324
7,21,2030,wind_onshore,0.2298856382949642
7,22,2030,wind_onshore,0.20474942797342
7,23,2030,wind_onshore,0.2079196799878869
7,24,2030,wind_onshore,0.2033889512912225
8,1,2030,demand,0.4815639291019733
8,2,2030,demand,0.48115107770025667
8,3,2030,demand,0.4700648292354164
8,4,2030,demand,0.4621794089810845
8,5,2030,demand,0.4631305707695732
8,6,2030,demand,0.4699282055506403
8,7,2030,demand,0.4843098986535437
8,8,2030,demand,0.5087213400528986
8,9,2030,demand,0.5343443284933427
8,10,2030,demand,0.5503768775355236
8,11,2030,demand,0.5568245828796027
8,12,2030,demand,0.5576220823555998
8,13,2030,demand,0.5529456579519159
8,14,2030,demand,0.542744205812223
8,15,2030,demand,0.5319605374855808
8,16,2030,demand,0.5265517317656904
8,17,2030,demand,0.5241296042465026
8,18,2030,demand,0.5249639799789635
8,19,2030,demand,0.5338237293622703
8,20,2030,demand,0.5494020049994329
8,21,2030,demand,0.5528814345388555
8,22,2030,demand,0.5309661904927198
8,23,2030,demand,0.5024983904643927
8,24,2030,demand,0.49839297891701495
8,1,2030,solar,0.0
8,2,2030,solar,0.0
8,3,2030,solar,0.0
8,4,2030,solar,0.0
8,5,2030,solar,0.0
8,6,2030,solar,0.0
8,7,2030,solar,0.0
8,8,2030,solar,0.06777470283123924
8,9,2030,solar,0.2376625237142061
8,10,2030,solar,0.4177113771697674
8,11,2030,solar,0.5461064785120314
8,12,2030,solar,0.625599493458989
8,13,2030,solar,0.6308368144545486
8,14,2030,solar,0.5892625231748669
8,15,2030,solar,0.509080927861501
8,16,2030,solar,0.3974189331364884
8,17,2030,solar,0.2521377579427995
8,18,2030,solar,0.08344448223845163
8,19,2030,solar,0.0
8,20,2030,solar,0.0
8,21,2030,solar,0.0
8,22,2030,solar,0.0
8,23,2030,solar,0.0
8,24,2030,solar,0.0
8,1,2030,wind_offshore,0.8325426721382341
8,2,2030,wind_offshore,0.8963910885760803
8,3,2030,wind_offshore,0.9134444203249033
8,4,2030,wind_offshore,0.9267475298793716
8,5,2030,wind_offshore,0.9308273207871184
8,6,2030,wind_offshore,0.9400556254865796
8,7,2030,wind_offshore,0.9454028105512872
8,8,2030,wind_offshore,0.947582149207052
8,9,2030,wind_offshore,0.9491388596784124
8,10,2030,wind_offshore,0.9493381606016692
8,11,2030,wind_offshore,0.9498081099493332
8,12,2030,wind_offshore,0.9495153803423768
8,13,2030,wind_offshore,0.9490293322330912
8,14,2030,wind_offshore,0.948777812080808
8,15,2030,wind_offshore,0.9478882107528872
8,16,2030,wind_offshore,0.946902920117308
8,17,2030,wind_offshore,0.9436637774081276
8,18,2030,wind_offshore,0.9364119086953429
8,19,2030,wind_offshore,0.9229459858580088
8,20,2030,wind_offshore,0.9062851354306144
8,21,2030,wind_offshore,0.8993761691939972
8,22,2030,wind_offshore,0.8988809773423323
8,23,2030,wind_offshore,0.9308354263044998
8,24,2030,wind_offshore,0.9222687652053008
8,1,2030,wind_onshore,0.07266463208178048
8,2,2030,wind_onshore,0.0732926306966556
8,3,2030,wind_onshore,0.07569967214181497
8,4,2030,wind_onshore,0.07248550078996317
8,5,2030,wind_onshore,0.06774512002361771
8,6,2030,wind_onshore,0.06948024221736569
8,7,2030,wind_onshore,0.07195997644431877
8,8,2030,wind_onshore,0.07774914954256222
8,9,2030,wind_onshore,0.06817602659396305
8,10,2030,wind_onshore,0.07016421761717304
8,11,2030,wind_onshore,0.06991117192480199
8,12,2030,wind_onshore,0.0954218890497481
8,13,2030,wind_onshore,0.1146237854925205
8,14,2030,wind_onshore,0.1215513585614022
8,15,2030,wind_onshore,0.120346518524217
8,16,2030,wind_onshore,0.117761582614469
8,17,2030,wind_onshore,0.1177743704015618
8,18,2030,wind_onshore,0.1242267859817387
8,19,2030,wind_onshore,0.1346057286502314
8,20,2030,wind_onshore,0.1317091749631886
8,21,2030,wind_onshore,0.1207260021098755
8,22,2030,wind_onshore,0.1143762257313983
8,23,2030,wind_onshore,0.09332655303205617
8,24,2030,wind_onshore,0.09951662915188111
9,1,2030,demand,0.4987776356492586
9,2,2030,demand,0.4860547907533244
9,3,2030,demand,0.47646598476360413
9,4,2030,demand,0.46733062204743425
9,5,2030,demand,0.47473822256435216
9,6,2030,demand,0.5006810313624563
9,7,2030,demand,0.543620292862754
9,8,2030,demand,0.5896411283074925
9,9,2030,demand,0.6234914637269934
9,10,2030,demand,0.6440205821806166
9,11,2030,demand,0.6521862140666214
9,12,2030,demand,0.6518538962591609
9,13,2030,demand,0.6448028802560989
9,14,2030,demand,0.6314084216379393
9,15,2030,demand,0.6172981730742071
9,16,2030,demand,0.6116079235711027
9,17,2030,demand,0.6124168173890765
9,18,2030,demand,0.6269680629214633
9,19,2030,demand,0.6530920279225289
9,20,2030,demand,0.6726598670616131
9,21,2030,demand,0.6661119043880346
9,22,2030,demand,0.6241723266703175
9,23,2030,demand,0.5713603985805581
9,24,2030,demand,0.5505745226728103
9,1,2030,solar,0.0
9,2,2030,solar,0.0
9,3,2030,solar,0.0
9,4,2030,solar,0.0
9,5,2030,solar,0.0
9,6,2030,solar,0.0
9,7,2030,solar,0.0
9,8,2030,solar,0.0
9,9,2030,solar,0.02152941617204856
9,10,2030,solar,0.08202348869384997
9,11,2030,solar,0.1675900923925296
9,12,2030,solar,0.2330899548720917
9,13,2030,solar,0.2484414478411272
9,14,2030,solar,0.2320460292205763
9,15,2030,solar,0.2062954153720714
9,16,2030,solar,0.1686900564600613
9,17,2030,solar,0.09896455867469914
9,18,2030,solar,0.02195269975537559
9,19,2030,solar,0.0
9,20,2030,solar,0.0
9,21,2030,solar,0.0
9,22,2030,solar,0.0
9,23,2030,solar,0.0
9,24,2030,solar,0.0
9,1,2030,wind_offshore,0.947816597600365
9,2,2030,wind_offshore,0.9496238503369124
9,3,2030,wind_offshore,0.9499896138829385
9,4,2030,wind_offshore,0.9499974534206967
9,5,2030,wind_offshore,0.9499979324843872
9,6,2030,wind_offshore,0.9445875046478908
9,7,2030,wind_offshore,0.941791059229328
9,8,2030,wind_offshore,0.9356248528607204
9,9,2030,wind_offshore,0.932451627253112
9,10,2030,wind_offshore,0.9305591336687667
9,11,2030,wind_offshore,0.8241616106377826
9,12,2030,wind_offshore,0.6211867093913529
9,13,2030,wind_offshore,0.3602509522880087
9,14,2030,wind_offshore,0.3330184186614217
9,15,2030,wind_offshore,0.2145636495744677
9,16,2030,wind_offshore,0.05938970726029384
9,17,2030,wind_offshore,0.03992020938614727
9,18,2030,wind_offshore,0.04367229832698987
9,19,2030,wind_offshore,0.01305826190995867
9,20,2030,wind_offshore,0.009414377526035852
9,21,2030,wind_offshore,0.0001910977432994704
9,22,2030,wind_offshore,0.001153565060367627
9,23,2030,wind_offshore,0.07103310908242239
9,24,2030,wind_offshore,0.09183236193181724
9,1,2030,wind_onshore,0.5601217089576966
9,2,2030,wind_onshore,0.5866278477129188
9,3,2030,wind_onshore,0.6113331575435494
9,4,2030,wind_onshore,0.6346178228006281
9,5,2030,wind_onshore,0.6585360187620565
9,6,2030,wind_onshore,0.6762488720295725
9,7,2030,wind_onshore,0.6796990636597726
9,8,2030,wind_onshore,0.676286566409074
9,9,2030,wind_onshore,0.6625282854363617
9,10,2030,wind_onshore,0.6401665631408724
9,11,2030,wind_onshore,0.6472289118961692
9,12,2030,wind_onshore,0.6700480302644077
9,13,2030,wind_onshore,0.699399030549512
9,14,2030,wind_onshore,0.6960783831302713
9,15,2030,wind_onshore,0.6754320058609721
9,16,2030,wind_onshore,0.6379536354460348
9,17,2030,wind_onshore,0.5659476674286004
9,18,2030,wind_onshore,0.4991560414786902
9,19,2030,wind_onshore,0.457554732658207
9,20,2030,wind_onshore,0.4205196203834036
9,21,2030,wind_onshore,0.3826340587480783
9,22,2030,wind_onshore,0.3449948915254775
9,23,2030,wind_onshore,0.3225253785275273
9,24,2030,wind_onshore,0.3244085238681031
10,1,2030,demand,0.5107737730199168
10,2,2030,demand,0.49669720487427194
10,3,2030,demand,0.48630985558342915
10,4,2030,demand,0.47667653491666845
10,5,2030,demand,0.48318355088674864
10,6,2030,demand,0.5085635920823073
10,7,2030,demand,0.5526226415264008
10,8,2030,demand,0.6004408301733636
10,9,2030,demand,0.6354983974994957
10,10,2030,demand,0.6561641290677375
10,11,2030,demand,0.6630673570271656
10,12,2030,demand,0.6608037847088846
10,13,2030,demand,0.6525409259649977
10,14,2030,demand,0.6379164538937879
10,15,2030,demand,0.6220194855048433
10,16,2030,demand,0.6150162358664911
10,17,2030,demand,0.6155277330606761
10,18,2030,demand,0.6308465005705435
10,19,2030,demand,0.6598384333099361
10,20,2030,demand,0.6835897077827155
10,21,2030,demand,0.6792142043608428
10,22,2030,demand,0.6372734732756759
10,23,2030,demand,0.583135712640266
10,24,2030,demand,0.5607027917379661
10,1,2030,solar,0.0
10,2,2030,solar,0.0
10,3,2030,solar,0.0
10,4,2030,solar,0.0
10,5,2030,solar,0.0
10,6,2030,solar,0.0
10,7,2030,solar,0.0
10,8,2030,solar,0.0
10,9,2030,solar,0.02926066890146728
10,10,2030,solar,0.09610290179596259
10,11,2030,solar,0.1560137284954657
10,12,2030,solar,0.2090513343296388
10,13,2030,solar,0.2310678689970706
10,14,2030,solar,0.2185407371987874
10,15,2030,solar,0.2021206161297092
10,16,2030,solar,0.1716681244563468
10,17,2030,solar,0.1110904283258422
10,18,2030,solar,0.03210344325454891
10,19,2030,solar,0.0
10,20,2030,solar,0.0
10,21,2030,solar,0.0
10,22,2030,solar,0.0
10,23,2030,solar,0.0
10,24,2030,solar,0.0
10,1,2030,wind_offshore,0.8879041952390927
10,2,2030,wind_offshore,0.7564490252374703
10,3,2030,wind_offshore,0.4654489115846238
10,4,2030,wind_offshore,0.2079124223485497
10,5,2030,wind_offshore,0.09532469100323933
10,6,2030,wind_offshore,0.05670359349458393
10,7,2030,wind_offshore,0.0990693041639571
10,8,2030,wind_offshore,0.1246715698058614
10,9,2030,wind_offshore,0.06303939809634272
10,10,2030,wind_offshore,0.01154822079975718
10,11,2030,wind_offshore,0.005281527452806841
10,12,2030,wind_offshore,0.0001209083514004352
10,13,2030,wind_offshore,0.0
10,14,2030,wind_offshore,0.0
10,15,2030,wind_offshore,0.0
10,16,2030,wind_offshore,0.0008797098278129062
10,17,2030,wind_offshore,0.0002638863469292401
10,18,2030,wind_offshore,0.004201889699715767
10,19,2030,wind_offshore,0.01248974943097523
10,20,2030,wind_offshore,0.02867620582191715
10,21,2030,wind_offshore,0.03312631087741238
10,22,2030,wind_offshore,0.07574574045502201
10,23,2030,wind_offshore,0.1803714053493537
10,24,2030,wind_offshore,0.2463883252771261
10,1,2030,wind_onshore,0.6244831335075436
10,2,2030,wind_onshore,0.6100314203896948
10,3,2030,wind_onshore,0.583668433286036
10,4,2030,wind_onshore,0.5571183096829759
10,5,2030,wind_onshore,0.5331601823826828
10,6,2030,wind_onshore,0.4961840556125073
10,7,2030,wind_onshore,0.4481816223725623
10,8,2030,wind_onshore,0.4099609248540671
10,9,2030,wind_onshore,0.3824077197653348
10,10,2030,wind_onshore,0.3847155469737943
10,11,2030,wind_onshore,0.3697202922874628
10,12,2030,wind_onshore,0.3965191846468166
10,13,2030,wind_onshore,0.4160063604656726
10,14,2030,wind_onshore,0.3930336762754189
10,15,2030,wind_onshore,0.3690059452521459
10,16,2030,wind_onshore,0.3432546742867741
10,17,2030,wind_onshore,0.3222977646288386
10,18,2030,wind_onshore,0.2883075518275412
10,19,2030,wind_onshore,0.2739019490339678
10,20,2030,wind_onshore,0.2684042407897286
10,21,2030,wind_onshore,0.2498087442148759
10,22,2030,wind_onshore,0.2192331393498612
10,23,2030,wind_onshore,0.2063867161549965
10,24,2030,wind_onshore,0.200862481512794
11,1,2030,demand,0.4506588921106346
11,2,2030,demand,0.43945742201619137
11,3,2030,demand,0.429718775544075
11,4,2030,demand,0.41865242715690315
11,5,2030,demand,0.4135354226565387
11,6,2030,demand,0.41273862226815666
11,7,2030,demand,0.4251228666451208
11,8,2030,demand,0.4518163235497373
11,9,2030,demand,0.4808267115505602
11,10,2030,demand,0.5015110185006781
11,11,2030,demand,0.5103988966195184
11,12,2030,demand,0.5053002795277194
11,13,2030,demand,0.4989861089283869
11,14,2030,demand,0.48836397164849626
11,15,2030,demand,0.472633688054588
11,16,2030,demand,0.4627886235830634
11,17,2030,demand,0.4614434164193004
11,18,2030,demand,0.47183499814921803
11,19,2030,demand,0.495371696667183
11,20,2030,demand,0.5231639643495486
11,21,2030,demand,0.5299255114148032
11,22,2030,demand,0.5111374709296134
11,23,2030,demand,0.47824650622306375
11,24,2030,demand,0.46649451829170335
11,1,2030,solar,0.0
11,2,2030,solar,0.0
11,3,2030,solar,0.0
11,4,2030,solar,0.0
11,5,2030,solar,0.0
11,6,2030,solar,0.0001869479950010249
11,7,2030,solar,0.03021213991174399
11,8,2030,solar,0.2167102928690575
11,9,2030,solar,0.4362976295876851
11,10,2030,solar,0.6131805328845176
11,11,2030,solar,0.7244259836923262
11,12,2030,solar,0.7935438353296723
11,13,2030,solar,0.8151426308716494
11,14,2030,solar,0.8035795564775163
11,15,2030,solar,0.7442878833714736
11,16,2030,solar,0.6383511866336963
11,17,2030,solar,0.477467309318924
11,18,2030,solar,0.2734588235315265
11,19,2030,solar,0.0759751258053879
11,20,2030,solar,0.00228480370081931
11,21,2030,solar,0.0
11,22,2030,solar,0.0
11,23,2030,solar,0.0
11,24,2030,solar,0.0
11,1,2030,wind_offshore,0.06879098545521084
11,2,2030,wind_offshore,0.06680673309685567
11,3,2030,wind_offshore,0.05873703985575756
11,4,2030,wind_offshore,0.04232669140620593
11,5,2030,wind_offshore,0.02553278287480045
11,6,2030,wind_offshore,0.01324475381065463
11,7,2030,wind_offshore,0.01482849300867078
11,8,2030,wind_offshore,0.01840243073208347
11,9,2030,wind_offshore,0.02688709996361563
11,10,2030,wind_offshore,0.03353083179988461
11,11,2030,wind_offshore,0.04241476397908627
11,12,2030,wind_offshore,0.07583801260222567
11,13,2030,wind_offshore,0.09684083001619467
11,14,2030,wind_offshore,0.111632762658222
11,15,2030,wind_offshore,0.1114148425477689
11,16,2030,wind_offshore,0.09829584251382682
11,17,2030,wind_offshore,0.1532561466315782
11,18,2030,wind_offshore,0.2351645669535041
11,19,2030,wind_offshore,0.3320244705570719
11,20,2030,wind_offshore,0.4198265065577604
11,21,2030,wind_offshore,0.462816275805373
11,22,2030,wind_offshore,0.608229586840576
11,23,2030,wind_offshore,0.603708565956792
11,24,2030,wind_offshore,0.4887707121915549
11,1,2030,wind_onshore,0.4802388543554876
11,2,2030,wind_onshore,0.4549911454119752
11,3,2030,wind_onshore,0.432953237029428
11,4,2030,wind_onshore,0.412113712907677
11,5,2030,wind_onshore,0.3968587703055238
11,6,2030,wind_onshore,0.3771639870304724
11,7,2030,wind_onshore,0.3484985805305583
11,8,2030,wind_onshore,0.3537495687252713
11,9,2030,wind_onshore,0.3510336501078121
11,10,2030,wind_onshore,0.3506397181798078
11,11,2030,wind_onshore,0.3290340903231258
11,12,2030,wind_onshore,0.3201694538494391
11,13,2030,wind_onshore,0.3155040700799626
11,14,2030,wind_onshore,0.3087125178533439
11,15,2030,wind_onshore,0.3079832735488388
11,16,2030,wind_onshore,0.3065555383327251
11,17,2030,wind_onshore,0.306872393384767
11,18,2030,wind_onshore,0.3110495080513391
11,19,2030,wind_onshore,0.3133406620318002
11,20,2030,wind_onshore,0.3034819304939467
11,21,2030,wind_onshore,0.2955756869380214
11,22,2030,wind_onshore,0.276884349684317
11,23,2030,wind_onshore,0.2088712010803716
11,24,2030,wind_onshore,0.194009357107012
12,1,2030,demand,0.4960332326956785
12,2,2030,demand,0.48086581552945384
12,3,2030,demand,0.46827958206409825
12,4,2030,demand,0.45564420672103406
12,5,2030,demand,0.4511879951491279
12,6,2030,demand,0.4498093351635993
12,7,2030,demand,0.4591823126882849
12,8,2030,demand,0.4878283847056175
12,9,2030,demand,0.5260958313196042
12,10,2030,demand,0.5580292281711952
12,11,2030,demand,0.5754815407579092
12,12,2030,demand,0.5801136386628343
12,13,2030,demand,0.5794359879970437
12,14,2030,demand,0.5712719618032334
12,15,2030,demand,0.5565530583248361
12,16,2030,demand,0.546595933963194
12,17,2030,demand,0.5439514698124875
12,18,2030,demand,0.5517036538997626
12,19,2030,demand,0.5679355875286827
12,20,2030,demand,0.5855400870818561
12,21,2030,demand,0.5937434862462893
12,22,2030,demand,0.5730383519897019
12,23,2030,demand,0.5359672314319642
12,24,2030,demand,0.5192081040953183
12,1,2030,solar,0.0
12,2,2030,solar,0.0
12,3,2030,solar,0.0
12,4,2030,solar,0.0
12,5,2030,solar,0.0
12,6,2030,solar,0.0
12,7,2030,solar,0.0
12,8,2030,solar,0.0
12,9,2030,solar,0.04706637256769799
12,10,2030,solar,0.1187421110659938
12,11,2030,solar,0.1937957461250742
12,12,2030,solar,0.2633721889719135
12,13,2030,solar,0.2925699871981666
12,14,2030,solar,0.2657028673241281
12,15,2030,solar,0.1982245578279762
12,16,2030,solar,0.1212517105916932
12,17,2030,solar,0.04675419689492603
12,18,2030,solar,0.0
12,19,2030,solar,0.0
12,20,2030,solar,0.0
12,21,2030,solar,0.0
12,22,2030,solar,0.0
12,23,2030,solar,0.0
12,24,2030,solar,0.0
12,1,2030,wind_offshore,0.722770638812958
12,2,2030,wind_offshore,0.7264895414950601
12,3,2030,wind_offshore,0.6861006375821987
12,4,2030,wind_offshore,0.6099720016144888
12,5,2030,wind_offshore,0.4799506666208352
12,6,2030,wind_offshore,0.3781788801399905
12,7,2030,wind_offshore,0.2881955720686294
12,8,2030,wind_offshore,0.2317711561695452
12,9,2030,wind_offshore,0.1617082312267623
12,10,2030,wind_offshore,0.07997313220288164
12,11,2030,wind_offshore,0.03529981277252678
12,12,2030,wind_offshore,0.003796960646168777
12,13,2030,wind_offshore,1.862469767848843e-5
12,14,2030,wind_offshore,0.0
12,15,2030,wind_offshore,0.0002621991927656711
12,16,2030,wind_offshore,0.008937544861621809
12,17,2030,wind_offshore,0.03514947479040714
12,18,2030,wind_offshore,0.08282216267069499
12,19,2030,wind_offshore,0.2038955271211891
12,20,2030,wind_offshore,0.4153003960845194
12,21,2030,wind_offshore,0.6953250708005226
12,22,2030,wind_offshore,0.9133200432617878
12,23,2030,wind_offshore,0.9469441144273884
12,24,2030,wind_offshore,0.949856390789912
12,1,2030,wind_onshore,0.3823892392917593
12,2,2030,wind_onshore,0.3923372171325292
12,3,2030,wind_onshore,0.3911922448804058
12,4,2030,wind_onshore,0.3868067576476879
12,5,2030,wind_onshore,0.3824391970276094
12,6,2030,wind_onshore,0.379047262867298
12,7,2030,wind_onshore,0.3722612200134814
12,8,2030,wind_onshore,0.369930211500191
12,9,2030,wind_onshore,0.3595853297719265
12,10,2030,wind_onshore,0.3512225992491127
12,11,2030,wind_onshore,0.3443742652955849
12,12,2030,wind_onshore,0.3959259773469446
12,13,2030,wind_onshore,0.4384127238988056
12,14,2030,wind_onshore,0.457141578896822
12,15,2030,wind_onshore,0.4486356917543627
12,16,2030,wind_onshore,0.4147106603116228
12,17,2030,wind_onshore,0.3452775573589295
12,18,2030,wind_onshore,0.3000326358536852
12,19,2030,wind_onshore,0.2750502966633421
12,20,2030,wind_onshore,0.2709141894033181
12,21,2030,wind_onshore,0.2587494310744867
12,22,2030,wind_onshore,0.2579264177608336
12,23,2030,wind_onshore,0.2641044653015335
12,24,2030,wind_onshore,0.2977593374001189
13,1,2030,demand,0.4901307826479037
13,2,2030,demand,0.48908720595375316
13,3,2030,demand,0.4878218018287847
13,4,2030,demand,0.48418653024498715
13,5,2030,demand,0.4974266835524876
13,6,2030,demand,0.5302216058548138
13,7,2030,demand,0.5740317536470423
13,8,2030,demand,0.6126122375506966
13,9,2030,demand,0.632457786989743
13,10,2030,demand,0.6356934218265995
13,11,2030,demand,0.6309836478061118
13,12,2030,demand,0.6239185407268186
13,13,2030,demand,0.6099507600034059
13,14,2030,demand,0.5917831792370821
13,15,2030,demand,0.592682005220021
13,16,2030,demand,0.5906035272644632
13,17,2030,demand,0.5908208590054447
13,18,2030,demand,0.5841888851844619
13,19,2030,demand,0.6018487568627052
13,20,2030,demand,0.6207976034385555
13,21,2030,demand,0.6106296145123975
13,22,2030,demand,0.5681014580458941
13,23,2030,demand,0.5267286627000626
13,24,2030,demand,0.5219082856251173
13,1,2030,solar,0.0
13,2,2030,solar,0.0
13,3,2030,solar,0.0
13,4,2030,solar,0.0
13,5,2030,solar,0.0
13,6,2030,solar,0.0
13,7,2030,solar,0.01396071353578488
13,8,2030,solar,0.1778453579892663
13,9,2030,solar,0.4109345325926793
13,10,2030,solar,0.6016410690553258
13,11,2030,solar,0.7238835631208178
13,12,2030,solar,0.791711166417913
13,13,2030,solar,0.7941207998843441
13,14,2030,solar,0.771862330662085
13,15,2030,solar,0.7019487756251247
13,16,2030,solar,0.5653457449581939
13,17,2030,solar,0.4069188986697428
13,18,2030,solar,0.2303476558518509
13,19,2030,solar,0.0579105286737261
13,20,2030,solar,1.768873244155164e-6
13,21,2030,solar,0.0
13,22,2030,solar,0.0
13,23,2030,solar,0.0
13,24,2030,solar,0.0
13,1,2030,wind_offshore,0.00998847819321992
13,2,2030,wind_offshore,0.01128746410353553
13,3,2030,wind_offshore,0.01636738000645021
13,4,2030,wind_offshore,0.01502567479492378
13,5,2030,wind_offshore,0.008949723512622446
13,6,2030,wind_offshore,0.006307795907372776
13,7,2030,wind_offshore,0.003374162132686281
13,8,2030,wind_offshore,0.001815599278189746
13,9,2030,wind_offshore,0.001122597570340485
13,10,2030,wind_offshore,0.000660230374616149
13,11,2030,wind_offshore,0.000539335060799449
13,12,2030,wind_offshore,0.0003801428175767732
13,13,2030,wind_offshore,0.0005483003430625593
13,14,2030,wind_offshore,0.0006279952241606487
13,15,2030,wind_offshore,0.001568729250730582
13,16,2030,wind_offshore,0.003478493176324067
13,17,2030,wind_offshore,0.005008931802522893
13,18,2030,wind_offshore,0.006292040606901921
13,19,2030,wind_offshore,0.005750192990119339
13,20,2030,wind_offshore,0.002966757273621208
13,21,2030,wind_offshore,0.0002901537450633636
13,22,2030,wind_offshore,0.0
13,23,2030,wind_offshore,0.0
13,24,2030,wind_offshore,0.0
13,1,2030,wind_onshore,0.4061918116956081
13,2,2030,wind_onshore,0.3949109932492613
13,3,2030,wind_onshore,0.3852186123635146
13,4,2030,wind_onshore,0.3774513500604363
13,5,2030,wind_onshore,0.3725658488011627
13,6,2030,wind_onshore,0.3652584630761606
13,7,2030,wind_onshore,0.3595331889011201
13,8,2030,wind_onshore,0.3295620442489685
13,9,2030,wind_onshore,0.3515725217466076
13,10,2030,wind_onshore,0.3876821919902975
13,11,2030,wind_onshore,0.4082422988171828
13,12,2030,wind_onshore,0.4416197690803999
13,13,2030,wind_onshore,0.4594696378289728
13,14,2030,wind_onshore,0.4726396722889202
13,15,2030,wind_onshore,0.4909506614932961
13,16,2030,wind_onshore,0.5061752368134743
13,17,2030,wind_onshore,0.5056168464458053
13,18,2030,wind_onshore,0.4984453461132541
13,19,2030,wind_onshore,0.4591900326148514
13,20,2030,wind_onshore,0.405244248427596
13,21,2030,wind_onshore,0.3624631534807157
13,22,2030,wind_onshore,0.3201385471540945
13,23,2030,wind_onshore,0.3193435612131141
13,24,2030,wind_onshore,0.3070719663653317
14,1,2030,demand,0.47446925917743277
14,2,2030,demand,0.4609909312742693
14,3,2030,demand,0.44839172871201577
14,4,2030,demand,0.43452181402246504
14,5,2030,demand,0.4240975824454467
14,6,2030,demand,0.41282591107917554
14,7,2030,demand,0.41379278292297744
14,8,2030,demand,0.43347894743709225
14,9,2030,demand,0.46347290102596195
14,10,2030,demand,0.4935805846615959
14,11,2030,demand,0.5109340109457319
14,12,2030,demand,0.5163423996113072
14,13,2030,demand,0.520618374226336
14,14,2030,demand,0.5231507638040589
14,15,2030,demand,0.5121302098409846
14,16,2030,demand,0.5031410814105478
14,17,2030,demand,0.5046468401813985
14,18,2030,demand,0.5218344199927979
14,19,2030,demand,0.5441785718368841
14,20,2030,demand,0.5574258712396857
14,21,2030,demand,0.5655432992168821
14,22,2030,demand,0.5539449226043162
14,23,2030,demand,0.5227078391562507
14,24,2030,demand,0.5086305436369056
14,1,2030,solar,0.0
14,2,2030,solar,0.0
14,3,2030,solar,0.0
14,4,2030,solar,0.0
14,5,2030,solar,0.0
14,6,2030,solar,0.0
14,7,2030,solar,0.0
14,8,2030,solar,2.286770926926005e-5
14,9,2030,solar,0.03863029204886438
14,10,2030,solar,0.1033314593496874
14,11,2030,solar,0.1737751883147569
14,12,2030,solar,0.2345959358901136
14,13,2030,solar,0.2536056738272937
14,14,2030,solar,0.2359795556346254
14,15,2030,solar,0.189537499282736
14,16,2030,solar,0.1206009613318916
14,17,2030,solar,0.05162695630777089
14,18,2030,solar,0.0
14,19,2030,solar,0.0
14,20,2030,solar,0.0
14,21,2030,solar,0.0
14,22,2030,solar,0.0
14,23,2030,solar,0.0
14,24,2030,solar,0.0
14,1,2030,wind_offshore,0.03563808812586922
14,2,2030,wind_offshore,0.08510924084351551
14,3,2030,wind_offshore,0.132074541486102
14,4,2030,wind_offshore,0.1160385536922565
14,5,2030,wind_offshore,0.1126640403442159
14,6,2030,wind_offshore,0.1340739521242685
14,7,2030,wind_offshore,0.1612388670715554
14,8,2030,wind_offshore,0.1976042583665612
14,9,2030,wind_offshore,0.2236589182822936
14,10,2030,wind_offshore,0.2542397519348497
14,11,2030,wind_offshore,0.1969873166675673
14,12,2030,wind_offshore,0.19095515940358
14,13,2030,wind_offshore,0.2378182812418656
14,14,2030,wind_offshore,0.2865947554680963
14,15,2030,wind_offshore,0.3864243044979303
14,16,2030,wind_offshore,0.5341554036738091
14,17,2030,wind_offshore,0.6027074238538509
14,18,2030,wind_offshore,0.5892533992363755
14,19,2030,wind_offshore,0.6214111322728046
14,20,2030,wind_offshore,0.7162603893422655
14,21,2030,wind_offshore,0.8439019304180151
14,22,2030,wind_offshore,0.8648223891392475
14,23,2030,wind_offshore,0.9332363782300018
14,24,2030,wind_offshore,0.9436036010176974
14,1,2030,wind_onshore,0.5784749361975222
14,2,2030,wind_onshore,0.5913988569029952
14,3,2030,wind_onshore,0.5731945559916648
14,4,2030,wind_onshore,0.5509135164909075
14,5,2030,wind_onshore,0.5260441374987678
14,6,2030,wind_onshore,0.496655229619261
14,7,2030,wind_onshore,0.4703841156417768
14,8,2030,wind_onshore,0.4673937056522763
14,9,2030,wind_onshore,0.4784126971373147
14,10,2030,wind_onshore,0.4899481547769796
14,11,2030,wind_onshore,0.5023587303799983
14,12,2030,wind_onshore,0.5279149474055292
14,13,2030,wind_onshore,0.5809083688203006
14,14,2030,wind_onshore,0.6190011442204519
14,15,2030,wind_onshore,0.6305831605475414
14,16,2030,wind_onshore,0.6120712580708874
14,17,2030,wind_onshore,0.6028472494406537
14,18,2030,wind_onshore,0.5913747828168746
14,19,2030,wind_onshore,0.558253651633301
14,20,2030,wind_onshore,0.538005835637204
14,21,2030,wind_onshore,0.5146993686887409
14,22,2030,wind_onshore,0.4953702117559211
14,23,2030,wind_onshore,0.4284940899809905
14,24,2030,wind_onshore,0.4116026841956212
15,1,2030,demand,0.5005199316452958
15,2,2030,demand,0.4888932475495732
15,3,2030,demand,0.4797319666338532
15,4,2030,demand,0.47074925365490544
15,5,2030,demand,0.4778186450881977
15,6,2030,demand,0.5022415874784923
15,7,2030,demand,0.5423671696104603
15,8,2030,demand,0.585476669196641
15,9,2030,demand,0.6176058675570499
15,10,2030,demand,0.6383494593736134
15,11,2030,demand,0.6481644553730551
15,12,2030,demand,0.6496994239860633
15,13,2030,demand,0.6445136663819128
15,14,2030,demand,0.6333141269888212
15,15,2030,demand,0.6211819032150157
15,16,2030,demand,0.6165883058135747
15,17,2030,demand,0.6181021128165909
15,18,2030,demand,0.6332183490012736
15,19,2030,demand,0.6576156193904225
15,20,2030,demand,0.6731134961401058
15,21,2030,demand,0.6650884303347674
15,22,2030,demand,0.624638951396099
15,23,2030,demand,0.5737600201029497
15,24,2030,demand,0.554656636630422
15,1,2030,solar,0.0
15,2,2030,solar,0.0
15,3,2030,solar,0.0
15,4,2030,solar,0.0
15,5,2030,solar,0.0
15,6,2030,solar,0.0
15,7,2030,solar,0.0
15,8,2030,solar,0.0
15,9,2030,solar,0.04417265421628328
15,10,2030,solar,0.1040719442847955
15,11,2030,solar,0.1465955971131349
15,12,2030,solar,0.1824489636677025
15,13,2030,solar,0.1949779958093117
15,14,2030,solar,0.1871363200391883
15,15,2030,solar,0.1556921741046313
15,16,2030,solar,0.09321712826842436
15,17,2030,solar,0.0334374696543508
15,18,2030,solar,0.0
15,19,2030,solar,0.0
15,20,2030,solar,0.0
15,21,2030,solar,0.0
15,22,2030,solar,0.0
15,23,2030,solar,0.0
15,24,2030,solar,0.0
15,1,2030,wind_offshore,0.5747309331991881
15,2,2030,wind_offshore,0.7212094952504283
15,3,2030,wind_offshore,0.8801851378557074
15,4,2030,wind_offshore,0.9404848978417014
15,5,2030,wind_offshore,0.9014994531030248
15,6,2030,wind_offshore,0.6929003869698203
15,7,2030,wind_offshore,0.3667670233513088
15,8,2030,wind_offshore,0.2067203909225228
15,9,2030,wind_offshore,0.149480652549919
15,10,2030,wind_offshore,0.1212424595528778
15,11,2030,wind_offshore,0.1581745200672539
15,12,2030,wind_offshore,0.1528169967459961
15,13,2030,wind_offshore,0.1840273687670284
15,14,2030,wind_offshore,0.2503022263518585
15,15,2030,wind_offshore,0.2894724492633915
15,16,2030,wind_offshore,0.2525443177863573
15,17,2030,wind_offshore,0.202731223195884
15,18,2030,wind_offshore,0.1821194838517599
15,19,2030,wind_offshore,0.1691721737720129
15,20,2030,wind_offshore,0.1689573441949404
15,21,2030,wind_offshore,0.1660224447978569
15,22,2030,wind_offshore,0.1078715155902917
15,23,2030,wind_offshore,0.06559742637701771
15,24,2030,wind_offshore,0.009447815186746216
15,1,2030,wind_onshore,0.4150773951272379
15,2,2030,wind_onshore,0.461889233258322
15,3,2030,wind_onshore,0.4778500332960083
15,4,2030,wind_onshore,0.4642065140903361
15,5,2030,wind_onshore,0.4711623952689162
15,6,2030,wind_onshore,0.4613304088128075
15,7,2030,wind_onshore,0.4331777753163709
15,8,2030,wind_onshore,0.4121778108982511
15,9,2030,wind_onshore,0.3963390332897081
15,10,2030,wind_onshore,0.4072694722223392
15,11,2030,wind_onshore,0.4028652796197553
15,12,2030,wind_onshore,0.4483938949747326
15,13,2030,wind_onshore,0.4882428011909981
15,14,2030,wind_onshore,0.5028723578383668
15,15,2030,wind_onshore,0.493343670281716
15,16,2030,wind_onshore,0.4737757034832872
15,17,2030,wind_onshore,0.4521997055789984
15,18,2030,wind_onshore,0.4545160202977025
15,19,2030,wind_onshore,0.4734623157619302
15,20,2030,wind_onshore,0.5043886140509837
15,21,2030,wind_onshore,0.5131326088595587
15,22,2030,wind_onshore,0.503339373659277
15,23,2030,wind_onshore,0.5097512692690858
15,24,2030,wind_onshore,0.5028366826956073
16,1,2030,demand,0.4590284810286771
16,2,2030,demand,0.45018637102733894
16,3,2030,demand,0.44138968297138464
16,4,2030,demand,0.4298578299948168
16,5,2030,demand,0.4252083665645237
16,6,2030,demand,0.4262293886807921
16,7,2030,demand,0.4415186701376366
16,8,2030,demand,0.4691300889011821
16,9,2030,demand,0.4962558534685992
16,10,2030,demand,0.5150217996379445
16,11,2030,demand,0.5232070473071098
16,12,2030,demand,0.516836506739781
16,13,2030,demand,0.5098652342669397
16,14,2030,demand,0.4996355144986851
16,15,2030,demand,0.484764908183431
16,16,2030,demand,0.4762077077313974
16,17,2030,demand,0.47665881039435776
16,18,2030,demand,0.49087167836676143
16,19,2030,demand,0.5181915199064673
16,20,2030,demand,0.5458038872995554
16,21,2030,demand,0.5492774749534922
16,22,2030,demand,0.5273175340039374
16,23,2030,demand,0.4917988254202225
16,24,2030,demand,0.4830090030250741
16,1,2030,solar,0.0
16,2,2030,solar,0.0
16,3,2030,solar,0.0
16,4,2030,solar,0.0
16,5,2030,solar,0.0
16,6,2030,solar,0.0
16,7,2030,solar,0.0005505213863500094
16,8,2030,solar,0.1042533166178905
16,9,2030,solar,0.3376370066891541
16,10,2030,solar,0.5528208093796058
16,11,2030,solar,0.6883432237555337
16,12,2030,solar,0.7831397260188968
16,13,2030,solar,0.8204717758826154
16,14,2030,solar,0.8102763680142833
16,15,2030,solar,0.7431948247907402
16,16,2030,solar,0.6261193659543407
16,17,2030,solar,0.4533982575820998
16,18,2030,solar,0.2305632258185038
16,19,2030,solar,0.03511888157868606
16,20,2030,solar,0.0
16,21,2030,solar,0.0
16,22,2030,solar,0.0
16,23,2030,solar,0.0
16,24,2030,solar,0.0
16,1,2030,wind_offshore,0.9499999999999996
16,2,2030,wind_offshore,0.9499999999999996
16,3,2030,wind_offshore,0.9499912288882026
16,4,2030,wind_offshore,0.9488695157461832
16,5,2030,wind_offshore,0.9397839593141916
16,6,2030,wind_offshore,0.9135201183251519
16,7,2030,wind_offshore,0.8687013354361677
16,8,2030,wind_offshore,0.8026127915012949
16,9,2030,wind_offshore,0.7220786245486713
16,10,2030,wind_offshore,0.5995913005999741
16,11,2030,wind_offshore,0.4330487717945388
16,12,2030,wind_offshore,0.2429157722737221
16,13,2030,wind_offshore,0.1204081681039861
16,14,2030,wind_offshore,0.06616283292204649
16,15,2030,wind_offshore,0.04949382903709051
16,16,2030,wind_offshore,0.04409454783158746
16,17,2030,wind_offshore,0.03083854015852161
16,18,2030,wind_offshore,0.01264888846140534
16,19,2030,wind_offshore,0.003626671118926353
16,20,2030,wind_offshore,0.001527349040306204
16,21,2030,wind_offshore,0.002394914343979231
16,22,2030,wind_offshore,0.002408506501691025
16,23,2030,wind_offshore,0.001647907204299354
16,24,2030,wind_offshore,0.005592112207676411
16,1,2030,wind_onshore,0.2550319136022865
16,2,2030,wind_onshore,0.2376373909697114
16,3,2030,wind_onshore,0.220546620598427
16,4,2030,wind_onshore,0.2059503364045111
16,5,2030,wind_onshore,0.1959359172746599
16,6,2030,wind_onshore,0.1846262838284426
16,7,2030,wind_onshore,0.1762614718515113
16,8,2030,wind_onshore,0.1675887542931907
16,9,2030,wind_onshore,0.1304991610646829
16,10,2030,wind_onshore,0.1365741658972074
16,11,2030,wind_onshore,0.1464587707499305
16,12,2030,wind_onshore,0.1582469144402207
16,13,2030,wind_onshore,0.1679350946717148
16,14,2030,wind_onshore,0.1763305690911728
16,15,2030,wind_onshore,0.1800286165979585
16,16,2030,wind_onshore,0.1829227235188753
16,17,2030,wind_onshore,0.1893934178984802
16,18,2030,wind_onshore,0.1941657516511491
16,19,2030,wind_onshore,0.1830412214664504
16,20,2030,wind_onshore,0.1923072627450485
16,21,2030,wind_onshore,0.182022760495566
16,22,2030,wind_onshore,0.17183260375621
16,23,2030,wind_onshore,0.17154340395372
16,24,2030,wind_onshore,0.1592040671734783
17,1,2030,demand,0.5164369640265571
17,2,2030,demand,0.5035338427152761
17,3,2030,demand,0.49215327689503613
17,4,2030,demand,0.47956237637927135
17,5,2030,demand,0.4730182655996039
17,6,2030,demand,0.4661235321837764
17,7,2030,demand,0.4679881063651255
17,8,2030,demand,0.4915854463696102
17,9,2030,demand,0.5279439193951567
17,10,2030,demand,0.5578563800742847
17,11,2030,demand,0.5718018334085774
17,12,2030,demand,0.575065831822159
17,13,2030,demand,0.5734738212858971
17,14,2030,demand,0.5646906072213289
17,15,2030,demand,0.5496669025943701
17,16,2030,demand,0.5392238161710093
17,17,2030,demand,0.5354173807171193
17,18,2030,demand,0.539059718430943
17,19,2030,demand,0.5517012499730826
17,20,2030,demand,0.5725840224726504
17,21,2030,demand,0.5846533939236003
17,22,2030,demand,0.5686519613687436
17,23,2030,demand,0.5374312397430836
17,24,2030,demand,0.5259149433501722
17,1,2030,solar,0.0
17,2,2030,solar,0.0
17,3,2030,solar,0.0
17,4,2030,solar,0.0
17,5,2030,solar,0.0
17,6,2030,solar,0.0
17,7,2030,solar,0.0
17,8,2030,solar,0.01778112108422254
17,9,2030,solar,0.1980708048762572
17,10,2030,solar,0.3912648483741923
17,11,2030,solar,0.5348926660913152
17,12,2030,solar,0.6294010624359359
17,13,2030,solar,0.6581461690999482
17,14,2030,solar,0.6271370382880377
17,15,2030,solar,0.5352543203414983
17,16,2030,solar,0.3877977637687919
17,17,2030,solar,0.1892056895315168
17,18,2030,solar,0.007670499817012255
17,19,2030,solar,0.0
17,20,2030,solar,0.0
17,21,2030,solar,0.0
17,22,2030,solar,0.0
17,23,2030,solar,0.0
17,24,2030,solar,0.0
17,1,2030,wind_offshore,0.4299378643622276
17,2,2030,wind_offshore,0.4913403409142616
17,3,2030,wind_offshore,0.5276914393083006
17,4,2030,wind_offshore,0.5536171878684873
17,5,2030,wind_offshore,0.5594303133022691
17,6,2030,wind_offshore,0.5644332244418859
17,7,2030,wind_offshore,0.5534271009993202
17,8,2030,wind_offshore,0.5273170874973866
17,9,2030,wind_offshore,0.4409816375578669
17,10,2030,wind_offshore,0.3268194231296948
17,11,2030,wind_offshore,0.1062616643988638
17,12,2030,wind_offshore,0.05051323265515633
17,13,2030,wind_offshore,0.03543643841306774
17,14,2030,wind_offshore,0.0284200312114228
17,15,2030,wind_offshore,0.0202600201550079
17,16,2030,wind_offshore,0.008036532379018621
17,17,2030,wind_offshore,0.003441345573836348
17,18,2030,wind_offshore,0.001344212141247707
17,19,2030,wind_offshore,0.0005045809412970953
17,20,2030,wind_offshore,9.049243489556059e-5
17,21,2030,wind_offshore,0.0
17,22,2030,wind_offshore,0.0
17,23,2030,wind_offshore,7.96869111826058e-5
17,24,2030,wind_offshore,0.008313754078240457
17,1,2030,wind_onshore,0.424698507665512
17,2,2030,wind_onshore,0.4228247270246183
17,3,2030,wind_onshore,0.4181104009816069
17,4,2030,wind_onshore,0.4163467167675611
17,5,2030,wind_onshore,0.4107845333885389
17,6,2030,wind_onshore,0.3944617859032757
17,7,2030,wind_onshore,0.3824249167706097
17,8,2030,wind_onshore,0.3724353198930199
17,9,2030,wind_onshore,0.3548616193936264
17,10,2030,wind_onshore,0.3531360453744282
17,11,2030,wind_onshore,0.3739815258992538
17,12,2030,wind_onshore,0.3775454446518231
17,13,2030,wind_onshore,0.3813261350797419
17,14,2030,wind_onshore,0.3829647341985411
17,15,2030,wind_onshore,0.3810591617324414
17,16,2030,wind_onshore,0.3788747039825079
17,17,2030,wind_onshore,0.3528742738536745
17,18,2030,wind_onshore,0.3371572677708944
17,19,2030,wind_onshore,0.3474758928107482
17,20,2030,wind_onshore,0.3500330573381454
17,21,2030,wind_onshore,0.3547239450044836
17,22,2030,wind_onshore,0.3570281686912232
17,23,2030,wind_onshore,0.3476063274331609
17,24,2030,wind_onshore,0.341641508755614
18,1,2030,demand,0.5410781403338526
18,2,2030,demand,0.5226719211649541
18,3,2030,demand,0.5102483730228898
18,4,2030,demand,0.5002096905073498
18,5,2030,demand,0.5079218422115102
18,6,2030,demand,0.539593634480674
18,7,2030,demand,0.5953215601778048
18,8,2030,demand,0.6527731374775473
18,9,2030,demand,0.6912248532360645
18,10,2030,demand,0.7123632193539838
18,11,2030,demand,0.7144168820106261
18,12,2030,demand,0.709339157610837
18,13,2030,demand,0.6987069912099438
18,14,2030,demand,0.6814822565547203
18,15,2030,demand,0.6614488635161913
18,16,2030,demand,0.6527510483500055
18,17,2030,demand,0.6534069783433066
18,18,2030,demand,0.6737329321353532
18,19,2030,demand,0.7103492518174442
18,20,2030,demand,0.7407119973552548
18,21,2030,demand,0.7370678587112
18,22,2030,demand,0.6902419605889698
18,23,2030,demand,0.6283573098579136
18,24,2030,demand,0.597946098754844
18,1,2030,solar,0.0
18,2,2030,solar,0.0
18,3,2030,solar,0.0
18,4,2030,solar,0.0
18,5,2030,solar,0.0
18,6,2030,solar,0.0
18,7,2030,solar,0.0
18,8,2030,solar,0.0
18,9,2030,solar,0.08197617522788095
18,10,2030,solar,0.2993778312477685
18,11,2030,solar,0.4715942668607089
18,12,2030,solar,0.5917396990301603
18,13,2030,solar,0.646975923344173
18,14,2030,solar,0.6408331083478449
18,15,2030,solar,0.5620388390598364
18,16,2030,solar,0.4304578799901431
18,17,2030,solar,0.2381556334557892
18,18,2030,solar,0.01875484199210166
18,19,2030,solar,0.0
18,20,2030,solar,0.0
18,21,2030,solar,0.0
18,22,2030,solar,0.0
18,23,2030,solar,0.0
18,24,2030,solar,0.0
18,1,2030,wind_offshore,0.003470510745039873
18,2,2030,wind_offshore,0.007684627456251542
18,3,2030,wind_offshore,0.009798910389171902
18,4,2030,wind_offshore,0.01181157974722457
18,5,2030,wind_offshore,0.01333679881899127
18,6,2030,wind_offshore,0.01646594205716796
18,7,2030,wind_offshore,0.0151872073651342
18,8,2030,wind_offshore,0.011340083594079
18,9,2030,wind_offshore,0.006517224358563082
18,10,2030,wind_offshore,0.006717558620001729
18,11,2030,wind_offshore,0.002191611580330846
18,12,2030,wind_offshore,0.004072500125296677
18,13,2030,wind_offshore,0.01258872039695994
18,14,2030,wind_offshore,0.03580910083441657
18,15,2030,wind_offshore,0.06504059481691249
18,16,2030,wind_offshore,0.09551163506926844
18,17,2030,wind_offshore,0.1190651755482185
18,18,2030,wind_offshore,0.1464362211362444
18,19,2030,wind_offshore,0.1703650772291445
18,20,2030,wind_offshore,0.2070994981731787
18,21,2030,wind_offshore,0.2543641178356651
18,22,2030,wind_offshore,0.3282263358886248
18,23,2030,wind_offshore,0.5085589092779778
18,24,2030,wind_offshore,0.5635939128038037
18,1,2030,wind_onshore,0.1704150849049949
18,2,2030,wind_onshore,0.1660506530615203
18,3,2030,wind_onshore,0.1657838450501898
18,4,2030,wind_onshore,0.1649010005773541
18,5,2030,wind_onshore,0.164980152025037
18,6,2030,wind_onshore,0.16500973599787
18,7,2030,wind_onshore,0.1629827449361874
18,8,2030,wind_onshore,0.1604100999814906
18,9,2030,wind_onshore,0.1526319980516601
18,10,2030,wind_onshore,0.1303444850228464
18,11,2030,wind_onshore,0.09360680961011471
18,12,2030,wind_onshore,0.05167757490678775
18,13,2030,wind_onshore,0.0404417336806266
18,14,2030,wind_onshore,0.03310309612963761
18,15,2030,wind_onshore,0.02462419889345495
18,16,2030,wind_onshore,0.01768701445752868
18,17,2030,wind_onshore,0.01783416791279659
18,18,2030,wind_onshore,0.02352237104141199
18,19,2030,wind_onshore,0.02113767116929509
18,20,2030,wind_onshore,0.01838788757197773
18,21,2030,wind_onshore,0.01671071843919539
18,22,2030,wind_onshore,0.01717370573219874
18,23,2030,wind_onshore,0.03028138418091745
18,24,2030,wind_onshore,0.04144868520127494
19,1,2030,demand,0.46277959060949214
19,2,2030,demand,0.4531936669951503
19,3,2030,demand,0.4382242817534422
19,4,2030,demand,0.42702068937398147
19,5,2030,demand,0.42140407416871056
19,6,2030,demand,0.4176037253500341
19,7,2030,demand,0.4241134865422606
19,8,2030,demand,0.44666976398611113
19,9,2030,demand,0.47570713144567595
19,10,2030,demand,0.4994795474072115
19,11,2030,demand,0.5109819478066564
19,12,2030,demand,0.5137113362409742
19,13,2030,demand,0.5132905610476522
19,14,2030,demand,0.5079222325979098
19,15,2030,demand,0.49705580139353994
19,16,2030,demand,0.48962194269429093
19,17,2030,demand,0.4885867515399651
19,18,2030,demand,0.4965299356521185
19,19,2030,demand,0.5104963107278983
19,20,2030,demand,0.5257913831988383
19,21,2030,demand,0.5336106338744516
19,22,2030,demand,0.5181182222542926
19,23,2030,demand,0.48342730232009473
19,24,2030,demand,0.4740017197782214
19,1,2030,solar,0.0
19,2,2030,solar,0.0
19,3,2030,solar,0.0
19,4,2030,solar,0.0
19,5,2030,solar,0.0
19,6,2030,solar,0.0004168693124418071
19,7,2030,solar,0.0379485682317358
19,8,2030,solar,0.2101590345110965
19,9,2030,solar,0.4095685875099744
19,10,2030,solar,0.5775120576806687
19,11,2030,solar,0.6840902425377287
19,12,2030,solar,0.7526629029284376
19,13,2030,solar,0.7731067141453034
19,14,2030,solar,0.7622401013640634
19,15,2030,solar,0.7148460525447458
19,16,2030,solar,0.6172234858661803
19,17,2030,solar,0.4667539203991408
19,18,2030,solar,0.2759044565510936
19,19,2030,solar,0.08218909223524504
19,20,2030,solar,0.00123757262323241
19,21,2030,solar,0.0
19,22,2030,solar,0.0
19,23,2030,solar,0.0
19,24,2030,solar,0.0
19,1,2030,wind_offshore,0.04831204846754034
19,2,2030,wind_offshore,0.06243362872362325
19,3,2030,wind_offshore,0.0878258573322473
19,4,2030,wind_offshore,0.1254716195112994
19,5,2030,wind_offshore,0.2172912745500082
19,6,2030,wind_offshore,0.3590676182011925
19,7,2030,wind_offshore,0.5261653884715359
19,8,2030,wind_offshore,0.6855530238394112
19,9,2030,wind_offshore,0.7898122735584666
19,10,2030,wind_offshore,0.8637985419515104
19,11,2030,wind_offshore,0.7931894788051321
19,12,2030,wind_offshore,0.8302044713877846
19,13,2030,wind_offshore,0.8685040881212045
19,14,2030,wind_offshore,0.8814083261927441
19,15,2030,wind_offshore,0.9016683067750012
19,16,2030,wind_offshore,0.9160446932976632
19,17,2030,wind_offshore,0.9279610089917903
19,18,2030,wind_offshore,0.9376516394853788
19,19,2030,wind_offshore,0.9444336595063434
19,20,2030,wind_offshore,0.9464701814456559
19,21,2030,wind_offshore,0.94731052257158
19,22,2030,wind_offshore,0.9478064596464548
19,23,2030,wind_offshore,0.941297231932549
19,24,2030,wind_offshore,0.9449959237233064
19,1,2030,wind_onshore,0.246881525623487
19,2,2030,wind_onshore,0.236758658238842
19,3,2030,wind_onshore,0.2273372545073085
19,4,2030,wind_onshore,0.2182209380024792
19,5,2030,wind_onshore,0.2213837573100036
19,6,2030,wind_onshore,0.2262767498527207
19,7,2030,wind_onshore,0.2269386939075018
19,8,2030,wind_onshore,0.2365282421194613
19,9,2030,wind_onshore,0.2454581305359355
19,10,2030,wind_onshore,0.2589593668792705
19,11,2030,wind_onshore,0.2355533361491774
19,12,2030,wind_onshore,0.2402215335691236
19,13,2030,wind_onshore,0.2451176951270332
19,14,2030,wind_onshore,0.2524788094284864
19,15,2030,wind_onshore,0.2704247237738426
19,16,2030,wind_onshore,0.2920247549502715
19,17,2030,wind_onshore,0.3178762055559834
19,18,2030,wind_onshore,0.3456524912849007
19,19,2030,wind_onshore,0.3734833175110196
19,20,2030,wind_onshore,0.4084352034440812
19,21,2030,wind_onshore,0.4321408407695848
19,22,2030,wind_onshore,0.4221950465285701
19,23,2030,wind_onshore,0.3943478343780866
19,24,2030,wind_onshore,0.3607798076472694
20,1,2030,demand,0.505168099928854
20,2,2030,demand,0.49230925517545593
20,3,2030,demand,0.48257432522501426
20,4,2030,demand,0.4732875295600722
20,5,2030,demand,0.47997906090302017
20,6,2030,demand,0.5047424757872493
20,7,2030,demand,0.546803735960437
20,8,2030,demand,0.5922988389538902
20,9,2030,demand,0.625901921904442
20,10,2030,demand,0.6464264378101978
20,11,2030,demand,0.6543839556608588
20,12,2030,demand,0.6537009281830355
20,13,2030,demand,0.6467435718035799
20,14,2030,demand,0.6336139449027589
20,15,2030,demand,0.6193631626436817
20,16,2030,demand,0.6134128802942799
20,17,2030,demand,0.614331700397209
20,18,2030,demand,0.6294119338035306
20,19,2030,demand,0.6562693642353603
20,20,2030,demand,0.6764384480553505
20,21,2030,demand,0.6705359356709777
20,22,2030,demand,0.6294372841006893
20,23,2030,demand,0.5770389096516944
20,24,2030,demand,0.5563183688059364
20,1,2030,solar,0.0
20,2,2030,solar,0.0
20,3,2030,solar,0.0
20,4,2030,solar,0.0
20,5,2030,solar,0.0
20,6,2030,solar,0.0
20,7,2030,solar,0.0
20,8,2030,solar,0.0
20,9,2030,solar,0.01817729002392983
20,10,2030,solar,0.07007870444183907
20,11,2030,solar,0.1316279335095671
20,12,2030,solar,0.1767159076327209
20,13,2030,solar,0.1995872378656838
20,14,2030,solar,0.1960798993284
20,15,2030,solar,0.1690088522560862
20,16,2030,solar,0.1301025768655034
20,17,2030,solar,0.07163706304424591
20,18,2030,solar,0.01605554289066583
20,19,2030,solar,0.0
20,20,2030,solar,0.0
20,21,2030,solar,0.0
20,22,2030,solar,0.0
20,23,2030,solar,0.0
20,24,2030,solar,0.0
20,1,2030,wind_offshore,0.0
20,2,2030,wind_offshore,0.0
20,3,2030,wind_offshore,0.0165210848157128
20,4,2030,wind_offshore,0.06157270549165055
20,5,2030,wind_offshore,0.1686286538815165
20,6,2030,wind_offshore,0.3468191709313497
20,7,2030,wind_offshore,0.615088338901576
20,8,2030,wind_offshore,0.8915999765915501
20,9,2030,wind_offshore,0.9498024925459464
20,10,2030,wind_offshore,0.9499998730116136
20,11,2030,wind_offshore,0.9499999999999996
20,12,2030,wind_offshore,0.9499999999999996
20,13,2030,wind_offshore,0.9499998990743586
20,14,2030,wind_offshore,0.9499999999999996
20,15,2030,wind_offshore,0.9499999999999996
20,16,2030,wind_offshore,0.9499999999999996
20,17,2030,wind_offshore,0.9499999999999996
20,18,2030,wind_offshore,0.9499999999999996
20,19,2030,wind_offshore,0.9499999999999996
20,20,2030,wind_offshore,0.9499999571869716
20,21,2030,wind_offshore,0.949999890018432
20,22,2030,wind_offshore,0.949998758840265
20,23,2030,wind_offshore,0.949939890023722
20,24,2030,wind_offshore,0.949985709753402
20,1,2030,wind_onshore,0.4214243461879622
20,2,2030,wind_onshore,0.3965593933344821
20,3,2030,wind_onshore,0.3663841984302174
20,4,2030,wind_onshore,0.3437939897511414
20,5,2030,wind_onshore,0.3401777646040801
20,6,2030,wind_onshore,0.3469561547013035
20,7,2030,wind_onshore,0.350030014551549
20,8,2030,wind_onshore,0.3628976441203089
20,9,2030,wind_onshore,0.3874360375556731
20,10,2030,wind_onshore,0.4156097931789011
20,11,2030,wind_onshore,0.4808926790781217
20,12,2030,wind_onshore,0.5297321609538501
20,13,2030,wind_onshore,0.5733069095654448
20,14,2030,wind_onshore,0.6039604851169621
20,15,2030,wind_onshore,0.6180896751195324
20,16,2030,wind_onshore,0.6030679971499328
20,17,2030,wind_onshore,0.5673032518607026
20,18,2030,wind_onshore,0.532050385868535
20,19,2030,wind_onshore,0.5267809699195228
20,20,2030,wind_onshore,0.534809076347204
20,21,2030,wind_onshore,0.538032149808279
20,22,2030,wind_onshore,0.5456776700911675
20,23,2030,wind_onshore,0.5581791307493967
20,24,2030,wind_onshore,0.55728623670257
