scenario,year,period,rep_period,weight
0,2030,1,1,0.3757562758036935
0,2030,1,2,0.6242437241963065
0,2030,2,1,1.0
0,2030,3,1,1.0
0,2030,4,1,0.650948056134468
0,2030,4,2,0.349051943865532
0,2030,5,1,0.22434564285447625
0,2030,5,2,0.7756543571455238
0,2030,6,1,0.26304009099558595
0,2030,6,2,0.736959909004414
0,2030,7,1,1.0
0,2030,8,1,1.0
0,2030,9,1,0.7615455979404123
0,2030,9,2,0.2384544020595877
0,2030,10,1,1.0
0,2030,11,1,0.14538808586379723
0,2030,11,2,0.8546119141362029
0,2030,12,2,1.0
0,2030,13,1,0.04288424058399983
0,2030,13,2,0.9571157594160001
0,2030,14,1,1.0
0,2030,15,1,1.0
0,2030,16,2,1.0
0,2030,17,2,1.0
0,2030,18,2,1.0
0,2030,19,2,1.0
0,2030,20,2,1.0
0,2030,21,2,1.0
0,2030,22,2,1.0
0,2030,23,1,0.7039076821313961
0,2030,23,2,0.29609231786860385
0,2030,24,1,0.10038747463272699
0,2030,24,2,0.899612525367273
0,2030,25,2,1.0
0,2030,26,1,0.622264304569877
0,2030,26,2,0.3777356954301229
0,2030,27,2,1.0
0,2030,28,2,1.0
0,2030,29,2,1.0
0,2030,30,1,1.0
0,2030,31,1,0.04117399596975719
0,2030,31,2,0.9588260040302429
0,2030,32,1,0.36652274026728393
0,2030,32,2,0.6334772597327161
0,2030,33,1,1.0
0,2030,34,1,0.24940392426875774
0,2030,34,2,0.7505960757312423
0,2030,35,1,1.0
0,2030,36,1,1.0
0,2030,37,1,1.0
0,2030,38,2,1.0
0,2030,39,1,0.07408921616974816
0,2030,39,2,0.9259107838302518
0,2030,40,2,1.0
0,2030,41,2,1.0
0,2030,42,1,0.19362438939960322
0,2030,42,2,0.8063756106003966
0,2030,43,1,0.8638637235841228
0,2030,43,2,0.13613627641587725
0,2030,44,2,1.0
0,2030,45,2,1.0
0,2030,46,2,1.0
0,2030,47,2,1.0
0,2030,48,1,0.5806884656326045
0,2030,48,2,0.41931153436739554
0,2030,49,1,0.7238605547018282
0,2030,49,2,0.2761394452981718
0,2030,50,2,1.0
0,2030,51,2,1.0
0,2030,52,1,0.8200630473145184
0,2030,52,2,0.1799369526854816
0,2030,53,1,0.974428957697901
0,2030,53,2,0.02557104230209891
0,2030,54,1,0.12986625560553705
0,2030,54,2,0.870133744394463
0,2030,55,2,1.0
0,2030,56,2,1.0
0,2030,57,2,1.0
0,2030,58,1,0.9348135667314539
0,2030,58,2,0.06518643326854619
0,2030,59,1,1.0
0,2030,60,1,0.6670324372567261
0,2030,60,2,0.33296756274327394
0,2030,61,2,1.0
0,2030,62,2,1.0
0,2030,63,1,0.25540220477094605
0,2030,63,2,0.744597795229054
0,2030,64,2,1.0
0,2030,65,1,0.8369180720746281
0,2030,65,2,0.16308192792537193
0,2030,66,2,1.0
0,2030,67,1,0.030926141071625057
0,2030,67,2,0.969073858928375
0,2030,68,2,1.0
0,2030,69,1,0.3773980148279212
0,2030,69,2,0.6226019851720789
0,2030,70,1,0.1410725733335234
0,2030,70,2,0.8589274266664767
0,2030,71,2,1.0
0,2030,72,2,1.0
0,2030,73,1,0.6583393239211985
0,2030,73,2,0.3416606760788014
0,2030,74,1,0.8286011951315257
0,2030,74,2,0.17139880486847434
0,2030,75,1,0.6301626176792965
0,2030,75,2,0.3698373823207035
0,2030,76,2,1.0
0,2030,77,2,1.0
0,2030,78,1,0.10297796696086178
0,2030,78,2,0.8970220330391382
0,2030,79,2,1.0
0,2030,80,2,1.0
0,2030,81,1,0.8777958984865021
0,2030,81,2,0.12220410151349788
0,2030,82,1,1.0
0,2030,83,1,1.0
0,2030,84,2,1.0
0,2030,85,1,0.06898357907268322
0,2030,85,2,0.9310164209273167
0,2030,86,1,0.893018502400388
0,2030,86,2,0.106981497599612
0,2030,87,1,1.0
0,2030,88,1,0.9573097109996317
0,2030,88,2,0.04269028900036836
0,2030,89,1,0.12572261827607795
0,2030,89,2,0.874277381723922
0,2030,90,2,1.0
0,2030,91,2,1.0
0,2030,92,1,0.8912865430677612
0,2030,92,2,0.10871345693223879
0,2030,93,1,1.0
0,2030,94,1,1.0
0,2030,95,1,0.6464445729048679
0,2030,95,2,0.3535554270951321
0,2030,96,2,1.0
0,2030,97,2,1.0
0,2030,98,2,1.0
0,2030,99,2,1.0
0,2030,100,2,1.0
0,2030,101,2,1.0
0,2030,102,2,1.0
0,2030,103,2,1.0
0,2030,104,2,1.0
0,2030,105,2,1.0
0,2030,106,2,1.0
0,2030,107,1,1.0
0,2030,108,1,1.0
0,2030,109,1,0.8176143999406174
0,2030,109,2,0.18238560005938262
0,2030,110,1,0.6579854685874218
0,2030,110,2,0.34201453141257826
0,2030,111,1,0.5985249416618393
0,2030,111,2,0.4014750583381606
0,2030,112,1,0.39526133825565246
0,2030,112,2,0.6047386617443476
0,2030,113,1,1.0
0,2030,114,1,1.0
0,2030,115,1,1.0
0,2030,116,1,1.0
0,2030,117,1,0.4360298653626493
0,2030,117,2,0.5639701346373507
0,2030,118,1,1.0
0,2030,119,1,1.0
0,2030,120,1,1.0
0,2030,121,1,1.0
0,2030,122,1,1.0
0,2030,123,1,1.0
0,2030,124,1,1.0
0,2030,125,1,1.0
0,2030,126,1,1.0
0,2030,127,1,1.0
0,2030,128,1,0.37760484975094905
0,2030,128,2,0.622395150249051
0,2030,129,1,0.6619000506379695
0,2030,129,2,0.3380999493620304
0,2030,130,1,1.0
0,2030,131,1,0.3640634484645773
0,2030,131,2,0.6359365515354227
0,2030,132,1,0.1513505353905353
0,2030,132,2,0.8486494646094647
0,2030,133,1,1.0
0,2030,134,1,1.0
0,2030,135,1,0.4161960493359617
0,2030,135,2,0.5838039506640383
0,2030,136,1,0.3018380216130369
0,2030,136,2,0.6981619783869631
0,2030,137,2,1.0
0,2030,138,1,0.7911544948289564
0,2030,138,2,0.20884550517104367
0,2030,139,1,1.0
0,2030,140,1,0.17200268699896124
0,2030,140,2,0.8279973130010388
0,2030,141,1,0.3845807361788342
0,2030,141,2,0.6154192638211657
0,2030,142,1,1.0
0,2030,143,1,1.0
0,2030,144,1,0.9199167465930014
0,2030,144,2,0.08008325340699866
0,2030,145,1,1.0
0,2030,146,1,0.07530523241063651
0,2030,146,2,0.9246947675893635
0,2030,147,2,1.0
0,2030,148,1,0.1923286043062038
0,2030,148,2,0.8076713956937962
0,2030,149,1,1.0
0,2030,150,1,1.0
0,2030,151,1,0.9836251300707274
0,2030,151,2,0.016374869929272614
0,2030,152,1,1.0
0,2030,153,1,0.5593860676578104
0,2030,153,2,0.44061393234218965
0,2030,154,1,1.0
0,2030,155,1,0.746386127052021
0,2030,155,2,0.25361387294797894
0,2030,156,2,1.0
0,2030,157,2,1.0
0,2030,158,2,1.0
0,2030,159,2,1.0
0,2030,160,2,1.0
0,2030,161,1,0.21555270421038752
0,2030,161,2,0.7844472957896126
0,2030,162,1,0.9140282326051955
0,2030,162,2,0.08597176739480451
0,2030,163,1,0.8488593504574329
0,2030,163,2,0.15114064954256715
0,2030,164,1,0.6419329381488353
0,2030,164,2,0.3580670618511647
0,2030,165,1,0.2342005194918096
0,2030,165,2,0.7657994805081904
0,2030,166,2,1.0
0,2030,167,1,0.03816977163005712
0,2030,167,2,0.9618302283699428
0,2030,168,1,1.0
0,2030,169,1,1.0
0,2030,170,1,1.0
0,2030,171,1,1.0
0,2030,172,1,0.6863962872168149
0,2030,172,2,0.31360371278318516
0,2030,173,2,1.0
0,2030,174,2,1.0
0,2030,175,2,1.0
0,2030,176,2,1.0
0,2030,177,2,1.0
0,2030,178,1,1.0
0,2030,179,1,1.0
0,2030,180,1,1.0
0,2030,181,1,1.0
0,2030,182,1,1.0
0,2030,183,1,1.0
0,2030,184,1,0.9622212182223661
0,2030,184,2,0.037778781777633906
0,2030,185,1,1.0
0,2030,186,1,0.4274101105299699
0,2030,186,2,0.5725898894700301
0,2030,187,1,0.01665405172630712
0,2030,187,2,0.9833459482736929
0,2030,188,1,0.015207539579575427
0,2030,188,2,0.9847924604204247
0,2030,189,1,0.5941580584998789
0,2030,189,2,0.40584194150012115
0,2030,190,1,1.0
0,2030,191,1,0.9484206872963844
0,2030,191,2,0.05157931270361558
0,2030,192,1,0.9618657240401114
0,2030,192,2,0.03813427595988866
0,2030,193,1,0.8230538437575763
0,2030,193,2,0.17694615624242374
0,2030,194,1,0.11367067449646445
0,2030,194,2,0.8863293255035355
0,2030,195,2,1.0
0,2030,196,1,0.3483609286560772
0,2030,196,2,0.6516390713439228
0,2030,197,1,1.0
0,2030,198,1,1.0
0,2030,199,1,0.9632106165187811
0,2030,199,2,0.03678938348121886
0,2030,200,1,0.17646641357923823
0,2030,200,2,0.8235335864207618
0,2030,201,1,1.0
0,2030,202,1,1.0
0,2030,203,2,1.0
0,2030,204,2,1.0
0,2030,205,1,0.22704551290511407
0,2030,205,2,0.772954487094886
0,2030,206,1,0.7191306895378435
0,2030,206,2,0.28086931046215646
0,2030,207,1,0.5970659594503789
0,2030,207,2,0.4029340405496211
0,2030,208,1,1.0
0,2030,209,1,1.0
0,2030,210,1,1.0
0,2030,211,1,1.0
0,2030,212,1,1.0
0,2030,213,1,0.7515374711168805
0,2030,213,2,0.24846252888311948
0,2030,214,1,1.0
0,2030,215,1,1.0
0,2030,216,1,1.0
0,2030,217,1,0.8242296860253708
0,2030,217,2,0.17577031397462922
0,2030,218,1,1.0
0,2030,219,1,1.0
0,2030,220,1,0.6797947676662286
0,2030,220,2,0.32020523233377135
0,2030,221,2,1.0
0,2030,222,1,1.0
0,2030,223,1,1.0
0,2030,224,1,1.0
0,2030,225,1,0.6262603387720245
0,2030,225,2,0.3737396612279755
0,2030,226,2,1.0
0,2030,227,2,1.0
0,2030,228,1,0.2784530833272301
0,2030,228,2,0.7215469166727699
0,2030,229,1,1.0
0,2030,230,1,1.0
0,2030,231,1,1.0
0,2030,232,1,1.0
0,2030,233,1,0.41551295815329314
0,2030,233,2,0.5844870418467069
0,2030,234,1,0.35973016298778265
0,2030,234,2,0.6402698370122173
0,2030,235,1,0.5520307852428119
0,2030,235,2,0.4479692147571881
0,2030,236,1,0.7574922014940322
0,2030,236,2,0.2425077985059678
0,2030,237,1,1.0
0,2030,238,1,0.5667229160061585
0,2030,238,2,0.4332770839938414
0,2030,239,1,0.24672274211529951
0,2030,239,2,0.7532772578847003
0,2030,240,2,1.0
0,2030,241,2,1.0
0,2030,242,2,1.0
0,2030,243,2,1.0
0,2030,244,2,1.0
0,2030,245,2,1.0
0,2030,246,1,1.0
0,2030,247,1,1.0
0,2030,248,1,0.6217111755454131
0,2030,248,2,0.37828882445458695
0,2030,249,2,1.0
0,2030,250,2,1.0
0,2030,251,1,0.44462501594767634
0,2030,251,2,0.5553749840523238
0,2030,252,2,1.0
0,2030,253,1,0.702808466898629
0,2030,253,2,0.297191533101371
0,2030,254,1,1.0
0,2030,255,1,0.964088098969999
0,2030,255,2,0.03591190103000098
0,2030,256,1,0.7343189622480499
0,2030,256,2,0.26568103775195007
0,2030,257,1,0.6863516368403579
0,2030,257,2,0.3136483631596421
0,2030,258,1,0.4398497043459182
0,2030,258,2,0.5601502956540818
0,2030,259,1,0.6053253250571251
0,2030,259,2,0.39467467494287484
0,2030,260,1,1.0
0,2030,261,1,0.8317004759534464
0,2030,261,2,0.16829952404655357
0,2030,262,2,1.0
0,2030,263,1,1.0
0,2030,264,1,0.6490945232335589
0,2030,264,2,0.35090547676644107
0,2030,265,1,0.05427431948666609
0,2030,265,2,0.9457256805133339
0,2030,266,1,0.8166979590771379
0,2030,266,2,0.18330204092286212
0,2030,267,1,1.0
0,2030,268,1,0.6934382778845999
0,2030,268,2,0.3065617221154001
0,2030,269,1,1.0
0,2030,270,1,1.0
0,2030,271,1,1.0
0,2030,272,1,1.0
0,2030,273,1,1.0
0,2030,274,1,1.0
0,2030,275,1,0.9779309289805622
0,2030,275,2,0.02206907101943781
0,2030,276,2,1.0
0,2030,277,1,0.2451630087337564
0,2030,277,2,0.7548369912662436
0,2030,278,1,1.0
0,2030,279,2,1.0
0,2030,280,1,0.787312537122726
0,2030,280,2,0.21268746287727408
0,2030,281,1,0.595049063025722
0,2030,281,2,0.4049509369742779
0,2030,282,1,0.7026395874283661
0,2030,282,2,0.29736041257163387
0,2030,283,1,0.15322802871326413
0,2030,283,2,0.8467719712867359
0,2030,284,1,1.0
0,2030,285,1,1.0
0,2030,286,1,0.8919578428934901
0,2030,286,2,0.1080421571065099
0,2030,287,1,0.8316268336230522
0,2030,287,2,0.16837316637694774
0,2030,288,1,1.0
0,2030,289,2,1.0
0,2030,290,1,0.8202602405516024
0,2030,290,2,0.17973975944839754
0,2030,291,1,1.0
0,2030,292,1,0.2529210932439251
0,2030,292,2,0.7470789067560749
0,2030,293,2,1.0
0,2030,294,1,0.3861549684424377
0,2030,294,2,0.6138450315575623
0,2030,295,1,1.0
0,2030,296,1,0.06274516386519478
0,2030,296,2,0.9372548361348052
0,2030,297,2,1.0
0,2030,298,1,1.0
0,2030,299,2,1.0
0,2030,300,1,0.7771930919152943
0,2030,300,2,0.22280690808470566
0,2030,301,2,1.0
0,2030,302,1,0.5530435322077191
0,2030,302,2,0.44695646779228093
0,2030,303,1,1.0
0,2030,304,1,0.15215435563803004
0,2030,304,2,0.84784564436197
0,2030,305,1,0.31512607821068167
0,2030,305,2,0.6848739217893184
0,2030,306,1,0.8661986340807213
0,2030,306,2,0.1338013659192787
0,2030,307,1,1.0
0,2030,308,1,0.7594237682817135
0,2030,308,2,0.2405762317182865
0,2030,309,1,1.0
0,2030,310,1,1.0
0,2030,311,1,1.0
0,2030,312,1,0.7045891165695299
0,2030,312,2,0.29541088343047006
0,2030,313,1,1.0
0,2030,314,1,1.0
0,2030,315,1,0.769188990295461
0,2030,315,2,0.23081100970453908
0,2030,316,1,0.013925648628608886
0,2030,316,2,0.9860743513713911
0,2030,317,1,0.12289839737262476
0,2030,317,2,0.8771016026273752
0,2030,318,1,0.33829198587923953
0,2030,318,2,0.6617080141207604
0,2030,319,1,0.9382013997275043
0,2030,319,2,0.06179860027249571
0,2030,320,1,0.38420941808512155
0,2030,320,2,0.6157905819148785
0,2030,321,1,0.9208841885706848
0,2030,321,2,0.07911581142931519
0,2030,322,1,0.7630132014779816
0,2030,322,2,0.23698679852201845
0,2030,323,1,0.5788509327598348
0,2030,323,2,0.42114906724016526
0,2030,324,2,1.0
0,2030,325,1,0.18898331149697653
0,2030,325,2,0.8110166885030233
0,2030,326,1,0.7744504300779749
0,2030,326,2,0.2255495699220251
0,2030,327,1,1.0
0,2030,328,1,0.312369745750307
0,2030,328,2,0.6876302542496929
0,2030,329,1,0.4357421854882811
0,2030,329,2,0.564257814511719
0,2030,330,1,0.27619889159027305
0,2030,330,2,0.723801108409727
0,2030,331,1,0.37827728672581423
0,2030,331,2,0.6217227132741858
0,2030,332,1,0.6217827764489328
0,2030,332,2,0.37821722355106724
0,2030,333,1,0.97503355574069
0,2030,333,2,0.024966444259310053
0,2030,334,1,0.204033429281914
0,2030,334,2,0.795966570718086
0,2030,335,2,1.0
0,2030,336,1,0.42822387833960435
0,2030,336,2,0.5717761216603957
0,2030,337,1,0.30952701378315456
0,2030,337,2,0.6904729862168455
0,2030,338,2,1.0
0,2030,339,1,0.750737301555604
0,2030,339,2,0.249262698444396
0,2030,340,1,0.8600221173361335
0,2030,340,2,0.13997788266386652
0,2030,341,1,1.0
0,2030,342,1,1.0
0,2030,343,2,1.0
0,2030,344,1,0.7224456782283443
0,2030,344,2,0.27755432177165573
0,2030,345,1,0.8950562353007115
0,2030,345,2,0.1049437646992885
0,2030,346,1,0.0647863592201914
0,2030,346,2,0.9352136407798085
0,2030,347,2,1.0
0,2030,348,2,1.0
0,2030,349,2,1.0
0,2030,350,1,0.8119578888789944
0,2030,350,2,0.18804211112100558
0,2030,351,1,0.4100809366010949
0,2030,351,2,0.5899190633989051
0,2030,352,2,1.0
0,2030,353,1,1.0
0,2030,354,1,0.30517847784367685
0,2030,354,2,0.6948215221563231
0,2030,355,2,1.0
0,2030,356,2,1.0
0,2030,357,2,1.0
0,2030,358,2,1.0
0,2030,359,2,1.0
0,2030,360,1,0.05917679081878062
0,2030,360,2,0.9408232091812193
0,2030,361,2,1.0
0,2030,362,2,1.0
0,2030,363,2,1.0
0,2030,364,2,1.0
0,2030,365,2,1.0
1,2030,1,3,0.3681990732333987
1,2030,1,4,0.6318009267666014
1,2030,2,3,1.0
1,2030,3,3,0.8392036416886072
1,2030,3,4,0.16079635831139283
1,2030,4,3,0.5489309738431465
1,2030,4,4,0.4510690261568535
1,2030,5,3,0.24667580112452445
1,2030,5,4,0.7533241988754756
1,2030,6,3,0.2327409751000236
1,2030,6,4,0.7672590248999764
1,2030,7,3,0.8229150925366958
1,2030,7,4,0.17708490746330416
1,2030,8,3,0.9437551167458902
1,2030,8,4,0.05624488325410987
1,2030,9,3,0.47557215014132465
1,2030,9,4,0.5244278498586754
1,2030,10,3,0.8216221236632067
1,2030,10,4,0.1783778763367933
1,2030,11,3,0.189156513035379
1,2030,11,4,0.810843486964621
1,2030,12,3,0.03226713068321338
1,2030,12,4,0.9677328693167866
1,2030,13,3,0.09035718338831919
1,2030,13,4,0.9096428166116808
1,2030,14,3,1.0
1,2030,15,3,1.0
1,2030,16,3,0.029578173211488548
1,2030,16,4,0.9704218267885114
1,2030,17,3,0.015073933879684769
1,2030,17,4,0.9849260661203152
1,2030,18,4,1.0
1,2030,19,4,1.0
1,2030,20,4,1.0
1,2030,21,4,1.0
1,2030,22,4,1.0
1,2030,23,3,0.4384646302636644
1,2030,23,4,0.5615353697363356
1,2030,24,3,0.17074962700638616
1,2030,24,4,0.8292503729936138
1,2030,25,4,1.0
1,2030,26,3,0.39125770473653326
1,2030,26,4,0.6087422952634668
1,2030,27,3,0.019030871121507052
1,2030,27,4,0.980969128878493
1,2030,28,4,1.0
1,2030,29,4,1.0
1,2030,30,3,0.9439592038865952
1,2030,30,4,0.056040796113404796
1,2030,31,3,0.12333063850938815
1,2030,31,4,0.8766693614906118
1,2030,32,3,0.3559704612023735
1,2030,32,4,0.6440295387976265
1,2030,33,3,0.95754942861208
1,2030,33,4,0.04245057138791993
1,2030,34,3,0.2532327116632844
1,2030,34,4,0.7467672883367156
1,2030,35,3,1.0
1,2030,36,3,1.0
1,2030,37,3,0.8100767785321825
1,2030,37,4,0.18992322146781743
1,2030,38,4,1.0
1,2030,39,3,0.07063779460593267
1,2030,39,4,0.9293622053940674
1,2030,40,4,1.0
1,2030,41,3,0.0489033880156879
1,2030,41,4,0.9510966119843121
1,2030,42,3,0.23826090807672412
1,2030,42,4,0.7617390919232758
1,2030,43,3,0.6742660062802226
1,2030,43,4,0.32573399371977735
1,2030,44,4,1.0
1,2030,45,4,1.0
1,2030,46,4,1.0
1,2030,47,3,0.03079041836067443
1,2030,47,4,0.9692095816393256
1,2030,48,3,0.4770415339466382
1,2030,48,4,0.5229584660533618
1,2030,49,3,0.5884608110768643
1,2030,49,4,0.4115391889231356
1,2030,50,4,1.0
1,2030,51,4,1.0
1,2030,52,3,0.5683622562090173
1,2030,52,4,0.4316377437909827
1,2030,53,3,0.7618133675883869
1,2030,53,4,0.23818663241161314
1,2030,54,3,0.08932341500338947
1,2030,54,4,0.9106765849966104
1,2030,55,4,1.0
1,2030,56,4,1.0
1,2030,57,4,1.0
1,2030,58,3,0.6417897118231103
1,2030,58,4,0.3582102881768897
1,2030,59,3,1.0
1,2030,60,3,0.5201161748851388
1,2030,60,4,0.4798838251148612
1,2030,61,4,1.0
1,2030,62,4,1.0
1,2030,63,3,0.18702622933784685
1,2030,63,4,0.812973770662153
1,2030,64,4,1.0
1,2030,65,3,0.6411121138108993
1,2030,65,4,0.35888788618910067
1,2030,66,3,0.0866304509535547
1,2030,66,4,0.9133695490464453
1,2030,67,3,0.04842844383292595
1,2030,67,4,0.951571556167074
1,2030,68,4,1.0
1,2030,69,3,0.30405572042573614
1,2030,69,4,0.695944279574264
1,2030,70,3,0.19077157054189167
1,2030,70,4,0.8092284294581084
1,2030,71,4,1.0
1,2030,72,4,1.0
1,2030,73,3,0.4873121958730427
1,2030,73,4,0.5126878041269572
1,2030,74,3,0.6227694422677673
1,2030,74,4,0.3772305577322327
1,2030,75,3,0.48943604945559455
1,2030,75,4,0.5105639505444055
1,2030,76,4,1.0
1,2030,77,4,1.0
1,2030,78,3,0.07822015464987289
1,2030,78,4,0.9217798453501271
1,2030,79,4,1.0
1,2030,80,4,1.0
1,2030,81,3,0.6714746974450427
1,2030,81,4,0.32852530255495727
1,2030,82,3,1.0
1,2030,83,3,0.8301949699445306
1,2030,83,4,0.1698050300554694
1,2030,84,4,1.0
1,2030,85,3,0.13479389585479815
1,2030,85,4,0.8652061041452018
1,2030,86,3,0.7737472111949537
1,2030,86,4,0.22625278880504632
1,2030,87,3,0.9078907540989545
1,2030,87,4,0.09210924590104551
1,2030,88,3,0.7545257401192544
1,2030,88,4,0.24547425988074553
1,2030,89,3,0.1306702325053391
1,2030,89,4,0.8693297674946608
1,2030,90,4,1.0
1,2030,91,4,1.0
1,2030,92,3,0.690697458883747
1,2030,92,4,0.30930254111625294
1,2030,93,3,1.0
1,2030,94,3,0.8292862236280987
1,2030,94,4,0.17071377637190133
1,2030,95,3,0.47426220180251705
1,2030,95,4,0.5257377981974829
1,2030,96,3,0.02112526924539667
1,2030,96,4,0.9788747307546033
1,2030,97,4,1.0
1,2030,98,4,1.0
1,2030,99,4,1.0
1,2030,100,4,1.0
1,2030,101,3,0.04403287692355442
1,2030,101,4,0.9559671230764456
1,2030,102,4,1.0
1,2030,103,4,1.0
1,2030,104,4,1.0
1,2030,105,4,1.0
1,2030,106,4,1.0
1,2030,107,3,0.7916636463658734
1,2030,107,4,0.20833635363412664
1,2030,108,3,1.0
1,2030,109,3,0.6562800214193023
1,2030,109,4,0.3437199785806977
1,2030,110,3,0.5343743093176224
1,2030,110,4,0.46562569068237764
1,2030,111,3,0.392687405479242
1,2030,111,4,0.6073125945207579
1,2030,112,3,0.33963253211841854
1,2030,112,4,0.6603674678815815
1,2030,113,3,1.0
1,2030,114,3,1.0
1,2030,115,3,1.0
1,2030,116,3,0.917577298869682
1,2030,116,4,0.08242270113031798
1,2030,117,3,0.32882477385016545
1,2030,117,4,0.6711752261498346
1,2030,118,3,1.0
1,2030,119,3,0.9052459174139488
1,2030,119,4,0.09475408258605124
1,2030,120,3,1.0
1,2030,121,3,1.0
1,2030,122,3,0.8688859309629756
1,2030,122,4,0.1311140690370244
1,2030,123,3,0.9490674390341459
1,2030,123,4,0.05093256096585407
1,2030,124,3,0.9257139159480996
1,2030,124,4,0.07428608405190036
1,2030,125,3,1.0
1,2030,126,3,1.0
1,2030,127,3,1.0
1,2030,128,3,0.4080591714525786
1,2030,128,4,0.5919408285474214
1,2030,129,3,0.4553850850335826
1,2030,129,4,0.5446149149664175
1,2030,130,3,1.0
1,2030,131,3,0.3611778643792026
1,2030,131,4,0.6388221356207974
1,2030,132,3,0.24361479174904344
1,2030,132,4,0.7563852082509567
1,2030,133,3,0.9751752600920022
1,2030,133,4,0.02482473990799785
1,2030,134,3,0.8332826293912201
1,2030,134,4,0.16671737060877992
1,2030,135,3,0.4514612245134455
1,2030,135,4,0.5485387754865545
1,2030,136,3,0.2623526820868602
1,2030,136,4,0.7376473179131399
1,2030,137,3,0.03684808878760033
1,2030,137,4,0.9631519112123996
1,2030,138,3,0.5423894277000598
1,2030,138,4,0.4576105722999401
1,2030,139,3,0.8105313935963152
1,2030,139,4,0.18946860640368487
1,2030,140,3,0.24869373703974595
1,2030,140,4,0.751306262960254
1,2030,141,3,0.310755699724544
1,2030,141,4,0.689244300275456
1,2030,142,3,1.0
1,2030,143,3,0.8743108764858027
1,2030,143,4,0.12568912351419734
1,2030,144,3,0.7360327735121026
1,2030,144,4,0.26396722648789733
1,2030,145,3,0.9334275650112211
1,2030,145,4,0.06657243498877881
1,2030,146,3,0.040179844614597955
1,2030,146,4,0.959820155385402
1,2030,147,3,0.02915343880017813
1,2030,147,4,0.9708465611998218
1,2030,148,3,0.20838290881076943
1,2030,148,4,0.7916170911892305
1,2030,149,3,0.902577043322177
1,2030,149,4,0.09742295667782296
1,2030,150,3,0.7772694699316562
1,2030,150,4,0.22273053006834373
1,2030,151,3,0.7685677519971903
1,2030,151,4,0.23143224800280968
1,2030,152,3,0.8813106714904437
1,2030,152,4,0.11868932850955627
1,2030,153,3,0.40819875387166277
1,2030,153,4,0.5918012461283373
1,2030,154,3,0.8950869051769167
1,2030,154,4,0.10491309482308332
1,2030,155,3,0.5581958858964576
1,2030,155,4,0.4418041141035423
1,2030,156,4,1.0
1,2030,157,4,1.0
1,2030,158,4,1.0
1,2030,159,4,1.0
1,2030,160,4,1.0
1,2030,161,3,0.23035874558926972
1,2030,161,4,0.7696412544107302
1,2030,162,3,0.7163308861886302
1,2030,162,4,0.2836691138113698
1,2030,163,3,0.6653078377008332
1,2030,163,4,0.33469216229916676
1,2030,164,3,0.47609586767990525
1,2030,164,4,0.5239041323200948
1,2030,165,3,0.2117155547775667
1,2030,165,4,0.7882844452224333
1,2030,166,4,1.0
1,2030,167,3,0.0734259788838595
1,2030,167,4,0.9265740211161405
1,2030,168,3,1.0
1,2030,169,3,1.0
1,2030,170,3,1.0
1,2030,171,3,1.0
1,2030,172,3,0.5589324050741138
1,2030,172,4,0.44106759492588626
1,2030,173,4,1.0
1,2030,174,4,1.0
1,2030,175,4,1.0
1,2030,176,4,1.0
1,2030,177,3,0.03998354478780539
1,2030,177,4,0.9600164552121947
1,2030,178,3,0.8172254667922239
1,2030,178,4,0.18277453320777612
1,2030,179,3,1.0
1,2030,180,3,1.0
1,2030,181,3,1.0
1,2030,182,3,1.0
1,2030,183,3,1.0
1,2030,184,3,0.7712710911495279
1,2030,184,4,0.22872890885047212
1,2030,185,3,1.0
1,2030,186,3,0.40060329239730724
1,2030,186,4,0.5993967076026927
1,2030,187,4,1.0
1,2030,188,3,0.05321156110963976
1,2030,188,4,0.9467884388903602
1,2030,189,3,0.4500758409434225
1,2030,189,4,0.5499241590565774
1,2030,190,3,0.979573865448408
1,2030,190,4,0.020426134551591982
1,2030,191,3,0.7767151569379279
1,2030,191,4,0.22328484306207214
1,2030,192,3,0.703288959761904
1,2030,192,4,0.29671104023809597
1,2030,193,3,0.6567167244746213
1,2030,193,4,0.34328327552537874
1,2030,194,3,0.17132087092648432
1,2030,194,4,0.8286791290735157
1,2030,195,3,0.06580394239016932
1,2030,195,4,0.9341960576098307
1,2030,196,3,0.29441177058746276
1,2030,196,4,0.7055882294125372
1,2030,197,3,1.0
1,2030,198,3,1.0
1,2030,199,3,0.7392781926571672
1,2030,199,4,0.26072180734283273
1,2030,200,3,0.11487798510670476
1,2030,200,4,0.8851220148932953
1,2030,201,3,1.0
1,2030,202,3,0.9722493343556197
1,2030,202,4,0.02775066564438031
1,2030,203,4,1.0
1,2030,204,4,1.0
1,2030,205,3,0.10842708177406478
1,2030,205,4,0.8915729182259352
1,2030,206,3,0.47376975828561146
1,2030,206,4,0.5262302417143886
1,2030,207,3,0.43379306394662875
1,2030,207,4,0.5662069360533714
1,2030,208,3,0.9811945785225078
1,2030,208,4,0.018805421477492163
1,2030,209,3,0.9466814046354904
1,2030,209,4,0.05331859536450957
1,2030,210,3,1.0
1,2030,211,3,0.9726316050055609
1,2030,211,4,0.02736839499443908
1,2030,212,3,0.7287073962383535
1,2030,212,4,0.27129260376164654
1,2030,213,3,0.5314558907259429
1,2030,213,4,0.46854410927405715
1,2030,214,3,1.0
1,2030,215,3,0.8145991057846
1,2030,215,4,0.18540089421540004
1,2030,216,3,0.8855510618015406
1,2030,216,4,0.11444893819845935
1,2030,217,3,0.627213025516441
1,2030,217,4,0.37278697448355896
1,2030,218,3,1.0
1,2030,219,3,1.0
1,2030,220,3,0.5528283746180132
1,2030,220,4,0.4471716253819868
1,2030,221,4,1.0
1,2030,222,3,0.7908983589234828
1,2030,222,4,0.20910164107651727
1,2030,223,3,1.0
1,2030,224,3,1.0
1,2030,225,3,0.4471465109950142
1,2030,225,4,0.5528534890049859
1,2030,226,4,1.0
1,2030,227,4,1.0
1,2030,228,3,0.19178547753720682
1,2030,228,4,0.8082145224627931
1,2030,229,3,1.0
1,2030,230,3,1.0
1,2030,231,3,1.0
1,2030,232,3,0.9205522265988797
1,2030,232,4,0.07944777340112028
1,2030,233,3,0.397743391438735
1,2030,233,4,0.6022566085612651
1,2030,234,3,0.305100608817668
1,2030,234,4,0.694899391182332
1,2030,235,3,0.4319981934673414
1,2030,235,4,0.5680018065326585
1,2030,236,3,0.596684563933169
1,2030,236,4,0.403315436066831
1,2030,237,3,0.799657074553474
1,2030,237,4,0.20034292544652602
1,2030,238,3,0.4372481062111007
1,2030,238,4,0.5627518937888993
1,2030,239,3,0.27047182387829194
1,2030,239,4,0.7295281761217081
1,2030,240,4,1.0
1,2030,241,4,1.0
1,2030,242,4,1.0
1,2030,243,4,1.0
1,2030,244,4,1.0
1,2030,245,3,0.030583270512943406
1,2030,245,4,0.9694167294870565
1,2030,246,3,1.0
1,2030,247,3,1.0
1,2030,248,3,0.541693540108994
1,2030,248,4,0.4583064598910061
1,2030,249,4,1.0
1,2030,250,4,1.0
1,2030,251,3,0.3709953425189645
1,2030,251,4,0.6290046574810355
1,2030,252,3,0.05520359899522665
1,2030,252,4,0.9447964010047734
1,2030,253,3,0.5782212420399906
1,2030,253,4,0.42177875796000935
1,2030,254,3,1.0
1,2030,255,3,0.776553369454545
1,2030,255,4,0.22344663054545497
1,2030,256,3,0.5923962255035382
1,2030,256,4,0.40760377449646173
1,2030,257,3,0.46904926039210443
1,2030,257,4,0.5309507396078956
1,2030,258,3,0.3988326878816069
1,2030,258,4,0.6011673121183931
1,2030,259,3,0.5294575573206219
1,2030,259,4,0.4705424426793781
1,2030,260,3,0.8736658401337364
1,2030,260,4,0.12633415986626362
1,2030,261,3,0.6733507904448155
1,2030,261,4,0.32664920955518456
1,2030,262,3,0.027502403280087448
1,2030,262,4,0.9724975967199125
1,2030,263,3,0.7529565088298502
1,2030,263,4,0.24704349117014976
1,2030,264,3,0.5125659148700844
1,2030,264,4,0.48743408512991565
1,2030,265,3,0.1761638192108524
1,2030,265,4,0.8238361807891477
1,2030,266,3,0.6564289229819039
1,2030,266,4,0.34357107701809614
1,2030,267,3,0.7787121807156154
1,2030,267,4,0.22128781928438454
1,2030,268,3,0.48242970253634304
1,2030,268,4,0.517570297463657
1,2030,269,3,1.0
1,2030,270,3,1.0
1,2030,271,3,0.814221372149668
1,2030,271,4,0.18577862785033203
1,2030,272,3,1.0
1,2030,273,3,1.0
1,2030,274,3,1.0
1,2030,275,3,0.7960054040641601
1,2030,275,4,0.20399459593583993
1,2030,276,3,0.07261774429211054
1,2030,276,4,0.9273822557078893
1,2030,277,3,0.23568906189531888
1,2030,277,4,0.7643109381046811
1,2030,278,3,0.9132080180246269
1,2030,278,4,0.08679198197537312
1,2030,279,3,0.05845075810454836
1,2030,279,4,0.9415492418954517
1,2030,280,3,0.6334529935002531
1,2030,280,4,0.36654700649974686
1,2030,281,3,0.45850772843087934
1,2030,281,4,0.5414922715691206
1,2030,282,3,0.5643292806018203
1,2030,282,4,0.43567071939817975
1,2030,283,3,0.13577883727243678
1,2030,283,4,0.8642211627275632
1,2030,284,3,1.0
1,2030,285,3,1.0
1,2030,286,3,0.739717988864985
1,2030,286,4,0.2602820111350151
1,2030,287,3,0.652228155176777
1,2030,287,4,0.34777184482322304
1,2030,288,3,0.8811032544940661
1,2030,288,4,0.11889674550593386
1,2030,289,3,0.11860295858195768
1,2030,289,4,0.8813970414180422
1,2030,290,3,0.6080331381971587
1,2030,290,4,0.3919668618028413
1,2030,291,3,0.8041481316721262
1,2030,291,4,0.1958518683278738
1,2030,292,3,0.20770650899058718
1,2030,292,4,0.7922934910094128
1,2030,293,3,0.04324055248080951
1,2030,293,4,0.9567594475191904
1,2030,294,3,0.3549250677446761
1,2030,294,4,0.6450749322553239
1,2030,295,3,0.819899798166333
1,2030,295,4,0.180100201833667
1,2030,296,3,0.17918118621052087
1,2030,296,4,0.8208188137894792
1,2030,297,4,1.0
1,2030,298,3,0.834752066451637
1,2030,298,4,0.165247933548363
1,2030,299,3,0.05837823600424199
1,2030,299,4,0.9416217639957579
1,2030,300,3,0.6001657033645166
1,2030,300,4,0.3998342966354835
1,2030,301,4,1.0
1,2030,302,3,0.3954088292957115
1,2030,302,4,0.6045911707042886
1,2030,303,3,0.7802416968101248
1,2030,303,4,0.21975830318987521
1,2030,304,3,0.1060521705468425
1,2030,304,4,0.8939478294531575
1,2030,305,3,0.3077366533217361
1,2030,305,4,0.692263346678264
1,2030,306,3,0.6630577035563273
1,2030,306,4,0.33694229644367274
1,2030,307,3,0.8517367322613305
1,2030,307,4,0.14826326773866955
1,2030,308,3,0.6079145959423446
1,2030,308,4,0.3920854040576553
1,2030,309,3,0.7674060497722308
1,2030,309,4,0.23259395022776916
1,2030,310,3,0.9803149072434318
1,2030,310,4,0.019685092756568167
1,2030,311,3,1.0
1,2030,312,3,0.5988933068267841
1,2030,312,4,0.40110669317321596
1,2030,313,3,0.9251044194252321
1,2030,313,4,0.07489558057476783
1,2030,314,3,1.0
1,2030,315,3,0.6131864270004497
1,2030,315,4,0.3868135729995504
1,2030,316,3,0.02423154268962159
1,2030,316,4,0.9757684573103784
1,2030,317,3,0.09995911781256094
1,2030,317,4,0.900040882187439
1,2030,318,3,0.24929086616137952
1,2030,318,4,0.7507091338386205
1,2030,319,3,0.6695817130678519
1,2030,319,4,0.3304182869321482
1,2030,320,3,0.35337993743007945
1,2030,320,4,0.6466200625699206
1,2030,321,3,0.6879959842385568
1,2030,321,4,0.31200401576144315
1,2030,322,3,0.5376616691034054
1,2030,322,4,0.46233833089659465
1,2030,323,3,0.3929975402650668
1,2030,323,4,0.6070024597349333
1,2030,324,4,1.0
1,2030,325,3,0.12314158669889899
1,2030,325,4,0.876858413301101
1,2030,326,3,0.5407013457105242
1,2030,326,4,0.45929865428947575
1,2030,327,3,1.0
1,2030,328,3,0.2461962592118297
1,2030,328,4,0.7538037407881704
1,2030,329,3,0.45785933630537373
1,2030,329,4,0.5421406636946262
1,2030,330,3,0.2643648886949113
1,2030,330,4,0.7356351113050886
1,2030,331,3,0.34461822269695136
1,2030,331,4,0.6553817773030487
1,2030,332,3,0.43568255887181095
1,2030,332,4,0.5643174411281892
1,2030,333,3,0.7347960139002012
1,2030,333,4,0.26520398609979884
1,2030,334,3,0.12876985032004187
1,2030,334,4,0.8712301496799582
1,2030,335,4,1.0
1,2030,336,3,0.4214685262645552
1,2030,336,4,0.5785314737354449
1,2030,337,3,0.2532427191071422
1,2030,337,4,0.7467572808928579
1,2030,338,4,1.0
1,2030,339,3,0.49057155495603316
1,2030,339,4,0.5094284450439668
1,2030,340,3,0.7237941915917686
1,2030,340,4,0.2762058084082314
1,2030,341,3,1.0
1,2030,342,3,0.9517928082565762
1,2030,342,4,0.048207191743423854
1,2030,343,3,0.10299421108187348
1,2030,343,4,0.8970057889181265
1,2030,344,3,0.5251556171411097
1,2030,344,4,0.4748443828588903
1,2030,345,3,0.6527282617800066
1,2030,345,4,0.3472717382199934
1,2030,346,3,0.1626209378907859
1,2030,346,4,0.8373790621092141
1,2030,347,4,1.0
1,2030,348,4,1.0
1,2030,349,3,0.04603642117041461
1,2030,349,4,0.9539635788295854
1,2030,350,3,0.6537005523336268
1,2030,350,4,0.34629944766637316
1,2030,351,3,0.3356261532854383
1,2030,351,4,0.6643738467145617
1,2030,352,4,1.0
1,2030,353,3,0.8216230792797784
1,2030,353,4,0.17837692072022157
1,2030,354,3,0.3244685670293044
1,2030,354,4,0.6755314329706957
1,2030,355,4,1.0
1,2030,356,4,1.0
1,2030,357,4,1.0
1,2030,358,4,1.0
1,2030,359,4,1.0
1,2030,360,3,0.09856648614301179
1,2030,360,4,0.9014335138569881
1,2030,361,4,1.0
1,2030,362,4,1.0
1,2030,363,4,1.0
1,2030,364,4,1.0
1,2030,365,4,1.0
