year,period,rep_period,weight,scenario
2030,1,1,1.0,1
2030,2,5,1.0,1
2030,3,8,1.0,1
2030,4,25,1.0,1
2030,5,7,1.0,1
2030,6,4,1.0,1
2030,7,4,1.0,1
2030,8,22,1.0,1
2030,9,19,1.0,1
2030,10,11,1.0,1
2030,11,11,1.0,1
2030,12,4,1.0,1
2030,13,22,1.0,1
2030,14,29,1.0,1
2030,15,12,1.0,1
2030,16,10,1.0,1
2030,17,9,1.0,1
2030,18,30,1.0,1
2030,19,4,1.0,1
2030,20,25,1.0,1
2030,21,21,1.0,1
2030,22,17,1.0,1
2030,23,4,1.0,1
2030,24,2,1.0,1
2030,25,29,1.0,1
2030,26,21,1.0,1
2030,27,29,1.0,1
2030,28,19,1.0,1
2030,29,17,1.0,1
2030,30,5,1.0,1
2030,31,29,1.0,1
2030,32,29,1.0,1
2030,33,17,1.0,1
2030,34,25,1.0,1
2030,35,9,1.0,1
2030,36,25,1.0,1
2030,37,17,1.0,1
2030,38,7,1.0,1
2030,39,22,1.0,1
2030,40,17,1.0,1
2030,41,1,1.0,1
2030,42,9,1.0,1
2030,43,29,1.0,1
2030,44,8,1.0,1
2030,45,25,1.0,1
2030,46,26,1.0,1
2030,47,26,1.0,1
2030,48,17,1.0,1
2030,49,14,1.0,1
2030,50,5,1.0,1
2030,51,29,1.0,1
2030,52,28,1.0,1
2030,53,18,1.0,1
2030,54,26,1.0,1
2030,55,19,1.0,1
2030,56,30,1.0,1
2030,57,14,1.0,1
2030,58,16,1.0,1
2030,59,16,1.0,1
2030,60,16,1.0,1
2030,61,25,1.0,1
2030,62,1,1.0,1
2030,63,12,1.0,1
2030,64,25,1.0,1
2030,65,24,1.0,1
2030,66,10,1.0,1
2030,67,1,1.0,1
2030,68,20,1.0,1
2030,69,30,1.0,1
2030,70,2,1.0,1
2030,71,1,1.0,1
2030,72,11,1.0,1
2030,73,2,1.0,1
2030,74,19,1.0,1
2030,75,9,1.0,1
2030,76,27,1.0,1
2030,77,29,1.0,1
2030,78,3,1.0,1
2030,79,24,1.0,1
2030,80,27,1.0,1
2030,81,20,1.0,1
2030,82,14,1.0,1
2030,83,22,1.0,1
2030,84,29,1.0,1
2030,85,29,1.0,1
2030,86,15,1.0,1
2030,87,7,1.0,1
2030,88,29,1.0,1
2030,89,3,1.0,1
2030,90,13,1.0,1
2030,91,23,1.0,1
2030,92,13,1.0,1
2030,93,13,1.0,1
2030,94,19,1.0,1
2030,95,26,1.0,1
2030,96,8,1.0,1
2030,97,21,1.0,1
2030,98,13,1.0,1
2030,99,28,1.0,1
2030,100,18,1.0,1
2030,101,27,1.0,1
2030,102,24,1.0,1
2030,103,27,1.0,1
2030,104,29,1.0,1
2030,105,13,1.0,1
2030,106,29,1.0,1
2030,107,3,1.0,1
2030,108,8,1.0,1
2030,109,12,1.0,1
2030,110,14,1.0,1
2030,111,14,1.0,1
2030,112,14,1.0,1
2030,113,14,1.0,1
2030,114,20,1.0,1
2030,115,6,1.0,1
2030,116,19,1.0,1
2030,117,15,1.0,1
2030,118,24,1.0,1
2030,119,14,1.0,1
2030,120,16,1.0,1
2030,121,30,1.0,1
2030,122,10,1.0,1
2030,123,9,1.0,1
2030,124,14,1.0,1
2030,125,6,1.0,1
2030,126,28,1.0,1
2030,127,22,1.0,1
2030,128,24,1.0,1
2030,129,15,1.0,1
2030,130,3,1.0,1
2030,131,3,1.0,1
2030,132,29,1.0,1
2030,133,19,1.0,1
2030,134,27,1.0,1
2030,135,3,1.0,1
2030,136,13,1.0,1
2030,137,29,1.0,1
2030,138,3,1.0,1
2030,139,24,1.0,1
2030,140,14,1.0,1
2030,141,4,1.0,1
2030,142,2,1.0,1
2030,143,18,1.0,1
2030,144,14,1.0,1
2030,145,16,1.0,1
2030,146,23,1.0,1
2030,147,20,1.0,1
2030,148,22,1.0,1
2030,149,3,1.0,1
2030,150,15,1.0,1
2030,151,27,1.0,1
2030,152,24,1.0,1
2030,153,3,1.0,1
2030,154,19,1.0,1
2030,155,19,1.0,1
2030,156,18,1.0,1
2030,157,18,1.0,1
2030,158,27,1.0,1
2030,159,20,1.0,1
2030,160,25,1.0,1
2030,161,13,1.0,1
2030,162,24,1.0,1
2030,163,22,1.0,1
2030,164,11,1.0,1
2030,165,2,1.0,1
2030,166,16,1.0,1
2030,167,6,1.0,1
2030,168,13,1.0,1
2030,169,13,1.0,1
2030,170,13,1.0,1
2030,171,3,1.0,1
2030,172,13,1.0,1
2030,173,24,1.0,1
2030,174,19,1.0,1
2030,175,16,1.0,1
2030,176,14,1.0,1
2030,177,5,1.0,1
2030,178,15,1.0,1
2030,179,23,1.0,1
2030,180,6,1.0,1
2030,181,28,1.0,1
2030,182,1,1.0,1
2030,183,27,1.0,1
2030,184,15,1.0,1
2030,185,23,1.0,1
2030,186,21,1.0,1
2030,187,26,1.0,1
2030,188,26,1.0,1
2030,189,13,1.0,1
2030,190,13,1.0,1
2030,191,23,1.0,1
2030,192,13,1.0,1
2030,193,13,1.0,1
2030,194,23,1.0,1
2030,195,15,1.0,1
2030,196,3,1.0,1
2030,197,24,1.0,1
2030,198,27,1.0,1
2030,199,19,1.0,1
2030,200,15,1.0,1
2030,201,3,1.0,1
2030,202,3,1.0,1
2030,203,13,1.0,1
2030,204,29,1.0,1
2030,205,3,1.0,1
2030,206,13,1.0,1
2030,207,24,1.0,1
2030,208,18,1.0,1
2030,209,18,1.0,1
2030,210,18,1.0,1
2030,211,9,1.0,1
2030,212,21,1.0,1
2030,213,3,1.0,1
2030,214,15,1.0,1
2030,215,28,1.0,1
2030,216,1,1.0,1
2030,217,27,1.0,1
2030,218,13,1.0,1
2030,219,13,1.0,1
2030,220,13,1.0,1
2030,221,8,1.0,1
2030,222,16,1.0,1
2030,223,20,1.0,1
2030,224,6,1.0,1
2030,225,28,1.0,1
2030,226,21,1.0,1
2030,227,27,1.0,1
2030,228,25,1.0,1
2030,229,3,1.0,1
2030,230,8,1.0,1
2030,231,6,1.0,1
2030,232,20,1.0,1
2030,233,14,1.0,1
2030,234,6,1.0,1
2030,235,27,1.0,1
2030,236,3,1.0,1
2030,237,13,1.0,1
2030,238,13,1.0,1
2030,239,19,1.0,1
2030,240,15,1.0,1
2030,241,3,1.0,1
2030,242,27,1.0,1
2030,243,13,1.0,1
2030,244,7,1.0,1
2030,245,16,1.0,1
2030,246,10,1.0,1
2030,247,14,1.0,1
2030,248,2,1.0,1
2030,249,15,1.0,1
2030,250,3,1.0,1
2030,251,8,1.0,1
2030,252,16,1.0,1
2030,253,27,1.0,1
2030,254,3,1.0,1
2030,255,17,1.0,1
2030,256,2,1.0,1
2030,257,15,1.0,1
2030,258,3,1.0,1
2030,259,3,1.0,1
2030,260,3,1.0,1
2030,261,17,1.0,1
2030,262,30,1.0,1
2030,263,5,1.0,1
2030,264,8,1.0,1
2030,265,6,1.0,1
2030,266,21,1.0,1
2030,267,24,1.0,1
2030,268,6,1.0,1
2030,269,14,1.0,1
2030,270,4,1.0,1
2030,271,30,1.0,1
2030,272,16,1.0,1
2030,273,1,1.0,1
2030,274,1,1.0,1
2030,275,2,1.0,1
2030,276,20,1.0,1
2030,277,1,1.0,1
2030,278,14,1.0,1
2030,279,3,1.0,1
2030,280,1,1.0,1
2030,281,15,1.0,1
2030,282,24,1.0,1
2030,283,27,1.0,1
2030,284,3,1.0,1
2030,285,26,1.0,1
2030,286,3,1.0,1
2030,287,24,1.0,1
2030,288,12,1.0,1
2030,289,25,1.0,1
2030,290,29,1.0,1
2030,291,3,1.0,1
2030,292,24,1.0,1
2030,293,30,1.0,1
2030,294,30,1.0,1
2030,295,7,1.0,1
2030,296,2,1.0,1
2030,297,12,1.0,1
2030,298,1,1.0,1
2030,299,9,1.0,1
2030,300,12,1.0,1
2030,301,11,1.0,1
2030,302,2,1.0,1
2030,303,11,1.0,1
2030,304,4,1.0,1
2030,305,2,1.0,1
2030,306,9,1.0,1
2030,307,1,1.0,1
2030,308,2,1.0,1
2030,309,19,1.0,1
2030,310,5,1.0,1
2030,311,25,1.0,1
2030,312,21,1.0,1
2030,313,8,1.0,1
2030,314,1,1.0,1
2030,315,26,1.0,1
2030,316,8,1.0,1
2030,317,1,1.0,1
2030,318,9,1.0,1
2030,319,30,1.0,1
2030,320,5,1.0,1
2030,321,8,1.0,1
2030,322,21,1.0,1
2030,323,17,1.0,1
2030,324,22,1.0,1
2030,325,26,1.0,1
2030,326,7,1.0,1
2030,327,4,1.0,1
2030,328,2,1.0,1
2030,329,17,1.0,1
2030,330,11,1.0,1
2030,331,4,1.0,1
2030,332,2,1.0,1
2030,333,2,1.0,1
2030,334,25,1.0,1
2030,335,7,1.0,1
2030,336,22,1.0,1
2030,337,19,1.0,1
2030,338,7,1.0,1
2030,339,4,1.0,1
2030,340,2,1.0,1
2030,341,22,1.0,1
2030,342,8,1.0,1
2030,343,21,1.0,1
2030,344,8,1.0,1
2030,345,26,1.0,1
2030,346,17,1.0,1
2030,347,9,1.0,1
2030,348,2,1.0,1
2030,349,12,1.0,1
2030,350,4,1.0,1
2030,351,30,1.0,1
2030,352,1,1.0,1
2030,353,26,1.0,1
2030,354,7,1.0,1
2030,355,9,1.0,1
2030,356,10,1.0,1
2030,357,22,1.0,1
2030,358,7,1.0,1
2030,359,5,1.0,1
2030,360,11,1.0,1
2030,361,1,1.0,1
2030,362,22,1.0,1
2030,363,29,1.0,1
2030,364,21,1.0,1
2030,365,17,1.0,1
2030,1,4,1.0,2
2030,2,5,1.0,2
2030,3,11,1.0,2
2030,4,12,1.0,2
2030,5,4,1.0,2
2030,6,7,1.0,2
2030,7,17,1.0,2
2030,8,22,1.0,2
2030,9,30,1.0,2
2030,10,22,1.0,2
2030,11,8,1.0,2
2030,12,25,1.0,2
2030,13,21,1.0,2
2030,14,11,1.0,2
2030,15,2,1.0,2
2030,16,10,1.0,2
2030,17,1,1.0,2
2030,18,4,1.0,2
2030,19,30,1.0,2
2030,20,4,1.0,2
2030,21,10,1.0,2
2030,22,1,1.0,2
2030,23,26,1.0,2
2030,24,7,1.0,2
2030,25,10,1.0,2
2030,26,21,1.0,2
2030,27,39,1.0,2
2030,28,29,1.0,2
2030,29,19,1.0,2
2030,30,25,1.0,2
2030,31,19,1.0,2
2030,32,11,1.0,2
2030,33,10,1.0,2
2030,34,12,1.0,2
2030,35,29,1.0,2
2030,36,26,1.0,2
2030,37,26,1.0,2
2030,38,29,1.0,2
2030,39,17,1.0,2
2030,40,25,1.0,2
2030,41,29,1.0,2
2030,42,17,1.0,2
2030,43,1,1.0,2
2030,44,2,1.0,2
2030,45,17,1.0,2
2030,46,4,1.0,2
2030,47,4,1.0,2
2030,48,1,1.0,2
2030,49,1,1.0,2
2030,50,7,1.0,2
2030,51,2,1.0,2
2030,52,11,1.0,2
2030,53,4,1.0,2
2030,54,2,1.0,2
2030,55,7,1.0,2
2030,56,4,1.0,2
2030,57,10,1.0,2
2030,58,12,1.0,2
2030,59,2,1.0,2
2030,60,4,1.0,2
2030,61,11,1.0,2
2030,62,4,1.0,2
2030,63,2,1.0,2
2030,64,4,1.0,2
2030,65,4,1.0,2
2030,66,4,1.0,2
2030,67,11,1.0,2
2030,68,4,1.0,2
2030,69,1,1.0,2
2030,70,20,1.0,2
2030,71,2,1.0,2
2030,72,17,1.0,2
2030,73,1,1.0,2
2030,74,21,1.0,2
2030,75,3,1.0,2
2030,76,3,1.0,2
2030,77,23,1.0,2
2030,78,21,1.0,2
2030,79,26,1.0,2
2030,80,29,1.0,2
2030,81,19,1.0,2
2030,82,16,1.0,2
2030,83,14,1.0,2
2030,84,14,1.0,2
2030,85,1,1.0,2
2030,86,21,1.0,2
2030,87,3,1.0,2
2030,88,28,1.0,2
2030,89,29,1.0,2
2030,90,24,1.0,2
2030,91,30,1.0,2
2030,92,16,1.0,2
2030,93,20,1.0,2
2030,94,6,1.0,2
2030,95,5,1.0,2
2030,96,3,1.0,2
2030,97,19,1.0,2
2030,98,30,1.0,2
2030,99,16,1.0,2
2030,100,22,1.0,2
2030,101,28,1.0,2
2030,102,14,1.0,2
2030,103,9,1.0,2
2030,104,16,1.0,2
2030,105,6,1.0,2
2030,106,27,1.0,2
2030,107,20,1.0,2
2030,108,14,1.0,2
2030,109,16,1.0,2
2030,110,18,1.0,2
2030,111,18,1.0,2
2030,112,27,1.0,2
2030,113,23,1.0,2
2030,114,27,1.0,2
2030,115,20,1.0,2
2030,116,27,1.0,2
2030,117,13,1.0,2
2030,118,27,1.0,2
2030,119,27,1.0,2
2030,120,3,1.0,2
2030,121,29,1.0,2
2030,122,3,1.0,2
2030,123,23,1.0,2
2030,124,13,1.0,2
2030,125,20,1.0,2
2030,126,14,1.0,2
2030,127,5,1.0,2
2030,128,13,1.0,2
2030,129,13,1.0,2
2030,130,13,1.0,2
2030,131,17,1.0,2
2030,132,10,1.0,2
2030,133,9,1.0,2
2030,134,30,1.0,2
2030,135,10,1.0,2
2030,136,23,1.0,2
2030,137,18,1.0,2
2030,138,6,1.0,2
2030,139,3,1.0,2
2030,140,8,1.0,2
2030,141,3,1.0,2
2030,142,20,1.0,2
2030,143,2,1.0,2
2030,144,30,1.0,2
2030,145,6,1.0,2
2030,146,14,1.0,2
2030,147,20,1.0,2
2030,148,5,1.0,2
2030,149,28,1.0,2
2030,150,14,1.0,2
2030,151,6,1.0,2
2030,152,27,1.0,2
2030,153,27,1.0,2
2030,154,20,1.0,2
2030,155,18,1.0,2
2030,156,6,1.0,2
2030,157,13,1.0,2
2030,158,24,1.0,2
2030,159,19,1.0,2
2030,160,30,1.0,2
2030,161,14,1.0,2
2030,162,16,1.0,2
2030,163,15,1.0,2
2030,164,28,1.0,2
2030,165,22,1.0,2
2030,166,20,1.0,2
2030,167,16,1.0,2
2030,168,27,1.0,2
2030,169,27,1.0,2
2030,170,13,1.0,2
2030,171,13,1.0,2
2030,172,13,1.0,2
2030,173,13,1.0,2
2030,174,13,1.0,2
2030,175,13,1.0,2
2030,176,20,1.0,2
2030,177,6,1.0,2
2030,178,26,1.0,2
2030,179,3,1.0,2
2030,180,8,1.0,2
2030,181,30,1.0,2
2030,182,16,1.0,2
2030,183,30,1.0,2
2030,184,10,1.0,2
2030,185,15,1.0,2
2030,186,3,1.0,2
2030,187,3,1.0,2
2030,188,23,1.0,2
2030,189,23,1.0,2
2030,190,27,1.0,2
2030,191,3,1.0,2
2030,192,27,1.0,2
2030,193,13,1.0,2
2030,194,3,1.0,2
2030,195,3,1.0,2
2030,196,13,1.0,2
2030,197,15,1.0,2
2030,198,3,1.0,2
2030,199,29,1.0,2
2030,200,24,1.0,2
2030,201,1,1.0,2
2030,202,15,1.0,2
2030,203,13,1.0,2
2030,204,13,1.0,2
2030,205,3,1.0,2
2030,206,3,1.0,2
2030,207,3,1.0,2
2030,208,24,1.0,2
2030,209,27,1.0,2
2030,210,3,1.0,2
2030,211,24,1.0,2
2030,212,6,1.0,2
2030,213,13,1.0,2
2030,214,8,1.0,2
2030,215,11,1.0,2
2030,216,22,1.0,2
2030,217,3,1.0,2
2030,218,3,1.0,2
2030,219,6,1.0,2
2030,220,28,1.0,2
2030,221,1,1.0,2
2030,222,26,1.0,2
2030,223,25,1.0,2
2030,224,26,1.0,2
2030,225,3,1.0,2
2030,226,24,1.0,2
2030,227,6,1.0,2
2030,228,27,1.0,2
2030,229,28,1.0,2
2030,230,27,1.0,2
2030,231,3,1.0,2
2030,232,3,1.0,2
2030,233,24,1.0,2
2030,234,25,1.0,2
2030,235,19,1.0,2
2030,236,19,1.0,2
2030,237,15,1.0,2
2030,238,26,1.0,2
2030,239,1,1.0,2
2030,240,16,1.0,2
2030,241,16,1.0,2
2030,242,15,1.0,2
2030,243,23,1.0,2
2030,244,23,1.0,2
2030,245,28,1.0,2
2030,246,18,1.0,2
2030,247,16,1.0,2
2030,248,16,1.0,2
2030,249,18,1.0,2
2030,250,23,1.0,2
2030,251,3,1.0,2
2030,252,28,1.0,2
2030,253,22,1.0,2
2030,254,28,1.0,2
2030,255,30,1.0,2
2030,256,4,1.0,2
2030,257,2,1.0,2
2030,258,21,1.0,2
2030,259,3,1.0,2
2030,260,17,1.0,2
2030,261,4,1.0,2
2030,262,22,1.0,2
2030,263,7,1.0,2
2030,264,1,1.0,2
2030,265,26,1.0,2
2030,266,21,1.0,2
2030,267,17,1.0,2
2030,268,30,1.0,2
2030,269,10,1.0,2
2030,270,21,1.0,2
2030,271,11,1.0,2
2030,272,5,1.0,2
2030,273,3,1.0,2
2030,274,26,1.0,2
2030,275,29,1.0,2
2030,276,15,1.0,2
2030,277,26,1.0,2
2030,278,17,1.0,2
2030,279,2,1.0,2
2030,280,27,1.0,2
2030,281,24,1.0,2
2030,282,20,1.0,2
2030,283,1,1.0,2
2030,284,19,1.0,2
2030,285,11,1.0,2
2030,286,2,1.0,2
2030,287,21,1.0,2
2030,288,7,1.0,2
2030,289,2,1.0,2
2030,290,12,1.0,2
2030,291,30,1.0,2
2030,292,2,1.0,2
2030,293,7,1.0,2
2030,294,2,1.0,2
2030,295,11,1.0,2
2030,296,7,1.0,2
2030,297,22,1.0,2
2030,298,29,1.0,2
2030,299,28,1.0,2
2030,300,15,1.0,2
2030,301,3,1.0,2
2030,302,29,1.0,2
2030,303,17,1.0,2
2030,304,14,1.0,2
2030,305,14,1.0,2
2030,306,5,1.0,2
2030,307,25,1.0,2
2030,308,19,1.0,2
2030,309,21,1.0,2
2030,310,29,1.0,2
2030,311,26,1.0,2
2030,312,8,1.0,2
2030,313,5,1.0,2
2030,314,7,1.0,2
2030,315,4,1.0,2
2030,316,5,1.0,2
2030,317,17,1.0,2
2030,318,30,1.0,2
2030,319,11,1.0,2
2030,320,4,1.0,2
2030,321,4,1.0,2
2030,322,5,1.0,2
2030,323,7,1.0,2
2030,324,21,1.0,2
2030,325,29,1.0,2
2030,326,29,1.0,2
2030,327,29,1.0,2
2030,328,29,1.0,2
2030,329,29,1.0,2
2030,330,29,1.0,2
2030,331,35,1.0,2
2030,332,8,1.0,2
2030,333,30,1.0,2
2030,334,2,1.0,2
2030,335,8,1.0,2
2030,336,8,1.0,2
2030,337,5,1.0,2
2030,338,17,1.0,2
2030,339,5,1.0,2
2030,340,29,1.0,2
2030,341,7,1.0,2
2030,342,10,1.0,2
2030,343,30,1.0,2
2030,344,11,1.0,2
2030,345,5,1.0,2
2030,346,11,1.0,2
2030,347,10,1.0,2
2030,348,11,1.0,2
2030,349,30,1.0,2
2030,350,22,1.0,2
2030,351,19,1.0,2
2030,352,5,1.0,2
2030,353,19,1.0,2
2030,354,7,1.0,2
2030,355,11,1.0,2
2030,356,10,1.0,2
2030,357,25,1.0,2
2030,358,12,1.0,2
2030,359,30,1.0,2
2030,360,4,1.0,2
2030,361,22,1.0,2
2030,362,21,1.0,2
2030,363,26,1.0,2
2030,364,26,1.0,2
2030,365,26,1.0,2
2030,1,11,1.0,3
2030,2,2,1.0,3
2030,3,30,1.0,3
2030,4,5,1.0,3
2030,5,26,1.0,3
2030,6,29,1.0,3
2030,7,26,1.0,3
2030,8,21,1.0,3
2030,9,26,1.0,3
2030,10,26,1.0,3
2030,11,29,1.0,3
2030,12,29,1.0,3
2030,13,8,1.0,3
2030,14,25,1.0,3
2030,15,8,1.0,3
2030,16,11,1.0,3
2030,17,2,1.0,3
2030,18,11,1.0,3
2030,19,5,1.0,3
2030,20,19,1.0,3
2030,21,1,1.0,3
2030,22,7,1.0,3
2030,23,4,1.0,3
2030,24,2,1.0,3
2030,25,30,1.0,3
2030,26,29,1.0,3
2030,27,29,1.0,3
2030,28,12,1.0,3
2030,29,4,1.0,3
2030,30,10,1.0,3
2030,31,11,1.0,3
2030,32,21,1.0,3
2030,33,17,1.0,3
2030,34,5,1.0,3
2030,35,1,1.0,3
2030,36,9,1.0,3
2030,37,1,1.0,3
2030,38,11,1.0,3
2030,39,4,1.0,3
2030,40,26,1.0,3
2030,41,19,1.0,3
2030,42,8,1.0,3
2030,43,30,1.0,3
2030,44,30,1.0,3
2030,45,5,1.0,3
2030,46,21,1.0,3
2030,47,17,1.0,3
2030,48,1,1.0,3
2030,49,1,1.0,3
2030,50,11,1.0,3
2030,51,4,1.0,3
2030,52,4,1.0,3
2030,53,4,1.0,3
2030,54,6,1.0,3
2030,55,30,1.0,3
2030,56,30,1.0,3
2030,57,2,1.0,3
2030,58,20,1.0,3
2030,59,30,1.0,3
2030,60,2,1.0,3
2030,61,11,1.0,3
2030,62,11,1.0,3
2030,63,30,1.0,3
2030,64,16,1.0,3
2030,65,1,1.0,3
2030,66,16,1.0,3
2030,67,16,1.0,3
2030,68,30,1.0,3
2030,69,2,1.0,3
2030,70,21,1.0,3
2030,71,6,1.0,3
2030,72,9,1.0,3
2030,73,30,1.0,3
2030,74,1,1.0,3
2030,75,13,1.0,3
2030,76,30,1.0,3
2030,77,4,1.0,3
2030,78,4,1.0,3
2030,79,14,1.0,3
2030,80,5,1.0,3
2030,81,3,1.0,3
2030,82,29,1.0,3
2030,83,3,1.0,3
2030,84,13,1.0,3
2030,85,27,1.0,3
2030,86,3,1.0,3
2030,87,8,1.0,3
2030,88,17,1.0,3
2030,89,4,1.0,3
2030,90,4,1.0,3
2030,91,14,1.0,3
2030,92,27,1.0,3
2030,93,28,1.0,3
2030,94,6,1.0,3
2030,95,29,1.0,3
2030,96,3,1.0,3
2030,97,27,1.0,3
2030,98,13,1.0,3
2030,99,28,1.0,3
2030,100,15,1.0,3
2030,101,19,1.0,3
2030,102,13,1.0,3
2030,103,24,1.0,3
2030,104,16,1.0,3
2030,105,24,1.0,3
2030,106,3,1.0,3
2030,107,20,1.0,3
2030,108,16,1.0,3
2030,109,18,1.0,3
2030,110,15,1.0,3
2030,111,24,1.0,3
2030,112,23,1.0,3
2030,113,30,1.0,3
2030,114,2,1.0,3
2030,115,23,1.0,3
2030,116,20,1.0,3
2030,117,21,1.0,3
2030,118,24,1.0,3
2030,119,16,1.0,3
2030,120,5,1.0,3
2030,121,26,1.0,3
2030,122,18,1.0,3
2030,123,5,1.0,3
2030,124,27,1.0,3
2030,125,13,1.0,3
2030,126,8,1.0,3
2030,127,5,1.0,3
2030,128,18,1.0,3
2030,129,29,1.0,3
2030,130,23,1.0,3
2030,131,27,1.0,3
2030,132,28,1.0,3
2030,133,5,1.0,3
2030,134,27,1.0,3
2030,135,28,1.0,3
2030,136,30,1.0,3
2030,137,14,1.0,3
2030,138,5,1.0,3
2030,139,20,1.0,3
2030,140,4,1.0,3
2030,141,2,1.0,3
2030,142,9,1.0,3
2030,143,16,1.0,3
2030,144,9,1.0,3
2030,145,26,1.0,3
2030,146,21,1.0,3
2030,147,28,1.0,3
2030,148,18,1.0,3
2030,149,12,1.0,3
2030,150,9,1.0,3
2030,151,28,1.0,3
2030,152,12,1.0,3
2030,153,27,1.0,3
2030,154,20,1.0,3
2030,155,16,1.0,3
2030,156,18,1.0,3
2030,157,27,1.0,3
2030,158,29,1.0,3
2030,159,26,1.0,3
2030,160,1,1.0,3
2030,161,27,1.0,3
2030,162,3,1.0,3
2030,163,3,1.0,3
2030,164,20,1.0,3
2030,165,4,1.0,3
2030,166,2,1.0,3
2030,167,27,1.0,3
2030,168,13,1.0,3
2030,169,28,1.0,3
2030,170,16,1.0,3
2030,171,18,1.0,3
2030,172,18,1.0,3
2030,173,18,1.0,3
2030,174,27,1.0,3
2030,175,13,1.0,3
2030,176,13,1.0,3
2030,177,13,1.0,3
2030,178,13,1.0,3
2030,179,3,1.0,3
2030,180,24,1.0,3
2030,181,21,1.0,3
2030,182,3,1.0,3
2030,183,13,1.0,3
2030,184,13,1.0,3
2030,185,28,1.0,3
2030,186,13,1.0,3
2030,187,28,1.0,3
2030,188,16,1.0,3
2030,189,27,1.0,3
2030,190,13,1.0,3
2030,191,15,1.0,3
2030,192,3,1.0,3
2030,193,29,1.0,3
2030,194,18,1.0,3
2030,195,16,1.0,3
2030,196,1,1.0,3
2030,197,5,1.0,3
2030,198,15,1.0,3
2030,199,13,1.0,3
2030,200,24,1.0,3
2030,201,18,1.0,3
2030,202,15,1.0,3
2030,203,23,1.0,3
2030,204,19,1.0,3
2030,205,6,1.0,3
2030,206,23,1.0,3
2030,207,13,1.0,3
2030,208,13,1.0,3
2030,209,13,1.0,3
2030,210,28,1.0,3
2030,211,21,1.0,3
2030,212,3,1.0,3
2030,213,3,1.0,3
2030,214,13,1.0,3
2030,215,13,1.0,3
2030,216,13,1.0,3
2030,217,13,1.0,3
2030,218,24,1.0,3
2030,219,16,1.0,3
2030,220,20,1.0,3
2030,221,10,1.0,3
2030,222,5,1.0,3
2030,223,7,1.0,3
2030,224,22,1.0,3
2030,225,19,1.0,3
2030,226,25,1.0,3
2030,227,23,1.0,3
2030,228,20,1.0,3
2030,229,14,1.0,3
2030,230,6,1.0,3
2030,231,24,1.0,3
2030,232,15,1.0,3
2030,233,27,1.0,3
2030,234,24,1.0,3
2030,235,27,1.0,3
2030,236,15,1.0,3
2030,237,15,1.0,3
2030,238,15,1.0,3
2030,239,27,1.0,3
2030,240,24,1.0,3
2030,241,28,1.0,3
2030,242,10,1.0,3
2030,243,16,1.0,3
2030,244,1,1.0,3
2030,245,11,1.0,3
2030,246,14,1.0,3
2030,247,6,1.0,3
2030,248,26,1.0,3
2030,249,19,1.0,3
2030,250,9,1.0,3
2030,251,27,1.0,3
2030,252,28,1.0,3
2030,253,16,1.0,3
2030,254,27,1.0,3
2030,255,7,1.0,3
2030,256,30,1.0,3
2030,257,10,1.0,3
2030,258,6,1.0,3
2030,259,29,1.0,3
2030,260,3,1.0,3
2030,261,3,1.0,3
2030,262,3,1.0,3
2030,263,3,1.0,3
2030,264,3,1.0,3
2030,265,15,1.0,3
2030,266,3,1.0,3
2030,267,29,1.0,3
2030,268,3,1.0,3
2030,269,29,1.0,3
2030,270,24,1.0,3
2030,271,30,1.0,3
2030,272,7,1.0,3
2030,273,14,1.0,3
2030,274,2,1.0,3
2030,275,9,1.0,3
2030,276,15,1.0,3
2030,277,28,1.0,3
2030,278,12,1.0,3
2030,279,25,1.0,3
2030,280,19,1.0,3
2030,281,6,1.0,3
2030,282,3,1.0,3
2030,283,29,1.0,3
2030,284,3,1.0,3
2030,285,29,1.0,3
2030,286,8,1.0,3
2030,287,22,1.0,3
2030,288,17,1.0,3
2030,289,30,1.0,3
2030,290,4,1.0,3
2030,291,2,1.0,3
2030,292,4,1.0,3
2030,293,4,1.0,3
2030,294,4,1.0,3
2030,295,1,1.0,3
2030,296,20,1.0,3
2030,297,1,1.0,3
2030,298,29,1.0,3
2030,299,29,1.0,3
2030,300,26,1.0,3
2030,301,29,1.0,3
2030,302,29,1.0,3
2030,303,26,1.0,3
2030,304,21,1.0,3
2030,305,29,1.0,3
2030,306,29,1.0,3
2030,307,8,1.0,3
2030,308,10,1.0,3
2030,309,21,1.0,3
2030,310,29,1.0,3
2030,311,7,1.0,3
2030,312,10,1.0,3
2030,313,19,1.0,3
2030,314,1,1.0,3
2030,315,11,1.0,3
2030,316,22,1.0,3
2030,317,8,1.0,3
2030,318,25,1.0,3
2030,319,26,1.0,3
2030,320,21,1.0,3
2030,321,26,1.0,3
2030,322,8,1.0,3
2030,323,12,1.0,3
2030,324,10,1.0,3
2030,325,2,1.0,3
2030,326,19,1.0,3
2030,327,2,1.0,3
2030,328,25,1.0,3
2030,329,8,1.0,3
2030,330,10,1.0,3
2030,331,30,1.0,3
2030,332,4,1.0,3
2030,333,2,1.0,3
2030,334,12,1.0,3
2030,335,4,1.0,3
2030,336,2,1.0,3
2030,337,29,1.0,3
2030,338,19,1.0,3
2030,339,4,1.0,3
2030,340,2,1.0,3
2030,341,30,1.0,3
2030,342,1,1.0,3
2030,343,29,1.0,3
2030,344,30,1.0,3
2030,345,4,1.0,3
2030,346,30,1.0,3
2030,347,4,1.0,3
2030,348,4,1.0,3
2030,349,22,1.0,3
2030,350,8,1.0,3
2030,351,22,1.0,3
2030,352,11,1.0,3
2030,353,5,1.0,3
2030,354,1,1.0,3
2030,355,1,1.0,3
2030,356,1,1.0,3
2030,357,11,1.0,3
2030,358,2,1.0,3
2030,359,25,1.0,3
2030,360,8,1.0,3
2030,361,9,1.0,3
2030,362,19,1.0,3
2030,363,1,1.0,3
2030,364,29,1.0,3
2030,365,29,1.0,3
2030,1,12,1.0,4
2030,2,4,1.0,4
2030,3,2,1.0,4
2030,4,1,1.0,4
2030,5,1,1.0,4
2030,6,21,1.0,4
2030,7,29,1.0,4
2030,8,19,1.0,4
2030,9,9,1.0,4
2030,10,11,1.0,4
2030,11,11,1.0,4
2030,12,4,1.0,4
2030,13,5,1.0,4
2030,14,17,1.0,4
2030,15,30,1.0,4
2030,16,10,1.0,4
2030,17,22,1.0,4
2030,18,7,1.0,4
2030,19,11,1.0,4
2030,20,7,1.0,4
2030,21,2,1.0,4
2030,22,19,1.0,4
2030,23,9,1.0,4
2030,24,25,1.0,4
2030,25,29,1.0,4
2030,26,29,1.0,4
2030,27,29,1.0,4
2030,28,8,1.0,4
2030,29,5,1.0,4
2030,30,29,1.0,4
2030,31,29,1.0,4
2030,32,29,1.0,4
2030,33,17,1.0,4
2030,34,30,1.0,4
2030,35,25,1.0,4
2030,36,8,1.0,4
2030,37,11,1.0,4
2030,38,22,1.0,4
2030,39,17,1.0,4
2030,40,9,1.0,4
2030,41,8,1.0,4
2030,42,26,1.0,4
2030,43,27,1.0,4
2030,44,26,1.0,4
2030,45,26,1.0,4
2030,46,26,1.0,4
2030,47,29,1.0,4
2030,48,8,1.0,4
2030,49,9,1.0,4
2030,50,1,1.0,4
2030,51,14,1.0,4
2030,52,2,1.0,4
2030,53,9,1.0,4
2030,54,2,1.0,4
2030,55,7,1.0,4
2030,56,5,1.0,4
2030,57,19,1.0,4
2030,58,29,1.0,4
2030,59,8,1.0,4
2030,60,2,1.0,4
2030,61,7,1.0,4
2030,62,22,1.0,4
2030,63,7,1.0,4
2030,64,12,1.0,4
2030,65,2,1.0,4
2030,66,19,1.0,4
2030,67,19,1.0,4
2030,68,30,1.0,4
2030,69,22,1.0,4
2030,70,3,1.0,4
2030,71,28,1.0,4
2030,72,20,1.0,4
2030,73,30,1.0,4
2030,74,10,1.0,4
2030,75,1,1.0,4
2030,76,8,1.0,4
2030,77,14,1.0,4
2030,78,10,1.0,4
2030,79,9,1.0,4
2030,80,1,1.0,4
2030,81,15,1.0,4
2030,82,20,1.0,4
2030,83,21,1.0,4
2030,84,3,1.0,4
2030,85,29,1.0,4
2030,86,29,1.0,4
2030,87,24,1.0,4
2030,88,12,1.0,4
2030,89,6,1.0,4
2030,90,27,1.0,4
2030,91,13,1.0,4
2030,92,13,1.0,4
2030,93,3,1.0,4
2030,94,3,1.0,4
2030,95,27,1.0,4
2030,96,29,1.0,4
2030,97,23,1.0,4
2030,98,13,1.0,4
2030,99,13,1.0,4
2030,100,28,1.0,4
2030,101,18,1.0,4
2030,102,3,1.0,4
2030,103,23,1.0,4
2030,104,13,1.0,4
2030,105,27,1.0,4
2030,106,13,1.0,4
2030,107,17,1.0,4
2030,108,2,1.0,4
2030,109,3,1.0,4
2030,110,28,1.0,4
2030,111,16,1.0,4
2030,112,28,1.0,4
2030,113,15,1.0,4
2030,114,28,1.0,4
2030,115,22,1.0,4
2030,116,27,1.0,4
2030,117,6,1.0,4
2030,118,28,1.0,4
2030,119,30,1.0,4
2030,120,4,1.0,4
2030,121,4,1.0,4
2030,122,14,1.0,4
2030,123,16,1.0,4
2030,124,6,1.0,4
2030,125,29,1.0,4
2030,126,24,1.0,4
2030,127,19,1.0,4
2030,128,16,1.0,4
2030,129,18,1.0,4
2030,130,23,1.0,4
2030,131,24,1.0,4
2030,132,18,1.0,4
2030,133,13,1.0,4
2030,134,23,1.0,4
2030,135,12,1.0,4
2030,136,5,1.0,4
2030,137,23,1.0,4
2030,138,27,1.0,4
2030,139,13,1.0,4
2030,140,13,1.0,4
2030,141,13,1.0,4
2030,142,23,1.0,4
2030,143,23,1.0,4
2030,144,23,1.0,4
2030,145,23,1.0,4
2030,146,13,1.0,4
2030,147,13,1.0,4
2030,148,13,1.0,4
2030,149,23,1.0,4
2030,150,26,1.0,4
2030,151,13,1.0,4
2030,152,23,1.0,4
2030,153,23,1.0,4
2030,154,27,1.0,4
2030,155,18,1.0,4
2030,156,14,1.0,4
2030,157,22,1.0,4
2030,158,24,1.0,4
2030,159,20,1.0,4
2030,160,22,1.0,4
2030,161,6,1.0,4
2030,162,15,1.0,4
2030,163,15,1.0,4
2030,164,13,1.0,4
2030,165,3,1.0,4
2030,166,13,1.0,4
2030,167,1,1.0,4
2030,168,15,1.0,4
2030,169,27,1.0,4
2030,170,8,1.0,4
2030,171,6,1.0,4
2030,172,23,1.0,4
2030,173,18,1.0,4
2030,174,16,1.0,4
2030,175,16,1.0,4
2030,176,15,1.0,4
2030,177,13,1.0,4
2030,178,13,1.0,4
2030,179,13,1.0,4
2030,180,13,1.0,4
2030,181,28,1.0,4
2030,182,22,1.0,4
2030,183,23,1.0,4
2030,184,13,1.0,4
2030,185,23,1.0,4
2030,186,23,1.0,4
2030,187,23,1.0,4
2030,188,23,1.0,4
2030,189,27,1.0,4
2030,190,24,1.0,4
2030,191,30,1.0,4
2030,192,14,1.0,4
2030,193,16,1.0,4
2030,194,18,1.0,4
2030,195,15,1.0,4
2030,196,28,1.0,4
2030,197,27,1.0,4
2030,198,21,1.0,4
2030,199,15,1.0,4
2030,200,26,1.0,4
2030,201,19,1.0,4
2030,202,21,1.0,4
2030,203,3,1.0,4
2030,204,3,1.0,4
2030,205,26,1.0,4
2030,206,26,1.0,4
2030,207,21,1.0,4
2030,208,3,1.0,4
2030,209,19,1.0,4
2030,210,17,1.0,4
2030,211,5,1.0,4
2030,212,24,1.0,4
2030,213,19,1.0,4
2030,214,15,1.0,4
2030,215,27,1.0,4
2030,216,3,1.0,4
2030,217,26,1.0,4
2030,218,27,1.0,4
2030,219,3,1.0,4
2030,220,13,1.0,4
2030,221,23,1.0,4
2030,222,15,1.0,4
2030,223,6,1.0,4
2030,224,13,1.0,4
2030,225,13,1.0,4
2030,226,27,1.0,4
2030,227,13,1.0,4
2030,228,28,1.0,4
2030,229,30,1.0,4
2030,230,14,1.0,4
2030,231,6,1.0,4
2030,232,15,1.0,4
2030,233,29,1.0,4
2030,234,24,1.0,4
2030,235,3,1.0,4
2030,236,26,1.0,4
2030,237,3,1.0,4
2030,238,3,1.0,4
2030,239,26,1.0,4
2030,240,3,1.0,4
2030,241,3,1.0,4
2030,242,27,1.0,4
2030,243,3,1.0,4
2030,244,3,1.0,4
2030,245,28,1.0,4
2030,246,18,1.0,4
2030,247,28,1.0,4
2030,248,16,1.0,4
2030,249,5,1.0,4
2030,250,3,1.0,4
2030,251,29,1.0,4
2030,252,29,1.0,4
2030,253,3,1.0,4
2030,254,24,1.0,4
2030,255,15,1.0,4
2030,256,19,1.0,4
2030,257,9,1.0,4
2030,258,30,1.0,4
2030,259,30,1.0,4
2030,260,22,1.0,4
2030,261,17,1.0,4
2030,262,4,1.0,4
2030,263,5,1.0,4
2030,264,19,1.0,4
2030,265,21,1.0,4
2030,266,29,1.0,4
2030,267,3,1.0,4
2030,268,3,1.0,4
2030,269,3,1.0,4
2030,270,24,1.0,4
2030,271,20,1.0,4
2030,272,21,1.0,4
2030,273,19,1.0,4
2030,274,7,1.0,4
2030,275,4,1.0,4
2030,276,22,1.0,4
2030,277,19,1.0,4
2030,278,25,1.0,4
2030,279,7,1.0,4
2030,280,14,1.0,4
2030,281,30,1.0,4
2030,282,12,1.0,4
2030,283,14,1.0,4
2030,284,5,1.0,4
2030,285,24,1.0,4
2030,286,21,1.0,4
2030,287,8,1.0,4
2030,288,30,1.0,4
2030,289,22,1.0,4
2030,290,29,1.0,4
2030,291,26,1.0,4
2030,292,26,1.0,4
2030,293,19,1.0,4
2030,294,19,1.0,4
2030,295,1,1.0,4
2030,296,26,1.0,4
2030,297,19,1.0,4
2030,298,12,1.0,4
2030,299,5,1.0,4
2030,300,29,1.0,4
2030,301,19,1.0,4
2030,302,30,1.0,4
2030,303,9,1.0,4
2030,304,12,1.0,4
2030,305,25,1.0,4
2030,306,29,1.0,4
2030,307,29,1.0,4
2030,308,29,1.0,4
2030,309,26,1.0,4
2030,310,25,1.0,4
2030,311,7,1.0,4
2030,312,25,1.0,4
2030,313,8,1.0,4
2030,314,5,1.0,4
2030,315,7,1.0,4
2030,316,5,1.0,4
2030,317,8,1.0,4
2030,318,10,1.0,4
2030,319,19,1.0,4
2030,320,25,1.0,4
2030,321,21,1.0,4
2030,322,8,1.0,4
2030,323,19,1.0,4
2030,324,9,1.0,4
2030,325,4,1.0,4
2030,326,10,1.0,4
2030,327,10,1.0,4
2030,328,25,1.0,4
2030,329,30,1.0,4
2030,330,25,1.0,4
2030,331,1,1.0,4
2030,332,26,1.0,4
2030,333,17,1.0,4
2030,334,4,1.0,4
2030,335,22,1.0,4
2030,336,26,1.0,4
2030,337,29,1.0,4
2030,338,25,1.0,4
2030,339,8,1.0,4
2030,340,21,1.0,4
2030,341,22,1.0,4
2030,342,19,1.0,4
2030,343,1,1.0,4
2030,344,1,1.0,4
2030,345,11,1.0,4
2030,346,30,1.0,4
2030,347,4,1.0,4
2030,348,22,1.0,4
2030,349,7,1.0,4
2030,350,1,1.0,4
2030,351,11,1.0,4
2030,352,4,1.0,4
2030,353,22,1.0,4
2030,354,17,1.0,4
2030,355,5,1.0,4
2030,356,29,1.0,4
2030,357,29,1.0,4
2030,358,7,1.0,4
2030,359,21,1.0,4
2030,360,1,1.0,4
2030,361,17,1.0,4
2030,362,2,1.0,4
2030,363,4,1.0,4
2030,364,11,1.0,4
2030,365,4,1.0,4
2030,1,22,1.0,5
2030,2,26,1.0,5
2030,3,26,1.0,5
2030,4,12,1.0,5
2030,5,10,1.0,5
2030,6,1,1.0,5
2030,7,26,1.0,5
2030,8,7,1.0,5
2030,9,10,1.0,5
2030,10,25,1.0,5
2030,11,1,1.0,5
2030,12,11,1.0,5
2030,13,4,1.0,5
2030,14,4,1.0,5
2030,15,22,1.0,5
2030,16,8,1.0,5
2030,17,1,1.0,5
2030,18,30,1.0,5
2030,19,9,1.0,5
2030,20,5,1.0,5
2030,21,25,1.0,5
2030,22,29,1.0,5
2030,23,19,1.0,5
2030,24,26,1.0,5
2030,25,26,1.0,5
2030,26,19,1.0,5
2030,27,19,1.0,5
2030,28,25,1.0,5
2030,29,29,1.0,5
2030,30,29,1.0,5
2030,31,26,1.0,5
2030,32,19,1.0,5
2030,33,9,1.0,5
2030,34,1,1.0,5
2030,35,21,1.0,5
2030,36,21,1.0,5
2030,37,35,1.0,5
2030,38,35,1.0,5
2030,39,29,1.0,5
2030,40,29,1.0,5
2030,41,29,1.0,5
2030,42,3,1.0,5
2030,43,3,1.0,5
2030,44,3,1.0,5
2030,45,3,1.0,5
2030,46,29,1.0,5
2030,47,29,1.0,5
2030,48,26,1.0,5
2030,49,19,1.0,5
2030,50,25,1.0,5
2030,51,22,1.0,5
2030,52,17,1.0,5
2030,53,1,1.0,5
2030,54,11,1.0,5
2030,55,11,1.0,5
2030,56,5,1.0,5
2030,57,8,1.0,5
2030,58,30,1.0,5
2030,59,10,1.0,5
2030,60,1,1.0,5
2030,61,19,1.0,5
2030,62,9,1.0,5
2030,63,25,1.0,5
2030,64,29,1.0,5
2030,65,5,1.0,5
2030,66,17,1.0,5
2030,67,4,1.0,5
2030,68,4,1.0,5
2030,69,4,1.0,5
2030,70,14,1.0,5
2030,71,16,1.0,5
2030,72,21,1.0,5
2030,73,29,1.0,5
2030,74,29,1.0,5
2030,75,28,1.0,5
2030,76,16,1.0,5
2030,77,27,1.0,5
2030,78,8,1.0,5
2030,79,5,1.0,5
2030,80,17,1.0,5
2030,81,30,1.0,5
2030,82,9,1.0,5
2030,83,30,1.0,5
2030,84,6,1.0,5
2030,85,15,1.0,5
2030,86,20,1.0,5
2030,87,9,1.0,5
2030,88,2,1.0,5
2030,89,16,1.0,5
2030,90,6,1.0,5
2030,91,20,1.0,5
2030,92,6,1.0,5
2030,93,24,1.0,5
2030,94,9,1.0,5
2030,95,14,1.0,5
2030,96,5,1.0,5
2030,97,13,1.0,5
2030,98,24,1.0,5
2030,99,20,1.0,5
2030,100,1,1.0,5
2030,101,6,1.0,5
2030,102,7,1.0,5
2030,103,15,1.0,5
2030,104,27,1.0,5
2030,105,20,1.0,5
2030,106,14,1.0,5
2030,107,14,1.0,5
2030,108,7,1.0,5
2030,109,14,1.0,5
2030,110,5,1.0,5
2030,111,19,1.0,5
2030,112,30,1.0,5
2030,113,4,1.0,5
2030,114,12,1.0,5
2030,115,4,1.0,5
2030,116,6,1.0,5
2030,117,13,1.0,5
2030,118,23,1.0,5
2030,119,18,1.0,5
2030,120,21,1.0,5
2030,121,6,1.0,5
2030,122,3,1.0,5
2030,123,13,1.0,5
2030,124,13,1.0,5
2030,125,20,1.0,5
2030,126,30,1.0,5
2030,127,16,1.0,5
2030,128,1,1.0,5
2030,129,15,1.0,5
2030,130,28,1.0,5
2030,131,14,1.0,5
2030,132,16,1.0,5
2030,133,27,1.0,5
2030,134,23,1.0,5
2030,135,13,1.0,5
2030,136,8,1.0,5
2030,137,22,1.0,5
2030,138,23,1.0,5
2030,139,23,1.0,5
2030,140,21,1.0,5
2030,141,13,1.0,5
2030,142,13,1.0,5
2030,143,13,1.0,5
2030,144,13,1.0,5
2030,145,13,1.0,5
2030,146,16,1.0,5
2030,147,6,1.0,5
2030,148,15,1.0,5
2030,149,24,1.0,5
2030,150,9,1.0,5
2030,151,9,1.0,5
2030,152,15,1.0,5
2030,153,23,1.0,5
2030,154,18,1.0,5
2030,155,27,1.0,5
2030,156,13,1.0,5
2030,157,20,1.0,5
2030,158,14,1.0,5
2030,159,30,1.0,5
2030,160,10,1.0,5
2030,161,20,1.0,5
2030,162,30,1.0,5
2030,163,30,1.0,5
2030,164,5,1.0,5
2030,165,23,1.0,5
2030,166,1,1.0,5
2030,167,27,1.0,5
2030,168,24,1.0,5
2030,169,3,1.0,5
2030,170,18,1.0,5
2030,171,29,1.0,5
2030,172,26,1.0,5
2030,173,3,1.0,5
2030,174,3,1.0,5
2030,175,28,1.0,5
2030,176,1,1.0,5
2030,177,27,1.0,5
2030,178,20,1.0,5
2030,179,4,1.0,5
2030,180,14,1.0,5
2030,181,27,1.0,5
2030,182,15,1.0,5
2030,183,16,1.0,5
2030,184,6,1.0,5
2030,185,20,1.0,5
2030,186,6,1.0,5
2030,187,29,1.0,5
2030,188,24,1.0,5
2030,189,27,1.0,5
2030,190,24,1.0,5
2030,191,19,1.0,5
2030,192,20,1.0,5
2030,193,6,1.0,5
2030,194,27,1.0,5
2030,195,3,1.0,5
2030,196,13,1.0,5
2030,197,3,1.0,5
2030,198,24,1.0,5
2030,199,18,1.0,5
2030,200,15,1.0,5
2030,201,24,1.0,5
2030,202,28,1.0,5
2030,203,18,1.0,5
2030,204,18,1.0,5
2030,205,18,1.0,5
2030,206,15,1.0,5
2030,207,15,1.0,5
2030,208,3,1.0,5
2030,209,3,1.0,5
2030,210,20,1.0,5
2030,211,6,1.0,5
2030,212,15,1.0,5
2030,213,13,1.0,5
2030,214,3,1.0,5
2030,215,13,1.0,5
2030,216,13,1.0,5
2030,217,13,1.0,5
2030,218,13,1.0,5
2030,219,13,1.0,5
2030,220,13,1.0,5
2030,221,13,1.0,5
2030,222,13,1.0,5
2030,223,13,1.0,5
2030,224,13,1.0,5
2030,225,29,1.0,5
2030,226,3,1.0,5
2030,227,3,1.0,5
2030,228,28,1.0,5
2030,229,1,1.0,5
2030,230,29,1.0,5
2030,231,3,1.0,5
2030,232,3,1.0,5
2030,233,24,1.0,5
2030,234,27,1.0,5
2030,235,8,1.0,5
2030,236,30,1.0,5
2030,237,10,1.0,5
2030,238,15,1.0,5
2030,239,26,1.0,5
2030,240,19,1.0,5
2030,241,21,1.0,5
2030,242,26,1.0,5
2030,243,3,1.0,5
2030,244,3,1.0,5
2030,245,19,1.0,5
2030,246,27,1.0,5
2030,247,28,1.0,5
2030,248,30,1.0,5
2030,249,2,1.0,5
2030,250,9,1.0,5
2030,251,1,1.0,5
2030,252,14,1.0,5
2030,253,16,1.0,5
2030,254,15,1.0,5
2030,255,3,1.0,5
2030,256,3,1.0,5
2030,257,27,1.0,5
2030,258,29,1.0,5
2030,259,29,1.0,5
2030,260,3,1.0,5
2030,261,19,1.0,5
2030,262,30,1.0,5
2030,263,30,1.0,5
2030,264,7,1.0,5
2030,265,22,1.0,5
2030,266,1,1.0,5
2030,267,5,1.0,5
2030,268,1,1.0,5
2030,269,17,1.0,5
2030,270,4,1.0,5
2030,271,4,1.0,5
2030,272,14,1.0,5
2030,273,5,1.0,5
2030,274,21,1.0,5
2030,275,24,1.0,5
2030,276,19,1.0,5
2030,277,1,1.0,5
2030,278,11,1.0,5
2030,279,2,1.0,5
2030,280,11,1.0,5
2030,281,2,1.0,5
2030,282,3,1.0,5
2030,283,29,1.0,5
2030,284,24,1.0,5
2030,285,26,1.0,5
2030,286,26,1.0,5
2030,287,29,1.0,5
2030,288,29,1.0,5
2030,289,3,1.0,5
2030,290,3,1.0,5
2030,291,3,1.0,5
2030,292,29,1.0,5
2030,293,26,1.0,5
2030,294,3,1.0,5
2030,295,17,1.0,5
2030,296,1,1.0,5
2030,297,19,1.0,5
2030,298,29,1.0,5
2030,299,29,1.0,5
2030,300,3,1.0,5
2030,301,3,1.0,5
2030,302,8,1.0,5
2030,303,12,1.0,5
2030,304,19,1.0,5
2030,305,26,1.0,5
2030,306,25,1.0,5
2030,307,19,1.0,5
2030,308,17,1.0,5
2030,309,5,1.0,5
2030,310,7,1.0,5
2030,311,10,1.0,5
2030,312,1,1.0,5
2030,313,1,1.0,5
2030,314,1,1.0,5
2030,315,11,1.0,5
2030,316,4,1.0,5
2030,317,30,1.0,5
2030,318,4,1.0,5
2030,319,11,1.0,5
2030,320,2,1.0,5
2030,321,9,1.0,5
2030,322,2,1.0,5
2030,323,12,1.0,5
2030,324,30,1.0,5
2030,325,5,1.0,5
2030,326,17,1.0,5
2030,327,30,1.0,5
2030,328,17,1.0,5
2030,329,4,1.0,5
2030,330,30,1.0,5
2030,331,2,1.0,5
2030,332,11,1.0,5
2030,333,22,1.0,5
2030,334,26,1.0,5
2030,335,21,1.0,5
2030,336,25,1.0,5
2030,337,29,1.0,5
2030,338,17,1.0,5
2030,339,22,1.0,5
2030,340,8,1.0,5
2030,341,29,1.0,5
2030,342,17,1.0,5
2030,343,22,1.0,5
2030,344,17,1.0,5
2030,345,5,1.0,5
2030,346,8,1.0,5
2030,347,11,1.0,5
2030,348,10,1.0,5
2030,349,4,1.0,5
2030,350,2,1.0,5
2030,351,1,1.0,5
2030,352,30,1.0,5
2030,353,5,1.0,5
2030,354,1,1.0,5
2030,355,2,1.0,5
2030,356,5,1.0,5
2030,357,8,1.0,5
2030,358,25,1.0,5
2030,359,1,1.0,5
2030,360,11,1.0,5
2030,361,2,1.0,5
2030,362,2,1.0,5
2030,363,11,1.0,5
2030,364,4,1.0,5
2030,365,11,1.0,5
2030,1,30,1.0,6
2030,2,4,1.0,6
2030,3,4,1.0,6
2030,4,30,1.0,6
2030,5,4,1.0,6
2030,6,4,1.0,6
2030,7,8,1.0,6
2030,8,4,1.0,6
2030,9,21,1.0,6
2030,10,29,1.0,6
2030,11,26,1.0,6
2030,12,29,1.0,6
2030,13,8,1.0,6
2030,14,25,1.0,6
2030,15,8,1.0,6
2030,16,25,1.0,6
2030,17,26,1.0,6
2030,18,25,1.0,6
2030,19,21,1.0,6
2030,20,26,1.0,6
2030,21,21,1.0,6
2030,22,17,1.0,6
2030,23,2,1.0,6
2030,24,11,1.0,6
2030,25,4,1.0,6
2030,26,2,1.0,6
2030,27,4,1.0,6
2030,28,4,1.0,6
2030,29,4,1.0,6
2030,30,2,1.0,6
2030,31,7,1.0,6
2030,32,12,1.0,6
2030,33,4,1.0,6
2030,34,22,1.0,6
2030,35,17,1.0,6
2030,36,25,1.0,6
2030,37,8,1.0,6
2030,38,10,1.0,6
2030,39,30,1.0,6
2030,40,1,1.0,6
2030,41,21,1.0,6
2030,42,29,1.0,6
2030,43,29,1.0,6
2030,44,29,1.0,6
2030,45,35,1.0,6
2030,46,35,1.0,6
2030,47,17,1.0,6
2030,48,28,1.0,6
2030,49,25,1.0,6
2030,50,8,1.0,6
2030,51,17,1.0,6
2030,52,10,1.0,6
2030,53,21,1.0,6
2030,54,17,1.0,6
2030,55,11,1.0,6
2030,56,9,1.0,6
2030,57,1,1.0,6
2030,58,24,1.0,6
2030,59,1,1.0,6
2030,60,30,1.0,6
2030,61,4,1.0,6
2030,62,4,1.0,6
2030,63,11,1.0,6
2030,64,14,1.0,6
2030,65,14,1.0,6
2030,66,21,1.0,6
2030,67,29,1.0,6
2030,68,3,1.0,6
2030,69,26,1.0,6
2030,70,27,1.0,6
2030,71,3,1.0,6
2030,72,3,1.0,6
2030,73,19,1.0,6
2030,74,8,1.0,6
2030,75,21,1.0,6
2030,76,7,1.0,6
2030,77,10,1.0,6
2030,78,30,1.0,6
2030,79,16,1.0,6
2030,80,20,1.0,6
2030,81,30,1.0,6
2030,82,9,1.0,6
2030,83,7,1.0,6
2030,84,30,1.0,6
2030,85,4,1.0,6
2030,86,14,1.0,6
2030,87,1,1.0,6
2030,88,19,1.0,6
2030,89,12,1.0,6
2030,90,18,1.0,6
2030,91,28,1.0,6
2030,92,23,1.0,6
2030,93,28,1.0,6
2030,94,23,1.0,6
2030,95,13,1.0,6
2030,96,13,1.0,6
2030,97,20,1.0,6
2030,98,16,1.0,6
2030,99,30,1.0,6
2030,100,6,1.0,6
2030,101,15,1.0,6
2030,102,19,1.0,6
2030,103,20,1.0,6
2030,104,6,1.0,6
2030,105,13,1.0,6
2030,106,13,1.0,6
2030,107,13,1.0,6
2030,108,28,1.0,6
2030,109,16,1.0,6
2030,110,27,1.0,6
2030,111,27,1.0,6
2030,112,26,1.0,6
2030,113,24,1.0,6
2030,114,21,1.0,6
2030,115,27,1.0,6
2030,116,30,1.0,6
2030,117,16,1.0,6
2030,118,20,1.0,6
2030,119,15,1.0,6
2030,120,13,1.0,6
2030,121,1,1.0,6
2030,122,12,1.0,6
2030,123,6,1.0,6
2030,124,15,1.0,6
2030,125,28,1.0,6
2030,126,6,1.0,6
2030,127,23,1.0,6
2030,128,26,1.0,6
2030,129,3,1.0,6
2030,130,21,1.0,6
2030,131,13,1.0,6
2030,132,24,1.0,6
2030,133,6,1.0,6
2030,134,19,1.0,6
2030,135,14,1.0,6
2030,136,14,1.0,6
2030,137,16,1.0,6
2030,138,27,1.0,6
2030,139,13,1.0,6
2030,140,13,1.0,6
2030,141,13,1.0,6
2030,142,13,1.0,6
2030,143,13,1.0,6
2030,144,3,1.0,6
2030,145,3,1.0,6
2030,146,24,1.0,6
2030,147,15,1.0,6
2030,148,8,1.0,6
2030,149,1,1.0,6
2030,150,25,1.0,6
2030,151,24,1.0,6
2030,152,23,1.0,6
2030,153,24,1.0,6
2030,154,18,1.0,6
2030,155,18,1.0,6
2030,156,18,1.0,6
2030,157,23,1.0,6
2030,158,23,1.0,6
2030,159,23,1.0,6
2030,160,13,1.0,6
2030,161,24,1.0,6
2030,162,12,1.0,6
2030,163,25,1.0,6
2030,164,9,1.0,6
2030,165,15,1.0,6
2030,166,28,1.0,6
2030,167,14,1.0,6
2030,168,18,1.0,6
2030,169,20,1.0,6
2030,170,18,1.0,6
2030,171,13,1.0,6
2030,172,3,1.0,6
2030,173,3,1.0,6
2030,174,13,1.0,6
2030,175,24,1.0,6
2030,176,15,1.0,6
2030,177,3,1.0,6
2030,178,18,1.0,6
2030,179,23,1.0,6
2030,180,23,1.0,6
2030,181,24,1.0,6
2030,182,16,1.0,6
2030,183,13,1.0,6
2030,184,23,1.0,6
2030,185,27,1.0,6
2030,186,13,1.0,6
2030,187,23,1.0,6
2030,188,13,1.0,6
2030,189,23,1.0,6
2030,190,27,1.0,6
2030,191,13,1.0,6
2030,192,13,1.0,6
2030,193,13,1.0,6
2030,194,28,1.0,6
2030,195,14,1.0,6
2030,196,22,1.0,6
2030,197,21,1.0,6
2030,198,3,1.0,6
2030,199,13,1.0,6
2030,200,29,1.0,6
2030,201,27,1.0,6
2030,202,24,1.0,6
2030,203,16,1.0,6
2030,204,30,1.0,6
2030,205,16,1.0,6
2030,206,18,1.0,6
2030,207,1,1.0,6
2030,208,9,1.0,6
2030,209,15,1.0,6
2030,210,3,1.0,6
2030,211,13,1.0,6
2030,212,9,1.0,6
2030,213,6,1.0,6
2030,214,9,1.0,6
2030,215,30,1.0,6
2030,216,27,1.0,6
2030,217,17,1.0,6
2030,218,27,1.0,6
2030,219,13,1.0,6
2030,220,13,1.0,6
2030,221,13,1.0,6
2030,222,28,1.0,6
2030,223,21,1.0,6
2030,224,16,1.0,6
2030,225,14,1.0,6
2030,226,22,1.0,6
2030,227,3,1.0,6
2030,228,3,1.0,6
2030,229,24,1.0,6
2030,230,27,1.0,6
2030,231,13,1.0,6
2030,232,3,1.0,6
2030,233,29,1.0,6
2030,234,26,1.0,6
2030,235,23,1.0,6
2030,236,27,1.0,6
2030,237,13,1.0,6
2030,238,3,1.0,6
2030,239,20,1.0,6
2030,240,27,1.0,6
2030,241,13,1.0,6
2030,242,24,1.0,6
2030,243,6,1.0,6
2030,244,21,1.0,6
2030,245,24,1.0,6
2030,246,6,1.0,6
2030,247,3,1.0,6
2030,248,20,1.0,6
2030,249,12,1.0,6
2030,250,12,1.0,6
2030,251,30,1.0,6
2030,252,1,1.0,6
2030,253,29,1.0,6
2030,254,3,1.0,6
2030,255,3,1.0,6
2030,256,17,1.0,6
2030,257,14,1.0,6
2030,258,30,1.0,6
2030,259,21,1.0,6
2030,260,21,1.0,6
2030,261,29,1.0,6
2030,262,20,1.0,6
2030,263,6,1.0,6
2030,264,3,1.0,6
2030,265,3,1.0,6
2030,266,3,1.0,6
2030,267,24,1.0,6
2030,268,27,1.0,6
2030,269,3,1.0,6
2030,270,24,1.0,6
2030,271,15,1.0,6
2030,272,26,1.0,6
2030,273,1,1.0,6
2030,274,9,1.0,6
2030,275,25,1.0,6
2030,276,3,1.0,6
2030,277,20,1.0,6
2030,278,10,1.0,6
2030,279,7,1.0,6
2030,280,21,1.0,6
2030,281,3,1.0,6
2030,282,3,1.0,6
2030,283,21,1.0,6
2030,284,24,1.0,6
2030,285,25,1.0,6
2030,286,19,1.0,6
2030,287,21,1.0,6
2030,288,8,1.0,6
2030,289,1,1.0,6
2030,290,29,1.0,6
2030,291,29,1.0,6
2030,292,15,1.0,6
2030,293,3,1.0,6
2030,294,26,1.0,6
2030,295,1,1.0,6
2030,296,10,1.0,6
2030,297,15,1.0,6
2030,298,29,1.0,6
2030,299,29,1.0,6
2030,300,26,1.0,6
2030,301,26,1.0,6
2030,302,26,1.0,6
2030,303,19,1.0,6
2030,304,19,1.0,6
2030,305,1,1.0,6
2030,306,11,1.0,6
2030,307,2,1.0,6
2030,308,4,1.0,6
2030,309,10,1.0,6
2030,310,11,1.0,6
2030,311,10,1.0,6
2030,312,21,1.0,6
2030,313,29,1.0,6
2030,314,7,1.0,6
2030,315,17,1.0,6
2030,316,4,1.0,6
2030,317,11,1.0,6
2030,318,4,1.0,6
2030,319,4,1.0,6
2030,320,4,1.0,6
2030,321,4,1.0,6
2030,322,4,1.0,6
2030,323,4,1.0,6
2030,324,17,1.0,6
2030,325,30,1.0,6
2030,326,30,1.0,6
2030,327,2,1.0,6
2030,328,21,1.0,6
2030,329,26,1.0,6
2030,330,17,1.0,6
2030,331,4,1.0,6
2030,332,5,1.0,6
2030,333,29,1.0,6
2030,334,29,1.0,6
2030,335,29,1.0,6
2030,336,8,1.0,6
2030,337,11,1.0,6
2030,338,5,1.0,6
2030,339,8,1.0,6
2030,340,11,1.0,6
2030,341,25,1.0,6
2030,342,29,1.0,6
2030,343,19,1.0,6
2030,344,1,1.0,6
2030,345,11,1.0,6
2030,346,4,1.0,6
2030,347,2,1.0,6
2030,348,11,1.0,6
2030,349,21,1.0,6
2030,350,29,1.0,6
2030,351,26,1.0,6
2030,352,29,1.0,6
2030,353,29,1.0,6
2030,354,29,1.0,6
2030,355,29,1.0,6
2030,356,8,1.0,6
2030,357,11,1.0,6
2030,358,4,1.0,6
2030,359,11,1.0,6
2030,360,2,1.0,6
2030,361,9,1.0,6
2030,362,4,1.0,6
2030,363,5,1.0,6
2030,364,8,1.0,6
2030,365,19,1.0,6
2030,1,25,1.0,7
2030,2,29,1.0,7
2030,3,29,1.0,7
2030,4,35,1.0,7
2030,5,29,1.0,7
2030,6,29,1.0,7
2030,7,19,1.0,7
2030,8,12,1.0,7
2030,9,4,1.0,7
2030,10,22,1.0,7
2030,11,29,1.0,7
2030,12,8,1.0,7
2030,13,12,1.0,7
2030,14,4,1.0,7
2030,15,4,1.0,7
2030,16,4,1.0,7
2030,17,12,1.0,7
2030,18,4,1.0,7
2030,19,4,1.0,7
2030,20,4,1.0,7
2030,21,22,1.0,7
2030,22,8,1.0,7
2030,23,1,1.0,7
2030,24,1,1.0,7
2030,25,26,1.0,7
2030,26,17,1.0,7
2030,27,4,1.0,7
2030,28,4,1.0,7
2030,29,10,1.0,7
2030,30,4,1.0,7
2030,31,11,1.0,7
2030,32,10,1.0,7
2030,33,22,1.0,7
2030,34,29,1.0,7
2030,35,29,1.0,7
2030,36,26,1.0,7
2030,37,29,1.0,7
2030,38,29,1.0,7
2030,39,21,1.0,7
2030,40,26,1.0,7
2030,41,25,1.0,7
2030,42,3,1.0,7
2030,43,24,1.0,7
2030,44,26,1.0,7
2030,45,3,1.0,7
2030,46,3,1.0,7
2030,47,3,1.0,7
2030,48,3,1.0,7
2030,49,3,1.0,7
2030,50,15,1.0,7
2030,51,9,1.0,7
2030,52,1,1.0,7
2030,53,6,1.0,7
2030,54,27,1.0,7
2030,55,15,1.0,7
2030,56,26,1.0,7
2030,57,6,1.0,7
2030,58,24,1.0,7
2030,59,22,1.0,7
2030,60,28,1.0,7
2030,61,1,1.0,7
2030,62,5,1.0,7
2030,63,12,1.0,7
2030,64,30,1.0,7
2030,65,25,1.0,7
2030,66,17,1.0,7
2030,67,4,1.0,7
2030,68,4,1.0,7
2030,69,4,1.0,7
2030,70,4,1.0,7
2030,71,22,1.0,7
2030,72,11,1.0,7
2030,73,4,1.0,7
2030,74,4,1.0,7
2030,75,16,1.0,7
2030,76,21,1.0,7
2030,77,26,1.0,7
2030,78,19,1.0,7
2030,79,6,1.0,7
2030,80,28,1.0,7
2030,81,21,1.0,7
2030,82,17,1.0,7
2030,83,22,1.0,7
2030,84,1,1.0,7
2030,85,6,1.0,7
2030,86,23,1.0,7
2030,87,15,1.0,7
2030,88,27,1.0,7
2030,89,1,1.0,7
2030,90,13,1.0,7
2030,91,13,1.0,7
2030,92,20,1.0,7
2030,93,14,1.0,7
2030,94,12,1.0,7
2030,95,2,1.0,7
2030,96,27,1.0,7
2030,97,25,1.0,7
2030,98,26,1.0,7
2030,99,27,1.0,7
2030,100,13,1.0,7
2030,101,27,1.0,7
2030,102,13,1.0,7
2030,103,13,1.0,7
2030,104,3,1.0,7
2030,105,13,1.0,7
2030,106,13,1.0,7
2030,107,20,1.0,7
2030,108,23,1.0,7
2030,109,16,1.0,7
2030,110,27,1.0,7
2030,111,26,1.0,7
2030,112,20,1.0,7
2030,113,6,1.0,7
2030,114,5,1.0,7
2030,115,24,1.0,7
2030,116,15,1.0,7
2030,117,23,1.0,7
2030,118,28,1.0,7
2030,119,16,1.0,7
2030,120,18,1.0,7
2030,121,16,1.0,7
2030,122,16,1.0,7
2030,123,16,1.0,7
2030,124,16,1.0,7
2030,125,16,1.0,7
2030,126,27,1.0,7
2030,127,24,1.0,7
2030,128,18,1.0,7
2030,129,18,1.0,7
2030,130,30,1.0,7
2030,131,16,1.0,7
2030,132,27,1.0,7
2030,133,13,1.0,7
2030,134,13,1.0,7
2030,135,28,1.0,7
2030,136,6,1.0,7
2030,137,21,1.0,7
2030,138,17,1.0,7
2030,139,18,1.0,7
2030,140,12,1.0,7
2030,141,14,1.0,7
2030,142,16,1.0,7
2030,143,13,1.0,7
2030,144,23,1.0,7
2030,145,28,1.0,7
2030,146,1,1.0,7
2030,147,16,1.0,7
2030,148,9,1.0,7
2030,149,24,1.0,7
2030,150,20,1.0,7
2030,151,16,1.0,7
2030,152,24,1.0,7
2030,153,21,1.0,7
2030,154,13,1.0,7
2030,155,13,1.0,7
2030,156,3,1.0,7
2030,157,26,1.0,7
2030,158,27,1.0,7
2030,159,24,1.0,7
2030,160,15,1.0,7
2030,161,13,1.0,7
2030,162,27,1.0,7
2030,163,26,1.0,7
2030,164,27,1.0,7
2030,165,23,1.0,7
2030,166,28,1.0,7
2030,167,18,1.0,7
2030,168,16,1.0,7
2030,169,16,1.0,7
2030,170,15,1.0,7
2030,171,3,1.0,7
2030,172,3,1.0,7
2030,173,13,1.0,7
2030,174,13,1.0,7
2030,175,24,1.0,7
2030,176,6,1.0,7
2030,177,24,1.0,7
2030,178,19,1.0,7
2030,179,9,1.0,7
2030,180,11,1.0,7
2030,181,10,1.0,7
2030,182,12,1.0,7
2030,183,21,1.0,7
2030,184,24,1.0,7
2030,185,27,1.0,7
2030,186,13,1.0,7
2030,187,23,1.0,7
2030,188,28,1.0,7
2030,189,14,1.0,7
2030,190,14,1.0,7
2030,191,16,1.0,7
2030,192,27,1.0,7
2030,193,13,1.0,7
2030,194,13,1.0,7
2030,195,1,1.0,7
2030,196,6,1.0,7
2030,197,24,1.0,7
2030,198,19,1.0,7
2030,199,22,1.0,7
2030,200,19,1.0,7
2030,201,27,1.0,7
2030,202,3,1.0,7
2030,203,13,1.0,7
2030,204,26,1.0,7
2030,205,13,1.0,7
2030,206,13,1.0,7
2030,207,13,1.0,7
2030,208,27,1.0,7
2030,209,13,1.0,7
2030,210,8,1.0,7
2030,211,27,1.0,7
2030,212,3,1.0,7
2030,213,3,1.0,7
2030,214,13,1.0,7
2030,215,24,1.0,7
2030,216,27,1.0,7
2030,217,13,1.0,7
2030,218,28,1.0,7
2030,219,12,1.0,7
2030,220,15,1.0,7
2030,221,13,1.0,7
2030,222,13,1.0,7
2030,223,13,1.0,7
2030,224,3,1.0,7
2030,225,13,1.0,7
2030,226,15,1.0,7
2030,227,15,1.0,7
2030,228,13,1.0,7
2030,229,3,1.0,7
2030,230,3,1.0,7
2030,231,3,1.0,7
2030,232,3,1.0,7
2030,233,19,1.0,7
2030,234,27,1.0,7
2030,235,27,1.0,7
2030,236,15,1.0,7
2030,237,27,1.0,7
2030,238,15,1.0,7
2030,239,23,1.0,7
2030,240,27,1.0,7
2030,241,3,1.0,7
2030,242,27,1.0,7
2030,243,13,1.0,7
2030,244,3,1.0,7
2030,245,3,1.0,7
2030,246,24,1.0,7
2030,247,30,1.0,7
2030,248,14,1.0,7
2030,249,10,1.0,7
2030,250,12,1.0,7
2030,251,1,1.0,7
2030,252,27,1.0,7
2030,253,19,1.0,7
2030,254,3,1.0,7
2030,255,3,1.0,7
2030,256,24,1.0,7
2030,257,11,1.0,7
2030,258,27,1.0,7
2030,259,27,1.0,7
2030,260,20,1.0,7
2030,261,2,1.0,7
2030,262,16,1.0,7
2030,263,30,1.0,7
2030,264,5,1.0,7
2030,265,3,1.0,7
2030,266,3,1.0,7
2030,267,17,1.0,7
2030,268,2,1.0,7
2030,269,7,1.0,7
2030,270,4,1.0,7
2030,271,30,1.0,7
2030,272,30,1.0,7
2030,273,10,1.0,7
2030,274,11,1.0,7
2030,275,4,1.0,7
2030,276,30,1.0,7
2030,277,17,1.0,7
2030,278,2,1.0,7
2030,279,17,1.0,7
2030,280,2,1.0,7
2030,281,4,1.0,7
2030,282,30,1.0,7
2030,283,4,1.0,7
2030,284,2,1.0,7
2030,285,30,1.0,7
2030,286,7,1.0,7
2030,287,22,1.0,7
2030,288,29,1.0,7
2030,289,3,1.0,7
2030,290,27,1.0,7
2030,291,19,1.0,7
2030,292,30,1.0,7
2030,293,4,1.0,7
2030,294,30,1.0,7
2030,295,30,1.0,7
2030,296,2,1.0,7
2030,297,21,1.0,7
2030,298,29,1.0,7
2030,299,29,1.0,7
2030,300,19,1.0,7
2030,301,1,1.0,7
2030,302,21,1.0,7
2030,303,26,1.0,7
2030,304,29,1.0,7
2030,305,26,1.0,7
2030,306,26,1.0,7
2030,307,19,1.0,7
2030,308,1,1.0,7
2030,309,17,1.0,7
2030,310,4,1.0,7
2030,311,22,1.0,7
2030,312,21,1.0,7
2030,313,19,1.0,7
2030,314,9,1.0,7
2030,315,26,1.0,7
2030,316,29,1.0,7
2030,317,29,1.0,7
2030,318,8,1.0,7
2030,319,30,1.0,7
2030,320,1,1.0,7
2030,321,21,1.0,7
2030,322,9,1.0,7
2030,323,12,1.0,7
2030,324,25,1.0,7
2030,325,17,1.0,7
2030,326,5,1.0,7
2030,327,25,1.0,7
2030,328,19,1.0,7
2030,329,1,1.0,7
2030,330,21,1.0,7
2030,331,8,1.0,7
2030,332,21,1.0,7
2030,333,11,1.0,7
2030,334,21,1.0,7
2030,335,7,1.0,7
2030,336,2,1.0,7
2030,337,22,1.0,7
2030,338,19,1.0,7
2030,339,21,1.0,7
2030,340,8,1.0,7
2030,341,1,1.0,7
2030,342,26,1.0,7
2030,343,19,1.0,7
2030,344,25,1.0,7
2030,345,29,1.0,7
2030,346,25,1.0,7
2030,347,17,1.0,7
2030,348,10,1.0,7
2030,349,4,1.0,7
2030,350,4,1.0,7
2030,351,2,1.0,7
2030,352,11,1.0,7
2030,353,2,1.0,7
2030,354,25,1.0,7
2030,355,29,1.0,7
2030,356,11,1.0,7
2030,357,22,1.0,7
2030,358,29,1.0,7
2030,359,17,1.0,7
2030,360,8,1.0,7
2030,361,25,1.0,7
2030,362,29,1.0,7
2030,363,7,1.0,7
2030,364,2,1.0,7
2030,365,2,1.0,7
2030,1,1,1.0,8
2030,2,12,1.0,8
2030,3,4,1.0,8
2030,4,4,1.0,8
2030,5,2,1.0,8
2030,6,4,1.0,8
2030,7,4,1.0,8
2030,8,4,1.0,8
2030,9,4,1.0,8
2030,10,25,1.0,8
2030,11,7,1.0,8
2030,12,4,1.0,8
2030,13,10,1.0,8
2030,14,4,1.0,8
2030,15,4,1.0,8
2030,16,4,1.0,8
2030,17,4,1.0,8
2030,18,4,1.0,8
2030,19,2,1.0,8
2030,20,30,1.0,8
2030,21,10,1.0,8
2030,22,11,1.0,8
2030,23,12,1.0,8
2030,24,4,1.0,8
2030,25,2,1.0,8
2030,26,11,1.0,8
2030,27,4,1.0,8
2030,28,4,1.0,8
2030,29,4,1.0,8
2030,30,2,1.0,8
2030,31,4,1.0,8
2030,32,9,1.0,8
2030,33,12,1.0,8
2030,34,11,1.0,8
2030,35,4,1.0,8
2030,36,22,1.0,8
2030,37,1,1.0,8
2030,38,11,1.0,8
2030,39,14,1.0,8
2030,40,2,1.0,8
2030,41,10,1.0,8
2030,42,7,1.0,8
2030,43,4,1.0,8
2030,44,2,1.0,8
2030,45,11,1.0,8
2030,46,2,1.0,8
2030,47,11,1.0,8
2030,48,4,1.0,8
2030,49,12,1.0,8
2030,50,2,1.0,8
2030,51,11,1.0,8
2030,52,4,1.0,8
2030,53,2,1.0,8
2030,54,19,1.0,8
2030,55,28,1.0,8
2030,56,2,1.0,8
2030,57,11,1.0,8
2030,58,11,1.0,8
2030,59,22,1.0,8
2030,60,2,1.0,8
2030,61,7,1.0,8
2030,62,10,1.0,8
2030,63,4,1.0,8
2030,64,2,1.0,8
2030,65,2,1.0,8
2030,66,11,1.0,8
2030,67,12,1.0,8
2030,68,5,1.0,8
2030,69,21,1.0,8
2030,70,27,1.0,8
2030,71,29,1.0,8
2030,72,30,1.0,8
2030,73,4,1.0,8
2030,74,9,1.0,8
2030,75,6,1.0,8
2030,76,3,1.0,8
2030,77,27,1.0,8
2030,78,27,1.0,8
2030,79,20,1.0,8
2030,80,30,1.0,8
2030,81,5,1.0,8
2030,82,28,1.0,8
2030,83,16,1.0,8
2030,84,18,1.0,8
2030,85,11,1.0,8
2030,86,14,1.0,8
2030,87,4,1.0,8
2030,88,14,1.0,8
2030,89,14,1.0,8
2030,90,15,1.0,8
2030,91,13,1.0,8
2030,92,28,1.0,8
2030,93,21,1.0,8
2030,94,28,1.0,8
2030,95,2,1.0,8
2030,96,20,1.0,8
2030,97,2,1.0,8
2030,98,6,1.0,8
2030,99,27,1.0,8
2030,100,29,1.0,8
2030,101,3,1.0,8
2030,102,20,1.0,8
2030,103,30,1.0,8
2030,104,14,1.0,8
2030,105,14,1.0,8
2030,106,27,1.0,8
2030,107,13,1.0,8
2030,108,23,1.0,8
2030,109,13,1.0,8
2030,110,13,1.0,8
2030,111,13,1.0,8
2030,112,3,1.0,8
2030,113,6,1.0,8
2030,114,28,1.0,8
2030,115,30,1.0,8
2030,116,14,1.0,8
2030,117,14,1.0,8
2030,118,9,1.0,8
2030,119,14,1.0,8
2030,120,14,1.0,8
2030,121,6,1.0,8
2030,122,7,1.0,8
2030,123,16,1.0,8
2030,124,16,1.0,8
2030,125,16,1.0,8
2030,126,27,1.0,8
2030,127,13,1.0,8
2030,128,23,1.0,8
2030,129,29,1.0,8
2030,130,15,1.0,8
2030,131,13,1.0,8
2030,132,13,1.0,8
2030,133,28,1.0,8
2030,134,23,1.0,8
2030,135,28,1.0,8
2030,136,21,1.0,8
2030,137,1,1.0,8
2030,138,25,1.0,8
2030,139,17,1.0,8
2030,140,6,1.0,8
2030,141,20,1.0,8
2030,142,18,1.0,8
2030,143,12,1.0,8
2030,144,6,1.0,8
2030,145,13,1.0,8
2030,146,13,1.0,8
2030,147,3,1.0,8
2030,148,29,1.0,8
2030,149,3,1.0,8
2030,150,13,1.0,8
2030,151,3,1.0,8
2030,152,17,1.0,8
2030,153,5,1.0,8
2030,154,24,1.0,8
2030,155,23,1.0,8
2030,156,28,1.0,8
2030,157,13,1.0,8
2030,158,13,1.0,8
2030,159,23,1.0,8
2030,160,18,1.0,8
2030,161,18,1.0,8
2030,162,8,1.0,8
2030,163,5,1.0,8
2030,164,13,1.0,8
2030,165,23,1.0,8
2030,166,26,1.0,8
2030,167,15,1.0,8
2030,168,20,1.0,8
2030,169,16,1.0,8
2030,170,15,1.0,8
2030,171,13,1.0,8
2030,172,13,1.0,8
2030,173,13,1.0,8
2030,174,20,1.0,8
2030,175,18,1.0,8
2030,176,5,1.0,8
2030,177,13,1.0,8
2030,178,13,1.0,8
2030,179,20,1.0,8
2030,180,6,1.0,8
2030,181,18,1.0,8
2030,182,23,1.0,8
2030,183,27,1.0,8
2030,184,28,1.0,8
2030,185,30,1.0,8
2030,186,12,1.0,8
2030,187,6,1.0,8
2030,188,27,1.0,8
2030,189,27,1.0,8
2030,190,15,1.0,8
2030,191,27,1.0,8
2030,192,13,1.0,8
2030,193,24,1.0,8
2030,194,15,1.0,8
2030,195,3,1.0,8
2030,196,27,1.0,8
2030,197,3,1.0,8
2030,198,23,1.0,8
2030,199,21,1.0,8
2030,200,3,1.0,8
2030,201,24,1.0,8
2030,202,21,1.0,8
2030,203,3,1.0,8
2030,204,29,1.0,8
2030,205,27,1.0,8
2030,206,20,1.0,8
2030,207,22,1.0,8
2030,208,24,1.0,8
2030,209,10,1.0,8
2030,210,27,1.0,8
2030,211,21,1.0,8
2030,212,24,1.0,8
2030,213,30,1.0,8
2030,214,14,1.0,8
2030,215,4,1.0,8
2030,216,4,1.0,8
2030,217,9,1.0,8
2030,218,15,1.0,8
2030,219,3,1.0,8
2030,220,20,1.0,8
2030,221,6,1.0,8
2030,222,20,1.0,8
2030,223,14,1.0,8
2030,224,22,1.0,8
2030,225,13,1.0,8
2030,226,27,1.0,8
2030,227,17,1.0,8
2030,228,15,1.0,8
2030,229,27,1.0,8
2030,230,1,1.0,8
2030,231,30,1.0,8
2030,232,2,1.0,8
2030,233,27,1.0,8
2030,234,3,1.0,8
2030,235,23,1.0,8
2030,236,27,1.0,8
2030,237,13,1.0,8
2030,238,27,1.0,8
2030,239,13,1.0,8
2030,240,24,1.0,8
2030,241,15,1.0,8
2030,242,13,1.0,8
2030,243,3,1.0,8
2030,244,3,1.0,8
2030,245,3,1.0,8
2030,246,27,1.0,8
2030,247,27,1.0,8
2030,248,17,1.0,8
2030,249,15,1.0,8
2030,250,28,1.0,8
2030,251,18,1.0,8
2030,252,18,1.0,8
2030,253,18,1.0,8
2030,254,9,1.0,8
2030,255,18,1.0,8
2030,256,27,1.0,8
2030,257,3,1.0,8
2030,258,3,1.0,8
2030,259,3,1.0,8
2030,260,3,1.0,8
2030,261,24,1.0,8
2030,262,3,1.0,8
2030,263,27,1.0,8
2030,264,29,1.0,8
2030,265,19,1.0,8
2030,266,12,1.0,8
2030,267,4,1.0,8
2030,268,5,1.0,8
2030,269,8,1.0,8
2030,270,15,1.0,8
2030,271,3,1.0,8
2030,272,24,1.0,8
2030,273,27,1.0,8
2030,274,24,1.0,8
2030,275,19,1.0,8
2030,276,9,1.0,8
2030,277,1,1.0,8
2030,278,30,1.0,8
2030,279,30,1.0,8
2030,280,4,1.0,8
2030,281,4,1.0,8
2030,282,2,1.0,8
2030,283,2,1.0,8
2030,284,30,1.0,8
2030,285,11,1.0,8
2030,286,10,1.0,8
2030,287,30,1.0,8
2030,288,4,1.0,8
2030,289,4,1.0,8
2030,290,21,1.0,8
2030,291,29,1.0,8
2030,292,8,1.0,8
2030,293,1,1.0,8
2030,294,19,1.0,8
2030,295,25,1.0,8
2030,296,8,1.0,8
2030,297,11,1.0,8
2030,298,22,1.0,8
2030,299,17,1.0,8
2030,300,4,1.0,8
2030,301,2,1.0,8
2030,302,11,1.0,8
2030,303,22,1.0,8
2030,304,7,1.0,8
2030,305,21,1.0,8
2030,306,7,1.0,8
2030,307,4,1.0,8
2030,308,22,1.0,8
2030,309,1,1.0,8
2030,310,21,1.0,8
2030,311,8,1.0,8
2030,312,7,1.0,8
2030,313,12,1.0,8
2030,314,5,1.0,8
2030,315,8,1.0,8
2030,316,1,1.0,8
2030,317,7,1.0,8
2030,318,4,1.0,8
2030,319,4,1.0,8
2030,320,22,1.0,8
2030,321,8,1.0,8
2030,322,26,1.0,8
2030,323,1,1.0,8
2030,324,1,1.0,8
2030,325,21,1.0,8
2030,326,7,1.0,8
2030,327,10,1.0,8
2030,328,30,1.0,8
2030,329,10,1.0,8
2030,330,25,1.0,8
2030,331,29,1.0,8
2030,332,35,1.0,8
2030,333,8,1.0,8
2030,334,21,1.0,8
2030,335,8,1.0,8
2030,336,11,1.0,8
2030,337,22,1.0,8
2030,338,26,1.0,8
2030,339,7,1.0,8
2030,340,25,1.0,8
2030,341,1,1.0,8
2030,342,5,1.0,8
2030,343,11,1.0,8
2030,344,4,1.0,8
2030,345,5,1.0,8
2030,346,4,1.0,8
2030,347,10,1.0,8
2030,348,21,1.0,8
2030,349,17,1.0,8
2030,350,21,1.0,8
2030,351,19,1.0,8
2030,352,1,1.0,8
2030,353,11,1.0,8
2030,354,10,1.0,8
2030,355,22,1.0,8
2030,356,26,1.0,8
2030,357,19,1.0,8
2030,358,11,1.0,8
2030,359,4,1.0,8
2030,360,4,1.0,8
2030,361,4,1.0,8
2030,362,9,1.0,8
2030,363,11,1.0,8
2030,364,4,1.0,8
2030,365,4,1.0,8
2030,1,10,1.0,9
2030,2,4,1.0,9
2030,3,4,1.0,9
2030,4,25,1.0,9
2030,5,21,1.0,9
2030,6,25,1.0,9
2030,7,5,1.0,9
2030,8,11,1.0,9
2030,9,2,1.0,9
2030,10,12,1.0,9
2030,11,22,1.0,9
2030,12,2,1.0,9
2030,13,8,1.0,9
2030,14,22,1.0,9
2030,15,7,1.0,9
2030,16,21,1.0,9
2030,17,26,1.0,9
2030,18,11,1.0,9
2030,19,7,1.0,9
2030,20,11,1.0,9
2030,21,10,1.0,9
2030,22,25,1.0,9
2030,23,11,1.0,9
2030,24,26,1.0,9
2030,25,26,1.0,9
2030,26,29,1.0,9
2030,27,29,1.0,9
2030,28,26,1.0,9
2030,29,19,1.0,9
2030,30,21,1.0,9
2030,31,29,1.0,9
2030,32,29,1.0,9
2030,33,29,1.0,9
2030,34,26,1.0,9
2030,35,26,1.0,9
2030,36,26,1.0,9
2030,37,9,1.0,9
2030,38,26,1.0,9
2030,39,26,1.0,9
2030,40,19,1.0,9
2030,41,29,1.0,9
2030,42,19,1.0,9
2030,43,1,1.0,9
2030,44,17,1.0,9
2030,45,30,1.0,9
2030,46,4,1.0,9
2030,47,4,1.0,9
2030,48,10,1.0,9
2030,49,4,1.0,9
2030,50,11,1.0,9
2030,51,22,1.0,9
2030,52,19,1.0,9
2030,53,27,1.0,9
2030,54,24,1.0,9
2030,55,30,1.0,9
2030,56,6,1.0,9
2030,57,15,1.0,9
2030,58,11,1.0,9
2030,59,11,1.0,9
2030,60,22,1.0,9
2030,61,8,1.0,9
2030,62,11,1.0,9
2030,63,2,1.0,9
2030,64,2,1.0,9
2030,65,29,1.0,9
2030,66,17,1.0,9
2030,67,4,1.0,9
2030,68,2,1.0,9
2030,69,29,1.0,9
2030,70,17,1.0,9
2030,71,10,1.0,9
2030,72,5,1.0,9
2030,73,24,1.0,9
2030,74,1,1.0,9
2030,75,22,1.0,9
2030,76,26,1.0,9
2030,77,1,1.0,9
2030,78,3,1.0,9
2030,79,3,1.0,9
2030,80,3,1.0,9
2030,81,24,1.0,9
2030,82,26,1.0,9
2030,83,17,1.0,9
2030,84,30,1.0,9
2030,85,14,1.0,9
2030,86,14,1.0,9
2030,87,14,1.0,9
2030,88,30,1.0,9
2030,89,30,1.0,9
2030,90,11,1.0,9
2030,91,22,1.0,9
2030,92,3,1.0,9
2030,93,24,1.0,9
2030,94,9,1.0,9
2030,95,16,1.0,9
2030,96,12,1.0,9
2030,97,19,1.0,9
2030,98,15,1.0,9
2030,99,21,1.0,9
2030,100,29,1.0,9
2030,101,3,1.0,9
2030,102,29,1.0,9
2030,103,29,1.0,9
2030,104,29,1.0,9
2030,105,17,1.0,9
2030,106,27,1.0,9
2030,107,5,1.0,9
2030,108,20,1.0,9
2030,109,30,1.0,9
2030,110,14,1.0,9
2030,111,15,1.0,9
2030,112,27,1.0,9
2030,113,23,1.0,9
2030,114,15,1.0,9
2030,115,28,1.0,9
2030,116,6,1.0,9
2030,117,24,1.0,9
2030,118,16,1.0,9
2030,119,3,1.0,9
2030,120,28,1.0,9
2030,121,10,1.0,9
2030,122,17,1.0,9
2030,123,6,1.0,9
2030,124,9,1.0,9
2030,125,20,1.0,9
2030,126,16,1.0,9
2030,127,1,1.0,9
2030,128,18,1.0,9
2030,129,5,1.0,9
2030,130,3,1.0,9
2030,131,23,1.0,9
2030,132,27,1.0,9
2030,133,24,1.0,9
2030,134,27,1.0,9
2030,135,28,1.0,9
2030,136,16,1.0,9
2030,137,18,1.0,9
2030,138,3,1.0,9
2030,139,3,1.0,9
2030,140,24,1.0,9
2030,141,15,1.0,9
2030,142,27,1.0,9
2030,143,24,1.0,9
2030,144,20,1.0,9
2030,145,23,1.0,9
2030,146,12,1.0,9
2030,147,14,1.0,9
2030,148,30,1.0,9
2030,149,6,1.0,9
2030,150,3,1.0,9
2030,151,15,1.0,9
2030,152,23,1.0,9
2030,153,21,1.0,9
2030,154,24,1.0,9
2030,155,14,1.0,9
2030,156,4,1.0,9
2030,157,4,1.0,9
2030,158,25,1.0,9
2030,159,26,1.0,9
2030,160,6,1.0,9
2030,161,3,1.0,9
2030,162,13,1.0,9
2030,163,23,1.0,9
2030,164,20,1.0,9
2030,165,4,1.0,9
2030,166,4,1.0,9
2030,167,5,1.0,9
2030,168,28,1.0,9
2030,169,10,1.0,9
2030,170,15,1.0,9
2030,171,23,1.0,9
2030,172,12,1.0,9
2030,173,5,1.0,9
2030,174,3,1.0,9
2030,175,3,1.0,9
2030,176,23,1.0,9
2030,177,23,1.0,9
2030,178,23,1.0,9
2030,179,27,1.0,9
2030,180,28,1.0,9
2030,181,20,1.0,9
2030,182,30,1.0,9
2030,183,6,1.0,9
2030,184,3,1.0,9
2030,185,29,1.0,9
2030,186,13,1.0,9
2030,187,13,1.0,9
2030,188,13,1.0,9
2030,189,6,1.0,9
2030,190,3,1.0,9
2030,191,13,1.0,9
2030,192,13,1.0,9
2030,193,13,1.0,9
2030,194,14,1.0,9
2030,195,15,1.0,9
2030,196,23,1.0,9
2030,197,13,1.0,9
2030,198,13,1.0,9
2030,199,24,1.0,9
2030,200,18,1.0,9
2030,201,26,1.0,9
2030,202,26,1.0,9
2030,203,13,1.0,9
2030,204,3,1.0,9
2030,205,13,1.0,9
2030,206,13,1.0,9
2030,207,26,1.0,9
2030,208,3,1.0,9
2030,209,26,1.0,9
2030,210,15,1.0,9
2030,211,15,1.0,9
2030,212,26,1.0,9
2030,213,27,1.0,9
2030,214,3,1.0,9
2030,215,29,1.0,9
2030,216,3,1.0,9
2030,217,24,1.0,9
2030,218,23,1.0,9
2030,219,20,1.0,9
2030,220,14,1.0,9
2030,221,4,1.0,9
2030,222,4,1.0,9
2030,223,6,1.0,9
2030,224,13,1.0,9
2030,225,3,1.0,9
2030,226,26,1.0,9
2030,227,27,1.0,9
2030,228,13,1.0,9
2030,229,3,1.0,9
2030,230,3,1.0,9
2030,231,24,1.0,9
2030,232,18,1.0,9
2030,233,18,1.0,9
2030,234,18,1.0,9
2030,235,27,1.0,9
2030,236,3,1.0,9
2030,237,29,1.0,9
2030,238,3,1.0,9
2030,239,17,1.0,9
2030,240,22,1.0,9
2030,241,23,1.0,9
2030,242,19,1.0,9
2030,243,30,1.0,9
2030,244,2,1.0,9
2030,245,14,1.0,9
2030,246,30,1.0,9
2030,247,14,1.0,9
2030,248,30,1.0,9
2030,249,10,1.0,9
2030,250,1,1.0,9
2030,251,16,1.0,9
2030,252,19,1.0,9
2030,253,25,1.0,9
2030,254,26,1.0,9
2030,255,29,1.0,9
2030,256,19,1.0,9
2030,257,24,1.0,9
2030,258,28,1.0,9
2030,259,14,1.0,9
2030,260,14,1.0,9
2030,261,5,1.0,9
2030,262,8,1.0,9
2030,263,30,1.0,9
2030,264,21,1.0,9
2030,265,29,1.0,9
2030,266,29,1.0,9
2030,267,26,1.0,9
2030,268,24,1.0,9
2030,269,24,1.0,9
2030,270,24,1.0,9
2030,271,24,1.0,9
2030,272,8,1.0,9
2030,273,21,1.0,9
2030,274,26,1.0,9
2030,275,29,1.0,9
2030,276,29,1.0,9
2030,277,24,1.0,9
2030,278,20,1.0,9
2030,279,6,1.0,9
2030,280,15,1.0,9
2030,281,29,1.0,9
2030,282,21,1.0,9
2030,283,8,1.0,9
2030,284,1,1.0,9
2030,285,30,1.0,9
2030,286,6,1.0,9
2030,287,12,1.0,9
2030,288,22,1.0,9
2030,289,8,1.0,9
2030,290,19,1.0,9
2030,291,25,1.0,9
2030,292,26,1.0,9
2030,293,29,1.0,9
2030,294,29,1.0,9
2030,295,19,1.0,9
2030,296,20,1.0,9
2030,297,30,1.0,9
2030,298,11,1.0,9
2030,299,30,1.0,9
2030,300,10,1.0,9
2030,301,4,1.0,9
2030,302,11,1.0,9
2030,303,4,1.0,9
2030,304,4,1.0,9
2030,305,2,1.0,9
2030,306,1,1.0,9
2030,307,19,1.0,9
2030,308,20,1.0,9
2030,309,2,1.0,9
2030,310,26,1.0,9
2030,311,26,1.0,9
2030,312,19,1.0,9
2030,313,21,1.0,9
2030,314,29,1.0,9
2030,315,26,1.0,9
2030,316,8,1.0,9
2030,317,25,1.0,9
2030,318,8,1.0,9
2030,319,12,1.0,9
2030,320,10,1.0,9
2030,321,8,1.0,9
2030,322,25,1.0,9
2030,323,29,1.0,9
2030,324,29,1.0,9
2030,325,8,1.0,9
2030,326,25,1.0,9
2030,327,29,1.0,9
2030,328,26,1.0,9
2030,329,7,1.0,9
2030,330,4,1.0,9
2030,331,10,1.0,9
2030,332,21,1.0,9
2030,333,17,1.0,9
2030,334,10,1.0,9
2030,335,1,1.0,9
2030,336,22,1.0,9
2030,337,21,1.0,9
2030,338,17,1.0,9
2030,339,12,1.0,9
2030,340,2,1.0,9
2030,341,12,1.0,9
2030,342,4,1.0,9
2030,343,10,1.0,9
2030,344,10,1.0,9
2030,345,4,1.0,9
2030,346,4,1.0,9
2030,347,12,1.0,9
2030,348,2,1.0,9
2030,349,2,1.0,9
2030,350,4,1.0,9
2030,351,4,1.0,9
2030,352,22,1.0,9
2030,353,26,1.0,9
2030,354,17,1.0,9
2030,355,11,1.0,9
2030,356,25,1.0,9
2030,357,8,1.0,9
2030,358,21,1.0,9
2030,359,17,1.0,9
2030,360,21,1.0,9
2030,361,1,1.0,9
2030,362,1,1.0,9
2030,363,19,1.0,9
2030,364,4,1.0,9
2030,365,4,1.0,9
2030,1,10,1.0,10
2030,2,11,1.0,10
2030,3,30,1.0,10
2030,4,2,1.0,10
2030,5,11,1.0,10
2030,6,11,1.0,10
2030,7,4,1.0,10
2030,8,2,1.0,10
2030,9,11,1.0,10
2030,10,30,1.0,10
2030,11,4,1.0,10
2030,12,4,1.0,10
2030,13,4,1.0,10
2030,14,22,1.0,10
2030,15,1,1.0,10
2030,16,17,1.0,10
2030,17,22,1.0,10
2030,18,2,1.0,10
2030,19,7,1.0,10
2030,20,30,1.0,10
2030,21,30,1.0,10
2030,22,21,1.0,10
2030,23,17,1.0,10
2030,24,22,1.0,10
2030,25,26,1.0,10
2030,26,21,1.0,10
2030,27,39,1.0,10
2030,28,29,1.0,10
2030,29,29,1.0,10
2030,30,7,1.0,10
2030,31,4,1.0,10
2030,32,4,1.0,10
2030,33,25,1.0,10
2030,34,8,1.0,10
2030,35,30,1.0,10
2030,36,9,1.0,10
2030,37,11,1.0,10
2030,38,5,1.0,10
2030,39,29,1.0,10
2030,40,29,1.0,10
2030,41,26,1.0,10
2030,42,19,1.0,10
2030,43,7,1.0,10
2030,44,1,1.0,10
2030,45,17,1.0,10
2030,46,2,1.0,10
2030,47,11,1.0,10
2030,48,9,1.0,10
2030,49,7,1.0,10
2030,50,14,1.0,10
2030,51,22,1.0,10
2030,52,7,1.0,10
2030,53,21,1.0,10
2030,54,29,1.0,10
2030,55,3,1.0,10
2030,56,3,1.0,10
2030,57,3,1.0,10
2030,58,3,1.0,10
2030,59,3,1.0,10
2030,60,3,1.0,10
2030,61,3,1.0,10
2030,62,27,1.0,10
2030,63,3,1.0,10
2030,64,3,1.0,10
2030,65,15,1.0,10
2030,66,7,1.0,10
2030,67,21,1.0,10
2030,68,8,1.0,10
2030,69,17,1.0,10
2030,70,6,1.0,10
2030,71,3,1.0,10
2030,72,23,1.0,10
2030,73,24,1.0,10
2030,74,27,1.0,10
2030,75,3,1.0,10
2030,76,20,1.0,10
2030,77,2,1.0,10
2030,78,14,1.0,10
2030,79,2,1.0,10
2030,80,14,1.0,10
2030,81,30,1.0,10
2030,82,22,1.0,10
2030,83,7,1.0,10
2030,84,14,1.0,10
2030,85,1,1.0,10
2030,86,26,1.0,10
2030,87,3,1.0,10
2030,88,21,1.0,10
2030,89,24,1.0,10
2030,90,28,1.0,10
2030,91,16,1.0,10
2030,92,27,1.0,10
2030,93,13,1.0,10
2030,94,3,1.0,10
2030,95,3,1.0,10
2030,96,3,1.0,10
2030,97,26,1.0,10
2030,98,13,1.0,10
2030,99,3,1.0,10
2030,100,17,1.0,10
2030,101,16,1.0,10
2030,102,28,1.0,10
2030,103,22,1.0,10
2030,104,27,1.0,10
2030,105,13,1.0,10
2030,106,3,1.0,10
2030,107,15,1.0,10
2030,108,8,1.0,10
2030,109,13,1.0,10
2030,110,18,1.0,10
2030,111,5,1.0,10
2030,112,13,1.0,10
2030,113,23,1.0,10
2030,114,27,1.0,10
2030,115,29,1.0,10
2030,116,13,1.0,10
2030,117,15,1.0,10
2030,118,20,1.0,10
2030,119,13,1.0,10
2030,120,13,1.0,10
2030,121,28,1.0,10
2030,122,18,1.0,10
2030,123,6,1.0,10
2030,124,27,1.0,10
2030,125,13,1.0,10
2030,126,23,1.0,10
2030,127,13,1.0,10
2030,128,13,1.0,10
2030,129,13,1.0,10
2030,130,17,1.0,10
2030,131,18,1.0,10
2030,132,23,1.0,10
2030,133,23,1.0,10
2030,134,27,1.0,10
2030,135,8,1.0,10
2030,136,14,1.0,10
2030,137,16,1.0,10
2030,138,16,1.0,10
2030,139,12,1.0,10
2030,140,19,1.0,10
2030,141,20,1.0,10
2030,142,14,1.0,10
2030,143,16,1.0,10
2030,144,16,1.0,10
2030,145,18,1.0,10
2030,146,16,1.0,10
2030,147,18,1.0,10
2030,148,18,1.0,10
2030,149,18,1.0,10
2030,150,18,1.0,10
2030,151,18,1.0,10
2030,152,23,1.0,10
2030,153,13,1.0,10
2030,154,28,1.0,10
2030,155,27,1.0,10
2030,156,13,1.0,10
2030,157,23,1.0,10
2030,158,13,1.0,10
2030,159,17,1.0,10
2030,160,14,1.0,10
2030,161,16,1.0,10
2030,162,16,1.0,10
2030,163,18,1.0,10
2030,164,20,1.0,10
2030,165,14,1.0,10
2030,166,18,1.0,10
2030,167,27,1.0,10
2030,168,23,1.0,10
2030,169,23,1.0,10
2030,170,28,1.0,10
2030,171,16,1.0,10
2030,172,26,1.0,10
2030,173,23,1.0,10
2030,174,18,1.0,10
2030,175,12,1.0,10
2030,176,14,1.0,10
2030,177,18,1.0,10
2030,178,13,1.0,10
2030,179,13,1.0,10
2030,180,23,1.0,10
2030,181,23,1.0,10
2030,182,23,1.0,10
2030,183,18,1.0,10
2030,184,21,1.0,10
2030,185,29,1.0,10
2030,186,29,1.0,10
2030,187,8,1.0,10
2030,188,27,1.0,10
2030,189,13,1.0,10
2030,190,19,1.0,10
2030,191,22,1.0,10
2030,192,29,1.0,10
2030,193,23,1.0,10
2030,194,19,1.0,10
2030,195,14,1.0,10
2030,196,27,1.0,10
2030,197,24,1.0,10
2030,198,28,1.0,10
2030,199,4,1.0,10
2030,200,14,1.0,10
2030,201,14,1.0,10
2030,202,27,1.0,10
2030,203,13,1.0,10
2030,204,20,1.0,10
2030,205,14,1.0,10
2030,206,27,1.0,10
2030,207,13,1.0,10
2030,208,13,1.0,10
2030,209,24,1.0,10
2030,210,24,1.0,10
2030,211,6,1.0,10
2030,212,24,1.0,10
2030,213,23,1.0,10
2030,214,18,1.0,10
2030,215,9,1.0,10
2030,216,20,1.0,10
2030,217,22,1.0,10
2030,218,19,1.0,10
2030,219,27,1.0,10
2030,220,3,1.0,10
2030,221,18,1.0,10
2030,222,4,1.0,10
2030,223,10,1.0,10
2030,224,15,1.0,10
2030,225,15,1.0,10
2030,226,3,1.0,10
2030,227,3,1.0,10
2030,228,27,1.0,10
2030,229,3,1.0,10
2030,230,23,1.0,10
2030,231,16,1.0,10
2030,232,6,1.0,10
2030,233,3,1.0,10
2030,234,3,1.0,10
2030,235,13,1.0,10
2030,236,13,1.0,10
2030,237,13,1.0,10
2030,238,27,1.0,10
2030,239,20,1.0,10
2030,240,27,1.0,10
2030,241,13,1.0,10
2030,242,24,1.0,10
2030,243,18,1.0,10
2030,244,27,1.0,10
2030,245,13,1.0,10
2030,246,13,1.0,10
2030,247,3,1.0,10
2030,248,24,1.0,10
2030,249,28,1.0,10
2030,250,15,1.0,10
2030,251,3,1.0,10
2030,252,3,1.0,10
2030,253,24,1.0,10
2030,254,27,1.0,10
2030,255,28,1.0,10
2030,256,16,1.0,10
2030,257,20,1.0,10
2030,258,14,1.0,10
2030,259,14,1.0,10
2030,260,11,1.0,10
2030,261,30,1.0,10
2030,262,2,1.0,10
2030,263,12,1.0,10
2030,264,14,1.0,10
2030,265,5,1.0,10
2030,266,25,1.0,10
2030,267,17,1.0,10
2030,268,22,1.0,10
2030,269,8,1.0,10
2030,270,5,1.0,10
2030,271,14,1.0,10
2030,272,30,1.0,10
2030,273,2,1.0,10
2030,274,24,1.0,10
2030,275,16,1.0,10
2030,276,2,1.0,10
2030,277,4,1.0,10
2030,278,14,1.0,10
2030,279,20,1.0,10
2030,280,4,1.0,10
2030,281,4,1.0,10
2030,282,4,1.0,10
2030,283,6,1.0,10
2030,284,24,1.0,10
2030,285,1,1.0,10
2030,286,26,1.0,10
2030,287,26,1.0,10
2030,288,24,1.0,10
2030,289,1,1.0,10
2030,290,11,1.0,10
2030,291,30,1.0,10
2030,292,30,1.0,10
2030,293,30,1.0,10
2030,294,12,1.0,10
2030,295,21,1.0,10
2030,296,7,1.0,10
2030,297,30,1.0,10
2030,298,21,1.0,10
2030,299,28,1.0,10
2030,300,30,1.0,10
2030,301,14,1.0,10
2030,302,14,1.0,10
2030,303,30,1.0,10
2030,304,1,1.0,10
2030,305,25,1.0,10
2030,306,29,1.0,10
2030,307,29,1.0,10
2030,308,21,1.0,10
2030,309,29,1.0,10
2030,310,26,1.0,10
2030,311,12,1.0,10
2030,312,30,1.0,10
2030,313,10,1.0,10
2030,314,25,1.0,10
2030,315,29,1.0,10
2030,316,8,1.0,10
2030,317,25,1.0,10
2030,318,17,1.0,10
2030,319,4,1.0,10
2030,320,5,1.0,10
2030,321,7,1.0,10
2030,322,12,1.0,10
2030,323,10,1.0,10
2030,324,7,1.0,10
2030,325,9,1.0,10
2030,326,11,1.0,10
2030,327,30,1.0,10
2030,328,4,1.0,10
2030,329,4,1.0,10
2030,330,9,1.0,10
2030,331,1,1.0,10
2030,332,30,1.0,10
2030,333,1,1.0,10
2030,334,29,1.0,10
2030,335,1,1.0,10
2030,336,25,1.0,10
2030,337,11,1.0,10
2030,338,4,1.0,10
2030,339,2,1.0,10
2030,340,12,1.0,10
2030,341,17,1.0,10
2030,342,2,1.0,10
2030,343,7,1.0,10
2030,344,10,1.0,10
2030,345,11,1.0,10
2030,346,22,1.0,10
2030,347,25,1.0,10
2030,348,21,1.0,10
2030,349,29,1.0,10
2030,350,8,1.0,10
2030,351,1,1.0,10
2030,352,4,1.0,10
2030,353,4,1.0,10
2030,354,5,1.0,10
2030,355,12,1.0,10
2030,356,22,1.0,10
2030,357,8,1.0,10
2030,358,25,1.0,10
2030,359,8,1.0,10
2030,360,8,1.0,10
2030,361,1,1.0,10
2030,362,1,1.0,10
2030,363,17,1.0,10
2030,364,11,1.0,10
2030,365,4,1.0,10
