year,period,rep_period,weight,scenario
2050,1,1,0.05787184277015641,0
2050,1,2,0.6624960561990573,0
2050,1,3,0.1711618326954361,0
2050,2,1,0.1399573099823158,0
2050,2,2,0.7614239864304992,0
2050,2,3,0.09717207656931048,0
2050,3,1,0.23925648288449428,0
2050,3,2,0.7426383408856405,0
2050,3,3,0.018105176229865294,0
2050,4,1,0.21851288208117503,0
2050,4,2,0.7196698554544538,0
2050,4,3,0.06181726246437111,0
2050,5,1,0.3030049323334034,0
2050,5,2,0.5231464869887261,0
2050,5,3,0.063743200503887,0
2050,5,4,0.08808201894583584,0
2050,6,1,0.191184292058727,0
2050,6,2,0.3166922840459994,0
2050,6,3,0.25244445332497734,0
2050,6,4,0.14078878151601223,0
2050,7,1,0.09719736916684456,0
2050,7,2,0.6034716005985555,0
2050,7,3,0.14397305996471182,0
2050,8,1,0.13600136403622604,0
2050,8,2,0.7704318327466833,0
2050,8,3,0.05839826649705363,0
2050,9,1,0.1711665839122697,0
2050,9,2,0.7629638995471348,0
2050,9,3,0.04136197339157326,0
2050,10,1,0.1771597748029615,0
2050,10,2,0.7055677648255895,0
2050,10,3,0.09808452988507038,0
2050,11,1,0.06156929408393378,0
2050,11,2,0.8263985532020804,0
2050,11,3,0.09273856789148624,0
2050,12,1,0.09522425320326221,0
2050,12,2,0.7557592337760789,0
2050,12,3,0.13207733013162115,0
2050,13,2,0.8104575542500833,0
2050,13,3,0.10233461610079367,0
2050,14,2,0.7839372397445307,0
2050,14,3,0.09062022543467843,0
2050,15,1,0.11463528751517726,0
2050,15,2,0.7762598369756856,0
2050,15,3,0.08899344212072086,0
2050,16,1,0.03991098420032935,0
2050,16,2,0.7550714235208293,0
2050,16,3,0.1127394757217007,0
2050,16,4,0.08671490157128764,0
2050,17,1,0.17486322186201406,0
2050,17,2,0.5883245674228945,0
2050,17,3,0.1504478250485575,0
2050,17,4,0.0639233587247302,0
2050,18,1,0.16216421124712313,0
2050,18,2,0.3891896871229936,0
2050,18,3,0.03583225172380149,0
2050,18,4,0.33908797761390563,0
2050,19,1,0.14933163487276313,0
2050,19,2,0.022480802420676738,0
2050,19,3,0.04182432522786057,0
2050,19,4,0.7074589170800535,0
2050,20,1,0.03889265670584097,0
2050,20,2,0.28052825813216403,0
2050,20,3,0.06392894714281198,0
2050,20,4,0.4414568479506527,0
2050,21,2,0.3174261697296871,0
2050,21,3,0.04187002176321438,0
2050,21,4,0.47849064679957337,0
2050,22,4,1.0,0
2050,23,1,0.011543333951291916,0
2050,23,2,0.13880411617595714,0
2050,23,3,0.14242819918153637,0
2050,23,4,0.7072243506912147,0
2050,24,1,0.056444829643267955,0
2050,24,2,0.5236423581043941,0
2050,24,3,0.16040232754748068,0
2050,24,4,0.25951048470485727,0
2050,25,1,0.08878022161348945,0
2050,25,2,0.31932337127221855,0
2050,25,3,0.08472691513423407,0
2050,25,4,0.5071694919800579,0
2050,26,1,0.14878858346313342,0
2050,26,2,0.5348887908342822,0
2050,26,3,0.15751439509213788,0
2050,26,4,0.15880823061044647,0
2050,27,2,0.4981723012048528,0
2050,27,3,0.08706152075610853,0
2050,27,4,0.31326326190744536,0
2050,28,2,0.7008856186623066,0
2050,28,3,0.14738224487469587,0
2050,28,4,0.07216089704403275,0
2050,29,2,1.0,0
2050,30,2,0.7045457261921485,0
2050,30,4,0.2954542738078515,0
2050,31,2,0.4999962685912174,0
2050,31,3,0.022789476189796057,0
2050,31,4,0.4772142552189865,0
2050,32,1,0.10003744581108044,0
2050,32,2,0.6322621918415364,0
2050,32,3,0.057895866235270974,0
2050,32,4,0.20980449611211216,0
2050,33,1,0.12078216094380126,0
2050,33,2,0.43576642177667496,0
2050,33,3,0.02412798216150046,0
2050,33,4,0.41200919625951166,0
2050,34,2,0.23944009922102608,0
2050,34,3,0.08997189956220121,0
2050,34,4,0.5987907268724165,0
2050,35,2,0.188664246319011,0
2050,35,3,0.04694046690900782,0
2050,35,4,0.6747717010079161,0
2050,36,1,0.012193241325965554,0
2050,36,2,0.2719988549780532,0
2050,36,3,0.049313301341832955,0
2050,36,4,0.6664946023541483,0
2050,37,2,0.6525704948505928,0
2050,37,4,0.34036377366973214,0
2050,38,1,0.1819312625885717,0
2050,38,2,0.6950196605066922,0
2050,38,3,0.1040210393194159,0
2050,39,1,0.05148692981490248,0
2050,39,2,0.8048430852744932,0
2050,39,3,0.05113871296079602,0
2050,39,4,0.09253127194980826,0
2050,40,1,0.04707824060601422,0
2050,40,2,0.44920345926794497,0
2050,40,3,0.12027467461278056,0
2050,40,4,0.3834436255132601,0
2050,41,2,0.33728850083153117,0
2050,41,3,0.1048697072589357,0
2050,41,4,0.48506465828062184,0
2050,42,1,0.09510495471625866,0
2050,42,2,0.1512510451371363,0
2050,42,3,0.1492239047878642,0
2050,42,4,0.47570388624118554,0
2050,43,1,0.28918580527107385,0
2050,43,2,0.28851897240233726,0
2050,43,3,0.04489269846099335,0
2050,43,4,0.32279148983363964,0
2050,44,1,0.3302283466451116,0
2050,44,2,0.3234671182189893,0
2050,44,3,0.1135446906156075,0
2050,44,4,0.22677892584844328,0
2050,45,1,0.2766623487976074,0
2050,45,2,0.29587913447909364,0
2050,45,3,0.04908849381311709,0
2050,45,4,0.36561811964714347,0
2050,46,1,0.2084875947115997,0
2050,46,2,0.5724136087666466,0
2050,46,3,0.1104736843414776,0
2050,46,4,0.10862511218027614,0
2050,47,1,0.16888348418664922,0
2050,47,2,0.601884196401785,0
2050,47,3,0.09135354183740392,0
2050,47,4,0.13787877757416178,0
2050,48,2,0.6075647635435851,0
2050,48,3,0.08888981343847714,0
2050,48,4,0.27923838777205173,0
2050,49,1,0.022232558808949095,0
2050,49,2,0.5903117701722219,0
2050,49,3,0.19271116479186062,0
2050,49,4,0.11323025754546082,0
2050,50,1,0.17134117287879613,0
2050,50,2,0.6146170922549179,0
2050,50,3,0.20595505982704396,0
2050,51,1,0.19489547564375428,0
2050,51,2,0.6832821680514164,0
2050,51,3,0.06256553342106903,0
2050,52,1,0.08931932020252425,0
2050,52,2,0.6344832032893346,0
2050,52,3,0.035792581988548594,0
2050,52,4,0.17103753275245256,0
2050,53,1,0.03644544908288321,0
2050,53,2,0.5361125745458795,0
2050,53,3,0.16392371571211625,0
2050,53,4,0.20932195326304606,0
2050,54,1,0.033845877274737646,0
2050,54,2,0.7336117384419668,0
2050,54,3,0.14822625782543278,0
2050,54,4,0.02045313061929299,0
2050,55,2,0.6308783291588339,0
2050,55,3,0.1601612979777062,0
2050,55,4,0.07774819094827204,0
2050,56,2,0.4081983594007664,0
2050,56,3,0.10674752991029075,0
2050,56,4,0.3251239367633089,0
2050,57,1,0.08304176298107054,0
2050,57,2,0.3282926460535593,0
2050,57,3,0.21520586110845136,0
2050,57,4,0.31146419898263455,0
2050,58,1,0.10460307641127117,0
2050,58,2,0.3398836115566627,0
2050,58,3,0.10109671769282369,0
2050,58,4,0.37022552082748916,0
2050,59,1,0.19111312888138354,0
2050,59,2,0.34285121918463796,0
2050,59,3,0.21346157593391604,0
2050,59,4,0.1876258288005777,0
2050,60,1,0.05519057520196129,0
2050,60,2,0.7557348300830711,0
2050,60,3,0.10922548471469716,0
2050,61,1,0.052200774546020956,0
2050,61,2,0.7539435420502724,0
2050,61,3,0.1175904851354937,0
2050,62,2,0.673734815524717,0
2050,62,3,0.17042378075505787,0
2050,63,2,0.4713031608297748,0
2050,63,3,0.1391764002243292,0
2050,63,4,0.26774853115633196,0
2050,64,1,0.07008849295226184,0
2050,64,2,0.3041327947178143,0
2050,64,3,0.17534419686977257,0
2050,64,4,0.45043451546015123,0
2050,65,1,0.1372542491542694,0
2050,65,2,0.5191230828730189,0
2050,65,3,0.21437557895753734,0
2050,65,4,0.12924708901517437,0
2050,66,1,0.16149936951591642,0
2050,66,2,0.5691070383599572,0
2050,66,3,0.2693935921241263,0
2050,67,1,0.13718081979716423,0
2050,67,2,0.6447133762281211,0
2050,67,3,0.19067834124552413,0
2050,68,1,0.24809290287571023,0
2050,68,2,0.3582696956992187,0
2050,68,3,0.1785429148085058,0
2050,68,4,0.1388796316106375,0
2050,69,1,0.15344930840383622,0
2050,69,2,0.465308830185989,0
2050,69,3,0.19780355379801395,0
2050,70,1,0.13076879823627124,0
2050,70,2,0.44926416038071293,0
2050,70,3,0.14750732040435793,0
2050,70,4,0.03928514806135725,0
2050,71,1,0.22772258970868417,0
2050,71,2,0.526303325113644,0
2050,71,3,0.14803619356567926,0
2050,72,1,0.14906381925122525,0
2050,72,2,0.582186530250744,0
2050,72,3,0.09618569705630768,0
2050,72,4,0.09763338488581184,0
2050,73,1,0.13984284028336766,0
2050,73,2,0.5117283574484747,0
2050,73,3,0.1333577000147204,0
2050,73,4,0.1343458172638133,0
2050,74,1,0.1278811833371485,0
2050,74,2,0.5266567762068901,0
2050,74,3,0.16020755975575413,0
2050,74,4,0.10171019385221539,0
2050,75,1,0.0914111239537028,0
2050,75,2,0.5045995224092092,0
2050,75,3,0.18458080890675935,0
2050,75,4,0.13283221033518136,0
2050,76,1,0.05239956681589041,0
2050,76,2,0.45523308176144117,0
2050,76,3,0.12122071018363251,0
2050,76,4,0.20748871645686753,0
2050,77,1,0.15309308921636755,0
2050,77,2,0.23228496026058676,0
2050,77,3,0.14597089240883931,0
2050,77,4,0.3123778055601039,0
2050,78,1,0.24684312305163272,0
2050,78,2,0.2069567669548139,0
2050,78,3,0.12750373237688517,0
2050,78,4,0.384828577048475,0
2050,79,1,0.21589428135378566,0
2050,79,2,0.17539882922575611,0
2050,79,3,0.09120085710870235,0
2050,79,4,0.49834436165280394,0
2050,80,1,0.3362004733575024,0
2050,80,2,0.5017069202631986,0
2050,80,3,0.10863431415403853,0
2050,80,4,0.024913359690377865,0
2050,81,1,0.16071042304191713,0
2050,81,2,0.4064870604371708,0
2050,81,3,0.09429379651565839,0
2050,81,4,0.3057749165627879,0
2050,82,1,0.2790706539234336,0
2050,82,2,0.5257386159942632,0
2050,82,3,0.10879815390163505,0
2050,82,4,0.043495641250795296,0
2050,83,1,0.08000517379449004,0
2050,83,2,0.3375907624381603,0
2050,83,3,0.018616153949065604,0
2050,83,4,0.44514594540424357,0
2050,84,2,0.31472569658148075,0
2050,84,3,0.08414696274268094,0
2050,84,4,0.5112224804202339,0
2050,85,1,0.09758089772103438,0
2050,85,2,0.587245187681586,0
2050,85,3,0.0945893409365758,0
2050,85,4,0.21277369877481775,0
2050,86,1,0.10330613238620176,0
2050,86,2,0.47153297459135723,0
2050,86,4,0.390870889029132,0
2050,87,1,0.1003225797677578,0
2050,87,2,0.43492073007445387,0
2050,87,3,0.1651428162070843,0
2050,87,4,0.2741085246197294,0
2050,88,1,0.0850168203086411,0
2050,88,2,0.7759514318800405,0
2050,88,3,0.061102079961879364,0
2050,89,2,0.8204615502042022,0
2050,89,3,0.09481564874171525,0
2050,90,2,0.7545998194828566,0
2050,90,3,0.10418232591332317,0
2050,91,2,0.682899907709102,0
2050,91,3,0.17263125925538297,0
2050,92,2,0.6012392820336895,0
2050,92,3,0.1661683831949038,0
2050,92,4,0.06465631604782238,0
2050,93,1,0.16517357804722396,0
2050,93,2,0.22886898023543337,0
2050,93,3,0.1847363419101994,0
2050,93,4,0.33025858165743527,0
2050,94,1,0.23485951543709066,0
2050,94,2,0.3107439244689504,0
2050,94,3,0.09623015869957297,0
2050,94,4,0.23155331290281633,0
2050,95,1,0.1562922784388746,0
2050,95,2,0.2768256485962706,0
2050,95,3,0.111627855169909,0
2050,95,4,0.3465285905006184,0
2050,96,1,0.11087506979436176,0
2050,96,2,0.23105835181007336,0
2050,96,3,0.17261296283490055,0
2050,96,4,0.4084187235759898,0
2050,97,2,0.4834122255418564,0
2050,97,3,0.17761795374845804,0
2050,97,4,0.18236911493186578,0
2050,98,2,0.43331045548731856,0
2050,98,3,0.12455587037967121,0
2050,98,4,0.2649834613282929,0
2050,99,1,0.11780292997073272,0
2050,99,2,0.34798210113253125,0
2050,99,3,0.18445841573801353,0
2050,99,4,0.24635470919210106,0
2050,100,1,0.21449455201481857,0
2050,100,2,0.3356027890349855,0
2050,100,3,0.20018228344779404,0
2050,100,4,0.14049621996246267,0
2050,101,1,0.19345548913514052,0
2050,101,2,0.3863931858099835,0
2050,101,3,0.31286739523979845,0
2050,101,4,0.027202354737430733,0
2050,102,1,0.10764616221966773,0
2050,102,2,0.565828919451422,0
2050,102,3,0.24365230817180564,0
2050,103,1,0.10000894132650187,0
2050,103,2,0.5188498490353461,0
2050,103,3,0.19902574718590826,0
2050,103,4,0.08076692385973447,0
2050,104,1,0.019002869756994764,0
2050,104,2,0.5463988583063167,0
2050,104,3,0.2693362087011998,0
2050,105,1,0.12077999954894231,0
2050,105,2,0.43774518194241635,0
2050,105,3,0.24746679244533287,0
2050,106,1,0.22737570337134333,0
2050,106,2,0.48824221157150893,0
2050,106,3,0.16072417691085555,0
2050,107,1,0.16458326556739147,0
2050,107,2,0.4191066150900185,0
2050,107,3,0.18211705120512667,0
2050,107,4,0.1458358857939939,0
2050,108,1,0.11901307493465427,0
2050,108,2,0.4355526784788952,0
2050,108,3,0.1771848476628153,0
2050,108,4,0.17019970059673112,0
2050,109,1,0.24063540189981894,0
2050,109,2,0.40243904256949337,0
2050,109,3,0.1922523503990016,0
2050,109,4,0.04246283961843336,0
2050,110,1,0.20119022380800033,0
2050,110,2,0.48349543929822425,0
2050,110,3,0.15520680277318877,0
2050,110,4,0.029295643553316084,0
2050,111,1,0.030858516143486503,0
2050,111,2,0.37002119225014996,0
2050,111,3,0.24747404870627415,0
2050,111,4,0.16857832568897663,0
2050,112,1,0.03811111704227013,0
2050,112,2,0.31240526589264045,0
2050,112,3,0.29021111673330213,0
2050,112,4,0.15679240548474604,0
2050,113,1,0.17690568283402816,0
2050,113,2,0.3540454329506018,0
2050,113,3,0.24940461046628365,0
2050,113,4,0.09844018253155255,0
2050,114,1,0.2649060489203291,0
2050,114,2,0.2094128276536213,0
2050,114,3,0.2505112061898804,0
2050,114,4,0.16542336914176453,0
2050,115,1,0.1447432696185128,0
2050,115,2,0.24867281991800574,0
2050,115,3,0.3076204912795003,0
2050,115,4,0.20871352077867572,0
2050,116,1,0.13754662365907036,0
2050,116,2,0.14010985327729855,0
2050,116,3,0.2003599199831915,0
2050,116,4,0.40579157619969575,0
2050,117,1,0.05129163987187125,0
2050,117,2,0.17651201289950674,0
2050,117,3,0.25231732126663053,0
2050,117,4,0.3930152216947035,0
2050,118,1,0.026868311995237478,0
2050,118,2,0.2467025036960772,0
2050,118,3,0.30220991105605766,0
2050,118,4,0.23079497602742555,0
2050,119,1,0.02385022705704233,0
2050,119,2,0.4238893293547513,0
2050,119,3,0.3442424570243024,0
2050,120,1,0.13135086649293887,0
2050,120,2,0.1552519550441736,0
2050,120,3,0.5699874609930423,0
2050,120,4,0.042188096357390924,0
2050,121,2,0.1579294530572964,0
2050,121,3,0.4971603492923271,0
2050,121,4,0.20788790029874685,0
2050,122,1,0.0825693178513173,0
2050,122,2,0.13534600528722573,0
2050,122,3,0.5398135110131203,0
2050,122,4,0.1625475267725621,0
2050,123,1,0.06968519617880203,0
2050,123,2,0.07888866733604805,0
2050,123,3,0.6099515292952745,0
2050,123,4,0.20202776964123303,0
2050,124,2,0.26260497268270955,0
2050,124,3,0.5573599898721631,0
2050,124,4,0.10933903021593944,0
2050,125,2,0.28564105572355886,0
2050,125,3,0.6329338260637031,0
2050,126,2,0.3141498860558458,0
2050,126,3,0.6229035815884949,0
2050,127,1,0.02664882781172981,0
2050,127,2,0.09556927824871461,0
2050,127,3,0.7931518534277076,0
2050,127,4,0.050222160149243335,0
2050,128,1,0.09382998703595789,0
2050,128,3,0.7104459699249879,0
2050,128,4,0.14219654745361854,0
2050,129,1,0.06133077810424493,0
2050,129,2,0.07395597658835613,0
2050,129,3,0.790836354116826,0
2050,129,4,0.05541373715853506,0
2050,130,2,0.0535696497369277,0
2050,130,3,0.843479689336517,0
2050,130,4,0.06388635369070912,0
2050,131,3,1.0,0
2050,132,2,0.15449923712410407,0
2050,132,3,0.8026477371391626,0
2050,133,2,0.14904729042546727,0
2050,133,3,0.7470556754887232,0
2050,134,1,0.03563276258891572,0
2050,134,2,0.09349584922530568,0
2050,134,3,0.4799242685920886,0
2050,134,4,0.3105549408697178,0
2050,135,2,0.07399672157872912,0
2050,135,3,0.45714250612435353,0
2050,135,4,0.4142359467450857,0
2050,136,1,0.03168591684139441,0
2050,136,2,0.16060947484358595,0
2050,136,3,0.55784710873309,0
2050,136,4,0.17946956390691562,0
2050,137,1,0.09153404958484303,0
2050,137,2,0.2819469648385819,0
2050,137,3,0.5331170491210089,0
2050,138,1,0.12716778188042221,0
2050,138,2,0.23643234801148388,0
2050,138,3,0.5050129522690527,0
2050,138,4,0.034064706984376164,0
2050,139,2,0.300979162146403,0
2050,139,3,0.5211898822198295,0
2050,139,4,0.04444521639030122,0
2050,140,2,0.028695427442310628,0
2050,140,3,0.49698594367393606,0
2050,140,4,0.30444613019059485,0
2050,141,2,0.10281595484727322,0
2050,141,3,0.4037212857181211,0
2050,141,4,0.36599971725172825,0
2050,142,1,0.03259324366565487,0
2050,142,2,0.20833601005537777,0
2050,142,3,0.44327233381986053,0
2050,142,4,0.23413959311176596,0
2050,143,1,0.03350212653232595,0
2050,143,2,0.23811388367527325,0
2050,143,3,0.3603575793890677,0
2050,143,4,0.2665545986601097,0
2050,144,1,0.1016394837951106,0
2050,144,2,0.03618913043224806,0
2050,144,3,0.44257805300389325,0
2050,144,4,0.3203848235103966,0
2050,145,1,0.1626534360626516,0
2050,145,2,0.016957291320602863,0
2050,145,3,0.4007570161161217,0
2050,145,4,0.29342096700393633,0
2050,146,1,0.043606542435202934,0
2050,146,2,0.11279421578552054,0
2050,146,3,0.4264076388059159,0
2050,146,4,0.21894759331361882,0
2050,147,2,0.19591543916856732,0
2050,147,3,0.452525316011626,0
2050,147,4,0.1645855097070259,0
2050,148,1,0.0952386088789492,0
2050,148,2,0.11447843424538362,0
2050,148,3,0.6380416830084215,0
2050,148,4,0.09959548175633309,0
2050,149,1,0.14869365332302237,0
2050,149,2,0.10250346556509768,0
2050,149,3,0.5512482268350861,0
2050,149,4,0.13656877196159084,0
2050,150,1,0.12752362148021526,0
2050,150,2,0.25138873307335374,0
2050,150,3,0.5383423996645381,0
2050,151,1,0.04219096577126963,0
2050,151,2,0.31831800845219627,0
2050,151,3,0.5699511105618502,0
2050,152,1,0.08522974927738539,0
2050,152,2,0.26470563256342533,0
2050,152,3,0.5803495681459822,0
2050,153,2,0.2483853817182107,0
2050,153,3,0.6399867972373321,0
2050,154,2,0.3305354888650982,0
2050,154,3,0.5235864678374779,0
2050,155,1,0.13524415746321383,0
2050,155,2,0.2287069905055997,0
2050,155,3,0.5034217822093979,0
2050,155,4,0.02722568659947504,0
2050,156,1,0.0715036063546157,0
2050,156,2,0.023493651973798,0
2050,156,3,0.6240487613092285,0
2050,156,4,0.23476817237552444,0
2050,157,1,0.07132683085474292,0
2050,157,2,0.24391521606610853,0
2050,157,3,0.6359328014414045,0
2050,158,1,0.12753349185407356,0
2050,158,2,0.2478235339428226,0
2050,158,3,0.5394435097473845,0
2050,159,1,0.1962006337792459,0
2050,159,2,0.1979705597737844,0
2050,159,3,0.49305365722680494,0
2050,160,1,0.10363169591763809,0
2050,160,2,0.11672901662326204,0
2050,160,3,0.4844421412481426,0
2050,160,4,0.093931098687268,0
2050,161,1,0.0654882644670868,0
2050,161,2,0.18249709453042728,0
2050,161,3,0.5498597523980543,0
2050,162,1,0.26590268922381416,0
2050,162,2,0.16236634249558124,0
2050,162,3,0.38998968856872857,0
2050,162,4,0.05514767432946516,0
2050,163,1,0.27661739576994454,0
2050,163,2,0.0718186965580229,0
2050,163,3,0.3611281730692958,0
2050,163,4,0.1543709241083925,0
2050,164,1,0.23142582081729082,0
2050,164,2,0.08325743231138599,0
2050,164,3,0.37753970531249376,0
2050,164,4,0.1711606406211182,0
2050,165,1,0.2587058644401142,0
2050,165,2,0.14367078639962347,0
2050,165,3,0.3844107016276847,0
2050,165,4,0.047624981820909774,0
2050,166,1,0.19829128302518745,0
2050,166,2,0.2270842537380514,0
2050,166,3,0.33936527336573624,0
2050,166,4,0.06688238909879564,0
2050,167,1,0.038376384805464674,0
2050,167,2,0.137124725626555,0
2050,167,3,0.37008425238971904,0
2050,167,4,0.21802064727780268,0
2050,168,2,0.2177323735486641,0
2050,168,3,0.47272299642865545,0
2050,168,4,0.08261480099603516,0
2050,169,1,0.1583398532350003,0
2050,169,2,0.28433392237918464,0
2050,169,3,0.4123098426789844,0
2050,169,4,0.01993646505215569,0
2050,170,1,0.2570541346365577,0
2050,170,2,0.1380865131172613,0
2050,170,3,0.37970977918599275,0
2050,170,4,0.09257796462899845,0
2050,171,1,0.2755724406749464,0
2050,171,3,0.36552653747210384,0
2050,171,4,0.21355009847301798,0
2050,172,1,0.30676502199825095,0
2050,172,3,0.4046090562632706,0
2050,172,4,0.1511876307946837,0
2050,173,1,0.3028681256794505,0
2050,173,2,0.05249314551938977,0
2050,173,3,0.3409936106304522,0
2050,173,4,0.1513424912774821,0
2050,174,1,0.11881998273075833,0
2050,174,2,0.16246391317016215,0
2050,174,3,0.37811440347578523,0
2050,174,4,0.1281050297766127,0
2050,175,1,0.1305526153756106,0
2050,175,2,0.21525539310137298,0
2050,175,3,0.4071765413080794,0
2050,176,1,0.2592945403099625,0
2050,176,2,0.1406561712122193,0
2050,176,3,0.3887369839221701,0
2050,176,4,0.06747612952444275,0
2050,177,1,0.30414683131444714,0
2050,177,2,0.04548483178597175,0
2050,177,3,0.3883494624453766,0
2050,177,4,0.14347754469489207,0
2050,178,1,0.2527464878721993,0
2050,178,3,0.38127437474347964,0
2050,178,4,0.25045647663853343,0
2050,179,1,0.2524297173621214,0
2050,179,3,0.4350892054782522,0
2050,179,4,0.20707986729078418,0
2050,180,1,0.2683176292739778,0
2050,180,3,0.40713403335862164,0
2050,180,4,0.18925268230017422,0
2050,181,1,0.25349325499708847,0
2050,181,3,0.4231668726064279,0
2050,181,4,0.0973679509186376,0
2050,182,1,0.22350795753218766,0
2050,182,2,0.03785787654494861,0
2050,182,3,0.4245208072174962,0
2050,182,4,0.0809009088069674,0
2050,183,1,0.3077777550857486,0
2050,183,2,0.0469849964913394,0
2050,183,3,0.44630671958339435,0
2050,183,4,0.06367293026781237,0
2050,184,1,0.23593965134713382,0
2050,184,2,0.1093723070008945,0
2050,184,3,0.4103004618116509,0
2050,184,4,0.13188469502042824,0
2050,185,1,0.2539346365274439,0
2050,185,2,0.08200087751931658,0
2050,185,3,0.4141309994420171,0
2050,185,4,0.13450156344482495,0
2050,186,1,0.3232416419707851,0
2050,186,3,0.319164354657047,0
2050,186,4,0.19484014659357687,0
2050,187,1,0.20574613743349673,0
2050,187,2,0.23265765399900618,0
2050,187,3,0.41788125918879887,0
2050,188,1,0.07527200734602517,0
2050,188,2,0.3534340593794542,0
2050,188,3,0.356524119103844,0
2050,189,2,0.44365141211867715,0
2050,189,3,0.3631598632483675,0
2050,190,1,0.14036934013031377,0
2050,190,2,0.43587910288622567,0
2050,190,3,0.2767159526837366,0
2050,191,1,0.20779479747185212,0
2050,191,2,0.33699632843348304,0
2050,191,3,0.3133609012955297,0
2050,192,1,0.2582568174582661,0
2050,192,2,0.2149303278466007,0
2050,192,3,0.28350974866067913,0
2050,192,4,0.08439434102437753,0
2050,193,1,0.2817880090724402,0
2050,193,2,0.12396126733326107,0
2050,193,3,0.27097268372221167,0
2050,193,4,0.16449598677988075,0
2050,194,1,0.25043188013001283,0
2050,194,2,0.05744307452137881,0
2050,194,3,0.23167345383792387,0
2050,194,4,0.28591490531326536,0
2050,195,1,0.15545322267538564,0
2050,195,2,0.02209172314134795,0
2050,195,3,0.24501835952888354,0
2050,195,4,0.3127670396208861,0
2050,196,1,0.1854096777079505,0
2050,196,3,0.3038323646275607,0
2050,196,4,0.22960544760278162,0
2050,197,1,0.2736224960289091,0
2050,197,2,0.017018123647735865,0
2050,197,3,0.35342283584769957,0
2050,197,4,0.20176063129124883,0
2050,198,1,0.23673701112839454,0
2050,198,2,0.18777428330982218,0
2050,198,3,0.41422281630892555,0
2050,198,4,0.036705102329090036,0
2050,199,1,0.24809815375511254,0
2050,199,2,0.19049151001419634,0
2050,199,3,0.4175382008326472,0
2050,200,1,0.31765359018897565,0
2050,200,2,0.19651265596832224,0
2050,200,3,0.28451896779350366,0
2050,200,4,0.03646340479402583,0
2050,201,1,0.2845428762075786,0
2050,201,2,0.1849465590845158,0
2050,201,3,0.3036244330785682,0
2050,201,4,0.06814936089183621,0
2050,202,1,0.18908453711008666,0
2050,202,2,0.16081104389903436,0
2050,202,3,0.4297842632271938,0
2050,203,1,0.10269241394115129,0
2050,203,2,0.2013393663904252,0
2050,203,3,0.30504581892033966,0
2050,203,4,0.11782509646706667,0
2050,204,1,0.24265046170483673,0
2050,204,2,0.18513956505938364,0
2050,204,3,0.26882302505367,0
2050,204,4,0.12152326558825939,0
2050,205,1,0.25141814433072784,0
2050,205,2,0.14595333918071823,0
2050,205,3,0.21016328301842863,0
2050,205,4,0.22144446521699485,0
2050,206,1,0.19819887521852927,0
2050,206,2,0.4149019319555077,0
2050,206,3,0.2328629751573219,0
2050,207,1,0.1140311252770469,0
2050,207,2,0.4917160189458674,0
2050,207,3,0.2612386043455317,0
2050,208,1,0.16222407864888766,0
2050,208,2,0.41460903957736717,0
2050,208,3,0.2180150721720511,0
2050,208,4,0.0738661054052574,0
2050,209,1,0.09284453457520438,0
2050,209,2,0.3328209952472551,0
2050,209,3,0.2624664619504705,0
2050,209,4,0.0882075514743255,0
2050,210,1,0.11293119190225617,0
2050,210,2,0.3532166756393187,0
2050,210,3,0.2938104104582374,0
2050,210,4,0.0,0
2050,211,1,0.2975891139890415,0
2050,211,2,0.3033452012237929,0
2050,211,3,0.23080374518751678,0
2050,211,4,0.0,0
2050,212,1,0.2874811920418695,0
2050,212,2,0.3059391106479741,0
2050,212,3,0.21743432066590507,0
2050,212,4,0.017652794448665018,0
2050,213,1,0.29383602627750194,0
2050,213,2,0.12784348786987706,0
2050,213,3,0.24145689991419958,0
2050,213,4,0.17436628578991756,0
2050,214,1,0.30094938805014754,0
2050,214,2,0.08247607057344297,0
2050,214,3,0.25298866235790274,0
2050,214,4,0.18901570241931567,0
2050,215,1,0.3084566886299737,0
2050,215,2,0.12534615884043393,0
2050,215,3,0.35699255756109494,0
2050,215,4,0.06703951733703972,0
2050,216,1,0.21502624049044874,0
2050,216,2,0.18410797010601362,0
2050,216,3,0.34176518415569107,0
2050,216,4,0.020059589876541026,0
2050,217,1,0.2122314353428588,0
2050,217,2,0.15034646102786908,0
2050,217,3,0.2901045027568825,0
2050,217,4,0.07745390701227954,0
2050,218,1,0.3650237974924389,0
2050,218,3,0.2789371281482585,0
2050,218,4,0.17983495684414552,0
2050,219,1,0.32501076379966115,0
2050,219,3,0.2049336187201264,0
2050,219,4,0.29562464990957826,0
2050,220,1,0.2076833134980663,0
2050,220,2,0.06948603787242846,0
2050,220,3,0.22652645181943454,0
2050,220,4,0.3331349642912039,0
2050,221,1,0.255493261042615,0
2050,221,2,0.02725203584068624,0
2050,221,3,0.2513302947951698,0
2050,221,4,0.2901211475893165,0
2050,222,1,0.32515594828817296,0
2050,222,3,0.24732780282934766,0
2050,222,4,0.22827755465112745,0
2050,223,1,0.2695614746874408,0
2050,223,3,0.2363715842982706,0
2050,223,4,0.2041094761508782,0
2050,224,1,0.21166399332174896,0
2050,224,2,0.06127977224179915,0
2050,224,3,0.25083854871873257,0
2050,224,4,0.18412508865053115,0
2050,225,1,0.28184274374645674,0
2050,225,2,0.2464032614836552,0
2050,225,3,0.2419139509267375,0
2050,225,4,0.0760576540204025,0
2050,226,1,0.3155350223020076,0
2050,226,2,0.2287200893453332,0
2050,226,3,0.2557019614111916,0
2050,226,4,0.0359059886391295,0
2050,227,1,0.32298390045614667,0
2050,227,2,0.21777921679344542,0
2050,227,3,0.21692059244118272,0
2050,227,4,0.013296460406497757,0
2050,228,1,0.35667904986790744,0
2050,228,2,0.22199813957533615,0
2050,228,3,0.19553929300956585,0
2050,229,1,0.29118254334395577,0
2050,229,2,0.2995873541471099,0
2050,229,3,0.22270975475391533,0
2050,230,1,0.15378072626642217,0
2050,230,2,0.27750062580089835,0
2050,230,3,0.26530009824767664,0
2050,230,4,0.04099259689198941,0
2050,231,1,0.15041231423586138,0
2050,231,2,0.1478979763570828,0
2050,231,3,0.26874082260053467,0
2050,231,4,0.1452692526538464,0
2050,232,1,0.22916375785065723,0
2050,232,2,0.06592913324963152,0
2050,232,3,0.2825513431723232,0
2050,232,4,0.2635879156288181,0
2050,233,1,0.2511933332208175,0
2050,233,2,0.03649266622746726,0
2050,233,3,0.33842932511366813,0
2050,233,4,0.2403517924411437,0
2050,234,1,0.3277757707520618,0
2050,234,2,0.0700757887041304,0
2050,234,3,0.3018549806955511,0
2050,234,4,0.153861916506907,0
2050,235,1,0.20900454942767238,0
2050,235,2,0.29673587618332065,0
2050,235,3,0.3011118715595456,0
2050,235,4,0.060305950687989614,0
2050,236,1,0.14066756188302307,0
2050,236,2,0.4440393737753156,0
2050,236,3,0.24015093629699683,0
2050,237,1,0.024909941036821263,0
2050,237,2,0.44985644313173195,0
2050,237,3,0.3050342674213513,0
2050,238,1,0.07615029389532187,0
2050,238,2,0.33227624410115,0
2050,238,3,0.3535664250563989,0
2050,239,1,0.18260348569900048,0
2050,239,2,0.37524912207186395,0
2050,239,3,0.28974654949845774,0
2050,240,1,0.22874351064319423,0
2050,240,2,0.31620749901081635,0
2050,240,3,0.29492871841340235,0
2050,240,4,0.0,0
2050,241,1,0.258165439433469,0
2050,241,2,0.2479897119595278,0
2050,241,3,0.27009894778675675,0
2050,241,4,0.04185295024965009,0
2050,242,1,0.32900602856524586,0
2050,242,3,0.21545924556109836,0
2050,242,4,0.2602764827807468,0
2050,243,1,0.3746091905652972,0
2050,243,2,0.10446668990168734,0
2050,243,3,0.23779975675171144,0
2050,243,4,0.08750672407215751,0
2050,244,1,0.14181824515313043,0
2050,244,2,0.3281224634154785,0
2050,244,3,0.26263772341674924,0
2050,244,4,0.0,0
2050,245,1,0.10925903132387141,0
2050,245,2,0.33325949177490344,0
2050,245,3,0.2642195496248595,0
2050,245,4,0.0,0
2050,246,1,0.2926200633950694,0
2050,246,2,0.08932355398870057,0
2050,246,3,0.28841353211885934,0
2050,246,4,0.15356664864346709,0
2050,247,1,0.2804901904086946,0
2050,247,2,0.13299520621703248,0
2050,247,3,0.2744925528800951,0
2050,247,4,0.16207668782406331,0
2050,248,1,0.22885395087936342,0
2050,248,2,0.35746261390401124,0
2050,248,3,0.2607202122452853,0
2050,248,4,0.0,0
2050,249,1,0.2756747725976855,0
2050,249,2,0.3291468760463667,0
2050,249,3,0.25816286472589445,0
2050,249,4,0.0,0
2050,250,1,0.28774599906409426,0
2050,250,2,0.3533919770972625,0
2050,250,3,0.192792998393076,0
2050,250,4,0.0,0
2050,251,1,0.17943785759133624,0
2050,251,2,0.3209577699267801,0
2050,251,3,0.2079952412452979,0
2050,251,4,0.0,0
2050,252,1,0.15102317078013858,0
2050,252,2,0.1163634751806375,0
2050,252,3,0.2599926741328372,0
2050,252,4,0.17565170954814005,0
2050,253,1,0.2710088686995912,0
2050,253,2,0.16115650033998716,0
2050,253,3,0.2547159070070965,0
2050,253,4,0.137391200103976,0
2050,254,1,0.3022141876421256,0
2050,254,2,0.24743731673768737,0
2050,254,3,0.2693524743383279,0
2050,255,1,0.18922547565013245,0
2050,255,2,0.42572730982577534,0
2050,255,3,0.23016727165148965,0
2050,256,1,0.17497408571323847,0
2050,256,2,0.42797843331744306,0
2050,256,3,0.11863796690592837,0
2050,256,4,0.10076699252372193,0
2050,257,1,0.07301454165512347,0
2050,257,2,0.6118031520653072,0
2050,257,3,0.16456032112426355,0
2050,258,2,0.5866214077411768,0
2050,258,3,0.16629510999627048,0
2050,258,4,0.013260477297049544,0
2050,259,2,0.38517047366493906,0
2050,259,3,0.13580464758249297,0
2050,259,4,0.24770781724178684,0
2050,260,1,0.14520558906670808,0
2050,260,2,0.5377939575152413,0
2050,260,3,0.1646616692002665,0
2050,261,1,0.18203579405250533,0
2050,261,2,0.5236354627997802,0
2050,261,3,0.11505862858834945,0
2050,262,1,0.21236882197386814,0
2050,262,2,0.3328086367761624,0
2050,262,3,0.12203270180011759,0
2050,262,4,0.1503906275633528,0
2050,263,1,0.2488861243059525,0
2050,263,2,0.1752886100380732,0
2050,263,3,0.15873406023951692,0
2050,263,4,0.23033125374698626,0
2050,264,1,0.26293370388204973,0
2050,264,2,0.08661521416609651,0
2050,264,3,0.17651637818000115,0
2050,264,4,0.2870727197902206,0
2050,265,1,0.11818141003359724,0
2050,265,2,0.3393924236489146,0
2050,265,3,0.12872069962633187,0
2050,265,4,0.137669465888153,0
2050,266,1,0.014981146066238616,0
2050,266,2,0.3455124065229256,0
2050,266,3,0.09936749507201353,0
2050,266,4,0.241669035166523,0
2050,267,1,0.11698151648726524,0
2050,267,2,0.32216179272452905,0
2050,267,3,0.2556355166098485,0
2050,267,4,0.14553723733208263,0
2050,268,1,0.2731028366495189,0
2050,268,2,0.2191995329282955,0
2050,268,3,0.17978267616982962,0
2050,268,4,0.14269623914797144,0
2050,269,1,0.24025189805099983,0
2050,269,2,0.24749092488139934,0
2050,269,3,0.15044058568764815,0
2050,269,4,0.1630681701742804,0
2050,270,1,0.14869711217286768,0
2050,270,2,0.39781147260185334,0
2050,270,3,0.16124744898231025,0
2050,270,4,0.10928892404907423,0
2050,271,1,0.09559173170988552,0
2050,271,2,0.4420800543062193,0
2050,271,3,0.1370710243114195,0
2050,271,4,0.1505540190070726,0
2050,272,1,0.025730411651067615,0
2050,272,2,0.3517302561521498,0
2050,272,3,0.17781962657087472,0
2050,272,4,0.20761910164919772,0
2050,273,2,0.40167872392347587,0
2050,273,3,0.182652071176356,0
2050,273,4,0.15841221552905682,0
2050,274,1,0.1486970141880946,0
2050,274,2,0.4842803672630578,0
2050,274,3,0.17374775323038144,0
2050,275,1,0.20653587569199897,0
2050,275,2,0.4478920446770115,0
2050,275,3,0.15135130603387176,0
2050,275,4,0.0,0
2050,276,1,0.2929999134773455,0
2050,276,2,0.05074829193622595,0
2050,276,3,0.1350766844783865,0
2050,276,4,0.3142020204952815,0
2050,277,1,0.16472433813829793,0
2050,277,2,0.10430074873464669,0
2050,277,3,0.10003898558588988,0
2050,277,4,0.4614985465464059,0
2050,278,1,0.14843119509790348,0
2050,278,2,0.22731230591370977,0
2050,278,3,0.18071597227328723,0
2050,278,4,0.29539071911680226,0
2050,279,1,0.037190562991042585,0
2050,279,2,0.49824232192137524,0
2050,279,3,0.17706332524939822,0
2050,279,4,0.030763797316419417,0
2050,280,1,0.07371530600148664,0
2050,280,2,0.4448504131455088,0
2050,280,3,0.2021722095080786,0
2050,281,1,0.23088890515601668,0
2050,281,2,0.09148557455817435,0
2050,281,3,0.254373038244204,0
2050,281,4,0.24241316010878394,0
2050,282,1,0.260499252308266,0
2050,282,2,0.048899941217695746,0
2050,282,3,0.21292357333021972,0
2050,282,4,0.29103990696761284,0
2050,283,1,0.05520975017464502,0
2050,283,2,0.1441839662511722,0
2050,283,3,0.22104386870434606,0
2050,283,4,0.42778938951990336,0
2050,284,1,0.0993923924775841,0
2050,284,2,0.2003671058387653,0
2050,284,3,0.2767066121970446,0
2050,284,4,0.30036495806697205,0
2050,285,1,0.16634523823631375,0
2050,285,2,0.11178651222275356,0
2050,285,3,0.24726846742671915,0
2050,285,4,0.30665940217826254,0
2050,286,1,0.06616597097848526,0
2050,286,2,0.21897398369850143,0
2050,286,3,0.2518510060060434,0
2050,286,4,0.21131142029300207,0
2050,287,2,0.22774182784500416,0
2050,287,3,0.32387431460047844,0
2050,287,4,0.1834011089515608,0
2050,288,1,0.18984161615753817,0
2050,288,2,0.3454686363021659,0
2050,288,3,0.25547883388962744,0
2050,288,4,0.02164168630512847,0
2050,289,1,0.3060419935714626,0
2050,289,2,0.2997508544795267,0
2050,289,3,0.21357532701217372,0
2050,290,1,0.2822758151738719,0
2050,290,2,0.07373125899598079,0
2050,290,3,0.16084839784256666,0
2050,290,4,0.31321447011540526,0
2050,291,1,0.3668649876996488,0
2050,291,3,0.14047373155037884,0
2050,291,4,0.2814403680132577,0
2050,292,1,0.29942230299202066,0
2050,292,2,0.03937446640747739,0
2050,292,3,0.11662155418904556,0
2050,292,4,0.34863947883775515,0
2050,293,1,0.029889275025585846,0
2050,293,2,0.11804033743377022,0
2050,293,3,0.161022749737895,0
2050,293,4,0.44287318072890275,0
2050,294,2,0.25726478903241334,0
2050,294,3,0.30669887683882957,0
2050,294,4,0.1848415671355472,0
2050,295,1,0.07620794640735737,0
2050,295,2,0.48257443706705394,0
2050,295,3,0.3028829273071097,0
2050,296,1,0.17971901044067648,0
2050,296,2,0.4242215740541977,0
2050,296,3,0.24818597233266107,0
2050,297,1,0.27351273606468895,0
2050,297,2,0.21435340113170517,0
2050,297,3,0.35063496767457913,0
2050,297,4,0.040004899210801526,0
2050,298,1,0.21142555478912217,0
2050,298,2,0.3818655968240168,0
2050,298,3,0.2475223604311525,0
2050,298,4,0.0,0
2050,299,1,0.15947052200749784,0
2050,299,2,0.3816752153129581,0
2050,299,3,0.21797853050988414,0
2050,299,4,0.0838399723378148,0
2050,300,1,0.034218507147836266,0
2050,300,2,0.32159877119872193,0
2050,300,3,0.21939422396212183,0
2050,300,4,0.202934655879698,0
2050,301,2,0.3212436723957373,0
2050,301,3,0.2668850480907133,0
2050,301,4,0.18893172702037958,0
2050,302,1,0.18303536386310118,0
2050,302,2,0.21250166254817432,0
2050,302,3,0.1658020918378712,0
2050,302,4,0.30734535107083066,0
2050,303,1,0.1696310856132591,0
2050,303,2,0.1660996918145281,0
2050,303,3,0.24448277585246622,0
2050,303,4,0.3419978958266909,0
2050,304,1,0.06232762382959146,0
2050,304,2,0.39282915155272286,0
2050,304,3,0.20871377751005077,0
2050,304,4,0.23657872223304327,0
2050,305,1,0.023591331641465454,0
2050,305,2,0.44533202666463645,0
2050,305,3,0.09164988378990035,0
2050,305,4,0.2817629244721169,0
2050,306,1,0.1530947227260843,0
2050,306,2,0.388512928313129,0
2050,306,3,0.09791848093024232,0
2050,306,4,0.20924354330485773,0
2050,307,1,0.17566485358565784,0
2050,307,2,0.19520153877808008,0
2050,307,3,0.12813251560679065,0
2050,307,4,0.2794775284465233,0
2050,308,1,0.14931607113685347,0
2050,308,2,0.12188285877717442,0
2050,308,3,0.13174611673625053,0
2050,308,4,0.35211166338659144,0
2050,309,1,0.3335813464413154,0
2050,309,2,0.10047674212341104,0
2050,309,3,0.1944395186334901,0
2050,309,4,0.2343358907110623,0
2050,310,1,0.31768605643279957,0
2050,310,2,0.2367090868459253,0
2050,310,3,0.22545354079100244,0
2050,310,4,0.10139222819545603,0
2050,311,1,0.2538489461559168,0
2050,311,2,0.43997384365318876,0
2050,311,3,0.18718776998998565,0
2050,312,1,0.18482996984447386,0
2050,312,2,0.5114135111652647,0
2050,312,3,0.18973391466806938,0
2050,313,1,0.10299201324746278,0
2050,313,2,0.5963217711292433,0
2050,313,3,0.21341565758695788,0
2050,314,2,0.5985252947786995,0
2050,314,3,0.22487411926518167,0
2050,315,1,0.04098557073121766,0
2050,315,2,0.522988687606194,0
2050,315,3,0.22234815910700928,0
2050,316,1,0.2529407704956094,0
2050,316,2,0.40531735753160086,0
2050,316,3,0.22773069837369683,0
2050,317,1,0.1789404575310887,0
2050,317,2,0.5197806838842813,0
2050,317,3,0.22621410966537983,0
2050,318,1,0.10626906506422555,0
2050,318,2,0.6558196794917747,0
2050,318,3,0.1620236774783275,0
2050,319,1,0.2541211618785315,0
2050,319,2,0.5006104467249548,0
2050,319,3,0.12361811141134449,0
2050,320,1,0.20543459818265888,0
2050,320,2,0.4327266990266967,0
2050,320,3,0.2762714816575956,0
2050,321,1,0.0684256637219179,0
2050,321,2,0.5918388311103996,0
2050,321,3,0.14681290039452166,0
2050,322,1,0.03953495470366697,0
2050,322,2,0.6179738262463994,0
2050,322,3,0.17147466495272637,0
2050,323,1,0.18957418481166763,0
2050,323,2,0.6303218296180556,0
2050,323,3,0.08772834690169573,0
2050,324,1,0.22256809202360953,0
2050,324,2,0.5691201114407325,0
2050,324,3,0.11038941485074041,0
2050,325,2,0.44814254721436436,0
2050,325,3,0.15638008030098136,0
2050,325,4,0.36393460522068655,0
2050,326,1,0.21374373151797899,0
2050,326,2,0.35519401360546127,0
2050,326,3,0.1346032722787245,0
2050,326,4,0.27834923060128997,0
2050,327,1,0.32508842741133814,0
2050,327,2,0.12600174696049432,0
2050,327,3,0.1413222177430607,0
2050,327,4,0.36981582609895275,0
2050,328,1,0.1292506484898319,0
2050,328,2,0.5944274860139812,0
2050,328,3,0.15504933536001492,0
2050,329,2,0.6496825770341854,0
2050,329,3,0.09894030213968699,0
2050,329,4,0.11236100715452951,0
2050,330,1,0.08584457553421626,0
2050,330,2,0.3762058487879573,0
2050,330,3,0.10972240096106982,0
2050,330,4,0.41612392144613813,0
2050,331,1,0.09535339671723368,0
2050,331,2,0.6517956174448258,0
2050,331,3,0.18587442604185933,0
2050,331,4,0.06445574443644721,0
2050,332,1,0.13499195849553317,0
2050,332,2,0.729780418410853,0
2050,332,3,0.1328336072708286,0
2050,333,1,0.12587279283655908,0
2050,333,2,0.7563615926898486,0
2050,333,3,0.11775352749236621,0
2050,334,1,0.10278689169885478,0
2050,334,2,0.7658749423102309,0
2050,334,3,0.09278275164025435,0
2050,335,1,0.030109559207607398,0
2050,335,2,0.7104946804139899,0
2050,335,3,0.12483535961475212,0
2050,336,1,0.179417556649368,0
2050,336,2,0.47246917772677255,0
2050,336,3,0.21306365786290737,0
2050,337,1,0.3117176632248339,0
2050,337,2,0.4691754078986811,0
2050,337,3,0.11005463550126507,0
2050,337,4,0.09436332858430307,0
2050,338,1,0.19882884654392172,0
2050,338,2,0.6502384080839042,0
2050,338,3,0.14323847290520725,0
2050,339,1,0.16574964096399106,0
2050,339,2,0.6701479686554256,0
2050,339,3,0.13019866225393054,0
2050,340,1,0.13209511713705058,0
2050,340,2,0.7433062195933197,0
2050,340,3,0.08710027343028935,0
2050,341,1,0.17419993854804516,0
2050,341,2,0.5958028992936365,0
2050,341,3,0.06833954547762482,0
2050,341,4,0.1260285589821025,0
2050,342,1,0.1678953460800665,0
2050,342,2,0.4757533281526938,0
2050,342,3,0.21841614931332892,0
2050,342,4,0.05258460663193818,0
2050,343,1,0.08988336078918112,0
2050,343,2,0.6571615000890622,0
2050,343,3,0.16069905127982978,0
2050,344,1,0.16254227567953342,0
2050,344,2,0.6842118990656241,0
2050,344,3,0.15324582525484265,0
2050,345,1,0.21164245324504047,0
2050,345,2,0.7003992181910356,0
2050,345,3,0.087958328563924,0
2050,346,1,0.33835068982168415,0
2050,346,2,0.5666801100127977,0
2050,346,3,0.049079124810509855,0
2050,346,4,0.021812812100286457,0
2050,347,1,0.2548746258902049,0
2050,347,2,0.29683853680998495,0
2050,347,3,0.02587184739722771,0
2050,347,4,0.4087593149080116,0
2050,348,1,0.27934686734869413,0
2050,348,2,0.254718969834618,0
2050,348,3,0.023989108304899504,0
2050,348,4,0.410761552003164,0
2050,349,1,0.139314555097669,0
2050,349,2,0.22236328978314832,0
2050,349,3,0.08384337136696275,0
2050,349,4,0.451507864583929,0
2050,350,1,0.0574089004280153,0
2050,350,2,0.47761125219587935,0
2050,350,3,0.1338806343901911,0
2050,350,4,0.2242774762551637,0
2050,351,1,0.1874843832284314,0
2050,351,2,0.49739048662660185,0
2050,351,3,0.14663725190792776,0
2050,351,4,0.16848787823703903,0
2050,352,1,0.2359697576608224,0
2050,352,2,0.6053586813780523,0
2050,352,3,0.15867156096112534,0
2050,353,1,0.20520498758961753,0
2050,353,2,0.6699631998609828,0
2050,353,3,0.12223494524785193,0
2050,354,1,0.13923515720953028,0
2050,354,2,0.7373017836568239,0
2050,354,3,0.12003391564012823,0
2050,355,1,0.08802790716079173,0
2050,355,2,0.7752954027927839,0
2050,355,3,0.11294664297779258,0
2050,356,2,0.7604724438200763,0
2050,356,3,0.13619953551481617,0
2050,357,2,0.7112823612952044,0
2050,357,3,0.15833969903568135,0
2050,358,1,0.06059292779379862,0
2050,358,2,0.7098170397626717,0
2050,358,3,0.13353298482013784,0
2050,359,1,0.06603735575944353,0
2050,359,2,0.7391273216233781,0
2050,359,3,0.07106625692495322,0
2050,360,1,0.10422866852867567,0
2050,360,2,0.5851852874091643,0
2050,360,3,0.07299746600013086,0
2050,360,4,0.17039638772231858,0
2050,361,1,0.20726113335485227,0
2050,361,2,0.5202707009619255,0
2050,361,3,0.06602624683008149,0
2050,361,4,0.19026319543349626,0
2050,362,1,0.2722546969519066,0
2050,362,2,0.4936066442625718,0
2050,362,3,0.06436887156441243,0
2050,362,4,0.15662947842318845,0
2050,363,1,0.23333386926978428,0
2050,363,2,0.47135249786677175,0
2050,363,3,0.1610430289264875,0
2050,363,4,0.07058535232990301,0
2050,364,1,0.05812015160762475,0
2050,364,2,0.611733624334723,0
2050,364,3,0.1687456015529749,0
2050,364,4,0.10513061824080425,0
2050,365,1,0.1884223697086467,0
2050,365,2,0.6076632468463711,0
2050,365,3,0.17063889209988561,0
