rep_period,timestep,year,profile_name,value
1,1,2030,demand,0.5247561236371802
1,2,2030,demand,0.5119002982006083
1,3,2030,demand,0.5029144454044288
1,4,2030,demand,0.4952395503470689
1,5,2030,demand,0.515150288167759
1,6,2030,demand,0.5480214657390744
1,7,2030,demand,0.5592163461266325
1,8,2030,demand,0.590695666396727
1,9,2030,demand,0.6375670319530559
1,10,2030,demand,0.6744212466631494
1,11,2030,demand,0.6979688504549363
1,12,2030,demand,0.7106414510562135
1,13,2030,demand,0.7168544388730045
1,14,2030,demand,0.7127319516980195
1,15,2030,demand,0.7001121529543477
1,16,2030,demand,0.7123890097977739
1,17,2030,demand,0.6998026591114855
1,18,2030,demand,0.7052264412352909
1,19,2030,demand,0.709683675903779
1,20,2030,demand,0.687162693103069
1,21,2030,demand,0.6740921528366888
1,22,2030,demand,0.6378285853245862
1,23,2030,demand,0.5945617729149744
1,24,2030,demand,0.5833386250005521
1,1,2030,hydro_inflow,0.2991147467349653
1,2,2030,hydro_inflow,0.29838349783127105
1,3,2030,hydro_inflow,0.3012446229436714
1,4,2030,hydro_inflow,0.3051213725525128
1,5,2030,hydro_inflow,0.302765709567434
1,6,2030,hydro_inflow,0.30146822866451056
1,7,2030,hydro_inflow,0.3045683861150259
1,8,2030,hydro_inflow,0.3031263671679712
1,9,2030,hydro_inflow,0.3040508272166195
1,10,2030,hydro_inflow,0.3039720703103022
1,11,2030,hydro_inflow,0.30572862831725395
1,12,2030,hydro_inflow,0.3038762017179396
1,13,2030,hydro_inflow,0.30245669843962714
1,14,2030,hydro_inflow,0.30250143778780053
1,15,2030,hydro_inflow,0.30538113954426016
1,16,2030,hydro_inflow,0.30105798050066296
1,17,2030,hydro_inflow,0.2990768871587587
1,18,2030,hydro_inflow,0.30123126462168837
1,19,2030,hydro_inflow,0.3036165583524161
1,20,2030,hydro_inflow,0.29976132469454453
1,21,2030,hydro_inflow,0.3026768707368119
1,22,2030,hydro_inflow,0.30267051464257616
1,23,2030,hydro_inflow,0.30428854111107284
1,24,2030,hydro_inflow,0.30827776877848767
1,1,2030,solar,0.0
1,2,2030,solar,0.0
1,3,2030,solar,0.0
1,4,2030,solar,0.0
1,5,2030,solar,0.0
1,6,2030,solar,0.0
1,7,2030,solar,0.00486312849803406
1,8,2030,solar,0.08838644444464833
1,9,2030,solar,0.21408552886937146
1,10,2030,solar,0.32520904286769886
1,11,2030,solar,0.3948293570790284
1,12,2030,solar,0.4350766089075585
1,13,2030,solar,0.4422162039431972
1,14,2030,solar,0.4117710520897962
1,15,2030,solar,0.3741884091310098
1,16,2030,solar,0.32283214152253875
1,17,2030,solar,0.23360506987176627
1,18,2030,solar,0.13368843280235407
1,19,2030,solar,0.037505500933123645
1,20,2030,solar,6.973166919245032e-6
1,21,2030,solar,0.0
1,22,2030,solar,0.0
1,23,2030,solar,0.0
1,24,2030,solar,0.0
1,1,2030,wind_offshore,0.30228601276215544
1,2,2030,wind_offshore,0.28479731918913576
1,3,2030,wind_offshore,0.2592117185025497
1,4,2030,wind_offshore,0.22142674954452496
1,5,2030,wind_offshore,0.21457964303949478
1,6,2030,wind_offshore,0.22703200266256224
1,7,2030,wind_offshore,0.2735290754705371
1,8,2030,wind_offshore,0.3250833174032789
1,9,2030,wind_offshore,0.3649201555337496
1,10,2030,wind_offshore,0.3941340435484713
1,11,2030,wind_offshore,0.40612273035694446
1,12,2030,wind_offshore,0.373825032331664
1,13,2030,wind_offshore,0.3883325732629972
1,14,2030,wind_offshore,0.43479200517585903
1,15,2030,wind_offshore,0.4844953049551107
1,16,2030,wind_offshore,0.5165830415814477
1,17,2030,wind_offshore,0.5431958854847013
1,18,2030,wind_offshore,0.5637994431797549
1,19,2030,wind_offshore,0.5606191478615496
1,20,2030,wind_offshore,0.5937359649641973
1,21,2030,wind_offshore,0.6105359945071612
1,22,2030,wind_offshore,0.6085004666587588
1,23,2030,wind_offshore,0.5252810677132361
1,24,2030,wind_offshore,0.5083171087880751
1,1,2030,wind_onshore,0.27264912592720014
1,2,2030,wind_onshore,0.2608835740040912
1,3,2030,wind_onshore,0.24319977471045282
1,4,2030,wind_onshore,0.23231815043839016
1,5,2030,wind_onshore,0.21895154433148706
1,6,2030,wind_onshore,0.22107586183682368
1,7,2030,wind_onshore,0.21165179489339025
1,8,2030,wind_onshore,0.20663215500374402
1,9,2030,wind_onshore,0.2049953881005385
1,10,2030,wind_onshore,0.19999885208664897
1,11,2030,wind_onshore,0.17600740487941013
1,12,2030,wind_onshore,0.16259167101989244
1,13,2030,wind_onshore,0.1732556565368801
1,14,2030,wind_onshore,0.19861242961270384
1,15,2030,wind_onshore,0.22603179839681453
1,16,2030,wind_onshore,0.2574934943618046
1,17,2030,wind_onshore,0.2717357428112609
1,18,2030,wind_onshore,0.2946465462677989
1,19,2030,wind_onshore,0.2795504005157784
1,20,2030,wind_onshore,0.2523306955535061
1,21,2030,wind_onshore,0.23976735858747725
1,22,2030,wind_onshore,0.23930894050562596
1,23,2030,wind_onshore,0.18570069861933886
1,24,2030,wind_onshore,0.19221805275568804
2,1,2030,demand,0.5073470233958624
2,2,2030,demand,0.49635445578982745
2,3,2030,demand,0.48059086542939206
2,4,2030,demand,0.4717626252081782
2,5,2030,demand,0.47112367982737535
2,6,2030,demand,0.4948681244721189
2,7,2030,demand,0.5342204327124063
2,8,2030,demand,0.5845723302595046
2,9,2030,demand,0.6130793090286532
2,10,2030,demand,0.6414039498682838
2,11,2030,demand,0.6602662381145307
2,12,2030,demand,0.6603496971624565
2,13,2030,demand,0.6463274024178794
2,14,2030,demand,0.6259450467085563
2,15,2030,demand,0.6286636902718064
2,16,2030,demand,0.6193983219069557
2,17,2030,demand,0.6041220124795438
2,18,2030,demand,0.6097048524130422
2,19,2030,demand,0.6345785046833937
2,20,2030,demand,0.6563995221933677
2,21,2030,demand,0.657116196865677
2,22,2030,demand,0.6081770254479278
2,23,2030,demand,0.5477571060459349
2,24,2030,demand,0.5273887623109463
2,1,2030,hydro_inflow,0.5056721993834332
2,2,2030,hydro_inflow,0.5029766043275798
2,3,2030,hydro_inflow,0.5026819134253354
2,4,2030,hydro_inflow,0.5044632982945596
2,5,2030,hydro_inflow,0.49401419807166846
2,6,2030,hydro_inflow,0.49759986725375527
2,7,2030,hydro_inflow,0.4955767949177597
2,8,2030,hydro_inflow,0.500879391916879
2,9,2030,hydro_inflow,0.49767089646454965
2,10,2030,hydro_inflow,0.4989789048684069
2,11,2030,hydro_inflow,0.4928356558272134
2,12,2030,hydro_inflow,0.49370525066986665
2,13,2030,hydro_inflow,0.4918819797511484
2,14,2030,hydro_inflow,0.4979366081687602
2,15,2030,hydro_inflow,0.4907391235332153
2,16,2030,hydro_inflow,0.48467621290985957
2,17,2030,hydro_inflow,0.48922499498954175
2,18,2030,hydro_inflow,0.4965671442064428
2,19,2030,hydro_inflow,0.4961130935393879
2,20,2030,hydro_inflow,0.5007177508967352
2,21,2030,hydro_inflow,0.5101386633080821
2,22,2030,hydro_inflow,0.5095259717026783
2,23,2030,hydro_inflow,0.508923814407418
2,24,2030,hydro_inflow,0.5142515346241496
2,1,2030,solar,0.0
2,2,2030,solar,0.0
2,3,2030,solar,0.0
2,4,2030,solar,0.0
2,5,2030,solar,0.0
2,6,2030,solar,0.0
2,7,2030,solar,0.0
2,8,2030,solar,0.020151501513498645
2,9,2030,solar,0.1165230745182155
2,10,2030,solar,0.23626121588205695
2,11,2030,solar,0.32212181147816993
2,12,2030,solar,0.3741847856457561
2,13,2030,solar,0.40160869613165684
2,14,2030,solar,0.3968584171127924
2,15,2030,solar,0.3493553120450414
2,16,2030,solar,0.2905633435989051
2,17,2030,solar,0.20207750569766644
2,18,2030,solar,0.09250901367468527
2,19,2030,solar,0.008373608805771083
2,20,2030,solar,0.0
2,21,2030,solar,0.0
2,22,2030,solar,0.0
2,23,2030,solar,0.0
2,24,2030,solar,0.0
2,1,2030,wind_offshore,0.6697009578190655
2,2,2030,wind_offshore,0.6695369950462353
2,3,2030,wind_offshore,0.6672873202193752
2,4,2030,wind_offshore,0.6622969308915502
2,5,2030,wind_offshore,0.6652851379706433
2,6,2030,wind_offshore,0.6660448325544189
2,7,2030,wind_offshore,0.6562958917144138
2,8,2030,wind_offshore,0.6607303552000707
2,9,2030,wind_offshore,0.6647547011542139
2,10,2030,wind_offshore,0.6581572893647429
2,11,2030,wind_offshore,0.6558154941761276
2,12,2030,wind_offshore,0.653078822466234
2,13,2030,wind_offshore,0.6504996383557051
2,14,2030,wind_offshore,0.6491254449241698
2,15,2030,wind_offshore,0.647435392648307
2,16,2030,wind_offshore,0.6410517163888639
2,17,2030,wind_offshore,0.6385993203199316
2,18,2030,wind_offshore,0.6448076878716498
2,19,2030,wind_offshore,0.6422046364818
2,20,2030,wind_offshore,0.6387806552482981
2,21,2030,wind_offshore,0.6317990249899548
2,22,2030,wind_offshore,0.6279197693546321
2,23,2030,wind_offshore,0.6347082438726995
2,24,2030,wind_offshore,0.6302484262921481
2,1,2030,wind_onshore,0.47490820237785253
2,2,2030,wind_onshore,0.4967636538027083
2,3,2030,wind_onshore,0.5173389360046968
2,4,2030,wind_onshore,0.5436701106529912
2,5,2030,wind_onshore,0.5551180895421177
2,6,2030,wind_onshore,0.5640462590262676
2,7,2030,wind_onshore,0.5588762780218394
2,8,2030,wind_onshore,0.5666542763307858
2,9,2030,wind_onshore,0.562337927935306
2,10,2030,wind_onshore,0.5639396212766813
2,11,2030,wind_onshore,0.6204666005351106
2,12,2030,wind_onshore,0.6559718826395701
2,13,2030,wind_onshore,0.6667064276320294
2,14,2030,wind_onshore,0.6704416260175446
2,15,2030,wind_onshore,0.6709817404113986
2,16,2030,wind_onshore,0.6605044644847636
2,17,2030,wind_onshore,0.6509140814152244
2,18,2030,wind_onshore,0.592083371841824
2,19,2030,wind_onshore,0.5869960588723904
2,20,2030,wind_onshore,0.5770983797175103
2,21,2030,wind_onshore,0.5596746271203134
2,22,2030,wind_onshore,0.5449113062610377
2,23,2030,wind_onshore,0.46170344300692373
2,24,2030,wind_onshore,0.4411066653206647
3,1,2030,demand,0.48160420724333725
3,2,2030,demand,0.4765880161842768
3,3,2030,demand,0.4714581786941589
3,4,2030,demand,0.46481097918745196
3,5,2030,demand,0.47925753989330716
3,6,2030,demand,0.5114643029058843
3,7,2030,demand,0.5300460482641536
3,8,2030,demand,0.5664424029227674
3,9,2030,demand,0.6016026387634537
3,10,2030,demand,0.625750201666566
3,11,2030,demand,0.6419487974289654
3,12,2030,demand,0.6511495542162907
3,13,2030,demand,0.6454048971831894
3,14,2030,demand,0.6369479059744801
3,15,2030,demand,0.6311713131773854
3,16,2030,demand,0.630982237993013
3,17,2030,demand,0.6237683585426472
3,18,2030,demand,0.6213588300271118
3,19,2030,demand,0.6121146414944942
3,20,2030,demand,0.613404620380866
3,21,2030,demand,0.5984880669154002
3,22,2030,demand,0.5583542906500925
3,23,2030,demand,0.526200203255908
3,24,2030,demand,0.5138622897825669
3,1,2030,hydro_inflow,0.2881748334078443
3,2,2030,hydro_inflow,0.2881864921303098
3,3,2030,hydro_inflow,0.2920636481945643
3,4,2030,hydro_inflow,0.29456910267533437
3,5,2030,hydro_inflow,0.2919857027966033
3,6,2030,hydro_inflow,0.28994900352735226
3,7,2030,hydro_inflow,0.2924088561083027
3,8,2030,hydro_inflow,0.28710762945339335
3,9,2030,hydro_inflow,0.28785715408869367
3,10,2030,hydro_inflow,0.2883372104329582
3,11,2030,hydro_inflow,0.28641971110313164
3,12,2030,hydro_inflow,0.28287184176390734
3,13,2030,hydro_inflow,0.28174332360147586
3,14,2030,hydro_inflow,0.2786010466232028
3,15,2030,hydro_inflow,0.2814164411721254
3,16,2030,hydro_inflow,0.27852739532210546
3,17,2030,hydro_inflow,0.27941494328406763
3,18,2030,hydro_inflow,0.27815882503665995
3,19,2030,hydro_inflow,0.28073135266695615
3,20,2030,hydro_inflow,0.2828006865414272
3,21,2030,hydro_inflow,0.2820675839444617
3,22,2030,hydro_inflow,0.28408025031938616
3,23,2030,hydro_inflow,0.2879936298282727
3,24,2030,hydro_inflow,0.2826678074906344
3,1,2030,solar,0.0
3,2,2030,solar,0.0
3,3,2030,solar,0.0
3,4,2030,solar,0.0
3,5,2030,solar,0.0
3,6,2030,solar,0.00023673293030615665
3,7,2030,solar,0.02746896118484946
3,8,2030,solar,0.12687278285491987
3,9,2030,solar,0.24450281707293134
3,10,2030,solar,0.35367363421746445
3,11,2030,solar,0.4202015001213906
3,12,2030,solar,0.4549465638429276
3,13,2030,solar,0.47024530866421954
3,14,2030,solar,0.4605671317708966
3,15,2030,solar,0.4390760960734857
3,16,2030,solar,0.38644551765695206
3,17,2030,solar,0.29765923375318226
3,18,2030,solar,0.19466242599831493
3,19,2030,solar,0.08205920274034634
3,20,2030,solar,0.005582094088951732
3,21,2030,solar,0.0
3,22,2030,solar,0.0
3,23,2030,solar,0.0
3,24,2030,solar,0.0
3,1,2030,wind_offshore,0.11646919939613871
3,2,2030,wind_offshore,0.10840146506763504
3,3,2030,wind_offshore,0.09800928427218603
3,4,2030,wind_offshore,0.09087181124295678
3,5,2030,wind_offshore,0.08526360233694756
3,6,2030,wind_offshore,0.08560788829008066
3,7,2030,wind_offshore,0.08475537881041592
3,8,2030,wind_offshore,0.08490208143714355
3,9,2030,wind_offshore,0.08584048960065188
3,10,2030,wind_offshore,0.08632665991437151
3,11,2030,wind_offshore,0.056951563788502614
3,12,2030,wind_offshore,0.05833058101671815
3,13,2030,wind_offshore,0.06520484066495022
3,14,2030,wind_offshore,0.07593256858956043
3,15,2030,wind_offshore,0.08531995779700545
3,16,2030,wind_offshore,0.10003520074652089
3,17,2030,wind_offshore,0.1129757932194997
3,18,2030,wind_offshore,0.13070358202210958
3,19,2030,wind_offshore,0.14701033021402785
3,20,2030,wind_offshore,0.17430886932211384
3,21,2030,wind_offshore,0.19365696713993605
3,22,2030,wind_offshore,0.21004202446810588
3,23,2030,wind_offshore,0.16415031430637692
3,24,2030,wind_offshore,0.15262126079858124
3,1,2030,wind_onshore,0.23619534406989054
3,2,2030,wind_onshore,0.20934318903412938
3,3,2030,wind_onshore,0.18230389957390464
3,4,2030,wind_onshore,0.16328086619048174
3,5,2030,wind_onshore,0.14894095322068954
3,6,2030,wind_onshore,0.13130660617996445
3,7,2030,wind_onshore,0.12403958092739581
3,8,2030,wind_onshore,0.11212801388153439
3,9,2030,wind_onshore,0.11218755208480423
3,10,2030,wind_onshore,0.11585220863654684
3,11,2030,wind_onshore,0.08333411221014606
3,12,2030,wind_onshore,0.1016767248370945
3,13,2030,wind_onshore,0.12923913499890155
3,14,2030,wind_onshore,0.16532099569571093
3,15,2030,wind_onshore,0.20933518282241173
3,16,2030,wind_onshore,0.24187378229917203
3,17,2030,wind_onshore,0.2622102641025539
3,18,2030,wind_onshore,0.28539927041020685
3,19,2030,wind_onshore,0.288333304831841
3,20,2030,wind_onshore,0.3069355658368964
3,21,2030,wind_onshore,0.3367152381554886
3,22,2030,wind_onshore,0.3510769484893258
3,23,2030,wind_onshore,0.2682714690923395
3,24,2030,wind_onshore,0.26121968768833576
4,1,2030,demand,0.47961545809850453
4,2,2030,demand,0.4724042200580284
4,3,2030,demand,0.4656255408194307
4,4,2030,demand,0.455702279326061
4,5,2030,demand,0.45654444101371794
4,6,2030,demand,0.46561457937100426
4,7,2030,demand,0.5065544685134679
4,8,2030,demand,0.5571524213317058
4,9,2030,demand,0.5936977139921847
4,10,2030,demand,0.6035438230934737
4,11,2030,demand,0.5968052803262753
4,12,2030,demand,0.5814702070470497
4,13,2030,demand,0.5754931006168436
4,14,2030,demand,0.5493956482223287
4,15,2030,demand,0.5354412531681271
4,16,2030,demand,0.527603458086946
4,17,2030,demand,0.5319707475794525
4,18,2030,demand,0.5439824814433518
4,19,2030,demand,0.5726170914997059
4,20,2030,demand,0.5924734725096181
4,21,2030,demand,0.584872646995516
4,22,2030,demand,0.5434429508194496
4,23,2030,demand,0.49499087073858355
4,24,2030,demand,0.48204492045846314
4,1,2030,hydro_inflow,0.32573335062759756
4,2,2030,hydro_inflow,0.33332611424444814
4,3,2030,hydro_inflow,0.32956024646527254
4,4,2030,hydro_inflow,0.3282341540642506
4,5,2030,hydro_inflow,0.32498456455962577
4,6,2030,hydro_inflow,0.33196475682682847
4,7,2030,hydro_inflow,0.3308853612805675
4,8,2030,hydro_inflow,0.3314463513285388
4,9,2030,hydro_inflow,0.33321630645546707
4,10,2030,hydro_inflow,0.3336466098488854
4,11,2030,hydro_inflow,0.33927242742984065
4,12,2030,hydro_inflow,0.3369075231511418
4,13,2030,hydro_inflow,0.33638607206318094
4,14,2030,hydro_inflow,0.3368357554957772
4,15,2030,hydro_inflow,0.3407387634850838
4,16,2030,hydro_inflow,0.34329173109682054
4,17,2030,hydro_inflow,0.344473289263243
4,18,2030,hydro_inflow,0.34551178625223256
4,19,2030,hydro_inflow,0.34790486439030144
4,20,2030,hydro_inflow,0.3475238433157844
4,21,2030,hydro_inflow,0.35056641474992056
4,22,2030,hydro_inflow,0.35116058283483004
4,23,2030,hydro_inflow,0.3520846078285332
4,24,2030,hydro_inflow,0.35341073375079657
4,1,2030,solar,0.0
4,2,2030,solar,0.0
4,3,2030,solar,0.0
4,4,2030,solar,0.0
4,5,2030,solar,0.0
4,6,2030,solar,0.0
4,7,2030,solar,0.0002063167216393167
4,8,2030,solar,0.07216133254640619
4,9,2030,solar,0.2350209426998999
4,10,2030,solar,0.3863338282060697
4,11,2030,solar,0.47581806446240005
4,12,2030,solar,0.5395783974518666
4,13,2030,solar,0.5655443766477719
4,14,2030,solar,0.5574201625597287
4,15,2030,solar,0.5013830737434973
4,16,2030,solar,0.4234410862886903
4,17,2030,solar,0.3054737082682956
4,18,2030,solar,0.15502718738181834
4,19,2030,solar,0.023910543125450216
4,20,2030,solar,0.0
4,21,2030,solar,0.0
4,22,2030,solar,0.0
4,23,2030,solar,0.0
4,24,2030,solar,0.0
4,1,2030,wind_offshore,0.6470679481564
4,2,2030,wind_offshore,0.6463218410531582
4,3,2030,wind_offshore,0.6472709631091352
4,4,2030,wind_offshore,0.6481700947695791
4,5,2030,wind_offshore,0.6418525254215792
4,6,2030,wind_offshore,0.6270081550571555
4,7,2030,wind_offshore,0.6330929957050773
4,8,2030,wind_offshore,0.6242542409615928
4,9,2030,wind_offshore,0.6255491310967778
4,10,2030,wind_offshore,0.6195304062849349
4,11,2030,wind_offshore,0.6101319248485191
4,12,2030,wind_offshore,0.6127050612732357
4,13,2030,wind_offshore,0.5989042364415356
4,14,2030,wind_offshore,0.6039698643387026
4,15,2030,wind_offshore,0.615277708036735
4,16,2030,wind_offshore,0.6238585189329867
4,17,2030,wind_offshore,0.628054812229338
4,18,2030,wind_offshore,0.619721010121113
4,19,2030,wind_offshore,0.616949485034733
4,20,2030,wind_offshore,0.6167347085866974
4,21,2030,wind_offshore,0.6253998841226427
4,22,2030,wind_offshore,0.6332057098677732
4,23,2030,wind_offshore,0.6337736720601324
4,24,2030,wind_offshore,0.6364604286133172
4,1,2030,wind_onshore,0.34229475705416557
4,2,2030,wind_onshore,0.3296002931450198
4,3,2030,wind_onshore,0.319356561971781
4,4,2030,wind_onshore,0.30531865024094795
4,5,2030,wind_onshore,0.2949543783120454
4,6,2030,wind_onshore,0.2839707139865687
4,7,2030,wind_onshore,0.2827387017434621
4,8,2030,wind_onshore,0.2835240650548739
4,9,2030,wind_onshore,0.23571310908865795
4,10,2030,wind_onshore,0.2437178681433872
4,11,2030,wind_onshore,0.25485285319152023
4,12,2030,wind_onshore,0.27922321520972204
4,13,2030,wind_onshore,0.3033144292982503
4,14,2030,wind_onshore,0.3137795169183087
4,15,2030,wind_onshore,0.3271653190901481
4,16,2030,wind_onshore,0.3327309020011973
4,17,2030,wind_onshore,0.3464750209874119
4,18,2030,wind_onshore,0.36085327818352964
4,19,2030,wind_onshore,0.35653241004722397
4,20,2030,wind_onshore,0.3816376998108402
4,21,2030,wind_onshore,0.37016196163651327
4,22,2030,wind_onshore,0.3443526880786984
4,23,2030,wind_onshore,0.30355744594757483
4,24,2030,wind_onshore,0.2752479033258035
5,1,2030,demand,0.5084313363204346
5,2,2030,demand,0.4974024784373265
5,3,2030,demand,0.47211319676459607
5,4,2030,demand,0.45393585146294313
5,5,2030,demand,0.45292218409169466
5,6,2030,demand,0.44556412319937905
5,7,2030,demand,0.4572422047720591
5,8,2030,demand,0.48282818054455157
5,9,2030,demand,0.5131895240134324
5,10,2030,demand,0.5408027998673061
5,11,2030,demand,0.5476907537531561
5,12,2030,demand,0.544991671286618
5,13,2030,demand,0.5401705950224641
5,14,2030,demand,0.5315499725264548
5,15,2030,demand,0.5198654315953573
5,16,2030,demand,0.5082050383541022
5,17,2030,demand,0.5086440925120157
5,18,2030,demand,0.5019717526993017
5,19,2030,demand,0.5193166452738122
5,20,2030,demand,0.5500135316142586
5,21,2030,demand,0.5578498191191864
5,22,2030,demand,0.5448983671447006
5,23,2030,demand,0.5147560890341891
5,24,2030,demand,0.5016173765022957
5,1,2030,hydro_inflow,0.3840545257430404
5,2,2030,hydro_inflow,0.37729691111751607
5,3,2030,hydro_inflow,0.37998629823743296
5,4,2030,hydro_inflow,0.37758902944808637
5,5,2030,hydro_inflow,0.38539984773491687
5,6,2030,hydro_inflow,0.38451997389322884
5,7,2030,hydro_inflow,0.3876807007857261
5,8,2030,hydro_inflow,0.38564884429390756
5,9,2030,hydro_inflow,0.3848784618575187
5,10,2030,hydro_inflow,0.38396973488395253
5,11,2030,hydro_inflow,0.38630471519864623
5,12,2030,hydro_inflow,0.3890116677508361
5,13,2030,hydro_inflow,0.3860101275090072
5,14,2030,hydro_inflow,0.3840387114898351
5,15,2030,hydro_inflow,0.3794395729016655
5,16,2030,hydro_inflow,0.38441419339733984
5,17,2030,hydro_inflow,0.3799988569008121
5,18,2030,hydro_inflow,0.3757585018888202
5,19,2030,hydro_inflow,0.37926205546294767
5,20,2030,hydro_inflow,0.37950359875948514
5,21,2030,hydro_inflow,0.3782877033268839
5,22,2030,hydro_inflow,0.376540426391678
5,23,2030,hydro_inflow,0.3828028408338237
5,24,2030,hydro_inflow,0.3821058687460091
5,1,2030,solar,0.0
5,2,2030,solar,0.0
5,3,2030,solar,0.0
5,4,2030,solar,0.0
5,5,2030,solar,0.0
5,6,2030,solar,0.0
5,7,2030,solar,0.0
5,8,2030,solar,0.0
5,9,2030,solar,0.13287787401299678
5,10,2030,solar,0.33186919650661806
5,11,2030,solar,0.5082578386642495
5,12,2030,solar,0.6470375458227889
5,13,2030,solar,0.7158538075246997
5,14,2030,solar,0.6918404948189523
5,15,2030,solar,0.5921016362014501
5,16,2030,solar,0.4492779451696187
5,17,2030,solar,0.2758610387842999
5,18,2030,solar,0.1011776665306705
5,19,2030,solar,0.0
5,20,2030,solar,0.0
5,21,2030,solar,0.0
5,22,2030,solar,0.0
5,23,2030,solar,0.0
5,24,2030,solar,0.0
5,1,2030,wind_offshore,0.7095852912945313
5,2,2030,wind_offshore,0.444898948148066
5,3,2030,wind_offshore,0.3195800847259201
5,4,2030,wind_offshore,0.24560691149056238
5,5,2030,wind_offshore,0.1968763901704081
5,6,2030,wind_offshore,0.21750308483682232
5,7,2030,wind_offshore,0.2281521909273556
5,8,2030,wind_offshore,0.2551865184421003
5,9,2030,wind_offshore,0.18079631876996657
5,10,2030,wind_offshore,0.07228870102944657
5,11,2030,wind_offshore,0.3740896764610695
5,12,2030,wind_offshore,0.422573773044484
5,13,2030,wind_offshore,0.6440663914725147
5,14,2030,wind_offshore,1.1033925077501017
5,15,2030,wind_offshore,1.2536217383112875
5,16,2030,wind_offshore,1.232759811942332
5,17,2030,wind_offshore,1.1519621096296726
5,18,2030,wind_offshore,1.1854557164303423
5,19,2030,wind_offshore,1.1654306619566357
5,20,2030,wind_offshore,1.0614008022727919
5,21,2030,wind_offshore,0.9464492393420374
5,22,2030,wind_offshore,0.8883077860677064
5,23,2030,wind_offshore,0.9533714481961245
5,24,2030,wind_offshore,0.9067657030393673
5,1,2030,wind_onshore,0.4162026665537862
5,2,2030,wind_onshore,0.3837493706453976
5,3,2030,wind_onshore,0.3523821525557805
5,4,2030,wind_onshore,0.33028556155188005
5,5,2030,wind_onshore,0.3175821171221414
5,6,2030,wind_onshore,0.30616250360332853
5,7,2030,wind_onshore,0.30342252536626274
5,8,2030,wind_onshore,0.3174363957949086
5,9,2030,wind_onshore,0.33353987421360076
5,10,2030,wind_onshore,0.334098034165326
5,11,2030,wind_onshore,0.37691218434594387
5,12,2030,wind_onshore,0.422077608867151
5,13,2030,wind_onshore,0.4592566976474043
5,14,2030,wind_onshore,0.48888309088170007
5,15,2030,wind_onshore,0.5369740091764537
5,16,2030,wind_onshore,0.5751419547284118
5,17,2030,wind_onshore,0.6059535234564879
5,18,2030,wind_onshore,0.6044481365829862
5,19,2030,wind_onshore,0.5468257396772619
5,20,2030,wind_onshore,0.5077128936488148
5,21,2030,wind_onshore,0.5106343504147669
5,22,2030,wind_onshore,0.5345212993084633
5,23,2030,wind_onshore,0.5885427084601912
5,24,2030,wind_onshore,0.5660202847102561
6,1,2030,demand,0.5189999070266095
6,2,2030,demand,0.5012354182452938
6,3,2030,demand,0.4969939539895104
6,4,2030,demand,0.4854675499990159
6,5,2030,demand,0.48742363978793374
6,6,2030,demand,0.48850854241365294
6,7,2030,demand,0.4950441014030841
6,8,2030,demand,0.5148149022355327
6,9,2030,demand,0.5438835744965737
6,10,2030,demand,0.5725857923652802
6,11,2030,demand,0.5763873513004282
6,12,2030,demand,0.5775694973044526
6,13,2030,demand,0.574020817258917
6,14,2030,demand,0.5604470594505645
6,15,2030,demand,0.555229348144509
6,16,2030,demand,0.5447617174474783
6,17,2030,demand,0.5469177066530883
6,18,2030,demand,0.5360345460677275
6,19,2030,demand,0.5330241512234254
6,20,2030,demand,0.5508695213148131
6,21,2030,demand,0.5551411315203989
6,22,2030,demand,0.5237177122732819
6,23,2030,demand,0.49511347521649823
6,24,2030,demand,0.48986678509272463
6,1,2030,hydro_inflow,0.3207467597638047
6,2,2030,hydro_inflow,0.3245485140897599
6,3,2030,hydro_inflow,0.3184581621459412
6,4,2030,hydro_inflow,0.31333281054441997
6,5,2030,hydro_inflow,0.3148380896850778
6,6,2030,hydro_inflow,0.31005510763411825
6,7,2030,hydro_inflow,0.31175337210479176
6,8,2030,hydro_inflow,0.3112787291809165
6,9,2030,hydro_inflow,0.3145254435322813
6,10,2030,hydro_inflow,0.3160260910370747
6,11,2030,hydro_inflow,0.31822351816482125
6,12,2030,hydro_inflow,0.32116175375882333
6,13,2030,hydro_inflow,0.3222866720536003
6,14,2030,hydro_inflow,0.32002274825808574
6,15,2030,hydro_inflow,0.3161384903635515
6,16,2030,hydro_inflow,0.31858598282548745
6,17,2030,hydro_inflow,0.32089532154810757
6,18,2030,hydro_inflow,0.31882721909608813
6,19,2030,hydro_inflow,0.32113829142082284
6,20,2030,hydro_inflow,0.32178641325279483
6,21,2030,hydro_inflow,0.31817169954223984
6,22,2030,hydro_inflow,0.32046385432508595
6,23,2030,hydro_inflow,0.3219677499836975
6,24,2030,hydro_inflow,0.31754208045120325
6,1,2030,solar,0.0
6,2,2030,solar,0.0
6,3,2030,solar,0.0
6,4,2030,solar,0.0
6,5,2030,solar,0.0
6,6,2030,solar,0.0009955897686504042
6,7,2030,solar,0.0697979968869243
6,8,2030,solar,0.2315484487564817
6,9,2030,solar,0.4035745301801237
6,10,2030,solar,0.5595290302408731
6,11,2030,solar,0.6822774973216084
6,12,2030,solar,0.792654028307458
6,13,2030,solar,0.8367884699429565
6,14,2030,solar,0.7997545301996137
6,15,2030,solar,0.7634181904596749
6,16,2030,solar,0.6460865463672002
6,17,2030,solar,0.4875921958366136
6,18,2030,solar,0.3112556509401273
6,19,2030,solar,0.13441246070114898
6,20,2030,solar,0.015401907091688092
6,21,2030,solar,0.0
6,22,2030,solar,0.0
6,23,2030,solar,0.0
6,24,2030,solar,0.0
6,1,2030,wind_offshore,1.1330301127666866
6,2,2030,wind_offshore,1.1252306028192756
6,3,2030,wind_offshore,1.1060892425588866
6,4,2030,wind_offshore,1.1270760992829714
6,5,2030,wind_offshore,1.1317526008544048
6,6,2030,wind_offshore,1.1458254437168636
6,7,2030,wind_offshore,1.1702223296052232
6,8,2030,wind_offshore,1.163068435625379
6,9,2030,wind_offshore,1.1454665766550323
6,10,2030,wind_offshore,1.1587079376164164
6,11,2030,wind_offshore,1.156960215392868
6,12,2030,wind_offshore,1.1877584719258216
6,13,2030,wind_offshore,1.192291170890454
6,14,2030,wind_offshore,1.2280809094378062
6,15,2030,wind_offshore,1.2286539988809506
6,16,2030,wind_offshore,1.2292013397315051
6,17,2030,wind_offshore,1.2283220856366595
6,18,2030,wind_offshore,1.248697136701607
6,19,2030,wind_offshore,1.2593140909843084
6,20,2030,wind_offshore,1.278502405618305
6,21,2030,wind_offshore,1.2906310136474948
6,22,2030,wind_offshore,1.295709966909469
6,23,2030,wind_offshore,1.247692217477953
6,24,2030,wind_offshore,1.211955874429447
6,1,2030,wind_onshore,0.3184225829146665
6,2,2030,wind_onshore,0.3257267039821295
6,3,2030,wind_onshore,0.31643382136759446
6,4,2030,wind_onshore,0.3043542711532257
6,5,2030,wind_onshore,0.2900932198191446
6,6,2030,wind_onshore,0.2865570029461492
6,7,2030,wind_onshore,0.28266685496850347
6,8,2030,wind_onshore,0.3041844759897085
6,9,2030,wind_onshore,0.3018064225215173
6,10,2030,wind_onshore,0.2999842666777826
6,11,2030,wind_onshore,0.2610892549706067
6,12,2030,wind_onshore,0.2580482343798435
6,13,2030,wind_onshore,0.26283576886724724
6,14,2030,wind_onshore,0.2735058228594818
6,15,2030,wind_onshore,0.2892892403788156
6,16,2030,wind_onshore,0.3172811831768797
6,17,2030,wind_onshore,0.3663150959305867
6,18,2030,wind_onshore,0.42466325834091107
6,19,2030,wind_onshore,0.45320931115116314
6,20,2030,wind_onshore,0.4452922773453694
6,21,2030,wind_onshore,0.423681872490149
6,22,2030,wind_onshore,0.4050928471795125
6,23,2030,wind_onshore,0.35370984668038524
6,24,2030,wind_onshore,0.3364012240595754
7,1,2030,demand,0.5362594414200718
7,2,2030,demand,0.5299875888389005
7,3,2030,demand,0.5195736382455444
7,4,2030,demand,0.5030544782881828
7,5,2030,demand,0.5177771094232055
7,6,2030,demand,0.5398611143091471
7,7,2030,demand,0.5673902311398346
7,8,2030,demand,0.6007440413166646
7,9,2030,demand,0.6481042799300689
7,10,2030,demand,0.6782216104760632
7,11,2030,demand,0.7146763735610182
7,12,2030,demand,0.7435479664358328
7,13,2030,demand,0.7519090601509011
7,14,2030,demand,0.7463751367689786
7,15,2030,demand,0.7247037260865629
7,16,2030,demand,0.710391002984818
7,17,2030,demand,0.7091376087152724
7,18,2030,demand,0.6905594869967904
7,19,2030,demand,0.6701112272048485
7,20,2030,demand,0.6617722722673018
7,21,2030,demand,0.6488864445861241
7,22,2030,demand,0.6130606939816758
7,23,2030,demand,0.5646228725921854
7,24,2030,demand,0.5584135918876341
7,1,2030,hydro_inflow,0.30928731039001595
7,2,2030,hydro_inflow,0.30607308817860884
7,3,2030,hydro_inflow,0.306794813496786
7,4,2030,hydro_inflow,0.3032991288243699
7,5,2030,hydro_inflow,0.30296751375193054
7,6,2030,hydro_inflow,0.304361944629154
7,7,2030,hydro_inflow,0.3012295214243269
7,8,2030,hydro_inflow,0.29547831170783545
7,9,2030,hydro_inflow,0.30090821995744843
7,10,2030,hydro_inflow,0.29858558435046106
7,11,2030,hydro_inflow,0.30005634813848503
7,12,2030,hydro_inflow,0.2975978661952701
7,13,2030,hydro_inflow,0.3027193500307406
7,14,2030,hydro_inflow,0.30123628453519774
7,15,2030,hydro_inflow,0.30066318271350617
7,16,2030,hydro_inflow,0.3040171625713807
7,17,2030,hydro_inflow,0.3036270179809034
7,18,2030,hydro_inflow,0.30296307822464347
7,19,2030,hydro_inflow,0.3063921888640191
7,20,2030,hydro_inflow,0.3037259784623149
7,21,2030,hydro_inflow,0.3010723003367114
7,22,2030,hydro_inflow,0.3046674970159505
7,23,2030,hydro_inflow,0.30800492110858235
7,24,2030,hydro_inflow,0.3095418416695305
7,1,2030,solar,0.0
7,2,2030,solar,0.0
7,3,2030,solar,0.0
7,4,2030,solar,0.0
7,5,2030,solar,0.0
7,6,2030,solar,0.0
7,7,2030,solar,0.007521449631825929
7,8,2030,solar,0.1634298481905565
7,9,2030,solar,0.4007173853397223
7,10,2030,solar,0.6076794403911988
7,11,2030,solar,0.7375063725916878
7,12,2030,solar,0.8169354474250146
7,13,2030,solar,0.8365042741112917
7,14,2030,solar,0.7870751664708138
7,15,2030,solar,0.675973497140336
7,16,2030,solar,0.5581322472710326
7,17,2030,solar,0.42118137793873944
7,18,2030,solar,0.2520480850587129
7,19,2030,solar,0.07273032265263382
7,20,2030,solar,2.257848391711376e-6
7,21,2030,solar,0.0
7,22,2030,solar,0.0
7,23,2030,solar,0.0
7,24,2030,solar,0.0
7,1,2030,wind_offshore,0.8896942852350519
7,2,2030,wind_offshore,0.8977333012335591
7,3,2030,wind_offshore,0.9238579111081485
7,4,2030,wind_offshore,0.9309721406861766
7,5,2030,wind_offshore,0.8676611976785884
7,6,2030,wind_offshore,0.7800169156589079
7,7,2030,wind_offshore,0.7424039466743401
7,8,2030,wind_offshore,0.7266125796467034
7,9,2030,wind_offshore,0.7519962875964725
7,10,2030,wind_offshore,0.8573942235693465
7,11,2030,wind_offshore,0.8732974616788783
7,12,2030,wind_offshore,0.8444209736164215
7,13,2030,wind_offshore,0.8232391536254773
7,14,2030,wind_offshore,0.8515578469277225
7,15,2030,wind_offshore,0.8732601678830224
7,16,2030,wind_offshore,0.8775050238079952
7,17,2030,wind_offshore,0.9397328848612011
7,18,2030,wind_offshore,1.0066894710741647
7,19,2030,wind_offshore,1.0523781866960207
7,20,2030,wind_offshore,1.0503345161996671
7,21,2030,wind_offshore,1.0759201810438341
7,22,2030,wind_offshore,1.0480587496707163
7,23,2030,wind_offshore,0.8332503748405123
7,24,2030,wind_offshore,0.7385232425856826
7,1,2030,wind_onshore,0.18876219158575533
7,2,2030,wind_onshore,0.18742152095842815
7,3,2030,wind_onshore,0.16303832171782476
7,4,2030,wind_onshore,0.14412982807160019
7,5,2030,wind_onshore,0.12580738251225285
7,6,2030,wind_onshore,0.11227109716906643
7,7,2030,wind_onshore,0.10085014531552171
7,8,2030,wind_onshore,0.08727671827499839
7,9,2030,wind_onshore,0.07175431649068612
7,10,2030,wind_onshore,0.08323886724120252
7,11,2030,wind_onshore,0.0866101702621635
7,12,2030,wind_onshore,0.09787726956494121
7,13,2030,wind_onshore,0.10564238272483764
7,14,2030,wind_onshore,0.12329920618351475
7,15,2030,wind_onshore,0.14110895803557935
7,16,2030,wind_onshore,0.15281602594929342
7,17,2030,wind_onshore,0.1696319400491293
7,18,2030,wind_onshore,0.19968512272620154
7,19,2030,wind_onshore,0.2194494563429314
7,20,2030,wind_onshore,0.21713159236962362
7,21,2030,wind_onshore,0.22105233344350153
7,22,2030,wind_onshore,0.20891165992078486
7,23,2030,wind_onshore,0.16582903616230196
7,24,2030,wind_onshore,0.1660940763173798
8,1,2030,demand,0.5459050520865616
8,2,2030,demand,0.5322661619294511
8,3,2030,demand,0.52036209670683
8,4,2030,demand,0.5184181228828815
8,5,2030,demand,0.5303323613067248
8,6,2030,demand,0.5489399677908814
8,7,2030,demand,0.564802154632918
8,8,2030,demand,0.5995096503966221
8,9,2030,demand,0.6587876156319702
8,10,2030,demand,0.6987359364169846
8,11,2030,demand,0.7261156260793089
8,12,2030,demand,0.7396193832343523
8,13,2030,demand,0.750134294164946
8,14,2030,demand,0.7520446576371601
8,15,2030,demand,0.7393970244687242
8,16,2030,demand,0.7307238363404076
8,17,2030,demand,0.7275945439884359
8,18,2030,demand,0.70936689948672
8,19,2030,demand,0.6960221143158378
8,20,2030,demand,0.6799194582417454
8,21,2030,demand,0.667054599393849
8,22,2030,demand,0.60924101409165
8,23,2030,demand,0.5636651808855209
8,24,2030,demand,0.5517104743896868
8,1,2030,hydro_inflow,0.31217229261127005
8,2,2030,hydro_inflow,0.31513360827252446
8,3,2030,hydro_inflow,0.3132449865448464
8,4,2030,hydro_inflow,0.30866987074182234
8,5,2030,hydro_inflow,0.30923757161235316
8,6,2030,hydro_inflow,0.3152894483129628
8,7,2030,hydro_inflow,0.3224777140993725
8,8,2030,hydro_inflow,0.319652062129437
8,9,2030,hydro_inflow,0.31978013986244724
8,10,2030,hydro_inflow,0.3154969276717909
8,11,2030,hydro_inflow,0.31594501494961075
8,12,2030,hydro_inflow,0.31819755195769944
8,13,2030,hydro_inflow,0.3189624032648018
8,14,2030,hydro_inflow,0.31888445920216846
8,15,2030,hydro_inflow,0.3170666004549134
8,16,2030,hydro_inflow,0.31448397925382715
8,17,2030,hydro_inflow,0.30898765595297334
8,18,2030,hydro_inflow,0.3060176263113632
8,19,2030,hydro_inflow,0.31038886418279865
8,20,2030,hydro_inflow,0.3088729062460371
8,21,2030,hydro_inflow,0.3117576452844738
8,22,2030,hydro_inflow,0.3144104182464964
8,23,2030,hydro_inflow,0.3079001330675047
8,24,2030,hydro_inflow,0.30214089352040846
8,1,2030,solar,0.0
8,2,2030,solar,0.0
8,3,2030,solar,0.0
8,4,2030,solar,0.0
8,5,2030,solar,0.0
8,6,2030,solar,0.0
8,7,2030,solar,0.005363958654028903
8,8,2030,solar,0.15489352854836366
8,9,2030,solar,0.3979571046481859
8,10,2030,solar,0.6248021420655836
8,11,2030,solar,0.755653765199129
8,12,2030,solar,0.8299704801116097
8,13,2030,solar,0.8403939133191377
8,14,2030,solar,0.8199532958963928
8,15,2030,solar,0.713180772119008
8,16,2030,solar,0.5863909101685589
8,17,2030,solar,0.44390798527064285
8,18,2030,solar,0.2505400021020363
8,19,2030,solar,0.06640829856079578
8,20,2030,solar,4.124282571072994e-6
8,21,2030,solar,0.0
8,22,2030,solar,0.0
8,23,2030,solar,0.0
8,24,2030,solar,0.0
8,1,2030,wind_offshore,0.4840476807469593
8,2,2030,wind_offshore,0.5044023438770654
8,3,2030,wind_offshore,0.5159404501271888
8,4,2030,wind_offshore,0.5096082278251215
8,5,2030,wind_offshore,0.48712329661369624
8,6,2030,wind_offshore,0.4837969586885314
8,7,2030,wind_offshore,0.49472541252357183
8,8,2030,wind_offshore,0.5108405479822283
8,9,2030,wind_offshore,0.5323571003125398
8,10,2030,wind_offshore,0.5418179462914214
8,11,2030,wind_offshore,0.5886875002829299
8,12,2030,wind_offshore,0.58440278401728
8,13,2030,wind_offshore,0.6474155015830365
8,14,2030,wind_offshore,0.6607774045999816
8,15,2030,wind_offshore,0.6867583423067705
8,16,2030,wind_offshore,0.683262171714708
8,17,2030,wind_offshore,0.6738361489817893
8,18,2030,wind_offshore,0.6853763308856713
8,19,2030,wind_offshore,0.7106482237063262
8,20,2030,wind_offshore,0.7574125777071965
8,21,2030,wind_offshore,0.7681558492985461
8,22,2030,wind_offshore,0.7467391219293523
8,23,2030,wind_offshore,0.6586578365975639
8,24,2030,wind_offshore,0.594777807470322
8,1,2030,wind_onshore,0.1555986303922411
8,2,2030,wind_onshore,0.15074216485384181
8,3,2030,wind_onshore,0.15359539411175388
8,4,2030,wind_onshore,0.15962695103039917
8,5,2030,wind_onshore,0.15506380430940317
8,6,2030,wind_onshore,0.15881480106316828
8,7,2030,wind_onshore,0.1645986400721164
8,8,2030,wind_onshore,0.16153134977540504
8,9,2030,wind_onshore,0.16648009418223442
8,10,2030,wind_onshore,0.18886728691590987
8,11,2030,wind_onshore,0.2028714644362049
8,12,2030,wind_onshore,0.22949093778845045
8,13,2030,wind_onshore,0.2545225166343054
8,14,2030,wind_onshore,0.2819087203524008
8,15,2030,wind_onshore,0.3081548003344052
8,16,2030,wind_onshore,0.32598103806296647
8,17,2030,wind_onshore,0.3346193462702731
8,18,2030,wind_onshore,0.3404529795172282
8,19,2030,wind_onshore,0.33925418121138223
8,20,2030,wind_onshore,0.3608364216633317
8,21,2030,wind_onshore,0.3724388379187247
8,22,2030,wind_onshore,0.38203941545614123
8,23,2030,wind_onshore,0.35077569655819385
8,24,2030,wind_onshore,0.33068714689565903
