year,period,rep_period,weight,scenario
2030,1,5,1.0,0
2030,2,5,1.0,0
2030,3,3,1.0,0
2030,4,4,1.0,0
2030,5,5,1.0,0
2030,6,4,0.9114706812794704,0
2030,6,5,0.08852931872052966,0
2030,7,1,0.032964072051050626,0
2030,7,2,0.07678229541233589,0
2030,7,4,0.12846659466037283,0
2030,7,6,0.7617870378762407,0
2030,8,1,0.15659110190854683,0
2030,8,3,0.6342947766983078,0
2030,8,4,0.1130387267505639,0
2030,8,5,0.09607539464258145,0
2030,9,2,0.13785483212176725,0
2030,9,3,0.01656686231627402,0
2030,9,6,0.8455783055619587,0
2030,10,6,1.0,0
2030,11,4,0.8843991319238923,0
2030,11,5,0.11560086807610773,0
2030,12,5,0.7808823882783531,0
2030,12,6,0.21911761172164687,0
2030,13,3,0.9440110291949911,0
2030,13,5,0.04372527163932055,0
2030,13,6,0.012263699165688398,0
2030,14,5,1.0,0
2030,15,5,0.08892977272681064,0
2030,15,6,0.9110702272731893,0
2030,16,6,1.0,0
2030,17,1,1.0,0
2030,18,1,1.0,0
2030,19,1,0.6088553690059488,0
2030,19,5,0.14231173255292548,0
2030,19,6,0.24883289844112566,0
2030,20,5,1.0,0
2030,21,2,0.09187096227571902,0
2030,21,4,0.07138494823186821,0
2030,21,5,0.8367440894924129,0
2030,22,5,1.0,0
2030,23,4,1.0,0
2030,24,5,0.22896719769515178,0
2030,24,6,0.7710328023048483,0
2030,25,1,0.8971679766364045,0
2030,25,2,0.07794295433006063,0
2030,25,3,0.02488906903353499,0
2030,26,5,1.0,0
2030,27,3,0.01478928006694106,0
2030,27,4,0.956815193764779,0
2030,27,6,0.028395526168279978,0
2030,28,3,0.6299006240497622,0
2030,28,6,0.37009937595023784,0
2030,29,3,0.8303103422402951,0
2030,29,6,0.16968965775970488,0
2030,30,3,0.8763287348269995,0
2030,30,5,0.08115236145497691,0
2030,30,6,0.04251890371802363,0
2030,31,5,1.0,0
2030,32,1,0.08188095819925321,0
2030,32,5,0.23753893399900808,0
2030,32,6,0.6805801078017387,0
2030,33,1,0.09320301739106097,0
2030,33,4,0.20310982576856978,0
2030,33,5,0.7036871568403693,0
2030,34,2,0.13751113830915268,0
2030,34,3,0.018598063054894476,0
2030,34,4,0.06696659144308086,0
2030,34,5,0.7769242071928719,0
2030,35,4,0.9556708456193214,0
2030,35,5,0.04432915438067866,0
2030,36,5,1.0,0
2030,37,5,1.0,0
2030,38,1,0.7527299712234456,0
2030,38,4,0.24727002877655435,0
2030,39,1,0.861088022444269,0
2030,39,2,0.13891197755573106,0
2030,40,5,0.41706632671531024,0
2030,40,6,0.5829336732846897,0
2030,41,2,0.08689264567732183,0
2030,41,3,0.04693185995128307,0
2030,41,5,0.8661754943713951,0
2030,42,5,0.03144649627520235,0
2030,42,6,0.9685535037247978,0
2030,43,1,0.014854831698637798,0
2030,43,3,0.9500857961734515,0
2030,43,4,0.035059372127910715,0
2030,44,2,0.024072187411672614,0
2030,44,3,0.017213651681851367,0
2030,44,5,0.958714160906476,0
2030,45,5,1.0,0
2030,46,1,0.023922925042422123,0
2030,46,2,0.08517515170259228,0
2030,46,4,0.11991437623522944,0
2030,46,6,0.7709875470197562,0
2030,47,4,1.0,0
2030,48,2,0.028573222550495436,0
2030,48,3,0.9714267774495047,0
2030,49,1,0.033641251411054,0
2030,49,3,0.8822712612840016,0
2030,49,5,0.08408748730494447,0
2030,50,3,0.7737580801462678,0
2030,50,5,0.18936922884565766,0
2030,50,6,0.036872691008074596,0
2030,51,5,1.0,0
2030,52,5,1.0,0
2030,53,4,1.0,0
2030,54,2,0.015970364166953643,0
2030,54,3,0.9840296358330463,0
2030,55,1,0.03382129892253214,0
2030,55,4,0.08082271310663537,0
2030,55,5,0.8853559879708324,0
2030,56,1,0.6090647531472286,0
2030,56,5,0.29109851942343645,0
2030,56,6,0.09983672742933494,0
2030,57,1,0.019434945109095072,0
2030,57,3,0.9624968868309998,0
2030,57,4,0.01806816805990517,0
2030,58,3,0.861252509748676,0
2030,58,6,0.138747490251324,0
2030,59,4,1.0,0
2030,60,2,0.07572759698079984,0
2030,60,4,0.04714656755906443,0
2030,60,5,0.8771258354601358,0
2030,61,1,0.8824761478982005,0
2030,61,2,0.04752295354770444,0
2030,61,3,0.04453966141900016,0
2030,61,6,0.025461237135094968,0
2030,62,1,0.8470967995830572,0
2030,62,5,0.1529032004169428,0
2030,63,2,0.03927912192542484,0
2030,63,3,0.02595920101205367,0
2030,63,5,0.9347616770625216,0
2030,64,3,0.9840904002833704,0
2030,64,4,0.01590959971662973,0
2030,65,1,0.03886916967092723,0
2030,65,4,0.06837251815532974,0
2030,65,5,0.892758312173743,0
2030,66,5,1.0,0
2030,67,5,1.0,0
2030,68,2,0.11314722002047227,0
2030,68,3,0.09680952047486109,0
2030,68,4,0.7517815528977849,0
2030,68,6,0.03826170660688175,0
2030,69,2,0.09305583615591351,0
2030,69,4,0.9069441638440865,0
2030,70,5,0.9680096950995482,0
2030,70,6,0.03199030490045184,0
2030,71,4,1.0,0
2030,72,2,0.15233411353706378,0
2030,72,3,0.03266729655579345,0
2030,72,4,0.055253923431997205,0
2030,72,5,0.7597446664751455,0
2030,73,1,0.8612745704333733,0
2030,73,5,0.13872542956662676,0
2030,74,2,0.0903160814497562,0
2030,74,3,0.014764165696981024,0
2030,74,4,0.04027411171894387,0
2030,74,5,0.8546456411343188,0
2030,75,3,0.08799373016573507,0
2030,75,5,0.7589055939483293,0
2030,75,6,0.15310067588593562,0
2030,76,6,1.0,0
2030,77,1,0.8045593175456084,0
2030,77,5,0.12081989372497375,0
2030,77,6,0.07462078872941788,0
2030,78,3,0.8994960387735282,0
2030,78,5,0.07690931867359754,0
2030,78,6,0.02359464255287425,0
2030,79,5,1.0,0
2030,80,5,1.0,0
2030,81,5,0.7396939979637294,0
2030,81,6,0.26030600203627063,0
2030,82,1,0.7978897479181974,0
2030,82,2,0.1683205394716496,0
2030,82,3,0.03378971261015294,0
2030,83,2,0.010846659449960822,0
2030,83,5,0.9891533405500391,0
2030,84,1,0.10610902533169987,0
2030,84,4,0.05051421269957386,0
2030,84,5,0.10192276073995313,0
2030,84,6,0.7414540012287733,0
2030,85,5,0.9485368868813162,0
2030,85,6,0.05146311311868387,0
2030,86,3,1.0,0
2030,87,3,1.0,0
2030,88,3,1.0,0
2030,89,1,0.06118031210493845,0
2030,89,4,0.14539666625965475,0
2030,89,5,0.7934230216354069,0
2030,90,5,1.0,0
2030,91,1,0.024608433727457017,0
2030,91,2,0.035341212350743965,0
2030,91,3,0.7321305082691469,0
2030,91,4,0.20791984565265204,0
2030,92,1,0.9163606854477319,0
2030,92,5,0.05068973691683428,0
2030,92,6,0.03294957763543388,0
2030,93,3,0.013285870309651704,0
2030,93,4,0.8472851588427495,0
2030,93,5,0.04583370236338562,0
2030,93,6,0.09359526848421319,0
2030,94,1,0.5728811219154212,0
2030,94,5,0.42711887808457877,0
2030,95,2,0.11255100428830385,0
2030,95,4,0.07234654005438453,0
2030,95,6,0.8151024556573117,0
2030,96,5,0.037254021031671046,0
2030,96,6,0.9627459789683289,0
2030,97,2,0.128999781383278,0
2030,97,3,0.8318045640878196,0
2030,97,4,0.039195654528902515,0
2030,98,2,0.019199661453188736,0
2030,98,3,0.9808003385468113,0
2030,99,3,0.8529031074727706,0
2030,99,5,0.14709689252722935,0
2030,100,1,0.09469110896707426,0
2030,100,4,0.10508018494001399,0
2030,100,5,0.8002287060929119,0
2030,1,5,0.1832668101528765,1
2030,1,6,0.8167331898471235,1
2030,2,1,0.5565574562782849,1
2030,2,5,0.44344254372171515,1
2030,3,2,1.0,1
2030,4,2,0.6821321395518223,1
2030,4,4,0.3178678604481778,1
2030,5,2,0.1596823966830364,1
2030,5,3,0.13530642769007553,1
2030,5,4,0.6535120835053871,1
2030,5,6,0.05149909212150097,1
2030,6,2,0.06963435475515509,1
2030,6,3,0.05075661371604842,1
2030,6,4,0.8796090315287964,1
2030,7,2,0.850157960109327,1
2030,7,4,0.14984203989067296,1
2030,8,2,0.1415884344373679,1
2030,8,4,0.858411565562632,1
2030,9,1,0.08017403967849589,1
2030,9,2,0.057559681876474436,1
2030,9,4,0.1903897016928763,1
2030,9,6,0.6718765767521534,1
2030,10,5,0.17029974549027294,1
2030,10,6,0.8297002545097271,1
2030,11,2,1.0,1
2030,12,3,0.9341266064269733,1
2030,12,6,0.06587339357302671,1
2030,13,1,0.7342987148967814,1
2030,13,5,0.26570128510321855,1
2030,14,4,0.9013338751171023,1
2030,14,5,0.09866612488289776,1
2030,15,1,0.7065779549450427,1
2030,15,2,0.16289212118408908,1
2030,15,3,0.10622870485232201,1
2030,15,6,0.02430121901854617,1
2030,16,1,0.010554196939040516,1
2030,16,2,0.9701352385549016,1
2030,16,5,0.019310564506057913,1
2030,17,1,1.0,1
2030,18,2,0.07679216792185727,1
2030,18,6,0.9232078320781427,1
2030,19,2,1.0,1
2030,20,4,0.8837281257109173,1
2030,20,5,0.11627187428908267,1
2030,21,2,1.0,1
2030,22,2,0.07882593130401314,1
2030,22,4,0.9211740686959868,1
2030,23,4,0.9480382777346396,1
2030,23,5,0.03850229308482561,1
2030,23,6,0.013459429180534742,1
2030,24,1,0.20757303173309152,1
2030,24,4,0.11327783823911339,1
2030,24,5,0.1764972644839413,1
2030,24,6,0.5026518655438538,1
2030,25,2,0.10106473354916891,1
2030,25,4,0.898935266450831,1
2030,26,2,0.8973740188521392,1
2030,26,6,0.10262598114786071,1
2030,27,2,1.0,1
2030,28,1,1.0,1
2030,29,1,0.09449214473431447,1
2030,29,4,0.22027343662164886,1
2030,29,5,0.6852344186440367,1
2030,30,2,0.877013818830241,1
2030,30,4,0.122986181169759,1
2030,31,3,0.06365081224395283,1
2030,31,4,0.7095257789318336,1
2030,31,5,0.023570422583832743,1
2030,31,6,0.20325298624038082,1
2030,32,2,0.21533387546706878,1
2030,32,3,0.028245861401083802,1
2030,32,6,0.7564202631318475,1
2030,33,2,1.0,1
2030,34,2,1.0,1
2030,35,1,0.8695481528756426,1
2030,35,2,0.13045184712435745,1
2030,36,2,0.1140086425875807,1
2030,36,4,0.03809715121557544,1
2030,36,6,0.8478942061968439,1
2030,37,2,1.0,1
2030,38,3,1.0,1
2030,39,2,1.0,1
2030,40,1,0.902194070541611,1
2030,40,5,0.0867314745724644,1
2030,40,6,0.011074454885924515,1
2030,41,2,0.07055549320273762,1
2030,41,4,0.9294445067972624,1
2030,42,1,0.9426284815979123,1
2030,42,5,0.05737151840208771,1
2030,43,2,0.8802577782532619,1
2030,43,6,0.11974222174673818,1
2030,44,3,1.0,1
2030,45,1,0.7390763413852898,1
2030,45,2,0.16879406964692067,1
2030,45,3,0.09212958896778957,1
2030,46,1,0.03874922795420699,1
2030,46,2,0.06911468246095645,1
2030,46,4,0.13106850162969885,1
2030,46,6,0.7610675879551377,1
2030,47,1,0.04605676141875911,1
2030,47,3,0.8609891223875349,1
2030,47,4,0.013024035006996297,1
2030,47,5,0.07993008118670972,1
2030,48,2,0.1590426823707141,1
2030,48,3,0.8409573176292859,1
2030,49,2,1.0,1
2030,50,4,1.0,1
2030,51,4,0.9048308488892542,1
2030,51,5,0.09516915111074582,1
2030,52,2,0.9797929569089474,1
2030,52,4,0.020207043091052587,1
2030,53,2,0.1747114959789503,1
2030,53,3,0.02271264789203206,1
2030,53,6,0.8025758561290176,1
2030,54,2,0.18220472066940122,1
2030,54,3,0.6095361564582483,1
2030,54,4,0.20825912287235054,1
2030,55,2,1.0,1
2030,56,2,0.019737383044793284,1
2030,56,6,0.9802626169552068,1
2030,57,2,0.9014104159763723,1
2030,57,5,0.0648773807445346,1
2030,57,6,0.033712203279093134,1
2030,58,3,0.9820212149409266,1
2030,58,5,0.017978785059073334,1
2030,59,2,0.3317935608651902,1
2030,59,4,0.6682064391348097,1
2030,60,1,0.20939701216815645,1
2030,60,4,0.01786080024920468,1
2030,60,5,0.33431807044348255,1
2030,60,6,0.4384241171391564,1
2030,61,4,1.0,1
2030,62,2,0.0175301623011785,1
2030,62,6,0.9824698376988215,1
2030,63,1,0.6872937037312938,1
2030,63,5,0.3127062962687062,1
2030,64,2,0.03883883420202422,1
2030,64,4,0.9611611657979758,1
2030,65,2,0.40102591588595643,1
2030,65,4,0.5989740841140436,1
2030,66,2,1.0,1
2030,67,1,0.8314367754170595,1
2030,67,4,0.16856322458294049,1
2030,68,2,0.02790098264557171,1
2030,68,6,0.9720990173544283,1
2030,69,6,1.0,1
2030,70,1,1.0,1
2030,71,1,1.0,1
2030,72,1,0.07535023557642273,1
2030,72,2,0.8276158592855805,1
2030,72,4,0.05752331668456447,1
2030,72,5,0.039510588453432395,1
2030,73,2,0.16644966652431584,1
2030,73,3,0.8335503334756842,1
2030,74,2,1.0,1
2030,75,1,0.119716394524174,1
2030,75,3,0.6790493240907115,1
2030,75,4,0.06678024971870522,1
2030,75,5,0.13445403166640923,1
2030,76,1,0.0836281236631544,1
2030,76,4,0.2020921539530599,1
2030,76,5,0.7142797223837858,1
2030,77,3,1.0,1
2030,78,2,0.3670249106610571,1
2030,78,4,0.6329750893389429,1
2030,79,2,0.10091486276967601,1
2030,79,3,0.04303931835343088,1
2030,79,5,0.8560458188768931,1
2030,80,1,0.7458984861669044,1
2030,80,2,0.017747073616636494,1
2030,80,4,0.23635444021645924,1
2030,81,2,0.08170670316266194,1
2030,81,3,0.011691284274669934,1
2030,81,6,0.9066020125626681,1
2030,82,2,0.24306458734591677,1
2030,82,4,0.7569354126540833,1
2030,83,1,0.7360499157080821,1
2030,83,5,0.08709088374870357,1
2030,83,6,0.17685920054321433,1
2030,84,2,0.16558317093685798,1
2030,84,3,0.021004419480722895,1
2030,84,6,0.8134124095824191,1
2030,85,2,0.023074775983586635,1
2030,85,3,0.9769252240164134,1
2030,86,2,0.03339278044167158,1
2030,86,3,0.027113263720121968,1
2030,86,4,0.9394939558382064,1
2030,87,5,0.1979529358966622,1
2030,87,6,0.8020470641033378,1
2030,88,4,0.929397009599594,1
2030,88,5,0.07060299040040596,1
2030,89,1,1.0,1
2030,90,2,1.0,1
2030,91,2,1.0,1
2030,92,6,1.0,1
2030,93,1,0.01251305393189321,1
2030,93,2,0.9462600850695473,1
2030,93,5,0.04122686099855952,1
2030,94,3,1.0,1
2030,95,2,0.981368283674604,1
2030,95,4,0.018631716325395977,1
2030,96,1,0.7993590528175698,1
2030,96,4,0.20064094718243017,1
2030,97,1,0.013742942331120321,1
2030,97,2,0.8860172041913384,1
2030,97,5,0.10023985347754129,1
2030,98,2,0.9794339438691705,1
2030,98,4,0.020566056130829513,1
2030,99,1,0.8534569949755842,1
2030,99,5,0.05026264929114977,1
2030,99,6,0.09628035573326596,1
2030,100,3,1.0,1
