year,period,rep_period,weight,scenario
2030,1,14,1.0,0
2030,2,2,1.0,0
2030,3,2,1.0,0
2030,4,1,1.0,0
2030,5,1,1.0,0
2030,6,14,1.0,0
2030,7,14,1.0,0
2030,8,2,1.0,0
2030,9,14,1.0,0
2030,10,2,1.0,0
2030,11,12,1.0,0
2030,12,12,1.0,0
2030,13,14,1.0,0
2030,14,2,1.0,0
2030,15,2,1.0,0
2030,16,8,1.0,0
2030,17,12,1.0,0
2030,18,12,1.0,0
2030,19,12,1.0,0
2030,20,12,1.0,0
2030,21,12,1.0,0
2030,22,12,1.0,0
2030,23,14,1.0,0
2030,24,12,1.0,0
2030,25,12,1.0,0
2030,26,14,1.0,0
2030,27,8,1.0,0
2030,28,12,1.0,0
2030,29,12,1.0,0
2030,30,2,1.0,0
2030,31,8,1.0,0
2030,32,14,1.0,0
2030,33,2,1.0,0
2030,34,8,1.0,0
2030,35,2,1.0,0
2030,36,2,1.0,0
2030,37,2,1.0,0
2030,38,8,1.0,0
2030,39,12,1.0,0
2030,40,12,1.0,0
2030,41,8,1.0,0
2030,42,14,1.0,0
2030,43,1,1.0,0
2030,44,13,1.0,0
2030,45,13,1.0,0
2030,46,13,1.0,0
2030,47,16,1.0,0
2030,48,1,1.0,0
2030,49,1,1.0,0
2030,50,8,1.0,0
2030,51,8,1.0,0
2030,52,14,1.0,0
2030,53,2,1.0,0
2030,54,12,1.0,0
2030,55,12,1.0,0
2030,56,12,1.0,0
2030,57,12,1.0,0
2030,58,14,1.0,0
2030,59,2,1.0,0
2030,60,2,1.0,0
2030,61,12,1.0,0
2030,62,12,1.0,0
2030,63,12,1.0,0
2030,64,12,1.0,0
2030,65,14,1.0,0
2030,66,8,1.0,0
2030,67,16,1.0,0
2030,68,8,1.0,0
2030,69,14,1.0,0
2030,70,13,1.0,0
2030,71,12,1.0,0
2030,72,8,1.0,0
2030,73,14,1.0,0
2030,74,2,1.0,0
2030,75,2,1.0,0
2030,76,8,1.0,0
2030,77,8,1.0,0
2030,78,8,1.0,0
2030,79,8,1.0,0
2030,80,8,1.0,0
2030,81,4,1.0,0
2030,82,19,1.0,0
2030,83,1,1.0,0
2030,84,8,1.0,0
2030,85,8,1.0,0
2030,86,1,1.0,0
2030,87,19,1.0,0
2030,88,1,1.0,0
2030,89,16,1.0,0
2030,90,8,1.0,0
2030,91,8,1.0,0
2030,92,10,1.0,0
2030,93,19,1.0,0
2030,94,19,1.0,0
2030,95,1,1.0,0
2030,96,8,1.0,0
2030,97,8,1.0,0
2030,98,8,1.0,0
2030,99,8,1.0,0
2030,100,8,1.0,0
2030,101,8,1.0,0
2030,102,8,1.0,0
2030,103,16,1.0,0
2030,104,13,1.0,0
2030,105,16,1.0,0
2030,106,16,1.0,0
2030,107,4,1.0,0
2030,108,19,1.0,0
2030,109,4,1.0,0
2030,110,1,1.0,0
2030,111,4,1.0,0
2030,112,1,1.0,0
2030,113,19,1.0,0
2030,114,19,1.0,0
2030,115,19,1.0,0
2030,116,19,1.0,0
2030,117,4,1.0,0
2030,118,19,1.0,0
2030,119,19,1.0,0
2030,120,19,1.0,0
2030,121,19,1.0,0
2030,122,19,1.0,0
2030,123,19,1.0,0
2030,124,19,1.0,0
2030,125,19,1.0,0
2030,126,19,1.0,0
2030,127,19,1.0,0
2030,128,1,1.0,0
2030,129,4,1.0,0
2030,130,19,1.0,0
2030,131,4,1.0,0
2030,132,13,1.0,0
2030,133,19,1.0,0
2030,134,19,1.0,0
2030,135,1,1.0,0
2030,136,16,1.0,0
2030,137,16,1.0,0
2030,138,4,1.0,0
2030,139,19,1.0,0
2030,140,1,1.0,0
2030,141,10,1.0,0
2030,142,19,1.0,0
2030,143,19,1.0,0
2030,144,19,1.0,0
2030,145,19,1.0,0
2030,146,8,1.0,0
2030,147,8,1.0,0
2030,148,8,1.0,0
2030,149,19,1.0,0
2030,150,4,1.0,0
2030,151,4,1.0,0
2030,152,19,1.0,0
2030,153,1,1.0,0
2030,154,19,1.0,0
2030,155,1,1.0,0
2030,156,16,1.0,0
2030,157,16,1.0,0
2030,158,8,1.0,0
2030,159,8,1.0,0
2030,160,16,1.0,0
2030,161,8,1.0,0
2030,162,4,1.0,0
2030,163,1,1.0,0
2030,164,1,1.0,0
2030,165,8,1.0,0
2030,166,8,1.0,0
2030,167,8,1.0,0
2030,168,19,1.0,0
2030,169,19,1.0,0
2030,170,19,1.0,0
2030,171,19,1.0,0
2030,172,1,1.0,0
2030,173,8,1.0,0
2030,174,8,1.0,0
2030,175,16,1.0,0
2030,176,8,1.0,0
2030,177,8,1.0,0
2030,178,19,1.0,0
2030,179,19,1.0,0
2030,180,19,1.0,0
2030,181,19,1.0,0
2030,182,19,1.0,0
2030,183,19,1.0,0
2030,184,4,1.0,0
2030,185,19,1.0,0
2030,186,1,1.0,0
2030,187,8,1.0,0
2030,188,8,1.0,0
2030,189,4,1.0,0
2030,190,19,1.0,0
2030,191,19,1.0,0
2030,192,4,1.0,0
2030,193,1,1.0,0
2030,194,8,1.0,0
2030,195,8,1.0,0
2030,196,4,1.0,0
2030,197,19,1.0,0
2030,198,19,1.0,0
2030,199,1,1.0,0
2030,200,8,1.0,0
2030,201,19,1.0,0
2030,202,19,1.0,0
2030,203,16,1.0,0
2030,204,8,1.0,0
2030,205,8,1.0,0
2030,206,4,1.0,0
2030,207,4,1.0,0
2030,208,19,1.0,0
2030,209,19,1.0,0
2030,210,19,1.0,0
2030,211,19,1.0,0
2030,212,19,1.0,0
2030,213,1,1.0,0
2030,214,19,1.0,0
2030,215,19,1.0,0
2030,216,19,1.0,0
2030,217,4,1.0,0
2030,218,19,1.0,0
2030,219,19,1.0,0
2030,220,1,1.0,0
2030,221,8,1.0,0
2030,222,4,1.0,0
2030,223,19,1.0,0
2030,224,19,1.0,0
2030,225,1,1.0,0
2030,226,16,1.0,0
2030,227,8,1.0,0
2030,228,8,1.0,0
2030,229,19,1.0,0
2030,230,19,1.0,0
2030,231,19,1.0,0
2030,232,19,1.0,0
2030,233,1,1.0,0
2030,234,8,1.0,0
2030,235,1,1.0,0
2030,236,1,1.0,0
2030,237,19,1.0,0
2030,238,1,1.0,0
2030,239,1,1.0,0
2030,240,16,1.0,0
2030,241,8,1.0,0
2030,242,8,1.0,0
2030,243,8,1.0,0
2030,244,8,1.0,0
2030,245,8,1.0,0
2030,246,19,1.0,0
2030,247,19,1.0,0
2030,248,1,1.0,0
2030,249,13,1.0,0
2030,250,13,1.0,0
2030,251,4,1.0,0
2030,252,8,1.0,0
2030,253,1,1.0,0
2030,254,19,1.0,0
2030,255,1,1.0,0
2030,256,1,1.0,0
2030,257,4,1.0,0
2030,258,4,1.0,0
2030,259,4,1.0,0
2030,260,19,1.0,0
2030,261,1,1.0,0
2030,262,16,1.0,0
2030,263,4,1.0,0
2030,264,1,1.0,0
2030,265,8,1.0,0
2030,266,4,1.0,0
2030,267,1,1.0,0
2030,268,4,1.0,0
2030,269,19,1.0,0
2030,270,19,1.0,0
2030,271,19,1.0,0
2030,272,19,1.0,0
2030,273,19,1.0,0
2030,274,19,1.0,0
2030,275,1,1.0,0
2030,276,8,1.0,0
2030,277,4,1.0,0
2030,278,19,1.0,0
2030,279,8,1.0,0
2030,280,4,1.0,0
2030,281,1,1.0,0
2030,282,1,1.0,0
2030,283,8,1.0,0
2030,284,19,1.0,0
2030,285,19,1.0,0
2030,286,1,1.0,0
2030,287,4,1.0,0
2030,288,19,1.0,0
2030,289,8,1.0,0
2030,290,10,1.0,0
2030,291,1,1.0,0
2030,292,8,1.0,0
2030,293,8,1.0,0
2030,294,4,1.0,0
2030,295,19,1.0,0
2030,296,16,1.0,0
2030,297,13,1.0,0
2030,298,19,1.0,0
2030,299,16,1.0,0
2030,300,1,1.0,0
2030,301,16,1.0,0
2030,302,1,1.0,0
2030,303,19,1.0,0
2030,304,8,1.0,0
2030,305,4,1.0,0
2030,306,4,1.0,0
2030,307,4,1.0,0
2030,308,1,1.0,0
2030,309,19,1.0,0
2030,310,19,1.0,0
2030,311,19,1.0,0
2030,312,1,1.0,0
2030,313,19,1.0,0
2030,314,19,1.0,0
2030,315,1,1.0,0
2030,316,16,1.0,0
2030,317,16,1.0,0
2030,318,4,1.0,0
2030,319,4,1.0,0
2030,320,1,1.0,0
2030,321,4,1.0,0
2030,322,4,1.0,0
2030,323,1,1.0,0
2030,324,8,1.0,0
2030,325,16,1.0,0
2030,326,4,1.0,0
2030,327,19,1.0,0
2030,328,4,1.0,0
2030,329,1,1.0,0
2030,330,16,1.0,0
2030,331,4,1.0,0
2030,332,4,1.0,0
2030,333,4,1.0,0
2030,334,16,1.0,0
2030,335,8,1.0,0
2030,336,1,1.0,0
2030,337,16,1.0,0
2030,338,16,1.0,0
2030,339,4,1.0,0
2030,340,1,1.0,0
2030,341,19,1.0,0
2030,342,19,1.0,0
2030,343,16,1.0,0
2030,344,4,1.0,0
2030,345,4,1.0,0
2030,346,8,1.0,0
2030,347,16,1.0,0
2030,348,16,1.0,0
2030,349,16,1.0,0
2030,350,1,1.0,0
2030,351,4,1.0,0
2030,352,8,1.0,0
2030,353,4,1.0,0
2030,354,1,1.0,0
2030,355,16,1.0,0
2030,356,13,1.0,0
2030,357,13,1.0,0
2030,358,13,1.0,0
2030,359,13,1.0,0
2030,360,13,1.0,0
2030,361,13,1.0,0
2030,362,13,1.0,0
2030,363,13,1.0,0
2030,364,13,1.0,0
2030,365,12,1.0,0
2030,1,20,1.0,1
2030,2,2,1.0,1
2030,3,1,1.0,1
2030,4,8,1.0,1
2030,5,5,1.0,1
2030,6,20,1.0,1
2030,7,14,1.0,1
2030,8,2,1.0,1
2030,9,20,1.0,1
2030,10,2,1.0,1
2030,11,5,1.0,1
2030,12,7,1.0,1
2030,13,20,1.0,1
2030,14,2,1.0,1
2030,15,2,1.0,1
2030,16,6,1.0,1
2030,17,7,1.0,1
2030,18,7,1.0,1
2030,19,7,1.0,1
2030,20,7,1.0,1
2030,21,7,1.0,1
2030,22,7,1.0,1
2030,23,20,1.0,1
2030,24,5,1.0,1
2030,25,7,1.0,1
2030,26,20,1.0,1
2030,27,5,1.0,1
2030,28,7,1.0,1
2030,29,7,1.0,1
2030,30,14,1.0,1
2030,31,5,1.0,1
2030,32,20,1.0,1
2030,33,2,1.0,1
2030,34,9,1.0,1
2030,35,2,1.0,1
2030,36,3,1.0,1
2030,37,17,1.0,1
2030,38,6,1.0,1
2030,39,7,1.0,1
2030,40,7,1.0,1
2030,41,9,1.0,1
2030,42,20,1.0,1
2030,43,17,1.0,1
2030,44,7,1.0,1
2030,45,7,1.0,1
2030,46,7,1.0,1
2030,47,6,1.0,1
2030,48,15,1.0,1
2030,49,17,1.0,1
2030,50,6,1.0,1
2030,51,6,1.0,1
2030,52,20,1.0,1
2030,53,17,1.0,1
2030,54,6,1.0,1
2030,55,7,1.0,1
2030,56,7,1.0,1
2030,57,7,1.0,1
2030,58,20,1.0,1
2030,59,2,1.0,1
2030,60,15,1.0,1
2030,61,6,1.0,1
2030,62,7,1.0,1
2030,63,5,1.0,1
2030,64,7,1.0,1
2030,65,14,1.0,1
2030,66,5,1.0,1
2030,67,9,1.0,1
2030,68,6,1.0,1
2030,69,20,1.0,1
2030,70,5,1.0,1
2030,71,7,1.0,1
2030,72,6,1.0,1
2030,73,18,1.0,1
2030,74,8,1.0,1
2030,75,15,1.0,1
2030,76,6,1.0,1
2030,77,6,1.0,1
2030,78,9,1.0,1
2030,79,6,1.0,1
2030,80,6,1.0,1
2030,81,10,1.0,1
2030,82,3,1.0,1
2030,83,17,1.0,1
2030,84,6,1.0,1
2030,85,9,1.0,1
2030,86,11,1.0,1
2030,87,11,1.0,1
2030,88,11,1.0,1
2030,89,5,1.0,1
2030,90,6,1.0,1
2030,91,6,1.0,1
2030,92,10,1.0,1
2030,93,3,1.0,1
2030,94,11,1.0,1
2030,95,15,1.0,1
2030,96,6,1.0,1
2030,97,6,1.0,1
2030,98,6,1.0,1
2030,99,6,1.0,1
2030,100,6,1.0,1
2030,101,6,1.0,1
2030,102,6,1.0,1
2030,103,6,1.0,1
2030,104,7,1.0,1
2030,105,6,1.0,1
2030,106,6,1.0,1
2030,107,10,1.0,1
2030,108,11,1.0,1
2030,109,18,1.0,1
2030,110,15,1.0,1
2030,111,18,1.0,1
2030,112,15,1.0,1
2030,113,3,1.0,1
2030,114,3,1.0,1
2030,115,3,1.0,1
2030,116,11,1.0,1
2030,117,18,1.0,1
2030,118,19,1.0,1
2030,119,10,1.0,1
2030,120,3,1.0,1
2030,121,3,1.0,1
2030,122,11,1.0,1
2030,123,10,1.0,1
2030,124,11,1.0,1
2030,125,3,1.0,1
2030,126,3,1.0,1
2030,127,3,1.0,1
2030,128,15,1.0,1
2030,129,18,1.0,1
2030,130,3,1.0,1
2030,131,18,1.0,1
2030,132,20,1.0,1
2030,133,11,1.0,1
2030,134,10,1.0,1
2030,135,15,1.0,1
2030,136,18,1.0,1
2030,137,6,1.0,1
2030,138,10,1.0,1
2030,139,10,1.0,1
2030,140,5,1.0,1
2030,141,18,1.0,1
2030,142,3,1.0,1
2030,143,11,1.0,1
2030,144,11,1.0,1
2030,145,11,1.0,1
2030,146,6,1.0,1
2030,147,6,1.0,1
2030,148,18,1.0,1
2030,149,11,1.0,1
2030,150,11,1.0,1
2030,151,11,1.0,1
2030,152,11,1.0,1
2030,153,18,1.0,1
2030,154,11,1.0,1
2030,155,15,1.0,1
2030,156,6,1.0,1
2030,157,6,1.0,1
2030,158,6,1.0,1
2030,159,6,1.0,1
2030,160,6,1.0,1
2030,161,9,1.0,1
2030,162,11,1.0,1
2030,163,11,1.0,1
2030,164,15,1.0,1
2030,165,9,1.0,1
2030,166,6,1.0,1
2030,167,9,1.0,1
2030,168,3,1.0,1
2030,169,3,1.0,1
2030,170,3,1.0,1
2030,171,3,1.0,1
2030,172,15,1.0,1
2030,173,6,1.0,1
2030,174,6,1.0,1
2030,175,6,1.0,1
2030,176,6,1.0,1
2030,177,9,1.0,1
2030,178,10,1.0,1
2030,179,3,1.0,1
2030,180,3,1.0,1
2030,181,3,1.0,1
2030,182,3,1.0,1
2030,183,11,1.0,1
2030,184,4,1.0,1
2030,185,11,1.0,1
2030,186,15,1.0,1
2030,187,6,1.0,1
2030,188,9,1.0,1
2030,189,18,1.0,1
2030,190,11,1.0,1
2030,191,11,1.0,1
2030,192,10,1.0,1
2030,193,15,1.0,1
2030,194,9,1.0,1
2030,195,6,1.0,1
2030,196,18,1.0,1
2030,197,3,1.0,1
2030,198,3,1.0,1
2030,199,17,1.0,1
2030,200,9,1.0,1
2030,201,3,1.0,1
2030,202,11,1.0,1
2030,203,6,1.0,1
2030,204,6,1.0,1
2030,205,9,1.0,1
2030,206,18,1.0,1
2030,207,18,1.0,1
2030,208,10,1.0,1
2030,209,3,1.0,1
2030,210,3,1.0,1
2030,211,11,1.0,1
2030,212,11,1.0,1
2030,213,15,1.0,1
2030,214,11,1.0,1
2030,215,11,1.0,1
2030,216,11,1.0,1
2030,217,18,1.0,1
2030,218,3,1.0,1
2030,219,3,1.0,1
2030,220,15,1.0,1
2030,221,6,1.0,1
2030,222,10,1.0,1
2030,223,3,1.0,1
2030,224,3,1.0,1
2030,225,15,1.0,1
2030,226,6,1.0,1
2030,227,6,1.0,1
2030,228,9,1.0,1
2030,229,3,1.0,1
2030,230,3,1.0,1
2030,231,3,1.0,1
2030,232,11,1.0,1
2030,233,15,1.0,1
2030,234,9,1.0,1
2030,235,18,1.0,1
2030,236,15,1.0,1
2030,237,11,1.0,1
2030,238,15,1.0,1
2030,239,15,1.0,1
2030,240,6,1.0,1
2030,241,6,1.0,1
2030,242,6,1.0,1
2030,243,6,1.0,1
2030,244,6,1.0,1
2030,245,6,1.0,1
2030,246,3,1.0,1
2030,247,3,1.0,1
2030,248,8,1.0,1
2030,249,7,1.0,1
2030,250,7,1.0,1
2030,251,18,1.0,1
2030,252,6,1.0,1
2030,253,15,1.0,1
2030,254,3,1.0,1
2030,255,11,1.0,1
2030,256,15,1.0,1
2030,257,18,1.0,1
2030,258,18,1.0,1
2030,259,18,1.0,1
2030,260,11,1.0,1
2030,261,8,1.0,1
2030,262,9,1.0,1
2030,263,4,1.0,1
2030,264,15,1.0,1
2030,265,9,1.0,1
2030,266,10,1.0,1
2030,267,11,1.0,1
2030,268,16,1.0,1
2030,269,3,1.0,1
2030,270,3,1.0,1
2030,271,11,1.0,1
2030,272,3,1.0,1
2030,273,3,1.0,1
2030,274,3,1.0,1
2030,275,17,1.0,1
2030,276,9,1.0,1
2030,277,18,1.0,1
2030,278,11,1.0,1
2030,279,9,1.0,1
2030,280,10,1.0,1
2030,281,15,1.0,1
2030,282,15,1.0,1
2030,283,9,1.0,1
2030,284,19,1.0,1
2030,285,3,1.0,1
2030,286,17,1.0,1
2030,287,10,1.0,1
2030,288,11,1.0,1
2030,289,9,1.0,1
2030,290,10,1.0,1
2030,291,11,1.0,1
2030,292,9,1.0,1
2030,293,9,1.0,1
2030,294,18,1.0,1
2030,295,10,1.0,1
2030,296,5,1.0,1
2030,297,7,1.0,1
2030,298,4,1.0,1
2030,299,9,1.0,1
2030,300,15,1.0,1
2030,301,6,1.0,1
2030,302,8,1.0,1
2030,303,11,1.0,1
2030,304,9,1.0,1
2030,305,9,1.0,1
2030,306,16,1.0,1
2030,307,10,1.0,1
2030,308,17,1.0,1
2030,309,10,1.0,1
2030,310,19,1.0,1
2030,311,19,1.0,1
2030,312,15,1.0,1
2030,313,10,1.0,1
2030,314,19,1.0,1
2030,315,13,1.0,1
2030,316,7,1.0,1
2030,317,5,1.0,1
2030,318,18,1.0,1
2030,319,4,1.0,1
2030,320,13,1.0,1
2030,321,4,1.0,1
2030,322,10,1.0,1
2030,323,15,1.0,1
2030,324,9,1.0,1
2030,325,9,1.0,1
2030,326,20,1.0,1
2030,327,1,1.0,1
2030,328,18,1.0,1
2030,329,8,1.0,1
2030,330,9,1.0,1
2030,331,18,1.0,1
2030,332,18,1.0,1
2030,333,16,1.0,1
2030,334,9,1.0,1
2030,335,9,1.0,1
2030,336,8,1.0,1
2030,337,9,1.0,1
2030,338,7,1.0,1
2030,339,20,1.0,1
2030,340,17,1.0,1
2030,341,19,1.0,1
2030,342,19,1.0,1
2030,343,5,1.0,1
2030,344,16,1.0,1
2030,345,4,1.0,1
2030,346,5,1.0,1
2030,347,7,1.0,1
2030,348,6,1.0,1
2030,349,9,1.0,1
2030,350,17,1.0,1
2030,351,18,1.0,1
2030,352,9,1.0,1
2030,353,10,1.0,1
2030,354,15,1.0,1
2030,355,6,1.0,1
2030,356,7,1.0,1
2030,357,7,1.0,1
2030,358,7,1.0,1
2030,359,7,1.0,1
2030,360,13,1.0,1
2030,361,7,1.0,1
2030,362,7,1.0,1
2030,363,7,1.0,1
2030,364,7,1.0,1
2030,365,7,1.0,1
