year,period,rep_period,weight,scenario
2050,1,79,1.0,0
2050,2,25,1.0,0
2050,3,77,1.0,0
2050,4,30,1.0,0
2050,5,2,0.06050401838192212,0
2050,5,14,0.1616921453287086,0
2050,5,21,0.025969930724855136,0
2050,5,30,0.36029156292826703,0
2050,5,74,0.017267066131936584,0
2050,5,110,0.15400152192781863,0
2050,5,128,0.028892112123498993,0
2050,5,139,0.030439415200816302,0
2050,5,170,0.11537878024830399,0
2050,5,180,0.045563447003872555,0
2050,6,128,1.0,0
2050,7,14,1.0,0
2050,8,54,1.0,0
2050,9,3,0.02770084252364117,0
2050,9,12,0.1870404086631831,0
2050,9,21,0.04110022869924519,0
2050,9,54,0.18745775404661305,0
2050,9,60,0.015060124172498692,0
2050,9,64,0.09371894870939466,0
2050,9,68,0.03649181875735135,0
2050,9,74,0.034854225048489215,0
2050,9,114,0.05982247213201307,0
2050,9,160,0.1700503290324918,0
2050,9,164,0.08292026478779398,0
2050,9,179,0.0637825834272847,0
2050,10,164,1.0,0
2050,11,12,1.0,0
2050,12,12,0.1465424291215927,0
2050,12,25,0.1331250632183588,0
2050,12,30,0.039581879188756955,0
2050,12,79,0.0321217716200916,0
2050,12,98,0.03629859890735119,0
2050,12,118,0.047766199947391036,0
2050,12,128,0.05587532145261217,0
2050,12,134,0.03384060621470973,0
2050,12,160,0.043575287766379,0
2050,12,164,0.29637396865478843,0
2050,12,171,0.11596104457333171,0
2050,12,179,0.01893782933463651,0
2050,13,14,0.02866904331725007,0
2050,13,17,0.010616313834022156,0
2050,13,25,0.1362969639229532,0
2050,13,50,0.4815529899938193,0
2050,13,54,0.07102219598596698,0
2050,13,64,0.024591611104767222,0
2050,13,96,0.046583340483064506,0
2050,13,98,0.0452770557188587,0
2050,13,134,0.01424400029526197,0
2050,13,164,0.012696812373088692,0
2050,13,171,0.01848599249732029,0
2050,13,179,0.10996368047362687,0
2050,14,50,1.0,0
2050,15,134,1.0,0
2050,16,96,1.0,0
2050,17,5,0.04361460960864254,0
2050,17,12,0.028839374994899962,0
2050,17,28,0.07580669969108762,0
2050,17,38,0.029955206436050957,0
2050,17,45,0.02228461364687583,0
2050,17,50,0.025942060282641722,0
2050,17,62,0.30049581329697256,0
2050,17,74,0.04148259535240872,0
2050,17,96,0.2766808507115802,0
2050,17,105,0.03435259284565995,0
2050,17,128,0.022251886820999354,0
2050,17,142,0.02258084068366664,0
2050,17,159,0.05584559168682238,0
2050,17,180,0.01986726394169156,0
2050,18,16,0.08630515000879453,0
2050,18,27,0.13463249497840865,0
2050,18,70,0.020106213703851763,0
2050,18,72,0.2976089030013767,0
2050,18,88,0.05577307537454722,0
2050,18,107,0.05643565302015846,0
2050,18,126,0.04584367722935644,0
2050,18,146,0.02185572624873928,0
2050,18,170,0.1067056515000889,0
2050,18,176,0.13559772396162037,0
2050,18,180,0.03913573097305767,0
2050,19,13,0.013084058668352699,0
2050,19,16,0.42433146420630374,0
2050,19,27,0.1564148820108004,0
2050,19,55,0.11248355748639748,0
2050,19,70,0.037521991370486917,0
2050,19,72,0.06202536600776238,0
2050,19,128,0.023381741044861706,0
2050,19,169,0.1375576684343735,0
2050,19,180,0.03319927077066132,0
2050,20,2,0.014061278864987417,0
2050,20,4,0.0168200043878688,0
2050,20,16,0.15892655701404387,0
2050,20,17,0.052783141565437654,0
2050,20,49,0.025686827487163024,0
2050,20,72,0.317966686005814,0
2050,20,105,0.029146834281273584,0
2050,20,119,0.19855095626371883,0
2050,20,120,0.026237247879492366,0
2050,20,136,0.05751141276887514,0
2050,20,141,0.019064010154105786,0
2050,20,145,0.03998508896896024,0
2050,20,176,0.04325995435825911,0
2050,21,72,1.0,0
2050,22,16,1.0,0
2050,23,13,1.0,0
2050,24,12,0.02575645800129067,0
2050,24,13,0.07614906789227076,0
2050,24,21,0.10302513416188144,0
2050,24,51,0.43659506149717475,0
2050,24,74,0.0951246950947384,0
2050,24,107,0.048280145673783394,0
2050,24,128,0.04576987370500825,0
2050,24,164,0.07814916798151221,0
2050,24,179,0.09115039599234005,0
2050,25,74,1.0,0
2050,26,51,1.0,0
2050,27,23,0.06785023479523397,0
2050,27,41,0.06696647647933475,0
2050,27,53,0.025124059752484544,0
2050,27,67,0.06213762113619586,0
2050,27,72,0.06692888393939697,0
2050,27,74,0.3239734517229447,0
2050,27,84,0.01268549283216438,0
2050,27,89,0.05783531930094608,0
2050,27,98,0.03509293009611971,0
2050,27,102,0.09121068187058036,0
2050,27,118,0.05123646334969315,0
2050,27,144,0.030698145088273097,0
2050,27,146,0.10826023963663237,0
2050,28,3,0.037474984492872405,0
2050,28,14,0.014247516254278449,0
2050,28,19,0.014730956468047006,0
2050,28,48,0.12068090946254054,0
2050,28,51,0.49455170472668514,0
2050,28,65,0.0482316284347867,0
2050,28,83,0.0791931617829359,0
2050,28,98,0.08295098271054921,0
2050,28,118,0.03071931842188347,0
2050,28,146,0.03305932568019548,0
2050,28,149,0.02837011234836081,0
2050,28,164,0.01578939921686496,0
2050,29,146,1.0,0
2050,30,2,1.0,0
2050,31,2,0.4018906457443833,0
2050,31,13,0.024687710325076478,0
2050,31,17,0.04719848873166289,0
2050,31,27,0.10586289661695174,0
2050,31,43,0.031704990218213734,0
2050,31,57,0.05767169537126975,0
2050,31,67,0.06530233382035436,0
2050,31,72,0.051614635994340914,0
2050,31,74,0.019222988562242894,0
2050,31,100,0.02994808956761058,0
2050,31,102,0.06285921377361568,0
2050,31,110,0.024352296780266455,0
2050,31,139,0.0776840144940113,0
2050,32,87,1.0,0
2050,33,67,1.0,0
2050,34,13,0.09760859690778204,0
2050,34,15,0.011141279813727393,0
2050,34,16,0.24186199745494696,0
2050,34,17,0.026437309941698277,0
2050,34,43,0.02032159349771185,0
2050,34,59,0.10757231510065987,0
2050,34,65,0.05697772519440603,0
2050,34,67,0.018223670382249618,0
2050,34,72,0.08730034489393339,0
2050,34,91,0.049715355444252755,0
2050,34,109,0.03693502853507688,0
2050,34,115,0.11911653965140045,0
2050,34,124,0.0942802002125874,0
2050,34,150,0.013850689360346806,0
2050,34,173,0.018657353609220186,0
2050,35,59,1.0,0
2050,36,13,0.13150642890599037,0
2050,36,16,0.08981891159844521,0
2050,36,21,0.04423695902374166,0
2050,36,28,0.022959966628054766,0
2050,36,32,0.05409038592973015,0
2050,36,42,0.10044512488227104,0
2050,36,59,0.3152810538242203,0
2050,36,74,0.037794330022724976,0
2050,36,82,0.02588132255166626,0
2050,36,83,0.02577062472423198,0
2050,36,115,0.048515998618567424,0
2050,36,164,0.027824465412717977,0
2050,36,179,0.0758744278776379,0
2050,37,179,1.0,0
2050,38,159,1.0,0
2050,39,68,1.0,0
2050,40,21,1.0,0
2050,41,4,0.10493988621577807,0
2050,41,16,0.0885249716740488,0
2050,41,21,0.33477664179114025,0
2050,41,27,0.11598640693469021,0
2050,41,106,0.029024483146380158,0
2050,41,119,0.010515446421103898,0
2050,41,128,0.12985155736275808,0
2050,41,142,0.06282097912132596,0
2050,41,179,0.12355962733277456,0
2050,42,4,0.05467280660045887,0
2050,42,16,0.08306470770398329,0
2050,42,27,0.4067083621505367,0
2050,42,59,0.015088959761509186,0
2050,42,94,0.0491587479997063,0
2050,42,115,0.020970131485476627,0
2050,42,125,0.04214989713368027,0
2050,42,128,0.24773611382122046,0
2050,42,172,0.0804502733434283,0
2050,43,27,1.0,0
2050,44,155,1.0,0
2050,45,9,0.07194778737081886,0
2050,45,16,0.10024903107078874,0
2050,45,56,0.01480022747721231,0
2050,45,65,0.06701367897302685,0
2050,45,67,0.10713398179224398,0
2050,45,70,0.050529286375419494,0
2050,45,74,0.0646176585659044,0
2050,45,115,0.16457189085419607,0
2050,45,134,0.014615829488516332,0
2050,45,155,0.2716389008211932,0
2050,45,180,0.07288172721067979,0
2050,46,173,1.0,0
2050,47,141,1.0,0
2050,48,2,0.1596561778390107,0
2050,48,17,0.13141925348173902,0
2050,48,57,0.06356124002361507,0
2050,48,101,0.0340462621196108,0
2050,48,124,0.33550732106450837,0
2050,48,141,0.25637813243405383,0
2050,48,179,0.019431613037462103,0
2050,49,124,1.0,0
2050,50,14,0.029756640989411373,0
2050,50,18,0.02325542638770409,0
2050,50,20,0.07741885166532142,0
2050,50,25,0.15432613530542916,0
2050,50,41,0.06226829960228274,0
2050,50,48,0.015934582586456275,0
2050,50,79,0.17896798324162683,0
2050,50,87,0.023798252549314246,0
2050,50,124,0.23843019557232456,0
2050,50,155,0.06683040899398936,0
2050,50,158,0.12901322310613986,0
2050,51,6,0.05260618857017613,0
2050,51,27,0.0633808602657257,0
2050,51,41,0.028966540816048714,0
2050,51,54,0.4211689520214669,0
2050,51,81,0.015228572346980395,0
2050,51,102,0.0395395695633626,0
2050,51,119,0.11834765710264977,0
2050,51,139,0.03560715621700188,0
2050,51,141,0.04219277632166732,0
2050,51,142,0.06004142375292485,0
2050,51,146,0.12292030302199586,0
2050,52,2,0.2214215908557548,0
2050,52,30,0.019401874413058653,0
2050,52,43,0.19443812508623354,0
2050,52,64,0.025743133310247693,0
2050,52,96,0.22340060608161671,0
2050,52,101,0.037285495676608396,0
2050,52,141,0.07977157763085489,0
2050,52,142,0.03174293475564541,0
2050,52,143,0.0671220024460749,0
2050,52,146,0.06410284876482523,0
2050,52,152,0.03556981097907971,0
2050,53,2,0.09639033308152577,0
2050,53,32,0.018800462571907733,0
2050,53,46,0.08121683286866906,0
2050,53,61,0.020322724111719915,0
2050,53,62,0.2808408346529796,0
2050,53,107,0.10877303031960145,0
2050,53,114,0.01329725859219833,0
2050,53,124,0.216156689552968,0
2050,53,141,0.0649126869618846,0
2050,53,143,0.0992891472865456,0
2050,54,48,1.0,0
2050,55,65,1.0,0
2050,56,9,0.05007510512271825,0
2050,56,17,0.09295032769352823,0
2050,56,36,0.035476642419873104,0
2050,56,43,0.044691526846871645,0
2050,56,59,0.1483710443768697,0
2050,56,65,0.0885352474325618,0
2050,56,74,0.1758651785928902,0
2050,56,82,0.024345805288667803,0
2050,56,96,0.016747379889113262,0
2050,56,102,0.06347999579490167,0
2050,56,107,0.10988518040736808,0
2050,56,111,0.05573663467255796,0
2050,56,135,0.04056574425659365,0
2050,56,143,0.03729275912247652,0
2050,56,178,0.015981428083008065,0
2050,57,100,1.0,0
2050,58,102,1.0,0
2050,59,15,0.045080492367445886,0
2050,59,18,0.03823384464499122,0
2050,59,41,0.011848130104238522,0
2050,59,51,0.014606489794673834,0
2050,59,56,0.013177538498460135,0
2050,59,65,0.060132115263348856,0
2050,59,100,0.48611071094594865,0
2050,59,102,0.10248005155651509,0
2050,59,121,0.06574703789141918,0
2050,59,155,0.12009569175439903,0
2050,59,174,0.042487897178559456,0
2050,60,3,0.12430684241726553,0
2050,60,18,0.1229152041738981,0
2050,60,41,0.05999247339757405,0
2050,60,48,0.14421934584231713,0
2050,60,51,0.012418244459033181,0
2050,60,54,0.13831557357213825,0
2050,60,65,0.146016248316933,0
2050,60,83,0.16872007908183617,0
2050,60,146,0.037276909251248824,0
2050,60,167,0.045819079487755834,0
2050,61,3,1.0,0
2050,62,3,0.17164679867809743,0
2050,62,14,0.18499307835228698,0
2050,62,19,0.060335541767136854,0
2050,62,25,0.0352259181851865,0
2050,62,31,0.03714748811451,0
2050,62,79,0.03425018298920466,0
2050,62,110,0.07081261812535816,0
2050,62,118,0.1948713004349253,0
2050,62,160,0.21071707335329398,0
2050,63,3,0.025334150163395082,0
2050,63,16,0.07626153745379924,0
2050,63,45,0.024875697155608865,0
2050,63,56,0.013872630228644442,0
2050,63,64,0.19589311069953613,0
2050,63,65,0.1842508337822022,0
2050,63,74,0.042334279408828265,0
2050,63,107,0.01479325847976246,0
2050,63,109,0.05145897987711351,0
2050,63,114,0.042534696844273356,0
2050,63,118,0.1616967995821433,0
2050,63,130,0.012176455114060092,0
2050,63,148,0.0877477505154319,0
2050,63,155,0.06676982069520114,0
2050,64,13,0.2977350409545727,0
2050,64,21,0.08129005619867968,0
2050,64,32,0.02818954967231037,0
2050,64,57,0.01132426982077272,0
2050,64,65,0.03533208543224651,0
2050,64,74,0.10535657275443772,0
2050,64,82,0.15870499031206717,0
2050,64,107,0.06291002096872286,0
2050,64,118,0.14378707732344062,0
2050,64,174,0.07537033656274965,0
2050,65,3,0.10446699762292778,0
2050,65,13,0.21552664506278324,0
2050,65,21,0.035528253396814,0
2050,65,41,0.05404030131013585,0
2050,65,62,0.24828454849675538,0
2050,65,68,0.03882215637215931,0
2050,65,110,0.058416616179363036,0
2050,65,124,0.1734923623960916,0
2050,65,137,0.036707547024207664,0
2050,65,179,0.03471457213876207,0
2050,66,3,0.03049532789802645,0
2050,66,21,0.014163828286150329,0
2050,66,38,0.02638452738617001,0
2050,66,41,0.09896456611876216,0
2050,66,51,0.02474838617154001,0
2050,66,62,0.17079397336829277,0
2050,66,79,0.22884801456799936,0
2050,66,104,0.06738854949737917,0
2050,66,124,0.13810126328570857,0
2050,66,125,0.015990914388860404,0
2050,66,128,0.10617056106997456,0
2050,66,137,0.0328984340477341,0
2050,66,164,0.021706700641975336,0
2050,66,179,0.023344953271426744,0
2050,67,4,0.09088356676283818,0
2050,67,19,0.05323101378307663,0
2050,67,25,0.07369637878491107,0
2050,67,41,0.21359434824205914,0
2050,67,62,0.1610865424021679,0
2050,67,68,0.023867686036718523,0
2050,67,78,0.039977193472106765,0
2050,67,79,0.05421923410141209,0
2050,67,116,0.015188518552530434,0
2050,67,124,0.1740987109421783,0
2050,67,137,0.028832815389640512,0
2050,67,141,0.07132399153036034,0
2050,68,13,0.022495944604792366,0
2050,68,27,0.1844021321501219,0
2050,68,28,0.04457799013002788,0
2050,68,36,0.08060068420866746,0
2050,68,41,0.12238652646738428,0
2050,68,46,0.09480979360288011,0
2050,68,74,0.03112493347937732,0
2050,68,85,0.09476755623256963,0
2050,68,109,0.025613159512479982,0
2050,68,110,0.03695882644803983,0
2050,68,124,0.12935395209378478,0
2050,68,131,0.037324669853330335,0
2050,68,174,0.012775565326594093,0
2050,68,176,0.08280826588995013,0
2050,69,41,1.0,0
2050,70,36,1.0,0
2050,71,2,0.024877114102422212,0
2050,71,3,0.12297896325248293,0
2050,71,28,0.21871126481186579,0
2050,71,36,0.21218274003813958,0
2050,71,46,0.06041662843699853,0
2050,71,49,0.18856751085108894,0
2050,71,143,0.09317483538257144,0
2050,71,162,0.07909094312443057,0
2050,72,49,1.0,0
2050,73,41,0.02940708950872602,0
2050,73,49,0.27290271222460144,0
2050,73,89,0.09153281784254907,0
2050,73,101,0.015594507813094783,0
2050,73,104,0.01358483608899649,0
2050,73,115,0.07734370245154025,0
2050,73,116,0.23771445696732435,0
2050,73,121,0.05911402838980288,0
2050,73,124,0.07387511262952766,0
2050,73,150,0.046535381422587764,0
2050,73,151,0.01382883441235481,0
2050,73,176,0.06856652024889444,0
2050,74,116,1.0,0
2050,75,4,0.4388325366389698,0
2050,75,21,0.05911103868521248,0
2050,75,30,0.1849659884795898,0
2050,75,38,0.051220104918516536,0
2050,75,116,0.22920410735543892,0
2050,75,142,0.03666622392227237,0
2050,76,4,1.0,0
2050,77,109,1.0,0
2050,78,115,1.0,0
2050,79,13,0.0807403358692279,0
2050,79,27,0.11353770227222361,0
2050,79,46,0.04555246846605837,0
2050,79,55,0.08172593548621179,0
2050,79,59,0.12422444871067445,0
2050,79,67,0.034729931732113556,0
2050,79,102,0.01883254985992035,0
2050,79,109,0.14227625004145772,0
2050,79,110,0.03334260957585783,0
2050,79,115,0.1493977940117356,0
2050,79,124,0.04004584969643241,0
2050,79,141,0.04608846453956464,0
2050,79,142,0.03976932796151276,0
2050,79,150,0.049736331777009,0
2050,80,15,0.015209906942933582,0
2050,80,41,0.11953466674736976,0
2050,80,51,0.017139169735116536,0
2050,80,68,0.08634383226224529,0
2050,80,83,0.05309745677458357,0
2050,80,87,0.08640685210792336,0
2050,80,104,0.06135192199334458,0
2050,80,115,0.10567663579023431,0
2050,80,116,0.0,0
2050,80,124,0.029410492355540028,0
2050,80,137,0.11842436330129674,0
2050,80,139,0.07013662946115683,0
2050,80,155,0.1754294658258936,0
2050,80,179,0.06183860670236179,0
2050,81,2,0.10756735170699519,0
2050,81,21,0.0729879715152542,0
2050,81,36,0.05149484990578747,0
2050,81,40,0.012298577917576079,0
2050,81,57,0.09666282117311643,0
2050,81,70,0.041482042478673396,0
2050,81,82,0.16065154619008548,0
2050,81,104,0.08441548984871623,0
2050,81,115,0.20550125621842394,0
2050,81,125,0.06312505605792666,0
2050,81,139,0.025134330565026137,0
2050,81,141,0.021870582327680167,0
2050,81,164,0.04035058842618992,0
2050,81,178,0.016457535668548785,0
2050,82,19,0.08386832088652058,0
2050,82,27,0.12111546158600432,0
2050,82,41,0.2712253832171289,0
2050,82,46,0.027424428844783737,0
2050,82,49,0.04793742431100482,0
2050,82,72,0.041960219247608704,0
2050,82,124,0.02000384170523059,0
2050,82,125,0.03503817096915418,0
2050,82,141,0.2809931539396332,0
2050,82,173,0.07043359529293097,0
2050,83,2,0.03357909101371941,0
2050,83,36,0.04451199325389579,0
2050,83,43,0.2939868483686832,0
2050,83,64,0.012907021170348011,0
2050,83,72,0.3060610568012869,0
2050,83,110,0.11676724193883577,0
2050,83,139,0.04119866762486795,0
2050,83,141,0.06874139312317186,0
2050,83,142,0.08224668670519111,0
2050,84,2,0.033817768871049626,0
2050,84,4,0.08697500209774038,0
2050,84,13,0.06828271040666525,0
2050,84,32,0.03870894524410114,0
2050,84,59,0.12561576587069856,0
2050,84,82,0.11912191344993624,0
2050,84,107,0.06275738830974986,0
2050,84,111,0.14245691718836065,0
2050,84,115,0.07490044539107808,0
2050,84,118,0.0229938795540907,0
2050,84,139,0.06711514567872484,0
2050,84,173,0.11944440619686572,0
2050,84,178,0.03780971174093883,0
2050,85,2,0.1595118258865451,0
2050,85,4,0.08650530145327098,0
2050,85,14,0.015809170674278568,0
2050,85,28,0.11434505442641309,0
2050,85,46,0.04950978997293422,0
2050,85,49,0.05058602727318251,0
2050,85,62,0.07246574914441192,0
2050,85,83,0.11683672146507341,0
2050,85,87,0.04877728294776241,0
2050,85,115,0.02533505119979335,0
2050,85,124,0.06259412367709188,0
2050,85,155,0.011336863882276652,0
2050,85,176,0.18638703799696596,0
2050,86,139,1.0,0
2050,87,28,1.0,0
2050,88,83,1.0,0
2050,89,2,0.014099984830375663,0
2050,89,3,0.18737738492187275,0
2050,89,12,0.020408938056501704,0
2050,89,19,0.015906483718725307,0
2050,89,50,0.04689856813584721,0
2050,89,62,0.014228580748171916,0
2050,89,64,0.2619500849937797,0
2050,89,68,0.08624470757382266,0
2050,89,83,0.10547496297131646,0
2050,89,98,0.026042315291403235,0
2050,89,118,0.1746018822957512,0
2050,89,171,0.04676610646243218,0
2050,90,64,1.0,0
2050,91,118,1.0,0
2050,92,63,1.0,0
2050,93,110,1.0,0
2050,94,4,0.03300644708964331,0
2050,94,46,0.08951745926672502,0
2050,94,55,0.05880989256895321,0
2050,94,59,0.050573765413655866,0
2050,94,72,0.032545724871525815,0
2050,94,80,0.037619723322688176,0
2050,94,82,0.07398804448967881,0
2050,94,86,0.05417700426363461,0
2050,94,87,0.03846849624941246,0
2050,94,93,0.015433815271322206,0
2050,94,94,0.030476596953600544,0
2050,94,110,0.03373189862562972,0
2050,94,125,0.2514239455370126,0
2050,94,139,0.021210625378386912,0
2050,94,155,0.13173451705956776,0
2050,94,179,0.011781287580213061,0
2050,94,180,0.03550075605834992,0
2050,95,82,1.0,0
2050,96,4,0.03663140063099728,0
2050,96,13,0.04566469507604029,0
2050,96,21,0.018830465785330642,0
2050,96,27,0.030447643225834792,0
2050,96,42,0.12762325953042997,0
2050,96,82,0.4104704709913575,0
2050,96,110,0.1318628577405288,0
2050,96,115,0.09900236164908481,0
2050,96,125,0.029560173077284754,0
2050,96,128,0.019339051252010374,0
2050,96,130,0.050567621041100776,0
2050,97,2,0.04252858405271123,0
2050,97,4,0.16126349224815228,0
2050,97,19,0.011014844059917811,0
2050,97,21,0.16110350449355199,0
2050,97,63,0.038952051463106645,0
2050,97,82,0.1711281700545399,0
2050,97,137,0.18722466918324418,0
2050,97,142,0.1346771914874795,0
2050,97,179,0.09210749295729642,0
2050,98,2,0.1365260987248519,0
2050,98,4,0.24537196335586114,0
2050,98,17,0.08561765676503462,0
2050,98,36,0.14558995039490388,0
2050,98,110,0.0401715171272822,0
2050,98,125,0.16803112836830852,0
2050,98,137,0.05306275066723302,0
2050,98,165,0.07573813722035252,0
2050,98,178,0.027662109597446912,0
2050,98,179,0.02222868777872517,0
2050,99,2,0.09441707803627909,0
2050,99,4,0.18665892579688384,0
2050,99,17,0.017753862035913674,0
2050,99,26,0.07834709018739763,0
2050,99,27,0.1957736334504089,0
2050,99,125,0.2237698311794058,0
2050,99,128,0.013554446218011548,0
2050,99,142,0.18972513309569952,0
2050,100,6,0.08224844755384525,0
2050,100,17,0.03558729562993816,0
2050,100,27,0.26911022731817474,0
2050,100,36,0.055749712812635424,0
2050,100,46,0.018363516764240313,0
2050,100,104,0.1287614185627008,0
2050,100,125,0.28371715104529394,0
2050,100,137,0.01042407397200778,0
2050,100,165,0.09091591875440007,0
2050,100,175,0.02512223758676355,0
2050,101,104,1.0,0
2050,102,14,0.052256329441107814,0
2050,102,19,0.25775472577955144,0
2050,102,20,0.04439854476269576,0
2050,102,31,0.14616243117865707,0
2050,102,49,0.14450214519994964,0
2050,102,137,0.03992388875513838,0
2050,102,142,0.08764900734636458,0
2050,102,146,0.018863790534340095,0
2050,102,158,0.14659497390739926,0
2050,102,165,0.019163821773270612,0
2050,102,167,0.04273034132152532,0
2050,103,19,0.2969311926666603,0
2050,103,30,0.09560873085729474,0
2050,103,31,0.03512908612954185,0
2050,103,36,0.0208898082117304,0
2050,103,70,0.15086618463818474,0
2050,103,91,0.04803121254097681,0
2050,103,113,0.016173025234246477,0
2050,103,137,0.07412827452446373,0
2050,103,142,0.14478867675879087,0
2050,103,165,0.024584438089272322,0
2050,103,173,0.09286937034883765,0
2050,104,19,1.0,0
2050,105,31,1.0,0
2050,106,137,1.0,0
2050,107,3,0.02116739139096938,0
2050,107,10,0.012186415279121404,0
2050,107,13,0.04371213929307369,0
2050,107,32,0.018627483468373927,0
2050,107,46,0.07065885922835868,0
2050,107,63,0.01492393371774102,0
2050,107,82,0.0354150708392147,0
2050,107,104,0.09497635050374467,0
2050,107,107,0.060160580630471874,0
2050,107,125,0.1546442298594427,0
2050,107,137,0.38675397879785706,0
2050,107,143,0.055263544645782654,0
2050,107,179,0.03151002234584829,0
2050,108,1,0.0,0
2050,108,2,0.016063843270477024,0
2050,108,6,0.09038063600914312,0
2050,108,19,0.026470620558004386,0
2050,108,28,0.013935493778817715,0
2050,108,63,0.05898964095175516,0
2050,108,64,0.09959956296403404,0
2050,108,82,0.1305829799659525,0
2050,108,104,0.07066777063127307,0
2050,108,110,0.07612026870515444,0
2050,108,118,0.02125211898194892,0
2050,108,125,0.09123168672260328,0
2050,108,137,0.14818609969642432,0
2050,108,143,0.14591834959134892,0
2050,108,179,0.010600928173063108,0
2050,109,125,1.0,0
2050,110,1,0.24152849269446552,0
2050,110,19,0.023712433302199572,0
2050,110,27,0.019444926938420273,0
2050,110,42,0.01620344364256081,0
2050,110,46,0.07644414753319703,0
2050,110,63,0.05253884114102963,0
2050,110,68,0.07404937206301763,0
2050,110,125,0.017747610453364013,0
2050,110,137,0.2911202147930718,0
2050,110,139,0.03919450589648794,0
2050,110,142,0.04809204995135705,0
2050,110,143,0.024505555226580204,0
2050,110,165,0.07541840636424833,0
2050,111,1,0.0,0
2050,111,19,0.0837854682771636,0
2050,111,21,0.08164263218613625,0
2050,111,31,0.10771013826815115,0
2050,111,46,0.06754517704835744,0
2050,111,63,0.14888726662553067,0
2050,111,64,0.013008248339457283,0
2050,111,90,0.0762031474765442,0
2050,111,109,0.03897166397579206,0
2050,111,111,0.14245437586261261,0
2050,111,118,0.022679710336248562,0
2050,111,137,0.08660709703906352,0
2050,111,142,0.13050507456494265,0
2050,112,19,0.03311635719557155,0
2050,112,31,0.1080426606991497,0
2050,112,75,0.06273021890784138,0
2050,112,90,0.013074272089176567,0
2050,112,93,0.039391677918373585,0
2050,112,94,0.013178032547876577,0
2050,112,104,0.09873768738370549,0
2050,112,111,0.09560951435087606,0
2050,112,115,0.04088522971087755,0
2050,112,125,0.36437661916955794,0
2050,112,128,0.015427333633294528,0
2050,112,142,0.0852715982076297,0
2050,112,149,0.011371852163467294,0
2050,112,168,0.018786946022602186,0
2050,113,142,1.0,0
2050,114,46,1.0,0
2050,115,19,0.044212942267876615,0
2050,115,20,0.020869248414390362,0
2050,115,31,0.07519251145233986,0
2050,115,33,0.014085100323657234,0
2050,115,46,0.07720429995533214,0
2050,115,47,0.029373814676483603,0
2050,115,56,0.043077541375968025,0
2050,115,100,0.07985916905464766,0
2050,115,104,0.1420452092792338,0
2050,115,111,0.09564365920147182,0
2050,115,115,0.15390532743923038,0
2050,115,129,0.019994346710570987,0
2050,115,144,0.1076531016773927,0
2050,115,168,0.04890552928996329,0
2050,115,174,0.047978198881441544,0
2050,116,16,0.11989076441520548,0
2050,116,43,0.11541698340819528,0
2050,116,46,0.15760608793418032,0
2050,116,59,0.012766990724336047,0
2050,116,102,0.03991926762784078,0
2050,116,108,0.11253304372171175,0
2050,116,111,0.09832715715736969,0
2050,116,115,0.029424688015731112,0
2050,116,125,0.061801312953328,0
2050,116,137,0.025905036235970316,0
2050,116,142,0.1162361297506392,0
2050,116,144,0.024972124627536025,0
2050,116,172,0.041323026040647096,0
2050,116,177,0.04387738738730902,0
2050,117,111,1.0,0
2050,118,13,0.03459085593322776,0
2050,118,22,0.05228536738003775,0
2050,118,31,0.1044250141564845,0
2050,118,42,0.021484559878763847,0
2050,118,46,0.0897861356103248,0
2050,118,56,0.06305496360480964,0
2050,118,63,0.030577702422015886,0
2050,118,92,0.07125027278116616,0
2050,118,95,0.0685726259410377,0
2050,118,104,0.03642799013976661,0
2050,118,110,0.052020998418809694,0
2050,118,111,0.18395953549197053,0
2050,118,118,0.12036567236303625,0
2050,118,147,0.0362928484757457,0
2050,118,148,0.012653647251561286,0
2050,118,168,0.022251810151241908,0
2050,119,5,0.12995726322016224,0
2050,119,19,0.31000096297223756,0
2050,119,39,0.02170884172313396,0
2050,119,41,0.034554464450715285,0
2050,119,45,0.06849161196374465,0
2050,119,46,0.033973648494439394,0
2050,119,80,0.02916064152653699,0
2050,119,97,0.09562635006568418,0
2050,119,111,0.03953398970129742,0
2050,119,118,0.1303566377230536,0
2050,119,125,0.019269130454456433,0
2050,119,128,0.020587483296580326,0
2050,119,166,0.0667789744079579,0
2050,120,80,1.0,0
2050,121,32,0.047932052886995064,0
2050,121,44,0.055499712803523116,0
2050,121,56,0.14040192410014912,0
2050,121,58,0.012290476956630813,0
2050,121,80,0.02927299491293507,0
2050,121,82,0.01452895095343956,0
2050,121,92,0.08330107396521653,0
2050,121,97,0.3112743899641864,0
2050,121,122,0.03031799836225385,0
2050,121,132,0.02140752917596055,0
2050,121,139,0.040460968123806,0
2050,121,142,0.07614676071105404,0
2050,121,143,0.01190285791362029,0
2050,121,165,0.07161640522713623,0
2050,121,177,0.032324975865628706,0
2050,121,178,0.021320928077464725,0
2050,122,97,1.0,0
2050,123,56,1.0,0
2050,124,144,1.0,0
2050,125,149,1.0,0
2050,126,58,1.0,0
2050,127,161,1.0,0
2050,128,44,0.1333130189428091,0
2050,128,80,0.03331890720865117,0
2050,128,97,0.1695185526538646,0
2050,128,108,0.0817192305345183,0
2050,128,132,0.10218111188447646,0
2050,128,140,0.031445074023361316,0
2050,128,161,0.18598210456143158,0
2050,128,165,0.20092214281505494,0
2050,128,178,0.061599857375832685,0
2050,129,10,0.0440975734524223,0
2050,129,44,0.04300807891963405,0
2050,129,56,0.22499708511821878,0
2050,129,58,0.045807486864164366,0
2050,129,132,0.14082878314917702,0
2050,129,149,0.19931904739244216,0
2050,129,161,0.24079160869551378,0
2050,129,177,0.06115033640842765,0
2050,130,132,1.0,0
2050,131,20,0.035291287248151476,0
2050,131,44,0.09281626004093772,0
2050,131,56,0.08709540922875075,0
2050,131,58,0.0462555340281699,0
2050,131,85,0.03079683181512402,0
2050,131,112,0.0571788163202655,0
2050,131,128,0.04310483817253462,0
2050,131,132,0.34785880266798,0
2050,131,161,0.2596022204780859,0
2050,132,44,1.0,0
2050,133,5,0.10479176697839356,0
2050,133,44,0.3614454868410232,0
2050,133,58,0.021948821332356018,0
2050,133,142,0.012108153345071301,0
2050,133,161,0.2815485298631784,0
2050,133,165,0.21815724163997746,0
2050,134,33,0.04878994116998931,0
2050,134,52,0.06083268145050316,0
2050,134,59,0.02087076601895572,0
2050,134,92,0.13044699160665962,0
2050,134,94,0.09224188062995853,0
2050,134,97,0.1814342182758738,0
2050,134,102,0.028718787420151118,0
2050,134,107,0.021716851203451296,0
2050,134,112,0.12660296406375968,0
2050,134,129,0.05065217861453268,0
2050,134,132,0.09705354497181339,0
2050,134,142,0.026411506474616465,0
2050,134,161,0.05854626959412794,0
2050,134,178,0.05568141850560723,0
2050,135,178,1.0,0
2050,136,29,1.0,0
2050,137,91,1.0,0
2050,138,22,0.0699939209642834,0
2050,138,29,0.17942880606242906,0
2050,138,39,0.15569413427423553,0
2050,138,44,0.03598102035719008,0
2050,138,46,0.041116169956731896,0
2050,138,47,0.029920555974556003,0
2050,138,56,0.01717867444977897,0
2050,138,58,0.040101234814673634,0
2050,138,73,0.09942236777142653,0
2050,138,91,0.062148529477103615,0
2050,138,92,0.05027218729787144,0
2050,138,97,0.13816179774529114,0
2050,138,150,0.08058060085442875,0
2050,139,39,0.14329482919317926,0
2050,139,65,0.02549444304148503,0
2050,139,76,0.20513864228312964,0
2050,139,91,0.06693778667106122,0
2050,139,92,0.25450696400571826,0
2050,139,118,0.03163185275767648,0
2050,139,144,0.23925836750646792,0
2050,139,160,0.011777099710544829,0
2050,139,178,0.021960014830737208,0
2050,140,92,1.0,0
2050,141,122,1.0,0
2050,142,20,0.02755306662612906,0
2050,142,61,0.018667272367221724,0
2050,142,62,0.06771715204561089,0
2050,142,82,0.05787278194814116,0
2050,142,122,0.35919800488544157,0
2050,142,129,0.237196610385201,0
2050,142,135,0.05633411034285235,0
2050,142,141,0.018068155918522892,0
2050,142,161,0.09607991188652668,0
2050,142,179,0.061312933594352616,0
2050,143,10,0.06077204917499471,0
2050,143,17,0.06851146226053867,0
2050,143,21,0.03858344522609295,0
2050,143,43,0.029618583382049785,0
2050,143,58,0.03660167652302824,0
2050,143,66,0.08919495575734054,0
2050,143,108,0.23452298761838186,0
2050,143,122,0.06832352010216851,0
2050,143,129,0.12197150078156792,0
2050,143,161,0.028462285484531336,0
2050,143,165,0.13408533058958544,0
2050,143,178,0.025539137876583722,0
2050,143,179,0.06381306522313614,0
2050,144,129,1.0,0
2050,145,108,1.0,0
2050,146,168,1.0,0
2050,147,91,0.04130590352152737,0
2050,147,106,0.024270333159479816,0
2050,147,110,0.031138299324926223,0
2050,147,111,0.06307591935039922,0
2050,147,113,0.09898652495181444,0
2050,147,118,0.0680047902813238,0
2050,147,122,0.1309166273589713,0
2050,147,132,0.2283043426466536,0
2050,147,137,0.012050238685316949,0
2050,147,162,0.13491188144351324,0
2050,147,165,0.032599597764548106,0
2050,147,168,0.13443554151152587,0
2050,148,20,0.10941022747073809,0
2050,148,22,0.10928285174047125,0
2050,148,29,0.05260490691649399,0
2050,148,53,0.04144228197876536,0
2050,148,80,0.04620777744990882,0
2050,148,100,0.018730249268954148,0
2050,148,104,0.03902176959240054,0
2050,148,112,0.22088203952375748,0
2050,148,126,0.0676241302805334,0
2050,148,128,0.024301775657662773,0
2050,148,148,0.022385168653162563,0
2050,148,149,0.09146533015266323,0
2050,148,153,0.011695280016484687,0
2050,148,161,0.1449462112980037,0
2050,149,15,0.024428035953755756,0
2050,149,20,0.017829621753292252,0
2050,149,39,0.300608839370655,0
2050,149,44,0.05496416136513258,0
2050,149,80,0.08183622251551734,0
2050,149,92,0.0865623911921304,0
2050,149,112,0.1581836987355463,0
2050,149,140,0.25604598627495895,0
2050,149,157,0.019541042839011355,0
2050,150,103,1.0,0
2050,151,39,1.0,0
2050,152,20,0.10285984029651739,0
2050,152,23,0.01762452064969524,0
2050,152,39,0.2838088647884272,0
2050,152,58,0.12371327028342775,0
2050,152,73,0.0894577680270585,0
2050,152,103,0.028082678045400686,0
2050,152,112,0.019277374264499447,0
2050,152,132,0.05702976052661234,0
2050,152,144,0.03608459368120799,0
2050,152,165,0.12619366994584116,0
2050,152,175,0.0739572572267668,0
2050,152,176,0.04191040226454544,0
2050,153,20,0.07799638975607183,0
2050,153,24,0.05666230802265552,0
2050,153,39,0.25223617115158564,0
2050,153,75,0.07562245829426584,0
2050,153,76,0.069847384428114,0
2050,153,121,0.08226019563940765,0
2050,153,149,0.3428791731902742,0
2050,153,161,0.01495966555837415,0
2050,153,177,0.02753625395925126,0
2050,154,5,0.1278052976098154,0
2050,154,20,0.028728333414958538,0
2050,154,23,0.10748084915625927,0
2050,154,39,0.02960661319664556,0
2050,154,44,0.10851453102612046,0
2050,154,58,0.03402325862345704,0
2050,154,66,0.022523722712988862,0
2050,154,76,0.026031256157258424,0
2050,154,103,0.18607003746329936,0
2050,154,142,0.04443141933350627,0
2050,154,158,0.034316916492950905,0
2050,154,161,0.15817412041800089,0
2050,154,165,0.09229364439473893,0
2050,155,165,1.0,0
2050,156,112,1.0,0
2050,157,20,1.0,0
2050,158,20,0.2825278069657707,0
2050,158,39,0.016717757527660748,0
2050,158,41,0.010368795392627176,0
2050,158,44,0.11092083234317453,0
2050,158,52,0.01382848365326457,0
2050,158,66,0.022228343988006355,0
2050,158,78,0.08140649334532594,0
2050,158,112,0.02370306089308519,0
2050,158,133,0.027583205349109224,0
2050,158,137,0.0455475697543771,0
2050,158,142,0.04826707246531496,0
2050,158,161,0.04794838345935089,0
2050,158,165,0.26895219486293254,0
2050,159,39,0.04805148829143525,0
2050,159,44,0.10724561685362975,0
2050,159,52,0.06344227068106992,0
2050,159,58,0.03304982797286287,0
2050,159,81,0.013912625738086059,0
2050,159,112,0.043316396561270384,0
2050,159,126,0.051148016515322345,0
2050,159,133,0.16280714690373413,0
2050,159,137,0.010296431871598294,0
2050,159,159,0.031644396506744235,0
2050,159,165,0.04817016950305137,0
2050,159,177,0.38691561260119556,0
2050,160,177,1.0,0
2050,161,5,0.07732863951205526,0
2050,161,11,0.03134896267254603,0
2050,161,20,0.03620082220084668,0
2050,161,39,0.10708430798052897,0
2050,161,44,0.02180698557152496,0
2050,161,81,0.05866859242479064,0
2050,161,93,0.06570278154291706,0
2050,161,112,0.01602819505330873,0
2050,161,149,0.022597445529060657,0
2050,161,161,0.11979722203947121,0
2050,161,165,0.03649416022723971,0
2050,161,177,0.4069418852457101,0
2050,162,133,1.0,0
2050,163,123,1.0,0
2050,164,9,0.025120635391661348,0
2050,164,22,0.1542389979004833,0
2050,164,28,0.017609885638875472,0
2050,164,43,0.05736023255060429,0
2050,164,56,0.03485367613746769,0
2050,164,93,0.03551785120571844,0
2050,164,104,0.03879845298915454,0
2050,164,106,0.0667742574922583,0
2050,164,117,0.20143873502332474,0
2050,164,123,0.34412312946525336,0
2050,164,149,0.024164146205198415,0
2050,165,136,1.0,0
2050,166,5,0.054098233986628524,0
2050,166,9,0.05281950001500072,0
2050,166,26,0.024561967449667557,0
2050,166,43,0.03474988424930437,0
2050,166,52,0.027950024288176785,0
2050,166,66,0.10887751838995578,0
2050,166,69,0.0594413837255547,0
2050,166,89,0.08423548570576059,0
2050,166,93,0.010311869783695875,0
2050,166,108,0.08158594590273925,0
2050,166,123,0.042027746059007706,0
2050,166,133,0.11066984762559032,0
2050,166,135,0.016899255857135944,0
2050,166,136,0.027060754050949456,0
2050,166,137,0.03901177173376063,0
2050,166,142,0.050662454206732266,0
2050,166,161,0.014725922912855913,0
2050,166,165,0.0785780145141711,0
2050,166,177,0.08173241954331262,0
2050,167,26,0.1609346272258246,0
2050,167,43,0.0928179331106468,0
2050,167,92,0.029591460433977267,0
2050,167,106,0.015511837743464967,0
2050,167,108,0.04111607988593831,0
2050,167,112,0.08852380810567317,0
2050,167,129,0.1193922190649293,0
2050,167,145,0.11919062576343242,0
2050,167,162,0.12699182730325986,0
2050,167,165,0.01553030417529249,0
2050,167,172,0.011647657012943997,0
2050,167,177,0.14913733826836342,0
2050,167,178,0.029614281906253495,0
2050,168,5,0.0632278687676977,0
2050,168,7,0.14110606063754766,0
2050,168,28,0.028589885684150204,0
2050,168,29,0.023635834951368232,0
2050,168,76,0.21709568112335334,0
2050,168,91,0.010644609227467596,0
2050,168,92,0.0696399468231315,0
2050,168,100,0.025282342214995226,0
2050,168,112,0.05595531318693462,0
2050,168,122,0.12909914719877189,0
2050,168,129,0.1342969094377356,0
2050,168,131,0.07297767293188547,0
2050,168,149,0.028448727814960988,0
2050,169,126,1.0,0
2050,170,22,0.045569758822201864,0
2050,170,39,0.019607192978767698,0
2050,170,47,0.015863510359472265,0
2050,170,54,0.031017830713760193,0
2050,170,60,0.05541543224078886,0
2050,170,61,0.02781249610865926,0
2050,170,66,0.04711658396087221,0
2050,170,69,0.13214445006592435,0
2050,170,80,0.05894788904569844,0
2050,170,86,0.03559532936377819,0
2050,170,106,0.060349633138445796,0
2050,170,126,0.1394440605155452,0
2050,170,132,0.029979707444497555,0
2050,170,140,0.028346525080660427,0
2050,170,154,0.2727896001609276,0
2050,171,154,1.0,0
2050,172,22,1.0,0
2050,173,22,0.28610793937385526,0
2050,173,55,0.08028117356518606,0
2050,173,61,0.042485266653701885,0
2050,173,82,0.018690853308949987,0
2050,173,123,0.022979242744096753,0
2050,173,140,0.01603669993942924,0
2050,173,157,0.1707189315996167,0
2050,173,168,0.015384637296035878,0
2050,173,177,0.29476886787435574,0
2050,173,180,0.05254638764477258,0
2050,174,117,1.0,0
2050,175,5,1.0,0
2050,176,26,1.0,0
2050,177,163,1.0,0
2050,178,6,0.16564612364863313,0
2050,178,13,0.012254912305391817,0
2050,178,16,0.01275731399487075,0
2050,178,22,0.291754685028031,0
2050,178,29,0.05601341566859786,0
2050,178,55,0.021789454244376835,0
2050,178,69,0.017979464110062963,0
2050,178,92,0.037114361366054234,0
2050,178,112,0.025960758110844542,0
2050,178,131,0.03743239822780517,0
2050,178,140,0.07600586776548575,0
2050,178,148,0.08994649735931834,0
2050,178,154,0.057318300517316324,0
2050,178,163,0.08670651704171026,0
2050,178,180,0.011319930611501095,0
2050,179,13,0.03646931605988095,0
2050,179,22,0.20897170891691708,0
2050,179,69,0.06903879221564584,0
2050,179,74,0.028162956417940945,0
2050,179,106,0.05161473590451812,0
2050,179,122,0.020226964616179486,0
2050,179,129,0.09247846507317413,0
2050,179,132,0.07709952322567175,0
2050,179,140,0.10794539636999438,0
2050,179,148,0.13563542523710062,0
2050,179,157,0.02714120943302085,0
2050,179,163,0.1452155065299558,0
2050,180,6,0.012363757248682028,0
2050,180,22,0.11314511357986065,0
2050,180,24,0.03260660399006569,0
2050,180,26,0.2843823531134563,0
2050,180,69,0.06909199774464099,0
2050,180,108,0.024851434538984783,0
2050,180,129,0.022837980842657046,0
2050,180,140,0.026851765178095958,0
2050,180,148,0.057512346763890256,0
2050,180,154,0.17871677435156733,0
2050,180,163,0.058940304233909724,0
2050,180,172,0.04816973612649434,0
2050,180,178,0.05801700348632757,0
2050,180,180,0.01251282880136745,0
2050,181,22,0.15349170387063335,0
2050,181,90,0.08203794332191673,0
2050,181,95,0.15979294167858552,0
2050,181,120,0.056235834730535006,0
2050,181,132,0.04448684369640725,0
2050,181,140,0.08440949315666028,0
2050,181,145,0.033009107723704696,0
2050,181,147,0.0402977103766199,0
2050,181,163,0.2567335580168747,0
2050,181,165,0.014493420656627898,0
2050,181,172,0.0750114427714346,0
2050,182,90,1.0,0
2050,183,69,1.0,0
2050,184,6,0.14788820774133243,0
2050,184,26,0.2369607454528624,0
2050,184,69,0.038152438504084556,0
2050,184,107,0.0779535177014077,0
2050,184,112,0.05202464265536937,0
2050,184,115,0.03653178038013506,0
2050,184,123,0.052472924814829285,0
2050,184,133,0.018126435955540587,0
2050,184,140,0.19269406916846246,0
2050,184,147,0.056478128915287584,0
2050,184,165,0.09071710871068854,0
2050,185,6,0.21909166580542683,0
2050,185,22,0.026259958329560303,0
2050,185,72,0.03191816754836693,0
2050,185,90,0.11978193733384906,0
2050,185,112,0.15013109112718306,0
2050,185,123,0.11651279226305628,0
2050,185,148,0.3007946129910295,0
2050,185,163,0.03550977460152792,0
2050,186,140,1.0,0
2050,187,5,0.039933596779774275,0
2050,187,6,0.01733850463022348,0
2050,187,20,0.08227414112325583,0
2050,187,24,0.23421264816677065,0
2050,187,66,0.04552184007370752,0
2050,187,69,0.12716598361871906,0
2050,187,76,0.03608311177854131,0
2050,187,103,0.1356632715983981,0
2050,187,113,0.022260772087219063,0
2050,187,119,0.12050883789673192,0
2050,187,152,0.06151633149604343,0
2050,187,175,0.07752096075061539,0
2050,188,73,1.0,0
2050,189,76,1.0,0
2050,190,66,1.0,0
2050,191,113,1.0,0
2050,192,6,1.0,0
2050,193,6,0.13098347317134185,0
2050,193,15,0.010331631088914134,0
2050,193,29,0.03248740285528186,0
2050,193,72,0.019653000072231853,0
2050,193,73,0.11235292731507714,0
2050,193,90,0.1022337943126867,0
2050,193,140,0.18513600907138006,0
2050,193,148,0.034977368926332346,0
2050,193,150,0.020962216358935505,0
2050,193,155,0.01144337265203245,0
2050,193,157,0.33943880417578615,0
2050,194,157,1.0,0
2050,195,40,0.030987508310332347,0
2050,195,63,0.03994741461139653,0
2050,195,106,0.3548621284884276,0
2050,195,117,0.01090375276834371,0
2050,195,157,0.4506467902421622,0
2050,195,168,0.014455088006353197,0
2050,195,172,0.04321776117655932,0
2050,195,177,0.05497955639642493,0
2050,196,106,1.0,0
2050,197,120,1.0,0
2050,198,6,0.19112327718539726,0
2050,198,24,0.11158257012009518,0
2050,198,39,0.09707335246461518,0
2050,198,75,0.1139000031034484,0
2050,198,90,0.09592171986461728,0
2050,198,120,0.013867853385889752,0
2050,198,148,0.335383066643643,0
2050,198,156,0.041148157232293994,0
2050,199,24,1.0,0
2050,200,10,0.055875196432794635,0
2050,200,22,0.04244451120648779,0
2050,200,24,0.08584790733974274,0
2050,200,33,0.0676403948748564,0
2050,200,40,0.016133052173293888,0
2050,200,52,0.306086126564861,0
2050,200,60,0.0557476592639279,0
2050,200,73,0.13966268298862153,0
2050,200,117,0.030300888766168422,0
2050,200,123,0.07251975582545168,0
2050,200,138,0.04828640502082949,0
2050,200,140,0.06262868027213088,0
2050,200,177,0.016826739270833686,0
2050,201,6,0.029916413494438524,0
2050,201,22,0.13681305630803753,0
2050,201,45,0.022653699819055538,0
2050,201,47,0.03278102759485355,0
2050,201,97,0.037972749977630345,0
2050,201,113,0.10294043836705169,0
2050,201,120,0.3499794969219815,0
2050,201,157,0.10953978509644091,0
2050,201,160,0.062348162147424176,0
2050,201,162,0.01525788027643795,0
2050,201,175,0.09979728999664836,0
2050,202,24,0.31520678691083504,0
2050,202,33,0.05483650363452033,0
2050,202,53,0.030711375622305997,0
2050,202,75,0.02536867906848,0
2050,202,76,0.07155962705081095,0
2050,202,89,0.01742326330625187,0
2050,202,90,0.17356771918372793,0
2050,202,121,0.021850169680735363,0
2050,202,147,0.12070856199374942,0
2050,202,148,0.03824000676138355,0
2050,202,149,0.04656609348658317,0
2050,202,152,0.08396121330061637,0
2050,203,5,0.041604581144286494,0
2050,203,6,0.1316477592128611,0
2050,203,26,0.03881544367772621,0
2050,203,52,0.28554224830963854,0
2050,203,72,0.03718212088494225,0
2050,203,73,0.2522558832378432,0
2050,203,89,0.06556347531685006,0
2050,203,90,0.019223830459315104,0
2050,203,106,0.03229014719209664,0
2050,203,122,0.019467317816219964,0
2050,203,152,0.07640719274822043,0
2050,204,152,1.0,0
2050,205,52,1.0,0
2050,206,47,1.0,0
2050,207,5,0.0903137158814343,0
2050,207,10,0.011473739896063302,0
2050,207,39,0.1221768689915246,0
2050,207,52,0.16594833752783594,0
2050,207,62,0.04145983347674566,0
2050,207,77,0.023690836011559597,0
2050,207,113,0.24427518988390712,0
2050,207,146,0.11201196070003441,0
2050,207,159,0.07578199519919902,0
2050,207,166,0.028690886634718183,0
2050,207,175,0.08417663579697778,0
2050,208,10,1.0,0
2050,209,10,0.370827674235969,0
2050,209,47,0.098217781226417,0
2050,209,56,0.016991975831463103,0
2050,209,117,0.023928489091074215,0
2050,209,118,0.045906787411899956,0
2050,209,131,0.07023906142877161,0
2050,209,147,0.025939336434874668,0
2050,209,157,0.053119953897225014,0
2050,209,166,0.2548104224890233,0
2050,209,168,0.02842033700716335,0
2050,209,177,0.011598180946118853,0
2050,210,166,1.0,0
2050,211,127,1.0,0
2050,212,32,0.03281405340418683,0
2050,212,43,0.084395149734063,0
2050,212,52,0.012801299866022691,0
2050,212,55,0.06211483258035604,0
2050,212,113,0.3482459591220537,0
2050,212,127,0.25380802363758553,0
2050,212,142,0.09909110030352192,0
2050,212,145,0.04433971888440626,0
2050,212,147,0.03309599072168154,0
2050,212,148,0.015451642397827139,0
2050,212,152,0.013842229348295222,0
2050,213,6,0.12355148981041729,0
2050,213,27,0.09676853232464586,0
2050,213,33,0.10295117752015646,0
2050,213,46,0.011668339059425681,0
2050,213,52,0.038073811309188375,0
2050,213,55,0.2149448398364906,0
2050,213,60,0.0238280682006193,0
2050,213,97,0.022817951203225488,0
2050,213,106,0.02773110607299976,0
2050,213,110,0.043721860977414644,0
2050,213,112,0.01907632354213491,0
2050,213,113,0.045779972521417085,0
2050,213,127,0.06302341853780812,0
2050,213,143,0.027168957661104415,0
2050,213,148,0.13889415142295203,0
2050,214,6,0.16264282931697424,0
2050,214,22,0.03456400593684976,0
2050,214,26,0.02760903606651752,0
2050,214,27,0.10499589297902201,0
2050,214,33,0.07955347911473637,0
2050,214,52,0.11502825321137897,0
2050,214,55,0.04095307549113552,0
2050,214,95,0.07839213833058459,0
2050,214,120,0.09781340106206368,0
2050,214,123,0.01816547038024424,0
2050,214,143,0.012904070297202025,0
2050,214,148,0.10672357235595298,0
2050,214,154,0.03425011499245983,0
2050,214,172,0.06771986045088697,0
2050,214,175,0.018684800013991306,0
2050,215,148,1.0,0
2050,216,147,1.0,0
2050,217,20,0.013139764199244328,0
2050,217,33,0.1886323387888477,0
2050,217,34,0.0800975167357427,0
2050,217,36,0.046725003378659584,0
2050,217,42,0.03413213290311869,0
2050,217,52,0.1407924590825585,0
2050,217,73,0.07796517982291828,0
2050,217,145,0.07165645751975623,0
2050,217,147,0.04395632941380874,0
2050,217,148,0.13897634457518498,0
2050,217,170,0.024842294685274036,0
2050,217,172,0.13908417889488625,0
2050,218,33,1.0,0
2050,219,55,1.0,0
2050,220,6,0.0849606969379938,0
2050,220,27,0.05236463975753467,0
2050,220,43,0.08839286956739613,0
2050,220,55,0.4574887862503927,0
2050,220,110,0.01678884780643523,0
2050,220,112,0.12376683629047804,0
2050,220,131,0.0311595629510926,0
2050,220,143,0.029632201626821512,0
2050,220,145,0.05786834824208795,0
2050,220,148,0.057577210569767424,0
2050,221,6,0.02451195066996338,0
2050,221,13,0.050818045691422654,0
2050,221,33,0.15216115087250712,0
2050,221,43,0.0137728439888565,0
2050,221,55,0.0814477564794206,0
2050,221,102,0.07605051131348801,0
2050,221,110,0.02693954606712692,0
2050,221,131,0.010370587584612217,0
2050,221,145,0.056284492710571336,0
2050,221,147,0.09564230476128241,0
2050,221,148,0.08466696567980972,0
2050,221,154,0.19237812794275083,0
2050,221,172,0.13495571623818844,0
2050,222,13,0.029383800089908006,0
2050,222,22,0.016623403747009654,0
2050,222,33,0.08241674450382039,0
2050,222,55,0.05459285832610842,0
2050,222,131,0.013052109042617327,0
2050,222,140,0.01826856917748345,0
2050,222,147,0.11520030843828587,0
2050,222,148,0.09265004727318263,0
2050,222,154,0.15919794038428972,0
2050,222,157,0.08305989708759247,0
2050,222,172,0.2918138383726048,0
2050,222,180,0.04374048355709732,0
2050,223,172,1.0,0
2050,224,15,0.02678714585576196,0
2050,224,33,0.059386941284397775,0
2050,224,42,0.05243311859176976,0
2050,224,55,0.043722282815168635,0
2050,224,89,0.025614059715418705,0
2050,224,90,0.1503240073347985,0
2050,224,95,0.04949812868891471,0
2050,224,115,0.016069231912931286,0
2050,224,133,0.061522342789365775,0
2050,224,147,0.021641802123479516,0
2050,224,157,0.015363425535371898,0
2050,224,172,0.4776375133526215,0
2050,225,8,0.011341507830969363,0
2050,225,10,0.10252677656910118,0
2050,225,11,0.19132111654836495,0
2050,225,37,0.11268783836710969,0
2050,225,52,0.12150725091788858,0
2050,225,55,0.04137705299012885,0
2050,225,90,0.2754763322266775,0
2050,225,115,0.04077339410433988,0
2050,225,134,0.02351180309298749,0
2050,225,148,0.060287886920219094,0
2050,225,151,0.019189040432213447,0
2050,226,8,0.24091072331344535,0
2050,226,47,0.02769702015912879,0
2050,226,60,0.09024416018397806,0
2050,226,61,0.040371007929770386,0
2050,226,69,0.1180645293140295,0
2050,226,84,0.017155160683029917,0
2050,226,89,0.1569492530625768,0
2050,226,127,0.035760721218321086,0
2050,226,145,0.01240450260826504,0
2050,226,148,0.0698344881981138,0
2050,226,154,0.1173373377396126,0
2050,226,169,0.05412648231955083,0
2050,226,173,0.019144613270177822,0
2050,227,8,1.0,0
2050,228,8,0.40977061667935494,0
2050,228,11,0.06800984447925726,0
2050,228,34,0.0736279720585286,0
2050,228,52,0.0402929258441263,0
2050,228,55,0.02760414247181924,0
2050,228,66,0.03906181043228607,0
2050,228,89,0.08421453684882678,0
2050,228,136,0.15603922330023393,0
2050,228,142,0.02588393839947573,0
2050,228,180,0.07549498948609115,0
2050,229,11,0.01825754984538257,0
2050,229,47,0.06314950119369298,0
2050,229,60,0.052494754050995344,0
2050,229,66,0.0830724492855056,0
2050,229,89,0.48470921047818105,0
2050,229,136,0.11521948542261568,0
2050,229,138,0.03900305304226994,0
2050,229,142,0.01191103979509626,0
2050,229,151,0.035874676302023,0
2050,229,170,0.03060326647313848,0
2050,229,180,0.06570501411109907,0
2050,230,89,1.0,0
2050,231,145,1.0,0
2050,232,13,0.050378911465162546,0
2050,232,43,0.06188346116022091,0
2050,232,112,0.01973561480346903,0
2050,232,114,0.011425880199746353,0
2050,232,131,0.23049913927897175,0
2050,232,145,0.42179651282057784,0
2050,232,148,0.06232330717973813,0
2050,232,154,0.013947229348487704,0
2050,232,163,0.12800994374362576,0
2050,233,13,0.060620424665008756,0
2050,233,33,0.176705880016734,0
2050,233,100,0.02157139866164938,0
2050,233,112,0.059682337277984526,0
2050,233,131,0.17534930276914307,0
2050,233,145,0.2588895150890962,0
2050,233,148,0.11381437072752766,0
2050,233,163,0.07526931104933034,0
2050,233,174,0.05809745974352612,0
2050,234,33,0.24067887587270542,0
2050,234,55,0.07287782731123553,0
2050,234,61,0.016994295975748416,0
2050,234,69,0.02886321354889752,0
2050,234,87,0.01724011401328464,0
2050,234,89,0.03311918587685128,0
2050,234,90,0.14888266704424366,0
2050,234,120,0.04626549083027758,0
2050,234,130,0.07266102333244039,0
2050,234,131,0.13009294111939138,0
2050,234,140,0.06228038810632418,0
2050,234,151,0.09314031000434832,0
2050,234,155,0.03690366696425165,0
2050,235,18,0.02183268847342854,0
2050,235,29,0.01957334546595075,0
2050,235,47,0.11979672290659253,0
2050,235,48,0.032952915228576865,0
2050,235,60,0.14240145823314107,0
2050,235,61,0.02595689184850325,0
2050,235,67,0.02928506770079035,0
2050,235,69,0.05295082679562315,0
2050,235,75,0.08610629165674007,0
2050,235,89,0.06591666463229823,0
2050,235,90,0.09301906287539816,0
2050,235,104,0.07024788492195957,0
2050,235,134,0.014610859936155086,0
2050,235,148,0.12693039340538417,0
2050,235,151,0.09841892591945808,0
2050,236,61,1.0,0
2050,237,34,0.024231351344712798,0
2050,237,61,0.042050959193043635,0
2050,237,63,0.01307213505851706,0
2050,237,66,0.01387179814768368,0
2050,237,75,0.494726790240572,0
2050,237,76,0.017002340795137644,0
2050,237,89,0.019856912852242312,0
2050,237,98,0.05658323539568051,0
2050,237,103,0.05123670171800593,0
2050,237,105,0.021586314563456867,0
2050,237,117,0.06167300993109447,0
2050,237,160,0.1228722508115719,0
2050,237,166,0.027688359399610795,0
2050,237,171,0.03354784054867056,0
2050,238,75,1.0,0
2050,239,9,0.05743555347318178,0
2050,239,18,0.07737085310904504,0
2050,239,24,0.13775230078398226,0
2050,239,47,0.15012532982496482,0
2050,239,75,0.2294058143836121,0
2050,239,83,0.011223557267940658,0
2050,239,102,0.046334966695834104,0
2050,239,119,0.05655573372519225,0
2050,239,144,0.04370634974732126,0
2050,239,151,0.057591847004768014,0
2050,239,167,0.014855550347452416,0
2050,239,175,0.11764214363670517,0
2050,240,175,1.0,0
2050,241,6,0.03796813636802741,0
2050,241,17,0.01499780116025384,0
2050,241,24,0.03552072292602042,0
2050,241,26,0.03677052888803657,0
2050,241,27,0.09558899110087762,0
2050,241,40,0.015115647151903827,0
2050,241,72,0.03751429590074171,0
2050,241,73,0.13682069555936496,0
2050,241,119,0.055471761944880994,0
2050,241,123,0.01348137720318923,0
2050,241,136,0.03904442335808833,0
2050,241,142,0.05459799948467299,0
2050,241,172,0.11213309214859965,0
2050,241,175,0.31497452680534255,0
2050,242,27,0.05722994921509994,0
2050,242,33,0.12512784017427406,0
2050,242,40,0.19457183576881093,0
2050,242,52,0.012005093322261533,0
2050,242,55,0.05002231636545136,0
2050,242,60,0.028857054124909878,0
2050,242,90,0.05994180669764333,0
2050,242,94,0.07148949336121145,0
2050,242,123,0.11664238438102993,0
2050,242,133,0.01734684606706276,0
2050,242,140,0.09589932851355015,0
2050,242,172,0.1247031445921149,0
2050,242,180,0.04616290741657975,0
2050,243,8,0.05543787530341576,0
2050,243,9,0.018706963210230663,0
2050,243,40,0.1373097197526601,0
2050,243,47,0.07422374268279038,0
2050,243,55,0.0503173311226853,0
2050,243,90,0.1063527119113866,0
2050,243,95,0.02838648904484497,0
2050,243,120,0.14542985104795011,0
2050,243,130,0.028438733871684045,0
2050,243,131,0.10219459778014937,0
2050,243,140,0.08136615272421971,0
2050,243,149,0.0282336081195541,0
2050,243,155,0.01449245052650007,0
2050,243,168,0.034818657497068625,0
2050,243,172,0.0,0
2050,243,180,0.09429111540486014,0
2050,244,7,0.036402668152482096,0
2050,244,9,0.09863947084232845,0
2050,244,43,0.030754861586937087,0
2050,244,52,0.09481166778772417,0
2050,244,60,0.04033293063186912,0
2050,244,63,0.027189878234413677,0
2050,244,72,0.05200768236320844,0
2050,244,73,0.028166257730276825,0
2050,244,75,0.09246305838395744,0
2050,244,76,0.17121871555602944,0
2050,244,89,0.04324304768721,0
2050,244,135,0.024152444664461183,0
2050,244,145,0.02723985366860149,0
2050,244,151,0.060126623340322996,0
2050,244,162,0.03246718285486299,0
2050,244,166,0.010270478007206827,0
2050,244,172,0.05393261665705689,0
2050,244,175,0.07658056185105094,0
2050,245,34,0.07128130321456382,0
2050,245,41,0.12148306930522174,0
2050,245,66,0.03826008088770127,0
2050,245,71,0.039665836236237775,0
2050,245,73,0.01220581835390449,0
2050,245,76,0.05393803279619414,0
2050,245,89,0.31824267154667185,0
2050,245,91,0.04482437604937761,0
2050,245,124,0.019242642573253393,0
2050,245,135,0.13821111582576817,0
2050,245,168,0.03692037611259479,0
2050,245,175,0.10572467709851105,0
2050,246,15,0.14024510823483313,0
2050,246,29,0.05974839285391882,0
2050,246,43,0.03963321522348669,0
2050,246,52,0.01079431502874044,0
2050,246,85,0.03212589394200827,0
2050,246,89,0.061868602408156975,0
2050,246,100,0.025842635867937967,0
2050,246,129,0.034037789178008294,0
2050,246,135,0.017169545914284955,0
2050,246,140,0.03609967670558306,0
2050,246,145,0.1290588332350586,0
2050,246,148,0.1584724159546238,0
2050,246,154,0.07127866984140242,0
2050,246,169,0.04552422929234401,0
2050,246,174,0.05663702561877102,0
2050,246,175,0.029040420958284928,0
2050,246,180,0.05242322974255664,0
2050,247,15,0.22087461398568597,0
2050,247,22,0.09418387086547944,0
2050,247,37,0.054866717470129125,0
2050,247,45,0.046278374677994526,0
2050,247,76,0.05264200472797048,0
2050,247,89,0.04879176215587844,0
2050,247,91,0.03901593874440477,0
2050,247,100,0.03390090789386486,0
2050,247,131,0.04617594522769984,0
2050,247,140,0.029611854857358098,0
2050,247,148,0.13192790882413655,0
2050,247,157,0.06821708755888872,0
2050,247,166,0.025776387996896216,0
2050,247,174,0.06457933143362535,0
2050,247,180,0.04315729357998744,0
2050,248,18,0.06614494796950925,0
2050,248,38,0.05892009811877896,0
2050,248,60,0.1106514490005502,0
2050,248,76,0.18559036562223136,0
2050,248,79,0.018663349853329823,0
2050,248,84,0.029964208569841826,0
2050,248,86,0.0131812605549495,0
2050,248,90,0.04260505392964841,0
2050,248,91,0.016361030672703714,0
2050,248,99,0.03581045110791345,0
2050,248,105,0.060780033203864645,0
2050,248,127,0.05198688813128843,0
2050,248,136,0.010279395776425122,0
2050,248,138,0.01576611556084844,0
2050,248,151,0.09603804840917886,0
2050,248,166,0.10737248148793649,0
2050,248,174,0.019775966954118374,0
2050,248,180,0.060108855076883266,0
2050,249,60,1.0,0
2050,250,11,1.0,0
2050,251,34,1.0,0
2050,252,95,1.0,0
2050,253,131,1.0,0
2050,254,18,0.07328922450939532,0
2050,254,24,0.09267159216652568,0
2050,254,69,0.02993896974884948,0
2050,254,89,0.06728687890851894,0
2050,254,105,0.02478710034920273,0
2050,254,119,0.04307831744261031,0
2050,254,131,0.2949625870768797,0
2050,254,145,0.13177668033684323,0
2050,254,151,0.17080648006125076,0
2050,254,153,0.05839085587926108,0
2050,254,180,0.013011313520662909,0
2050,255,151,1.0,0
2050,256,4,0.025068899572589513,0
2050,256,8,0.028433485604578094,0
2050,256,11,0.024201242248520643,0
2050,256,17,0.09717515121818072,0
2050,256,52,0.027283283242046874,0
2050,256,55,0.05959171301799509,0
2050,256,61,0.3212641114115108,0
2050,256,71,0.027669461977388968,0
2050,256,77,0.053867278673896644,0
2050,256,81,0.02487164197361606,0
2050,256,87,0.01641463398613987,0
2050,256,106,0.0331285207625401,0
2050,256,134,0.0568171205422868,0
2050,256,141,0.05895070246837494,0
2050,256,151,0.03619115542623773,0
2050,256,157,0.024151727263449888,0
2050,256,165,0.019189335912287265,0
2050,256,169,0.06573053469836014,0
2050,257,2,0.03005320950102078,0
2050,257,9,0.20818734446315318,0
2050,257,12,0.12290774185488892,0
2050,257,61,0.3156748721925823,0
2050,257,62,0.05357909678077598,0
2050,257,81,0.08978724836068656,0
2050,257,96,0.011742716142931984,0
2050,257,113,0.06117778657733758,0
2050,257,114,0.03978895785618157,0
2050,257,146,0.013975030805363069,0
2050,257,159,0.01261017724364397,0
2050,257,165,0.04051581822143416,0
2050,258,9,0.2992212842506,0
2050,258,48,0.01652394798624366,0
2050,258,58,0.038925597768685774,0
2050,258,64,0.020524305624608337,0
2050,258,65,0.09401861700753107,0
2050,258,66,0.0434333933388948,0
2050,258,72,0.13400679576677652,0
2050,258,75,0.1510275665392455,0
2050,258,76,0.05524529032458452,0
2050,258,96,0.04428747479920041,0
2050,258,101,0.07781582334723894,0
2050,258,107,0.024969903246390413,0
2050,259,9,0.3187012132206952,0
2050,259,32,0.044316123150533134,0
2050,259,37,0.03711257412114422,0
2050,259,42,0.024615766609178254,0
2050,259,43,0.01606428781747737,0
2050,259,59,0.09912154409571447,0
2050,259,61,0.06390090956275231,0
2050,259,65,0.05360609103441875,0
2050,259,76,0.025207427897230267,0
2050,259,93,0.13059978623765472,0
2050,259,118,0.07303362965631532,0
2050,259,130,0.013183586893829806,0
2050,259,149,0.01946924653034291,0
2050,259,157,0.08106781317271315,0
2050,260,9,1.0,0
2050,261,5,0.09219028965023938,0
2050,261,8,0.1123926170344297,0
2050,261,9,0.07155159422284153,0
2050,261,34,0.08011029408823883,0
2050,261,41,0.060649082294805666,0
2050,261,49,0.15023253402726616,0
2050,261,52,0.013734357212860522,0
2050,261,77,0.02055601858543637,0
2050,261,81,0.13455285446272142,0
2050,261,96,0.03786746364886129,0
2050,261,113,0.01666610335012258,0
2050,261,119,0.03677574855860602,0
2050,261,136,0.010598379647950759,0
2050,261,142,0.012378758858813626,0
2050,261,152,0.01131366514613954,0
2050,261,158,0.05776926252015157,0
2050,261,176,0.08066097669051514,0
2050,262,9,0.04510148932641775,0
2050,262,26,0.017918934794704307,0
2050,262,27,0.09359413404890593,0
2050,262,34,0.09702733662409226,0
2050,262,40,0.09902888600236123,0
2050,262,41,0.10769336387758181,0
2050,262,49,0.034282450455227646,0
2050,262,52,0.2076326919520464,0
2050,262,57,0.014742758173892005,0
2050,262,66,0.06114051737081035,0
2050,262,72,0.024253765509930858,0
2050,262,93,0.04618549372078993,0
2050,262,96,0.09460117320480214,0
2050,262,135,0.03471012555582291,0
2050,262,165,0.022086879382614562,0
2050,263,9,0.028794409961372763,0
2050,263,32,0.0657770267124244,0
2050,263,36,0.013960920228445575,0
2050,263,40,0.11773884447967486,0
2050,263,45,0.09808530148453036,0
2050,263,74,0.14011578790583137,0
2050,263,110,0.0649652957043793,0
2050,263,113,0.046098593434401536,0
2050,263,135,0.11959482082829559,0
2050,263,154,0.17772676506587448,0
2050,263,162,0.12714223419476978,0
2050,264,45,1.0,0
2050,265,8,0.025260106313511665,0
2050,265,35,0.014264088276432847,0
2050,265,37,0.01841571189725469,0
2050,265,40,0.04252674181824268,0
2050,265,42,0.11559136653604872,0
2050,265,47,0.017204757932735706,0
2050,265,55,0.08590550650673716,0
2050,265,59,0.010763085470654563,0
2050,265,70,0.011915364701607364,0
2050,265,76,0.02525330238408324,0
2050,265,83,0.0656990860772081,0
2050,265,84,0.1991183522419787,0
2050,265,94,0.05872064331954364,0
2050,265,118,0.03074284462052377,0
2050,265,145,0.027998048793886336,0
2050,265,147,0.05017391993733874,0
2050,265,152,0.043805886953364716,0
2050,265,157,0.02228920260723872,0
2050,265,168,0.02884197080561934,0
2050,265,169,0.08577584029659126,0
2050,265,172,0.019734172509398105,0
2050,266,7,0.06836711742987836,0
2050,266,10,0.09544037140603934,0
2050,266,34,0.012338387660722122,0
2050,266,43,0.1808168096693354,0
2050,266,45,0.027406589150881445,0
2050,266,64,0.06926517636261914,0
2050,266,72,0.14208356063094227,0
2050,266,93,0.04346420238642086,0
2050,266,95,0.12972922986298616,0
2050,266,101,0.05164340386041289,0
2050,266,143,0.14019801075238988,0
2050,266,145,0.03924714082737208,0
2050,267,7,0.10514386423932438,0
2050,267,9,0.15391953709590225,0
2050,267,28,0.03999488609326086,0
2050,267,29,0.075270222064118,0
2050,267,32,0.0748564485670374,0
2050,267,38,0.0106453638839638,0
2050,267,51,0.02786163826251703,0
2050,267,75,0.020184558128150957,0
2050,267,100,0.07408421668320318,0
2050,267,104,0.03188065357923829,0
2050,267,135,0.1690881111316182,0
2050,267,143,0.09401157816020808,0
2050,267,148,0.03936416515772045,0
2050,267,174,0.08369475695373704,0
2050,268,135,1.0,0
2050,269,162,1.0,0
2050,270,36,0.019812523817091525,0
2050,270,42,0.1087306604429254,0
2050,270,47,0.02495429275037753,0
2050,270,51,0.02802010339842562,0
2050,270,143,0.34484393056558743,0
2050,270,146,0.043448803843187375,0
2050,270,162,0.4118787380444398,0
2050,270,178,0.01831094713796533,0
2050,271,143,1.0,0
2050,272,42,1.0,0
2050,273,42,0.48960340241526457,0
2050,273,75,0.03513412916669456,0
2050,273,81,0.3323189117599289,0
2050,273,90,0.024366119569003378,0
2050,273,149,0.025018036926177635,0
2050,273,179,0.09355940016293088,0
2050,274,81,1.0,0
2050,275,4,0.05094423289734503,0
2050,275,5,0.024442780803089377,0
2050,275,17,0.1487144748761276,0
2050,275,40,0.02763048882937397,0
2050,275,41,0.02709415195153313,0
2050,275,52,0.010085106425580009,0
2050,275,81,0.47698620397657654,0
2050,275,142,0.07755435106127183,0
2050,275,165,0.08438856006507924,0
2050,275,170,0.05537754943847131,0
2050,275,173,0.016782099675551915,0
2050,276,40,1.0,0
2050,277,43,1.0,0
2050,278,37,1.0,0
2050,279,84,1.0,0
2050,280,31,0.057211760370344054,0
2050,280,42,0.030070182641064376,0
2050,280,53,0.010845235066061762,0
2050,280,60,0.01814566014418924,0
2050,280,81,0.015305727086025272,0
2050,280,84,0.23930008425029517,0
2050,280,86,0.1537311409679828,0
2050,280,89,0.1051576509238019,0
2050,280,105,0.076540934733395,0
2050,280,153,0.15152873657659494,0
2050,280,160,0.06851210428450699,0
2050,280,166,0.07365078295573854,0
2050,281,27,0.05711573734623968,0
2050,281,84,0.017931065462059918,0
2050,281,85,0.06699125071041194,0
2050,281,86,0.0569057081119363,0
2050,281,89,0.035199664808222446,0
2050,281,97,0.039566116045383265,0
2050,281,105,0.021374597891407027,0
2050,281,110,0.053574721436769265,0
2050,281,135,0.09257072313023797,0
2050,281,161,0.057321677509310894,0
2050,281,162,0.1524043775353783,0
2050,281,169,0.23645795800216035,0
2050,281,172,0.08917987312698455,0
2050,281,180,0.023406528883497972,0
2050,282,7,0.04252160702397817,0
2050,282,16,0.031697930240474514,0
2050,282,27,0.02651834305264573,0
2050,282,32,0.08355519111523688,0
2050,282,95,0.0189161298011169,0
2050,282,97,0.09475391519583262,0
2050,282,108,0.019286483724669113,0
2050,282,119,0.04378983853740116,0
2050,282,154,0.045137715247225416,0
2050,282,162,0.2127756154538826,0
2050,282,169,0.10804687367373629,0
2050,282,172,0.1554210410254455,0
2050,282,180,0.11757931590835512,0
2050,283,32,1.0,0
2050,284,130,1.0,0
2050,285,4,0.011326117614558097,0
2050,285,16,0.027656266508566545,0
2050,285,33,0.06519972754261073,0
2050,285,55,0.054495967184591654,0
2050,285,80,0.012864914976484476,0
2050,285,105,0.08216115581302637,0
2050,285,110,0.0342544597229026,0
2050,285,112,0.03506264209514369,0
2050,285,130,0.2103038994008917,0
2050,285,145,0.05138415189041345,0
2050,285,153,0.04953573469594399,0
2050,285,161,0.0325117527766656,0
2050,285,169,0.3169490531913161,0
2050,285,170,0.01629415658688507,0
2050,286,86,1.0,0
2050,287,7,0.14726041226939707,0
2050,287,32,0.04922665594068862,0
2050,287,59,0.011617017467219643,0
2050,287,86,0.2351416004583871,0
2050,287,105,0.34553534853253015,0
2050,287,111,0.01823971610906232,0
2050,287,117,0.057505360452228385,0
2050,287,130,0.03186874484293867,0
2050,287,132,0.01965275402434895,0
2050,287,149,0.04391745595521897,0
2050,287,162,0.04003493394798021,0
2050,288,105,1.0,0
2050,289,14,0.01205100392689578,0
2050,289,46,0.028288800790594027,0
2050,289,53,0.022889056893996004,0
2050,289,73,0.046845942449182554,0
2050,289,77,0.08316548965390369,0
2050,289,86,0.04551742486919267,0
2050,289,89,0.016805206140593193,0
2050,289,105,0.35081175725661295,0
2050,289,137,0.03162903334862568,0
2050,289,169,0.29302423322076887,0
2050,289,170,0.04636661951572263,0
2050,289,180,0.02260543193391198,0
2050,290,169,1.0,0
2050,291,8,0.01855340202030272,0
2050,291,32,0.04206856402751901,0
2050,291,40,0.036924699972887526,0
2050,291,43,0.04613653558886249,0
2050,291,84,0.02268507463680651,0
2050,291,93,0.06693128486748864,0
2050,291,97,0.028631898376998165,0
2050,291,106,0.0273586671708551,0
2050,291,108,0.016097934943549667,0
2050,291,136,0.07400705570454942,0
2050,291,145,0.021646813141232887,0
2050,291,169,0.3251772795801088,0
2050,291,172,0.035738228377398575,0
2050,291,180,0.23804256159144038,0
2050,292,32,0.1479974593951923,0
2050,292,40,0.11962556763941673,0
2050,292,43,0.19356941781928663,0
2050,292,59,0.07929500886980269,0
2050,292,86,0.07331125586543404,0
2050,292,92,0.010306857954161355,0
2050,292,97,0.04090853798566456,0
2050,292,154,0.010534015755950577,0
2050,292,169,0.04858641303470455,0
2050,292,172,0.010818255999714069,0
2050,292,177,0.027374538894405907,0
2050,292,180,0.2376726707862666,0
2050,293,7,0.1361704758123951,0
2050,293,16,0.08450143650687013,0
2050,293,43,0.30530867337200224,0
2050,293,59,0.017186791232264183,0
2050,293,71,0.034004677563972435,0
2050,293,92,0.11665950119101233,0
2050,293,143,0.06620357140529741,0
2050,293,160,0.022285395044486005,0
2050,293,162,0.08422881489415521,0
2050,293,169,0.133450662977545,0
2050,294,7,1.0,0
2050,295,38,1.0,0
2050,296,170,1.0,0
2050,297,85,1.0,0
2050,298,119,1.0,0
2050,299,6,0.04065526345311411,0
2050,299,17,0.016528072400405422,0
2050,299,25,0.03867426715598719,0
2050,299,27,0.032803444931614634,0
2050,299,58,0.03578811875040094,0
2050,299,71,0.35191418302183725,0
2050,299,72,0.0941764878341941,0
2050,299,73,0.11314489076313061,0
2050,299,85,0.1016698649434878,0
2050,299,95,0.04170109926201038,0
2050,299,101,0.020165433091520066,0
2050,299,150,0.04637540474543003,0
2050,299,176,0.06640346964686744,0
2050,300,71,1.0,0
2050,301,43,0.03216736712320021,0
2050,301,61,0.037790711690978765,0
2050,301,65,0.03747585198622069,0
2050,301,71,0.1414315522622508,0
2050,301,84,0.10962317229318937,0
2050,301,89,0.047194669123329,0
2050,301,100,0.027481770171937005,0
2050,301,105,0.06736935087520725,0
2050,301,106,0.03294376525002962,0
2050,301,118,0.022545852954109716,0
2050,301,119,0.1228904405383279,0
2050,301,132,0.07621167997672658,0
2050,301,145,0.036566011817351314,0
2050,301,160,0.06595579628646184,0
2050,301,169,0.04332824363879841,0
2050,301,173,0.021468928749947488,0
2050,301,174,0.0775548352619339,0
2050,302,2,0.015882837576769254,0
2050,302,15,0.08753260471336116,0
2050,302,17,0.050346376648919444,0
2050,302,40,0.019902342684349934,0
2050,302,43,0.04886341115658794,0
2050,302,45,0.11270524908048442,0
2050,302,59,0.043466075053201235,0
2050,302,72,0.041265478920677987,0
2050,302,74,0.04303027794118574,0
2050,302,95,0.038103554983378835,0
2050,302,101,0.01829185094454065,0
2050,302,105,0.0289963398900484,0
2050,302,150,0.0719477736339056,0
2050,302,163,0.07695850697083513,0
2050,302,170,0.10229445903096347,0
2050,302,174,0.17677519845392495,0
2050,302,180,0.02363766231686579,0
2050,303,174,1.0,0
2050,304,78,1.0,0
2050,305,17,1.0,0
2050,306,8,0.011505412472924288,0
2050,306,17,0.39785465215450827,0
2050,306,27,0.016412529528944418,0
2050,306,87,0.03356549078430744,0
2050,306,94,0.29385735645646177,0
2050,306,119,0.11411015222649466,0
2050,306,125,0.03866449537693093,0
2050,306,165,0.020703194492607147,0
2050,306,176,0.07332671650682109,0
2050,307,94,1.0,0
2050,308,93,1.0,0
2050,309,15,1.0,0
2050,310,15,0.5514977721014783,0
2050,310,18,0.1326433776389866,0
2050,310,56,0.018449906382763396,0
2050,310,99,0.1652853826032667,0
2050,310,121,0.02948675786806244,0
2050,310,131,0.03800754327657454,0
2050,310,174,0.064629260128868,0
2050,311,99,1.0,0
2050,312,14,0.14073031639420489,0
2050,312,61,0.1050441965873118,0
2050,312,73,0.04176167712257016,0
2050,312,99,0.2667488136691065,0
2050,312,150,0.08074660506944667,0
2050,312,160,0.07980929586247631,0
2050,312,170,0.14076659159405883,0
2050,312,176,0.14439250370082493,0
2050,313,12,0.027432737357867703,0
2050,313,14,0.03236042163633304,0
2050,313,18,0.36106380754988615,0
2050,313,20,0.04012383028371665,0
2050,313,25,0.14547387755607918,0
2050,313,99,0.11804369715148416,0
2050,313,160,0.16115035394829627,0
2050,313,164,0.10168127606166791,0
2050,313,171,0.012669998454668971,0
2050,314,12,0.03883264415442538,0
2050,314,25,0.14349576481576187,0
2050,314,30,0.039808239279506,0
2050,314,31,0.08258160468185807,0
2050,314,53,0.1334265547228631,0
2050,314,79,0.042299465125847216,0
2050,314,89,0.045502826772668814,0
2050,314,98,0.02937648527831996,0
2050,314,99,0.031303324922986465,0
2050,314,132,0.021716911433754874,0
2050,314,160,0.3916561788120083,0
2050,315,14,0.2480393484798964,0
2050,315,18,0.07150143802116292,0
2050,315,19,0.0663361462612853,0
2050,315,53,0.1850981266940172,0
2050,315,58,0.010191158858134658,0
2050,315,60,0.046562928845262884,0
2050,315,89,0.06899364016157372,0
2050,315,99,0.03145339812843326,0
2050,315,114,0.02173538027116124,0
2050,315,160,0.21489282933947254,0
2050,315,170,0.035195604939599834,0
2050,316,14,0.026027235563227096,0
2050,316,18,0.3046494472996455,0
2050,316,31,0.04120634394750235,0
2050,316,53,0.02262008264403822,0
2050,316,70,0.018568122219298364,0
2050,316,89,0.03317764898016158,0
2050,316,91,0.07379057179479087,0
2050,316,99,0.05067328895966486,0
2050,316,119,0.11495046304613672,0
2050,316,153,0.03117867060493479,0
2050,316,160,0.15125966279143652,0
2050,316,170,0.07962432271045887,0
2050,316,180,0.05227413943870424,0
2050,317,18,1.0,0
2050,318,18,0.07281054001832876,0
2050,318,25,0.0341091890823077,0
2050,318,30,0.05251270548904871,0
2050,318,53,0.017794492203485186,0
2050,318,60,0.025743019582509175,0
2050,318,66,0.04013901126618472,0
2050,318,68,0.03412381086189134,0
2050,318,77,0.08596096195733414,0
2050,318,88,0.05329162900954934,0
2050,318,99,0.04657011525916676,0
2050,318,158,0.07521167048147534,0
2050,318,160,0.42165631523963126,0
2050,318,171,0.04007653954908769,0
2050,319,10,0.07516143490159509,0
2050,319,15,0.11170865920105817,0
2050,319,25,0.023738308139766472,0
2050,319,74,0.05959858245207984,0
2050,319,114,0.26580332898147796,0
2050,319,139,0.021991385014511516,0
2050,319,160,0.35686275831941183,0
2050,319,177,0.048300131857008856,0
2050,319,180,0.036835411133090266,0
2050,320,15,0.05085503186371113,0
2050,320,18,0.2652536705662194,0
2050,320,53,0.03165807491588329,0
2050,320,69,0.04595232891229228,0
2050,320,100,0.013542728052292166,0
2050,320,128,0.1721220465475103,0
2050,320,131,0.021768256118060252,0
2050,320,149,0.023867824614478325,0
2050,320,160,0.19619492146112485,0
2050,320,164,0.17878511694842802,0
2050,321,10,0.11338379212690562,0
2050,321,25,0.08901303375525478,0
2050,321,50,0.15991153197833888,0
2050,321,54,0.08238232184605454,0
2050,321,58,0.032794888444657534,0
2050,321,71,0.03980637026813364,0
2050,321,93,0.11079167827313886,0
2050,321,99,0.04920001582259173,0
2050,321,160,0.2197624545178733,0
2050,321,171,0.06555291272823864,0
2050,321,177,0.037401000238812536,0
2050,322,160,1.0,0
2050,323,54,0.02047118970665129,0
2050,323,60,0.0817024191527127,0
2050,323,83,0.031148527906979157,0
2050,323,114,0.08175714392341336,0
2050,323,134,0.04738761519758114,0
2050,323,138,0.12667279540056378,0
2050,323,160,0.5671691325567463,0
2050,323,171,0.011477008045816434,0
2050,323,180,0.03221416810953591,0
2050,324,114,1.0,0
2050,325,107,1.0,0
2050,326,15,0.02667939905822703,0
2050,326,21,0.11499503020254515,0
2050,326,48,0.03667632391690285,0
2050,326,53,0.016256407329335747,0
2050,326,60,0.050122543773889944,0
2050,326,62,0.013395327159442957,0
2050,326,67,0.027978456193517433,0
2050,326,70,0.047928435570076214,0
2050,326,107,0.301032981441288,0
2050,326,124,0.14983147172070133,0
2050,326,130,0.06661216185335819,0
2050,326,156,0.036020122264189415,0
2050,326,169,0.0395607151218098,0
2050,326,180,0.07291062439471604,0
2050,327,13,0.13814897763320436,0
2050,327,15,0.1783731137633673,0
2050,327,17,0.01775413320173608,0
2050,327,43,0.028452854692792795,0
2050,327,57,0.044925801588393544,0
2050,327,70,0.030613373766653598,0
2050,327,74,0.1122411791416216,0
2050,327,120,0.04271044129049539,0
2050,327,150,0.03308541880870415,0
2050,327,154,0.033233611723288245,0
2050,327,156,0.030894044705782296,0
2050,327,173,0.04079396558312321,0
2050,327,174,0.13087172854182644,0
2050,327,180,0.13790135555901106,0
2050,328,35,1.0,0
2050,329,101,1.0,0
2050,330,57,1.0,0
2050,331,62,1.0,0
2050,332,18,0.02733128034581895,0
2050,332,25,0.14000014808814346,0
2050,332,48,0.14963867610534579,0
2050,332,53,0.015689898277224747,0
2050,332,54,0.09877290394279219,0
2050,332,57,0.021853710467075887,0
2050,332,62,0.18985916330137081,0
2050,332,83,0.014597178239599313,0
2050,332,101,0.08327361076210746,0
2050,332,138,0.07395120607473378,0
2050,332,156,0.049799956067898124,0
2050,332,167,0.013751254707757845,0
2050,332,171,0.12148101362013164,0
2050,333,12,0.1076219899158383,0
2050,333,18,0.0204520206549127,0
2050,333,20,0.02658265182027451,0
2050,333,25,0.03738521928688976,0
2050,333,54,0.016022137140494313,0
2050,333,83,0.16156246630512408,0
2050,333,134,0.010376746905664985,0
2050,333,158,0.07766040415133382,0
2050,333,164,0.21183406561620358,0
2050,333,167,0.011510396191964452,0
2050,333,171,0.3189919020112995,0
2050,334,171,1.0,0
2050,335,2,0.024577714894311948,0
2050,335,30,0.04052485815660142,0
2050,335,97,0.028561148833307952,0
2050,335,98,0.12274060895870821,0
2050,335,110,0.03604934636746611,0
2050,335,143,0.05632327393701882,0
2050,335,160,0.04475277170510346,0
2050,335,164,0.010732773453127958,0
2050,335,170,0.12342078232373868,0
2050,335,171,0.4851484865178414,0
2050,335,176,0.02716823485277394,0
2050,336,53,1.0,0
2050,337,23,0.01944772932918546,0
2050,337,27,0.04279641341408855,0
2050,337,46,0.023958129555030655,0
2050,337,53,0.09929902729255602,0
2050,337,62,0.020227425401989817,0
2050,337,67,0.029059762707340786,0
2050,337,93,0.07333140430560843,0
2050,337,150,0.06880077800267961,0
2050,337,156,0.12333249222809751,0
2050,337,158,0.33490723313094095,0
2050,337,176,0.1276228223207667,0
2050,337,180,0.03721678231171554,0
2050,338,167,1.0,0
2050,339,158,1.0,0
2050,340,9,0.015592573553847855,0
2050,340,68,0.01672545593954,0
2050,340,88,0.13225845024517494,0
2050,340,98,0.10844516341290415,0
2050,340,138,0.04821447744152811,0
2050,340,146,0.0426041141446225,0
2050,340,158,0.41603536300479166,0
2050,340,167,0.11867643737173901,0
2050,340,171,0.07981968529898391,0
2050,340,176,0.021628279586867864,0
2050,341,176,1.0,0
2050,342,121,1.0,0
2050,343,23,1.0,0
2050,344,23,0.129120183144088,0
2050,344,41,0.0246096292665681,0
2050,344,62,0.2757638975763454,0
2050,344,79,0.0316192372163517,0
2050,344,88,0.12059489667047285,0
2050,344,96,0.03501344234787716,0
2050,344,121,0.028446490159571784,0
2050,344,138,0.2145551138504498,0
2050,344,158,0.09304072895100882,0
2050,344,167,0.047236380817266374,0
2050,345,138,1.0,0
2050,346,46,0.021741128918755237,0
2050,346,49,0.04024997018528715,0
2050,346,70,0.2970145728644278,0
2050,346,89,0.016846507789173338,0
2050,346,138,0.33377427895238193,0
2050,346,167,0.11481387319595604,0
2050,346,171,0.10897812000596563,0
2050,346,176,0.03566208760352186,0
2050,346,180,0.030919460484530946,0
2050,347,70,1.0,0
2050,348,27,0.07865216382671171,0
2050,348,43,0.05133214313869173,0
2050,348,70,0.3146358545768716,0
2050,348,72,0.17399415025082937,0
2050,348,108,0.012560674674015363,0
2050,348,150,0.24730010785388581,0
2050,348,156,0.042225269530114795,0
2050,348,169,0.01666099461583736,0
2050,348,176,0.019300665155805505,0
2050,348,180,0.04333797637723675,0
2050,349,15,0.12209234176222361,0
2050,349,16,0.07442642703479836,0
2050,349,37,0.14413345139693026,0
2050,349,43,0.08246624572872996,0
2050,349,70,0.07963610232879428,0
2050,349,72,0.06763606588957544,0
2050,349,93,0.016113350986829655,0
2050,349,121,0.07576208297579799,0
2050,349,156,0.12892099459521086,0
2050,349,176,0.20881293730110959,0
2050,350,72,0.2201593250543546,0
2050,350,75,0.028056430545567664,0
2050,350,88,0.12308015309037192,0
2050,350,107,0.044281092493325395,0
2050,350,121,0.3224931039808777,0
2050,350,156,0.2484888972290783,0
2050,350,174,0.013440997606424377,0
2050,351,156,1.0,0
2050,352,20,0.043784633958094565,0
2050,352,23,0.04627196577974097,0
2050,352,70,0.039061162251853986,0
2050,352,88,0.20983986827704423,0
2050,352,124,0.017582850743180174,0
2050,352,156,0.3558743784701224,0
2050,352,167,0.2875851405199637,0
2050,353,23,0.09556907454527047,0
2050,353,88,0.5015058645461886,0
2050,353,150,0.11258429899176113,0
2050,353,156,0.18460663126720186,0
2050,353,176,0.10573413064957789,0
2050,354,88,1.0,0
2050,355,50,0.09640975903110975,0
2050,355,88,0.5660758709817673,0
2050,355,98,0.26638245314979525,0
2050,355,171,0.07113191683732767,0
2050,356,98,1.0,0
2050,357,5,0.03793419804326291,0
2050,357,23,0.11706140071697343,0
2050,357,50,0.10829802111279241,0
2050,357,88,0.022561605920847022,0
2050,357,98,0.5121208506579277,0
2050,357,167,0.2020239235481966,0
2050,358,18,0.06032304459363457,0
2050,358,23,0.048949211485310715,0
2050,358,35,0.040181588148488996,0
2050,358,39,0.02427370022926432,0
2050,358,50,0.10972884258271723,0
2050,358,54,0.08973426848283488,0
2050,358,65,0.06558932944946438,0
2050,358,75,0.025663401319503246,0
2050,358,88,0.23454860293816257,0
2050,358,121,0.015408699288877276,0
2050,358,124,0.032459970861563804,0
2050,358,134,0.053004981396577236,0
2050,358,153,0.014372679199751718,0
2050,358,158,0.18576168002384913,0
2050,359,23,0.08577175764470334,0
2050,359,41,0.026855473783010377,0
2050,359,49,0.0815968207199414,0
2050,359,77,0.02514081486142616,0
2050,359,88,0.02145595503019239,0
2050,359,89,0.047464201144466506,0
2050,359,98,0.20702869328732185,0
2050,359,99,0.07216028076010636,0
2050,359,101,0.052061423934426095,0
2050,359,146,0.12410599536365682,0
2050,359,158,0.23380893295974342,0
2050,359,176,0.022549650511005326,0
2050,360,10,0.06497457435596038,0
2050,360,25,0.05515922650723907,0
2050,360,49,0.02349932909477639,0
2050,360,53,0.15316387183540447,0
2050,360,67,0.10322590633582068,0
2050,360,72,0.01874368855667753,0
2050,360,88,0.028889214534240926,0
2050,360,93,0.044032198864345236,0
2050,360,98,0.13878227029985912,0
2050,360,101,0.11370047469328627,0
2050,360,115,0.020873555700881195,0
2050,360,134,0.01712029900193543,0
2050,360,139,0.01611587626675675,0
2050,360,150,0.039565500133646854,0
2050,360,176,0.13160921840115888,0
2050,360,179,0.030544795418010855,0
2050,361,18,0.07894223572564928,0
2050,361,47,0.0560853961529441,0
2050,361,48,0.023060781986354976,0
2050,361,65,0.057355787453386986,0
2050,361,70,0.22158823987693976,0
2050,361,121,0.133320345116122,0
2050,361,134,0.07269482191811577,0
2050,361,146,0.08128007476822625,0
2050,361,150,0.09338114305579798,0
2050,361,153,0.05874417415148146,0
2050,361,156,0.038644782790790755,0
2050,361,169,0.0676756854711981,0
2050,361,173,0.017226531532992518,0
2050,362,150,1.0,0
2050,363,153,1.0,0
2050,364,21,0.021827506345816098,0
2050,364,35,0.1115767200613206,0
2050,364,48,0.11290521697916195,0
2050,364,62,0.1723937385000515,0
2050,364,68,0.08565134290824178,0
2050,364,78,0.05140369238735934,0
2050,364,98,0.031085305583734534,0
2050,364,107,0.057503483777231974,0
2050,364,118,0.03988791720206136,0
2050,364,124,0.026762095913693797,0
2050,364,128,0.056696388648080166,0
2050,364,130,0.020393284191541124,0
2050,364,153,0.15813298101452838,0
2050,364,156,0.05378032648717745,0
2050,365,14,0.18527520354448715,0
2050,365,20,0.019942395235774055,0
2050,365,21,0.031577198527737764,0
2050,365,25,0.04551248704234869,0
2050,365,48,0.07607679446008521,0
2050,365,62,0.027094455827149942,0
2050,365,81,0.04651934369764494,0
2050,365,98,0.051543657024115695,0
2050,365,124,0.020223926422371606,0
2050,365,128,0.034219888751779635,0
2050,365,138,0.03348485375016189,0
2050,365,153,0.22332097948273913,0
2050,365,164,0.036846378402601174,0
2050,365,167,0.15166491128611032,0
2050,365,179,0.01669752654489274,0
