year,period,rep_period,weight,scenario
2030,1,2,1.0,0
2030,2,2,0.5788420576407208,0
2030,2,3,0.06282372827612522,0
2030,2,4,0.026586981411280654,0
2030,2,5,0.017164662760547802,0
2030,2,7,0.014948638849727915,0
2030,2,8,0.01772805689943492,0
2030,3,2,0.4012349850360287,0
2030,3,6,0.5987650149639712,0
2030,4,2,0.19523909478978302,0
2030,4,4,0.6991004858845935,0
2030,5,2,0.5719600774572137,0
2030,5,3,0.12661049806789815,0
2030,5,4,0.05704216828984463,0
2030,5,5,0.05518548900363658,0
2030,5,7,0.05703798992392869,0
2030,5,8,0.06256246237382168,0
2030,6,2,0.7323915018433362,0
2030,6,3,0.081843449399024,0
2030,6,4,0.03322666814012846,0
2030,6,5,0.03986233172748002,0
2030,6,7,0.044705623531298866,0
2030,6,8,0.048124040402816294,0
2030,7,2,0.38308884922583236,0
2030,7,4,0.5011879566369603,0
2030,8,2,0.6707026993362617,0
2030,8,3,0.09931915946169913,0
2030,8,4,0.036453621494270026,0
2030,8,5,0.04986876559924992,0
2030,8,7,0.058294212232520445,0
2030,8,8,0.06244497403309531,0
2030,8,10,0.01072305583122016,0
2030,9,2,0.5626656484097492,0
2030,9,3,0.11793436066210725,0
2030,9,4,0.05332141719245483,0
2030,9,5,0.043254411311239804,0
2030,9,7,0.0412431226336307,0
2030,9,8,0.04683918619653024,0
2030,10,2,0.642364009959285,0
2030,10,3,0.10796444212939003,0
2030,10,4,0.03998173712031769,0
2030,10,5,0.05405324851988474,0
2030,10,7,0.06296965744700841,0
2030,10,8,0.06748257070736464,0
2030,10,10,0.010820702459099956,0
2030,11,2,0.5862678985981687,0
2030,11,3,0.10572035597587545,0
2030,11,4,0.047302982986626815,0
2030,11,5,0.03457805542463226,0
2030,11,7,0.03113887057061845,0
2030,11,8,0.036400337847391544,0
2030,12,2,0.45196397003162775,0
2030,12,3,0.14441372500885888,0
2030,12,4,0.06500736250774375,0
2030,12,5,0.05054603459626485,0
2030,12,7,0.04713959754284933,0
2030,12,8,0.054133391492522935,0
2030,13,2,0.5757619072195799,0
2030,13,3,0.10261814884046165,0
2030,13,4,0.04518702618900762,0
2030,13,5,0.02986355772815389,0
2030,13,7,0.026103810261605243,0
2030,13,8,0.03090338271351282,0
2030,14,2,0.6543703249787273,0
2030,14,3,0.09699941243148873,0
2030,14,4,0.044178014715081815,0
2030,14,5,0.03829875443429578,0
2030,14,7,0.03770598063685036,0
2030,14,8,0.042149745021440956,0
2030,15,2,0.7793591431893873,0
2030,15,3,0.04437175147921952,0
2030,15,4,0.018741286300624268,0
2030,15,5,0.012004629786897062,0
2030,15,7,0.010420582757137153,0
2030,15,8,0.012379383487571853,0
2030,16,2,0.779293685615143,0
2030,16,3,0.0567458210511266,0
2030,16,4,0.02542130988398201,0
2030,16,5,0.018824204786349625,0
2030,16,7,0.017081252580268245,0
2030,16,8,0.01988993863132247,0
2030,17,2,0.5892608573852302,0
2030,17,3,0.10865972932191108,0
2030,17,4,0.0489497357550818,0
2030,17,5,0.03834409419036029,0
2030,17,7,0.035902769085487236,0
2030,17,8,0.041146810013586096,0
2030,18,1,0.019410671262770067,0
2030,18,2,0.7982216875412517,0
2030,18,3,0.04984885982142336,0
2030,18,5,0.02559925645572284,0
2030,18,7,0.03636648484871814,0
2030,18,8,0.03870474211338169,0
2030,18,10,0.020104128211539566,0
2030,19,2,0.7229854793427534,0
2030,19,3,0.07622445392201056,0
2030,19,4,0.03459238276201492,0
2030,19,5,0.029049274266253904,0
2030,19,7,0.028175331056565125,0
2030,19,8,0.031728450741114,0
2030,20,2,0.5452479401367779,0
2030,20,3,0.1126519055562916,0
2030,20,4,0.05005279167737542,0
2030,20,5,0.034178399775117836,0
2030,20,7,0.0298991169235848,0
2030,20,8,0.03538484703681826,0
2030,21,2,0.4588171272596074,0
2030,21,4,0.4908184317909886,0
2030,22,2,0.6038888689802241,0
2030,22,3,0.06364275333221624,0
2030,22,4,0.02693695082342736,0
2030,22,5,0.017392547460113643,0
2030,22,7,0.01515537650903932,0
2030,22,8,0.017970648407048154,0
2030,23,2,0.5786778068741648,0
2030,23,3,0.12670414307830405,0
2030,23,4,0.05566619680877898,0
2030,23,5,0.0575835263953654,0
2030,23,7,0.06118091038127122,0
2030,23,8,0.06660949706524823,0
2030,24,2,0.3690169784213587,0
2030,24,4,0.521962321112402,0
2030,25,2,0.6107951456166739,0
2030,25,3,0.11254717748413019,0
2030,25,4,0.05137793451081854,0
2030,25,5,0.04682111236337151,0
2030,25,7,0.04714184766942576,0
2030,25,8,0.05216237342944408,0
2030,26,2,0.32394832348961883,0
2030,26,4,0.593398620228761,0
2030,27,1,0.049461960608503636,0
2030,27,2,0.8523721712353558,0
2030,27,6,0.01871102085831464,0
2030,27,7,0.011639529531681916,0
2030,27,8,0.01286922861693909,0
2030,27,9,0.03156931270425694,0
2030,27,10,0.021191177585139036,0
2030,28,2,0.7839636345600687,0
2030,28,3,0.06534444279898358,0
2030,28,4,0.028571908323253275,0
2030,28,5,0.030043225451615287,0
2030,28,7,0.03211958512899714,0
2030,28,8,0.034902978964966566,0
2030,29,2,0.6004852261966497,0
2030,29,3,0.11925931207307049,0
2030,29,4,0.04091314786832674,0
2030,29,5,0.060831282883736404,0
2030,29,7,0.07276271337617048,0
2030,29,8,0.0777572252812765,0
2030,29,10,0.018659574336445106,0
2030,30,2,0.6297900239562796,0
2030,30,3,0.09271933340451709,0
2030,30,4,0.04131535523640122,0
2030,30,5,0.028903837043970183,0
2030,30,7,0.025369988741306103,0
2030,30,8,0.030031853420082067,0
2030,31,2,0.672379118545024,0
2030,31,3,0.09968072488857341,0
2030,31,4,0.042536047569385005,0
2030,31,5,0.04689436316529733,0
2030,31,7,0.05104783763830409,0
2030,31,8,0.055257735426820276,0
2030,32,2,0.5173022647855287,0
2030,32,3,0.11990014720633202,0
2030,32,4,0.05331490167186756,0
2030,32,5,0.03662442911377625,0
2030,32,7,0.032045074778561874,0
2030,32,8,0.03791514969380098,0
2030,33,2,0.9192260939517666,0
2030,33,3,0.02064991230907503,0
2030,34,2,0.30912794830212237,0
2030,34,4,0.6379213847277677,0
2030,35,2,0.4897788940892891,0
2030,35,3,0.14564388724543756,0
2030,35,4,0.06652228764869123,0
2030,35,5,0.05920279973273699,0
2030,35,7,0.05898009611333246,0
2030,35,8,0.06555354018108638,0
2030,36,2,0.8238079566585407,0
2030,36,3,0.049042106315608555,0
2030,36,4,0.012025116996082011,0
2030,36,5,0.02556845299560697,0
2030,36,7,0.03305434336452001,0
2030,36,8,0.0351837660857093,0
2030,36,10,0.014185168781264185,0
2030,37,2,0.6523085137191104,0
2030,37,3,0.09969521796573105,0
2030,37,4,0.02793149009316389,0
2030,37,5,0.05195628014834655,0
2030,37,7,0.06547085121220468,0
2030,37,8,0.06972349337137451,0
2030,37,10,0.0252756547128164,0
2030,38,2,0.4947926096819146,0
2030,38,3,0.12497928951014348,0
2030,38,4,0.05550536118376993,0
2030,38,5,0.03779716322827783,0
2030,38,7,0.03308093434837598,0
2030,38,8,0.03914032537330105,0
2030,39,1,0.012976581289225762,0
2030,39,2,0.9197474189560622,0
2030,39,3,0.015908067646525494,0
2030,39,7,0.01308138486658071,0
2030,39,8,0.013953349957533927,0
2030,40,2,0.8043642054676943,0
2030,40,3,0.05985303277786651,0
2030,40,4,0.024009958806701304,0
2030,40,5,0.029348559563195094,0
2030,40,7,0.03311900126387283,0
2030,40,8,0.03561436633623096,0
2030,41,1,0.04310003831415746,0
2030,41,2,0.6511183870837568,0
2030,41,3,0.08003779952695557,0
2030,41,5,0.04050404908256366,0
2030,41,7,0.06105121370051231,0
2030,41,8,0.06499984011184443,0
2030,41,9,0.018571818027346625,0
2030,41,10,0.0377265289938147,0
2030,42,2,0.8608099599885356,0
2030,42,3,0.030711201297665146,0
2030,42,4,0.012993355134458987,0
2030,43,2,0.8205059513747773,0
2030,43,3,0.0408270982572629,0
2030,43,4,0.017457000695644456,0
2030,43,5,0.011160234391707888,0
2030,43,8,0.011501844352900118,0
2030,44,2,0.40299714893110894,0
2030,44,4,0.5961700170254753,0
2030,45,2,0.38697852564802343,0
2030,45,6,0.5934545225371052,0
2030,46,2,0.5207244607533393,0
2030,46,3,0.14352702895087488,0
2030,46,4,0.06353168742094428,0
2030,46,5,0.0645111324712608,0
2030,46,7,0.06803443764326932,0
2030,46,8,0.07421329743514583,0
2030,47,2,0.5830869431220066,0
2030,47,3,0.12551920944909406,0
2030,47,4,0.04576781070141036,0
2030,47,5,0.06305903057597467,0
2030,47,7,0.07386957469161277,0
2030,47,8,0.07912003800093244,0
2030,47,10,0.013962425625638647,0
2030,48,2,0.504206426706263,0
2030,48,3,0.12299100477249862,0
2030,48,4,0.05466805968699367,0
2030,48,5,0.03744627274356243,0
2030,48,7,0.03276609064070955,0
2030,48,8,0.03877172846708925,0
2030,49,2,0.5956637276111404,0
2030,49,3,0.12360888624760102,0
2030,49,4,0.05069350535975748,0
2030,49,5,0.05984779401330062,0
2030,49,7,0.06675484982308039,0
2030,49,8,0.07192626827257598,0
2030,50,2,0.7158787489595793,0
2030,50,3,0.0763782971250973,0
2030,50,4,0.034512433656172084,0
2030,50,5,0.02784108807231038,0
2030,50,7,0.026471474079862688,0
2030,50,8,0.030105711180102242,0
2030,51,2,0.4602087224177983,0
2030,51,4,0.5339347591772285,0
2030,52,2,0.7383862202651422,0
2030,52,3,0.056224437756404615,0
2030,52,4,0.023780371236440702,0
2030,52,5,0.01532114034145056,0
2030,52,7,0.013332065920395424,0
2030,52,8,0.015818591358102752,0
2030,53,2,0.9251111877228545,0
2030,53,3,0.010247323709473238,0
2030,54,2,0.33381242664066785,0
2030,54,4,0.6263434341381453,0
2030,55,2,0.8768348029758741,0
2030,55,3,0.03624489522265117,0
2030,55,4,0.01120622456865824,0
2030,55,5,0.018899369065864608,0
2030,55,7,0.02330636167144141,0
2030,55,8,0.024828550222151,0
2030,56,2,0.7496137796965796,0
2030,56,3,0.07073177909832284,0
2030,56,4,0.03225217607878643,0
2030,56,5,0.02824588771057388,0
2030,56,7,0.02793781983933801,0
2030,56,8,0.03115961193432,0
2030,57,2,0.5807267821372042,0
2030,57,3,0.1252722416335761,0
2030,57,4,0.055713265374692275,0
2030,57,5,0.05594223290137411,0
2030,57,7,0.058727332795006054,0
2030,57,8,0.06413480077400856,0
2030,58,2,0.8696891976228287,0
2030,58,3,0.03745943025664447,0
2030,58,4,0.01712758874340389,0
2030,58,5,0.015406188760990668,0
2030,58,7,0.015420302393597317,0
2030,58,8,0.01710058595158578,0
2030,59,2,0.5203077291592714,0
2030,59,3,0.10910514335721226,0
2030,59,4,0.04663272135403881,0
2030,59,5,0.030359353547176414,0
2030,59,7,0.026539897873690745,0
2030,59,8,0.03141820135871458,0
2030,60,1,0.03265257943345085,0
2030,60,2,0.7379690574339028,0
2030,60,3,0.05999956584184097,0
2030,60,5,0.030364320467635986,0
2030,60,7,0.0458476306425371,0
2030,60,8,0.04881128115936198,0
2030,60,9,0.014177147757987736,0
2030,60,10,0.028449010621123563,0
2030,61,2,0.30161851175322546,0
2030,61,6,0.5962938600334707,0
2030,62,1,0.04729076709145044,0
2030,62,2,0.6675467768960208,0
2030,62,3,0.07101533184813706,0
2030,62,5,0.03515595405732623,0
2030,62,7,0.05610138021336641,0
2030,62,8,0.05978832933350286,0
2030,62,9,0.022510063098364633,0
2030,62,10,0.03740214375975229,0
2030,63,2,0.28394337470657305,0
2030,63,6,0.5985608162392059,0
2030,64,2,0.6427346543770366,0
2030,64,3,0.09061711198397417,0
2030,64,4,0.04048489744121304,0
2030,64,5,0.029127609668230362,0
2030,64,7,0.02598066955332905,0
2030,64,8,0.030520287302291685,0
2030,65,2,0.5349808303315531,0
2030,65,3,0.13244522069586717,0
2030,65,4,0.06047857749084974,0
2030,65,5,0.053631962808335924,0
2030,65,7,0.05334484188506999,0
2030,65,8,0.059334388561616616,0
2030,66,2,0.6353426378983608,0
2030,66,3,0.09024398769910298,0
2030,66,4,0.04008742442496613,0
2030,66,5,0.02731056384881826,0
2030,66,7,0.023866139001849713,0
2030,66,8,0.028259596572746203,0
2030,67,2,0.708567705000934,0
2030,67,3,0.08175920778587219,0
2030,67,4,0.03723447994919833,0
2030,67,5,0.03226073936099129,0
2030,67,7,0.03175304896836668,0
2030,67,8,0.0354998301960411,0
2030,68,1,0.015802738385800055,0
2030,68,2,0.867769990208159,0
2030,68,3,0.030779217195662137,0
2030,68,5,0.015641442616621953,0
2030,68,7,0.023312596197697225,0
2030,68,8,0.024815587997162904,0
2030,68,10,0.014172144672323446,0
2030,69,2,0.7988336927206553,0
2030,69,3,0.05566615318533048,0
2030,69,4,0.025288529615255045,0
2030,69,5,0.02143413194771251,0
2030,69,7,0.0208815398209161,0
2030,69,8,0.02346353469867994,0
2030,70,1,0.035758663054137114,0
2030,70,2,0.829075224184198,0
2030,70,3,0.025756478504535094,0
2030,70,5,0.010875679046157145,0
2030,70,7,0.024251234833743092,0
2030,70,8,0.025994961233625297,0
2030,70,9,0.020336509907350662,0
2030,70,10,0.021478818372349988,0
2030,71,2,0.5360447456914509,0
2030,71,3,0.1385081234926385,0
2030,71,4,0.06164244664910895,0
2030,71,5,0.061746375683164975,0
2030,71,7,0.06475733999076104,0
2030,71,8,0.07074113777789813,0
2030,72,2,0.45733755189505626,0
2030,72,3,0.14544445438049453,0
2030,72,4,0.06568372370214785,0
2030,72,5,0.052703251132533144,0
2030,72,7,0.04997290299511554,0
2030,72,8,0.05691175206050345,0
2030,73,2,0.319451362288896,0
2030,73,4,0.5872917992250184,0
2030,74,2,0.3275311511486841,0
2030,74,4,0.6336128919431999,0
2030,75,2,0.2806447467381578,0
2030,75,6,0.5966631553749424,0
2030,76,2,0.7775166506250508,0
2030,76,3,0.06817499630135936,0
2030,76,4,0.027958909425944683,0
2030,76,5,0.03311746989540623,0
2030,76,7,0.036976029019025636,0
2030,76,8,0.03982218899388736,0
2030,77,2,0.5632860420495722,0
2030,77,3,0.11291935889192693,0
2030,77,4,0.05064280742082785,0
2030,77,5,0.037937004676625724,0
2030,77,7,0.03465521153702401,0
2030,77,8,0.04021633074681752,0
2030,78,1,0.047681576535032584,0
2030,78,2,0.6674022093166924,0
2030,78,3,0.0707052213018049,0
2030,78,5,0.03494387408259314,0
2030,78,7,0.05598214282432929,0
2030,78,8,0.05966586229531504,0
2030,78,9,0.02280393138757548,0
2030,78,10,0.03749385827103691,0
2030,79,2,0.777755454430977,0
2030,79,3,0.04271353823500859,0
2030,79,4,0.018036230963965297,0
2030,79,5,0.011537326408247256,0
2030,79,7,0.010010886327380187,0
2030,79,8,0.011895451438210832,0
2030,80,2,0.5651879550960375,0
2030,80,3,0.12096757160246004,0
2030,80,4,0.055007790552957306,0
2030,80,5,0.04703113172467287,0
2030,80,7,0.0460068486983221,0
2030,80,8,0.05159132401272599,0
2030,81,2,0.2910932717594238,0
2030,81,4,0.6614836410303129,0
2030,82,2,0.7628835367999175,0
2030,82,3,0.05857384609679643,0
2030,82,4,0.02600963141991634,0
2030,82,5,0.01764250765280418,0
2030,82,7,0.015371760053511012,0
2030,82,8,0.01822771902934626,0
2030,83,2,0.5937561875042341,0
2030,83,3,0.08988287527584567,0
2030,83,4,0.038166167310663794,0
2030,83,5,0.024784283217104523,0
2030,83,7,0.021646138900790205,0
2030,83,8,0.02563496155594657,0
2030,84,2,0.22240791668857232,0
2030,84,4,0.6676699417046666,0
2030,85,2,0.44888396423091825,0
2030,85,3,0.14186276552432817,0
2030,85,4,0.06356717712037015,0
2030,85,5,0.047184285993766534,0
2030,85,7,0.042875448584664695,0
2030,85,8,0.04988981575555699,0
2030,86,2,0.5367336023480267,0
2030,86,3,0.14126052400752034,0
2030,86,4,0.05936798210272055,0
2030,86,5,0.06724123813146189,0
2030,86,7,0.07392147908377912,0
2030,86,8,0.0798638414839904,0
2030,87,2,0.7558790183102958,0
2030,87,3,0.04310971424254737,0
2030,87,4,0.01820578110776561,0
2030,87,5,0.011652938281343525,0
2030,87,7,0.010112331681895305,0
2030,87,8,0.012014446905828008,0
2030,88,2,0.7184302729347852,0
2030,88,3,0.07119729498019384,0
2030,88,4,0.03178886165627997,0
2030,88,5,0.022717327239258928,0
2030,88,7,0.020179275792695007,0
2030,88,8,0.023755834413521287,0
2030,89,1,0.04764313251545485,0
2030,89,2,0.8240481532546916,0
2030,89,3,0.01563159726133568,0
2030,89,6,0.013841209441468631,0
2030,89,7,0.020117764750387162,0
2030,89,8,0.02176098037159639,0
2030,89,9,0.02916988539674301,0
2030,89,10,0.023966461943756876,0
2030,90,2,0.3527122752176736,0
2030,90,4,0.5105371223459902,0
2030,91,1,0.13625780568138623,0
2030,91,2,0.5881655863456122,0
2030,91,6,0.05138573495663523,0
2030,91,7,0.0334488365336326,0
2030,91,8,0.0369068076897158,0
2030,91,9,0.0867812173824923,0
2030,91,10,0.05893366540413919,0
2030,92,1,0.057241302554103646,0
2030,92,2,0.6395167917612905,0
2030,92,3,0.07135468525251688,0
2030,92,5,0.034333548152886736,0
2030,92,7,0.0584070477833199,0
2030,92,8,0.06232522195480027,0
2030,92,9,0.028970289428279807,0
2030,92,10,0.041710285150257154,0
2030,93,1,0.02325127532256145,0
2030,93,2,0.8676826076447998,0
2030,93,3,0.024339240668715487,0
2030,93,5,0.011395203067371523,0
2030,93,7,0.020719991022441705,0
2030,93,8,0.022131360982851962,0
2030,93,9,0.012370679413479179,0
2030,93,10,0.015848747635709527,0
2030,94,1,0.013620922159000183,0
2030,94,2,0.6806841851384595,0
2030,94,3,0.08857560732484619,0
2030,94,4,0.021359278407045993,0
2030,94,5,0.046179061727953906,0
2030,94,7,0.059873873009188075,0
2030,94,8,0.06372784774258052,0
2030,94,10,0.02597922449092558,0
2030,95,2,0.601520156320658,0
2030,95,3,0.07632816176553697,0
2030,95,4,0.03232929841240893,0
2030,95,5,0.020938419989879727,0
2030,95,7,0.01826824534683703,0
2030,95,8,0.021648272442857358,0
2030,96,2,0.3192172847583488,0
2030,96,6,0.5755471165215806,0
2030,97,2,0.2942014302758488,0
2030,97,6,0.5885532341328322,0
2030,98,2,0.3496387411188909,0
2030,98,4,0.5428841485598067,0
2030,99,2,0.7665367474861674,0
2030,99,3,0.06133727063505362,0
2030,99,4,0.02759488972875932,0
2030,99,5,0.021334240211614643,0
2030,99,7,0.019835042485310244,0
2030,99,8,0.022813378285218587,0
2030,100,2,0.4735668395289887,0
2030,100,3,0.14029731112487026,0
2030,100,4,0.06329118911290318,0
2030,100,5,0.05026253288999886,0
2030,100,7,0.0474043942097386,0
2030,100,8,0.05413128260091935,0
2030,1,2,0.4012349850360287,1
2030,1,6,0.5987650149639712,1
2030,2,2,0.19523909478978302,1
2030,2,4,0.6991004858845935,1
2030,3,1,1.0,1
2030,4,3,1.0,1
2030,5,1,0.012288403636014559,1
2030,5,2,0.378534104793647,1
2030,5,4,0.587688129819098,1
2030,5,6,0.014768415814843805,1
2030,6,2,0.06634138602832229,1
2030,6,6,0.8448421578313858,1
2030,7,2,0.2462952972604353,1
2030,7,4,0.7250404742537291,1
2030,8,3,0.11487725903942045,1
2030,8,8,0.011696407118158914,1
2030,8,10,0.8528311423336199,1
2030,9,9,0.9618882089995276,1
2030,10,3,0.02311178607243324,1
2030,10,6,0.942904149643497,1
2030,11,3,0.010187928573431291,1
2030,11,6,0.9084473759995044,1
2030,12,9,0.9577841414408284,1
2030,13,2,0.3526685391467411,1
2030,13,4,0.6434089231729405,1
2030,14,9,1.0,1
2030,15,2,0.1447473394532927,1
2030,15,5,0.8484865133220165,1
2030,16,1,0.016264407860831286,1
2030,16,2,0.12375275874897622,1
2030,16,4,0.8323722412429365,1
2030,16,6,0.018468338782358835,1
2030,17,1,0.08961795070893329,1
2030,17,2,0.11684098476077898,1
2030,17,4,0.6573086825582549,1
2030,17,6,0.0819842599667017,1
2030,17,9,0.054248122005330884,1
2030,18,2,0.09357355022301335,1
2030,18,10,0.9049668115239032,1
2030,19,10,0.9517751643883362,1
2030,20,2,0.011184170614553051,1
2030,20,4,0.9785994348628754,1
2030,21,2,0.2883930658047446,1
2030,21,6,0.6833617451633575,1
2030,22,2,0.03061123820459393,1
2030,22,10,0.9124725693867309,1
2030,23,5,1.0,1
2030,24,2,0.037987719468772496,1
2030,24,6,0.8913389870169971,1
2030,25,2,0.35628008085192203,1
2030,25,4,0.6344003823103047,1
2030,26,6,0.9436780828501995,1
2030,27,1,0.05208692282909405,1
2030,27,2,0.35789113308695286,1
2030,27,4,0.5070639041056753,1
2030,27,6,0.05196059436407683,1
2030,27,9,0.03099744561420111,1
2030,28,2,0.2339394706639729,1
2030,28,4,0.7491868753642145,1
2030,29,3,0.022424201993405828,1
2030,29,6,0.913945188961326,1
2030,30,2,0.12184848157672355,1
2030,30,6,0.7816283836703749,1
2030,31,2,0.21302794233836705,1
2030,31,4,0.7192701575304636,1
2030,32,2,0.14276646507808824,1
2030,32,6,0.807776908613069,1
2030,33,2,0.34454350473315754,1
2030,33,4,0.6462830258141089,1
2030,34,2,0.15490587410161943,1
2030,34,5,0.8327447649944939,1
2030,35,2,0.24854919291571004,1
2030,35,6,0.6963365340127268,1
2030,36,2,0.2025888391588961,1
2030,36,6,0.7701685433097237,1
2030,37,4,1.0,1
2030,38,1,0.04209541494362826,1
2030,38,6,0.018006276986155433,1
2030,38,9,0.010843618474615726,1
2030,38,10,0.9290546895956007,1
2030,39,2,0.3345811800235585,1
2030,39,4,0.6589825148347328,1
2030,40,2,0.04941266744954168,1
2030,40,4,0.9306496882404359,1
2030,41,6,1.0,1
2030,42,10,1.0,1
2030,43,2,0.04897185633373671,1
2030,43,6,0.9376389259196186,1
2030,44,2,0.21532076463524397,1
2030,44,4,0.7422223147891704,1
2030,45,2,0.01601430339338531,1
2030,45,10,0.9421570304670996,1
2030,46,2,0.14376464379455445,1
2030,46,6,0.7344894282762637,1
2030,47,2,0.11343857514664143,1
2030,47,10,0.854429819356052,1
2030,48,10,0.980513868225756,1
2030,49,1,0.021422715049662224,1
2030,49,2,0.16270407157872002,1
2030,49,5,0.7849345518384367,1
2030,49,6,0.01963005319818883,1
2030,49,9,0.011308608334992191,1
2030,50,10,0.9999845505619338,1
2030,51,1,0.07550445425852782,1
2030,51,2,0.23083378836007232,1
2030,51,4,0.5745021805337004,1
2030,51,6,0.0738677350797911,1
2030,51,9,0.04529184176790836,1
2030,52,2,0.06815031258142312,1
2030,52,4,0.9060219930956028,1
2030,53,2,0.04282011652435105,1
2030,53,6,0.9571798834756489,1
2030,54,2,0.06019327216950015,1
2030,54,7,0.9384578153771193,1
2030,55,2,0.31669436839453424,1
2030,55,4,0.6775560231804555,1
2030,56,3,0.0166971806739345,1
2030,56,9,0.9744007221021803,1
2030,57,2,0.19740607275486347,1
2030,57,6,0.7667047427821437,1
2030,58,2,0.142332041634084,1
2030,58,6,0.7984689307093816,1
2030,59,6,0.9999068575345575,1
2030,60,1,0.08348577943015585,1
2030,60,2,0.22214750118312537,1
2030,60,4,0.5628560746065173,1
2030,60,6,0.08135067365680096,1
2030,60,9,0.05015997112340047,1
2030,61,2,0.25558330232692333,1
2030,61,6,0.7342128604727001,1
2030,62,9,0.9999821880617981,1
2030,63,2,0.20379133137424926,1
2030,63,6,0.7505165599132204,1
2030,64,2,0.13150160565876043,1
2030,64,6,0.8647980492016403,1
2030,65,6,0.9213832738369178,1
2030,66,1,0.032534424980569826,1
2030,66,4,0.9107306232074538,1
2030,66,6,0.025995298824316823,1
2030,66,9,0.020942063914345468,1
2030,67,2,0.2596016295340991,1
2030,67,4,0.6746841426671195,1
2030,68,10,0.9956375974550306,1
2030,69,7,1.0,1
2030,70,8,1.0,1
2030,71,6,0.9197109612383155,1
2030,72,1,0.012774454107838482,1
2030,72,2,0.1468681767195684,1
2030,72,4,0.818122022326453,1
2030,72,6,0.015218344475633847,1
2030,73,2,0.2916992915341912,1
2030,73,6,0.6784495453994643,1
2030,74,1,0.0438338185122422,1
2030,74,2,0.240425862409612,1
2030,74,4,0.6455491639276163,1
2030,74,6,0.044227906198715125,1
2030,74,9,0.025963248951814427,1
2030,75,1,0.04163646193988854,1
2030,75,2,0.27942618391915053,1
2030,75,4,0.6121441234885276,1
2030,75,6,0.04217072121814385,1
2030,75,9,0.02462250943428932,1
2030,76,2,0.0861568808594415,1
2030,76,6,0.8231070914550143,1
2030,77,2,0.2705827731427203,1
2030,77,6,0.7077628264710052,1
2030,78,10,0.9597235537245946,1
2030,79,1,0.011782290021280393,1
2030,79,4,0.9807946243672617,1
2030,80,2,0.03263919703677481,1
2030,80,10,0.9456834551827129,1
2030,81,2,0.2710934541958786,1
2030,81,4,0.7056057013424298,1
2030,82,1,0.032960735613838554,1
2030,82,2,0.24512201983000495,1
2030,82,4,0.6685339706791413,1
2030,82,6,0.03405478924684605,1
2030,82,9,0.019328484630168907,1
2030,83,1,0.06661188456282488,1
2030,83,6,0.04330579468985168,1
2030,83,7,0.8555704857883327,1
2030,83,9,0.03451183495899063,1
2030,84,2,0.3163319535789312,1
2030,84,4,0.68312739552055,1
2030,85,2,0.29581686106809835,1
2030,85,4,0.6889544858631019,1
2030,86,2,0.12743044056434893,1
2030,86,4,0.8654310607589387,1
2030,87,6,0.9924717687478439,1
2030,88,2,0.15375397829036028,1
2030,88,6,0.7813670638901574,1
2030,89,2,0.054535796952106114,1
2030,89,5,0.9411774043004005,1
2030,90,2,0.13578469109608599,1
2030,90,6,0.8105549515471838,1
2030,91,3,0.019910463818673292,1
2030,91,9,0.9695929007172562,1
2030,92,2,0.11615670275682198,1
2030,92,4,0.8430308259669885,1
2030,93,2,0.02715803618271405,1
2030,93,6,0.8253029889179342,1
2030,94,2,0.1174903350514381,1
2030,94,4,0.8647720794112569,1
2030,95,1,0.09761615946668838,1
2030,95,2,0.16651211867457882,1
2030,95,4,0.5837726166888216,1
2030,95,6,0.09331490032579409,1
2030,95,9,0.05878420484411703,1
2030,96,8,0.9999845992876363,1
2030,97,10,0.9999349812932615,1
2030,98,2,0.15711362709896706,1
2030,98,10,0.7902436982229862,1
2030,99,3,0.06004770274563184,1
2030,99,7,0.010744258547215986,1
2030,99,8,0.014575597229871094,1
2030,99,9,0.8927067424455953,1
2030,100,6,0.9100714069922949,1
