year,period,rep_period,weight,scenario
2050,1,2,0.031375177247187185,0
2050,1,3,0.1080806648876749,0
2050,1,4,0.2983623910784212,0
2050,1,7,0.4972365708836832,0
2050,2,1,0.018522285688242227,0
2050,2,2,0.03545652326712454,0
2050,2,3,0.1754938377627074,0
2050,2,4,0.3535897979377033,0
2050,2,6,0.11940323685338985,0
2050,2,7,0.2975343184908327,0
2050,3,1,0.09712182877548481,0
2050,3,3,0.24170852865867976,0
2050,3,4,0.2854476385897887,0
2050,3,5,0.04185442518695861,0
2050,3,6,0.11069186874963705,0
2050,3,7,0.21532979505969801,0
2050,4,1,0.07028786885209246,0
2050,4,3,0.3596108529644752,0
2050,4,4,0.1407110312112187,0
2050,4,5,0.11025915318326257,0
2050,4,6,0.07301293576513268,0
2050,4,7,0.24611815802381848,0
2050,5,1,0.228304992366336,0
2050,5,3,0.3652330935786653,0
2050,5,5,0.03528934129815163,0
2050,5,6,0.11195687754540909,0
2050,5,7,0.25616221462275646,0
2050,6,1,0.16918179070723313,0
2050,6,3,0.09436874879500574,0
2050,6,6,0.12603259932594385,0
2050,6,7,0.48367904762237596,0
2050,6,8,0.034282186867926924,0
2050,7,2,0.09083862781931482,0
2050,7,3,0.10568919140580106,0
2050,7,4,0.31599139463953607,0
2050,7,7,0.37844882095535565,0
2050,8,1,0.033143694224894396,0
2050,8,2,0.04457956643406323,0
2050,8,3,0.12493283126062711,0
2050,8,4,0.4874493621799809,0
2050,8,6,0.11094719242932635,0
2050,8,7,0.19290436789107368,0
2050,9,1,0.08724298903758088,0
2050,9,3,0.23303083860517132,0
2050,9,4,0.1917933165483445,0
2050,9,6,0.4304350022826674,0
2050,9,7,0.05749785352623593,0
2050,10,1,0.10279668569454364,0
2050,10,3,0.2031345211253212,0
2050,10,4,0.026281548298341263,0
2050,10,6,0.4156898677557839,0
2050,10,7,0.25209737712600977,0
2050,11,3,0.2835158907519594,0
2050,11,4,0.1666684872973058,0
2050,11,6,0.32101541016685153,0
2050,11,7,0.2288002117838831,0
2050,12,3,0.22800992394145775,0
2050,12,4,0.17398860538748562,0
2050,12,6,0.36263862361196303,0
2050,12,7,0.2070167636463459,0
2050,12,8,0.0190813270060042,0
2050,13,2,0.041091594638599266,0
2050,13,3,0.18756319404132682,0
2050,13,4,0.34132209815115855,0
2050,13,6,0.2588395060609818,0
2050,13,7,0.17118360710793362,0
2050,14,2,0.04231478296665148,0
2050,14,3,0.08983544602777352,0
2050,14,4,0.40368049863427513,0
2050,14,6,0.2577628760404151,0
2050,14,7,0.1734658697850175,0
2050,15,3,0.2512556426973791,0
2050,15,4,0.4681837086056366,0
2050,15,6,0.18338242070835853,0
2050,15,7,0.018624451240012586,0
2050,15,8,0.07493620450669355,0
2050,16,3,0.331986317465209,0
2050,16,4,0.3946981562496189,0
2050,16,5,0.07455397323389405,0
2050,16,6,0.0772187551491959,0
2050,16,7,0.1215427979020821,0
2050,17,1,0.08790386192742296,0
2050,17,3,0.2240709209839896,0
2050,17,4,0.22920197384366806,0
2050,17,5,0.08342090130393773,0
2050,17,6,0.018357627606262708,0
2050,17,7,0.33534708363123,0
2050,17,8,0.018007778207355784,0
2050,18,1,0.20714122882268932,0
2050,18,3,0.2994150915624918,0
2050,18,4,0.2962015845216691,0
2050,18,5,0.11335984195913693,0
2050,19,1,0.388516629239065,0
2050,19,3,0.27723197081906303,0
2050,19,4,0.09527787601212247,0
2050,19,5,0.08471153154308678,0
2050,19,8,0.020267542762397367,0
2050,20,1,0.1363744429630166,0
2050,20,2,0.015287677654973374,0
2050,20,3,0.302148247855166,0
2050,20,4,0.20610550916578413,0
2050,20,5,0.14290947297196205,0
2050,21,1,0.12605249780088343,0
2050,21,3,0.3045206485624791,0
2050,21,4,0.26697649192185663,0
2050,21,5,0.07676836737063789,0
2050,21,8,0.02418419824160613,0
2050,22,1,0.4256149316061251,0
2050,22,3,0.3622828551925998,0
2050,22,5,0.025942117714701042,0
2050,22,6,0.0213846917775285,0
2050,22,8,0.08644885895733838,0
2050,23,1,0.29125944490333416,0
2050,23,3,0.4180755282231499,0
2050,23,6,0.07083056405241753,0
2050,23,7,0.20589595123590115,0
2050,24,1,0.10365213143346158,0
2050,24,3,0.23149195316971471,0
2050,24,4,0.07213500544577223,0
2050,24,6,0.17004168235305347,0
2050,24,7,0.3425542506028535,0
2050,24,8,0.08012497699514448,0
2050,25,1,0.32177541194513337,0
2050,25,3,0.31125164356370694,0
2050,25,4,0.029730310219971533,0
2050,25,6,0.26482660808793135,0
2050,25,8,0.06845102606432868,0
2050,26,1,0.13500252182272426,0
2050,26,3,0.11617717346624222,0
2050,26,4,0.25491757431642503,0
2050,26,6,0.11359342978402391,0
2050,26,7,0.2933904798728373,0
2050,26,8,0.08691882073774716,0
2050,27,1,0.13168130923435936,0
2050,27,3,0.18118158196301998,0
2050,27,4,0.27481787949547065,0
2050,27,5,0.013473794056249822,0
2050,27,6,0.2583344749895298,0
2050,27,8,0.06695994227103981,0
2050,28,3,0.13444316961136984,0
2050,28,4,0.2512701421141695,0
2050,28,6,0.21353057265466696,0
2050,28,7,0.3023123243507661,0
2050,28,8,0.07814689777542069,0
2050,29,3,0.46515527225170256,0
2050,29,4,0.29907626731391057,0
2050,29,6,0.17182453218689328,0
2050,29,7,0.02212365946378462,0
2050,29,8,0.041820268783709,0
2050,30,3,1.0,0
2050,31,1,0.1357521692634823,0
2050,31,3,0.664094598881209,0
2050,31,4,0.06229765608093713,0
2050,31,5,0.07117066810250307,0
2050,31,6,0.03752481838946256,0
2050,31,7,0.01379826565292909,0
2050,31,8,0.010250691507288459,0
2050,32,1,0.0824177538653825,0
2050,32,3,0.411984325904228,0
2050,32,4,0.20325158536282947,0
2050,32,6,0.06785507058290398,0
2050,32,7,0.18236203519270755,0
2050,32,8,0.05212922909194838,0
2050,33,1,0.24057892831785907,0
2050,33,3,0.28117688246100025,0
2050,33,4,0.17424101135817588,0
2050,33,5,0.08614884097570687,0
2050,33,6,0.1409247291160296,0
2050,33,8,0.07692960777122848,0
2050,34,1,0.21960273719467108,0
2050,34,3,0.3276659695583576,0
2050,34,4,0.08871014598788772,0
2050,34,5,0.09301726101069306,0
2050,34,6,0.10641560613894653,0
2050,34,7,0.019466783151328142,0
2050,34,8,0.03854572294061304,0
2050,35,1,0.19383228495586294,0
2050,35,3,0.41928046718113265,0
2050,35,6,0.14604477203501884,0
2050,35,8,0.07888708669444477,0
2050,36,1,0.2854308545962372,0
2050,36,3,0.3522243700619304,0
2050,36,6,0.27924485952515415,0
2050,36,8,0.08309991581667829,0
2050,37,1,0.02516547501502797,0
2050,37,3,0.4870503296465216,0
2050,37,5,0.04959401871188608,0
2050,37,6,0.2197432033078401,0
2050,37,7,0.17012372263505518,0
2050,37,8,0.04832325068366913,0
2050,38,3,0.21911272245979763,0
2050,38,4,0.22526963653030888,0
2050,38,5,0.15293054134868725,0
2050,38,6,0.10307069430555109,0
2050,38,7,0.29442891049662107,0
2050,39,3,0.2839004626766904,0
2050,39,4,0.1484149690148337,0
2050,39,5,0.1413585532184159,0
2050,39,6,0.29024763422034444,0
2050,39,7,0.13607838086971552,0
2050,40,1,0.15860283211806875,0
2050,40,3,0.27502994773967665,0
2050,40,5,0.014639935917645761,0
2050,40,6,0.2580408586966183,0
2050,40,7,0.25454142583799955,0
2050,40,8,0.039144999689990745,0
2050,41,1,0.07044070540999131,0
2050,41,3,0.3054482422142938,0
2050,41,5,0.25281861537367506,0
2050,41,6,0.09767369851937646,0
2050,41,7,0.172491059818694,0
2050,42,1,0.17174106874900416,0
2050,42,3,0.18033606468532445,0
2050,42,5,0.22554193799338207,0
2050,42,7,0.26341343329272326,0
2050,43,1,0.2848204032051653,0
2050,43,3,0.23424739773391087,0
2050,43,4,0.024028890037170916,0
2050,43,5,0.3302711439096885,0
2050,43,7,0.0974884134264423,0
2050,44,1,0.33739157584857354,0
2050,44,3,0.09181388524430784,0
2050,44,4,0.13620175211822974,0
2050,44,6,0.186134308890925,0
2050,44,7,0.14843330928441362,0
2050,44,8,0.10002516861355014,0
2050,45,1,0.3997298173430179,0
2050,45,3,0.1443181102717674,0
2050,45,4,0.09936869567266092,0
2050,45,6,0.23678369233091426,0
2050,45,8,0.11979968438163958,0
2050,46,1,0.11223395287643395,0
2050,46,3,0.22958269323402494,0
2050,46,4,0.3097226383658105,0
2050,46,5,0.16766927532697726,0
2050,46,7,0.17312809948232252,0
2050,47,1,0.034141702517764334,0
2050,47,3,0.3740059491877956,0
2050,47,4,0.1243945263062678,0
2050,47,5,0.2641428862622167,0
2050,47,7,0.20331493572595555,0
2050,48,3,0.4857689604599315,0
2050,48,4,0.11813384450307184,0
2050,48,5,0.17658967254553842,0
2050,48,7,0.19932820414485378,0
2050,49,2,0.03977700068630645,0
2050,49,3,0.2055243100429137,0
2050,49,4,0.20243881784533427,0
2050,49,5,0.08629767897844158,0
2050,49,7,0.4341419781965769,0
2050,50,1,0.03263667315463645,0
2050,50,2,0.09598606254730391,0
2050,50,3,0.04485340969768707,0
2050,50,4,0.36115545415263506,0
2050,50,7,0.46536840044773725,0
2050,51,1,0.05695843140141218,0
2050,51,3,0.18217322164899988,0
2050,51,4,0.3190598427751695,0
2050,51,5,0.20248352732234348,0
2050,51,7,0.14989154485488204,0
2050,51,8,0.07168134326780007,0
2050,52,1,0.06790132892166856,0
2050,52,3,0.5194918277589663,0
2050,52,4,0.10415871851102229,0
2050,52,5,0.19833259659663344,0
2050,52,6,0.05972473258808333,0
2050,53,1,0.014981412222149913,0
2050,53,2,0.03314656278716843,0
2050,53,3,0.39879603426940324,0
2050,53,4,0.10980378391017652,0
2050,53,5,0.06405954576420635,0
2050,53,7,0.31183934297239935,0
2050,54,3,0.2928036706809719,0
2050,54,4,0.26478193415969337,0
2050,54,6,0.07923723810411455,0
2050,54,7,0.2802774218150409,0
2050,54,8,0.07325734024648796,0
2050,55,3,0.16419665191913188,0
2050,55,4,0.22882348861786814,0
2050,55,6,0.1969437597573046,0
2050,55,7,0.20848418879707192,0
2050,55,8,0.11690747850744058,0
2050,56,1,0.03368940725656271,0
2050,56,3,0.41681460709834034,0
2050,56,5,0.027937080437403495,0
2050,56,6,0.11305916717962071,0
2050,56,7,0.09214617193611227,0
2050,56,8,0.10841120641014715,0
2050,57,1,0.1822902390241103,0
2050,57,3,0.13450538651532049,0
2050,57,4,0.0452409397628038,0
2050,57,6,0.16665887708437482,0
2050,57,7,0.3186807193695819,0
2050,57,8,0.09236957018271173,0
2050,58,1,0.20702741535152552,0
2050,58,3,0.26231076371321704,0
2050,58,4,0.12436601837344843,0
2050,58,6,0.03562958488913986,0
2050,58,7,0.1533328813252898,0
2050,58,8,0.11239586395433224,0
2050,59,1,0.20298988682117278,0
2050,59,4,0.1302388823751651,0
2050,59,6,0.1182733451966904,0
2050,59,7,0.3949475807736764,0
2050,59,8,0.10371469415473611,0
2050,60,3,0.0981582651486519,0
2050,60,4,0.3232229222460773,0
2050,60,6,0.1683130058274376,0
2050,60,7,0.29871377553103656,0
2050,60,8,0.08680148476570751,0
2050,61,1,0.025178218666566266,0
2050,61,3,0.2212248725040414,0
2050,61,4,0.050404700330761776,0
2050,61,6,0.37775708267103975,0
2050,61,7,0.2421988256089054,0
2050,61,8,0.0832363002186854,0
2050,62,2,0.0677147181316203,0
2050,62,3,0.07453662919520858,0
2050,62,4,0.0646801969436061,0
2050,62,6,0.43956467330576,0
2050,62,7,0.2992052445685509,0
2050,63,1,0.1411905902309009,0
2050,63,3,0.08756410932526212,0
2050,63,4,0.04156864209183209,0
2050,63,6,0.5096004048096927,0
2050,63,7,0.08201445064995008,0
2050,63,8,0.0917579796402074,0
2050,64,1,0.23844319397674177,0
2050,64,3,0.21560942026975816,0
2050,64,6,0.34635003397371616,0
2050,64,7,0.1995973517797839,0
2050,65,1,0.03228907579785037,0
2050,65,3,0.1911920707466086,0
2050,65,5,0.06657307628294522,0
2050,65,6,0.08174762271524515,0
2050,65,7,0.6281981544573506,0
2050,66,7,1.0,0
2050,67,2,0.03145078161577949,0
2050,67,3,0.06026116075062225,0
2050,67,4,0.13223733762033218,0
2050,67,5,0.17033135958203244,0
2050,67,6,0.016884108777304146,0
2050,67,7,0.5888352516539294,0
2050,68,1,0.17464939574293417,0
2050,68,2,0.03446054905108141,0
2050,68,3,0.1125337213472441,0
2050,68,4,0.09025008761785445,0
2050,68,5,0.2009077225557465,0
2050,68,6,0.05100496803176237,0
2050,68,7,0.28847061616548664,0
2050,69,2,0.06149737272629344,0
2050,69,4,0.21451273391342088,0
2050,69,5,0.20739072684748996,0
2050,69,7,0.36318228966879196,0
2050,70,1,0.0789924558831764,0
2050,70,2,0.061653687518728774,0
2050,70,3,0.13124721390892757,0
2050,70,4,0.049595275597825235,0
2050,70,5,0.26532531480339294,0
2050,70,6,0.1636109312748442,0
2050,70,7,0.08566482283852424,0
2050,71,1,0.1381232807090258,0
2050,71,2,0.028099964243181567,0
2050,71,3,0.21367749563019126,0
2050,71,5,0.19862891083742445,0
2050,71,6,0.243031054251568,0
2050,71,7,0.1610726581904977,0
2050,72,1,0.05784627779603958,0
2050,72,3,0.21731272743402322,0
2050,72,4,0.22799695395808645,0
2050,72,5,0.26250628958655847,0
2050,72,6,0.13339978676690792,0
2050,72,7,0.07762592132363096,0
2050,73,1,0.09496499409659814,0
2050,73,3,0.07848029194128528,0
2050,73,4,0.3132385335501598,0
2050,73,5,0.18094685163319288,0
2050,73,6,0.1795265683925362,0
2050,73,7,0.10557283848276618,0
2050,73,8,0.018491765261459382,0
2050,74,1,0.10882744061650866,0
2050,74,3,0.04465533801752742,0
2050,74,4,0.0690152458401478,0
2050,74,5,0.147770037749948,0
2050,74,6,0.37667185190778946,0
2050,74,7,0.24406827066389825,0
2050,75,1,0.013657976773964972,0
2050,75,3,0.12448285345456123,0
2050,75,5,0.3546055653111369,0
2050,75,6,0.18291204046485454,0
2050,75,7,0.3112143337447497,0
2050,76,3,0.171014205277154,0
2050,76,5,0.4594332706545923,0
2050,76,6,0.16658102031524774,0
2050,76,7,0.11710971243728678,0
2050,77,1,0.24192267722854446,0
2050,77,3,0.01947102543421301,0
2050,77,5,0.2471046264918356,0
2050,77,6,0.34306680383661126,0
2050,77,8,0.058637341394664644,0
2050,78,1,0.3581582677527288,0
2050,78,3,0.12449626197903228,0
2050,78,5,0.11288532274482013,0
2050,78,6,0.16428807392656333,0
2050,78,7,0.11921712752208895,0
2050,78,8,0.0920333883268435,0
2050,79,1,0.30392901759171026,0
2050,79,3,0.19264775909417559,0
2050,79,5,0.2826741126814735,0
2050,79,6,0.11618852873466802,0
2050,79,7,0.09575344385008934,0
2050,80,1,0.18202376608284881,0
2050,80,4,0.036658372141808324,0
2050,80,5,0.12680965321343243,0
2050,80,6,0.16991696004156173,0
2050,80,7,0.44329791592043866,0
2050,80,8,0.04129333259991007,0
2050,81,1,0.20813721538749524,0
2050,81,3,0.32295159005792734,0
2050,81,5,0.1718988671797686,0
2050,81,6,0.10903648559344715,0
2050,81,7,0.1521404376696345,0
2050,81,8,0.020040508981576693,0
2050,82,1,0.09720225942487251,0
2050,82,3,0.13810140347636096,0
2050,82,4,0.2163272531099171,0
2050,82,5,0.3312489048125567,0
2050,82,7,0.21712017917629267,0
2050,83,1,0.16176136516750364,0
2050,83,3,0.3360747854090034,0
2050,83,4,0.019842088794987438,0
2050,83,5,0.31660497459331405,0
2050,83,6,0.058237748798053116,0
2050,84,1,0.13469754425325087,0
2050,84,3,0.32244289356790035,0
2050,84,5,0.1518585530950563,0
2050,84,6,0.20878824029787443,0
2050,84,7,0.072216863625285,0
2050,84,8,0.011837008671449975,0
2050,85,1,0.045551175569529055,0
2050,85,3,0.377299990687889,0
2050,85,4,0.24560845501077425,0
2050,85,5,0.11653175952696841,0
2050,85,6,0.05205714938447379,0
2050,85,7,0.15779654797495324,0
2050,86,1,0.18887621137057942,0
2050,86,3,0.2437017925578395,0
2050,86,5,0.20533868808337566,0
2050,86,6,0.2677166522960154,0
2050,86,7,0.0528316315685128,0
2050,86,8,0.03944251755762986,0
2050,87,1,0.18868739749284616,0
2050,87,3,0.11517927189167051,0
2050,87,4,0.047778178519911195,0
2050,87,6,0.48330038425901245,0
2050,87,7,0.1373892759551648,0
2050,87,8,0.027665491881394937,0
2050,88,1,0.0182766478166324,0
2050,88,3,0.17383789233752125,0
2050,88,4,0.28216246996187166,0
2050,88,6,0.3431024640419939,0
2050,88,7,0.12482051084644638,0
2050,88,8,0.05780001499553444,0
2050,89,3,0.16806642968623944,0
2050,89,4,0.13641629174653483,0
2050,89,5,0.02640575952551983,0
2050,89,6,0.5783820744167242,0
2050,89,7,0.09072944462498164,0
2050,90,3,0.11111574817562074,0
2050,90,4,0.1080827379703261,0
2050,90,5,0.020692401972576005,0
2050,90,6,0.730423400181804,0
2050,90,8,0.02821348838650372,0
2050,91,6,1.0,0
2050,92,1,0.04849464722323776,0
2050,92,3,0.09160450705118006,0
2050,92,5,0.13747414204812383,0
2050,92,6,0.6059197437744571,0
2050,92,7,0.017416514645182582,0
2050,92,8,0.07302464620911676,0
2050,93,1,0.22050953972329318,0
2050,93,3,0.19065822795870085,0
2050,93,5,0.2276548210276582,0
2050,93,6,0.2925833935117939,0
2050,93,7,0.01250773385182177,0
2050,94,1,0.2164338769625081,0
2050,94,3,0.11934921880505653,0
2050,94,5,0.30469102887303184,0
2050,94,6,0.09659034279238818,0
2050,94,7,0.1310662930047709,0
2050,94,8,0.05221179652902415,0
2050,95,1,0.18619352934278408,0
2050,95,3,0.20409186046315572,0
2050,95,5,0.37396777708754125,0
2050,95,6,0.16854163337571207,0
2050,96,1,0.15379555245409915,0
2050,96,3,0.28145347000481674,0
2050,96,5,0.3161999169102231,0
2050,96,6,0.14640447336074383,0
2050,96,7,0.015443428223788636,0
2050,96,8,0.016076516429426865,0
2050,97,3,0.24425804087740635,0
2050,97,5,0.4706881053331007,0
2050,97,6,0.18601480501666603,0
2050,97,7,0.052352224468966174,0
2050,98,2,0.015849557862989045,0
2050,98,3,0.38064499591308526,0
2050,98,5,0.40493970096949755,0
2050,98,6,0.04389761033207316,0
2050,98,7,0.019679278855468215,0
2050,99,3,0.2473881115551619,0
2050,99,5,0.5479170095178262,0
2050,99,7,0.1380305593065571,0
2050,100,1,0.11582799858790535,0
2050,100,2,0.10963892387080469,0
2050,100,3,0.18465546588261783,0
2050,100,5,0.4325573357253717,0
2050,100,7,0.09740147629339536,0
2050,101,1,0.1315811187318075,0
2050,101,4,0.039511374175608675,0
2050,101,5,0.08868216244515399,0
2050,101,6,0.26453983563534467,0
2050,101,7,0.2738691354284048,0
2050,101,8,0.18325659129132843,0
2050,102,2,0.08345490208316425,0
2050,102,4,0.25559977766859954,0
2050,102,5,0.37451272741723346,0
2050,102,6,0.10178021041329946,0
2050,102,7,0.18465238241770326,0
2050,103,1,0.010988097122921456,0
2050,103,2,0.023084286095658414,0
2050,103,3,0.09278888751285602,0
2050,103,4,0.16753179733732873,0
2050,103,5,0.5071696510401588,0
2050,103,6,0.19051235636420338,0
2050,104,2,0.10770317219603541,0
2050,104,4,0.20462534448366726,0
2050,104,5,0.28352099669458236,0
2050,104,6,0.24546957911505318,0
2050,104,7,0.11816311804101857,0
2050,105,1,0.014926612298193188,0
2050,105,2,0.035517124064639125,0
2050,105,4,0.06906391702332194,0
2050,105,5,0.44754078648164725,0
2050,105,6,0.3278206160735237,0
2050,105,7,0.028532751639678944,0
2050,106,1,0.04503907578997952,0
2050,106,3,0.0399742537657245,0
2050,106,5,0.6519667461871782,0
2050,106,6,0.15875908033468145,0
2050,106,7,0.10426084392243634,0
2050,107,1,0.07268726621946808,0
2050,107,3,0.14996350793916113,0
2050,107,5,0.36274200480991403,0
2050,107,6,0.08926615201969983,0
2050,107,7,0.23404901162445582,0
2050,107,8,0.054804261001576045,0
2050,108,1,0.1271275146086396,0
2050,108,2,0.02779714157312671,0
2050,108,3,0.17498871408855018,0
2050,108,5,0.32478743281339956,0
2050,108,6,0.33551882236554803,0
2050,109,1,0.08559059732205143,0
2050,109,2,0.04489339054125548,0
2050,109,3,0.12047602360179863,0
2050,109,5,0.4807848272156243,0
2050,109,6,0.025431595397443288,0
2050,109,7,0.1820289534996983,0
2050,110,1,0.05052454601092193,0
2050,110,2,0.028866213408587155,0
2050,110,3,0.12062769354243001,0
2050,110,5,0.5803691373414915,0
2050,110,6,0.20749992332139774,0
2050,111,3,0.011562165537818402,0
2050,111,5,0.49191842503281225,0
2050,111,6,0.37262413155684304,0
2050,111,8,0.04609728984022943,0
2050,112,5,0.4190919166517893,0
2050,112,6,0.12942926154134202,0
2050,112,7,0.21606537410785917,0
2050,112,8,0.09766008944895245,0
2050,113,5,1.0,0
2050,114,1,0.17616930244450119,0
2050,114,2,0.0993525409580666,0
2050,114,3,0.04935048030408009,0
2050,114,5,0.5687158895621572,0
2050,114,6,0.04729516718614064,0
2050,114,7,0.023545892876629546,0
2050,115,1,0.1819642820140519,0
2050,115,4,0.05562731874801389,0
2050,115,5,0.19360609712697174,0
2050,115,6,0.2621411164928541,0
2050,115,7,0.08257622852843219,0
2050,115,8,0.18071103807281919,0
2050,116,1,0.18790407642811577,0
2050,116,3,0.13759479162098165,0
2050,116,5,0.4247392178816105,0
2050,116,6,0.02840750946532899,0
2050,116,8,0.11763240537238011,0
2050,117,1,0.1548515839684319,0
2050,117,3,0.10140976756870783,0
2050,117,5,0.23854665978597706,0
2050,117,6,0.24660594606798084,0
2050,117,8,0.1613439733970507,0
2050,118,1,0.09196857630720225,0
2050,118,2,0.07072534212586179,0
2050,118,3,0.07893594803636202,0
2050,118,5,0.1617452994428369,0
2050,118,6,0.34735140234867035,0
2050,118,8,0.1133153433842939,0
2050,119,2,0.1881995326923902,0
2050,119,4,0.021139653240733053,0
2050,119,5,0.2074405531636082,0
2050,119,6,0.2684366260541217,0
2050,119,7,0.1928528515261702,0
2050,120,1,0.1076927747412913,0
2050,120,2,0.3267803651735262,0
2050,120,3,0.030901439179805566,0
2050,120,5,0.14877247238511893,0
2050,120,8,0.33439302697833145,0
2050,121,2,0.22291743084382934,0
2050,121,3,0.13503138275165102,0
2050,121,5,0.24152298836593822,0
2050,121,8,0.2878278701542315,0
2050,122,1,0.11861138300717176,0
2050,122,2,0.40117784907942255,0
2050,122,3,0.15821575840826743,0
2050,122,5,0.17383150279174062,0
2050,122,8,0.10261666707184915,0
2050,123,1,0.14105674404108368,0
2050,123,2,0.14132551441535254,0
2050,123,4,0.02087766765745663,0
2050,123,6,0.15493892407995005,0
2050,123,8,0.5304840514184818,0
2050,124,1,0.04488255038875423,0
2050,124,2,0.3061256292854843,0
2050,124,3,0.11397318728855733,0
2050,124,4,0.13671317676361275,0
2050,124,5,0.05820527114277185,0
2050,124,8,0.2952329544867003,0
2050,125,2,0.14369093299672264,0
2050,125,6,0.22075644216698562,0
2050,125,7,0.0727789883033465,0
2050,125,8,0.5488722930126965,0
2050,126,2,0.3689410959296452,0
2050,126,4,0.10457012436354989,0
2050,126,5,0.02054095689521721,0
2050,126,6,0.1675948949729982,0
2050,126,8,0.3304604817940156,0
2050,127,2,0.3084169119364877,0
2050,127,5,0.17364396920901576,0
2050,127,8,0.5012258912509376,0
2050,128,1,0.12200249006674346,0
2050,128,2,0.46991617626321097,0
2050,128,5,0.13930822325520115,0
2050,128,8,0.2588673142832073,0
2050,129,8,1.0,0
2050,130,2,0.44948401367006463,0
2050,130,3,0.08705206995388363,0
2050,130,5,0.05576275926578142,0
2050,130,8,0.3881643737771509,0
2050,131,2,0.3783771115721331,0
2050,131,7,0.12802810699906803,0
2050,131,8,0.4904178772172904,0
2050,132,2,1.0,0
2050,133,2,0.5482669435878961,0
2050,133,5,0.24167852459151362,0
2050,133,8,0.20823558098479283,0
2050,134,1,0.07012557418578279,0
2050,134,2,0.13746966167525054,0
2050,134,3,0.19023171420447824,0
2050,134,5,0.2246768029850418,0
2050,134,8,0.2901503841672498,0
2050,135,1,0.06447328592736765,0
2050,135,2,0.10616595663416474,0
2050,135,3,0.2896889503567095,0
2050,135,5,0.09908371729732372,0
2050,135,8,0.33510784131132093,0
2050,136,1,0.06800751242043766,0
2050,136,2,0.11879284307764928,0
2050,136,3,0.048458652652834576,0
2050,136,4,0.15217197334865587,0
2050,136,5,0.060032868620867624,0
2050,136,6,0.08515483749674949,0
2050,136,8,0.4141341817375065,0
2050,137,1,0.1135668128828357,0
2050,137,2,0.4284047047667764,0
2050,137,4,0.10021456061688351,0
2050,137,5,0.16878100131981644,0
2050,137,6,0.13883696053698474,0
2050,137,8,0.04296144047507521,0
2050,138,1,0.11923286302923282,0
2050,138,2,0.3549926590951008,0
2050,138,4,0.1479020537782022,0
2050,138,5,0.07015991128242138,0
2050,138,6,0.1052998665172453,0
2050,138,8,0.16930815633757948,0
2050,139,2,0.21067140187194103,0
2050,139,3,0.03258127593841118,0
2050,139,4,0.13876929535671045,0
2050,139,6,0.22227436442404613,0
2050,139,8,0.3047435710458313,0
2050,140,2,0.13739227729360132,0
2050,140,3,0.16969019691225976,0
2050,140,5,0.05065148492833624,0
2050,140,6,0.05473812423817212,0
2050,140,8,0.3707163181688708,0
2050,141,1,0.10052499157939045,0
2050,141,2,0.10680564815136198,0
2050,141,3,0.17948179736149952,0
2050,141,5,0.15601026328425036,0
2050,141,6,0.10882662086707874,0
2050,141,8,0.21676725407385913,0
2050,142,1,0.06785784738338176,0
2050,142,2,0.15743324362781227,0
2050,142,3,0.21702994072329787,0
2050,142,5,0.24339058267204808,0
2050,142,6,0.08498117186962928,0
2050,142,8,0.16894743758664,0
2050,143,1,0.044563863939724675,0
2050,143,2,0.060387662616287224,0
2050,143,3,0.17661171071647042,0
2050,143,4,0.06695509327223821,0
2050,143,5,0.29410012484730935,0
2050,143,8,0.26817331829994484,0
2050,144,1,0.18296305291649176,0
2050,144,2,0.19656138147859825,0
2050,144,3,0.08418689929189918,0
2050,144,5,0.22489223691508958,0
2050,144,6,0.035644151615076454,0
2050,144,8,0.18811811254824268,0
2050,145,1,0.2149217925784608,0
2050,145,2,0.14784895199401948,0
2050,145,3,0.08333675221814381,0
2050,145,5,0.19291374056686053,0
2050,145,8,0.2410594149879502,0
2050,146,1,0.09012510775593764,0
2050,146,2,0.132536462446522,0
2050,146,5,0.17978802241669956,0
2050,146,6,0.19503840562537256,0
2050,146,8,0.24800594372323215,0
2050,147,1,0.010779103341350162,0
2050,147,2,0.15728630525055157,0
2050,147,3,0.06949471347170808,0
2050,147,5,0.2535432308403014,0
2050,147,6,0.23258215899656315,0
2050,147,8,0.13033482317620534,0
2050,148,1,0.08942538601272675,0
2050,148,2,0.17970563992392047,0
2050,148,5,0.022725667310151257,0
2050,148,6,0.11701102365605168,0
2050,148,7,0.18856610920337377,0
2050,148,8,0.3687302632616881,0
2050,149,1,0.14437351561275394,0
2050,149,2,0.2652826071526569,0
2050,149,3,0.022364093762971677,0
2050,149,4,0.08219323348048269,0
2050,149,5,0.08846100708016713,0
2050,149,6,0.03711642619810191,0
2050,149,7,0.010777799149876196,0
2050,149,8,0.31482360962676786,0
2050,150,1,0.0561940839782603,0
2050,150,2,0.29770221797337953,0
2050,150,4,0.15998822570426502,0
2050,150,5,0.2240494977204082,0
2050,150,6,0.012116256666013202,0
2050,150,8,0.22982626751461233,0
2050,151,2,0.34828480320302546,0
2050,151,4,0.3465591172402354,0
2050,151,5,0.03762157924981333,0
2050,151,8,0.24388828492688025,0
2050,152,1,0.03437618764863474,0
2050,152,2,0.4130783635543505,0
2050,152,4,0.26069639103082953,0
2050,152,5,0.18222023861193598,0
2050,152,8,0.09765830512368376,0
2050,153,2,0.18832846052378685,0
2050,153,4,0.18724905673168515,0
2050,153,6,0.07135765664729157,0
2050,153,7,0.08497805301264329,0
2050,153,8,0.4189483233057895,0
2050,154,2,0.42649644878615556,0
2050,154,4,0.19640471860077188,0
2050,154,5,0.2695010890105619,0
2050,154,8,0.06422825036050765,0
2050,155,1,0.06847488778263734,0
2050,155,2,0.3842714454192729,0
2050,155,3,0.03498853731679307,0
2050,155,5,0.45400971721221006,0
2050,155,8,0.044629393263294126,0
2050,156,1,0.10718526977102628,0
2050,156,2,0.2564757570659361,0
2050,156,3,0.03977202838689816,0
2050,156,5,0.14875618517262718,0
2050,156,6,0.049360030829309606,0
2050,156,7,0.07954052630662467,0
2050,156,8,0.2787061996971037,0
2050,157,1,0.03937070839770876,0
2050,157,2,0.5549919201135908,0
2050,157,4,0.12243067142729232,0
2050,157,5,0.10114224934775663,0
2050,157,7,0.1820644507136515,0
2050,158,1,0.04696061042787771,0
2050,158,2,0.43603486409191866,0
2050,158,4,0.05825072089912378,0
2050,158,5,0.35404279411439327,0
2050,158,7,0.03397336797199315,0
2050,158,8,0.07060794480723907,0
2050,159,1,0.1001111877702975,0
2050,159,2,0.2501204956734649,0
2050,159,4,0.05148158116682711,0
2050,159,5,0.2140771442954198,0
2050,159,6,0.03576184820986036,0
2050,159,8,0.3013659795868121,0
2050,160,1,0.06337854873385249,0
2050,160,2,0.06494534726619776,0
2050,160,5,0.10187979660125238,0
2050,160,6,0.11857953880005564,0
2050,160,8,0.4858621114102789,0
2050,161,2,0.204309160224501,0
2050,161,3,0.04731324390957076,0
2050,161,4,0.017937795304812123,0
2050,161,5,0.1601059224899577,0
2050,161,7,0.03870808703658975,0
2050,161,8,0.3716618059068672,0
2050,162,1,0.1613476244687498,0
2050,162,2,0.11372590308314776,0
2050,162,3,0.02428877394349299,0
2050,162,4,0.10231845922216085,0
2050,162,5,0.26089418394219555,0
2050,162,6,0.01779641867266621,0
2050,162,8,0.23324502624655571,0
2050,163,1,0.22587720125620445,0
2050,163,2,0.08163184477768921,0
2050,163,3,0.055037956832606844,0
2050,163,5,0.2589634545856311,0
2050,163,8,0.2733303724521783,0
2050,164,1,0.221012705851831,0
2050,164,5,0.20426121450353657,0
2050,164,6,0.11863555681724741,0
2050,164,8,0.3549984351755466,0
2050,165,1,0.1837447462871406,0
2050,165,2,0.244409997622643,0
2050,165,4,0.02872595844145163,0
2050,165,5,0.4332328854446819,0
2050,165,8,0.023655903480066354,0
2050,166,1,0.11114574806427253,0
2050,166,2,0.05615214146942195,0
2050,166,4,0.07320893734058657,0
2050,166,5,0.39169745490681135,0
2050,166,6,0.03774108735742803,0
2050,166,8,0.22627392072550012,0
2050,167,1,0.07708173710113568,0
2050,167,2,0.11918734009034324,0
2050,167,3,0.06837701692998091,0
2050,167,5,0.2355083685140962,0
2050,167,6,0.09999800486658691,0
2050,167,8,0.1900406301725895,0
2050,168,1,0.046022595033139164,0
2050,168,2,0.14934079264031516,0
2050,168,5,0.05523220048340611,0
2050,168,6,0.26535100401883926,0
2050,168,7,0.1178164731829631,0
2050,168,8,0.19659850562010373,0
2050,169,1,0.11200486186623299,0
2050,169,2,0.19641625698579215,0
2050,169,3,0.09159687265640729,0
2050,169,4,0.06022401048552908,0
2050,169,5,0.1256309800238953,0
2050,169,6,0.1445485836555699,0
2050,169,7,0.03528802748445582,0
2050,169,8,0.172513855689858,0
2050,170,1,0.2328045198468876,0
2050,170,2,0.08009228157661119,0
2050,170,5,0.14280363418450295,0
2050,170,6,0.16896582598217608,0
2050,170,8,0.30077870334918555,0
2050,171,1,0.28814648982348556,0
2050,171,5,0.17695473472103282,0
2050,171,6,0.06820957073429094,0
2050,171,8,0.3280900683369541,0
2050,172,1,0.3496717221202559,0
2050,172,2,0.12213720116999909,0
2050,172,5,0.012684364615284605,0
2050,172,6,0.14011660496185757,0
2050,172,8,0.26496270956271833,0
2050,173,1,0.3090210224327425,0
2050,173,2,0.09707046667815608,0
2050,173,5,0.06355641166455205,0
2050,173,6,0.13615281673733062,0
2050,173,8,0.281874203462464,0
2050,174,1,0.10972275580676294,0
2050,174,2,0.01848498594296755,0
2050,174,3,0.04476786099939742,0
2050,174,5,0.18044678019350882,0
2050,174,6,0.15919123095391302,0
2050,174,8,0.32424247079254204,0
2050,175,1,0.05872887647175424,0
2050,175,2,0.26685449377365716,0
2050,175,4,0.06576550179748807,0
2050,175,5,0.35223041236600366,0
2050,175,7,0.02850589941932825,0
2050,175,8,0.05139038892861183,0
2050,176,1,0.21904848982521377,0
2050,176,2,0.2789217135478194,0
2050,176,3,0.035793613178133996,0
2050,176,5,0.37971140990710217,0
2050,176,7,0.015294427552361026,0
2050,177,1,0.3063571067875758,0
2050,177,2,0.21942132769785233,0
2050,177,3,0.11659836579216472,0
2050,177,5,0.1645143401732099,0
2050,177,6,0.010766861407301726,0
2050,177,8,0.08852494057992634,0
2050,178,1,0.33418756165353514,0
2050,178,2,0.12633640729070353,0
2050,178,3,0.05403870448005155,0
2050,178,5,0.015756322532203982,0
2050,178,6,0.1281376873896304,0
2050,178,8,0.2437111025365596,0
2050,179,1,0.3366774200457298,0
2050,179,2,0.16579788038541007,0
2050,179,5,0.06864868737578707,0
2050,179,6,0.18448349546904944,0
2050,179,8,0.1742947950602894,0
2050,180,1,0.28575239761732196,0
2050,180,2,0.13870022170556887,0
2050,180,3,0.03434357165330738,0
2050,180,5,0.23048262852070034,0
2050,180,8,0.1933473231993245,0
2050,181,1,0.2534259724433849,0
2050,181,2,0.26735705188282916,0
2050,181,5,0.15953093293111112,0
2050,181,6,0.03550307981402334,0
2050,181,8,0.09344680084710477,0
2050,182,1,0.17174671006358957,0
2050,182,2,0.08311147659053346,0
2050,182,4,0.04213625848039121,0
2050,182,5,0.06533365028704588,0
2050,182,6,0.0940158766181627,0
2050,182,8,0.33901160958062443,0
2050,183,1,0.23232883773993032,0
2050,183,5,0.22203252528935083,0
2050,183,6,0.09205953939364837,0
2050,183,7,0.011651787572437787,0
2050,183,8,0.3415187335471557,0
2050,184,1,0.21677466716681873,0
2050,184,2,0.19132892584769587,0
2050,184,3,0.12334236102137558,0
2050,184,5,0.195894311163227,0
2050,184,7,0.028553609726004087,0
2050,184,8,0.1548921530368528,0
2050,185,1,0.23940710345891783,0
2050,185,2,0.13739776857494146,0
2050,185,3,0.03320313658883424,0
2050,185,4,0.062124379689660995,0
2050,185,5,0.08109313374935953,0
2050,185,6,0.03363494037162413,0
2050,185,7,0.06345669101597368,0
2050,185,8,0.2519381671573493,0
2050,186,1,0.33846505253435105,0
2050,186,2,0.10882869974233982,0
2050,186,5,0.13887651366638984,0
2050,186,6,0.0335906586918441,0
2050,186,8,0.23997918230200305,0
2050,187,1,0.12749232588701026,0
2050,187,2,0.21645161011379818,0
2050,187,4,0.1559615630467677,0
2050,187,5,0.18613854555475012,0
2050,187,7,0.10660286642945042,0
2050,187,8,0.11064752609504686,0
2050,188,1,0.011822423328960956,0
2050,188,2,0.35675202928540517,0
2050,188,3,0.029671566856967736,0
2050,188,4,0.253431416059312,0
2050,188,5,0.19611948758369718,0
2050,189,2,0.16906013510017734,0
2050,189,4,0.13646209157759723,0
2050,189,6,0.41831808293708844,0
2050,189,8,0.16773045576807838,0
2050,190,1,0.07353404498173641,0
2050,190,2,0.08271693828799918,0
2050,190,4,0.1160031048688117,0
2050,190,5,0.35089730568312844,0
2050,190,6,0.21013624602068298,0
2050,190,7,0.012544537500346033,0
2050,190,8,0.11436294653273431,0
2050,191,1,0.13349031867295225,0
2050,191,2,0.18038292561137725,0
2050,191,3,0.07504659302317693,0
2050,191,4,0.07535562607719337,0
2050,191,5,0.325042860211559,0
2050,191,6,0.14782324504790623,0
2050,192,1,0.23173596273779554,0
2050,192,2,0.25138884642903864,0
2050,192,3,0.10765138025897965,0
2050,192,4,0.09665668743115328,0
2050,192,5,0.15352896441471942,0
2050,192,6,0.04070198601441782,0
2050,193,1,0.283050988769625,0
2050,193,2,0.03899034595658869,0
2050,193,4,0.09233708690141221,0
2050,193,5,0.08819421064436501,0
2050,193,6,0.14453419549634985,0
2050,193,8,0.23412129561085654,0
2050,194,1,0.33485278153748793,0
2050,194,3,0.021921598132841127,0
2050,194,5,0.01745040185017826,0
2050,194,6,0.23628727818044343,0
2050,194,8,0.2462787240125534,0
2050,195,1,0.23066970552603974,0
2050,195,5,0.06935844771410674,0
2050,195,6,0.2093659365924891,0
2050,195,8,0.25075084381740725,0
2050,196,1,0.1818982029345687,0
2050,196,5,0.2539924765164812,0
2050,196,6,0.12206252784731642,0
2050,196,8,0.18432436737605432,0
2050,197,1,0.2756557620923552,0
2050,197,2,0.1489384797796699,0
2050,197,4,0.0441274646640981,0
2050,197,5,0.2785800855714309,0
2050,197,6,0.030951057975843722,0
2050,197,8,0.10562693471539777,0
2050,198,1,0.20078426935139598,0
2050,198,2,0.1635847273419344,0
2050,198,4,0.15340247020685133,0
2050,198,5,0.02501324708016256,0
2050,198,6,0.10510237192131969,0
2050,198,7,0.10524119245186954,0
2050,198,8,0.16292444999688208,0
2050,199,1,0.18322877867893408,0
2050,199,2,0.2399432104623254,0
2050,199,4,0.07549011646959053,0
2050,199,5,0.18540180630715994,0
2050,199,7,0.16309149309775234,0
2050,199,8,0.05458134689766694,0
2050,200,1,0.27693494375653005,0
2050,200,2,0.20721756891836546,0
2050,200,5,0.23520445545785115,0
2050,200,6,0.10327903237295193,0
2050,200,8,0.09113594959842339,0
2050,201,1,0.28687268007927524,0
2050,201,2,0.2101431350967261,0
2050,201,3,0.051018863569454224,0
2050,201,4,0.027790612567120714,0
2050,201,5,0.14825030986265575,0
2050,201,6,0.14178968888767043,0
2050,201,8,0.042071835826410206,0
2050,202,1,0.1093847915351226,0
2050,202,2,0.1380971215434787,0
2050,202,4,0.10225106385033407,0
2050,202,5,0.04907906030601335,0
2050,202,6,0.07564261382411325,0
2050,202,7,0.14093191086774884,0
2050,202,8,0.19526927619291043,0
2050,203,1,0.08437256618219686,0
2050,203,2,0.2500847890318783,0
2050,203,3,0.030314419991828122,0
2050,203,4,0.1339200750422192,0
2050,203,5,0.27372237093621127,0
2050,204,1,0.2468603082769508,0
2050,204,2,0.19143193522579863,0
2050,204,3,0.015677629619308853,0
2050,204,4,0.02218054200625314,0
2050,204,5,0.3262845251903556,0
2050,204,6,0.08715920759950493,0
2050,205,1,0.24618642796533832,0
2050,205,2,0.1078194053471685,0
2050,205,3,0.08831501614310182,0
2050,205,4,0.02508862354478017,0
2050,205,5,0.3138099458869053,0
2050,205,8,0.08578839489245313,0
2050,206,1,0.1611280146961931,0
2050,206,2,0.04358047326886424,0
2050,206,4,0.12893667581956897,0
2050,206,5,0.05855501987581284,0
2050,206,6,0.3178565794997896,0
2050,206,8,0.23147369415594754,0
2050,207,1,0.030196843806180398,0
2050,207,2,0.18091729077364546,0
2050,207,3,0.1402212989629303,0
2050,207,4,0.24037106422450039,0
2050,207,5,0.27098787927497414,0
2050,207,6,0.024925229313019975,0
2050,207,7,0.03655020414513007,0
2050,208,1,0.11342363212501572,0
2050,208,3,0.11957089573582165,0
2050,208,4,0.1789816023583374,0
2050,208,6,0.1627456155427744,0
2050,208,8,0.3387379745560497,0
2050,209,1,0.12854522810576302,0
2050,209,4,0.07600278291688323,0
2050,209,6,0.3709383127003916,0
2050,209,8,0.2756301081702432,0
2050,210,1,0.08611901350122822,0
2050,210,2,0.1069197001497379,0
2050,210,4,0.15861947488731185,0
2050,210,5,0.051882022023128756,0
2050,210,6,0.2543834754840412,0
2050,210,7,0.018631690501766347,0
2050,210,8,0.15209560908205272,0
2050,211,1,0.19768390818994913,0
2050,211,2,0.01227804460251988,0
2050,211,4,0.08768663170678676,0
2050,211,5,0.31471574448849216,0
2050,211,6,0.14516773459632032,0
2050,211,7,0.04034607301122975,0
2050,211,8,0.1181247449593597,0
2050,212,1,0.20207774901288678,0
2050,212,2,0.05759622082520536,0
2050,212,3,0.017374940495991555,0
2050,212,4,0.07396997205148087,0
2050,212,5,0.4222815573249313,0
2050,212,6,0.1338089642897069,0
2050,213,1,0.28499942201277206,0
2050,213,2,0.15226927276066918,0
2050,213,3,0.08634885653289294,0
2050,213,5,0.24843237498661758,0
2050,213,6,0.11393480770968673,0
2050,214,1,0.30801910097203183,0
2050,214,2,0.15215123446541987,0
2050,214,3,0.11366326204814105,0
2050,214,5,0.2193377798525234,0
2050,214,8,0.04234371464703775,0
2050,215,1,0.23667303952214683,0
2050,215,2,0.01118398451706657,0
2050,215,4,0.06881348041306394,0
2050,215,5,0.05411993851507715,0
2050,215,6,0.09463478596206962,0
2050,215,7,0.18816731387320898,0
2050,215,8,0.22118316263977897,0
2050,216,1,0.17816823377508537,0
2050,216,2,0.17122646459257293,0
2050,216,4,0.06521272573654022,0
2050,216,5,0.04928906018586667,0
2050,216,6,0.15249205290943418,0
2050,216,7,0.1274666212093056,0
2050,216,8,0.060497708354950344,0
2050,217,1,0.17041524461566238,0
2050,217,2,0.1930063049302287,0
2050,217,3,0.03273096480705029,0
2050,217,5,0.2491219415617563,0
2050,217,6,0.06909377976002151,0
2050,217,7,0.05325133388790887,0
2050,218,1,0.3294749163249725,0
2050,218,2,0.03895675650447763,0
2050,218,5,0.17429058335249706,0
2050,218,6,0.07681027492136279,0
2050,218,7,0.07440810630461964,0
2050,218,8,0.15137560282662965,0
2050,219,1,0.34331555827156285,0
2050,219,2,0.07968288449943564,0
2050,219,3,0.07094687855305874,0
2050,219,5,0.23043925239566465,0
2050,219,6,0.04462053953112819,0
2050,219,8,0.06824609204158748,0
2050,220,1,0.28642169818892943,0
2050,220,2,0.1163680527608919,0
2050,220,3,0.13815565188104686,0
2050,220,5,0.15401397531688873,0
2050,220,6,0.10953805717847936,0
2050,220,8,0.042192118032590153,0
2050,221,1,0.3211846202289222,0
2050,221,2,0.0782750979785579,0
2050,221,3,0.10395614635401995,0
2050,221,5,0.1192955200986381,0
2050,221,6,0.12600758675765936,0
2050,221,8,0.08501136906264374,0
2050,222,1,0.3499674912688998,0
2050,222,2,0.05032813395478534,0
2050,222,3,0.016198815910497166,0
2050,222,5,0.17525496646626537,0
2050,222,6,0.11542775156535627,0
2050,222,8,0.11912800827234199,0
2050,223,1,0.2526746781047249,0
2050,223,2,0.012550504597696358,0
2050,223,5,0.2687047766641155,0
2050,223,6,0.045751757884196574,0
2050,223,8,0.15045313267447954,0
2050,224,1,0.19662975930539153,0
2050,224,4,0.011599480836684405,0
2050,224,5,0.1955466488026111,0
2050,224,6,0.10908916917348137,0
2050,224,7,0.02395046399402766,0
2050,224,8,0.19312671536517867,0
2050,225,1,0.22625826450700887,0
2050,225,2,0.07944143014055552,0
2050,225,3,0.08648533655420637,0
2050,225,4,0.11894768719380204,0
2050,225,5,0.09706876130424391,0
2050,225,6,0.09638203077977596,0
2050,225,8,0.17979739626337288,0
2050,226,1,0.24998500084313713,0
2050,226,4,0.07168923658090626,0
2050,226,5,0.18305390255947174,0
2050,226,6,0.20205906962506373,0
2050,226,8,0.19455914770346727,0
2050,227,1,0.23348580614880618,0
2050,227,2,0.0866740216104844,0
2050,227,3,0.033250993794362374,0
2050,227,4,0.059938824213115076,0
2050,227,5,0.26654195953923693,0
2050,227,6,0.05143540873296981,0
2050,227,8,0.09937331152217113,0
2050,228,1,0.2525909312258676,0
2050,228,2,0.14430631860716361,0
2050,228,3,0.03380934414502116,0
2050,228,4,0.072138938443623,0
2050,228,5,0.31722825230432994,0
2050,228,8,0.02991298474459244,0
2050,229,1,0.20715867711470506,0
2050,229,2,0.15116494705471165,0
2050,229,4,0.1619484965053767,0
2050,229,5,0.23923875885118345,0
2050,229,6,0.12299960179703917,0
2050,229,8,0.014386407101449665,0
2050,230,1,0.09424616754649667,0
2050,230,2,0.08188825130535164,0
2050,230,4,0.17956819855759604,0
2050,230,5,0.21337046280659636,0
2050,230,6,0.16886066569843308,0
2050,230,8,0.059833523292430114,0
2050,231,1,0.18027980790530518,0
2050,231,2,0.13217520929573662,0
2050,231,4,0.043029186058043074,0
2050,231,5,0.1988127015627552,0
2050,231,6,0.19299852044497773,0
2050,231,8,0.01921983199128242,0
2050,232,1,0.30939888653324865,0
2050,232,2,0.07595077900272543,0
2050,232,3,0.09191119430574853,0
2050,232,5,0.11987946770468096,0
2050,232,6,0.18004249761708183,0
2050,232,8,0.08057016363917067,0
2050,233,1,0.318002809387037,0
2050,233,2,0.1241239508212939,0
2050,233,3,0.015189608565543185,0
2050,233,5,0.055108003021449345,0
2050,233,6,0.1601353009873838,0
2050,233,7,0.14282019111079178,0
2050,233,8,0.06576101992326483,0
2050,234,1,0.3215739149348484,0
2050,234,2,0.0945397420631097,0
2050,234,5,0.07769361414810207,0
2050,234,6,0.14416132792382172,0
2050,234,7,0.12049526058569832,0
2050,234,8,0.13019962906742658,0
2050,235,1,0.19428879785738637,0
2050,235,4,0.14419688794354613,0
2050,235,6,0.29641660422700034,0
2050,235,7,0.028714858364505644,0
2050,235,8,0.26432885040498494,0
2050,236,1,0.10227758980373088,0
2050,236,2,0.11840902393458975,0
2050,236,3,0.10581855676419735,0
2050,236,4,0.05447626572309746,0
2050,236,5,0.22021113833176162,0
2050,236,6,0.25162451342604997,0
2050,236,8,0.06999742181046802,0
2050,237,4,0.21944198910264381,0
2050,237,5,0.06026331224953878,0
2050,237,6,0.2595684921387311,0
2050,237,7,0.06099545294696957,0
2050,237,8,0.24773529958393023,0
2050,238,4,0.24809923111661877,0
2050,238,6,0.12432782011078644,0
2050,238,7,0.11876169327744847,0
2050,238,8,0.30460543128925466,0
2050,239,1,0.1431095199992164,0
2050,239,2,0.1677067056887421,0
2050,239,4,0.2199591330407719,0
2050,239,5,0.02824816970348901,0
2050,239,6,0.1266357806655458,0
2050,239,7,0.14470633912304554,0
2050,239,8,0.06472762913639897,0
2050,240,1,0.14294133927013825,0
2050,240,2,0.17801535751526046,0
2050,240,3,0.0408043641340336,0
2050,240,4,0.1636879073897005,0
2050,240,5,0.21654566557633642,0
2050,240,7,0.1453523883444962,0
2050,241,1,0.17033884705066393,0
2050,241,2,0.17117237232760182,0
2050,241,3,0.04577519593281927,0
2050,241,4,0.10857115394806456,0
2050,241,5,0.3519034144994492,0
2050,241,7,0.03309858778598882,0
2050,242,1,0.3279591070904646,0
2050,242,2,0.021037075601267732,0
2050,242,3,0.06414275505193755,0
2050,242,5,0.23019024413029476,0
2050,242,6,0.030160898384993102,0
2050,242,8,0.15627206808136937,0
2050,243,1,0.33349541474884714,0
2050,243,2,0.039128884508831556,0
2050,243,5,0.13008141853802038,0
2050,243,6,0.176507122521843,0
2050,243,8,0.1825659574920667,0
2050,244,1,0.14039271918447369,0
2050,244,2,0.1849247400075238,0
2050,244,4,0.10697858340401796,0
2050,244,5,0.11132460393063716,0
2050,244,6,0.24246073687772246,0
2050,244,7,0.019836097071017588,0
2050,245,1,0.053763200089556644,0
2050,245,2,0.16301672098670025,0
2050,245,4,0.18923866993308244,0
2050,245,5,0.21042148820984982,0
2050,245,6,0.11661256495868245,0
2050,245,7,0.036072830015592756,0
2050,246,1,0.31555970580505727,0
2050,246,2,0.07674031033557163,0
2050,246,4,0.1440268906298783,0
2050,246,5,0.034334375273546554,0
2050,246,6,0.1193984664518335,0
2050,246,7,0.03237728693430878,0
2050,246,8,0.12233429402437924,0
2050,247,1,0.3370466579202279,0
2050,247,2,0.013217901754510281,0
2050,247,4,0.11063163078788063,0
2050,247,6,0.2296189292766697,0
2050,247,7,0.010386037503305925,0
2050,247,8,0.188349076153532,0
2050,248,1,0.20013848530753095,0
2050,248,2,0.09443086288311377,0
2050,248,4,0.16250244368994943,0
2050,248,6,0.2233439774632888,0
2050,248,7,0.12498135191756328,0
2050,248,8,0.11277830997934785,0
2050,249,1,0.2750133296250874,0
2050,249,2,0.06412596665629784,0
2050,249,5,0.04836541422001883,0
2050,249,6,0.44527306272586537,0
2050,249,7,0.018649567251022767,0
2050,249,8,0.11923087035337147,0
2050,250,1,0.25424031723845253,0
2050,250,2,0.17554273598584427,0
2050,250,3,0.1074815361817823,0
2050,250,5,0.13561424095461855,0
2050,250,6,0.16603341228712906,0
2050,250,7,0.04571329215204515,0
2050,250,8,0.027542546318536858,0
2050,251,1,0.09395882238560004,0
2050,251,2,0.18139173745699239,0
2050,251,3,0.14750686249840594,0
2050,251,4,0.07689411282289844,0
2050,251,5,0.2658319855242576,0
2050,252,1,0.18625752637864693,0
2050,252,2,0.08778258943299637,0
2050,252,3,0.07959119986429619,0
2050,252,5,0.11044088583257998,0
2050,252,6,0.10484994362624445,0
2050,252,7,0.017143962811717536,0
2050,252,8,0.1440172188690426,0
2050,253,1,0.3014513700136851,0
2050,253,2,0.059613964163042085,0
2050,253,6,0.29012248024672754,0
2050,253,7,0.157906820633242,0
2050,253,8,0.05944928530859138,0
2050,254,1,0.260347311405969,0
2050,254,2,0.13813540938657276,0
2050,254,4,0.07500298006010274,0
2050,254,5,0.031143973849664035,0
2050,254,6,0.18854631819374756,0
2050,254,7,0.18333862117394623,0
2050,255,1,0.11389375907935892,0
2050,255,2,0.1572987851502693,0
2050,255,3,0.06347369534209626,0
2050,255,4,0.20623016105397565,0
2050,255,5,0.07811094050207511,0
2050,255,6,0.09094722229506817,0
2050,255,7,0.18546477951051393,0
2050,256,1,0.1392458263361309,0
2050,256,2,0.1101796885205569,0
2050,256,3,0.22474528972397412,0
2050,256,4,0.08469849822620955,0
2050,256,5,0.21723735637044211,0
2050,256,6,0.10597842170363826,0
2050,257,1,0.018402503475425665,0
2050,257,2,0.05799585003385795,0
2050,257,3,0.24939931866697063,0
2050,257,4,0.09102295322057494,0
2050,257,5,0.18787511211493038,0
2050,257,6,0.20168805342829815,0
2050,257,7,0.08112100549692144,0
2050,257,8,0.040969054703105495,0
2050,258,3,0.15071095207122226,0
2050,258,4,0.24259053429514635,0
2050,258,5,0.07454803801402075,0
2050,258,6,0.21040776338984354,0
2050,258,7,0.020163493948841066,0
2050,258,8,0.1506508975072628,0
2050,259,1,0.048863647296085944,0
2050,259,3,0.22166132473007163,0
2050,259,4,0.010056704829594297,0
2050,259,6,0.32493440759906783,0
2050,259,8,0.18406363442341678,0
2050,260,1,0.11294118093532657,0
2050,260,3,0.08098282213329247,0
2050,260,4,0.03357681653081943,0
2050,260,5,0.1313546134247038,0
2050,260,6,0.3136069960624379,0
2050,260,7,0.14796237751992605,0
2050,260,8,0.12345837729106715,0
2050,261,1,0.047940453799126044,0
2050,261,2,0.027719402074930635,0
2050,261,3,0.07922103026728099,0
2050,261,4,0.282859709667964,0
2050,261,5,0.35108662173791916,0
2050,261,7,0.09146214460762399,0
2050,262,1,0.14911405858759924,0
2050,262,2,0.013085352888131287,0
2050,262,3,0.14701765230173977,0
2050,262,4,0.1547164950328287,0
2050,262,5,0.3603951719474999,0
2050,262,8,0.03470682687071253,0
2050,263,1,0.33282950260755356,0
2050,263,3,0.043949730687871405,0
2050,263,5,0.18500736624819464,0
2050,263,6,0.2658248909518778,0
2050,263,8,0.04366830483529004,0
2050,264,1,0.3470472236181272,0
2050,264,3,0.06703940427367758,0
2050,264,5,0.033153640085960855,0
2050,264,6,0.16924293701474502,0
2050,264,7,0.11265982828297412,0
2050,264,8,0.09774560131019104,0
2050,265,1,0.12575085396869562,0
2050,265,2,0.01131447297360617,0
2050,265,3,0.10671596346139066,0
2050,265,4,0.08153466474478709,0
2050,265,5,0.09438712274246834,0
2050,265,6,0.24590944094007722,0
2050,265,8,0.10370989251725414,0
2050,266,1,0.07856133338125228,0
2050,266,3,0.22228635247606612,0
2050,266,4,0.10363939397010731,0
2050,266,5,0.08289795355402836,0
2050,266,6,0.13594468301383064,0
2050,266,8,0.09310791112867818,0
2050,267,1,0.17117438273663507,0
2050,267,3,0.04477953235839886,0
2050,267,4,0.028738992312619636,0
2050,267,6,0.23305780857752756,0
2050,267,7,0.2357788030671594,0
2050,267,8,0.16686253120420372,0
2050,268,1,0.28134923725541183,0
2050,268,2,0.019147033854221084,0
2050,268,3,0.07826018780289307,0
2050,268,5,0.2248200081338996,0
2050,268,6,0.13768736897457554,0
2050,268,7,0.03314655324101474,0
2050,268,8,0.09309514244357579,0
2050,269,1,0.2662808592840559,0
2050,269,3,0.1268985893347978,0
2050,269,5,0.2253448140505719,0
2050,269,6,0.15893566903695963,0
2050,269,8,0.07466601371673633,0
2050,270,1,0.15496502862401176,0
2050,270,3,0.24192063794566793,0
2050,270,5,0.17942703624699882,0
2050,270,6,0.17531271983792476,0
2050,270,7,0.019833019558403827,0
2050,270,8,0.09734374543660201,0
2050,271,1,0.08470081808218881,0
2050,271,2,0.1022442736475127,0
2050,271,3,0.40178179526537117,0
2050,271,5,0.11343311988760676,0
2050,271,6,0.12660831146451365,0
2050,271,7,0.026953127995888386,0
2050,272,1,0.04841173407349327,0
2050,272,3,0.26732028337759095,0
2050,272,5,0.019733556988614145,0
2050,272,6,0.27276575934382435,0
2050,272,7,0.03567598165703892,0
2050,272,8,0.14214229077940038,0
2050,273,3,0.20969370286135328,0
2050,273,5,0.10048155705886605,0
2050,273,6,0.15299829883115407,0
2050,273,7,0.15258379767791128,0
2050,273,8,0.17892612859032161,0
2050,274,2,0.028601222588000554,0
2050,274,3,0.17923719041217176,0
2050,274,5,0.3036705750801432,0
2050,274,7,0.2555998985330399,0
2050,274,8,0.08967834971878279,0
2050,275,1,0.06333081280313431,0
2050,275,2,0.09830760175309083,0
2050,275,3,0.1499090081597726,0
2050,275,4,0.01619335254532169,0
2050,275,5,0.4582236237025285,0
2050,275,7,0.10949092776939418,0
2050,276,1,0.32289477735419286,0
2050,276,3,0.09573279190404115,0
2050,276,5,0.26286227660926614,0
2050,276,8,0.11901083914553663,0
2050,277,1,0.30114384673857114,0
2050,277,3,0.2707805495420291,0
2050,277,5,0.11996391179857478,0
2050,277,8,0.11077545894960884,0
2050,278,1,0.1882767765676481,0
2050,278,2,0.016930603919087798,0
2050,278,3,0.1944938177934862,0
2050,278,4,0.2640809216923417,0
2050,278,6,0.012885930210943811,0
2050,278,8,0.14960679014458242,0
2050,279,2,0.07667371677807668,0
2050,279,3,0.10296740322191524,0
2050,279,4,0.3202295126509182,0
2050,279,5,0.12905155421938355,0
2050,279,6,0.10655258522651945,0
2050,279,8,0.06660948687801198,0
2050,280,1,0.01688954425234229,0
2050,280,4,0.15293554713819135,0
2050,280,5,0.11693106089990772,0
2050,280,6,0.2425100525730465,0
2050,280,7,0.11973974419922935,0
2050,280,8,0.14181559301336416,0
2050,281,1,0.27630315294807956,0
2050,281,2,0.07738206103017484,0
2050,281,3,0.07780314167453324,0
2050,281,4,0.016060089441958504,0
2050,281,5,0.17845146917710636,0
2050,281,6,0.047514889648567364,0
2050,281,7,0.047765267435951456,0
2050,281,8,0.11800816346676087,0
2050,282,1,0.332712670734638,0
2050,282,2,0.05758526188736865,0
2050,282,3,0.08054139785654332,0
2050,282,4,0.03761611900754718,0
2050,282,5,0.1587661256681045,0
2050,282,8,0.15455477808011428,0
2050,283,1,0.20689510070839404,0
2050,283,3,0.27398978234532234,0
2050,283,5,0.014941902010013823,0
2050,283,6,0.09856735648900534,0
2050,283,7,0.011609767761370012,0
2050,283,8,0.228532767750625,0
2050,284,1,0.19531943324299822,0
2050,284,3,0.16965547321331306,0
2050,284,6,0.2919538168691798,0
2050,284,7,0.03423855971830003,0
2050,284,8,0.21464149722329837,0
2050,285,1,0.26077782680206085,0
2050,285,2,0.09151302617644692,0
2050,285,3,0.14124130336220017,0
2050,285,5,0.06568986485214723,0
2050,285,6,0.12872943205847,0
2050,285,7,0.02534921047815941,0
2050,285,8,0.12750398717638153,0
2050,286,1,0.10770550737377708,0
2050,286,2,0.014975856436924822,0
2050,286,3,0.0805550422748785,0
2050,286,4,0.03370720015808553,0
2050,286,5,0.0344298294632566,0
2050,286,6,0.1313486902106636,0
2050,286,7,0.13952232136392717,0
2050,286,8,0.22269038432120603,0
2050,287,1,0.05263995679146397,0
2050,287,3,0.09566571440214704,0
2050,287,5,0.04699091241905594,0
2050,287,6,0.15600048741175704,0
2050,287,7,0.15339337885261856,0
2050,287,8,0.2465554762531873,0
2050,288,1,0.14800178195514258,0
2050,288,2,0.11845434112715267,0
2050,288,3,0.19037618678850007,0
2050,288,5,0.1464753159548784,0
2050,288,6,0.09660083219808009,0
2050,288,7,0.12488273483399011,0
2050,288,8,0.04142109149369325,0
2050,289,1,0.2484898273683153,0
2050,289,2,0.16562829272579938,0
2050,289,3,0.08618383643251136,0
2050,289,4,0.09261279451583344,0
2050,289,5,0.12491756829764845,0
2050,289,6,0.058393978869595256,0
2050,289,7,0.09960843341083365,0
2050,290,1,0.3581540997261191,0
2050,290,3,0.14326298414781347,0
2050,290,4,0.11642297064919528,0
2050,290,8,0.18519074848359185,0
2050,291,1,0.4333139363214481,0
2050,291,2,0.02321303572067463,0
2050,291,3,0.07088892207676617,0
2050,291,4,0.03199630799708842,0
2050,291,5,0.11734483421310776,0
2050,291,8,0.1343330804499368,0
2050,292,1,0.3885220193241002,0
2050,292,3,0.18297238763127996,0
2050,292,5,0.0671472873841161,0
2050,292,8,0.15694299430192685,0
2050,293,1,0.17332717837210557,0
2050,293,3,0.33658245338838055,0
2050,293,6,0.04641391090155712,0
2050,293,8,0.14895328972641608,0
2050,294,1,0.03376147034317946,0
2050,294,3,0.10290072697424572,0
2050,294,4,0.08061539055017108,0
2050,294,6,0.05488419863310697,0
2050,294,7,0.26224012855488654,0
2050,294,8,0.20094098245132727,0
2050,295,1,0.01969776680205327,0
2050,295,2,0.11908433488940309,0
2050,295,3,0.12467846335278301,0
2050,295,4,0.08425152845613548,0
2050,295,7,0.42871642887913136,0
2050,295,8,0.11648576554026209,0
2050,296,1,0.09743582834293468,0
2050,296,2,0.20811162874013406,0
2050,296,3,0.2469849643681532,0
2050,296,4,0.022178361985824277,0
2050,296,5,0.11690002224386296,0
2050,296,7,0.21198331037563073,0
2050,297,1,0.21725846395823228,0
2050,297,2,0.0960844277960818,0
2050,297,3,0.056618594187586045,0
2050,297,4,0.0780425185518436,0
2050,297,7,0.28974543971024663,0
2050,297,8,0.14949698549318022,0
2050,298,1,0.17430512687857277,0
2050,298,2,0.23827275662423947,0
2050,298,3,0.09561087467620301,0
2050,298,4,0.1994421636546443,0
2050,298,5,0.08502514512872007,0
2050,298,7,0.09966704477330479,0
2050,299,1,0.1232233644386541,0
2050,299,2,0.11908541596528807,0
2050,299,3,0.21894674152449956,0
2050,299,4,0.26734649577006814,0
2050,299,5,0.0264224028604767,0
2050,299,8,0.10726573694431475,0
2050,300,1,0.0628174961660369,0
2050,300,2,0.11215085051264438,0
2050,300,3,0.24116367928502364,0
2050,300,4,0.18878479886334393,0
2050,300,5,0.0,0
2050,300,6,0.019221624651629264,0
2050,300,8,0.14767293462883735,0
2050,301,1,0.0673419002983952,0
2050,301,2,0.08224383773741159,0
2050,301,3,0.1577659930206396,0
2050,301,4,0.16041602165022545,0
2050,301,6,0.1726117431401518,0
2050,301,8,0.15116326812562975,0
2050,302,1,0.2556728505640955,0
2050,302,3,0.2717747899620287,0
2050,302,4,0.13903434988981733,0
2050,302,5,0.042410578903693,0
2050,302,6,0.041862699171964335,0
2050,302,7,0.02160951862470248,0
2050,302,8,0.08227864990800904,0
2050,303,1,0.25711386567200156,0
2050,303,3,0.04236716937279173,0
2050,303,4,0.10401651565643842,0
2050,303,6,0.13181217160531708,0
2050,303,7,0.2417950285654894,0
2050,303,8,0.14259053981149813,0
2050,304,1,0.06376369533009779,0
2050,304,2,0.021622356675467948,0
2050,304,3,0.20743466589488035,0
2050,304,4,0.04643636365029994,0
2050,304,5,0.10737206408319755,0
2050,304,6,0.06133393450899244,0
2050,304,7,0.32385247495213976,0
2050,304,8,0.07131383886443568,0
2050,305,2,0.039934952709777316,0
2050,305,3,0.37701935219678423,0
2050,305,4,0.0772937412706425,0
2050,305,5,0.3759171100601083,0
2050,306,1,0.09952042972395124,0
2050,306,2,0.050877819257402694,0
2050,306,3,0.28071779878494707,0
2050,306,4,0.13701301209835648,0
2050,306,5,0.30839403163979434,0
2050,307,1,0.17150707095007425,0
2050,307,3,0.1762551693987955,0
2050,307,4,0.09542067704509251,0
2050,307,5,0.21013988232820124,0
2050,307,8,0.12218481207208287,0
2050,308,1,0.21111820306554244,0
2050,308,3,0.0723300536796035,0
2050,308,4,0.16608031698904926,0
2050,308,5,0.07426845902081583,0
2050,308,6,0.013104159383789954,0
2050,308,7,0.01866831899526939,0
2050,308,8,0.1866695850118824,0
2050,309,1,0.350239535049789,0
2050,309,4,0.2164452447231775,0
2050,309,6,0.08548361920451822,0
2050,309,7,0.04935321077052068,0
2050,309,8,0.1692144623829748,0
2050,310,1,0.2796688099341616,0
2050,310,4,0.2719653731863432,0
2050,310,6,0.10845295910942292,0
2050,310,7,0.07581896803775402,0
2050,310,8,0.17519540818162244,0
2050,311,1,0.15222944196438495,0
2050,311,2,0.03482963391017212,0
2050,311,4,0.3690377989552937,0
2050,311,6,0.03310731810825227,0
2050,311,7,0.18963754767395133,0
2050,311,8,0.13534762550152382,0
2050,312,1,0.09220982153300945,0
2050,312,2,0.13273977413888013,0
2050,312,3,0.12405636911547936,0
2050,312,4,0.42324642224517717,0
2050,312,5,0.016138284037388755,0
2050,312,6,0.055979383384433576,0
2050,312,7,0.07998169356056012,0
2050,313,1,0.038950059951423956,0
2050,313,2,0.09585986375554187,0
2050,313,4,0.2710916670777498,0
2050,313,6,0.21825548480696436,0
2050,313,7,0.32539022632304965,0
2050,313,8,0.028723913224289917,0
2050,314,2,0.11856646273399807,0
2050,314,3,0.03727372782171336,0
2050,314,4,0.2850315870780626,0
2050,314,6,0.33689304529536096,0
2050,314,7,0.13316657132444715,0
2050,315,2,0.13961513727864458,0
2050,315,4,0.298204950822041,0
2050,315,6,0.19493583867440478,0
2050,315,7,0.21893312469044454,0
2050,316,1,0.18267150017764144,0
2050,316,2,0.14221561023306328,0
2050,316,4,0.30074956236269285,0
2050,316,6,0.09925090851131549,0
2050,316,7,0.2089307368035888,0
2050,317,1,0.10087547952603292,0
2050,317,2,0.08462306054574072,0
2050,317,4,0.363787107983922,0
2050,317,6,0.1258784759016237,0
2050,317,7,0.2354685205874306,0
2050,317,8,0.05971841741901467,0
2050,318,1,0.07675838787987518,0
2050,318,2,0.0930292614884073,0
2050,318,3,0.08487219322378796,0
2050,318,4,0.3370876864102215,0
2050,318,6,0.2965174974903236,0
2050,318,7,0.08202639161973076,0
2050,318,8,0.02970858188765369,0
2050,319,1,0.26225576707461856,0
2050,319,3,0.1156031172942455,0
2050,319,4,0.10626532232502922,0
2050,319,6,0.38610378496429265,0
2050,319,8,0.11652005396971161,0
2050,320,1,0.16777263576265827,0
2050,320,4,0.11111387102393266,0
2050,320,6,0.3017033353879482,0
2050,320,7,0.2612226308663926,0
2050,320,8,0.14384586425782409,0
2050,321,1,0.027326414679927812,0
2050,321,3,0.10864618034327113,0
2050,321,4,0.32373553669143806,0
2050,321,6,0.21963278025749355,0
2050,321,8,0.1965020303872416,0
2050,322,1,0.08733760068640478,0
2050,322,2,0.09639907701591778,0
2050,322,3,0.03783399473444697,0
2050,322,4,0.17845594444024698,0
2050,322,6,0.5017203334753331,0
2050,322,7,0.027584951467259675,0
2050,322,8,0.025888328623954657,0
2050,323,1,0.18708885880402815,0
2050,323,2,0.03739689801118608,0
2050,323,3,0.02184862410166494,0
2050,323,4,0.2522642822730695,0
2050,323,6,0.48466335372993885,0
2050,323,8,0.01673798308011253,0
2050,324,1,0.20402493635953783,0
2050,324,3,0.32906184789396203,0
2050,324,4,0.03660606127260396,0
2050,324,6,0.26825587538271317,0
2050,324,7,0.082043612324439,0
2050,324,8,0.051007589536770676,0
2050,325,1,0.09955411700954057,0
2050,325,3,0.43048947217837186,0
2050,325,4,0.01883957988351647,0
2050,325,6,0.09797501057900292,0
2050,325,7,0.21726146125036422,0
2050,325,8,0.09832984201146715,0
2050,326,1,0.2581849655565748,0
2050,326,3,0.22017477026817467,0
2050,326,4,0.05669421050414376,0
2050,326,6,0.16650110844289104,0
2050,326,7,0.23196027646398162,0
2050,326,8,0.06648466876423403,0
2050,327,1,0.4381417324680454,0
2050,327,3,0.11623147101415848,0
2050,327,4,0.09540585965747919,0
2050,327,6,0.151765141523608,0
2050,327,7,0.09656644356339969,0
2050,327,8,0.06843329298633846,0
2050,328,1,0.03419644934625526,0
2050,328,2,0.047549135913653874,0
2050,328,3,0.039916013201731194,0
2050,328,4,0.37035653027890064,0
2050,328,6,0.04386279352908449,0
2050,328,7,0.32734029324648056,0
2050,328,8,0.04291122037935973,0
2050,329,2,0.08971241650371008,0
2050,329,3,0.4008971151706463,0
2050,329,4,0.38700154671809806,0
2050,330,1,0.15524777906575563,0
2050,330,3,0.4171690375488157,0
2050,330,4,0.11518590185047407,0
2050,330,5,0.08375896263819628,0
2050,330,7,0.1615944824345392,0
2050,330,8,0.02326354640140944,0
2050,331,3,0.23052467698479787,0
2050,331,4,0.335866493054456,0
2050,331,7,0.4300369879078823,0
2050,332,2,0.021118343020137105,0
2050,332,3,0.1996465775722417,0
2050,332,4,0.4352474211728244,0
2050,332,6,0.13379906402008482,0
2050,332,7,0.17759825971575705,0
2050,332,8,0.03259033449895491,0
2050,333,2,0.019778430210230416,0
2050,333,3,0.1772864077940148,0
2050,333,4,0.2824210487200615,0
2050,333,6,0.26900610960518717,0
2050,333,7,0.22313533621616632,0
2050,333,8,0.028372667454339667,0
2050,334,1,0.020398059042104247,0
2050,334,2,0.022131678703553412,0
2050,334,3,0.19155949504468267,0
2050,334,4,0.29701363639639233,0
2050,334,6,0.31775908141115955,0
2050,334,7,0.10670877612583717,0
2050,334,8,0.04442927327627057,0
2050,335,2,0.08661346139166372,0
2050,335,3,0.2796101769408954,0
2050,335,4,0.24142383092518985,0
2050,335,6,0.22346432450904466,0
2050,335,7,0.11175385867102215,0
2050,336,1,0.07624595274748466,0
2050,336,2,0.043723184762064604,0
2050,336,4,0.3903995382333582,0
2050,336,6,0.2122437872629265,0
2050,336,7,0.14919525290499325,0
2050,336,8,0.04199467179522305,0
2050,337,1,0.15798510225041668,0
2050,337,4,0.587022432263074,0
2050,337,5,0.03565753961421066,0
2050,337,7,0.1640392693281033,0
2050,337,8,0.0518197918379047,0
2050,338,1,0.05311820856382331,0
2050,338,2,0.04692611616676483,0
2050,338,4,0.6321568416483873,0
2050,338,6,0.07850081740703947,0
2050,338,7,0.18929801621398518,0
2050,339,2,0.056606472204189864,0
2050,339,4,0.660894414546787,0
2050,339,5,0.05379652266140805,0
2050,339,7,0.2186111994023713,0
2050,340,2,0.012455584728730198,0
2050,340,3,0.027534454594631434,0
2050,340,4,0.6667079436333452,0
2050,340,5,0.07579572498681705,0
2050,340,6,0.0972817769242824,0
2050,340,7,0.09693310822532973,0
2050,340,8,0.023291406906864074,0
2050,341,1,0.04811400912820678,0
2050,341,3,0.19407281581452984,0
2050,341,4,0.6454821184973714,0
2050,341,5,0.08297972399395563,0
2050,342,1,0.04718749776933565,0
2050,342,4,0.5318832180163896,0
2050,342,6,0.07999607187258984,0
2050,342,7,0.17582015107427287,0
2050,342,8,0.0964871894039434,0
2050,343,2,0.06337220050085275,0
2050,343,3,0.06568405419091199,0
2050,343,4,0.6616946664133554,0
2050,343,6,0.011087997701448735,0
2050,343,7,0.1485514710346515,0
2050,344,3,0.07794614181182631,0
2050,344,4,0.5862931798469119,0
2050,344,7,0.33011364541319677,0
2050,345,1,0.05938211455821553,0
2050,345,2,0.04243218303024025,0
2050,345,3,0.06448329304037008,0
2050,345,4,0.5931855324218805,0
2050,345,6,0.13901486961329496,0
2050,345,7,0.10150200733599855,0
2050,346,1,0.19794073065851597,0
2050,346,3,0.0832655956563059,0
2050,346,4,0.4999926191975157,0
2050,346,5,0.05315059977596025,0
2050,346,6,0.16565045471170214,0
2050,347,1,0.3278925265647638,0
2050,347,3,0.10891555254384828,0
2050,347,4,0.35125670959547645,0
2050,347,5,0.09380755992172726,0
2050,347,6,0.11812765137418423,0
2050,348,1,0.29747370206585244,0
2050,348,3,0.14455128896732833,0
2050,348,4,0.4677499181806568,0
2050,348,5,0.03126012896118254,0
2050,349,1,0.20276826880869037,0
2050,349,3,0.13144792546067388,0
2050,349,4,0.5119008924852506,0
2050,350,1,0.04872688846601693,0
2050,350,3,0.01746514778394388,0
2050,350,4,0.6430036093018515,0
2050,350,6,0.13439951328750888,0
2050,350,8,0.054930199397488076,0
2050,351,1,0.11316444725066256,0
2050,351,4,0.6485297410430251,0
2050,351,6,0.20818499611783886,0
2050,351,7,0.028981083186090377,0
2050,352,1,0.03574385002132904,0
2050,352,4,0.7669554528415051,0
2050,352,6,0.014392151920737483,0
2050,352,7,0.180999643556109,0
2050,353,4,1.0,0
2050,354,2,0.032790895800347726,0
2050,354,3,0.040129173780835074,0
2050,354,4,0.8184585587301082,0
2050,354,6,0.06465744153170083,0
2050,354,7,0.043963930157008134,0
2050,355,2,0.023176552451427593,0
2050,355,3,0.05332576757647119,0
2050,355,4,0.7168541003076842,0
2050,355,6,0.12192717905631426,0
2050,355,7,0.08471640060810268,0
2050,356,2,0.040421889594830916,0
2050,356,3,0.02410997952693837,0
2050,356,4,0.6196166619754483,0
2050,356,6,0.2942080820731688,0
2050,356,7,0.021643386829613535,0
2050,357,2,0.04033389229787291,0
2050,357,4,0.6459724290057935,0
2050,357,6,0.17720190776529046,0
2050,357,7,0.10602143263941136,0
2050,358,2,0.03885034029284451,0
2050,358,3,0.017968584866404545,0
2050,358,4,0.6148201482354257,0
2050,358,6,0.04381318643467254,0
2050,358,7,0.22276714140749318,0
2050,358,8,0.022573981379169827,0
2050,359,2,0.037786160473174665,0
2050,359,3,0.08692118642268752,0
2050,359,4,0.6026343387009144,0
2050,359,5,0.030888808831169973,0
2050,359,6,0.09083225002570955,0
2050,359,7,0.08774595897740249,0
2050,360,1,0.07519774692001227,0
2050,360,3,0.2123541926742804,0
2050,360,4,0.4736423956089614,0
2050,360,6,0.12734355575750658,0
2050,360,8,0.06318425405001316,0
2050,361,1,0.19862376426460157,0
2050,361,3,0.05106064154107761,0
2050,361,4,0.46239008567397144,0
2050,361,6,0.1897961832520132,0
2050,361,7,0.04860605664733155,0
2050,361,8,0.049523268621004604,0
2050,362,1,0.2131290269039319,0
2050,362,3,0.16892057155057671,0
2050,362,4,0.5015103038262201,0
2050,362,6,0.11216041960170628,0
2050,363,1,0.16709633084579564,0
2050,363,4,0.32845812007306796,0
2050,363,6,0.1866976679171477,0
2050,363,7,0.2576397215041299,0
2050,363,8,0.025404004846799322,0
2050,364,3,0.14168843381953156,0
2050,364,4,0.2800344833494605,0
2050,364,6,0.16228680660358585,0
2050,364,7,0.35687750254665834,0
2050,364,8,0.029681786957945412,0
2050,365,1,0.05450385511542854,0
2050,365,3,0.1386258452207792,0
2050,365,4,0.32397213416411286,0
2050,365,6,0.06276800581504716,0
2050,365,7,0.3540256076380527,0
2050,365,8,0.05625621659579921,0
