rep_period,timestep,year,scenario,profile_name,value
1,1,2030,0,demand,0.5068455156715781
1,2,2030,0,demand,0.4981282832002212
1,3,2030,0,demand,0.4897228119440263
1,4,2030,0,demand,0.48082350290252085
1,5,2030,0,demand,0.48650822954966655
1,6,2030,0,demand,0.5016046904163918
1,7,2030,0,demand,0.5262708542165241
1,8,2030,0,demand,0.5607677330438781
1,9,2030,0,demand,0.5953971540538591
1,10,2030,0,demand,0.6193958303460904
1,11,2030,0,demand,0.634640644903518
1,12,2030,0,demand,0.6432693170635287
1,13,2030,0,demand,0.6419204180639347
1,14,2030,0,demand,0.6330677465122809
1,15,2030,0,demand,0.6251928545450005
1,16,2030,0,demand,0.6222966476086229
1,17,2030,0,demand,0.6220681518777598
1,18,2030,0,demand,0.6250125310673823
1,19,2030,0,demand,0.6348467180677817
1,20,2030,0,demand,0.6422195366524457
1,21,2030,0,demand,0.6368591754028828
1,22,2030,0,demand,0.601940205145514
1,23,2030,0,demand,0.5597681263131778
1,24,2030,0,demand,0.5479626650617537
1,1,2030,0,hydro_inflow,0.29829496532726985
1,2,2030,0,hydro_inflow,0.29918290782544577
1,3,2030,0,hydro_inflow,0.2994589462586608
1,4,2030,0,hydro_inflow,0.30016025097480326
1,5,2030,0,hydro_inflow,0.29933145493733754
1,6,2030,0,hydro_inflow,0.29942751171266724
1,7,2030,0,hydro_inflow,0.2995916472607345
1,8,2030,0,hydro_inflow,0.299086463221189
1,9,2030,0,hydro_inflow,0.29979785873346665
1,10,2030,0,hydro_inflow,0.2999179389135011
1,11,2030,0,hydro_inflow,0.2996189656748562
1,12,2030,0,hydro_inflow,0.29948303246593144
1,13,2030,0,hydro_inflow,0.2995197537858697
1,14,2030,0,hydro_inflow,0.29914016060431364
1,15,2030,0,hydro_inflow,0.2997854363037932
1,16,2030,0,hydro_inflow,0.29949018179918696
1,17,2030,0,hydro_inflow,0.2992964726561319
1,18,2030,0,hydro_inflow,0.2992276845751718
1,19,2030,0,hydro_inflow,0.2991916383978584
1,20,2030,0,hydro_inflow,0.2994326825237599
1,21,2030,0,hydro_inflow,0.2987810615506504
1,22,2030,0,hydro_inflow,0.2990834554531458
1,23,2030,0,hydro_inflow,0.29967407343851477
1,24,2030,0,hydro_inflow,0.29935371787775983
1,1,2030,0,solar,0.0
1,2,2030,0,solar,0.0
1,3,2030,0,solar,0.0
1,4,2030,0,solar,0.0
1,5,2030,0,solar,0.0
1,6,2030,0,solar,6.901559337297513e-5
1,7,2030,0,solar,0.0068463737947663935
1,8,2030,0,solar,0.062753538118788
1,9,2030,0,solar,0.1676447032980775
1,10,2030,0,solar,0.2749879904851851
1,11,2030,0,solar,0.3498572768265798
1,12,2030,0,solar,0.39866755741715637
1,13,2030,0,solar,0.41413401778874054
1,14,2030,0,solar,0.39818679719593325
1,15,2030,0,solar,0.34997518981701853
1,16,2030,0,solar,0.2796954859325261
1,17,2030,0,solar,0.1882944670022221
1,18,2030,0,solar,0.09175977804950092
1,19,2030,0,solar,0.02492928413192265
1,20,2030,0,solar,0.0006299952957844817
1,21,2030,0,solar,0.0
1,22,2030,0,solar,0.0
1,23,2030,0,solar,0.0
1,24,2030,0,solar,0.0
1,1,2030,0,wind_offshore,0.2060677007898823
1,2,2030,0,wind_offshore,0.20585620168745564
1,3,2030,0,wind_offshore,0.20538286624567578
1,4,2030,0,wind_offshore,0.20963887723873842
1,5,2030,0,wind_offshore,0.2165751530849621
1,6,2030,0,wind_offshore,0.23080717989808908
1,7,2030,0,wind_offshore,0.25415672540205003
1,8,2030,0,wind_offshore,0.2777737409923477
1,9,2030,0,wind_offshore,0.2921145874083648
1,10,2030,0,wind_offshore,0.30689991606874867
1,11,2030,0,wind_offshore,0.318783323396177
1,12,2030,0,wind_offshore,0.3475625352535631
1,13,2030,0,wind_offshore,0.3872555203233187
1,14,2030,0,wind_offshore,0.418874576617921
1,15,2030,0,wind_offshore,0.44461949243588605
1,16,2030,0,wind_offshore,0.4709837967959409
1,17,2030,0,wind_offshore,0.48878806835239713
1,18,2030,0,wind_offshore,0.5005425012797134
1,19,2030,0,wind_offshore,0.5120425722317477
1,20,2030,0,wind_offshore,0.5216549971421921
1,21,2030,0,wind_offshore,0.5246558468573717
1,22,2030,0,wind_offshore,0.519614809921712
1,23,2030,0,wind_offshore,0.4837267522894913
1,24,2030,0,wind_offshore,0.4769823067166118
1,1,2030,0,wind_onshore,0.23075169506210033
1,2,2030,0,wind_onshore,0.22315592098419898
1,3,2030,0,wind_onshore,0.21576679463870949
1,4,2030,0,wind_onshore,0.20994350526061717
1,5,2030,0,wind_onshore,0.20530026149631897
1,6,2030,0,wind_onshore,0.20182081176518327
1,7,2030,0,wind_onshore,0.19781465164000955
1,8,2030,0,wind_onshore,0.19250964022684
1,9,2030,0,wind_onshore,0.19098385876073604
1,10,2030,0,wind_onshore,0.19480510192327186
1,11,2030,0,wind_onshore,0.19999807041955003
1,12,2030,0,wind_onshore,0.2201888543254024
1,13,2030,0,wind_onshore,0.24122338724966977
1,14,2030,0,wind_onshore,0.26085296725263385
1,15,2030,0,wind_onshore,0.2768960076526759
1,16,2030,0,wind_onshore,0.2838369780705939
1,17,2030,0,wind_onshore,0.28543586428764994
1,18,2030,0,wind_onshore,0.2870847760443905
1,19,2030,0,wind_onshore,0.28685308295323125
1,20,2030,0,wind_onshore,0.2879266269117706
1,21,2030,0,wind_onshore,0.2900040374724321
1,22,2030,0,wind_onshore,0.2835176472292805
1,23,2030,0,wind_onshore,0.26666274211219404
1,24,2030,0,wind_onshore,0.25978085016269264
2,1,2030,0,demand,0.5178060960320154
2,2,2030,0,demand,0.5044350072142472
2,3,2030,0,demand,0.4907944132240331
2,4,2030,0,demand,0.4794358997418796
2,5,2030,0,demand,0.47997991536353746
2,6,2030,0,demand,0.4933788295777348
2,7,2030,0,demand,0.525479430141044
2,8,2030,0,demand,0.5673941396983461
2,9,2030,0,demand,0.6036013247265808
2,10,2030,0,demand,0.6304195983282583
2,11,2030,0,demand,0.6394271831699517
2,12,2030,0,demand,0.6384245633651269
2,13,2030,0,demand,0.6335202279922184
2,14,2030,0,demand,0.6212422127270483
2,15,2030,0,demand,0.6031612258979433
2,16,2030,0,demand,0.5915189170080773
2,17,2030,0,demand,0.5922252195239234
2,18,2030,0,demand,0.6076111327391088
2,19,2030,0,demand,0.6344052873933657
2,20,2030,0,demand,0.6603936355212597
2,21,2030,0,demand,0.6632155676195688
2,22,2030,0,demand,0.6316852620007111
2,23,2030,0,demand,0.583194868965322
2,24,2030,0,demand,0.5604795015573103
2,1,2030,0,hydro_inflow,0.5958209872880029
2,2,2030,0,hydro_inflow,0.5952349726871954
2,3,2030,0,hydro_inflow,0.5958488789106255
2,4,2030,0,hydro_inflow,0.5960615498508953
2,5,2030,0,hydro_inflow,0.5964157465605087
2,6,2030,0,hydro_inflow,0.5973481917797643
2,7,2030,0,hydro_inflow,0.5966083595097701
2,8,2030,0,hydro_inflow,0.5971698152793836
2,9,2030,0,hydro_inflow,0.5970778236460123
2,10,2030,0,hydro_inflow,0.5969765299843032
2,11,2030,0,hydro_inflow,0.5971138176131989
2,12,2030,0,hydro_inflow,0.5957430089584943
2,13,2030,0,hydro_inflow,0.5959285966273
2,14,2030,0,hydro_inflow,0.5968303161253683
2,15,2030,0,hydro_inflow,0.5950893160970143
2,16,2030,0,hydro_inflow,0.5959552949697519
2,17,2030,0,hydro_inflow,0.5939710887846787
2,18,2030,0,hydro_inflow,0.5946902648231597
2,19,2030,0,hydro_inflow,0.5944034832126966
2,20,2030,0,hydro_inflow,0.5953313260873657
2,21,2030,0,hydro_inflow,0.5958339074816655
2,22,2030,0,hydro_inflow,0.5954855184789508
2,23,2030,0,hydro_inflow,0.5952794834824269
2,24,2030,0,hydro_inflow,0.596869371155566
2,1,2030,0,solar,0.0
2,2,2030,0,solar,0.0
2,3,2030,0,solar,0.0
2,4,2030,0,solar,0.0
2,5,2030,0,solar,0.0
2,6,2030,0,solar,0.0
2,7,2030,0,solar,0.0
2,8,2030,0,solar,0.0027187683569930145
2,9,2030,0,solar,0.05589199588136793
2,10,2030,0,solar,0.15116090168192858
2,11,2030,0,solar,0.23639421990006484
2,12,2030,0,solar,0.2973956337886467
2,13,2030,0,solar,0.32487247552897475
2,14,2030,0,solar,0.3215596159152128
2,15,2030,0,solar,0.2860809254827459
2,16,2030,0,solar,0.22356939392978678
2,17,2030,0,solar,0.1345958595652407
2,18,2030,0,solar,0.03832290914479185
2,19,2030,0,solar,0.0005883355918836514
2,20,2030,0,solar,0.0
2,21,2030,0,solar,0.0
2,22,2030,0,solar,0.0
2,23,2030,0,solar,0.0
2,24,2030,0,solar,0.0
2,1,2030,0,wind_offshore,0.5898537583449831
2,2,2030,0,wind_offshore,0.5983209718627089
2,3,2030,0,wind_offshore,0.6013078689846163
2,4,2030,0,wind_offshore,0.6055714132442525
2,5,2030,0,wind_offshore,0.6138574093871075
2,6,2030,0,wind_offshore,0.6178532614547689
2,7,2030,0,wind_offshore,0.6135370700958791
2,8,2030,0,wind_offshore,0.6071060907650394
2,9,2030,0,wind_offshore,0.5923541515397448
2,10,2030,0,wind_offshore,0.577542657160507
2,11,2030,0,wind_offshore,0.5533483702615106
2,12,2030,0,wind_offshore,0.5403216349796952
2,13,2030,0,wind_offshore,0.5306830656635976
2,14,2030,0,wind_offshore,0.5289368931816962
2,15,2030,0,wind_offshore,0.5212087805522833
2,16,2030,0,wind_offshore,0.5199685769724618
2,17,2030,0,wind_offshore,0.5194293750651834
2,18,2030,0,wind_offshore,0.5163905018792011
2,19,2030,0,wind_offshore,0.5182869201305069
2,20,2030,0,wind_offshore,0.5184874164075847
2,21,2030,0,wind_offshore,0.5114700333129573
2,22,2030,0,wind_offshore,0.5044210566521944
2,23,2030,0,wind_offshore,0.497008682370279
2,24,2030,0,wind_offshore,0.49342283177649543
2,1,2030,0,wind_onshore,0.5557313271086308
2,2,2030,0,wind_onshore,0.5558532859567774
2,3,2030,0,wind_onshore,0.5540141900260052
2,4,2030,0,wind_onshore,0.5535508956156409
2,5,2030,0,wind_onshore,0.5580553603790277
2,6,2030,0,wind_onshore,0.557818132180166
2,7,2030,0,wind_onshore,0.5566840008389439
2,8,2030,0,wind_onshore,0.5584753017535308
2,9,2030,0,wind_onshore,0.554523708846348
2,10,2030,0,wind_onshore,0.5562116924335812
2,11,2030,0,wind_onshore,0.5647006180753762
2,12,2030,0,wind_onshore,0.599668903153821
2,13,2030,0,wind_onshore,0.627424712248366
2,14,2030,0,wind_onshore,0.6414520282333623
2,15,2030,0,wind_onshore,0.6473530277234333
2,16,2030,0,wind_onshore,0.6361117283234968
2,17,2030,0,wind_onshore,0.6067578509739484
2,18,2030,0,wind_onshore,0.5783473926363906
2,19,2030,0,wind_onshore,0.562461933818316
2,20,2030,0,wind_onshore,0.5545317815082588
2,21,2030,0,wind_onshore,0.5497295354584916
2,22,2030,0,wind_onshore,0.5420610783739559
2,23,2030,0,wind_onshore,0.54608825694127
2,24,2030,0,wind_onshore,0.5424116091416664
3,1,2030,0,demand,0.48939610901814784
3,2,2030,0,demand,0.4786802796574509
3,3,2030,0,demand,0.46801317122349817
3,4,2030,0,demand,0.4583726129631679
3,5,2030,0,demand,0.46219324132363504
3,6,2030,0,demand,0.47547918989373433
3,7,2030,0,demand,0.501151217006652
3,8,2030,0,demand,0.5338087757284832
3,9,2030,0,demand,0.5674542464895301
3,10,2030,0,demand,0.5899803684311298
3,11,2030,0,demand,0.5989131821277777
3,12,2030,0,demand,0.6017159890760118
3,13,2030,0,demand,0.5986056949130037
3,14,2030,0,demand,0.585432929942649
3,15,2030,0,demand,0.573124929852744
3,16,2030,0,demand,0.5666643381056689
3,17,2030,0,demand,0.5663015067715047
3,18,2030,0,demand,0.5771922390183519
3,19,2030,0,demand,0.5973476328893981
3,20,2030,0,demand,0.6127037908543287
3,21,2030,0,demand,0.611979269582274
3,22,2030,0,demand,0.5797596377750162
3,23,2030,0,demand,0.5362839807207572
3,24,2030,0,demand,0.5221480074808845
3,1,2030,0,hydro_inflow,0.28473947807947525
3,2,2030,0,hydro_inflow,0.2847164069843562
3,3,2030,0,hydro_inflow,0.2841612715077287
3,4,2030,0,hydro_inflow,0.2845817880290001
3,5,2030,0,hydro_inflow,0.2848048184634018
3,6,2030,0,hydro_inflow,0.28576861958665367
3,7,2030,0,hydro_inflow,0.2857623061394454
3,8,2030,0,hydro_inflow,0.2871869030279751
3,9,2030,0,hydro_inflow,0.28774513315329636
3,10,2030,0,hydro_inflow,0.28812430718693766
3,11,2030,0,hydro_inflow,0.2894973323921514
3,12,2030,0,hydro_inflow,0.28918041749462714
3,13,2030,0,hydro_inflow,0.2893024538883777
3,14,2030,0,hydro_inflow,0.288528872855058
3,15,2030,0,hydro_inflow,0.2877746904820712
3,16,2030,0,hydro_inflow,0.28740874331587507
3,17,2030,0,hydro_inflow,0.28610648068206984
3,18,2030,0,hydro_inflow,0.28579859779189276
3,19,2030,0,hydro_inflow,0.2862380025391115
3,20,2030,0,hydro_inflow,0.2858970834176581
3,21,2030,0,hydro_inflow,0.28556323723341925
3,22,2030,0,hydro_inflow,0.2852726928543456
3,23,2030,0,hydro_inflow,0.28517044527059837
3,24,2030,0,hydro_inflow,0.2850922028548309
3,1,2030,0,solar,0.0
3,2,2030,0,solar,0.0
3,3,2030,0,solar,0.0
3,4,2030,0,solar,0.0
3,5,2030,0,solar,0.0
3,6,2030,0,solar,1.0922301271140316e-6
3,7,2030,0,solar,0.002391583047754619
3,8,2030,0,solar,0.028564898595024712
3,9,2030,0,solar,0.09290791829186675
3,10,2030,0,solar,0.17023408229710982
3,11,2030,0,solar,0.23346584347801103
3,12,2030,0,solar,0.27786077078000376
3,13,2030,0,solar,0.29756211730044513
3,14,2030,0,solar,0.29221220844095297
3,15,2030,0,solar,0.2592997223864248
3,16,2030,0,solar,0.20156992936953405
3,17,2030,0,solar,0.12690401702805923
3,18,2030,0,solar,0.05204787070527687
3,19,2030,0,solar,0.009146922284112458
3,20,2030,0,solar,0.00011847991921267996
3,21,2030,0,solar,0.0
3,22,2030,0,solar,0.0
3,23,2030,0,solar,0.0
3,24,2030,0,solar,0.0
3,1,2030,0,wind_offshore,0.588328628438778
3,2,2030,0,wind_offshore,0.6044631061578357
3,3,2030,0,wind_offshore,0.614368793909845
3,4,2030,0,wind_offshore,0.6220303504106469
3,5,2030,0,wind_offshore,0.6198526275333017
3,6,2030,0,wind_offshore,0.6046270368599862
3,7,2030,0,wind_offshore,0.5955605157860487
3,8,2030,0,wind_offshore,0.5960812184648397
3,9,2030,0,wind_offshore,0.6071829914720945
3,10,2030,0,wind_offshore,0.6178197922272151
3,11,2030,0,wind_offshore,0.6165052577457121
3,12,2030,0,wind_offshore,0.6174302870532012
3,13,2030,0,wind_offshore,0.6111353320902769
3,14,2030,0,wind_offshore,0.6120809658485121
3,15,2030,0,wind_offshore,0.6094742808764048
3,16,2030,0,wind_offshore,0.6047952631125594
3,17,2030,0,wind_offshore,0.6069399086141198
3,18,2030,0,wind_offshore,0.6079092748627565
3,19,2030,0,wind_offshore,0.6035428532181156
3,20,2030,0,wind_offshore,0.5960477378891672
3,21,2030,0,wind_offshore,0.5867114513112417
3,22,2030,0,wind_offshore,0.5797947881904705
3,23,2030,0,wind_offshore,0.57487875740686
3,24,2030,0,wind_offshore,0.5743755229769959
3,1,2030,0,wind_onshore,0.5207186284771712
3,2,2030,0,wind_onshore,0.5243699066520443
3,3,2030,0,wind_onshore,0.5211739009656932
3,4,2030,0,wind_onshore,0.517975280058421
3,5,2030,0,wind_onshore,0.5177503881634811
3,6,2030,0,wind_onshore,0.5207027845659729
3,7,2030,0,wind_onshore,0.5237482608253651
3,8,2030,0,wind_onshore,0.5245311765979529
3,9,2030,0,wind_onshore,0.5386851847142239
3,10,2030,0,wind_onshore,0.5518780291426237
3,11,2030,0,wind_onshore,0.5613297249439054
3,12,2030,0,wind_onshore,0.5849352906704957
3,13,2030,0,wind_onshore,0.6071009551840024
3,14,2030,0,wind_onshore,0.6242988906988584
3,15,2030,0,wind_onshore,0.6321682156970593
3,16,2030,0,wind_onshore,0.6328791387598448
3,17,2030,0,wind_onshore,0.6272116967481811
3,18,2030,0,wind_onshore,0.61462522923298
3,19,2030,0,wind_onshore,0.599354557479737
3,20,2030,0,wind_onshore,0.5901112730552635
3,21,2030,0,wind_onshore,0.5802213258882399
3,22,2030,0,wind_onshore,0.5650465964911369
3,23,2030,0,wind_onshore,0.5403774195720817
3,24,2030,0,wind_onshore,0.5376635305220981
4,1,2030,0,demand,0.5114137924766867
4,2,2030,0,demand,0.4969697136584832
4,3,2030,0,demand,0.4837008723961471
4,4,2030,0,demand,0.4736272734498349
4,5,2030,0,demand,0.47460181271416235
4,6,2030,0,demand,0.4869107435961931
4,7,2030,0,demand,0.5180567037738866
4,8,2030,0,demand,0.5613833474736337
4,9,2030,0,demand,0.5960381372535307
4,10,2030,0,demand,0.6225579439761764
4,11,2030,0,demand,0.6316621731298651
4,12,2030,0,demand,0.6331027659478303
4,13,2030,0,demand,0.621994734807243
4,14,2030,0,demand,0.6086022390538846
4,15,2030,0,demand,0.5952392095323957
4,16,2030,0,demand,0.5838700202181353
4,17,2030,0,demand,0.5825250973928918
4,18,2030,0,demand,0.5935033604140499
4,19,2030,0,demand,0.6235323400181928
4,20,2030,0,demand,0.6512902278117941
4,21,2030,0,demand,0.6515300016005552
4,22,2030,0,demand,0.6185011799624802
4,23,2030,0,demand,0.5686283583499941
4,24,2030,0,demand,0.5476902967473154
4,1,2030,0,hydro_inflow,0.5682875676274991
4,2,2030,0,hydro_inflow,0.5671990131936742
4,3,2030,0,hydro_inflow,0.5657197405091705
4,4,2030,0,hydro_inflow,0.5640168539521414
4,5,2030,0,hydro_inflow,0.5632807917576298
4,6,2030,0,hydro_inflow,0.5633760866352976
4,7,2030,0,hydro_inflow,0.5640767358387024
4,8,2030,0,hydro_inflow,0.5651587491187723
4,9,2030,0,hydro_inflow,0.5666586351974726
4,10,2030,0,hydro_inflow,0.5669860245568799
4,11,2030,0,hydro_inflow,0.5678484438945773
4,12,2030,0,hydro_inflow,0.5694719603647115
4,13,2030,0,hydro_inflow,0.5668401868083303
4,14,2030,0,hydro_inflow,0.5658900309750222
4,15,2030,0,hydro_inflow,0.5682916193272406
4,16,2030,0,hydro_inflow,0.5681135463895539
4,17,2030,0,hydro_inflow,0.569910043462275
4,18,2030,0,hydro_inflow,0.570682436077016
4,19,2030,0,hydro_inflow,0.5715845206941808
4,20,2030,0,hydro_inflow,0.5715143339425472
4,21,2030,0,hydro_inflow,0.5713452046565517
4,22,2030,0,hydro_inflow,0.5708608477861324
4,23,2030,0,hydro_inflow,0.5693628215431734
4,24,2030,0,hydro_inflow,0.5678887476016214
4,1,2030,0,solar,0.0
4,2,2030,0,solar,0.0
4,3,2030,0,solar,0.0
4,4,2030,0,solar,0.0
4,5,2030,0,solar,0.0
4,6,2030,0,solar,0.0
4,7,2030,0,solar,0.0
4,8,2030,0,solar,0.009103690086833597
4,9,2030,0,solar,0.09802328537281167
4,10,2030,0,solar,0.22707665097274074
4,11,2030,0,solar,0.3306408210894495
4,12,2030,0,solar,0.4051227515482927
4,13,2030,0,solar,0.4422959652576276
4,14,2030,0,solar,0.43923943230604806
4,15,2030,0,solar,0.39520508959154915
4,16,2030,0,solar,0.31835450697379364
4,17,2030,0,solar,0.20590365794471477
4,18,2030,0,solar,0.07862450223464008
4,19,2030,0,solar,0.003556291963182079
4,20,2030,0,solar,0.0
4,21,2030,0,solar,0.0
4,22,2030,0,solar,0.0
4,23,2030,0,solar,0.0
4,24,2030,0,solar,0.0
4,1,2030,0,wind_offshore,0.45953803193838105
4,2,2030,0,wind_offshore,0.49120348177514983
4,3,2030,0,wind_offshore,0.5282891839703567
4,4,2030,0,wind_offshore,0.5503863260497395
4,5,2030,0,wind_offshore,0.5668822823699133
4,6,2030,0,wind_offshore,0.5819070749915529
4,7,2030,0,wind_offshore,0.5914250731905365
4,8,2030,0,wind_offshore,0.5898645560345582
4,9,2030,0,wind_offshore,0.5895715117296486
4,10,2030,0,wind_offshore,0.5939304038111584
4,11,2030,0,wind_offshore,0.6030682196575107
4,12,2030,0,wind_offshore,0.6172538723697314
4,13,2030,0,wind_offshore,0.6176305453744868
4,14,2030,0,wind_offshore,0.6236515092677711
4,15,2030,0,wind_offshore,0.6168056200226913
4,16,2030,0,wind_offshore,0.5943337314460159
4,17,2030,0,wind_offshore,0.5843894404341463
4,18,2030,0,wind_offshore,0.5817830924931765
4,19,2030,0,wind_offshore,0.5725366839042804
4,20,2030,0,wind_offshore,0.5628203976520895
4,21,2030,0,wind_offshore,0.561118631103563
4,22,2030,0,wind_offshore,0.5617976098649622
4,23,2030,0,wind_offshore,0.5471960516636885
4,24,2030,0,wind_offshore,0.5281381725641808
4,1,2030,0,wind_onshore,0.20622610858695128
4,2,2030,0,wind_onshore,0.2038129254368411
4,3,2030,0,wind_onshore,0.20122761514772694
4,4,2030,0,wind_onshore,0.19954708128772589
4,5,2030,0,wind_onshore,0.1988957474747843
4,6,2030,0,wind_onshore,0.19494763180187633
4,7,2030,0,wind_onshore,0.19540667162980369
4,8,2030,0,wind_onshore,0.19859584912714573
4,9,2030,0,wind_onshore,0.19820041154407744
4,10,2030,0,wind_onshore,0.1970872740918692
4,11,2030,0,wind_onshore,0.19595559777664398
4,12,2030,0,wind_onshore,0.21155301653956626
4,13,2030,0,wind_onshore,0.23402271158308915
4,14,2030,0,wind_onshore,0.25504936632043484
4,15,2030,0,wind_onshore,0.2725132485871528
4,16,2030,0,wind_onshore,0.2834797884894934
4,17,2030,0,wind_onshore,0.28289580951228926
4,18,2030,0,wind_onshore,0.2765438319673467
4,19,2030,0,wind_onshore,0.2848128664148726
4,20,2030,0,wind_onshore,0.29415430323815017
4,21,2030,0,wind_onshore,0.298838932325001
4,22,2030,0,wind_onshore,0.2997692702252641
4,23,2030,0,wind_onshore,0.30329303048233597
4,24,2030,0,wind_onshore,0.3048248225592891
5,1,2030,0,demand,0.5134066035994473
5,2,2030,0,demand,0.5051601421972555
5,3,2030,0,demand,0.4955117754584032
5,4,2030,0,demand,0.48582713051855697
5,5,2030,0,demand,0.49214619163184187
5,6,2030,0,demand,0.5069964897048169
5,7,2030,0,demand,0.5292061849582324
5,8,2030,0,demand,0.5614557229944159
5,9,2030,0,demand,0.5966624088019362
5,10,2030,0,demand,0.6213929111128711
5,11,2030,0,demand,0.6378107628234272
5,12,2030,0,demand,0.6470505616511477
5,13,2030,0,demand,0.6469636795927773
5,14,2030,0,demand,0.6369657219711458
5,15,2030,0,demand,0.6293397508917565
5,16,2030,0,demand,0.626237469028596
5,17,2030,0,demand,0.6253015475917021
5,18,2030,0,demand,0.6268227946400572
5,19,2030,0,demand,0.6309583433192945
5,20,2030,0,demand,0.6366051962977535
5,21,2030,0,demand,0.6316869122034835
5,22,2030,0,demand,0.5987513450275972
5,23,2030,0,demand,0.5576484049151044
5,24,2030,0,demand,0.5470153444979448
5,1,2030,0,hydro_inflow,0.3149577322769661
5,2,2030,0,hydro_inflow,0.3143579135463184
5,3,2030,0,hydro_inflow,0.3141788961785603
5,4,2030,0,hydro_inflow,0.31397087563334675
5,5,2030,0,hydro_inflow,0.313583494195502
5,6,2030,0,hydro_inflow,0.31347019112067026
5,7,2030,0,hydro_inflow,0.31358572687427405
5,8,2030,0,hydro_inflow,0.3134135409040385
5,9,2030,0,hydro_inflow,0.3133371818224412
5,10,2030,0,hydro_inflow,0.3140626270669991
5,11,2030,0,hydro_inflow,0.314426237174386
5,12,2030,0,hydro_inflow,0.3144614003997647
5,13,2030,0,hydro_inflow,0.31416894130932416
5,14,2030,0,hydro_inflow,0.3138922784043105
5,15,2030,0,hydro_inflow,0.31392597343505085
5,16,2030,0,hydro_inflow,0.31383114306190363
5,17,2030,0,hydro_inflow,0.31394345959585207
5,18,2030,0,hydro_inflow,0.31368217157973355
5,19,2030,0,hydro_inflow,0.3139302092558507
5,20,2030,0,hydro_inflow,0.31415040389944276
5,21,2030,0,hydro_inflow,0.31421875495745616
5,22,2030,0,hydro_inflow,0.3141049876596055
5,23,2030,0,hydro_inflow,0.313763573047137
5,24,2030,0,hydro_inflow,0.31384003845195646
5,1,2030,0,solar,0.0
5,2,2030,0,solar,0.0
5,3,2030,0,solar,0.0
5,4,2030,0,solar,0.0
5,5,2030,0,solar,0.0
5,6,2030,0,solar,0.00010713604791448683
5,7,2030,0,solar,0.010659007189893616
5,8,2030,0,solar,0.08081195551584738
5,9,2030,0,solar,0.2006842610964303
5,10,2030,0,solar,0.3169616354988306
5,11,2030,0,solar,0.3957541895957125
5,12,2030,0,solar,0.44928200244425637
5,13,2030,0,solar,0.46674539173531504
5,14,2030,0,solar,0.45311544107663915
5,15,2030,0,solar,0.4080303176001187
5,16,2030,0,solar,0.33542676289229917
5,17,2030,0,solar,0.23626076751966005
5,18,2030,0,solar,0.12374616660875298
5,19,2030,0,solar,0.03439186298150822
5,20,2030,0,solar,0.0017164453765597819
5,21,2030,0,solar,0.0
5,22,2030,0,solar,0.0
5,23,2030,0,solar,0.0
5,24,2030,0,solar,0.0
5,1,2030,0,wind_offshore,0.5911840794756212
5,2,2030,0,wind_offshore,0.6006159894161492
5,3,2030,0,wind_offshore,0.6080824630299053
5,4,2030,0,wind_offshore,0.6163197194157899
5,5,2030,0,wind_offshore,0.6196296574352425
5,6,2030,0,wind_offshore,0.620492293110632
5,7,2030,0,wind_offshore,0.6210428234143027
5,8,2030,0,wind_offshore,0.6225085265582839
5,9,2030,0,wind_offshore,0.6287002328040774
5,10,2030,0,wind_offshore,0.6330946213873258
5,11,2030,0,wind_offshore,0.6350027561078605
5,12,2030,0,wind_offshore,0.6354031595891284
5,13,2030,0,wind_offshore,0.6356075978098256
5,14,2030,0,wind_offshore,0.6369758012766742
5,15,2030,0,wind_offshore,0.6357267910250485
5,16,2030,0,wind_offshore,0.6367238975972338
5,17,2030,0,wind_offshore,0.6369237157396272
5,18,2030,0,wind_offshore,0.6367289926606682
5,19,2030,0,wind_offshore,0.6299004884671906
5,20,2030,0,wind_offshore,0.6189900046278799
5,21,2030,0,wind_offshore,0.6118368805419424
5,22,2030,0,wind_offshore,0.6051370157010592
5,23,2030,0,wind_offshore,0.5864890230719262
5,24,2030,0,wind_offshore,0.5739291950010369
5,1,2030,0,wind_onshore,0.2574552562322433
5,2,2030,0,wind_onshore,0.24558276449093408
5,3,2030,0,wind_onshore,0.23326396490853007
5,4,2030,0,wind_onshore,0.22327835404900317
5,5,2030,0,wind_onshore,0.2150919328573149
5,6,2030,0,wind_onshore,0.2101271471519047
5,7,2030,0,wind_onshore,0.2053433630901402
5,8,2030,0,wind_onshore,0.19445852711037526
5,9,2030,0,wind_onshore,0.18518568454220466
5,10,2030,0,wind_onshore,0.18511686519058826
5,11,2030,0,wind_onshore,0.1816636052536849
5,12,2030,0,wind_onshore,0.1937855108074023
5,13,2030,0,wind_onshore,0.20823122705920427
5,14,2030,0,wind_onshore,0.22226592247953694
5,15,2030,0,wind_onshore,0.23848839002902977
5,16,2030,0,wind_onshore,0.25575685453173247
5,17,2030,0,wind_onshore,0.27255452533758406
5,18,2030,0,wind_onshore,0.29223891922074935
5,19,2030,0,wind_onshore,0.3094960468859233
5,20,2030,0,wind_onshore,0.32547264728816977
5,21,2030,0,wind_onshore,0.3311838076856555
5,22,2030,0,wind_onshore,0.3216926836749247
5,23,2030,0,wind_onshore,0.29186825973892877
5,24,2030,0,wind_onshore,0.28090584299529103
6,1,2030,0,demand,0.500713649357059
6,2,2030,0,demand,0.49198819886761236
6,3,2030,0,demand,0.48452533662960784
6,4,2030,0,demand,0.4748268733380073
6,5,2030,0,demand,0.48050440320849797
6,6,2030,0,demand,0.495757611843874
6,7,2030,0,demand,0.5232075323946598
6,8,2030,0,demand,0.5572935066094279
6,9,2030,0,demand,0.5881943815044307
6,10,2030,0,demand,0.6099090101565511
6,11,2030,0,demand,0.6212328535257671
6,12,2030,0,demand,0.6252978932850821
6,13,2030,0,demand,0.6220550787998899
6,14,2030,0,demand,0.6113505252277871
6,15,2030,0,demand,0.6007388631363573
6,16,2030,0,demand,0.5959405607688089
6,17,2030,0,demand,0.5953028725665386
6,18,2030,0,demand,0.5985547398104321
6,19,2030,0,demand,0.6114343953286948
6,20,2030,0,demand,0.6258462094511289
6,21,2030,0,demand,0.6227433666132639
6,22,2030,0,demand,0.5888609916220117
6,23,2030,0,demand,0.546876646188203
6,24,2030,0,demand,0.5344805306185946
6,1,2030,0,hydro_inflow,0.2865832726901835
6,2,2030,0,hydro_inflow,0.28665875598476936
6,3,2030,0,hydro_inflow,0.2868625299317231
6,4,2030,0,hydro_inflow,0.28770207061244646
6,5,2030,0,hydro_inflow,0.28759369349374564
6,6,2030,0,hydro_inflow,0.2873753987965766
6,7,2030,0,hydro_inflow,0.2873480729422044
6,8,2030,0,hydro_inflow,0.28757880763150473
6,9,2030,0,hydro_inflow,0.2875769334180988
6,10,2030,0,hydro_inflow,0.28756669317635686
6,11,2030,0,hydro_inflow,0.2874460921987069
6,12,2030,0,hydro_inflow,0.28719696066986655
6,13,2030,0,hydro_inflow,0.287651220273439
6,14,2030,0,hydro_inflow,0.28833515354060646
6,15,2030,0,hydro_inflow,0.2878625302423163
6,16,2030,0,hydro_inflow,0.2875856441529141
6,17,2030,0,hydro_inflow,0.2873263538543453
6,18,2030,0,hydro_inflow,0.28689000681255783
6,19,2030,0,hydro_inflow,0.2870460488104716
6,20,2030,0,hydro_inflow,0.2879293019835292
6,21,2030,0,hydro_inflow,0.2878684431494131
6,22,2030,0,hydro_inflow,0.2881939245782278
6,23,2030,0,hydro_inflow,0.2890644910871073
6,24,2030,0,hydro_inflow,0.28931559578222854
6,1,2030,0,solar,0.0
6,2,2030,0,solar,0.0
6,3,2030,0,solar,0.0
6,4,2030,0,solar,0.0
6,5,2030,0,solar,0.0
6,6,2030,0,solar,3.715466821227212e-5
6,7,2030,0,solar,0.006326998145460568
6,8,2030,0,solar,0.05675104919771995
6,9,2030,0,solar,0.16163952416032018
6,10,2030,0,solar,0.2704404773695272
6,11,2030,0,solar,0.34817650233804204
6,12,2030,0,solar,0.39885942400834185
6,13,2030,0,solar,0.41160661394444475
6,14,2030,0,solar,0.3935230793011267
6,15,2030,0,solar,0.34589307617231735
6,16,2030,0,solar,0.27332936855409073
6,17,2030,0,solar,0.17987896064132247
6,18,2030,0,solar,0.08262712857298414
6,19,2030,0,solar,0.02080391630060065
6,20,2030,0,solar,0.0007187893639851337
6,21,2030,0,solar,0.0
6,22,2030,0,solar,0.0
6,23,2030,0,solar,0.0
6,24,2030,0,solar,0.0
6,1,2030,0,wind_offshore,0.5013364997508003
6,2,2030,0,wind_offshore,0.5121174429735426
6,3,2030,0,wind_offshore,0.5163437476952483
6,4,2030,0,wind_offshore,0.5158890806213016
6,5,2030,0,wind_offshore,0.5019562835013222
6,6,2030,0,wind_offshore,0.48187046648604837
6,7,2030,0,wind_offshore,0.4586501043378711
6,8,2030,0,wind_offshore,0.4329793267546886
6,9,2030,0,wind_offshore,0.39966511080778055
6,10,2030,0,wind_offshore,0.36248091944346666
6,11,2030,0,wind_offshore,0.3185382259957897
6,12,2030,0,wind_offshore,0.28680081648282446
6,13,2030,0,wind_offshore,0.2591347457027765
6,14,2030,0,wind_offshore,0.24041067483327538
6,15,2030,0,wind_offshore,0.22905672340414004
6,16,2030,0,wind_offshore,0.22196286551261823
6,17,2030,0,wind_offshore,0.21286402355376477
6,18,2030,0,wind_offshore,0.20572397967498304
6,19,2030,0,wind_offshore,0.2033758581703905
6,20,2030,0,wind_offshore,0.2003322679600303
6,21,2030,0,wind_offshore,0.19167245996666346
6,22,2030,0,wind_offshore,0.18526393871263885
6,23,2030,0,wind_offshore,0.18330957958404728
6,24,2030,0,wind_offshore,0.18508833849661488
6,1,2030,0,wind_onshore,0.2714191011755745
6,2,2030,0,wind_onshore,0.269619787984447
6,3,2030,0,wind_onshore,0.2664377575004934
6,4,2030,0,wind_onshore,0.26286089692368625
6,5,2030,0,wind_onshore,0.2591115436689615
6,6,2030,0,wind_onshore,0.2561305098738295
6,7,2030,0,wind_onshore,0.252284465722572
6,8,2030,0,wind_onshore,0.2470145748400445
6,9,2030,0,wind_onshore,0.24509838501842862
6,10,2030,0,wind_onshore,0.2490519392611024
6,11,2030,0,wind_onshore,0.24908142780785222
6,12,2030,0,wind_onshore,0.26898837938993164
6,13,2030,0,wind_onshore,0.2882371884514453
6,14,2030,0,wind_onshore,0.3039063438660039
6,15,2030,0,wind_onshore,0.31570445722158835
6,16,2030,0,wind_onshore,0.31895363826452167
6,17,2030,0,wind_onshore,0.31363800699699346
6,18,2030,0,wind_onshore,0.30380726226906596
6,19,2030,0,wind_onshore,0.2928015236925436
6,20,2030,0,wind_onshore,0.28448255572293435
6,21,2030,0,wind_onshore,0.27648893064794094
6,22,2030,0,wind_onshore,0.26306661980823554
6,23,2030,0,wind_onshore,0.24423502549952325
6,24,2030,0,wind_onshore,0.23731809815415905
7,1,2030,0,demand,0.5193421663721968
7,2,2030,0,demand,0.5112620652789511
7,3,2030,0,demand,0.5031362415329051
7,4,2030,0,demand,0.49433916480157647
7,5,2030,0,demand,0.5012568595426641
7,6,2030,0,demand,0.5162230816089733
7,7,2030,0,demand,0.5374724746295046
7,8,2030,0,demand,0.569972433851455
7,9,2030,0,demand,0.6049823116371347
7,10,2030,0,demand,0.6305763460635395
7,11,2030,0,demand,0.6502757378762556
7,12,2030,0,demand,0.6641303353743457
7,13,2030,0,demand,0.6643282425050255
7,14,2030,0,demand,0.6564928414576053
7,15,2030,0,demand,0.6475585013154143
7,16,2030,0,demand,0.6447659995511292
7,17,2030,0,demand,0.6427489044714398
7,18,2030,0,demand,0.6425857754824107
7,19,2030,0,demand,0.6440394869071197
7,20,2030,0,demand,0.6450933567991418
7,21,2030,0,demand,0.6372354189660089
7,22,2030,0,demand,0.6032565596989844
7,23,2030,0,demand,0.5631683107825025
7,24,2030,0,demand,0.5534970045896879
7,1,2030,0,hydro_inflow,0.2968187253829425
7,2,2030,0,hydro_inflow,0.29689164428503767
7,3,2030,0,hydro_inflow,0.2969688216896067
7,4,2030,0,hydro_inflow,0.2965510607038088
7,5,2030,0,hydro_inflow,0.2966430915958021
7,6,2030,0,hydro_inflow,0.2965551366750229
7,7,2030,0,hydro_inflow,0.29705640395552513
7,8,2030,0,hydro_inflow,0.2971160256353316
7,9,2030,0,hydro_inflow,0.2970805523922018
7,10,2030,0,hydro_inflow,0.2968744294989936
7,11,2030,0,hydro_inflow,0.2970714327751197
7,12,2030,0,hydro_inflow,0.2964902001942423
7,13,2030,0,hydro_inflow,0.2966364441851824
7,14,2030,0,hydro_inflow,0.2964749062898088
7,15,2030,0,hydro_inflow,0.29685358231935927
7,16,2030,0,hydro_inflow,0.29631079725996623
7,17,2030,0,hydro_inflow,0.2958130676710559
7,18,2030,0,hydro_inflow,0.2957482224031085
7,19,2030,0,hydro_inflow,0.2955251932880106
7,20,2030,0,hydro_inflow,0.29555426014989855
7,21,2030,0,hydro_inflow,0.29580915598865154
7,22,2030,0,hydro_inflow,0.29614074452687766
7,23,2030,0,hydro_inflow,0.2959286424393269
7,24,2030,0,hydro_inflow,0.29594733292807085
7,1,2030,0,solar,0.0
7,2,2030,0,solar,0.0
7,3,2030,0,solar,0.0
7,4,2030,0,solar,0.0
7,5,2030,0,solar,0.0
7,6,2030,0,solar,5.783681787066847e-5
7,7,2030,0,solar,0.011896235008705855
7,8,2030,0,solar,0.09172771005732495
7,9,2030,0,solar,0.21557240690872725
7,10,2030,0,solar,0.33068416427082414
7,11,2030,0,solar,0.4053803573994303
7,12,2030,0,solar,0.45377133276515624
7,13,2030,0,solar,0.4682216857057339
7,14,2030,0,solar,0.45489587031547135
7,15,2030,0,solar,0.41112029297092206
7,16,2030,0,solar,0.3409490649893883
7,17,2030,0,solar,0.24403382638483173
7,18,2030,0,solar,0.13237623345913432
7,19,2030,0,solar,0.03977771238828246
7,20,2030,0,solar,0.001662981140941019
7,21,2030,0,solar,0.0
7,22,2030,0,solar,0.0
7,23,2030,0,solar,0.0
7,24,2030,0,solar,0.0
7,1,2030,0,wind_offshore,0.12337432329980658
7,2,2030,0,wind_offshore,0.12005564908503102
7,3,2030,0,wind_offshore,0.1171998897835592
7,4,2030,0,wind_offshore,0.11383108210083151
7,5,2030,0,wind_offshore,0.10962017889002011
7,6,2030,0,wind_offshore,0.10267890602032474
7,7,2030,0,wind_offshore,0.0997414551881927
7,8,2030,0,wind_offshore,0.09580913538955277
7,9,2030,0,wind_offshore,0.09546648149658564
7,10,2030,0,wind_offshore,0.0991597944960182
7,11,2030,0,wind_offshore,0.09762837955723731
7,12,2030,0,wind_offshore,0.09557436004374062
7,13,2030,0,wind_offshore,0.09454835079807425
7,14,2030,0,wind_offshore,0.09548570377980756
7,15,2030,0,wind_offshore,0.09726418633681667
7,16,2030,0,wind_offshore,0.1042479273800601
7,17,2030,0,wind_offshore,0.11485471864307925
7,18,2030,0,wind_offshore,0.12565441191981971
7,19,2030,0,wind_offshore,0.13494995869273677
7,20,2030,0,wind_offshore,0.14102303996049861
7,21,2030,0,wind_offshore,0.1438297008906672
7,22,2030,0,wind_offshore,0.1501454493079223
7,23,2030,0,wind_offshore,0.1314975524790726
7,24,2030,0,wind_offshore,0.1391671999809389
7,1,2030,0,wind_onshore,0.15261118685128242
7,2,2030,0,wind_onshore,0.14146693278276537
7,3,2030,0,wind_onshore,0.13186112498673214
7,4,2030,0,wind_onshore,0.12359458898265574
7,5,2030,0,wind_onshore,0.11617272566691313
7,6,2030,0,wind_onshore,0.11022392682351151
7,7,2030,0,wind_onshore,0.10381051071092054
7,8,2030,0,wind_onshore,0.09147129057244809
7,9,2030,0,wind_onshore,0.08440511412140998
7,10,2030,0,wind_onshore,0.0861731821397509
7,11,2030,0,wind_onshore,0.08459894173752974
7,12,2030,0,wind_onshore,0.09423193745042391
7,13,2030,0,wind_onshore,0.10668680667881247
7,14,2030,0,wind_onshore,0.12142731346202745
7,15,2030,0,wind_onshore,0.13894951639560163
7,16,2030,0,wind_onshore,0.15556349027239036
7,17,2030,0,wind_onshore,0.17073552891149474
7,18,2030,0,wind_onshore,0.18513496931643986
7,19,2030,0,wind_onshore,0.19322715485454484
7,20,2030,0,wind_onshore,0.19722434308598455
7,21,2030,0,wind_onshore,0.20239515673439576
7,22,2030,0,wind_onshore,0.19584228634103001
7,23,2030,0,wind_onshore,0.17635234990439158
7,24,2030,0,wind_onshore,0.16920596244878516
8,1,2030,0,demand,0.5073637379771623
8,2,2030,0,demand,0.4957092954778973
8,3,2030,0,demand,0.48636721355015033
8,4,2030,0,demand,0.47727847228124787
8,5,2030,0,demand,0.48033469581951993
8,6,2030,0,demand,0.49839887174489633
8,7,2030,0,demand,0.5301964308840411
8,8,2030,0,demand,0.5704469342016532
8,9,2030,0,demand,0.6045362986583782
8,10,2030,0,demand,0.6260314520720698
8,11,2030,0,demand,0.6313260112994935
8,12,2030,0,demand,0.6288096231468422
8,13,2030,0,demand,0.6196181959124014
8,14,2030,0,demand,0.6059665554845473
8,15,2030,0,demand,0.5923685238830272
8,16,2030,0,demand,0.584823687899633
8,17,2030,0,demand,0.5841523663864586
8,18,2030,0,demand,0.5904938839928472
8,19,2030,0,demand,0.6142194866617944
8,20,2030,0,demand,0.6365292033633044
8,21,2030,0,demand,0.6349598177538052
8,22,2030,0,demand,0.6008491267722798
8,23,2030,0,demand,0.556853246924682
8,24,2030,0,demand,0.5396810274069019
8,1,2030,0,hydro_inflow,0.4594398957281579
8,2,2030,0,hydro_inflow,0.4588893774849616
8,3,2030,0,hydro_inflow,0.45963930107220935
8,4,2030,0,hydro_inflow,0.4599023128919825
8,5,2030,0,hydro_inflow,0.4602217896679227
8,6,2030,0,hydro_inflow,0.4607798300474442
8,7,2030,0,hydro_inflow,0.4603276374965548
8,8,2030,0,hydro_inflow,0.4606351762448959
8,9,2030,0,hydro_inflow,0.4605947785092029
8,10,2030,0,hydro_inflow,0.45970810147696295
8,11,2030,0,hydro_inflow,0.4584350252315352
8,12,2030,0,hydro_inflow,0.45573289094976877
8,13,2030,0,hydro_inflow,0.4564568278137342
8,14,2030,0,hydro_inflow,0.45734995209022195
8,15,2030,0,hydro_inflow,0.45627109844362346
8,16,2030,0,hydro_inflow,0.4554550058408523
8,17,2030,0,hydro_inflow,0.45475390531959214
8,18,2030,0,hydro_inflow,0.45667853387316
8,19,2030,0,hydro_inflow,0.45714495368727837
8,20,2030,0,hydro_inflow,0.45737909972322155
8,21,2030,0,hydro_inflow,0.45820952541430937
8,22,2030,0,hydro_inflow,0.4598394768567936
8,23,2030,0,hydro_inflow,0.45920478607333926
8,24,2030,0,hydro_inflow,0.45874301428709924
8,1,2030,0,solar,0.0
8,2,2030,0,solar,0.0
8,3,2030,0,solar,0.0
8,4,2030,0,solar,0.0
8,5,2030,0,solar,0.0
8,6,2030,0,solar,4.4520432317292656e-5
8,7,2030,0,solar,0.005369913087757685
8,8,2030,0,solar,0.04396805948968796
8,9,2030,0,solar,0.14005677045284565
8,10,2030,0,solar,0.2663758985001016
8,11,2030,0,solar,0.3622740632834185
8,12,2030,0,solar,0.4294066729734153
8,13,2030,0,solar,0.4587291292588494
8,14,2030,0,solar,0.45111949275084
8,15,2030,0,solar,0.40503044929712123
8,16,2030,0,solar,0.3258226198290404
8,17,2030,0,solar,0.21549263759791598
8,18,2030,0,solar,0.0903628009423456
8,19,2030,0,solar,0.017479373086765653
8,20,2030,0,solar,0.00011989235955940301
8,21,2030,0,solar,0.0
8,22,2030,0,solar,0.0
8,23,2030,0,solar,0.0
8,24,2030,0,solar,0.0
8,1,2030,0,wind_offshore,0.12375541405196652
8,2,2030,0,wind_offshore,0.11250156151402708
8,3,2030,0,wind_offshore,0.09838431047881463
8,4,2030,0,wind_offshore,0.0921866800155709
8,5,2030,0,wind_offshore,0.09253792392118734
8,6,2030,0,wind_offshore,0.08974897804932577
8,7,2030,0,wind_offshore,0.08947753503147118
8,8,2030,0,wind_offshore,0.09346540584233314
8,9,2030,0,wind_offshore,0.09840448315424942
8,10,2030,0,wind_offshore,0.10474679578264791
8,11,2030,0,wind_offshore,0.0974455065840878
8,12,2030,0,wind_offshore,0.10557517036837434
8,13,2030,0,wind_offshore,0.1122211185690981
8,14,2030,0,wind_offshore,0.12361606050046568
8,15,2030,0,wind_offshore,0.13264088150700223
8,16,2030,0,wind_offshore,0.1388882766345351
8,17,2030,0,wind_offshore,0.1456671267604258
8,18,2030,0,wind_offshore,0.15256483659473916
8,19,2030,0,wind_offshore,0.16328449813206547
8,20,2030,0,wind_offshore,0.17987940351845996
8,21,2030,0,wind_offshore,0.19526272860691918
8,22,2030,0,wind_offshore,0.21086481623393125
8,23,2030,0,wind_offshore,0.2129243152080355
8,24,2030,0,wind_offshore,0.217410315559128
8,1,2030,0,wind_onshore,0.35197275587311705
8,2,2030,0,wind_onshore,0.33888076720012505
8,3,2030,0,wind_onshore,0.3271417739007691
8,4,2030,0,wind_onshore,0.3171831100298552
8,5,2030,0,wind_onshore,0.3132641865064398
8,6,2030,0,wind_onshore,0.30860381024283534
8,7,2030,0,wind_onshore,0.30280697599203693
8,8,2030,0,wind_onshore,0.2969165290473363
8,9,2030,0,wind_onshore,0.2952707205644211
8,10,2030,0,wind_onshore,0.2956429836240931
8,11,2030,0,wind_onshore,0.2843675027055105
8,12,2030,0,wind_onshore,0.2926322172362543
8,13,2030,0,wind_onshore,0.2988933232620807
8,14,2030,0,wind_onshore,0.3030522192833001
8,15,2030,0,wind_onshore,0.31036741603466883
8,16,2030,0,wind_onshore,0.3195590353276899
8,17,2030,0,wind_onshore,0.3219859609228139
8,18,2030,0,wind_onshore,0.3227149273027793
8,19,2030,0,wind_onshore,0.320164651280094
8,20,2030,0,wind_onshore,0.31531784698269727
8,21,2030,0,wind_onshore,0.3073967548696653
8,22,2030,0,wind_onshore,0.2937737199649311
8,23,2030,0,wind_onshore,0.28106991042444407
8,24,2030,0,wind_onshore,0.2757000457595327
9,1,2030,1,demand,0.5063230241869348
9,2,2030,1,demand,0.5005825267743224
9,3,2030,1,demand,0.49527495416442047
9,4,2030,1,demand,0.4882790174596652
9,5,2030,1,demand,0.4973699601378809
9,6,2030,1,demand,0.5181960739478964
9,7,2030,1,demand,0.5463067699890786
9,8,2030,1,demand,0.5773229203826741
9,9,2030,1,demand,0.6062102412935959
9,10,2030,1,demand,0.6248100773467113
9,11,2030,1,demand,0.6362935774081867
9,12,2030,1,demand,0.6424787753975926
9,13,2030,1,demand,0.6369358004425879
9,14,2030,1,demand,0.6251079908216363
9,15,2030,1,demand,0.6166856737316129
9,16,2030,1,demand,0.6153473227659112
9,17,2030,1,demand,0.6114045389591561
9,18,2030,1,demand,0.6109775686098624
9,19,2030,1,demand,0.6170111024036433
9,20,2030,1,demand,0.6257674658902774
9,21,2030,1,demand,0.6178023965360465
9,22,2030,1,demand,0.5825789059127806
9,23,2030,1,demand,0.543009234120521
9,24,2030,1,demand,0.5340169339908987
9,1,2030,1,hydro_inflow,0.29974782495880625
9,2,2030,1,hydro_inflow,0.29966434329503067
9,3,2030,1,hydro_inflow,0.2995642496355002
9,4,2030,1,hydro_inflow,0.2993304308165195
9,5,2030,1,hydro_inflow,0.2989248071707072
9,6,2030,1,hydro_inflow,0.299021831219815
9,7,2030,1,hydro_inflow,0.29928710668891406
9,8,2030,1,hydro_inflow,0.29947027323574693
9,9,2030,1,hydro_inflow,0.2991023712497552
9,10,2030,1,hydro_inflow,0.2989948799452406
9,11,2030,1,hydro_inflow,0.2987885789023998
9,12,2030,1,hydro_inflow,0.29924620585081624
9,13,2030,1,hydro_inflow,0.29895202680518573
9,14,2030,1,hydro_inflow,0.2993524411921294
9,15,2030,1,hydro_inflow,0.2991980638939676
9,16,2030,1,hydro_inflow,0.29940473233381953
9,17,2030,1,hydro_inflow,0.2988108056318184
9,18,2030,1,hydro_inflow,0.2989719381056097
9,19,2030,1,hydro_inflow,0.2994846447823507
9,20,2030,1,hydro_inflow,0.2996287478997053
9,21,2030,1,hydro_inflow,0.29997142665572496
9,22,2030,1,hydro_inflow,0.2999388441183018
9,23,2030,1,hydro_inflow,0.2993198638193178
9,24,2030,1,hydro_inflow,0.2998326069131815
9,1,2030,1,solar,0.0
9,2,2030,1,solar,0.0
9,3,2030,1,solar,0.0
9,4,2030,1,solar,0.0
9,5,2030,1,solar,0.0
9,6,2030,1,solar,0.00016434150958123228
9,7,2030,1,solar,0.021381647291247904
9,8,2030,1,solar,0.16500752982532327
9,9,2030,1,solar,0.4009333618667388
9,10,2030,1,solar,0.6209317050437573
9,11,2030,1,solar,0.7662500202077337
9,12,2030,1,solar,0.8604881582249149
9,13,2030,1,solar,0.888179209659396
9,14,2030,1,solar,0.8620802273236217
9,15,2030,1,solar,0.7765942009528626
9,16,2030,1,solar,0.6400727127749157
9,17,2030,1,solar,0.45252699866429846
9,18,2030,1,solar,0.23890175190748175
9,19,2030,1,solar,0.06466749103672179
9,20,2030,1,solar,0.002268874619674916
9,21,2030,1,solar,0.0
9,22,2030,1,solar,0.0
9,23,2030,1,solar,0.0
9,24,2030,1,solar,0.0
9,1,2030,1,wind_offshore,0.3633544185424817
9,2,2030,1,wind_offshore,0.34960984789265587
9,3,2030,1,wind_offshore,0.3348725269209867
9,4,2030,1,wind_offshore,0.32755557108721556
9,5,2030,1,wind_offshore,0.31665939482064637
9,6,2030,1,wind_offshore,0.2993024120165136
9,7,2030,1,wind_offshore,0.29405988967258184
9,8,2030,1,wind_offshore,0.2992920626450087
9,9,2030,1,wind_offshore,0.3091480969965885
9,10,2030,1,wind_offshore,0.3191721724016494
9,11,2030,1,wind_offshore,0.29632506182753127
9,12,2030,1,wind_offshore,0.3003784618217381
9,13,2030,1,wind_offshore,0.3023548867107252
9,14,2030,1,wind_offshore,0.3105500203439039
9,15,2030,1,wind_offshore,0.3253805303422628
9,16,2030,1,wind_offshore,0.3537133200812316
9,17,2030,1,wind_offshore,0.39100616035865826
9,18,2030,1,wind_offshore,0.4294559323809589
9,19,2030,1,wind_offshore,0.4742491109691144
9,20,2030,1,wind_offshore,0.5182774391173843
9,21,2030,1,wind_offshore,0.53625260160334
9,22,2030,1,wind_offshore,0.5604978374138533
9,23,2030,1,wind_offshore,0.5220491915964522
9,24,2030,1,wind_offshore,0.5412289437587705
9,1,2030,1,wind_onshore,0.21595712202251294
9,2,2030,1,wind_onshore,0.20413339123806182
9,3,2030,1,wind_onshore,0.19277525928465183
9,4,2030,1,wind_onshore,0.18388692785510283
9,5,2030,1,wind_onshore,0.17824755165488468
9,6,2030,1,wind_onshore,0.1732615527187133
9,7,2030,1,wind_onshore,0.16754609180543367
9,8,2030,1,wind_onshore,0.1585470937677922
9,9,2030,1,wind_onshore,0.15389979792881064
9,10,2030,1,wind_onshore,0.15588600014888962
9,11,2030,1,wind_onshore,0.15538231487063778
9,12,2030,1,wind_onshore,0.17023518811472202
9,13,2030,1,wind_onshore,0.18653864558475608
9,14,2030,1,wind_onshore,0.20506990978900289
9,15,2030,1,wind_onshore,0.22436406998660507
9,16,2030,1,wind_onshore,0.24275933438469027
9,17,2030,1,wind_onshore,0.2566214494706147
9,18,2030,1,wind_onshore,0.2653524733191194
9,19,2030,1,wind_onshore,0.26633727405988916
9,20,2030,1,wind_onshore,0.26657845075189573
9,21,2030,1,wind_onshore,0.27026785026493316
9,22,2030,1,wind_onshore,0.2610928830857633
9,23,2030,1,wind_onshore,0.24007655505961528
9,24,2030,1,wind_onshore,0.23638874231029702
10,1,2030,1,demand,0.5250920622906887
10,2,2030,1,demand,0.5166018855742869
10,3,2030,1,demand,0.5064591875476306
10,4,2030,1,demand,0.49644062168096664
10,5,2030,1,demand,0.5020311058021949
10,6,2030,1,demand,0.5160893055953563
10,7,2030,1,demand,0.5371967685924941
10,8,2030,1,demand,0.5687509327391738
10,9,2030,1,demand,0.6064658483752944
10,10,2030,1,demand,0.6357369982226007
10,11,2030,1,demand,0.6570145912625289
10,12,2030,1,demand,0.6691811562339647
10,13,2030,1,demand,0.6714389415629141
10,14,2030,1,demand,0.6632063501810246
10,15,2030,1,demand,0.6555759757177507
10,16,2030,1,demand,0.6513831500106775
10,17,2030,1,demand,0.6492407692791744
10,18,2030,1,demand,0.6497091171964093
10,19,2030,1,demand,0.6525009347812738
10,20,2030,1,demand,0.6550398685558257
10,21,2030,1,demand,0.6493990965283674
10,22,2030,1,demand,0.6161485887222421
10,23,2030,1,demand,0.5737482955933645
10,24,2030,1,demand,0.5641982240523234
10,1,2030,1,hydro_inflow,0.2964911406247799
10,2,2030,1,hydro_inflow,0.2971324724522824
10,3,2030,1,hydro_inflow,0.2979814143816623
10,4,2030,1,hydro_inflow,0.2974413867019218
10,5,2030,1,hydro_inflow,0.29810241103823765
10,6,2030,1,hydro_inflow,0.2980362028967913
10,7,2030,1,hydro_inflow,0.29824685405360324
10,8,2030,1,hydro_inflow,0.29811979889864454
10,9,2030,1,hydro_inflow,0.2983946940530976
10,10,2030,1,hydro_inflow,0.2979063324251599
10,11,2030,1,hydro_inflow,0.29792331199220234
10,12,2030,1,hydro_inflow,0.2985321891019591
10,13,2030,1,hydro_inflow,0.29912967848119226
10,14,2030,1,hydro_inflow,0.2992772147064991
10,15,2030,1,hydro_inflow,0.2994547969115162
10,16,2030,1,hydro_inflow,0.29869106077659774
10,17,2030,1,hydro_inflow,0.29805597729758104
10,18,2030,1,hydro_inflow,0.2973460107868806
10,19,2030,1,hydro_inflow,0.29754587143967576
10,20,2030,1,hydro_inflow,0.29784505481578255
10,21,2030,1,hydro_inflow,0.29753822346208036
10,22,2030,1,hydro_inflow,0.2971506125290544
10,23,2030,1,hydro_inflow,0.29706888115067165
10,24,2030,1,hydro_inflow,0.2972537573896246
10,1,2030,1,solar,0.0
10,2,2030,1,solar,0.0
10,3,2030,1,solar,0.0
10,4,2030,1,solar,0.0
10,5,2030,1,solar,0.0
10,6,2030,1,solar,0.0001082517988462484
10,7,2030,1,solar,0.022018332983861882
10,8,2030,1,solar,0.16908804449395579
10,9,2030,1,solar,0.39611492121825626
10,10,2030,1,solar,0.6071271040630402
10,11,2030,1,solar,0.7483676951994803
10,12,2030,1,solar,0.8391966992639135
10,13,2030,1,solar,0.8671472214694378
10,14,2030,1,solar,0.8433783706885346
10,15,2030,1,solar,0.7631809204025961
10,16,2030,1,solar,0.6325868807858835
10,17,2030,1,solar,0.45534621918411605
10,18,2030,1,solar,0.2509962861603046
10,19,2030,1,solar,0.07695752341729341
10,20,2030,1,solar,0.00339334245420656
10,21,2030,1,solar,0.0
10,22,2030,1,solar,0.0
10,23,2030,1,solar,0.0
10,24,2030,1,solar,0.0
10,1,2030,1,wind_offshore,0.16577095142430767
10,2,2030,1,wind_offshore,0.16018167145794054
10,3,2030,1,wind_offshore,0.15710679523080512
10,4,2030,1,wind_offshore,0.1547250819747974
10,5,2030,1,wind_offshore,0.15101068684488264
10,6,2030,1,wind_offshore,0.1424056169067483
10,7,2030,1,wind_offshore,0.13612670189234236
10,8,2030,1,wind_offshore,0.12609850365177178
10,9,2030,1,wind_offshore,0.1195923884693765
10,10,2030,1,wind_offshore,0.1157711592527481
10,11,2030,1,wind_offshore,0.11063072292552588
10,12,2030,1,wind_offshore,0.09878310105486152
10,13,2030,1,wind_offshore,0.09401145352061653
10,14,2030,1,wind_offshore,0.09118119305474068
10,15,2030,1,wind_offshore,0.08913210613606153
10,16,2030,1,wind_offshore,0.09190489159812147
10,17,2030,1,wind_offshore,0.10043295572934048
10,18,2030,1,wind_offshore,0.10758138219844911
10,19,2030,1,wind_offshore,0.11136111124349558
10,20,2030,1,wind_offshore,0.11355668919611957
10,21,2030,1,wind_offshore,0.11995407514834895
10,22,2030,1,wind_offshore,0.1287543769027403
10,23,2030,1,wind_offshore,0.11117241378037586
10,24,2030,1,wind_offshore,0.11240100685214158
10,1,2030,1,wind_onshore,0.14989589839745873
10,2,2030,1,wind_onshore,0.14162898246854072
10,3,2030,1,wind_onshore,0.13387382035233264
10,4,2030,1,wind_onshore,0.12682164380785993
10,5,2030,1,wind_onshore,0.12092304832195254
10,6,2030,1,wind_onshore,0.11614673463516922
10,7,2030,1,wind_onshore,0.11219680053845678
10,8,2030,1,wind_onshore,0.10149491199793381
10,9,2030,1,wind_onshore,0.09639741589728293
10,10,2030,1,wind_onshore,0.10092631291534858
10,11,2030,1,wind_onshore,0.09811742568917363
10,12,2030,1,wind_onshore,0.108727427794466
10,13,2030,1,wind_onshore,0.12166165971750713
10,14,2030,1,wind_onshore,0.13596982198841676
10,15,2030,1,wind_onshore,0.15251572878517458
10,16,2030,1,wind_onshore,0.16807511312418635
10,17,2030,1,wind_onshore,0.18238723581485514
10,18,2030,1,wind_onshore,0.19619552322765502
10,19,2030,1,wind_onshore,0.20306822212865935
10,20,2030,1,wind_onshore,0.2053498718495583
10,21,2030,1,wind_onshore,0.20744481113447033
10,22,2030,1,wind_onshore,0.19921406662744934
10,23,2030,1,wind_onshore,0.1777387408408674
10,24,2030,1,wind_onshore,0.16947815980568032
11,1,2030,1,demand,0.5102631048969861
11,2,2030,1,demand,0.5003495579106769
11,3,2030,1,demand,0.4912327593183169
11,4,2030,1,demand,0.4824275912853146
11,5,2030,1,demand,0.48744930532151026
11,6,2030,1,demand,0.5040057739702136
11,7,2030,1,demand,0.5273142642254673
11,8,2030,1,demand,0.5607868296010275
11,9,2030,1,demand,0.595601740471696
11,10,2030,1,demand,0.6211229386234247
11,11,2030,1,demand,0.6381278989941493
11,12,2030,1,demand,0.6461228086189983
11,13,2030,1,demand,0.6439987737595783
11,14,2030,1,demand,0.6335043384910339
11,15,2030,1,demand,0.6240791361891471
11,16,2030,1,demand,0.6198002529693964
11,17,2030,1,demand,0.6184337283951288
11,18,2030,1,demand,0.619805500523283
11,19,2030,1,demand,0.6272844127987682
11,20,2030,1,demand,0.6359272546665843
11,21,2030,1,demand,0.630832085405014
11,22,2030,1,demand,0.5968629071680747
11,23,2030,1,demand,0.5558940308868863
11,24,2030,1,demand,0.5453581385745931
11,1,2030,1,hydro_inflow,0.34176073958073633
11,2,2030,1,hydro_inflow,0.3417557484414093
11,3,2030,1,hydro_inflow,0.3414234677708735
11,4,2030,1,hydro_inflow,0.3418774875259618
11,5,2030,1,hydro_inflow,0.3416287302832104
11,6,2030,1,hydro_inflow,0.34188832684723014
11,7,2030,1,hydro_inflow,0.34189680203698003
11,8,2030,1,hydro_inflow,0.3415032222711564
11,9,2030,1,hydro_inflow,0.3417084332183173
11,10,2030,1,hydro_inflow,0.34068529882304865
11,11,2030,1,hydro_inflow,0.340517946678473
11,12,2030,1,hydro_inflow,0.340477804423729
11,13,2030,1,hydro_inflow,0.34041922419395354
11,14,2030,1,hydro_inflow,0.34094582793479045
11,15,2030,1,hydro_inflow,0.3414354323952
11,16,2030,1,hydro_inflow,0.34203896080683177
11,17,2030,1,hydro_inflow,0.3417166319779356
11,18,2030,1,hydro_inflow,0.34184723020430774
11,19,2030,1,hydro_inflow,0.34219162147592785
11,20,2030,1,hydro_inflow,0.3426412538073681
11,21,2030,1,hydro_inflow,0.34239768203380605
11,22,2030,1,hydro_inflow,0.34318130085890813
11,23,2030,1,hydro_inflow,0.3428354524874026
11,24,2030,1,hydro_inflow,0.34216304307863743
11,1,2030,1,solar,0.0
11,2,2030,1,solar,0.0
11,3,2030,1,solar,0.0
11,4,2030,1,solar,0.0
11,5,2030,1,solar,0.0
11,6,2030,1,solar,0.00018311970427953213
11,7,2030,1,solar,0.018393320358716218
11,8,2030,1,solar,0.14443880088929148
11,9,2030,1,solar,0.37213922163629637
11,10,2030,1,solar,0.5973564517634453
11,11,2030,1,solar,0.7506616840933594
11,12,2030,1,solar,0.853781904876876
11,13,2030,1,solar,0.8907331212672867
11,14,2030,1,solar,0.8714400912750797
11,15,2030,1,solar,0.7879071386225587
11,16,2030,1,solar,0.6508460791002293
11,17,2030,1,solar,0.4591704072968265
11,18,2030,1,solar,0.23795682131864263
11,19,2030,1,solar,0.060675361178581445
11,20,2030,1,solar,0.0029439792018165073
11,21,2030,1,solar,0.0
11,22,2030,1,solar,0.0
11,23,2030,1,solar,0.0
11,24,2030,1,solar,0.0
11,1,2030,1,wind_offshore,1.0854379258432956
11,2,2030,1,wind_offshore,1.1030673641975035
11,3,2030,1,wind_offshore,1.1204334238538833
11,4,2030,1,wind_offshore,1.1351584975728612
11,5,2030,1,wind_offshore,1.14723074644712
11,6,2030,1,wind_offshore,1.152085883917692
11,7,2030,1,wind_offshore,1.1553410981654637
11,8,2030,1,wind_offshore,1.1602200073983608
11,9,2030,1,wind_offshore,1.1725169557147281
11,10,2030,1,wind_offshore,1.1829649876194925
11,11,2030,1,wind_offshore,1.1860657170418163
11,12,2030,1,wind_offshore,1.185106424276865
11,13,2030,1,wind_offshore,1.1793616797124602
11,14,2030,1,wind_offshore,1.1765702669711458
11,15,2030,1,wind_offshore,1.1743225387443321
11,16,2030,1,wind_offshore,1.1717126481982207
11,17,2030,1,wind_offshore,1.1725062841200904
11,18,2030,1,wind_offshore,1.1738470261168321
11,19,2030,1,wind_offshore,1.1621642911931136
11,20,2030,1,wind_offshore,1.1488981493414694
11,21,2030,1,wind_offshore,1.1359122166712274
11,22,2030,1,wind_offshore,1.125609263244796
11,23,2030,1,wind_offshore,1.092718944669812
11,24,2030,1,wind_offshore,1.0723554401062905
11,1,2030,1,wind_onshore,0.24992257010795998
11,2,2030,1,wind_onshore,0.23862081306383626
11,3,2030,1,wind_onshore,0.2268007922184163
11,4,2030,1,wind_onshore,0.21741490421287746
11,5,2030,1,wind_onshore,0.21077047945004698
11,6,2030,1,wind_onshore,0.20600358359565618
11,7,2030,1,wind_onshore,0.2024547877272108
11,8,2030,1,wind_onshore,0.1936695910202045
11,9,2030,1,wind_onshore,0.1868561932658213
11,10,2030,1,wind_onshore,0.18966718085145198
11,11,2030,1,wind_onshore,0.1881306413103397
11,12,2030,1,wind_onshore,0.20160282540397095
11,13,2030,1,wind_onshore,0.21692672253969766
11,14,2030,1,wind_onshore,0.2323460716749592
11,15,2030,1,wind_onshore,0.24951646950656836
11,16,2030,1,wind_onshore,0.266283632226535
11,17,2030,1,wind_onshore,0.28223749891617134
11,18,2030,1,wind_onshore,0.2984078172328296
11,19,2030,1,wind_onshore,0.31232115207917344
11,20,2030,1,wind_onshore,0.3260694171257283
11,21,2030,1,wind_onshore,0.33109702512536937
11,22,2030,1,wind_onshore,0.3212039466978103
11,23,2030,1,wind_onshore,0.29342039250800733
11,24,2030,1,wind_onshore,0.282339460539523
12,1,2030,1,demand,0.5193520446241741
12,2,2030,1,demand,0.5040996226480265
12,3,2030,1,demand,0.4890474886381033
12,4,2030,1,demand,0.47859269401226984
12,5,2030,1,demand,0.4767716047788413
12,6,2030,1,demand,0.49042288078218094
12,7,2030,1,demand,0.5245972717182494
12,8,2030,1,demand,0.5710557333425709
12,9,2030,1,demand,0.6080677439899363
12,10,2030,1,demand,0.63480761236238
12,11,2030,1,demand,0.6477047540312146
12,12,2030,1,demand,0.6425517725423255
12,13,2030,1,demand,0.6361762560542064
12,14,2030,1,demand,0.624702170240076
12,15,2030,1,demand,0.6135578816680384
12,16,2030,1,demand,0.6027096215030419
12,17,2030,1,demand,0.6021843629669236
12,18,2030,1,demand,0.618340008928422
12,19,2030,1,demand,0.6547532216136164
12,20,2030,1,demand,0.6815528589541094
12,21,2030,1,demand,0.6832163711397404
12,22,2030,1,demand,0.6473799955893768
12,23,2030,1,demand,0.5960029489762299
12,24,2030,1,demand,0.5675072304212765
12,1,2030,1,hydro_inflow,0.5854678834071279
12,2,2030,1,hydro_inflow,0.5856021095611347
12,3,2030,1,hydro_inflow,0.5851186520620035
12,4,2030,1,hydro_inflow,0.5820483078277924
12,5,2030,1,hydro_inflow,0.5824225403001457
12,6,2030,1,hydro_inflow,0.581469220678437
12,7,2030,1,hydro_inflow,0.5808066819928798
12,8,2030,1,hydro_inflow,0.5769103795234592
12,9,2030,1,hydro_inflow,0.5793135914063233
12,10,2030,1,hydro_inflow,0.5823991332203335
12,11,2030,1,hydro_inflow,0.5820700997805165
12,12,2030,1,hydro_inflow,0.5828582478329404
12,13,2030,1,hydro_inflow,0.5846609740900667
12,14,2030,1,hydro_inflow,0.584337101118311
12,15,2030,1,hydro_inflow,0.5855578827528459
12,16,2030,1,hydro_inflow,0.5874728225086931
12,17,2030,1,hydro_inflow,0.5881510364076519
12,18,2030,1,hydro_inflow,0.5853287432793853
12,19,2030,1,hydro_inflow,0.584181040701507
12,20,2030,1,hydro_inflow,0.5838951690967821
12,21,2030,1,hydro_inflow,0.5831000942957967
12,22,2030,1,hydro_inflow,0.5834528076960233
12,23,2030,1,hydro_inflow,0.5830481781006062
12,24,2030,1,hydro_inflow,0.5813666976071805
12,1,2030,1,solar,0.0
12,2,2030,1,solar,0.0
12,3,2030,1,solar,0.0
12,4,2030,1,solar,0.0
12,5,2030,1,solar,0.0
12,6,2030,1,solar,0.0
12,7,2030,1,solar,0.0
12,8,2030,1,solar,0.0006871774951948537
12,9,2030,1,solar,0.11177399965252056
12,10,2030,1,solar,0.3513840137481134
12,11,2030,1,solar,0.5492664428827266
12,12,2030,1,solar,0.6893044210797603
12,13,2030,1,solar,0.7537239123892507
12,14,2030,1,solar,0.7416996102674523
12,15,2030,1,solar,0.6496005172625886
12,16,2030,1,solar,0.4962640527422377
12,17,2030,1,solar,0.28459614763101876
12,18,2030,1,solar,0.05561332160445479
12,19,2030,1,solar,7.830810171043484e-6
12,20,2030,1,solar,0.0
12,21,2030,1,solar,0.0
12,22,2030,1,solar,0.0
12,23,2030,1,solar,0.0
12,24,2030,1,solar,0.0
12,1,2030,1,wind_offshore,0.2497439064909531
12,2,2030,1,wind_offshore,0.2278721336342291
12,3,2030,1,wind_offshore,0.1867364708775263
12,4,2030,1,wind_offshore,0.15321546432419123
12,5,2030,1,wind_offshore,0.13561003532183308
12,6,2030,1,wind_offshore,0.122615094102982
12,7,2030,1,wind_offshore,0.12590746365402622
12,8,2030,1,wind_offshore,0.1345964703459435
12,9,2030,1,wind_offshore,0.13998610682517712
12,10,2030,1,wind_offshore,0.15566974872781966
12,11,2030,1,wind_offshore,0.1474419053328294
12,12,2030,1,wind_offshore,0.17204990933322328
12,13,2030,1,wind_offshore,0.189992603163486
12,14,2030,1,wind_offshore,0.21851564192798587
12,15,2030,1,wind_offshore,0.2325637205363621
12,16,2030,1,wind_offshore,0.22504912360257487
12,17,2030,1,wind_offshore,0.21759764003657653
12,18,2030,1,wind_offshore,0.2251519128415884
12,19,2030,1,wind_offshore,0.24211799793718633
12,20,2030,1,wind_offshore,0.25155543776414946
12,21,2030,1,wind_offshore,0.2652045813993772
12,22,2030,1,wind_offshore,0.27477179110957317
12,23,2030,1,wind_offshore,0.2946918158716893
12,24,2030,1,wind_offshore,0.34500672266317506
12,1,2030,1,wind_onshore,0.360700528632031
12,2,2030,1,wind_onshore,0.35047347360354003
12,3,2030,1,wind_onshore,0.3406633235517598
12,4,2030,1,wind_onshore,0.330090444919697
12,5,2030,1,wind_onshore,0.32427790165317366
12,6,2030,1,wind_onshore,0.31497392378538774
12,7,2030,1,wind_onshore,0.30561113787180055
12,8,2030,1,wind_onshore,0.299749445765724
12,9,2030,1,wind_onshore,0.2912651876787586
12,10,2030,1,wind_onshore,0.27470629827639526
12,11,2030,1,wind_onshore,0.2554397294131516
12,12,2030,1,wind_onshore,0.26439935822699506
12,13,2030,1,wind_onshore,0.26801764669748573
12,14,2030,1,wind_onshore,0.26283019731692187
12,15,2030,1,wind_onshore,0.2595859526597948
12,16,2030,1,wind_onshore,0.2572668744367987
12,17,2030,1,wind_onshore,0.24686703028577153
12,18,2030,1,wind_onshore,0.248220652332358
12,19,2030,1,wind_onshore,0.25609535073090245
12,20,2030,1,wind_onshore,0.2553987597432139
12,21,2030,1,wind_onshore,0.24740598197786487
12,22,2030,1,wind_onshore,0.2340949312285748
12,23,2030,1,wind_onshore,0.23073482591844585
12,24,2030,1,wind_onshore,0.2304103450776299
13,1,2030,1,demand,0.5008610141368324
13,2,2030,1,demand,0.4888284401774785
13,3,2030,1,demand,0.4789121864691359
13,4,2030,1,demand,0.46798995699719975
13,5,2030,1,demand,0.471525704872736
13,6,2030,1,demand,0.4866400676901714
13,7,2030,1,demand,0.5161088428815063
13,8,2030,1,demand,0.553639836532017
13,9,2030,1,demand,0.5859748849978998
13,10,2030,1,demand,0.6110493283278294
13,11,2030,1,demand,0.62166677097011
13,12,2030,1,demand,0.6259378212288843
13,13,2030,1,demand,0.6204319127479898
13,14,2030,1,demand,0.6097661277810746
13,15,2030,1,demand,0.5984573759013861
13,16,2030,1,demand,0.5902071368476849
13,17,2030,1,demand,0.5884169398205935
13,18,2030,1,demand,0.6000801451647203
13,19,2030,1,demand,0.6208615376176816
13,20,2030,1,demand,0.6352051673312219
13,21,2030,1,demand,0.6343638249172734
13,22,2030,1,demand,0.6014095300150984
13,23,2030,1,demand,0.5561474915277169
13,24,2030,1,demand,0.5404874853710923
13,1,2030,1,hydro_inflow,0.2803417268094355
13,2,2030,1,hydro_inflow,0.2806855412308264
13,3,2030,1,hydro_inflow,0.28012571097448125
13,4,2030,1,hydro_inflow,0.28052290129639534
13,5,2030,1,hydro_inflow,0.2803798599948852
13,6,2030,1,hydro_inflow,0.2804019406406791
13,7,2030,1,hydro_inflow,0.2798104016687155
13,8,2030,1,hydro_inflow,0.2790604440762045
13,9,2030,1,hydro_inflow,0.27890834868632036
13,10,2030,1,hydro_inflow,0.2795647343295649
13,11,2030,1,hydro_inflow,0.2800891408031201
13,12,2030,1,hydro_inflow,0.281120352753585
13,13,2030,1,hydro_inflow,0.2804087280017342
13,14,2030,1,hydro_inflow,0.2802225814684595
13,15,2030,1,hydro_inflow,0.2813234557912881
13,16,2030,1,hydro_inflow,0.28141350289941214
13,17,2030,1,hydro_inflow,0.2818554578741248
13,18,2030,1,hydro_inflow,0.281644178687921
13,19,2030,1,hydro_inflow,0.282093886623597
13,20,2030,1,hydro_inflow,0.2818171744917594
13,21,2030,1,hydro_inflow,0.2813952401404749
13,22,2030,1,hydro_inflow,0.28193888833149644
13,23,2030,1,hydro_inflow,0.2812289369806739
13,24,2030,1,hydro_inflow,0.2802659218486025
13,1,2030,1,solar,0.0
13,2,2030,1,solar,0.0
13,3,2030,1,solar,0.0
13,4,2030,1,solar,0.0
13,5,2030,1,solar,0.0
13,6,2030,1,solar,0.0
13,7,2030,1,solar,0.000410634865409266
13,8,2030,1,solar,0.01638084951573855
13,9,2030,1,solar,0.08792274782456426
13,10,2030,1,solar,0.20519667350127413
13,11,2030,1,solar,0.3125967365798566
13,12,2030,1,solar,0.3933482976680996
13,13,2030,1,solar,0.43336956193151194
13,14,2030,1,solar,0.4280229228845967
13,15,2030,1,solar,0.3737837097261659
13,16,2030,1,solar,0.27564366729657536
13,17,2030,1,solar,0.1520463788320544
13,18,2030,1,solar,0.04191796364074162
13,19,2030,1,solar,0.004340016903973058
13,20,2030,1,solar,0.0
13,21,2030,1,solar,0.0
13,22,2030,1,solar,0.0
13,23,2030,1,solar,0.0
13,24,2030,1,solar,0.0
13,1,2030,1,wind_offshore,1.1870403909540033
13,2,2030,1,wind_offshore,1.2125899328404668
13,3,2030,1,wind_offshore,1.216355234927601
13,4,2030,1,wind_offshore,1.2239227454379467
13,5,2030,1,wind_offshore,1.211424679313463
13,6,2030,1,wind_offshore,1.1913271822367861
13,7,2030,1,wind_offshore,1.1640952578689718
13,8,2030,1,wind_offshore,1.151696110443887
13,9,2030,1,wind_offshore,1.1674914896228172
13,10,2030,1,wind_offshore,1.1782041339832956
13,11,2030,1,wind_offshore,1.175391273061581
13,12,2030,1,wind_offshore,1.1800377498864723
13,13,2030,1,wind_offshore,1.1761163256630889
13,14,2030,1,wind_offshore,1.1758125741324517
13,15,2030,1,wind_offshore,1.1635054058955923
13,16,2030,1,wind_offshore,1.1523912044499924
13,17,2030,1,wind_offshore,1.149661328698774
13,18,2030,1,wind_offshore,1.154289477920941
13,19,2030,1,wind_offshore,1.1528922883501236
13,20,2030,1,wind_offshore,1.1315126304133374
13,21,2030,1,wind_offshore,1.1020954111934997
13,22,2030,1,wind_offshore,1.0758611163780265
13,23,2030,1,wind_offshore,1.0581268143481453
13,24,2030,1,wind_offshore,1.0507425435733702
13,1,2030,1,wind_onshore,0.5513275652019513
13,2,2030,1,wind_onshore,0.5528286956772747
13,3,2030,1,wind_onshore,0.5509607313829769
13,4,2030,1,wind_onshore,0.5497803424345041
13,5,2030,1,wind_onshore,0.5480115890297274
13,6,2030,1,wind_onshore,0.5472437748895543
13,7,2030,1,wind_onshore,0.5450771982851867
13,8,2030,1,wind_onshore,0.5440200854390028
13,9,2030,1,wind_onshore,0.5497485252817454
13,10,2030,1,wind_onshore,0.5567329555317165
13,11,2030,1,wind_onshore,0.561597885977545
13,12,2030,1,wind_onshore,0.5789586868041184
13,13,2030,1,wind_onshore,0.5967761183290388
13,14,2030,1,wind_onshore,0.609041726498961
13,15,2030,1,wind_onshore,0.6152350906000568
13,16,2030,1,wind_onshore,0.6098087939857014
13,17,2030,1,wind_onshore,0.6011234226449215
13,18,2030,1,wind_onshore,0.5928721213340015
13,19,2030,1,wind_onshore,0.5855624785355221
13,20,2030,1,wind_onshore,0.5816118987130179
13,21,2030,1,wind_onshore,0.5793255079906747
13,22,2030,1,wind_onshore,0.5694756233128265
13,23,2030,1,wind_onshore,0.553116288773028
13,24,2030,1,wind_onshore,0.5524696054986925
14,1,2030,1,demand,0.5063757505135155
14,2,2030,1,demand,0.49654034750789433
14,3,2030,1,demand,0.48812365696918764
14,4,2030,1,demand,0.4788538583424302
14,5,2030,1,demand,0.4850606186071209
14,6,2030,1,demand,0.5006658328536525
14,7,2030,1,demand,0.5276781014732539
14,8,2030,1,demand,0.5630642577464702
14,9,2030,1,demand,0.5974626578419092
14,10,2030,1,demand,0.6234983540780656
14,11,2030,1,demand,0.6400410210042176
14,12,2030,1,demand,0.6463670505691969
14,13,2030,1,demand,0.646078076762923
14,14,2030,1,demand,0.636512835535915
14,15,2030,1,demand,0.6249512048187921
14,16,2030,1,demand,0.6210036255454077
14,17,2030,1,demand,0.620064044967435
14,18,2030,1,demand,0.6239686367923655
14,19,2030,1,demand,0.6333974260952647
14,20,2030,1,demand,0.6423601293176353
14,21,2030,1,demand,0.6375952873696606
14,22,2030,1,demand,0.6031218237860526
14,23,2030,1,demand,0.5601039504531509
14,24,2030,1,demand,0.5463206246123624
14,1,2030,1,hydro_inflow,0.31539797682751436
14,2,2030,1,hydro_inflow,0.3148535327539816
14,3,2030,1,hydro_inflow,0.3153613975385132
14,4,2030,1,hydro_inflow,0.31443139591966696
14,5,2030,1,hydro_inflow,0.31490845100845466
14,6,2030,1,hydro_inflow,0.3150959687594214
14,7,2030,1,hydro_inflow,0.31552766561170437
14,8,2030,1,hydro_inflow,0.3156798038811634
14,9,2030,1,hydro_inflow,0.31544066756835976
14,10,2030,1,hydro_inflow,0.3157992222015506
14,11,2030,1,hydro_inflow,0.31567680038187573
14,12,2030,1,hydro_inflow,0.3152487595768
14,13,2030,1,hydro_inflow,0.31533038060920493
14,14,2030,1,hydro_inflow,0.31514413273885317
14,15,2030,1,hydro_inflow,0.31538963707968837
14,16,2030,1,hydro_inflow,0.31526300344396607
14,17,2030,1,hydro_inflow,0.3154214197007159
14,18,2030,1,hydro_inflow,0.31565063934676
14,19,2030,1,hydro_inflow,0.31673909421582735
14,20,2030,1,hydro_inflow,0.3166616186037776
14,21,2030,1,hydro_inflow,0.31641583416455604
14,22,2030,1,hydro_inflow,0.3164689010475426
14,23,2030,1,hydro_inflow,0.3163507902069396
14,24,2030,1,hydro_inflow,0.3165963652124893
14,1,2030,1,solar,0.0
14,2,2030,1,solar,0.0
14,3,2030,1,solar,0.0
14,4,2030,1,solar,0.0
14,5,2030,1,solar,0.0
14,6,2030,1,solar,8.808167826008204e-5
14,7,2030,1,solar,0.011090386640868373
14,8,2030,1,solar,0.10657027874781781
14,9,2030,1,solar,0.29930942415388845
14,10,2030,1,solar,0.5003139449080798
14,11,2030,1,solar,0.6438523915720716
14,12,2030,1,solar,0.7360846568394379
14,13,2030,1,solar,0.7649876402325851
14,14,2030,1,solar,0.7341040226241589
14,15,2030,1,solar,0.6456556457377706
14,16,2030,1,solar,0.5140833705249883
14,17,2030,1,solar,0.34354069297524736
14,18,2030,1,solar,0.16298946417764146
14,19,2030,1,solar,0.041327225135952585
14,20,2030,1,solar,0.0009321396371791014
14,21,2030,1,solar,0.0
14,22,2030,1,solar,0.0
14,23,2030,1,solar,0.0
14,24,2030,1,solar,0.0
14,1,2030,1,wind_offshore,0.4237919997555009
14,2,2030,1,wind_offshore,0.4331515917505647
14,3,2030,1,wind_offshore,0.4410349202520603
14,4,2030,1,wind_offshore,0.44545375689473393
14,5,2030,1,wind_offshore,0.4571853299865203
14,6,2030,1,wind_offshore,0.48113716384292077
14,7,2030,1,wind_offshore,0.5170830959227009
14,8,2030,1,wind_offshore,0.5513552554000816
14,9,2030,1,wind_offshore,0.5736662974670803
14,10,2030,1,wind_offshore,0.6050639029373935
14,11,2030,1,wind_offshore,0.6311007889230866
14,12,2030,1,wind_offshore,0.6926268881838444
14,13,2030,1,wind_offshore,0.7631410519797915
14,14,2030,1,wind_offshore,0.8237810165474486
14,15,2030,1,wind_offshore,0.8661877163467723
14,16,2030,1,wind_offshore,0.9121493395059825
14,17,2030,1,wind_offshore,0.9450465002773734
14,18,2030,1,wind_offshore,0.9673904380275945
14,19,2030,1,wind_offshore,0.9828911176030845
14,20,2030,1,wind_offshore,0.9956432117331915
14,21,2030,1,wind_offshore,1.0026034485159854
14,22,2030,1,wind_offshore,0.9957055224891097
14,23,2030,1,wind_offshore,0.9316818093621207
14,24,2030,1,wind_offshore,0.9220227317986531
14,1,2030,1,wind_onshore,0.24739120640742115
14,2,2030,1,wind_onshore,0.2419037199388273
14,3,2030,1,wind_onshore,0.2369230017222099
14,4,2030,1,wind_onshore,0.23168556709426483
14,5,2030,1,wind_onshore,0.22727560529194252
14,6,2030,1,wind_onshore,0.2241581559925907
14,7,2030,1,wind_onshore,0.22050004882294338
14,8,2030,1,wind_onshore,0.21584196409084913
14,9,2030,1,wind_onshore,0.21480071838040185
14,10,2030,1,wind_onshore,0.2186080718362392
14,11,2030,1,wind_onshore,0.22276926803476804
14,12,2030,1,wind_onshore,0.24112320283211927
14,13,2030,1,wind_onshore,0.2616335995977538
14,14,2030,1,wind_onshore,0.28129441343119616
14,15,2030,1,wind_onshore,0.29445413294043227
14,16,2030,1,wind_onshore,0.2990314620407386
14,17,2030,1,wind_onshore,0.296625536986891
14,18,2030,1,wind_onshore,0.2949293954957288
14,19,2030,1,wind_onshore,0.2941070966605073
14,20,2030,1,wind_onshore,0.2958741344361103
14,21,2030,1,wind_onshore,0.29725644236338805
14,22,2030,1,wind_onshore,0.2904757771785303
14,23,2030,1,wind_onshore,0.2734966818844457
14,24,2030,1,wind_onshore,0.2670491592227362
15,1,2030,1,demand,0.5070280370879419
15,2,2030,1,demand,0.4963661684004418
15,3,2030,1,demand,0.4866193102422324
15,4,2030,1,demand,0.47613084647874604
15,5,2030,1,demand,0.4796250010673114
15,6,2030,1,demand,0.4940532682117344
15,7,2030,1,demand,0.520204466686807
15,8,2030,1,demand,0.5561080916896899
15,9,2030,1,demand,0.5886597921204154
15,10,2030,1,demand,0.6107847402763908
15,11,2030,1,demand,0.62195940336059
15,12,2030,1,demand,0.6244818032805713
15,13,2030,1,demand,0.6208363837437331
15,14,2030,1,demand,0.6101164388943208
15,15,2030,1,demand,0.5979356421056925
15,16,2030,1,demand,0.5909924732707392
15,17,2030,1,demand,0.5908087150409344
15,18,2030,1,demand,0.5986163565454728
15,19,2030,1,demand,0.6172105662050351
15,20,2030,1,demand,0.6327517997133081
15,21,2030,1,demand,0.6286343964410209
15,22,2030,1,demand,0.5964084688007397
15,23,2030,1,demand,0.5554125440790008
15,24,2030,1,demand,0.5395535401360392
15,1,2030,1,hydro_inflow,0.3391869971252729
15,2,2030,1,hydro_inflow,0.3391869165462834
15,3,2030,1,hydro_inflow,0.3389563084408399
15,4,2030,1,hydro_inflow,0.3393113572092715
15,5,2030,1,hydro_inflow,0.3387616981506154
15,6,2030,1,hydro_inflow,0.3390735484634535
15,7,2030,1,hydro_inflow,0.3394074217162529
15,8,2030,1,hydro_inflow,0.33966534402486137
15,9,2030,1,hydro_inflow,0.3389978610296068
15,10,2030,1,hydro_inflow,0.33888484294371807
15,11,2030,1,hydro_inflow,0.3391251110556795
15,12,2030,1,hydro_inflow,0.3383142386359697
15,13,2030,1,hydro_inflow,0.33861786716849196
15,14,2030,1,hydro_inflow,0.3392985693674226
15,15,2030,1,hydro_inflow,0.3392646856292499
15,16,2030,1,hydro_inflow,0.33931023462629045
15,17,2030,1,hydro_inflow,0.3391423396133812
15,18,2030,1,hydro_inflow,0.3385740107892374
15,19,2030,1,hydro_inflow,0.3384023650764227
15,20,2030,1,hydro_inflow,0.33831608854075124
15,21,2030,1,hydro_inflow,0.3378793188069069
15,22,2030,1,hydro_inflow,0.337216323847833
15,23,2030,1,hydro_inflow,0.336951407155678
15,24,2030,1,hydro_inflow,0.33636710961364635
15,1,2030,1,solar,0.0
15,2,2030,1,solar,0.0
15,3,2030,1,solar,0.0
15,4,2030,1,solar,0.0
15,5,2030,1,solar,0.0
15,6,2030,1,solar,2.94795708436519e-5
15,7,2030,1,solar,0.008883019710249214
15,8,2030,1,solar,0.08433244541833017
15,9,2030,1,solar,0.26353602533689063
15,10,2030,1,solar,0.46494445016096186
15,11,2030,1,solar,0.615909161079261
15,12,2030,1,solar,0.7172786108327643
15,13,2030,1,solar,0.7475628183950922
15,14,2030,1,solar,0.7187201282598392
15,15,2030,1,solar,0.6333315859040619
15,16,2030,1,solar,0.498086669403572
15,17,2030,1,solar,0.32174838728719923
15,18,2030,1,solar,0.1388635125354609
15,19,2030,1,solar,0.03096351864418079
15,20,2030,1,solar,0.0007163993315392645
15,21,2030,1,solar,0.0
15,22,2030,1,solar,0.0
15,23,2030,1,solar,0.0
15,24,2030,1,solar,0.0
15,1,2030,1,wind_offshore,0.9951622471118052
15,2,2030,1,wind_offshore,1.0308716208216437
15,3,2030,1,wind_offshore,1.0517458858159168
15,4,2030,1,wind_offshore,1.0574405156458537
15,5,2030,1,wind_offshore,1.040773547312034
15,6,2030,1,wind_offshore,1.0056612184423348
15,7,2030,1,wind_offshore,0.9596065019908535
15,8,2030,1,wind_offshore,0.9053625895959124
15,9,2030,1,wind_offshore,0.8374004658203825
15,10,2030,1,wind_offshore,0.7629409028429269
15,11,2030,1,wind_offshore,0.6816004010884786
15,12,2030,1,wind_offshore,0.6191401532936782
15,13,2030,1,wind_offshore,0.5612879545586485
15,14,2030,1,wind_offshore,0.5253954750171347
15,15,2030,1,wind_offshore,0.48955657686402554
15,16,2030,1,wind_offshore,0.44958241961266054
15,17,2030,1,wind_offshore,0.416401009602063
15,18,2030,1,wind_offshore,0.3858184334865541
15,19,2030,1,wind_offshore,0.3588823582507758
15,20,2030,1,wind_offshore,0.3308022499507286
15,21,2030,1,wind_offshore,0.30316713067361895
15,22,2030,1,wind_offshore,0.27810092843443796
15,23,2030,1,wind_offshore,0.26841019486624773
15,24,2030,1,wind_offshore,0.26597458347548303
15,1,2030,1,wind_onshore,0.31174024298728426
15,2,2030,1,wind_onshore,0.30922974651454943
15,3,2030,1,wind_onshore,0.3072347481016846
15,4,2030,1,wind_onshore,0.30495663186933225
15,5,2030,1,wind_onshore,0.3031179600873028
15,6,2030,1,wind_onshore,0.3020889352935701
15,7,2030,1,wind_onshore,0.3001470233866825
15,8,2030,1,wind_onshore,0.29600796597013035
15,9,2030,1,wind_onshore,0.2947150442740381
15,10,2030,1,wind_onshore,0.29675773052088705
15,11,2030,1,wind_onshore,0.2960705166447955
15,12,2030,1,wind_onshore,0.316611113755387
15,13,2030,1,wind_onshore,0.3367557934756753
15,14,2030,1,wind_onshore,0.35169196802199687
15,15,2030,1,wind_onshore,0.35989363549613085
15,16,2030,1,wind_onshore,0.35909219816411686
15,17,2030,1,wind_onshore,0.34847174711465
15,18,2030,1,wind_onshore,0.33685840257949423
15,19,2030,1,wind_onshore,0.3236145654117897
15,20,2030,1,wind_onshore,0.3137684469971431
15,21,2030,1,wind_onshore,0.304247068544973
15,22,2030,1,wind_onshore,0.28922016589392563
15,23,2030,1,wind_onshore,0.2719980513196112
15,24,2030,1,wind_onshore,0.2637441851062922
16,1,2030,1,demand,0.5243342126118481
16,2,2030,1,demand,0.5080649495930851
16,3,2030,1,demand,0.4955478891878427
16,4,2030,1,demand,0.48308237164527285
16,5,2030,1,demand,0.4841075970432589
16,6,2030,1,demand,0.4992516325081052
16,7,2030,1,demand,0.5315753722622842
16,8,2030,1,demand,0.572651889820195
16,9,2030,1,demand,0.6095995956655327
16,10,2030,1,demand,0.6360145496326204
16,11,2030,1,demand,0.6435499214118505
16,12,2030,1,demand,0.6433189859675283
16,13,2030,1,demand,0.6382229016701864
16,14,2030,1,demand,0.6254174146118895
16,15,2030,1,demand,0.607906964661399
16,16,2030,1,demand,0.5959775927231568
16,17,2030,1,demand,0.5951550583556139
16,18,2030,1,demand,0.6102430892537595
16,19,2030,1,demand,0.6382565346231862
16,20,2030,1,demand,0.6632908267066953
16,21,2030,1,demand,0.6693881249969865
16,22,2030,1,demand,0.6374009928038573
16,23,2030,1,demand,0.5898628819527365
16,24,2030,1,demand,0.5681987423294508
16,1,2030,1,hydro_inflow,0.6167536957811327
16,2,2030,1,hydro_inflow,0.6169001600694187
16,3,2030,1,hydro_inflow,0.6175754337722438
16,4,2030,1,hydro_inflow,0.619605733294534
16,5,2030,1,hydro_inflow,0.6191665057071153
16,6,2030,1,hydro_inflow,0.6200290706649274
16,7,2030,1,hydro_inflow,0.6184999820695545
16,8,2030,1,hydro_inflow,0.6195381528599212
16,9,2030,1,hydro_inflow,0.6186627902694771
16,10,2030,1,hydro_inflow,0.6195621187861358
16,11,2030,1,hydro_inflow,0.620980615054092
16,12,2030,1,hydro_inflow,0.6189825425190236
16,13,2030,1,hydro_inflow,0.6196002478148108
16,14,2030,1,hydro_inflow,0.6196577353548842
16,15,2030,1,hydro_inflow,0.6196021596313469
16,16,2030,1,hydro_inflow,0.6189335417883697
16,17,2030,1,hydro_inflow,0.6203566958435215
16,18,2030,1,hydro_inflow,0.6185525584378
16,19,2030,1,hydro_inflow,0.6157552751731864
16,20,2030,1,hydro_inflow,0.6167914041948016
16,21,2030,1,hydro_inflow,0.6168796074075542
16,22,2030,1,hydro_inflow,0.6175164450593665
16,23,2030,1,hydro_inflow,0.618524455700734
16,24,2030,1,hydro_inflow,0.6187444253507951
16,1,2030,1,solar,0.0
16,2,2030,1,solar,0.0
16,3,2030,1,solar,0.0
16,4,2030,1,solar,0.0
16,5,2030,1,solar,0.0
16,6,2030,1,solar,0.0
16,7,2030,1,solar,0.0
16,8,2030,1,solar,0.004860186711246063
16,9,2030,1,solar,0.11393230091896431
16,10,2030,1,solar,0.30457175620559934
16,11,2030,1,solar,0.4723439587546867
16,12,2030,1,solar,0.5890136531170506
16,13,2030,1,solar,0.6482060546358908
16,14,2030,1,solar,0.6450546208369301
16,15,2030,1,solar,0.575028310630107
16,16,2030,1,solar,0.4515875232892476
16,17,2030,1,solar,0.27455573785716897
16,18,2030,1,solar,0.0801616542338806
16,19,2030,1,solar,0.0011427993573348285
16,20,2030,1,solar,0.0
16,21,2030,1,solar,0.0
16,22,2030,1,solar,0.0
16,23,2030,1,solar,0.0
16,24,2030,1,solar,0.0
16,1,2030,1,wind_offshore,1.043747460458975
16,2,2030,1,wind_offshore,1.0599254160551421
16,3,2030,1,wind_offshore,1.0807317865995671
16,4,2030,1,wind_offshore,1.1081214828665942
16,5,2030,1,wind_offshore,1.135837551089426
16,6,2030,1,wind_offshore,1.1484967426507136
16,7,2030,1,wind_offshore,1.1537343668405995
16,8,2030,1,wind_offshore,1.1585754178310175
16,9,2030,1,wind_offshore,1.1498935958223468
16,10,2030,1,wind_offshore,1.1466947097693456
16,11,2030,1,wind_offshore,1.1314503081711154
16,12,2030,1,wind_offshore,1.1211095607830148
16,13,2030,1,wind_offshore,1.121678452612272
16,14,2030,1,wind_offshore,1.1283324393571201
16,15,2030,1,wind_offshore,1.1394650519872622
16,16,2030,1,wind_offshore,1.1620203744602307
16,17,2030,1,wind_offshore,1.1666889724750804
16,18,2030,1,wind_offshore,1.160163757229553
16,19,2030,1,wind_offshore,1.1702564435844496
16,20,2030,1,wind_offshore,1.1788968999617275
16,21,2030,1,wind_offshore,1.173868442717877
16,22,2030,1,wind_offshore,1.1711572946061717
16,23,2030,1,wind_offshore,1.157195933893301
16,24,2030,1,wind_offshore,1.1500468162169677
16,1,2030,1,wind_onshore,0.5043845020165545
16,2,2030,1,wind_onshore,0.5039228280953396
16,3,2030,1,wind_onshore,0.5029250037163574
16,4,2030,1,wind_onshore,0.4996255490283481
16,5,2030,1,wind_onshore,0.4989574272283754
16,6,2030,1,wind_onshore,0.49975264344014336
16,7,2030,1,wind_onshore,0.498712395846743
16,8,2030,1,wind_onshore,0.4985937200708203
16,9,2030,1,wind_onshore,0.4982468683130428
16,10,2030,1,wind_onshore,0.4978067311889748
16,11,2030,1,wind_onshore,0.5081216832630956
16,12,2030,1,wind_onshore,0.5399353809368338
16,13,2030,1,wind_onshore,0.5608514165165436
16,14,2030,1,wind_onshore,0.5780649453851388
16,15,2030,1,wind_onshore,0.5865276461038986
16,16,2030,1,wind_onshore,0.5808443326478994
16,17,2030,1,wind_onshore,0.5591168855664775
16,18,2030,1,wind_onshore,0.5332575471036181
16,19,2030,1,wind_onshore,0.5209092141863696
16,20,2030,1,wind_onshore,0.5206602937099247
16,21,2030,1,wind_onshore,0.520436990149005
16,22,2030,1,wind_onshore,0.5194440862956985
16,23,2030,1,wind_onshore,0.5331020093347671
16,24,2030,1,wind_onshore,0.533995540245138
