rep_period,timestep,year,scenario,profile_name,value
1,1,2030,0,demand,0.57062051094603
1,1,2030,0,wind_onshore,0.31358921233616655
2,1,2030,0,demand,0.5842751440243543
2,1,2030,0,wind_onshore,0.4523060552971388
3,1,2030,0,demand,0.7053609164393918
3,1,2030,0,wind_onshore,0.3469923298357619
4,1,2030,1,demand,0.6879325286895653
4,1,2030,1,wind_onshore,0.938227292644772
5,1,2030,1,demand,0.5443556766811184
5,1,2030,1,wind_onshore,0.882872324945726
6,1,2030,1,demand,0.667963880360886
6,1,2030,1,wind_onshore,0.803294703153484
