year,period,rep_period,weight,scenario
2050,1,4,0.17319695633387056,0
2050,1,10,0.05359683571662263,0
2050,1,12,0.3397605823145725,0
2050,1,58,0.4334456256349343,0
2050,2,4,0.2524455524275385,0
2050,2,18,0.21963613563221984,0
2050,2,40,0.0700246555765578,0
2050,2,41,0.12210370389524808,0
2050,2,51,0.33578995246843574,0
2050,3,4,0.028006006857610056,0
2050,3,18,0.08659835102737772,0
2050,3,40,0.6559024803543045,0
2050,3,41,0.06764607897826566,0
2050,3,51,0.16184708278244206,0
2050,4,10,0.4716019024609466,0
2050,4,40,0.31976738860708653,0
2050,4,41,0.20863070893196692,0
2050,5,10,1.0,0
2050,6,56,1.0,0
2050,7,4,0.029335157669988246,0
2050,7,10,0.06844367053111347,0
2050,7,29,0.24634381747051515,0
2050,7,41,0.03989327735298307,0
2050,7,51,0.10196031351041962,0
2050,7,56,0.11030573525373187,0
2050,7,58,0.4037180282112486,0
2050,8,4,0.39072797254642094,0
2050,8,18,0.05341428599014305,0
2050,8,51,0.555857741463436,0
2050,9,18,0.46205822890050285,0
2050,9,39,0.2794869472958872,0
2050,9,40,0.2584548238036099,0
2050,10,18,1.0,0
2050,11,18,0.663902538099469,0
2050,11,40,0.2614002473097825,0
2050,11,41,0.07469721459074848,0
2050,12,18,0.8690626936045523,0
2050,12,40,0.09318786105628019,0
2050,12,41,0.03774944533916749,0
2050,13,4,0.14085551005539665,0
2050,13,18,0.2633480588565842,0
2050,13,40,0.15545227368966624,0
2050,13,41,0.1205682590344144,0
2050,13,51,0.31977589836393866,0
2050,14,4,0.3729723889526523,0
2050,14,16,0.07837044318051428,0
2050,14,18,0.23584686139603844,0
2050,14,40,0.024027501025617456,0
2050,14,41,0.12064504999823415,0
2050,14,51,0.1681377554469434,0
2050,15,4,0.36135264113967996,0
2050,15,16,0.08330319910046523,0
2050,15,18,0.25409451508679304,0
2050,15,36,0.05535171871621264,0
2050,15,40,0.08965998667625366,0
2050,15,51,0.05381964213714269,0
2050,15,54,0.10241829714345295,0
2050,16,4,0.29054521157983376,0
2050,16,9,0.053469183416887146,0
2050,16,16,0.03802178270301659,0
2050,16,36,0.11479216391503137,0
2050,16,40,0.42690199550010943,0
2050,16,58,0.07626966288512171,0
2050,17,4,0.06459886320736619,0
2050,17,10,0.03243726638565393,0
2050,17,12,0.21782559968784365,0
2050,17,23,0.07591693394603458,0
2050,17,33,0.022316796664926534,0
2050,17,36,0.07813255556226684,0
2050,17,41,0.15152856466127834,0
2050,17,48,0.14733795187229673,0
2050,17,55,0.09075399360229441,0
2050,17,58,0.11915147441003875,0
2050,18,11,0.2617114988558246,0
2050,18,35,0.34533330353620795,0
2050,18,51,0.31869962235368665,0
2050,18,54,0.07425557525428077,0
2050,19,35,1.0,0
2050,20,22,0.1817836105119582,0
2050,20,28,0.0925759513933897,0
2050,20,35,0.6404991837857712,0
2050,20,60,0.08514125430888099,0
2050,21,11,0.4951477174044194,0
2050,21,27,0.024231637712084197,0
2050,21,35,0.3534190334948244,0
2050,21,36,0.12720161138867198,0
2050,22,35,0.8349232159511396,0
2050,22,37,0.16507678404886045,0
2050,23,3,1.0,0
2050,24,3,0.04187449917320711,0
2050,24,12,0.06497649331442878,0
2050,24,16,0.05543608621105028,0
2050,24,18,0.23675448240753078,0
2050,24,20,0.23222931775421762,0
2050,24,23,0.08290665052030777,0
2050,24,48,0.20210053685644977,0
2050,24,56,0.08372193376280812,0
2050,25,3,0.43179931635934643,0
2050,25,28,0.04810284110129138,0
2050,25,39,0.06162599007162001,0
2050,25,48,0.1926158237626094,0
2050,25,52,0.26585602870513275,0
2050,26,12,0.04695194866506131,0
2050,26,16,0.21660773503293645,0
2050,26,18,0.14820741260392303,0
2050,26,31,0.04073666184082044,0
2050,26,42,0.12063829024155008,0
2050,26,48,0.13581059275466667,0
2050,26,54,0.14628529356016542,0
2050,26,60,0.14476206530087657,0
2050,27,16,0.12852919071543248,0
2050,27,20,0.15579982045122037,0
2050,27,28,0.2426058333427174,0
2050,27,29,0.012799551062521052,0
2050,27,39,0.10621123964160015,0
2050,27,52,0.13110748328098476,0
2050,27,54,0.15825520626189366,0
2050,27,60,0.06469167524363027,0
2050,28,4,0.08462056677128116,0
2050,28,12,0.07509417181632096,0
2050,28,16,0.41896500358322636,0
2050,28,18,0.24808335498830564,0
2050,28,31,0.07238376877008856,0
2050,28,60,0.10085313407077734,0
2050,29,4,0.08528523664462014,0
2050,29,9,0.2907657569176207,0
2050,29,16,0.10254542976053008,0
2050,29,31,0.013828599775137373,0
2050,29,40,0.26822130914778114,0
2050,29,51,0.23935366775431072,0
2050,30,9,1.0,0
2050,31,3,0.0385126062648703,0
2050,31,9,0.597612948207007,0
2050,31,11,0.1566038576219947,0
2050,31,22,0.0353595471953148,0
2050,31,24,0.17191104071081328,0
2050,32,31,1.0,0
2050,33,20,0.13909780145791728,0
2050,33,24,0.27445482769476703,0
2050,33,27,0.022682910371686012,0
2050,33,31,0.46951754911168064,0
2050,33,35,0.09424691136394901,0
2050,34,3,0.22231554505336892,0
2050,34,11,0.3718302357742253,0
2050,34,16,0.1191161979149067,0
2050,34,35,0.2867380212574991,0
2050,35,3,0.08390946673166187,0
2050,35,35,0.14510483078802,0
2050,35,37,0.59395462343381,0
2050,35,52,0.17703107904650817,0
2050,36,37,1.0,0
2050,37,9,0.19273905888347218,0
2050,37,14,0.010754672725164116,0
2050,37,18,0.04154504067661938,0
2050,37,23,0.0425979375890924,0
2050,37,24,0.15106549001214356,0
2050,37,37,0.056451326680957085,0
2050,37,40,0.5048464734325512,0
2050,38,4,0.014479159846918978,0
2050,38,12,0.08502411802187512,0
2050,38,18,0.044086909888727724,0
2050,38,31,0.26700639228364886,0
2050,38,40,0.22529646795636085,0
2050,38,41,0.1467536430460049,0
2050,38,58,0.13182087456318883,0
2050,38,60,0.08553243439327482,0
2050,39,40,1.0,0
2050,40,20,1.0,0
2050,41,6,0.21049176429002328,0
2050,41,20,0.6165167524163804,0
2050,41,35,0.02288280582189388,0
2050,41,56,0.09625909045563237,0
2050,41,59,0.05384958701607006,0
2050,42,6,0.36250742935561137,0
2050,42,35,0.4293702421518218,0
2050,42,56,0.20812232849256684,0
2050,43,6,0.4111865053012773,0
2050,43,11,0.05460941988567404,0
2050,43,22,0.024749653514076105,0
2050,43,35,0.3932702849832286,0
2050,43,51,0.11618413631574406,0
2050,44,27,0.027657318338570325,0
2050,44,37,0.10489628778837348,0
2050,44,42,0.15639556540855976,0
2050,44,54,0.32828245336372414,0
2050,44,55,0.2173435478750512,0
2050,44,56,0.16542482722572113,0
2050,45,1,0.07228940835626405,0
2050,45,13,0.031557438769300054,0
2050,45,16,0.0826944681863637,0
2050,45,24,0.05671424683143132,0
2050,45,27,0.1876637625323082,0
2050,45,35,0.1341380524851486,0
2050,45,37,0.19589198950089692,0
2050,45,42,0.13308399840921922,0
2050,45,54,0.10596663492906797,0
2050,46,20,0.0320941923505598,0
2050,46,34,0.16468753366465508,0
2050,46,51,0.1764191270690529,0
2050,46,58,0.3044429899641283,0
2050,46,60,0.3223561569516041,0
2050,47,9,0.14206611735720331,0
2050,47,22,0.16383831155044953,0
2050,47,34,0.021020585213024544,0
2050,47,51,0.22855019972712445,0
2050,47,58,0.44452478615219815,0
2050,48,9,0.18614507520290174,0
2050,48,22,0.15653649004777825,0
2050,48,58,0.65731843474932,0
2050,49,58,1.0,0
2050,50,4,0.08831888439498088,0
2050,50,12,0.12322404469972977,0
2050,50,51,0.3129070032499172,0
2050,50,58,0.4755500676553722,0
2050,51,51,1.0,0
2050,52,9,0.4258789667288129,0
2050,52,11,0.3085436589487097,0
2050,52,22,0.04179744709000554,0
2050,52,51,0.2237799272324718,0
2050,53,9,0.08150550250652365,0
2050,53,23,0.3037058438419165,0
2050,53,58,0.6147886536515599,0
2050,54,16,0.36190189017956004,0
2050,54,18,0.02257172144281806,0
2050,54,23,0.10681349250835674,0
2050,54,31,0.09908162708365549,0
2050,54,51,0.2453866336779482,0
2050,54,58,0.16424463510766146,0
2050,55,16,1.0,0
2050,56,52,1.0,0
2050,57,16,0.17722420002789827,0
2050,57,23,0.031937369062709525,0
2050,57,48,0.3447655580217563,0
2050,57,52,0.08250934552697435,0
2050,57,56,0.3635635273606617,0
2050,58,16,0.21769943662299096,0
2050,58,27,0.013833336853349214,0
2050,58,35,0.2901303711155066,0
2050,58,42,0.10721977135270622,0
2050,58,51,0.10100860487239463,0
2050,58,52,0.2701084791830525,0
2050,59,16,0.3561374150898201,0
2050,59,42,0.20620731447498375,0
2050,59,54,0.10042802246388155,0
2050,59,56,0.3372272479713146,0
2050,60,4,0.2155262892485792,0
2050,60,16,0.4557430318982529,0
2050,60,18,0.04141090098348944,0
2050,60,51,0.2873197778696786,0
2050,61,7,0.09094502421665468,0
2050,61,16,0.26732863717672856,0
2050,61,18,0.31648865485468425,0
2050,61,39,0.06058388373715107,0
2050,61,40,0.15839915374041003,0
2050,61,41,0.07519519825879324,0
2050,61,48,0.03105944801557807,0
2050,62,7,0.43152846290703833,0
2050,62,10,0.0239726602106688,0
2050,62,12,0.11401463009324196,0
2050,62,41,0.27260522696070555,0
2050,62,51,0.15787901982834526,0
2050,63,7,0.2813031583629132,0
2050,63,16,0.356422844258381,0
2050,63,39,0.09824019352084447,0
2050,63,42,0.05582766874052452,0
2050,63,48,0.20820613511733688,0
2050,64,3,0.43185015556605216,0
2050,64,20,0.04837592924845537,0
2050,64,37,0.19409384644357372,0
2050,64,46,0.06296753012897205,0
2050,64,48,0.1295685580536551,0
2050,64,52,0.13314398055929164,0
2050,65,3,0.07325855605711912,0
2050,65,10,0.032442532670844536,0
2050,65,12,0.8174339671657811,0
2050,65,59,0.07686494410625537,0
2050,66,12,1.0,0
2050,67,12,0.5795930422634091,0
2050,67,58,0.24432243172056314,0
2050,67,60,0.17608452601602773,0
2050,68,11,0.11592200124844933,0
2050,68,28,0.19039084192891617,0
2050,68,43,0.08670346551439458,0
2050,68,44,0.1370167191070519,0
2050,68,58,0.19802517980915965,0
2050,68,60,0.2719417923920283,0
2050,69,60,1.0,0
2050,70,28,1.0,0
2050,71,28,0.5414388288851879,0
2050,71,48,0.44846000384296864,0
2050,71,59,0.010101167271843544,0
2050,72,6,0.08771308058892219,0
2050,72,11,0.10266155963993998,0
2050,72,31,0.060968587972743425,0
2050,72,36,0.10496811642603783,0
2050,72,40,0.23415882877922667,0
2050,72,55,0.12172302395192573,0
2050,72,60,0.28780680264120423,0
2050,73,29,0.03741813578417828,0
2050,73,31,0.09448957952450991,0
2050,73,34,0.028780848526030214,0
2050,73,42,0.0908816925183001,0
2050,73,51,0.09437248842673307,0
2050,73,54,0.23157129719786523,0
2050,73,58,0.07133963315418093,0
2050,73,60,0.35114632486820235,0
2050,74,7,0.2403103270307279,0
2050,74,12,0.08108967914382022,0
2050,74,20,0.11273948669054586,0
2050,74,28,0.057896586336184996,0
2050,74,29,0.14467673351798152,0
2050,74,34,0.05660403152589062,0
2050,74,42,0.08401358081582726,0
2050,74,51,0.027512311844138895,0
2050,74,55,0.16518391151038853,0
2050,74,58,0.029973351584494295,0
2050,75,6,0.04632736092479244,0
2050,75,10,0.09780685010400873,0
2050,75,12,0.18095260444421238,0
2050,75,20,0.12064485908530895,0
2050,75,34,0.11998726965406166,0
2050,75,40,0.11057078322287174,0
2050,75,59,0.2795586135101675,0
2050,75,60,0.044151659054576735,0
2050,76,6,0.26539455148350727,0
2050,76,22,0.23748727270742837,0
2050,76,43,0.03838541124134889,0
2050,76,59,0.4019381164303188,0
2050,76,60,0.056794648137396674,0
2050,77,5,0.020108493346612574,0
2050,77,11,0.11663535295322454,0
2050,77,25,0.20185997186065707,0
2050,77,27,0.25929621957861954,0
2050,77,28,0.036703355842897065,0
2050,77,33,0.06731904341742151,0
2050,77,35,0.03471281962080203,0
2050,77,43,0.1682290089305524,0
2050,77,55,0.0951357344492132,0
2050,78,11,0.15500734361367705,0
2050,78,27,0.15634685970676485,0
2050,78,35,0.1474742561945315,0
2050,78,37,0.07085464437734013,0
2050,78,42,0.2280987531910111,0
2050,78,45,0.0366407841515434,0
2050,78,46,0.03510785519701404,0
2050,78,55,0.1704695035681179,0
2050,79,6,0.12170408990130353,0
2050,79,11,0.19799400203584935,0
2050,79,35,0.5036659694903752,0
2050,79,43,0.0229412134588655,0
2050,79,44,0.02148364012014247,0
2050,79,55,0.13221108499346396,0
2050,80,55,1.0,0
2050,81,20,0.07223653821530045,0
2050,81,24,0.1205942137978417,0
2050,81,28,0.1760519211867543,0
2050,81,42,0.09596471149628844,0
2050,81,46,0.4604196182418863,0
2050,81,51,0.07473299706192885,0
2050,82,6,0.13755213528168236,0
2050,82,11,0.1210056367506328,0
2050,82,58,0.15036317567626808,0
2050,82,60,0.5910790522914168,0
2050,83,11,1.0,0
2050,84,46,1.0,0
2050,85,6,0.037592115043544164,0
2050,85,9,0.1802096155427954,0
2050,85,11,0.03963957795747609,0
2050,85,31,0.18477554298118282,0
2050,85,48,0.10952920370463597,0
2050,85,54,0.11613257425492406,0
2050,85,55,0.15750635824951426,0
2050,85,58,0.17461501226592707,0
2050,86,24,1.0,0
2050,87,48,1.0,0
2050,88,4,0.22456449870255926,0
2050,88,7,0.2854687008851652,0
2050,88,18,0.12081031460280736,0
2050,88,51,0.30448943042526305,0
2050,88,55,0.06466705538420511,0
2050,89,7,0.6565956716032627,0
2050,89,40,0.2601955880062074,0
2050,89,41,0.08320874039052992,0
2050,90,7,1.0,0
2050,91,7,1.0,0
2050,92,7,0.6227451686456326,0
2050,92,20,0.010750446555472085,0
2050,92,24,0.08156588292343699,0
2050,92,25,0.1609490740165656,0
2050,92,40,0.10978240786554967,0
2050,92,42,0.014207019993343143,0
2050,93,43,1.0,0
2050,94,6,0.11652461024929538,0
2050,94,35,0.12113669939618846,0
2050,94,43,0.07972732920771694,0
2050,94,44,0.23575735355751098,0
2050,94,55,0.44685400758928834,0
2050,95,14,0.013994274495038728,0
2050,95,37,0.19416081099695992,0
2050,95,43,0.22187809931778538,0
2050,95,44,0.07005329217744766,0
2050,95,46,0.2156143219336128,0
2050,95,59,0.28429920107915563,0
2050,96,6,0.022493759297256898,0
2050,96,14,0.05847154406186513,0
2050,96,37,0.19976267648493207,0
2050,96,43,0.2769943765210889,0
2050,96,59,0.44227764363485683,0
2050,97,59,1.0,0
2050,98,6,0.40245914936104515,0
2050,98,11,0.04441855071955933,0
2050,98,28,0.13259081673744286,0
2050,98,59,0.42053148318195266,0
2050,99,6,1.0,0
2050,100,6,0.6832183911672925,0
2050,100,28,0.23257283723669092,0
2050,100,42,0.023257914237273903,0
2050,100,44,0.060950857358742616,0
2050,101,42,1.0,0
2050,102,29,0.038333958849397616,0
2050,102,34,0.47909958272218933,0
2050,102,55,0.15901470702796383,0
2050,102,60,0.3235517514004493,0
2050,103,34,1.0,0
2050,104,25,0.16396439579876038,0
2050,104,29,0.08523641337498976,0
2050,104,34,0.44712555875120386,0
2050,104,42,0.06439745644878488,0
2050,104,58,0.029631921187916285,0
2050,104,60,0.20964425443834478,0
2050,105,25,0.4385498060606375,0
2050,105,29,0.17732242187205602,0
2050,105,34,0.2682049485784074,0
2050,105,44,0.030856820094825987,0
2050,105,60,0.08506600339407314,0
2050,106,34,0.18117429705510585,0
2050,106,44,0.44295390098998344,0
2050,106,59,0.37587180195491066,0
2050,107,6,0.0707387466172183,0
2050,107,12,0.06132015287893791,0
2050,107,25,0.07783244415477798,0
2050,107,28,0.09556889024451945,0
2050,107,42,0.01360608782693007,0
2050,107,44,0.35067501495516445,0
2050,107,46,0.06820854013121694,0
2050,107,55,0.17145845858475803,0
2050,107,59,0.09059166460647694,0
2050,108,11,0.04337977362213011,0
2050,108,14,0.1315134849432055,0
2050,108,24,0.013266644841982544,0
2050,108,25,0.3018215811719948,0
2050,108,28,0.07912293583277039,0
2050,108,42,0.13719184268031456,0
2050,108,43,0.29370373690760215,0
2050,109,6,0.4397462887864949,0
2050,109,28,0.12221163304752827,0
2050,109,44,0.2231177421722709,0
2050,109,60,0.21492433599370583,0
2050,110,6,0.2596658862090668,0
2050,110,25,0.5475945534815692,0
2050,110,34,0.08292702380500457,0
2050,110,44,0.10981253650435943,0
2050,111,25,1.0,0
2050,112,6,0.17802343421820682,0
2050,112,25,0.4925776990767526,0
2050,112,42,0.2300945699110287,0
2050,112,60,0.09930429679401187,0
2050,113,6,0.2464410979129613,0
2050,113,17,0.04466346973122055,0
2050,113,34,0.05261745855008306,0
2050,113,44,0.5581260158504024,0
2050,113,59,0.09815195795533269,0
2050,114,44,1.0,0
2050,115,30,0.03269830977386741,0
2050,115,42,0.5317431093546918,0
2050,115,44,0.2072293971720944,0
2050,115,49,0.22832918369934643,0
2050,116,5,0.06344263669989936,0
2050,116,11,0.2006916722925446,0
2050,116,26,0.021062894553655037,0
2050,116,27,0.12132496309510492,0
2050,116,35,0.04462000328095389,0
2050,116,44,0.5285559071824283,0
2050,116,49,0.020301922895413882,0
2050,117,5,0.06114973475991225,0
2050,117,25,0.18090351065518961,0
2050,117,26,0.168844212322885,0
2050,117,42,0.02261445870763753,0
2050,117,43,0.312239111547261,0
2050,117,44,0.014101410378228332,0
2050,117,46,0.18311325103696516,0
2050,117,57,0.0570343105919211,0
2050,118,8,0.06796354339543097,0
2050,118,14,0.047594543284275315,0
2050,118,25,0.18298266964708887,0
2050,118,32,0.06588649708544113,0
2050,118,33,0.06294793779533865,0
2050,118,42,0.19177534127104257,0
2050,118,43,0.2643108564176823,0
2050,118,44,0.11653861110370028,0
2050,119,7,0.08789163101432042,0
2050,119,19,0.021727883859746257,0
2050,119,25,0.18592477813107847,0
2050,119,32,0.10846023048464612,0
2050,119,42,0.10520541050367345,0
2050,119,43,0.025487017257767093,0
2050,119,44,0.24511163755308868,0
2050,119,60,0.2201914111956795,0
2050,120,8,0.0806618894845267,0
2050,120,21,0.025975750194159628,0
2050,120,30,0.4471649441707278,0
2050,120,38,0.13111620587959694,0
2050,120,50,0.11223619005083871,0
2050,120,53,0.20284502022015038,0
2050,121,50,1.0,0
2050,122,26,0.025441863721245638,0
2050,122,30,0.1472922255252025,0
2050,122,44,0.1358482776848385,0
2050,122,50,0.4344610001679642,0
2050,122,53,0.2569566329007491,0
2050,123,8,1.0,0
2050,124,30,1.0,0
2050,125,8,0.2331792955823841,0
2050,125,38,0.37123405620148975,0
2050,125,47,0.39558664821612616,0
2050,126,47,1.0,0
2050,127,2,0.2785709292693572,0
2050,127,15,0.13729027786983466,0
2050,127,30,0.2044904969971029,0
2050,127,38,0.31155857915961077,0
2050,127,53,0.0680897167040946,0
2050,128,53,1.0,0
2050,129,38,1.0,0
2050,130,15,1.0,0
2050,131,15,0.6198485498688442,0
2050,131,19,0.0824207369318831,0
2050,131,38,0.29773071319927263,0
2050,132,2,0.3960804917163332,0
2050,132,15,0.22909406817819408,0
2050,132,19,0.19391888922315237,0
2050,132,47,0.1809065508823203,0
2050,133,2,1.0,0
2050,134,26,0.21717434623723433,0
2050,134,45,0.22650772909890554,0
2050,134,49,0.32302512767714786,0
2050,134,50,0.1982483557494979,0
2050,134,53,0.03504444123721438,0
2050,135,26,1.0,0
2050,136,8,0.5830052746707164,0
2050,136,17,0.13707536367926287,0
2050,136,26,0.2592839882143344,0
2050,136,32,0.02063537343568628,0
2050,137,15,0.16254316369658742,0
2050,137,17,0.1586473488880772,0
2050,137,19,0.3256858916307962,0
2050,137,30,0.23736231757175774,0
2050,137,33,0.011433101291759028,0
2050,137,34,0.03285013530413291,0
2050,137,49,0.07147804161688952,0
2050,138,8,0.18084078712472276,0
2050,138,19,0.041538608825282965,0
2050,138,26,0.05780835701603128,0
2050,138,30,0.13189760957859256,0
2050,138,32,0.38912566533226056,0
2050,138,44,0.07797806350634948,0
2050,138,47,0.12081090861676039,0
2050,139,19,0.037783791748132366,0
2050,139,21,0.18152393015380872,0
2050,139,26,0.11950707058927922,0
2050,139,30,0.5785593338005669,0
2050,139,32,0.0312858002869762,0
2050,139,47,0.051340073421236705,0
2050,140,5,0.17290383836778692,0
2050,140,8,0.0424448811933046,0
2050,140,26,0.5058940862272332,0
2050,140,49,0.13941834281280818,0
2050,140,50,0.1393388513988672,0
2050,141,5,0.03524777236644773,0
2050,141,26,0.35509681512328417,0
2050,141,49,0.5768489878753016,0
2050,141,57,0.032806424634966455,0
2050,142,49,1.0,0
2050,143,11,0.046642048572541096,0
2050,143,17,0.04490979055619109,0
2050,143,26,0.1558950274124224,0
2050,143,27,0.03784718026927614,0
2050,143,45,0.07570625467513808,0
2050,143,49,0.6031743508412114,0
2050,143,50,0.03582534767321967,0
2050,144,5,0.05055390460930028,0
2050,144,26,0.0626290995056257,0
2050,144,32,0.02673394689449949,0
2050,144,45,0.2524747163687912,0
2050,144,49,0.6076083326217833,0
2050,145,5,0.30415934259515076,0
2050,145,26,0.08253265320341376,0
2050,145,45,0.19137591243476082,0
2050,145,49,0.31208435664356715,0
2050,145,53,0.10984773512310753,0
2050,146,5,0.4655211067878764,0
2050,146,8,0.020837627898980284,0
2050,146,15,0.04306120018476804,0
2050,146,33,0.06120857010139848,0
2050,146,49,0.40937149502697673,0
2050,147,15,0.24521216870116216,0
2050,147,17,0.11824535317895431,0
2050,147,25,0.14911494964966618,0
2050,147,33,0.19960463765265796,0
2050,147,49,0.2878228908175594,0
2050,148,5,0.01939533952236181,0
2050,148,8,0.19838855327032362,0
2050,148,19,0.4947766575510155,0
2050,148,26,0.012474995364619176,0
2050,148,30,0.03389036436212434,0
2050,148,32,0.031412693030038255,0
2050,148,38,0.08916070981323249,0
2050,148,42,0.06754392723563621,0
2050,148,49,0.052956759850648495,0
2050,149,8,0.23429679207109563,0
2050,149,19,0.19413994751650843,0
2050,149,30,0.06253073172319056,0
2050,149,38,0.02556670646346151,0
2050,149,45,0.43728146337659046,0
2050,149,53,0.04618435884915335,0
2050,150,2,0.11853034479740913,0
2050,150,19,0.413078502497975,0
2050,150,21,0.23217430623887184,0
2050,150,30,0.23621684646574412,0
2050,151,19,0.3808357121231917,0
2050,151,32,0.10624629700465074,0
2050,151,47,0.5129179908721575,0
2050,152,19,0.4893104501589498,0
2050,152,30,0.048867711198374575,0
2050,152,45,0.06664313140320428,0
2050,152,47,0.3951787072394712,0
2050,153,19,0.3234948006189609,0
2050,153,21,0.11119596568066556,0
2050,153,38,0.2282495514514186,0
2050,153,42,0.0757735652860585,0
2050,153,47,0.26128611696289644,0
2050,154,2,0.5177129592928442,0
2050,154,19,0.32130910103001054,0
2050,154,36,0.16097793967714516,0
2050,155,2,0.2595703049621897,0
2050,155,19,0.019642451600027835,0
2050,155,44,0.1730959888132104,0
2050,155,45,0.3216395159366783,0
2050,155,53,0.22605173868789366,0
2050,156,8,0.26509766657969785,0
2050,156,19,0.42702298435735875,0
2050,156,45,0.30787934906294345,0
2050,157,19,1.0,0
2050,158,2,0.2792329861843977,0
2050,158,19,0.6943919435629066,0
2050,158,45,0.026375070252695747,0
2050,159,5,0.0406979998434003,0
2050,159,8,0.03228062091019655,0
2050,159,19,0.06155937844392165,0
2050,159,21,0.08705683274453331,0
2050,159,44,0.012578634771543465,0
2050,159,45,0.18932892187390818,0
2050,159,47,0.2984504878962304,0
2050,159,53,0.1856409377346527,0
2050,159,57,0.0924061857816135,0
2050,160,5,0.3561377508041583,0
2050,160,8,0.21507240700458943,0
2050,160,38,0.11488767179532672,0
2050,160,47,0.07032447215281952,0
2050,160,50,0.037871327150659335,0
2050,160,57,0.20570637109244683,0
2050,161,19,0.07691239314009655,0
2050,161,27,0.08389504526838795,0
2050,161,38,0.1318121336396076,0
2050,161,45,0.2650150360106542,0
2050,161,47,0.14021228114957082,0
2050,161,49,0.09250986533751134,0
2050,161,53,0.05572307073843747,0
2050,161,57,0.1539201747157342,0
2050,162,27,0.08801498000147225,0
2050,162,32,0.1697455266859087,0
2050,162,44,0.21740993659987143,0
2050,162,45,0.5248295567127477,0
2050,163,5,0.2500918920420166,0
2050,163,27,0.014212383869261106,0
2050,163,45,0.6089899004676388,0
2050,163,57,0.12670582362108349,0
2050,164,5,0.1576028404200854,0
2050,164,27,0.07779873781720387,0
2050,164,32,0.09293990367212457,0
2050,164,45,0.14651120049934496,0
2050,164,57,0.5251473175912412,0
2050,165,17,0.3187627440751205,0
2050,165,19,0.0277895084024132,0
2050,165,44,0.3215109519214819,0
2050,165,45,0.06937124854874686,0
2050,165,49,0.015844320480702456,0
2050,165,57,0.2467212265715352,0
2050,166,2,0.04152635846118082,0
2050,166,5,0.2409308691822046,0
2050,166,17,0.20274598650323758,0
2050,166,25,0.028344803306353538,0
2050,166,27,0.02597056979012595,0
2050,166,44,0.025985186482980933,0
2050,166,45,0.15743036917070072,0
2050,166,49,0.16666228007007686,0
2050,166,57,0.11040357703313904,0
2050,167,5,0.28921661876516946,0
2050,167,17,0.06866876391082082,0
2050,167,26,0.04702190585403318,0
2050,167,45,0.3802654315272383,0
2050,167,49,0.21482727994273831,0
2050,168,32,0.12374166166116585,0
2050,168,33,0.24425825700171805,0
2050,168,49,0.632000081337116,0
2050,169,17,0.10735235522863251,0
2050,169,19,0.35225662599248686,0
2050,169,21,0.024248349012687836,0
2050,169,32,0.07870043950830533,0
2050,169,33,0.02686664316410635,0
2050,169,36,0.06484274647143393,0
2050,169,57,0.34573284062234727,0
2050,170,5,0.46061015705908437,0
2050,170,17,0.11485255223371313,0
2050,170,32,0.15868866780193416,0
2050,170,33,0.023646898908461306,0
2050,170,38,0.031812632884251124,0
2050,170,45,0.09260675227549796,0
2050,170,49,0.029561670387532227,0
2050,170,57,0.08822066844952574,0
2050,171,5,0.6081579664377018,0
2050,171,17,0.05336212029316727,0
2050,171,26,0.046434095891240944,0
2050,171,45,0.29204581737789,0
2050,172,5,0.4077240271728322,0
2050,172,8,0.014179484075237631,0
2050,172,32,0.19374698106253663,0
2050,172,45,0.3277806930630725,0
2050,172,57,0.05656881462632102,0
2050,173,5,0.7622107497914881,0
2050,173,8,0.01129056562674384,0
2050,173,45,0.11804906783147154,0
2050,173,57,0.10844961675029673,0
2050,174,57,1.0,0
2050,175,2,0.16682363892184357,0
2050,175,17,0.4709425050013902,0
2050,175,57,0.3622338560767662,0
2050,176,6,0.08308565909125327,0
2050,176,17,0.2123166735320795,0
2050,176,45,0.7045976673766673,0
2050,177,5,0.028329004881209468,0
2050,177,17,0.12271499296602915,0
2050,177,32,0.22134664655263614,0
2050,177,45,0.6276093556001252,0
2050,178,5,0.4518448949004611,0
2050,178,32,0.29286454285512475,0
2050,178,45,0.25529056224441404,0
2050,179,5,0.3012231731376804,0
2050,179,32,0.2768742658178694,0
2050,179,45,0.3857892498540247,0
2050,179,49,0.036113311190425684,0
2050,180,5,0.22781973683284787,0
2050,180,17,0.04724015718262029,0
2050,180,45,0.7249401059845318,0
2050,181,5,0.14037364697550594,0
2050,181,32,0.09026693692923751,0
2050,181,45,0.7693594160952566,0
2050,182,5,0.24528415125297218,0
2050,182,32,0.45765285697763214,0
2050,182,57,0.29706299176939566,0
2050,183,5,0.4197768578113113,0
2050,183,17,0.026238524239538676,0
2050,183,32,0.24386511950322062,0
2050,183,45,0.31011949844592934,0
2050,184,45,1.0,0
2050,185,32,0.5411173751105914,0
2050,185,45,0.45888262488940856,0
2050,186,5,0.5432634815917813,0
2050,186,45,0.4567365184082188,0
2050,187,17,0.33114217116537753,0
2050,187,19,0.34150378562200867,0
2050,187,32,0.18948278558421042,0
2050,187,45,0.12299770907908625,0
2050,187,60,0.014873548549317255,0
2050,188,17,0.100196979113368,0
2050,188,19,0.05244808810730708,0
2050,188,32,0.3348322848773645,0
2050,188,36,0.10798003979752013,0
2050,188,45,0.29975216875374505,0
2050,188,47,0.10479043935069515,0
2050,189,7,0.1269764451722003,0
2050,189,21,0.6777153692413108,0
2050,189,36,0.11383659307313437,0
2050,189,47,0.08147159251335463,0
2050,190,17,0.32816915830417726,0
2050,190,21,0.19079188105004713,0
2050,190,34,0.08732734378007385,0
2050,190,36,0.2076224212045904,0
2050,190,57,0.1411530623778465,0
2050,190,60,0.04493613328326495,0
2050,191,17,0.9077675369806213,0
2050,191,19,0.04289316277094746,0
2050,191,34,0.036649905281821674,0
2050,191,43,0.012689394966609455,0
2050,192,17,0.04563291048237024,0
2050,192,32,0.4312767370548816,0
2050,192,45,0.5230903524627482,0
2050,193,5,0.4984574356234128,0
2050,193,32,0.46310049271756226,0
2050,193,45,0.03844207165902496,0
2050,194,5,1.0,0
2050,195,5,1.0,0
2050,196,5,0.984042069487717,0
2050,196,17,0.015957930512283044,0
2050,197,5,0.13386585991131877,0
2050,197,17,0.19568583461769148,0
2050,197,32,0.28039021526122776,0
2050,197,44,0.023581126940434235,0
2050,197,45,0.3664769632693279,0
2050,198,32,1.0,0
2050,199,17,0.1862537151624649,0
2050,199,19,0.12115876303992297,0
2050,199,32,0.6262100200227648,0
2050,199,45,0.017067887181380748,0
2050,199,60,0.04930961459346658,0
2050,200,5,0.13459416668581511,0
2050,200,17,0.07359103532819639,0
2050,200,32,0.44260291070010105,0
2050,200,45,0.29562380672335775,0
2050,200,57,0.053588080562529616,0
2050,201,5,0.07290535981229289,0
2050,201,17,0.2805428410607565,0
2050,201,32,0.3426959726851308,0
2050,201,45,0.30385582644181974,0
2050,202,5,0.16153086328154764,0
2050,202,17,0.03727376582481529,0
2050,202,21,0.059878152074928394,0
2050,202,32,0.7159202758264059,0
2050,202,33,0.02539694299230256,0
2050,203,5,0.07588763397964768,0
2050,203,17,0.24811686895958987,0
2050,203,32,0.4762671232197509,0
2050,203,44,0.01456666064100546,0
2050,203,45,0.1851617132000061,0
2050,204,5,0.2712106630363732,0
2050,204,17,0.5592391664687877,0
2050,204,21,0.11128048728683383,0
2050,204,45,0.05826968320800516,0
2050,205,5,0.15600034140952118,0
2050,205,11,0.07862850041458126,0
2050,205,17,0.20665619557030201,0
2050,205,44,0.1328683800908691,0
2050,205,45,0.42584658251472646,0
2050,206,21,1.0,0
2050,207,17,0.6263876322448932,0
2050,207,19,0.026264777313267235,0
2050,207,21,0.06484943206211365,0
2050,207,36,0.017380188292810326,0
2050,207,41,0.16731278671017122,0
2050,207,49,0.04438542449953775,0
2050,207,60,0.05341975887720652,0
2050,208,8,0.06323878852462957,0
2050,208,14,0.02490191441769307,0
2050,208,21,0.3748982862813099,0
2050,208,32,0.26614405954978737,0
2050,208,36,0.12337270023331322,0
2050,208,39,0.1474442509932669,0
2050,209,5,0.23704829950356335,0
2050,209,8,0.012051553161632235,0
2050,209,21,0.504593463059317,0
2050,209,32,0.17032468698633987,0
2050,209,39,0.07598199728914758,0
2050,210,17,0.09566155488018453,0
2050,210,21,0.5098999988932699,0
2050,210,32,0.29322032429535966,0
2050,210,57,0.101218121931186,0
2050,211,17,0.6514562501157195,0
2050,211,57,0.34854374988428044,0
2050,212,17,1.0,0
2050,213,5,0.21164225313946283,0
2050,213,17,0.41559862226324606,0
2050,213,32,0.0560198577609247,0
2050,213,44,0.06374429375910838,0
2050,213,45,0.2529949730772581,0
2050,214,17,0.1909631519421839,0
2050,214,45,0.8090368480578162,0
2050,215,17,0.11109112379271975,0
2050,215,32,0.8889088762072803,0
2050,216,5,0.05286018606978967,0
2050,216,17,0.2394248454920716,0
2050,216,32,0.337189692347941,0
2050,216,42,0.10857915725608565,0
2050,216,45,0.261946118834112,0
2050,217,5,0.1227443722154686,0
2050,217,17,0.20166107101653083,0
2050,217,28,0.026193186374177214,0
2050,217,32,0.15110038086535768,0
2050,217,44,0.04672623158150702,0
2050,217,45,0.4515747579469587,0
2050,218,1,0.08423295432580105,0
2050,218,5,0.43389826092083816,0
2050,218,17,0.07149792788896843,0
2050,218,32,0.1486701423060541,0
2050,218,35,0.014320643276584994,0
2050,218,45,0.24738007128175324,0
2050,219,5,0.47876662414396054,0
2050,219,17,0.17028684255475954,0
2050,219,35,0.1529454505394723,0
2050,219,45,0.19800108276180764,0
2050,220,5,0.26414552614354553,0
2050,220,17,0.2049040136013518,0
2050,220,35,0.18596399480832887,0
2050,220,45,0.3449864654467738,0
2050,221,5,0.4116668058655961,0
2050,221,17,0.11774258601227852,0
2050,221,32,0.0664843989058934,0
2050,221,35,0.18668945644987286,0
2050,221,45,0.2174167527663591,0
2050,222,1,0.023431900759278243,0
2050,222,5,0.5908542133655512,0
2050,222,17,0.13056484699786097,0
2050,222,32,0.06890157836060543,0
2050,222,35,0.030720282839377763,0
2050,222,45,0.1555271776773264,0
2050,223,5,0.6250958196313406,0
2050,223,17,0.09650095599942587,0
2050,223,27,0.1714178818286733,0
2050,223,45,0.10698534254056023,0
2050,224,5,0.6074531513318739,0
2050,224,27,0.18895305986779612,0
2050,224,45,0.20359378880032994,0
2050,225,21,0.21459841572993543,0
2050,225,27,0.16474537500919761,0
2050,225,32,0.2764578518167835,0
2050,225,45,0.29702533571252787,0
2050,225,57,0.04717302173155566,0
2050,226,5,0.3518819093941811,0
2050,226,17,0.4024603241542275,0
2050,226,21,0.1410129339001662,0
2050,226,33,0.10464483255142518,0
2050,227,5,0.19665561821296645,0
2050,227,17,0.4081926926064652,0
2050,227,21,0.09425669126289604,0
2050,227,27,0.15561447826004987,0
2050,227,45,0.14528051965762248,0
2050,228,5,0.24041937106476696,0
2050,228,17,0.33177686628476566,0
2050,228,21,0.10812488525706176,0
2050,228,27,0.10635567010324129,0
2050,228,44,0.184327865014674,0
2050,228,45,0.028995342275490315,0
2050,229,5,0.014625055308572358,0
2050,229,17,0.34892630735782454,0
2050,229,21,0.4408016333127372,0
2050,229,29,0.012391240194158852,0
2050,229,33,0.09786933266544547,0
2050,229,44,0.08538643116126152,0
2050,230,5,0.235380489404708,0
2050,230,17,0.3255177616322954,0
2050,230,21,0.28115518610423545,0
2050,230,33,0.1579465628587612,0
2050,231,5,0.5109962162835853,0
2050,231,17,0.41821451346521776,0
2050,231,28,0.019329063555097222,0
2050,231,33,0.051460206696099645,0
2050,232,5,0.2343350919555113,0
2050,232,17,0.12003259322856753,0
2050,232,32,0.12964858473615848,0
2050,232,35,0.0663412502564397,0
2050,232,43,0.14507714596972152,0
2050,232,45,0.3045653338536016,0
2050,233,5,0.07139789084246118,0
2050,233,17,0.17769180361069892,0
2050,233,32,0.25820308948912934,0
2050,233,35,0.11346010569060401,0
2050,233,43,0.05247759233681491,0
2050,233,45,0.3267695180302918,0
2050,234,5,0.3386813822752753,0
2050,234,17,0.10195901061480403,0
2050,234,32,0.2299644140760154,0
2050,234,33,0.0499228501081826,0
2050,234,45,0.27947234292572276,0
2050,235,5,0.1182215852348305,0
2050,235,21,0.304437014603911,0
2050,235,32,0.3468747298599138,0
2050,235,36,0.037419006984347816,0
2050,235,42,0.1930476633169969,0
2050,236,17,0.30505909394070163,0
2050,236,21,0.21017125835573888,0
2050,236,33,0.18065448395864014,0
2050,236,36,0.020751834910248276,0
2050,236,45,0.03870672134838204,0
2050,236,49,0.08144249337440525,0
2050,236,51,0.16321411411188375,0
2050,237,21,0.18850539371097247,0
2050,237,29,0.04486398028995871,0
2050,237,32,0.29539755912561483,0
2050,237,33,0.04172738607897722,0
2050,237,36,0.34727116346821385,0
2050,237,39,0.05917645311323507,0
2050,237,57,0.023058064213027897,0
2050,238,32,0.6231607599995881,0
2050,238,36,0.35006629643205484,0
2050,238,42,0.026772943568357233,0
2050,239,21,0.2707180253638836,0
2050,239,32,0.5272941019258521,0
2050,239,51,0.08369596724165,0
2050,239,60,0.11829190546861429,0
2050,240,17,0.2428033848129428,0
2050,240,32,0.1527155799741432,0
2050,240,34,0.034503811445716966,0
2050,240,45,0.2866703463396745,0
2050,240,60,0.2833068774275226,0
2050,241,6,0.10818537361643364,0
2050,241,17,0.2061776461677002,0
2050,241,22,0.03868201086656886,0
2050,241,32,0.14223211706976208,0
2050,241,45,0.34410371059681893,0
2050,241,60,0.1606191416827163,0
2050,242,1,0.09535904598743829,0
2050,242,5,0.4151470064898096,0
2050,242,27,0.21629513238324535,0
2050,242,45,0.27319881513950667,0
2050,243,1,0.11075903630086871,0
2050,243,5,0.5151739672206422,0
2050,243,17,0.03492435428254721,0
2050,243,27,0.06526057365354888,0
2050,243,32,0.1307239977495532,0
2050,243,33,0.10787339881593011,0
2050,243,45,0.035284671976909814,0
2050,244,5,0.08954424332839765,0
2050,244,17,0.1988139558618683,0
2050,244,21,0.11846040652977315,0
2050,244,28,0.018088063200724487,0
2050,244,32,0.24290090744861814,0
2050,244,33,0.047596545480868176,0
2050,244,36,0.28459587814975,0
2050,245,17,0.4016398408329689,0
2050,245,21,0.02481630174131756,0
2050,245,33,0.12635960184262787,0
2050,245,36,0.05222518616632104,0
2050,245,49,0.07094240822926935,0
2050,245,60,0.3240166611874953,0
2050,246,5,0.04703689246846525,0
2050,246,17,0.3923362649008956,0
2050,246,27,0.12732826502879938,0
2050,246,32,0.35600190653054864,0
2050,246,35,0.07729667107129107,0
2050,247,1,0.056873429872543936,0
2050,247,5,0.18986917323525096,0
2050,247,27,0.09245631305810881,0
2050,247,32,0.5826725883722812,0
2050,247,33,0.06368567762512635,0
2050,247,45,0.014442817836688713,0
2050,248,17,0.014200097970976494,0
2050,248,21,0.3412397029502448,0
2050,248,29,0.03788414605819742,0
2050,248,32,0.15524975671233135,0
2050,248,33,0.3168273120130811,0
2050,248,36,0.08092447988504689,0
2050,248,54,0.0536745044101217,0
2050,249,5,0.1808366426328571,0
2050,249,20,0.3145691739475592,0
2050,249,21,0.10611810129002375,0
2050,249,29,0.11304533479716794,0
2050,249,33,0.011987994426943227,0
2050,249,39,0.12999174618608914,0
2050,249,43,0.029241432724930128,0
2050,249,57,0.1142095739944295,0
2050,250,21,0.3866099426085593,0
2050,250,22,0.08289404198669326,0
2050,250,33,0.015749728103361414,0
2050,250,45,0.16203099962697642,0
2050,250,57,0.23309980045102657,0
2050,250,60,0.11961548722338301,0
2050,251,17,0.25839315631249865,0
2050,251,22,0.17729784536364707,0
2050,251,28,0.1480649170844242,0
2050,251,45,0.39847534856214284,0
2050,251,60,0.01776873267728727,0
2050,252,5,0.20060750810571193,0
2050,252,14,0.05367660604962768,0
2050,252,17,0.07988186652275299,0
2050,252,27,0.1497655724792296,0
2050,252,32,0.11386768650009248,0
2050,252,33,0.039627788378634204,0
2050,252,45,0.36257297196395116,0
2050,253,5,0.0323523617883669,0
2050,253,14,0.41215964459152343,0
2050,253,17,0.019727859995873988,0
2050,253,32,0.346469311262197,0
2050,253,43,0.18929082236203873,0
2050,254,17,0.3761040843910003,0
2050,254,29,0.045613015326468394,0
2050,254,32,0.2388750805059183,0
2050,254,33,0.0937135545104779,0
2050,254,43,0.07286708378620275,0
2050,254,45,0.01046935752886832,0
2050,254,56,0.1623578239510639,0
2050,255,17,0.11874207591678142,0
2050,255,19,0.04431443092823008,0
2050,255,29,0.1709163832217174,0
2050,255,32,0.28584864968270984,0
2050,255,36,0.05587336331199606,0
2050,255,51,0.07946424041402389,0
2050,255,54,0.05322742842188971,0
2050,255,58,0.09485897478183103,0
2050,255,60,0.09675445332082072,0
2050,256,5,0.07700150659820822,0
2050,256,17,0.16220391459777803,0
2050,256,21,0.029432915312277663,0
2050,256,22,0.2661219068604658,0
2050,256,28,0.07144078479302345,0
2050,256,36,0.18500611796165772,0
2050,256,45,0.08252126890622924,0
2050,256,46,0.01580374948970748,0
2050,256,49,0.014141749565623678,0
2050,256,51,0.09632608591502867,0
2050,257,17,0.04390879177065577,0
2050,257,33,0.04137927536257652,0
2050,257,36,0.5216511032547096,0
2050,257,41,0.3930608296120581,0
2050,258,36,1.0,0
2050,259,5,0.14237407647309697,0
2050,259,33,0.11236034113212523,0
2050,259,36,0.5530610020689469,0
2050,259,37,0.19220458032583082,0
2050,260,18,0.11586002597701148,0
2050,260,20,0.059093550196972086,0
2050,260,21,0.1254900829460636,0
2050,260,33,0.09562990329478872,0
2050,260,36,0.5805827777486686,0
2050,260,40,0.023343659836495553,0
2050,261,17,0.20410557195362336,0
2050,261,36,0.26474692545764783,0
2050,261,51,0.26036534835113595,0
2050,261,60,0.27078215423759283,0
2050,262,11,0.24309683423231288,0
2050,262,17,0.07427120312620672,0
2050,262,22,0.05810557692686916,0
2050,262,27,0.15195740654979334,0
2050,262,36,0.1044492717516663,0
2050,262,45,0.09201358146312079,0
2050,262,60,0.27610612595003087,0
2050,263,5,0.1154035815045223,0
2050,263,17,0.2562374008024324,0
2050,263,28,0.028930360733373087,0
2050,263,33,0.19483514561634607,0
2050,263,43,0.24215791322764096,0
2050,263,52,0.16243559811568517,0
2050,264,1,0.12959223892908692,0
2050,264,5,0.10386120594222946,0
2050,264,27,0.24563228155647351,0
2050,264,32,0.11734728629641099,0
2050,264,33,0.24313099238527322,0
2050,264,43,0.1604359948905259,0
2050,265,5,0.3292794214583994,0
2050,265,14,0.09814426532923559,0
2050,265,17,0.160374096861341,0
2050,265,21,0.13681061359448835,0
2050,265,27,0.041406893262726896,0
2050,265,28,0.19686512753653287,0
2050,265,33,0.03711958195727576,0
2050,266,11,0.20049158567387854,0
2050,266,14,0.178279925280596,0
2050,266,17,0.12571166500929493,0
2050,266,27,0.2806838694256093,0
2050,266,28,0.05560330881153236,0
2050,266,32,0.021427783262537303,0
2050,266,39,0.02439278043632704,0
2050,266,52,0.11340908210022449,0
2050,267,14,0.03451467002777482,0
2050,267,32,0.20567824824245207,0
2050,267,33,0.21818386992998662,0
2050,267,42,0.15156233084304255,0
2050,267,48,0.019616728253726783,0
2050,267,49,0.074538139674792,0
2050,267,52,0.2959060130282252,0
2050,268,1,0.08099063945881252,0
2050,268,5,0.17402123682304613,0
2050,268,17,0.05070621867117712,0
2050,268,28,0.26489610296247834,0
2050,268,33,0.22570694222612486,0
2050,268,49,0.17390927246188193,0
2050,268,52,0.029769587396479058,0
2050,269,5,0.042923779784855495,0
2050,269,14,0.14330112051276508,0
2050,269,17,0.295550071822577,0
2050,269,28,0.16545625731857702,0
2050,269,33,0.35276877056122546,0
2050,270,14,0.5954490618063023,0
2050,270,17,0.16946171934158658,0
2050,270,28,0.16097346289120856,0
2050,270,49,0.07411575596090263,0
2050,271,9,0.03856345798739582,0
2050,271,14,0.9183681382699229,0
2050,271,17,0.02758451271159477,0
2050,271,28,0.01548389103108644,0
2050,272,14,1.0,0
2050,273,14,1.0,0
2050,274,6,0.19412888352336777,0
2050,274,14,0.42771901601286816,0
2050,274,22,0.14271782105218436,0
2050,274,51,0.0438295961713582,0
2050,274,60,0.19160468324022153,0
2050,275,6,0.22925479002834362,0
2050,275,17,0.05942232434949834,0
2050,275,22,0.5122526746602174,0
2050,275,60,0.1990702109619407,0
2050,276,1,0.20002346086397768,0
2050,276,5,0.4078090450823352,0
2050,276,11,0.17653191500955082,0
2050,276,27,0.10715614176996599,0
2050,276,28,0.07597473902978716,0
2050,276,33,0.03250469824438316,0
2050,277,5,0.10188551783827328,0
2050,277,11,0.3761624629895817,0
2050,277,17,0.058120821367325284,0
2050,277,26,0.03086595378707555,0
2050,277,27,0.216884100852603,0
2050,277,35,0.21608114316514113,0
2050,278,26,0.05480627399435302,0
2050,278,27,0.31902091584425146,0
2050,278,32,0.08521182238249937,0
2050,278,35,0.04547361081568877,0
2050,278,49,0.08651588413026337,0
2050,278,54,0.4089714928329441,0
2050,279,16,0.07901311828568335,0
2050,279,21,0.2180870284133985,0
2050,279,33,0.2887287594749257,0
2050,279,51,0.08970196033564577,0
2050,279,54,0.10934642377030991,0
2050,279,60,0.21512270972003683,0
2050,280,21,0.19472455341324488,0
2050,280,29,0.25730921555371317,0
2050,280,33,0.547966231033042,0
2050,281,5,0.05442505410295152,0
2050,281,17,0.12554235739231792,0
2050,281,33,0.4075208742620698,0
2050,281,35,0.4125117142426609,0
2050,282,1,0.1284360738746545,0
2050,282,5,0.021108890606163506,0
2050,282,17,0.18836400753659896,0
2050,282,27,0.05175177660134405,0
2050,282,33,0.22293179699427104,0
2050,282,35,0.32940900532670037,0
2050,282,45,0.0579984490602674,0
2050,283,3,0.02867796433759072,0
2050,283,26,0.20561209389446075,0
2050,283,33,0.47701925339106255,0
2050,283,37,0.288690688376886,0
2050,284,3,0.03728136149398686,0
2050,284,14,0.3169099288974393,0
2050,284,20,0.049271283986042025,0
2050,284,33,0.477929404789309,0
2050,284,37,0.026179269318045362,0
2050,284,57,0.0924287515151775,0
2050,285,5,0.16686494502590085,0
2050,285,33,0.4194867351837614,0
2050,285,35,0.34956300198555124,0
2050,285,43,0.06408531780478648,0
2050,286,27,0.03367314572833829,0
2050,286,33,0.9303074001176086,0
2050,286,36,0.010514771708354105,0
2050,286,44,0.02550468244569901,0
2050,287,33,1.0,0
2050,288,33,0.9323724468446579,0
2050,288,41,0.04234910797843285,0
2050,288,59,0.02527844517690916,0
2050,289,1,0.035513980922523544,0
2050,289,29,0.15870967299559086,0
2050,289,33,0.5555957211497743,0
2050,289,44,0.20132695468865175,0
2050,289,60,0.048853670243459484,0
2050,290,1,0.15669548303664474,0
2050,290,5,0.16854665058250448,0
2050,290,27,0.07133822537664025,0
2050,290,33,0.14074342799429657,0
2050,290,35,0.46267621300991396,0
2050,291,1,0.34382765889142564,0
2050,291,5,0.09446935516212009,0
2050,291,27,0.2127544954483959,0
2050,291,33,0.029775762416571216,0
2050,291,35,0.31917272808148717,0
2050,292,1,0.29863392421076007,0
2050,292,5,0.18681890500085013,0
2050,292,27,0.016645163773585766,0
2050,292,33,0.19865657186169117,0
2050,292,35,0.29924543515311297,0
2050,293,5,0.18498410842082574,0
2050,293,14,0.0265346292467056,0
2050,293,27,0.04089737199303041,0
2050,293,33,0.17949966563635772,0
2050,293,35,0.4032123256378027,0
2050,293,52,0.16487189906527802,0
2050,294,16,0.1657715384593135,0
2050,294,27,0.06385650975974454,0
2050,294,33,0.6064059501944007,0
2050,294,56,0.16396600158654126,0
2050,295,12,0.29752669600302356,0
2050,295,23,0.11937736249662584,0
2050,295,33,0.22730485212738463,0
2050,295,36,0.06077466280769698,0
2050,295,58,0.024361153921409837,0
2050,295,60,0.2706552726438593,0
2050,296,10,0.28094320317153626,0
2050,296,19,0.026929996097057755,0
2050,296,22,0.3774083821830084,0
2050,296,28,0.08898988482214712,0
2050,296,33,0.015129365073570029,0
2050,296,41,0.09487236998429499,0
2050,296,58,0.11572679866838535,0
2050,297,8,0.034425446720077496,0
2050,297,17,0.02317321714667374,0
2050,297,32,0.16240924453043593,0
2050,297,33,0.19849085698501823,0
2050,297,35,0.01940095453589455,0
2050,297,56,0.5325286251130319,0
2050,297,60,0.029571654968868304,0
2050,298,22,0.07047309812776711,0
2050,298,28,0.035798758429304696,0
2050,298,45,0.16847052179407077,0
2050,298,51,0.24502911573666145,0
2050,298,60,0.480228505912196,0
2050,299,11,0.05142374287415835,0
2050,299,22,0.2266259768545516,0
2050,299,32,0.2531969978273415,0
2050,299,36,0.01842959669258655,0
2050,299,39,0.17925466986915056,0
2050,299,45,0.0796257490680369,0
2050,299,51,0.024806567757120784,0
2050,299,54,0.16663669905705367,0
2050,300,22,0.08286822654664178,0
2050,300,27,0.3124459798145916,0
2050,300,28,0.15937530151339316,0
2050,300,29,0.05527294258791045,0
2050,300,32,0.035576456039752846,0
2050,300,33,0.016913688866907035,0
2050,300,36,0.1632712961196264,0
2050,300,45,0.14658507817378252,0
2050,300,52,0.027691030337394368,0
2050,301,5,0.016553688311002297,0
2050,301,16,0.045810769605745504,0
2050,301,28,0.014389824970318172,0
2050,301,33,0.8140016472822226,0
2050,301,34,0.05943705189948133,0
2050,301,51,0.04980701793123017,0
2050,302,3,0.042758555589040105,0
2050,302,11,0.086489143360956,0
2050,302,17,0.058044825678793,0
2050,302,27,0.09459210096778845,0
2050,302,33,0.2777439606133219,0
2050,302,35,0.19585077230513415,0
2050,302,39,0.128828761058048,0
2050,302,43,0.014746207865651093,0
2050,302,54,0.10094567256126738,0
2050,303,3,0.27625981228353114,0
2050,303,23,0.2043874061193875,0
2050,303,27,0.1141854979589685,0
2050,303,32,0.21153371038117752,0
2050,303,33,0.14538665211050994,0
2050,303,42,0.03644463043555144,0
2050,303,54,0.011802290710873988,0
2050,304,12,0.15760594633106123,0
2050,304,18,0.05424320600839943,0
2050,304,22,0.5372920606844046,0
2050,304,23,0.1315313138988791,0
2050,304,33,0.05446235659147337,0
2050,304,56,0.06486511648578218,0
2050,305,22,1.0,0
2050,306,6,0.06368051004308822,0
2050,306,22,0.7766084487932842,0
2050,306,27,0.15971104116362764,0
2050,307,22,0.03955275295556228,0
2050,307,27,0.9604472470444377,0
2050,308,27,1.0,0
2050,309,1,0.019220446238892897,0
2050,309,27,0.8748615969017077,0
2050,309,32,0.10591795685939931,0
2050,310,27,0.395346786350335,0
2050,310,32,0.1708819569999228,0
2050,310,39,0.25621151272367126,0
2050,310,42,0.12383647859881311,0
2050,310,54,0.05372326532725792,0
2050,311,4,0.19091130185071112,0
2050,311,27,0.10445079370985946,0
2050,311,39,0.2857239413234874,0
2050,311,54,0.02258960313514934,0
2050,311,60,0.39632435998079274,0
2050,312,4,0.1257996513608046,0
2050,312,32,0.031197292742815234,0
2050,312,34,0.06254885937701621,0
2050,312,39,0.15055084368388177,0
2050,312,41,0.14446334679159087,0
2050,312,51,0.025114683371974398,0
2050,312,54,0.3073145398989325,0
2050,312,58,0.1345722920290734,0
2050,312,60,0.01843849074391108,0
2050,313,4,0.19124088656976967,0
2050,313,12,0.07568646993372405,0
2050,313,18,0.4272639805974811,0
2050,313,29,0.09185076752938796,0
2050,313,39,0.07346388749630765,0
2050,313,41,0.07154503629305337,0
2050,313,51,0.06894897158027607,0
2050,314,29,0.3080915613303102,0
2050,314,39,0.30363077863356314,0
2050,314,41,0.3882776600361267,0
2050,315,29,0.6190027140551339,0
2050,315,39,0.16615239729105732,0
2050,315,41,0.15672611600080022,0
2050,315,60,0.05811877265300862,0
2050,316,29,0.2806722786408119,0
2050,316,34,0.012906294347953718,0
2050,316,39,0.3016777483812668,0
2050,316,54,0.012525257263478515,0
2050,316,60,0.3922184213664891,0
2050,317,4,0.2362530042996707,0
2050,317,18,0.1963009923285842,0
2050,317,29,0.03563481022635255,0
2050,317,39,0.0692553737751048,0
2050,317,42,0.161638013577293,0
2050,317,51,0.0913608094614054,0
2050,317,54,0.05773914529163483,0
2050,317,60,0.1518178510399545,0
2050,318,4,0.19290550368355408,0
2050,318,18,0.04000738174105158,0
2050,318,29,0.11552173540802264,0
2050,318,39,0.28405837082612156,0
2050,318,40,0.09081777457293064,0
2050,318,41,0.27668923376831944,0
2050,319,39,1.0,0
2050,320,18,0.41471276551568603,0
2050,320,29,0.16123499743077302,0
2050,320,39,0.07642674071619261,0
2050,320,42,0.08932686314704565,0
2050,320,56,0.2582986331903028,0
2050,321,29,0.09155974918680278,0
2050,321,36,0.09747470772878847,0
2050,321,39,0.5122387320443071,0
2050,321,41,0.09197795288780053,0
2050,321,51,0.2067488581523011,0
2050,322,7,0.0554007710374503,0
2050,322,18,0.3334087131322505,0
2050,322,39,0.47875298054608273,0
2050,322,41,0.13243753528421648,0
2050,323,4,0.028770396645249878,0
2050,323,18,0.20576566617989217,0
2050,323,39,0.6689620272667299,0
2050,323,41,0.09650190990812801,0
2050,324,18,0.07865182646775241,0
2050,324,23,0.3266126042614546,0
2050,324,39,0.5947355692707931,0
2050,325,23,1.0,0
2050,326,10,0.0359856632247747,0
2050,326,20,0.2536249880293597,0
2050,326,23,0.5469707422174359,0
2050,326,29,0.10779561969204637,0
2050,326,58,0.05562298683638339,0
2050,327,1,0.13343351182796367,0
2050,327,3,0.32219634328239577,0
2050,327,13,0.014522352111516574,0
2050,327,27,0.20194912180786087,0
2050,327,35,0.18507625076034728,0
2050,327,39,0.024577144717321527,0
2050,327,54,0.11824527549259436,0
2050,328,4,0.1371332564654247,0
2050,328,12,0.025588836664165567,0
2050,328,16,0.09630117584121772,0
2050,328,18,0.055107271583139626,0
2050,328,41,0.04812382707102197,0
2050,328,51,0.14793905358931272,0
2050,328,54,0.14801573929342463,0
2050,328,60,0.3417908394922931,0
2050,329,4,0.07200452948755103,0
2050,329,9,0.021527749941224614,0
2050,329,16,0.0729340304924948,0
2050,329,22,0.014049238866321444,0
2050,329,23,0.14859770962905144,0
2050,329,31,0.15283873086753713,0
2050,329,36,0.11368210851916898,0
2050,329,41,0.06505441824028907,0
2050,329,51,0.059114634671099786,0
2050,329,54,0.19838259227854374,0
2050,329,58,0.08181425700671786,0
2050,330,3,0.26416747559146336,0
2050,330,16,0.014402817908985285,0
2050,330,22,0.19914052864357057,0
2050,330,23,0.26849539687180535,0
2050,330,24,0.2537937809841755,0
2050,331,4,0.11686627373113334,0
2050,331,12,0.21630040136627116,0
2050,331,23,0.22497441487000883,0
2050,331,41,0.036349800220331456,0
2050,331,58,0.4055091098122553,0
2050,332,4,0.4653088929629316,0
2050,332,18,0.03383543814119321,0
2050,332,23,0.09291978933139454,0
2050,332,29,0.05934892745357633,0
2050,332,31,0.02501034560973836,0
2050,332,40,0.015074706528729196,0
2050,332,41,0.14011482877994644,0
2050,332,51,0.14574885613623104,0
2050,332,58,0.022638215056259365,0
2050,333,4,0.1590562450614282,0
2050,333,18,0.5201465254026265,0
2050,333,40,0.02532283195226003,0
2050,333,41,0.2954743975836852,0
2050,334,18,0.10377647106884043,0
2050,334,40,0.2450547879028283,0
2050,334,41,0.6511687410283313,0
2050,335,41,1.0,0
2050,336,29,1.0,0
2050,337,4,0.29796611568346676,0
2050,337,29,0.3495534378089733,0
2050,337,54,0.33266812496610987,0
2050,337,60,0.019812321541450094,0
2050,338,4,0.9788719123544858,0
2050,338,29,0.021128087645514285,0
2050,339,4,0.9242329202042123,0
2050,339,29,0.03382405090165047,0
2050,339,51,0.041943028894137174,0
2050,340,4,0.9751640939832972,0
2050,340,51,0.02483590601670284,0
2050,341,4,0.703555675181513,0
2050,341,11,0.048624290040034136,0
2050,341,22,0.012201682837445113,0
2050,341,54,0.23561835194100783,0
2050,342,4,0.5382872371804065,0
2050,342,29,0.2734486828698547,0
2050,342,42,0.1882640799497388,0
2050,343,4,0.8694471418236348,0
2050,343,29,0.02636596147168758,0
2050,343,58,0.02219442150290602,0
2050,343,60,0.08199247520177173,0
2050,344,4,0.8195118449495445,0
2050,344,12,0.18048815505045546,0
2050,345,4,0.9014526461860994,0
2050,345,29,0.043406018986294315,0
2050,345,51,0.05514133482760619,0
2050,346,4,0.36737503234133334,0
2050,346,13,0.38649994519531833,0
2050,346,29,0.06746103797982188,0
2050,346,41,0.17866398448352636,0
2050,347,13,1.0,0
2050,348,13,0.372439606698772,0
2050,348,35,0.30869435443660903,0
2050,348,54,0.31886603886461906,0
2050,349,13,0.22480300333259035,0
2050,349,27,0.20936749893496615,0
2050,349,35,0.23532654789519195,0
2050,349,54,0.3305029498372516,0
2050,350,4,0.5680982715588262,0
2050,350,16,0.04317260879220133,0
2050,350,23,0.013413534142066402,0
2050,350,27,0.057030399942225064,0
2050,350,29,0.10482436726485513,0
2050,350,54,0.21346081829982574,0
2050,351,4,0.5826431402058423,0
2050,351,13,0.19599653247187476,0
2050,351,54,0.22136032732228303,0
2050,352,4,1.0,0
2050,353,4,1.0,0
2050,354,4,1.0,0
2050,355,4,1.0,0
2050,356,4,0.9726966969401162,0
2050,356,41,0.02730330305988382,0
2050,357,4,0.9785206408233786,0
2050,357,29,0.021479359176621332,0
2050,358,4,0.8098954545610406,0
2050,358,16,0.05199951768437133,0
2050,358,51,0.138105027754588,0
2050,359,4,0.7481785027654755,0
2050,359,36,0.14837656426742304,0
2050,359,51,0.09111282983937793,0
2050,359,60,0.01233210312772336,0
2050,360,4,0.25569533795782773,0
2050,360,24,0.018192823387169554,0
2050,360,29,0.30384749315695,0
2050,360,36,0.1883842177537572,0
2050,360,54,0.23388012774429548,0
2050,361,13,0.2666712063516506,0
2050,361,16,0.16534882601222,0
2050,361,51,0.20077047080610633,0
2050,361,54,0.36720949683002285,0
2050,362,54,1.0,0
2050,363,16,0.12882755936124968,0
2050,363,29,0.39854254706981673,0
2050,363,54,0.28193530977175646,0
2050,363,56,0.19069458379717702,0
2050,364,4,0.09532241235610757,0
2050,364,12,0.25487629957906005,0
2050,364,16,0.05111711575029597,0
2050,364,18,0.035307988723825054,0
2050,364,23,0.16881235970631878,0
2050,364,29,0.07726052413163562,0
2050,364,36,0.07161560525197366,0
2050,364,40,0.050944247397614786,0
2050,364,54,0.05105108799014736,0
2050,364,56,0.027800658794225563,0
2050,364,58,0.11589170031879566,0
2050,365,4,0.34031225712767216,0
2050,365,12,0.09487588367321223,0
2050,365,18,0.022037499813988653,0
2050,365,29,0.12653643750616095,0
2050,365,41,0.11028805774469083,0
2050,365,51,0.04801037500921423,0
2050,365,56,0.14395210070693043,0
2050,365,58,0.11398738841813048,0
