scenario,year,period,rep_period,weight
0,2030,1,2,1.0
0,2030,2,4,1.0
0,2030,3,4,1.0
0,2030,4,2,1.0
0,2030,5,1,1.0
0,2030,6,3,1.0
0,2030,7,2,1.0
0,2030,8,2,1.0
0,2030,9,2,1.0
0,2030,10,2,1.0
0,2030,11,3,1.0
0,2030,12,3,1.0
0,2030,13,3,1.0
0,2030,14,4,1.0
0,2030,15,4,1.0
0,2030,16,1,1.0
0,2030,17,3,1.0
0,2030,18,3,1.0
0,2030,19,3,1.0
0,2030,20,3,1.0
0,2030,21,3,1.0
0,2030,22,3,1.0
0,2030,23,2,1.0
0,2030,24,3,1.0
0,2030,25,3,1.0
0,2030,26,2,1.0
0,2030,27,1,1.0
0,2030,28,3,1.0
0,2030,29,3,1.0
0,2030,30,2,1.0
0,2030,31,1,1.0
0,2030,32,1,1.0
0,2030,33,4,1.0
0,2030,34,1,1.0
0,2030,35,4,1.0
0,2030,36,4,1.0
0,2030,37,4,1.0
0,2030,38,1,1.0
0,2030,39,3,1.0
0,2030,40,3,1.0
0,2030,41,1,1.0
0,2030,42,1,1.0
0,2030,43,2,1.0
0,2030,44,3,1.0
0,2030,45,3,1.0
0,2030,46,3,1.0
0,2030,47,1,1.0
0,2030,48,2,1.0
0,2030,49,2,1.0
0,2030,50,1,1.0
0,2030,51,1,1.0
0,2030,52,2,1.0
0,2030,53,4,1.0
0,2030,54,1,1.0
0,2030,55,3,1.0
0,2030,56,3,1.0
0,2030,57,3,1.0
0,2030,58,2,1.0
0,2030,59,4,1.0
0,2030,60,2,1.0
0,2030,61,3,1.0
0,2030,62,3,1.0
0,2030,63,3,1.0
0,2030,64,3,1.0
0,2030,65,2,1.0
0,2030,66,1,1.0
0,2030,67,3,1.0
0,2030,68,1,1.0
0,2030,69,2,1.0
0,2030,70,3,1.0
0,2030,71,3,1.0
0,2030,72,1,1.0
0,2030,73,2,1.0
0,2030,74,4,1.0
0,2030,75,1,1.0
0,2030,76,1,1.0
0,2030,77,1,1.0
0,2030,78,1,1.0
0,2030,79,1,1.0
0,2030,80,1,1.0
0,2030,81,2,1.0
0,2030,82,4,1.0
0,2030,83,4,1.0
0,2030,84,1,1.0
0,2030,85,1,1.0
0,2030,86,4,1.0
0,2030,87,4,1.0
0,2030,88,2,1.0
0,2030,89,3,1.0
0,2030,90,1,1.0
0,2030,91,1,1.0
0,2030,92,4,1.0
0,2030,93,4,1.0
0,2030,94,4,1.0
0,2030,95,1,1.0
0,2030,96,1,1.0
0,2030,97,1,1.0
0,2030,98,1,1.0
0,2030,99,1,1.0
0,2030,100,1,1.0
0,2030,101,1,1.0
0,2030,102,1,1.0
0,2030,103,3,1.0
0,2030,104,3,1.0
0,2030,105,3,1.0
0,2030,106,3,1.0
0,2030,107,4,1.0
0,2030,108,4,1.0
0,2030,109,2,1.0
0,2030,110,1,1.0
0,2030,111,1,1.0
0,2030,112,1,1.0
0,2030,113,4,1.0
0,2030,114,2,1.0
0,2030,115,2,1.0
0,2030,116,4,1.0
0,2030,117,1,1.0
0,2030,118,4,1.0
0,2030,119,4,1.0
0,2030,120,4,1.0
0,2030,121,4,1.0
0,2030,122,4,1.0
0,2030,123,4,1.0
0,2030,124,4,1.0
0,2030,125,4,1.0
0,2030,126,4,1.0
0,2030,127,4,1.0
0,2030,128,1,1.0
0,2030,129,1,1.0
0,2030,130,4,1.0
0,2030,131,2,1.0
0,2030,132,3,1.0
0,2030,133,4,1.0
0,2030,134,4,1.0
0,2030,135,1,1.0
0,2030,136,2,1.0
0,2030,137,1,1.0
0,2030,138,2,1.0
0,2030,139,4,1.0
0,2030,140,1,1.0
0,2030,141,1,1.0
0,2030,142,4,1.0
0,2030,143,4,1.0
0,2030,144,4,1.0
0,2030,145,4,1.0
0,2030,146,1,1.0
0,2030,147,1,1.0
0,2030,148,1,1.0
0,2030,149,4,1.0
0,2030,150,2,1.0
0,2030,151,2,1.0
0,2030,152,4,1.0
0,2030,153,1,1.0
0,2030,154,4,1.0
0,2030,155,1,1.0
0,2030,156,3,1.0
0,2030,157,3,1.0
0,2030,158,1,1.0
0,2030,159,1,1.0
0,2030,160,1,1.0
0,2030,161,1,1.0
0,2030,162,4,1.0
0,2030,163,4,1.0
0,2030,164,1,1.0
0,2030,165,1,1.0
0,2030,166,1,1.0
0,2030,167,1,1.0
0,2030,168,4,1.0
0,2030,169,4,1.0
0,2030,170,4,1.0
0,2030,171,4,1.0
0,2030,172,1,1.0
0,2030,173,1,1.0
0,2030,174,1,1.0
0,2030,175,1,1.0
0,2030,176,1,1.0
0,2030,177,1,1.0
0,2030,178,4,1.0
0,2030,179,4,1.0
0,2030,180,4,1.0
0,2030,181,4,1.0
0,2030,182,4,1.0
0,2030,183,4,1.0
0,2030,184,2,1.0
0,2030,185,4,1.0
0,2030,186,1,1.0
0,2030,187,1,1.0
0,2030,188,1,1.0
0,2030,189,1,1.0
0,2030,190,4,1.0
0,2030,191,4,1.0
0,2030,192,4,1.0
0,2030,193,4,1.0
0,2030,194,1,1.0
0,2030,195,1,1.0
0,2030,196,1,1.0
0,2030,197,4,1.0
0,2030,198,4,1.0
0,2030,199,4,1.0
0,2030,200,1,1.0
0,2030,201,4,1.0
0,2030,202,4,1.0
0,2030,203,1,1.0
0,2030,204,1,1.0
0,2030,205,1,1.0
0,2030,206,2,1.0
0,2030,207,1,1.0
0,2030,208,4,1.0
0,2030,209,4,1.0
0,2030,210,4,1.0
0,2030,211,4,1.0
0,2030,212,4,1.0
0,2030,213,1,1.0
0,2030,214,4,1.0
0,2030,215,4,1.0
0,2030,216,4,1.0
0,2030,217,4,1.0
0,2030,218,4,1.0
0,2030,219,4,1.0
0,2030,220,1,1.0
0,2030,221,1,1.0
0,2030,222,4,1.0
0,2030,223,4,1.0
0,2030,224,4,1.0
0,2030,225,1,1.0
0,2030,226,3,1.0
0,2030,227,1,1.0
0,2030,228,1,1.0
0,2030,229,4,1.0
0,2030,230,4,1.0
0,2030,231,4,1.0
0,2030,232,4,1.0
0,2030,233,1,1.0
0,2030,234,1,1.0
0,2030,235,1,1.0
0,2030,236,2,1.0
0,2030,237,4,1.0
0,2030,238,1,1.0
0,2030,239,1,1.0
0,2030,240,3,1.0
0,2030,241,1,1.0
0,2030,242,1,1.0
0,2030,243,1,1.0
0,2030,244,1,1.0
0,2030,245,1,1.0
0,2030,246,4,1.0
0,2030,247,4,1.0
0,2030,248,1,1.0
0,2030,249,3,1.0
0,2030,250,3,1.0
0,2030,251,2,1.0
0,2030,252,1,1.0
0,2030,253,2,1.0
0,2030,254,4,1.0
0,2030,255,4,1.0
0,2030,256,2,1.0
0,2030,257,1,1.0
0,2030,258,1,1.0
0,2030,259,1,1.0
0,2030,260,4,1.0
0,2030,261,4,1.0
0,2030,262,3,1.0
0,2030,263,2,1.0
0,2030,264,1,1.0
0,2030,265,1,1.0
0,2030,266,2,1.0
0,2030,267,4,1.0
0,2030,268,2,1.0
0,2030,269,4,1.0
0,2030,270,4,1.0
0,2030,271,4,1.0
0,2030,272,4,1.0
0,2030,273,4,1.0
0,2030,274,4,1.0
0,2030,275,4,1.0
0,2030,276,1,1.0
0,2030,277,1,1.0
0,2030,278,4,1.0
0,2030,279,1,1.0
0,2030,280,4,1.0
0,2030,281,1,1.0
0,2030,282,4,1.0
0,2030,283,1,1.0
0,2030,284,4,1.0
0,2030,285,4,1.0
0,2030,286,4,1.0
0,2030,287,4,1.0
0,2030,288,4,1.0
0,2030,289,1,1.0
0,2030,290,4,1.0
0,2030,291,4,1.0
0,2030,292,1,1.0
0,2030,293,1,1.0
0,2030,294,1,1.0
0,2030,295,4,1.0
0,2030,296,1,1.0
0,2030,297,3,1.0
0,2030,298,4,1.0
0,2030,299,3,1.0
0,2030,300,4,1.0
0,2030,301,1,1.0
0,2030,302,1,1.0
0,2030,303,4,1.0
0,2030,304,1,1.0
0,2030,305,1,1.0
0,2030,306,2,1.0
0,2030,307,2,1.0
0,2030,308,2,1.0
0,2030,309,4,1.0
0,2030,310,4,1.0
0,2030,311,4,1.0
0,2030,312,1,1.0
0,2030,313,4,1.0
0,2030,314,2,1.0
0,2030,315,2,1.0
0,2030,316,3,1.0
0,2030,317,1,1.0
0,2030,318,2,1.0
0,2030,319,2,1.0
0,2030,320,2,1.0
0,2030,321,2,1.0
0,2030,322,2,1.0
0,2030,323,1,1.0
0,2030,324,1,1.0
0,2030,325,3,1.0
0,2030,326,2,1.0
0,2030,327,4,1.0
0,2030,328,1,1.0
0,2030,329,1,1.0
0,2030,330,1,1.0
0,2030,331,1,1.0
0,2030,332,2,1.0
0,2030,333,2,1.0
0,2030,334,1,1.0
0,2030,335,1,1.0
0,2030,336,1,1.0
0,2030,337,1,1.0
0,2030,338,3,1.0
0,2030,339,2,1.0
0,2030,340,4,1.0
0,2030,341,4,1.0
0,2030,342,4,1.0
0,2030,343,1,1.0
0,2030,344,2,1.0
0,2030,345,2,1.0
0,2030,346,1,1.0
0,2030,347,3,1.0
0,2030,348,3,1.0
0,2030,349,1,1.0
0,2030,350,4,1.0
0,2030,351,1,1.0
0,2030,352,1,1.0
0,2030,353,4,1.0
0,2030,354,1,1.0
0,2030,355,1,1.0
0,2030,356,3,1.0
0,2030,357,3,1.0
0,2030,358,3,1.0
0,2030,359,3,1.0
0,2030,360,3,1.0
0,2030,361,3,1.0
0,2030,362,3,1.0
0,2030,363,3,1.0
0,2030,364,3,1.0
0,2030,365,3,1.0
1,2030,1,8,1.0
1,2030,2,5,1.0
1,2030,3,5,1.0
1,2030,4,6,1.0
1,2030,5,6,1.0
1,2030,6,8,1.0
1,2030,7,5,1.0
1,2030,8,5,1.0
1,2030,9,8,1.0
1,2030,10,5,1.0
1,2030,11,7,1.0
1,2030,12,7,1.0
1,2030,13,7,1.0
1,2030,14,5,1.0
1,2030,15,5,1.0
1,2030,16,7,1.0
1,2030,17,7,1.0
1,2030,18,7,1.0
1,2030,19,7,1.0
1,2030,20,7,1.0
1,2030,21,7,1.0
1,2030,22,7,1.0
1,2030,23,8,1.0
1,2030,24,6,1.0
1,2030,25,7,1.0
1,2030,26,8,1.0
1,2030,27,7,1.0
1,2030,28,7,1.0
1,2030,29,7,1.0
1,2030,30,5,1.0
1,2030,31,7,1.0
1,2030,32,8,1.0
1,2030,33,5,1.0
1,2030,34,6,1.0
1,2030,35,5,1.0
1,2030,36,5,1.0
1,2030,37,6,1.0
1,2030,38,7,1.0
1,2030,39,7,1.0
1,2030,40,7,1.0
1,2030,41,7,1.0
1,2030,42,8,1.0
1,2030,43,6,1.0
1,2030,44,7,1.0
1,2030,45,7,1.0
1,2030,46,7,1.0
1,2030,47,7,1.0
1,2030,48,6,1.0
1,2030,49,6,1.0
1,2030,50,7,1.0
1,2030,51,7,1.0
1,2030,52,8,1.0
1,2030,53,6,1.0
1,2030,54,7,1.0
1,2030,55,7,1.0
1,2030,56,7,1.0
1,2030,57,7,1.0
1,2030,58,8,1.0
1,2030,59,5,1.0
1,2030,60,6,1.0
1,2030,61,7,1.0
1,2030,62,7,1.0
1,2030,63,6,1.0
1,2030,64,7,1.0
1,2030,65,8,1.0
1,2030,66,7,1.0
1,2030,67,7,1.0
1,2030,68,7,1.0
1,2030,69,8,1.0
1,2030,70,6,1.0
1,2030,71,7,1.0
1,2030,72,7,1.0
1,2030,73,8,1.0
1,2030,74,6,1.0
1,2030,75,6,1.0
1,2030,76,7,1.0
1,2030,77,7,1.0
1,2030,78,7,1.0
1,2030,79,7,1.0
1,2030,80,7,1.0
1,2030,81,8,1.0
1,2030,82,5,1.0
1,2030,83,6,1.0
1,2030,84,7,1.0
1,2030,85,7,1.0
1,2030,86,6,1.0
1,2030,87,5,1.0
1,2030,88,5,1.0
1,2030,89,7,1.0
1,2030,90,7,1.0
1,2030,91,7,1.0
1,2030,92,8,1.0
1,2030,93,5,1.0
1,2030,94,5,1.0
1,2030,95,6,1.0
1,2030,96,7,1.0
1,2030,97,7,1.0
1,2030,98,7,1.0
1,2030,99,7,1.0
1,2030,100,7,1.0
1,2030,101,7,1.0
1,2030,102,7,1.0
1,2030,103,7,1.0
1,2030,104,7,1.0
1,2030,105,7,1.0
1,2030,106,7,1.0
1,2030,107,8,1.0
1,2030,108,5,1.0
1,2030,109,8,1.0
1,2030,110,6,1.0
1,2030,111,8,1.0
1,2030,112,6,1.0
1,2030,113,5,1.0
1,2030,114,5,1.0
1,2030,115,5,1.0
1,2030,116,5,1.0
1,2030,117,8,1.0
1,2030,118,5,1.0
1,2030,119,5,1.0
1,2030,120,5,1.0
1,2030,121,5,1.0
1,2030,122,5,1.0
1,2030,123,5,1.0
1,2030,124,5,1.0
1,2030,125,5,1.0
1,2030,126,5,1.0
1,2030,127,5,1.0
1,2030,128,6,1.0
1,2030,129,8,1.0
1,2030,130,5,1.0
1,2030,131,8,1.0
1,2030,132,8,1.0
1,2030,133,5,1.0
1,2030,134,5,1.0
1,2030,135,6,1.0
1,2030,136,7,1.0
1,2030,137,7,1.0
1,2030,138,8,1.0
1,2030,139,5,1.0
1,2030,140,6,1.0
1,2030,141,8,1.0
1,2030,142,5,1.0
1,2030,143,5,1.0
1,2030,144,5,1.0
1,2030,145,5,1.0
1,2030,146,7,1.0
1,2030,147,7,1.0
1,2030,148,8,1.0
1,2030,149,5,1.0
1,2030,150,5,1.0
1,2030,151,5,1.0
1,2030,152,5,1.0
1,2030,153,6,1.0
1,2030,154,5,1.0
1,2030,155,6,1.0
1,2030,156,7,1.0
1,2030,157,7,1.0
1,2030,158,7,1.0
1,2030,159,7,1.0
1,2030,160,7,1.0
1,2030,161,7,1.0
1,2030,162,5,1.0
1,2030,163,6,1.0
1,2030,164,6,1.0
1,2030,165,7,1.0
1,2030,166,7,1.0
1,2030,167,7,1.0
1,2030,168,5,1.0
1,2030,169,5,1.0
1,2030,170,5,1.0
1,2030,171,5,1.0
1,2030,172,6,1.0
1,2030,173,7,1.0
1,2030,174,7,1.0
1,2030,175,7,1.0
1,2030,176,7,1.0
1,2030,177,7,1.0
1,2030,178,8,1.0
1,2030,179,5,1.0
1,2030,180,5,1.0
1,2030,181,5,1.0
1,2030,182,5,1.0
1,2030,183,5,1.0
1,2030,184,5,1.0
1,2030,185,5,1.0
1,2030,186,6,1.0
1,2030,187,7,1.0
1,2030,188,7,1.0
1,2030,189,8,1.0
1,2030,190,5,1.0
1,2030,191,5,1.0
1,2030,192,8,1.0
1,2030,193,6,1.0
1,2030,194,7,1.0
1,2030,195,7,1.0
1,2030,196,8,1.0
1,2030,197,5,1.0
1,2030,198,5,1.0
1,2030,199,6,1.0
1,2030,200,7,1.0
1,2030,201,5,1.0
1,2030,202,5,1.0
1,2030,203,7,1.0
1,2030,204,7,1.0
1,2030,205,7,1.0
1,2030,206,6,1.0
1,2030,207,8,1.0
1,2030,208,5,1.0
1,2030,209,5,1.0
1,2030,210,5,1.0
1,2030,211,5,1.0
1,2030,212,6,1.0
1,2030,213,6,1.0
1,2030,214,5,1.0
1,2030,215,5,1.0
1,2030,216,5,1.0
1,2030,217,8,1.0
1,2030,218,5,1.0
1,2030,219,5,1.0
1,2030,220,6,1.0
1,2030,221,7,1.0
1,2030,222,8,1.0
1,2030,223,5,1.0
1,2030,224,5,1.0
1,2030,225,6,1.0
1,2030,226,7,1.0
1,2030,227,7,1.0
1,2030,228,7,1.0
1,2030,229,5,1.0
1,2030,230,5,1.0
1,2030,231,5,1.0
1,2030,232,5,1.0
1,2030,233,6,1.0
1,2030,234,6,1.0
1,2030,235,6,1.0
1,2030,236,6,1.0
1,2030,237,5,1.0
1,2030,238,6,1.0
1,2030,239,6,1.0
1,2030,240,7,1.0
1,2030,241,7,1.0
1,2030,242,7,1.0
1,2030,243,7,1.0
1,2030,244,7,1.0
1,2030,245,7,1.0
1,2030,246,5,1.0
1,2030,247,5,1.0
1,2030,248,6,1.0
1,2030,249,7,1.0
1,2030,250,7,1.0
1,2030,251,8,1.0
1,2030,252,7,1.0
1,2030,253,6,1.0
1,2030,254,5,1.0
1,2030,255,6,1.0
1,2030,256,6,1.0
1,2030,257,8,1.0
1,2030,258,8,1.0
1,2030,259,8,1.0
1,2030,260,5,1.0
1,2030,261,6,1.0
1,2030,262,7,1.0
1,2030,263,5,1.0
1,2030,264,6,1.0
1,2030,265,7,1.0
1,2030,266,8,1.0
1,2030,267,6,1.0
1,2030,268,8,1.0
1,2030,269,5,1.0
1,2030,270,5,1.0
1,2030,271,5,1.0
1,2030,272,5,1.0
1,2030,273,5,1.0
1,2030,274,5,1.0
1,2030,275,6,1.0
1,2030,276,7,1.0
1,2030,277,8,1.0
1,2030,278,5,1.0
1,2030,279,7,1.0
1,2030,280,8,1.0
1,2030,281,6,1.0
1,2030,282,6,1.0
1,2030,283,7,1.0
1,2030,284,5,1.0
1,2030,285,5,1.0
1,2030,286,6,1.0
1,2030,287,8,1.0
1,2030,288,5,1.0
1,2030,289,7,1.0
1,2030,290,8,1.0
1,2030,291,6,1.0
1,2030,292,7,1.0
1,2030,293,7,1.0
1,2030,294,8,1.0
1,2030,295,5,1.0
1,2030,296,7,1.0
1,2030,297,7,1.0
1,2030,298,5,1.0
1,2030,299,7,1.0
1,2030,300,6,1.0
1,2030,301,7,1.0
1,2030,302,6,1.0
1,2030,303,5,1.0
1,2030,304,7,1.0
1,2030,305,7,1.0
1,2030,306,8,1.0
1,2030,307,8,1.0
1,2030,308,6,1.0
1,2030,309,8,1.0
1,2030,310,5,1.0
1,2030,311,5,1.0
1,2030,312,6,1.0
1,2030,313,5,1.0
1,2030,314,5,1.0
1,2030,315,6,1.0
1,2030,316,7,1.0
1,2030,317,7,1.0
1,2030,318,8,1.0
1,2030,319,8,1.0
1,2030,320,6,1.0
1,2030,321,8,1.0
1,2030,322,8,1.0
1,2030,323,6,1.0
1,2030,324,7,1.0
1,2030,325,7,1.0
1,2030,326,8,1.0
1,2030,327,5,1.0
1,2030,328,8,1.0
1,2030,329,6,1.0
1,2030,330,7,1.0
1,2030,331,8,1.0
1,2030,332,8,1.0
1,2030,333,5,1.0
1,2030,334,7,1.0
1,2030,335,7,1.0
1,2030,336,6,1.0
1,2030,337,7,1.0
1,2030,338,7,1.0
1,2030,339,8,1.0
1,2030,340,6,1.0
1,2030,341,5,1.0
1,2030,342,5,1.0
1,2030,343,7,1.0
1,2030,344,8,1.0
1,2030,345,8,1.0
1,2030,346,7,1.0
1,2030,347,7,1.0
1,2030,348,7,1.0
1,2030,349,7,1.0
1,2030,350,6,1.0
1,2030,351,8,1.0
1,2030,352,7,1.0
1,2030,353,8,1.0
1,2030,354,6,1.0
1,2030,355,7,1.0
1,2030,356,7,1.0
1,2030,357,7,1.0
1,2030,358,7,1.0
1,2030,359,7,1.0
1,2030,360,7,1.0
1,2030,361,7,1.0
1,2030,362,7,1.0
1,2030,363,7,1.0
1,2030,364,7,1.0
1,2030,365,7,1.0
