scenario,year,period,rep_period,weight
0,2030,1,16,0.02985116482783165
0,2030,1,25,0.8840533957358281
0,2030,1,30,0.01113287225533935
0,2030,1,36,0.024078712453838576
0,2030,1,53,0.03683317858128207
0,2030,1,87,0.014050676145880212
0,2030,2,79,1.0
0,2030,3,77,1.0
0,2030,4,30,1.0
0,2030,5,12,0.9067834122033246
0,2030,5,42,0.03381786884645757
0,2030,5,52,0.01776766869370446
0,2030,5,57,0.04163105025651332
0,2030,6,18,0.07928539268976877
0,2030,6,54,0.886273947847069
0,2030,6,57,0.012176977302576532
0,2030,6,84,0.022263682160585663
0,2030,7,14,1.0
0,2030,8,36,0.044001862261555814
0,2030,8,42,0.030441495135351927
0,2030,8,52,0.09013853625523834
0,2030,8,79,0.8354181063478539
0,2030,9,23,0.8670815510312804
0,2030,9,27,0.014133930279007372
0,2030,9,48,0.04570532079685035
0,2030,9,54,0.0516376963214556
0,2030,9,80,0.021441501571406278
0,2030,10,34,0.9600781176569321
0,2030,10,90,0.039921882343068
0,2030,11,12,0.8254278154468936
0,2030,11,14,0.011707735176277184
0,2030,11,16,0.012541302783572371
0,2030,11,48,0.08605476867047993
0,2030,11,54,0.04933652462507542
0,2030,11,80,0.014931853297701568
0,2030,12,14,0.04130186915935697
0,2030,12,50,0.958698130840643
0,2030,13,41,1.0
0,2030,14,14,0.029731868270557484
0,2030,14,60,0.959510079487894
0,2030,14,79,0.010758052241548396
0,2030,15,61,0.9778038612522292
0,2030,15,90,0.022196138747770863
0,2030,16,6,0.1077067324761811
0,2030,16,16,0.023641796455311247
0,2030,16,27,0.051709038534290264
0,2030,16,43,0.8169424325342173
0,2030,17,16,0.2064813608741082
0,2030,17,50,0.7382364528957911
0,2030,17,53,0.05528218623010069
0,2030,18,6,0.026595505306397333
0,2030,18,72,0.9416030916782561
0,2030,18,90,0.031801403015346535
0,2030,19,6,0.037124476653026005
0,2030,19,24,0.024395438080747373
0,2030,19,50,0.9191782880782905
0,2030,19,63,0.019301797187936114
0,2030,20,51,1.0
0,2030,21,74,1.0
0,2030,22,50,1.0
0,2030,23,25,1.0
0,2030,24,16,1.0
0,2030,25,2,0.9842107808946703
0,2030,25,14,0.015789219105329662
0,2030,26,13,0.9768143218653854
0,2030,26,72,0.010591086004843759
0,2030,26,88,0.01259459212977084
0,2030,27,87,1.0
0,2030,28,18,0.01774119787828676
0,2030,28,28,0.05181671611471642
0,2030,28,51,0.9148984853061779
0,2030,28,54,0.015543600700819
0,2030,29,2,1.0
0,2030,30,13,0.04976061802690228
0,2030,30,18,0.10341718619928698
0,2030,30,70,0.20474133226567215
0,2030,30,79,0.6420808635081385
0,2030,31,67,1.0
0,2030,32,29,1.0
0,2030,33,59,1.0
0,2030,34,19,0.8660597380608798
0,2030,34,46,0.012752721669168248
0,2030,34,57,0.047369438563954466
0,2030,34,62,0.07381810170599745
0,2030,35,18,0.015143909796865817
0,2030,35,44,0.8870430418286114
0,2030,35,70,0.057655186821222615
0,2030,35,71,0.04015786155330018
0,2030,36,60,0.9295122657750368
0,2030,36,61,0.013146227621858415
0,2030,36,68,0.014946153256634644
0,2030,36,90,0.04239535334647018
0,2030,37,68,0.984340375754091
0,2030,37,90,0.015659624245909047
0,2030,38,39,1.0
0,2030,39,25,0.11884180049038037
0,2030,39,48,0.046528988758833434
0,2030,39,54,0.06617025876591881
0,2030,39,85,0.7337171947901945
0,2030,39,88,0.03474175719467295
0,2030,40,31,0.016044653607348264
0,2030,40,51,0.9729848602913609
0,2030,40,67,0.010970486101290831
0,2030,41,13,0.019357755661726154
0,2030,41,35,0.9130600511140633
0,2030,41,62,0.02300300646229927
0,2030,41,70,0.023883453787223664
0,2030,41,71,0.020695732974687592
0,2030,42,29,0.9487564137141112
0,2030,42,36,0.014700642236572045
0,2030,42,48,0.018873105623311556
0,2030,42,72,0.017669838426005103
0,2030,43,15,0.09721533080752766
0,2030,43,16,0.07233913966835648
0,2030,43,38,0.6529340162967066
0,2030,43,57,0.023624497578724268
0,2030,43,90,0.15388701564868504
0,2030,44,27,0.03874094813932094
0,2030,44,48,0.06766291889022363
0,2030,44,54,0.01601259786763864
0,2030,44,72,0.026358721890839616
0,2030,44,85,0.8512248132119771
0,2030,45,72,1.0
0,2030,46,2,0.7973225745478478
0,2030,46,48,0.20267742545215203
0,2030,47,15,0.016351007914851407
0,2030,47,39,0.931859975382311
0,2030,47,57,0.011873656015164576
0,2030,47,78,0.028206950884403177
0,2030,47,88,0.011708409803269844
0,2030,48,27,0.014216274486212864
0,2030,48,38,0.8933484583707061
0,2030,48,48,0.01616037224759505
0,2030,48,54,0.022018705668857386
0,2030,48,72,0.022476177863690345
0,2030,48,88,0.031780011362938135
0,2030,49,7,0.06130238482283472
0,2030,49,18,0.03692622305676627
0,2030,49,38,0.8766001280711876
0,2030,49,44,0.02517126404921147
0,2030,50,82,1.0
0,2030,51,6,0.031300915978965414
0,2030,51,8,0.010250888857858713
0,2030,51,43,0.9584481951631758
0,2030,52,65,1.0
0,2030,53,42,1.0
0,2030,54,19,0.8524446502975369
0,2030,54,27,0.041839288755884274
0,2030,54,50,0.05500802832337296
0,2030,54,72,0.010814331666889547
0,2030,54,73,0.03989370095631635
0,2030,55,27,0.047228568146220104
0,2030,55,72,0.04822633955550764
0,2030,55,74,0.8719671758817596
0,2030,55,88,0.03257791641651265
0,2030,56,48,0.970697980525337
0,2030,56,81,0.010586739038727222
0,2030,56,83,0.018715280435935736
0,2030,57,48,1.0
0,2030,58,8,0.010210222002643451
0,2030,58,27,0.011434549681183351
0,2030,58,48,0.04239647067715871
0,2030,58,86,0.9359587576390145
0,2030,59,3,0.9531813206066843
0,2030,59,90,0.04681867939331579
0,2030,60,1,0.9097675743079581
0,2030,60,15,0.039338158311581294
0,2030,60,36,0.028315114688965363
0,2030,60,48,0.022579152691495193
0,2030,61,42,0.01609362245894673
0,2030,61,52,0.10409423158433459
0,2030,61,74,0.8798121459567187
0,2030,62,72,1.0
0,2030,63,64,0.9874479367392222
0,2030,63,71,0.012552063260777777
0,2030,64,27,1.0
0,2030,65,13,0.04717420086688675
0,2030,65,14,0.19839134607633538
0,2030,65,23,0.5662655342977675
0,2030,65,30,0.08730561275917229
0,2030,65,36,0.027258456052539418
0,2030,65,90,0.07360484994729867
0,2030,66,6,0.0516707111615599
0,2030,66,8,0.03448056841348954
0,2030,66,24,0.012816455791511569
0,2030,66,81,0.901032264633439
0,2030,67,41,1.0
0,2030,68,39,0.989870382591548
0,2030,68,73,0.010129617408451882
0,2030,69,4,0.952215393604949
0,2030,69,8,0.019694701556649388
0,2030,69,48,0.028089904838401524
0,2030,70,36,1.0
0,2030,71,27,0.04301991913274008
0,2030,71,51,0.012821536562007522
0,2030,71,72,0.043776953017138805
0,2030,71,74,0.9003815912881136
0,2030,72,13,0.014140672374965111
0,2030,72,39,0.9858593276250349
0,2030,73,6,0.025113829214666032
0,2030,73,13,0.01716907578227259
0,2030,73,29,0.02019921971291318
0,2030,73,49,0.9152695348314319
0,2030,73,70,0.02224834045871623
0,2030,74,6,0.021686796695802986
0,2030,74,29,0.03589465689848558
0,2030,74,75,0.8095938380293414
0,2030,74,76,0.03367829982158995
0,2030,74,80,0.0831487091992246
0,2030,74,87,0.015997699355555513
0,2030,75,45,0.9562135568275474
0,2030,75,67,0.01369946550718533
0,2030,75,68,0.012306317572397921
0,2030,75,81,0.017780660092869303
0,2030,76,43,0.9832930629654487
0,2030,76,63,0.01670693703455128
0,2030,77,82,1.0
0,2030,78,21,0.9445451310157409
0,2030,78,73,0.02402090987318638
0,2030,78,80,0.03143395911107275
0,2030,79,59,0.0111567506706131
0,2030,79,82,0.9888432493293869
0,2030,80,82,1.0
0,2030,81,65,1.0
0,2030,82,3,0.024117335047427704
0,2030,82,14,0.03878007466928742
0,2030,82,58,0.01317480225627883
0,2030,82,60,0.923927788027006
0,2030,83,68,1.0
0,2030,84,43,1.0
0,2030,85,21,1.0
0,2030,86,83,1.0
0,2030,87,58,1.0
0,2030,88,28,1.0
0,2030,89,19,0.012205086388322768
0,2030,89,31,0.033356410897340275
0,2030,89,64,0.7946877753661629
0,2030,89,81,0.10089427677573966
0,2030,89,82,0.03506753625587126
0,2030,89,83,0.023788914316563207
0,2030,90,48,0.08273400059871813
0,2030,90,54,0.048389355471704656
0,2030,90,82,0.8688766439295772
0,2030,91,28,0.012946344087328367
0,2030,91,48,0.06354581022502537
0,2030,91,54,0.04347495553432742
0,2030,91,64,0.019609760008997158
0,2030,91,82,0.8604231301443217
0,2030,92,28,0.019752867002373557
0,2030,92,58,0.0151532113805998
0,2030,92,63,0.9650939216170266
0,2030,93,60,1.0
0,2030,94,37,0.9838755638669187
0,2030,94,66,0.016124436133081323
0,2030,95,1,1.0
0,2030,96,19,1.0
0,2030,97,82,1.0
0,2030,98,82,1.0
0,2030,99,82,1.0
0,2030,100,82,1.0
0,2030,101,19,1.0
0,2030,102,82,1.0
0,2030,103,74,1.0
0,2030,104,74,1.0
0,2030,105,21,0.01345020339442103
0,2030,105,29,0.01607344664120634
0,2030,105,63,0.060720185367337205
0,2030,105,74,0.9097561645970355
0,2030,106,74,1.0
0,2030,107,5,0.9497752332094874
0,2030,107,41,0.021282300974897854
0,2030,107,48,0.028942465815614618
0,2030,108,69,1.0
0,2030,109,47,0.015218344600087839
0,2030,109,49,0.9728965130280262
0,2030,109,60,0.011885142371885983
0,2030,110,1,1.0
0,2030,111,24,0.04069088958533149
0,2030,111,49,0.8190478197287695
0,2030,111,63,0.05606699295797088
0,2030,111,82,0.0841942977279282
0,2030,112,31,1.0
0,2030,113,47,1.0
0,2030,114,3,0.9431433473358991
0,2030,114,14,0.04310987941217276
0,2030,114,15,0.013746773251928093
0,2030,115,3,1.0
0,2030,116,59,1.0
0,2030,117,11,0.9165958652236075
0,2030,117,13,0.06200355352378804
0,2030,117,70,0.021400581252604477
0,2030,118,15,0.037232689996661045
0,2030,118,18,0.07692260040149218
0,2030,118,46,0.8672918544858682
0,2030,118,59,0.01855285511597862
0,2030,119,44,0.9884396739921419
0,2030,119,54,0.0115603260078581
0,2030,120,44,0.9849039994823451
0,2030,120,90,0.015096000517654893
0,2030,121,46,1.0
0,2030,122,37,1.0
0,2030,123,3,0.03973879588879949
0,2030,123,5,0.9154079957252654
0,2030,123,90,0.04485320838593506
0,2030,124,69,1.0
0,2030,125,4,0.0134799125456119
0,2030,125,14,0.011620712441925288
0,2030,125,25,0.013000475005474648
0,2030,125,54,0.04985435859456656
0,2030,125,60,0.8994941094854859
0,2030,125,88,0.012550431926935746
0,2030,126,46,1.0
0,2030,127,42,0.014064452386524621
0,2030,127,60,0.9031757425843174
0,2030,127,68,0.08275980502915796
0,2030,128,20,0.853449202705228
0,2030,128,21,0.03863070848372943
0,2030,128,31,0.0811288015486813
0,2030,128,82,0.02679128726236126
0,2030,129,29,0.030455758860631482
0,2030,129,33,0.7649355757264061
0,2030,129,63,0.1763436035814115
0,2030,129,65,0.028265061831550954
0,2030,130,60,1.0
0,2030,131,80,1.0
0,2030,132,54,1.0
0,2030,133,58,1.0
0,2030,134,5,0.9830428938067887
0,2030,134,67,0.016957106193211405
0,2030,135,8,0.05130605359941866
0,2030,135,36,0.06873482211794532
0,2030,135,38,0.7405969483475321
0,2030,135,52,0.021300965357247674
0,2030,135,81,0.11806121057785626
0,2030,136,48,0.011762356239713822
0,2030,136,89,0.9882376437602862
0,2030,137,39,0.8996353916300918
0,2030,137,42,0.01582075254126688
0,2030,137,52,0.025675636616108027
0,2030,137,58,0.01994052616559341
0,2030,137,68,0.038927693046939854
0,2030,138,23,0.8609501801394569
0,2030,138,58,0.01239033650667618
0,2030,138,63,0.037573074571660765
0,2030,138,73,0.0890864087822062
0,2030,139,5,0.9836733640531343
0,2030,139,54,0.016326635946865658
0,2030,140,37,0.012690291839242133
0,2030,140,46,0.031825922744513145
0,2030,140,58,0.03374029160369669
0,2030,140,68,0.0490214262121635
0,2030,140,81,0.8727220676003844
0,2030,141,29,1.0
0,2030,142,15,0.016181692177134447
0,2030,142,48,0.026736079518051948
0,2030,142,60,0.9309958316794403
0,2030,142,64,0.012426858236412059
0,2030,142,88,0.013659538388961254
0,2030,143,56,1.0
0,2030,144,6,0.03172624422387655
0,2030,144,8,0.013040239929434223
0,2030,144,21,0.015828537775342964
0,2030,144,24,0.01385806747794844
0,2030,144,29,0.02198636473036393
0,2030,144,35,0.01203592178778468
0,2030,144,56,0.8915246240752492
0,2030,145,69,1.0
0,2030,146,31,0.08910724246307795
0,2030,146,80,0.015684480674776426
0,2030,146,82,0.8364948406135274
0,2030,146,83,0.0587134362486181
0,2030,147,68,0.017149740567925603
0,2030,147,82,0.9828502594320744
0,2030,148,76,1.0
0,2030,149,22,1.0
0,2030,150,34,0.9052336250151095
0,2030,150,52,0.010969868661298508
0,2030,150,56,0.01586873290255958
0,2030,150,58,0.052519663962306076
0,2030,150,68,0.015408109458726362
0,2030,151,34,1.0
0,2030,152,58,1.0
0,2030,153,1,0.773759957038519
0,2030,153,21,0.07855075300788698
0,2030,153,29,0.057394808690634826
0,2030,153,54,0.09029448126295922
0,2030,154,18,0.021334715924510896
0,2030,154,28,0.011812840033666214
0,2030,154,46,0.01067479415062842
0,2030,154,56,0.9561776498911945
0,2030,155,1,0.6954199710534339
0,2030,155,15,0.011383111018086629
0,2030,155,36,0.014598831022200737
0,2030,155,38,0.027979539405356843
0,2030,155,52,0.1270262881771865
0,2030,155,64,0.06069223188131242
0,2030,155,68,0.06290002744242293
0,2030,156,39,0.9096709312663208
0,2030,156,48,0.09032906873367917
0,2030,157,39,0.9550930749009726
0,2030,157,48,0.044906925099027384
0,2030,158,82,1.0
0,2030,159,16,0.010953860075359857
0,2030,159,82,0.9785908737394301
0,2030,159,90,0.010455266185210171
0,2030,160,39,1.0
0,2030,161,7,0.9152665133033212
0,2030,161,8,0.010436501118545318
0,2030,161,48,0.04222823706063298
0,2030,161,74,0.019162122130712257
0,2030,161,81,0.012906626386788194
0,2030,162,18,0.030715998146064162
0,2030,162,63,0.10786126775891954
0,2030,162,75,0.8614227340950164
0,2030,163,36,0.017732098046232585
0,2030,163,75,0.9822679019537675
0,2030,164,1,1.0
0,2030,165,15,0.013939580669665786
0,2030,165,19,0.8712244643628623
0,2030,165,28,0.07852255709047996
0,2030,165,58,0.03631339787699192
0,2030,166,2,0.011466118040812465
0,2030,166,48,0.01419182410149282
0,2030,166,72,0.03192522472402488
0,2030,166,82,0.9424168331336699
0,2030,167,21,0.9854832361115283
0,2030,167,57,0.01451676388847176
0,2030,168,44,1.0
0,2030,169,47,1.0
0,2030,170,6,0.027932919313323232
0,2030,170,47,0.9720670806866767
0,2030,171,6,0.010327053549062944
0,2030,171,60,0.9070642563563226
0,2030,171,90,0.08260869009461443
0,2030,172,20,0.918779102576189
0,2030,172,52,0.08122089742381107
0,2030,173,24,1.0
0,2030,174,39,1.0
0,2030,175,39,1.0
0,2030,176,2,0.014466925977586453
0,2030,176,35,0.16528283785403466
0,2030,176,39,0.7832411147504956
0,2030,176,51,0.017516777576577797
0,2030,176,53,0.019492343841305503
0,2030,177,35,1.0
0,2030,178,5,0.9328388869528157
0,2030,178,6,0.017758036596918894
0,2030,178,70,0.013285856637721413
0,2030,178,90,0.03611721981254391
0,2030,179,60,1.0
0,2030,180,60,0.9035259492964862
0,2030,180,90,0.09647405070351385
0,2030,181,60,1.0
0,2030,182,60,1.0
0,2030,183,22,1.0
0,2030,184,6,0.04407038429622083
0,2030,184,34,0.9142046523648532
0,2030,184,76,0.01766368161045813
0,2030,184,90,0.0240612817284679
0,2030,185,69,1.0
0,2030,186,55,1.0
0,2030,187,24,1.0
0,2030,188,82,0.9410710493122607
0,2030,188,90,0.05892895068773925
0,2030,189,11,1.0
0,2030,190,10,1.0
0,2030,191,24,0.022189803983833318
0,2030,191,26,0.9442909779526596
0,2030,191,35,0.0193783190145864
0,2030,191,67,0.014140899048920616
0,2030,192,63,0.94350310112071
0,2030,192,73,0.031318906239041426
0,2030,192,90,0.025177992640248573
0,2030,193,3,0.021637351548814878
0,2030,193,10,0.03248764073349902
0,2030,193,20,0.8038787831980542
0,2030,193,22,0.030913025931068414
0,2030,193,47,0.0732286807442501
0,2030,193,60,0.014998420083007101
0,2030,193,66,0.02285609776130637
0,2030,194,16,0.012188415166428856
0,2030,194,19,0.961645580244354
0,2030,194,36,0.010529554389463562
0,2030,194,48,0.015636450199753613
0,2030,195,15,0.03303369138258774
0,2030,195,38,0.012003694781343907
0,2030,195,52,0.023520651213978953
0,2030,195,64,0.0717161227250687
0,2030,195,82,0.8597258398970208
0,2030,196,29,1.0
0,2030,197,47,1.0
0,2030,198,47,0.951007937603698
0,2030,198,90,0.04899206239630205
0,2030,199,10,0.02203872877085501
0,2030,199,47,0.014576596800923238
0,2030,199,52,0.8769099442425716
0,2030,199,90,0.08647473018565006
0,2030,200,6,1.0
0,2030,201,10,1.0
0,2030,202,69,0.9477472940861906
0,2030,202,73,0.03693950531542906
0,2030,202,90,0.01531320059838039
0,2030,203,39,0.9486145133424824
0,2030,203,73,0.051385486657517625
0,2030,204,6,0.021322903445160895
0,2030,204,24,0.9786770965548391
0,2030,205,6,1.0
0,2030,206,73,1.0
0,2030,207,66,0.01718189311318615
0,2030,207,76,0.9426044899412964
0,2030,207,90,0.040213616945517436
0,2030,208,66,1.0
0,2030,209,26,0.9886967809950459
0,2030,209,60,0.011303219004954197
0,2030,210,47,1.0
0,2030,211,10,1.0
0,2030,212,6,0.0513488755220939
0,2030,212,8,0.04605614614180317
0,2030,212,26,0.8008253494128343
0,2030,212,52,0.021185042430465487
0,2030,212,73,0.06310845956521577
0,2030,212,90,0.01747612692758736
0,2030,213,6,0.1348868886949426
0,2030,213,10,0.11679152243113307
0,2030,213,22,0.02224077149721077
0,2030,213,33,0.5317181944151482
0,2030,213,47,0.04691217648310476
0,2030,213,52,0.11545617808056323
0,2030,213,76,0.0319942683978974
0,2030,214,10,1.0
0,2030,215,10,0.7281509728363719
0,2030,215,19,0.06041571910676402
0,2030,215,20,0.027943690533140723
0,2030,215,24,0.0330240391231388
0,2030,215,42,0.033697331150926664
0,2030,215,52,0.016365598823354994
0,2030,215,68,0.0879914076195676
0,2030,215,82,0.012411240806735373
0,2030,216,3,0.019219096136239823
0,2030,216,26,0.9509131198935028
0,2030,216,28,0.017784714147775636
0,2030,216,58,0.012083069822481689
0,2030,217,6,0.03147586000501988
0,2030,217,9,0.8612858111157369
0,2030,217,10,0.016031981201261678
0,2030,217,52,0.07935862668192095
0,2030,217,73,0.011847720996060645
0,2030,218,47,1.0
0,2030,219,8,0.01428539581039799
0,2030,219,47,0.9678174294231191
0,2030,219,48,0.01789717476648292
0,2030,220,10,0.015939251833852325
0,2030,220,20,0.8733534203111093
0,2030,220,28,0.03813476431699103
0,2030,220,58,0.02094847893762855
0,2030,220,73,0.051624084600418854
0,2030,221,24,0.9831548684013293
0,2030,221,90,0.016845131598670668
0,2030,222,6,0.06439065622297496
0,2030,222,13,0.012735410381820446
0,2030,222,17,0.671432812235024
0,2030,222,63,0.19644143488835628
0,2030,222,66,0.054999686271824194
0,2030,223,21,0.03987232032585896
0,2030,223,30,0.015356198414587139
0,2030,223,31,0.04507544069057406
0,2030,223,47,0.8834482456049132
0,2030,223,77,0.016247794964066666
0,2030,224,15,0.01997397228025633
0,2030,224,47,0.9800260277197437
0,2030,225,8,0.03687235337786747
0,2030,225,48,0.03044232291764088
0,2030,225,52,0.9326853237044916
0,2030,226,8,1.0
0,2030,227,39,1.0
0,2030,228,6,0.9330010461199355
0,2030,228,44,0.01959623360647746
0,2030,228,46,0.02775520720739123
0,2030,228,62,0.019647513066195867
0,2030,229,10,0.9003853697486134
0,2030,229,90,0.09961463025138655
0,2030,230,47,1.0
0,2030,231,60,1.0
0,2030,232,10,0.9171006192172512
0,2030,232,15,0.02018890348532318
0,2030,232,18,0.011484192988146243
0,2030,232,53,0.01672282086883838
0,2030,232,57,0.01976263976725019
0,2030,232,78,0.014740823673190826
0,2030,233,55,0.9621729007447769
0,2030,233,62,0.013879668431175449
0,2030,233,90,0.02394743082404767
0,2030,234,8,0.05755105314405728
0,2030,234,24,0.09469199898594276
0,2030,234,33,0.84775694787
0,2030,235,33,1.0
0,2030,236,1,0.928168962806011
0,2030,236,6,0.010886355727866677
0,2030,236,90,0.060944681466122294
0,2030,237,75,1.0
0,2030,238,14,0.03854007160899481
0,2030,238,28,0.03376223465608948
0,2030,238,36,0.029448695029936377
0,2030,238,54,0.011788851422384913
0,2030,238,55,0.7860549908167338
0,2030,238,64,0.018263563299167094
0,2030,238,83,0.08214159316669348
0,2030,239,6,0.02027113981584979
0,2030,239,8,0.0851145983588056
0,2030,239,24,0.05532073844334878
0,2030,239,48,0.019689789109430055
0,2030,239,55,0.8196037342725658
0,2030,240,8,1.0
0,2030,241,6,0.08540957311355377
0,2030,241,24,0.028393657668692642
0,2030,241,39,0.8861967692177536
0,2030,242,27,0.01154103463244046
0,2030,242,82,0.9884589653675596
0,2030,243,15,0.011986604142598575
0,2030,243,24,0.9445291789708364
0,2030,243,72,0.012633161725151684
0,2030,243,88,0.030851055161413364
0,2030,244,82,1.0
0,2030,245,21,0.01748853571784545
0,2030,245,29,0.025859669012042848
0,2030,245,82,0.9566517952701117
0,2030,246,3,0.9771055741970112
0,2030,246,6,0.010489074195860426
0,2030,246,24,0.012405351607128391
0,2030,247,60,1.0
0,2030,248,1,0.774340631535646
0,2030,248,16,0.10529344017179365
0,2030,248,25,0.07163184355383691
0,2030,248,53,0.02995442689714834
0,2030,248,80,0.018779657841575176
0,2030,249,48,0.07177504186789412
0,2030,249,50,0.9126291978324461
0,2030,249,74,0.015595760299659742
0,2030,250,48,1.0
0,2030,251,89,1.0
0,2030,252,43,1.0
0,2030,253,14,0.06474627089636263
0,2030,253,36,0.020764035783361955
0,2030,253,45,0.8719102200242186
0,2030,253,54,0.04257947329605681
0,2030,254,46,1.0
0,2030,255,15,0.013279946364515637
0,2030,255,16,0.010367254983284935
0,2030,255,57,0.024335213201937166
0,2030,255,75,0.9520175854502623
0,2030,256,13,0.015709607836567097
0,2030,256,38,0.8234071457556026
0,2030,256,49,0.013957666435428635
0,2030,256,63,0.08418903405041286
0,2030,256,73,0.03392736003166231
0,2030,256,86,0.02880918589032651
0,2030,257,7,0.825742091863387
0,2030,257,10,0.04440990788866547
0,2030,257,18,0.06064535210395053
0,2030,257,66,0.06920264814399701
0,2030,258,11,0.923032911537346
0,2030,258,44,0.020854268828705953
0,2030,258,63,0.05611281963394796
0,2030,259,11,0.6081585614494511
0,2030,259,31,0.16324157275509024
0,2030,259,37,0.03576198621685368
0,2030,259,46,0.047595156608512504
0,2030,259,68,0.0213890686549518
0,2030,259,81,0.02473325235972295
0,2030,259,83,0.09912040195541767
0,2030,260,26,1.0
0,2030,261,1,0.7835002078881023
0,2030,261,18,0.04561985606924944
0,2030,261,62,0.04167027576383981
0,2030,261,70,0.04317098630752143
0,2030,261,90,0.08603867397128698
0,2030,262,13,0.031572053125396286
0,2030,262,16,0.023691352012096697
0,2030,262,25,0.03473126845372093
0,2030,262,36,0.02078941116276634
0,2030,262,39,0.7963488485297984
0,2030,262,54,0.07546558728007281
0,2030,262,85,0.017401479436148556
0,2030,263,34,0.9777929596726261
0,2030,263,70,0.022207040327373816
0,2030,264,15,0.0253013469052073
0,2030,264,28,0.012871476722758951
0,2030,264,33,0.9357826930752955
0,2030,264,58,0.015124936862378925
0,2030,264,59,0.010919546434359408
0,2030,265,43,1.0
0,2030,266,9,0.9864552773551606
0,2030,266,36,0.013544722644839408
0,2030,267,37,0.9812121354344059
0,2030,267,48,0.018787864565594167
0,2030,268,14,0.027353170836815602
0,2030,268,15,0.07403631457844073
0,2030,268,36,0.037770907902889284
0,2030,268,49,0.8141318817145509
0,2030,268,64,0.022639939716478832
0,2030,268,88,0.02406778525082473
0,2030,269,3,0.8706337991547839
0,2030,269,21,0.037598391130417845
0,2030,269,44,0.017662269788665343
0,2030,269,62,0.01665229007530728
0,2030,269,63,0.04096248478552172
0,2030,269,70,0.01649076506530391
0,2030,270,60,1.0
0,2030,271,31,0.027082657872854344
0,2030,271,36,0.01648585827484843
0,2030,271,77,0.8873577512796997
0,2030,271,81,0.06907373257259745
0,2030,272,42,0.021295397819784578
0,2030,272,46,0.869523390431427
0,2030,272,52,0.04762632499678335
0,2030,272,55,0.010375047587656555
0,2030,272,68,0.0511798391643486
0,2030,273,44,1.0
0,2030,274,60,0.9636499169745135
0,2030,274,90,0.036350083025486445
0,2030,275,42,1.0
0,2030,276,16,0.024929995240786516
0,2030,276,36,0.017822377847822334
0,2030,276,43,0.9034527687980436
0,2030,276,52,0.03858591378407797
0,2030,276,90,0.015208944329269522
0,2030,277,15,0.016141416125940812
0,2030,277,29,0.9116809501484905
0,2030,277,48,0.023220140551854535
0,2030,277,50,0.014248205358110862
0,2030,277,72,0.01820093391633321
0,2030,277,88,0.016508353899270033
0,2030,278,35,0.013708950880722142
0,2030,278,61,0.9747237973480154
0,2030,278,82,0.011567251771262417
0,2030,279,19,0.025410530269898757
0,2030,279,24,0.018090528074152748
0,2030,279,35,0.8961879020289983
0,2030,279,82,0.06031103962695014
0,2030,280,4,0.01505929361361402
0,2030,280,9,0.7849949894941662
0,2030,280,63,0.19994571689221965
0,2030,281,31,0.10610329119881214
0,2030,281,36,0.1615452681358891
0,2030,281,52,0.6284306545413941
0,2030,281,77,0.017462924248297262
0,2030,281,78,0.05889212458420975
0,2030,281,83,0.027565737291397604
0,2030,282,42,0.05694459507569975
0,2030,282,45,0.8396832068097128
0,2030,282,68,0.10337219811458748
0,2030,283,19,0.9268904622560084
0,2030,283,21,0.012499183309923808
0,2030,283,29,0.032399231476481265
0,2030,283,63,0.028211122957586578
0,2030,284,60,0.9807558288587747
0,2030,284,71,0.0192441711412254
0,2030,285,46,1.0
0,2030,286,42,1.0
0,2030,287,9,0.9650620354163124
0,2030,287,62,0.010819400431763559
0,2030,287,90,0.024118564151924003
0,2030,288,37,0.9318712877538772
0,2030,288,62,0.013201133765089659
0,2030,288,90,0.0549275784810331
0,2030,289,19,1.0
0,2030,290,35,0.019611975290429063
0,2030,290,63,0.980388024709571
0,2030,291,16,0.022343102959553413
0,2030,291,37,0.9776568970404466
0,2030,292,19,0.025470215560785218
0,2030,292,21,0.037951623843700245
0,2030,292,24,0.022862093241612792
0,2030,292,31,0.017991316312829832
0,2030,292,40,0.8172480300651263
0,2030,292,43,0.01894360340439124
0,2030,292,82,0.05953311757155444
0,2030,293,43,1.0
0,2030,294,7,0.9390467852888645
0,2030,294,13,0.03830455942831321
0,2030,294,63,0.022648655282822235
0,2030,295,5,0.7822739829296729
0,2030,295,30,0.13489325859705342
0,2030,295,53,0.018187111413301104
0,2030,295,62,0.04904364171114841
0,2030,295,77,0.015602005348824124
0,2030,296,16,0.0628803491733182
0,2030,296,53,0.011002802883366492
0,2030,296,72,0.047072310772413396
0,2030,296,81,0.8790445371709019
0,2030,297,51,1.0
0,2030,298,15,0.1145210839488235
0,2030,298,17,0.8034992846144935
0,2030,298,18,0.03403414072440497
0,2030,298,38,0.02056293144311157
0,2030,298,42,0.013395585264221148
0,2030,298,59,0.013986974004945226
0,2030,299,21,0.04539966149680882
0,2030,299,29,0.06884223310108058
0,2030,299,54,0.07393767647321603
0,2030,299,76,0.012079891284278723
0,2030,299,85,0.7997405376446158
0,2030,300,32,1.0
0,2030,301,84,1.0
0,2030,302,45,0.9889262039519311
0,2030,302,85,0.011073796048068888
0,2030,303,26,1.0
0,2030,304,18,0.0823832320971895
0,2030,304,43,0.7853705966456234
0,2030,304,53,0.05709937663892503
0,2030,304,62,0.030430393260832647
0,2030,304,78,0.04471640135742948
0,2030,305,7,0.9477728771537466
0,2030,305,53,0.025317467004586678
0,2030,305,57,0.026909655841666692
0,2030,306,18,0.0368072924641993
0,2030,306,34,0.8331538615221684
0,2030,306,70,0.021246007588826492
0,2030,306,71,0.05384237543830642
0,2030,306,85,0.010221659850366318
0,2030,306,88,0.04472880313613312
0,2030,307,46,0.08425033266769484
0,2030,307,60,0.045340140566599275
0,2030,307,62,0.03170844055796622
0,2030,307,86,0.8222469528206524
0,2030,307,90,0.016454133387087268
0,2030,308,38,0.9607187701259774
0,2030,308,57,0.023850412362836873
0,2030,308,68,0.015430817511185703
0,2030,309,17,0.9750489771071741
0,2030,309,21,0.012756353280222826
0,2030,309,82,0.01219466961260303
0,2030,310,63,0.042836398156957875
0,2030,310,66,0.037076031820896346
0,2030,310,70,0.05518289045277079
0,2030,310,77,0.7974466702300728
0,2030,310,90,0.06745800933930221
0,2030,311,53,0.04115305936236463
0,2030,311,57,0.038174234645387
0,2030,311,60,0.6978300761364243
0,2030,311,62,0.04576662910302606
0,2030,311,70,0.028323260001930826
0,2030,311,78,0.0125479374993037
0,2030,311,90,0.13620480325156342
0,2030,312,6,0.0389262800380258
0,2030,312,32,0.9499993311374723
0,2030,312,90,0.011074388824501931
0,2030,313,17,0.9259403026953299
0,2030,313,46,0.012460793709494962
0,2030,313,62,0.022901959707213808
0,2030,313,90,0.038696943887961285
0,2030,314,79,0.8460058674480122
0,2030,314,83,0.1539941325519878
0,2030,315,15,1.0
0,2030,316,36,0.04964800314685348
0,2030,316,48,0.028300560012408563
0,2030,316,64,0.02428031345101686
0,2030,316,85,0.8841417533777418
0,2030,316,88,0.013629370011979294
0,2030,317,12,0.8323041336048412
0,2030,317,16,0.010742513964395614
0,2030,317,36,0.1181018912382992
0,2030,317,67,0.02625513564303952
0,2030,317,78,0.012596325549424433
0,2030,318,89,0.9712042697917941
0,2030,318,90,0.02879573020820591
0,2030,319,71,1.0
0,2030,320,78,1.0
0,2030,321,18,1.0
0,2030,322,7,0.02677809159603431
0,2030,322,18,0.04677930612986582
0,2030,322,23,0.7469867313252695
0,2030,322,63,0.13970063818894374
0,2030,322,70,0.039755232759886676
0,2030,323,2,0.011650845720163144
0,2030,323,7,0.015406856089010133
0,2030,323,18,0.06163858608134185
0,2030,323,20,0.7630989983390902
0,2030,323,35,0.047701330946884946
0,2030,323,51,0.04010395942571092
0,2030,323,70,0.04714693330106218
0,2030,323,88,0.013252490096736591
0,2030,324,27,0.010260677266259491
0,2030,324,35,0.9757717200016397
0,2030,324,54,0.013967602732100818
0,2030,325,84,0.9648662917173205
0,2030,325,90,0.03513370828267938
0,2030,326,4,0.91508528569863
0,2030,326,18,0.0411396300378205
0,2030,326,46,0.028392065375439136
0,2030,326,90,0.015383018888110328
0,2030,327,59,0.9545346254739979
0,2030,327,70,0.010419996856133724
0,2030,327,90,0.035045377669868365
0,2030,328,2,0.014070108689633537
0,2030,328,11,0.9743149343080104
0,2030,328,51,0.011614957002356005
0,2030,329,44,0.017645722546461778
0,2030,329,46,0.01257013734711245
0,2030,329,62,0.012077305279587416
0,2030,329,63,0.03176906582733567
0,2030,329,78,0.9259377689995026
0,2030,330,12,0.8749795514599312
0,2030,330,13,0.014184505129107223
0,2030,330,63,0.0844704761370663
0,2030,330,65,0.026365467273895247
0,2030,331,14,0.03123390528036068
0,2030,331,36,0.0154892843392865
0,2030,331,40,0.953276810380353
0,2030,332,11,0.7966151583460286
0,2030,332,14,0.01208587416761862
0,2030,332,16,0.036862186552786336
0,2030,332,27,0.041205885543623776
0,2030,332,71,0.021930690669114232
0,2030,332,72,0.014220380993200917
0,2030,332,90,0.07707982372762746
0,2030,333,15,0.08313547243590379
0,2030,333,18,0.0489575404874599
0,2030,333,34,0.8173040173351943
0,2030,333,88,0.050602969741441996
0,2030,334,18,0.07140960965636253
0,2030,334,24,0.09529943119920548
0,2030,334,35,0.10430198542613481
0,2030,334,67,0.012513997676727838
0,2030,334,70,0.050395018214811606
0,2030,334,85,0.6518234529890502
0,2030,334,90,0.014256504837707537
0,2030,335,35,1.0
0,2030,336,7,0.0229433200491142
0,2030,336,18,0.0711801224956927
0,2030,336,33,0.6982299077463768
0,2030,336,35,0.15228868582310034
0,2030,336,57,0.03592998916418678
0,2030,336,62,0.0194279747215291
0,2030,337,12,0.8744294008950761
0,2030,337,18,0.04592752911769428
0,2030,337,63,0.054218392347376174
0,2030,337,70,0.025424677639853472
0,2030,338,2,0.9877948562309157
0,2030,338,73,0.01220514376908432
0,2030,339,6,0.011870242629852003
0,2030,339,13,0.861713016613983
0,2030,339,44,0.023281063166835723
0,2030,339,63,0.041408378698026736
0,2030,339,66,0.03554714436787675
0,2030,339,90,0.026180154523425765
0,2030,340,57,1.0
0,2030,341,62,0.8636447045108314
0,2030,341,70,0.012524374412865634
0,2030,341,71,0.030909412614545207
0,2030,341,90,0.09292150846175765
0,2030,342,62,1.0
0,2030,343,53,1.0
0,2030,344,23,1.0
0,2030,345,23,0.9000865881116772
0,2030,345,90,0.09991341188832284
0,2030,346,15,0.030913514710293154
0,2030,346,67,0.9475261034676891
0,2030,346,71,0.010955849753384069
0,2030,346,79,0.010604532068633613
0,2030,347,2,0.9891906664582049
0,2030,347,52,0.010809333541795132
0,2030,348,2,0.8245207494722662
0,2030,348,6,0.10341733729828913
0,2030,348,24,0.07206191322944473
0,2030,349,35,0.179809894811036
0,2030,349,62,0.020909304153028423
0,2030,349,85,0.776044262299654
0,2030,349,90,0.023236538736281617
0,2030,350,48,0.015539564656930037
0,2030,350,57,0.9844604353430699
0,2030,351,18,0.09308682012886381
0,2030,351,40,0.8553145618998755
0,2030,351,70,0.025166523652933263
0,2030,351,71,0.02643209431832748
0,2030,352,16,0.03170537984257832
0,2030,352,35,0.9232996196237367
0,2030,352,36,0.027619884982056045
0,2030,352,48,0.017375115551628854
0,2030,353,70,1.0
0,2030,354,16,0.1280561845460085
0,2030,354,20,0.6938369420944122
0,2030,354,53,0.1419210545102274
0,2030,354,57,0.013822147403612942
0,2030,354,78,0.022363671445738996
0,2030,355,2,0.7599272472166723
0,2030,355,6,0.07244422325191642
0,2030,355,21,0.029049223223185996
0,2030,355,24,0.04196153345924606
0,2030,355,35,0.06139886673470512
0,2030,355,67,0.023715698598212504
0,2030,355,90,0.011503207516061566
0,2030,356,88,1.0
0,2030,357,72,1.0
0,2030,358,72,1.0
0,2030,359,18,0.029151024963661246
0,2030,359,88,0.9708489750363387
0,2030,360,3,0.013259712578246917
0,2030,360,14,0.014632561620463976
0,2030,360,79,0.01113243629139486
0,2030,360,88,0.9609752895098943
0,2030,361,2,0.9871051360937257
0,2030,361,15,0.012894863906274194
0,2030,362,51,1.0
0,2030,363,2,1.0
0,2030,364,72,1.0
0,2030,365,14,0.015068288299931901
0,2030,365,72,0.9743594196558248
0,2030,365,86,0.01057229204424325
1,2030,1,94,0.016407700879038447
1,2030,1,119,0.8944984781619753
1,2030,1,177,0.042655478773181564
1,2030,1,180,0.0464383421858049
1,2030,2,101,0.016596267423177193
1,2030,2,102,0.03635475608547492
1,2030,2,110,0.8536540272426449
1,2030,2,156,0.06925332637689074
1,2030,2,180,0.024141622871812315
1,2030,3,129,0.9480484648295282
1,2030,3,156,0.015196375064787047
1,2030,3,180,0.036755160105684734
1,2030,4,165,1.0
1,2030,5,94,0.013305580387116997
1,2030,5,138,0.02657738672051691
1,2030,5,154,0.06530675399399413
1,2030,5,170,0.6348290758777478
1,2030,5,171,0.13850258462372475
1,2030,5,176,0.12147861839689937
1,2030,6,95,0.061150901482540376
1,2030,6,119,0.7941384713171268
1,2030,6,138,0.03138286316807118
1,2030,6,143,0.028545064895733187
1,2030,6,151,0.06648272791563517
1,2030,6,172,0.0182999712208934
1,2030,7,97,1.0
1,2030,8,135,1.0
1,2030,9,117,0.06862302258785159
1,2030,9,119,0.04817733068581795
1,2030,9,133,0.04123678053008063
1,2030,9,139,0.8144268694578558
1,2030,9,148,0.02753599673839416
1,2030,10,97,0.14668849575150328
1,2030,10,135,0.04482465932520054
1,2030,10,140,0.025183872219377262
1,2030,10,156,0.028798296180485454
1,2030,10,164,0.5805998214755813
1,2030,10,172,0.07705251883063019
1,2030,10,180,0.09685233621722196
1,2030,11,94,0.03307022095390137
1,2030,11,109,0.023793275855334705
1,2030,11,117,0.08362651103431884
1,2030,11,135,0.04097490112068725
1,2030,11,138,0.035613845783917505
1,2030,11,140,0.11065671173545508
1,2030,11,149,0.0395556792119028
1,2030,11,161,0.6327088543044825
1,2030,12,92,0.868212854378586
1,2030,12,97,0.03171939635658484
1,2030,12,135,0.011317328348509171
1,2030,12,156,0.046420244820162423
1,2030,12,160,0.023412697385976285
1,2030,12,172,0.018917478710181273
1,2030,13,93,0.06902803941717242
1,2030,13,115,0.4390697273949249
1,2030,13,117,0.1839002425486352
1,2030,13,119,0.19239779549318917
1,2030,13,146,0.025447325242720604
1,2030,13,157,0.05222813980253878
1,2030,13,158,0.03792873010081898
1,2030,14,97,0.03627182678591529
1,2030,14,155,0.9159740118816599
1,2030,14,156,0.03210422282965053
1,2030,14,180,0.015649938502774217
1,2030,15,101,0.03475736977802161
1,2030,15,108,0.18278638125461757
1,2030,15,125,0.10235175385337625
1,2030,15,137,0.6284525254883466
1,2030,15,180,0.05165196962563803
1,2030,16,147,1.0
1,2030,17,99,0.651876204207541
1,2030,17,122,0.12384865078879388
1,2030,17,133,0.07972836788881343
1,2030,17,140,0.1445467771148517
1,2030,18,99,1.0
1,2030,19,92,0.9325270231876535
1,2030,19,102,0.03513366257662826
1,2030,19,114,0.01962084219119096
1,2030,19,180,0.012718472044527314
1,2030,20,168,1.0
1,2030,21,92,0.9370859545264109
1,2030,21,136,0.028459483523066362
1,2030,21,146,0.015512550869213953
1,2030,21,174,0.018942011081308878
1,2030,22,92,1.0
1,2030,23,160,1.0
1,2030,24,140,1.0
1,2030,25,168,1.0
1,2030,26,99,0.024804029716580522
1,2030,26,154,0.025343172438375867
1,2030,26,159,0.9498527978450436
1,2030,27,109,0.017317102432879376
1,2030,27,117,0.027915036018230165
1,2030,27,140,0.04326323854208136
1,2030,27,170,0.911504623006809
1,2030,28,168,1.0
1,2030,29,99,0.09195914265362637
1,2030,29,117,0.05726844881060622
1,2030,29,151,0.050338716510416236
1,2030,29,168,0.8004336920253512
1,2030,30,156,1.0
1,2030,31,103,0.05270559175514346
1,2030,31,109,0.022147046799292944
1,2030,31,124,0.043471558539297385
1,2030,31,169,0.015697369311106792
1,2030,31,170,0.8659784335951594
1,2030,32,142,1.0
1,2030,33,108,0.8512126468303758
1,2030,33,110,0.02805766655950666
1,2030,33,118,0.014747193160859096
1,2030,33,119,0.018428058753840765
1,2030,33,120,0.012939251609991516
1,2030,33,165,0.017502325674359307
1,2030,33,180,0.05711285741106688
1,2030,34,101,0.027671362712689152
1,2030,34,103,0.3105096954622327
1,2030,34,111,0.5414675384475072
1,2030,34,169,0.014971704720869457
1,2030,34,177,0.1053796986567016
1,2030,35,174,1.0
1,2030,36,137,1.0
1,2030,37,125,1.0
1,2030,38,113,0.8079887232943038
1,2030,38,124,0.027518459817538775
1,2030,38,147,0.07673376783467861
1,2030,38,151,0.08775904905347871
1,2030,39,99,0.09278689695618471
1,2030,39,117,0.09035664404012982
1,2030,39,119,0.05365484520390736
1,2030,39,154,0.042951582873120044
1,2030,39,160,0.23097223531833191
1,2030,39,161,0.4892777956083261
1,2030,40,94,0.04342441854129247
1,2030,40,122,0.015419311347624871
1,2030,40,168,0.9411562701110826
1,2030,41,102,0.08602754198515704
1,2030,41,103,0.1926860859654789
1,2030,41,142,0.11673990679536919
1,2030,41,151,0.06554690922442151
1,2030,41,157,0.21545984559871573
1,2030,41,170,0.32353971043085766
1,2030,42,93,0.7973239862850288
1,2030,42,119,0.104999626739867
1,2030,42,151,0.035869244741002844
1,2030,42,157,0.06180714223410146
1,2030,43,171,0.8962374306721477
1,2030,43,180,0.10376256932785234
1,2030,44,99,0.01971526937923442
1,2030,44,117,0.014869220537444787
1,2030,44,119,0.12562381886182208
1,2030,44,160,0.09556124911098439
1,2030,44,168,0.7442304421105144
1,2030,45,94,0.018103127556266495
1,2030,45,99,0.9041054583053955
1,2030,45,140,0.052302277717517276
1,2030,45,149,0.025489136420820624
1,2030,46,117,0.1719998271582474
1,2030,46,138,0.0288600360739406
1,2030,46,168,0.7991401367678119
1,2030,47,94,0.1207105648793074
1,2030,47,113,0.8333049363444638
1,2030,47,124,0.045984498776228816
1,2030,48,138,0.2557588633079991
1,2030,48,171,0.5477505837829727
1,2030,48,176,0.19649055290902814
1,2030,49,101,1.0
1,2030,50,103,1.0
1,2030,51,147,1.0
1,2030,52,105,0.7113105423138522
1,2030,52,119,0.025100752886733888
1,2030,52,133,0.0717298780551468
1,2030,52,151,0.010608917093408768
1,2030,52,159,0.01877663974923794
1,2030,52,160,0.07969212315699781
1,2030,52,180,0.0827811467446226
1,2030,53,94,0.0702176161826204
1,2030,53,101,0.020640323483193775
1,2030,53,125,0.8618951714080769
1,2030,53,156,0.047246888926108885
1,2030,54,147,0.012090153490141342
1,2030,54,151,0.05345429668323353
1,2030,54,153,0.9047869756929309
1,2030,54,157,0.029668574133694316
1,2030,55,92,1.0
1,2030,56,109,0.03358948879987163
1,2030,56,117,0.9538892314669623
1,2030,56,169,0.012521279733166153
1,2030,57,117,1.0
1,2030,58,100,0.17733165597645373
1,2030,58,145,0.5636909357137228
1,2030,58,159,0.06616574880838917
1,2030,58,160,0.1928116595014342
1,2030,59,110,1.0
1,2030,60,116,1.0
1,2030,61,94,0.010579956159477875
1,2030,61,143,0.9745455431695564
1,2030,61,149,0.014874500670965601
1,2030,62,99,0.01512108635901384
1,2030,62,117,0.8516751403091001
1,2030,62,151,0.08428281485357643
1,2030,62,157,0.04892095847830974
1,2030,63,138,0.9335013964194812
1,2030,63,154,0.010271882010213838
1,2030,63,156,0.01390884034784062
1,2030,63,160,0.04231788122246443
1,2030,64,99,0.8093143991013373
1,2030,64,119,0.07874479408409389
1,2030,64,159,0.08687176122251497
1,2030,64,160,0.025069045592053845
1,2030,65,94,0.03251612526709252
1,2030,65,97,0.12526013602548747
1,2030,65,119,0.05188311747821483
1,2030,65,135,0.038813327606386186
1,2030,65,139,0.5725014299808652
1,2030,65,152,0.04985635077518085
1,2030,65,159,0.026467718922676284
1,2030,65,165,0.10270179394409666
1,2030,66,109,0.09847569924874633
1,2030,66,133,0.036156267298635754
1,2030,66,140,0.07320216313471509
1,2030,66,179,0.7921658703179029
1,2030,67,113,0.7326056279937728
1,2030,67,117,0.013801195505462787
1,2030,67,145,0.049593881432752986
1,2030,67,154,0.01846675243811774
1,2030,67,159,0.12359087257360676
1,2030,67,160,0.06194167005628704
1,2030,68,150,1.0
1,2030,69,114,0.01138660375143422
1,2030,69,119,0.7627389996613633
1,2030,69,142,0.1518490908791296
1,2030,69,159,0.0740253057080729
1,2030,70,138,0.02302560675067337
1,2030,70,140,0.9092980818401779
1,2030,70,154,0.06767631140914869
1,2030,71,92,1.0
1,2030,72,113,0.9689564819731029
1,2030,72,158,0.031043518026897105
1,2030,73,117,0.01379191658493429
1,2030,73,119,0.08195827804676005
1,2030,73,145,0.06582053886554215
1,2030,73,158,0.017571955723392922
1,2030,73,159,0.07751579385588354
1,2030,73,167,0.7433415169234869
1,2030,74,118,0.06533844946687509
1,2030,74,125,0.042163687841396534
1,2030,74,133,0.011134667528325617
1,2030,74,135,0.05029109396012982
1,2030,74,141,0.019435040124902245
1,2030,74,149,0.03639220868561574
1,2030,74,167,0.775244852392755
1,2030,75,100,0.012704738198805144
1,2030,75,114,0.028777792541844413
1,2030,75,130,0.01659659362250079
1,2030,75,152,0.011301407233165842
1,2030,75,173,0.9132770477066886
1,2030,75,174,0.017342420696995254
1,2030,76,169,1.0
1,2030,77,101,0.03029913201028333
1,2030,77,136,0.018558001365990045
1,2030,77,166,0.9329948395288167
1,2030,77,174,0.018148027094910032
1,2030,78,114,0.01734133830245661
1,2030,78,133,0.0683602884324479
1,2030,78,146,0.9142983732650956
1,2030,79,179,1.0
1,2030,80,114,0.010662835975672354
1,2030,80,166,0.9893371640243277
1,2030,81,97,0.010242676141540657
1,2030,81,105,0.902761663913193
1,2030,81,110,0.04361013226479281
1,2030,81,160,0.04338552768047358
1,2030,82,123,1.0
1,2030,83,98,0.019120517003374703
1,2030,83,125,0.9622023904256667
1,2030,83,134,0.018677092570958592
1,2030,84,138,0.03755584601555052
1,2030,84,140,0.02687661564410041
1,2030,84,151,0.03804877308396517
1,2030,84,166,0.8679864945248661
1,2030,84,171,0.0295322707315177
1,2030,85,119,0.06349458504297809
1,2030,85,146,0.936505414957022
1,2030,86,109,0.11135904238786166
1,2030,86,133,0.15100963937391101
1,2030,86,140,0.05581406992320621
1,2030,86,162,0.6818172483150211
1,2030,87,104,0.9660246242916731
1,2030,87,129,0.011385643129398128
1,2030,87,180,0.022589732578928753
1,2030,88,99,0.04028080296707671
1,2030,88,104,0.8939917305029893
1,2030,88,117,0.0503250337405941
1,2030,88,151,0.015402432789339912
1,2030,89,109,0.18748385675255494
1,2030,89,138,0.7397811027003078
1,2030,89,150,0.019101565630886944
1,2030,89,166,0.01841969513810477
1,2030,89,169,0.035213779778145445
1,2030,90,113,0.9344291314617965
1,2030,90,166,0.03770164919411275
1,2030,90,169,0.02786921934409068
1,2030,91,109,0.03720364746766919
1,2030,91,113,0.9031858705940882
1,2030,91,166,0.01751177075789886
1,2030,91,169,0.042098711180343744
1,2030,92,105,0.7130829949612695
1,2030,92,114,0.20823921284013708
1,2030,92,130,0.05603494163117594
1,2030,92,174,0.02264285056741747
1,2030,93,155,1.0
1,2030,94,126,1.0
1,2030,95,111,1.0
1,2030,96,169,1.0
1,2030,97,166,1.0
1,2030,98,166,1.0
1,2030,99,166,1.0
1,2030,100,98,0.028130335814723992
1,2030,100,134,0.021760924170488482
1,2030,100,166,0.9501087400147876
1,2030,101,169,1.0
1,2030,102,166,1.0
1,2030,103,117,0.05556152799552702
1,2030,103,150,0.9301579269416652
1,2030,103,154,0.014280545062807803
1,2030,104,92,0.8862644143207387
1,2030,104,150,0.05728778379703116
1,2030,104,166,0.05644780188223014
1,2030,105,113,0.8307195045547263
1,2030,105,117,0.0389058870359781
1,2030,105,119,0.10708862831184071
1,2030,105,145,0.023285980097454962
1,2030,106,143,1.0
1,2030,107,117,0.026502293614246733
1,2030,107,130,0.9546098148052408
1,2030,107,148,0.018887891580512562
1,2030,108,125,0.015014954881902421
1,2030,108,137,0.11096044920301301
1,2030,108,141,0.047528483166639025
1,2030,108,155,0.027277470665494418
1,2030,108,162,0.7992186420829511
1,2030,109,93,0.087858800697861
1,2030,109,98,0.04238022871183813
1,2030,109,118,0.03193840629746912
1,2030,109,133,0.28852642087464797
1,2030,109,158,0.013172054659616716
1,2030,109,164,0.5361240887585671
1,2030,110,98,0.08868502403655035
1,2030,110,114,0.04280293895764184
1,2030,110,116,0.7688260697894312
1,2030,110,124,0.013383983226570648
1,2030,110,158,0.08630198398980575
1,2030,111,109,0.014639989948537085
1,2030,111,112,0.8262774566424098
1,2030,111,119,0.04649779380866968
1,2030,111,133,0.11258475960038342
1,2030,112,109,0.06910377337513571
1,2030,112,111,0.8953479203798312
1,2030,112,146,0.03554830624503309
1,2030,113,141,1.0
1,2030,114,110,1.0
1,2030,115,110,1.0
1,2030,116,108,0.9458619884504327
1,2030,116,109,0.02694248198024448
1,2030,116,138,0.02719552956932292
1,2030,117,102,0.019053436456869348
1,2030,117,142,0.8811431105030059
1,2030,117,151,0.03345011236751678
1,2030,117,157,0.03215437902067826
1,2030,117,177,0.03419896165192972
1,2030,118,108,0.17236757392988047
1,2030,118,155,0.7079234518647783
1,2030,118,172,0.10574691127739141
1,2030,118,177,0.013962062927949673
1,2030,119,130,1.0
1,2030,120,134,1.0
1,2030,121,155,1.0
1,2030,122,126,1.0
1,2030,123,110,0.010113237893235472
1,2030,123,130,0.9385824112487889
1,2030,123,172,0.011710218638347553
1,2030,123,180,0.03959413221962805
1,2030,124,162,1.0
1,2030,125,123,1.0
1,2030,126,155,1.0
1,2030,127,109,0.025616417262845
1,2030,127,137,0.974383582737155
1,2030,128,103,0.10185596337852706
1,2030,128,173,0.8367306085378473
1,2030,128,177,0.061413428083625536
1,2030,129,102,0.0731788573571574
1,2030,129,103,0.0825786153272658
1,2030,129,124,0.037479235686264836
1,2030,129,158,0.027459255465344952
1,2030,129,167,0.7611071340642361
1,2030,129,180,0.018196902099730995
1,2030,130,119,0.014510095749823137
1,2030,130,137,0.9619824462556404
1,2030,130,160,0.023507457994536497
1,2030,131,133,1.0
1,2030,132,117,0.061423885409939885
1,2030,132,119,0.9385761145900601
1,2030,133,104,1.0
1,2030,134,98,1.0
1,2030,135,140,0.01060577621071542
1,2030,135,149,0.901203638516239
1,2030,135,154,0.08819058527304564
1,2030,136,95,0.9088128917168077
1,2030,136,117,0.021309765384246736
1,2030,136,138,0.06987734289894554
1,2030,137,117,0.022472521261063853
1,2030,137,154,0.04691153406750654
1,2030,137,179,0.9306159446714296
1,2030,138,96,0.013104818702904938
1,2030,138,106,0.01916625648488603
1,2030,138,107,0.012000737653295967
1,2030,138,145,0.8767030274506626
1,2030,138,172,0.07902515970825046
1,2030,139,130,1.0
1,2030,140,109,1.0
1,2030,141,93,0.9004881158104587
1,2030,141,98,0.07561786972893011
1,2030,141,114,0.023894014460611186
1,2030,142,123,1.0
1,2030,143,125,0.031768761643768406
1,2030,143,149,0.050308252499173554
1,2030,143,162,0.8125402910550534
1,2030,143,176,0.09512303240688295
1,2030,143,177,0.01025966239512157
1,2030,144,120,0.03855060015990862
1,2030,144,134,0.017691668061069327
1,2030,144,152,0.07783052390598047
1,2030,144,176,0.01338936380746787
1,2030,144,178,0.8525378440655738
1,2030,145,108,0.03128358203022724
1,2030,145,114,0.010996475017226432
1,2030,145,162,0.9421666836698878
1,2030,145,180,0.015553259282658523
1,2030,146,93,0.09991383377703912
1,2030,146,146,0.0185942327315985
1,2030,146,158,0.04981648219898693
1,2030,146,169,0.8316754512923754
1,2030,147,169,1.0
1,2030,148,93,0.8696988846044823
1,2030,148,124,0.043117555952398245
1,2030,148,148,0.015536287557804942
1,2030,148,150,0.032009572440192695
1,2030,148,166,0.019569998327246575
1,2030,148,179,0.020067701117875175
1,2030,149,102,0.03767014731148527
1,2030,149,114,0.029025081630925664
1,2030,149,159,0.0230732682115072
1,2030,149,160,0.017619830592982156
1,2030,149,162,0.8800430497341302
1,2030,149,180,0.012568622518969503
1,2030,150,104,0.1899067191691899
1,2030,150,109,0.029811193380670793
1,2030,150,164,0.7802820874501393
1,2030,151,164,1.0
1,2030,152,104,0.9692991244004975
1,2030,152,158,0.01635772055379325
1,2030,152,180,0.014343155045709204
1,2030,153,104,0.025424109676023095
1,2030,153,109,0.02271492587457927
1,2030,153,110,0.023300364580700828
1,2030,153,111,0.7233532777646284
1,2030,153,119,0.08038793959963234
1,2030,153,133,0.08839851519150757
1,2030,153,138,0.0364208673129285
1,2030,154,101,0.07973493391528992
1,2030,154,156,0.04556526442437104
1,2030,154,162,0.8632673582106348
1,2030,154,174,0.011432443449704214
1,2030,155,116,0.791721786611744
1,2030,155,125,0.11536441154066844
1,2030,155,149,0.09291380184758759
1,2030,156,117,0.04370722557803134
1,2030,156,138,0.013465930871127362
1,2030,156,150,0.9428268435508412
1,2030,157,113,0.901153516525155
1,2030,157,117,0.015167550811141295
1,2030,157,148,0.06662869605051346
1,2030,157,150,0.0170502366131904
1,2030,158,166,1.0
1,2030,159,166,1.0
1,2030,160,103,0.042968378143531764
1,2030,160,113,0.926352527707425
1,2030,160,151,0.03067909414904318
1,2030,161,109,0.02112356247544218
1,2030,161,117,0.08277220603792122
1,2030,161,138,0.027750909791482467
1,2030,161,144,0.8304809085304246
1,2030,161,150,0.037872413164729626
1,2030,162,99,0.019867980846415355
1,2030,162,117,0.011093049808773996
1,2030,162,128,0.9483004019223633
1,2030,162,151,0.020738567422447417
1,2030,163,101,0.047628172437438075
1,2030,163,138,0.019057953581102422
1,2030,163,178,0.9333138739814596
1,2030,164,98,0.019983739401090057
1,2030,164,104,0.015838392760916878
1,2030,164,107,0.0636712739709796
1,2030,164,111,0.8807917486010064
1,2030,164,141,0.01971484526600709
1,2030,165,98,0.04305613925601525
1,2030,165,109,0.04349354697795073
1,2030,165,153,0.913450313766034
1,2030,166,166,1.0
1,2030,167,146,0.9882901300690984
1,2030,167,180,0.011709869930901685
1,2030,168,134,1.0
1,2030,169,141,1.0
1,2030,170,141,0.9496508238169197
1,2030,170,142,0.02760563013944976
1,2030,170,158,0.02274354604363053
1,2030,171,137,1.0
1,2030,172,103,0.033490397670187855
1,2030,172,109,0.021852245013222787
1,2030,172,124,0.01475496588902093
1,2030,172,125,0.2908575966008893
1,2030,172,149,0.5894366176211984
1,2030,172,169,0.021042894033282175
1,2030,172,177,0.028565283172198506
1,2030,173,124,1.0
1,2030,174,103,0.03050041319291256
1,2030,174,124,0.021834444660494515
1,2030,174,150,0.8829406757196745
1,2030,174,158,0.06472446642691844
1,2030,175,101,0.012381591411810312
1,2030,175,150,0.9737244462156641
1,2030,175,154,0.013893962372525524
1,2030,176,99,0.08354139488262634
1,2030,176,151,0.12002195112346369
1,2030,176,157,0.07855082453699583
1,2030,176,166,0.7178858294569141
1,2030,177,103,0.9165692420739308
1,2030,177,157,0.03621224901305927
1,2030,177,158,0.019735527735400084
1,2030,177,160,0.027482981177609975
1,2030,178,95,0.01956115837863908
1,2030,178,127,0.9580259367403249
1,2030,178,157,0.022412904881036054
1,2030,179,137,1.0
1,2030,180,137,0.9778245007861798
1,2030,180,180,0.022175499213820248
1,2030,181,155,1.0
1,2030,182,155,1.0
1,2030,183,118,1.0
1,2030,184,157,0.018537561343064918
1,2030,184,164,0.9565593198292704
1,2030,184,180,0.024903118827664553
1,2030,185,91,0.9737418823645698
1,2030,185,130,0.010679546258878571
1,2030,185,174,0.015578571376551663
1,2030,186,109,0.0759027322304577
1,2030,186,124,0.07936128774887323
1,2030,186,173,0.8447359800206691
1,2030,187,124,0.9628258781068755
1,2030,187,126,0.011759381608602236
1,2030,187,134,0.012176780780334254
1,2030,187,155,0.013237959504188055
1,2030,188,103,0.9587478931467118
1,2030,188,104,0.012505544128195241
1,2030,188,107,0.011357363883968312
1,2030,188,141,0.017389198841124578
1,2030,189,103,0.010955415522221939
1,2030,189,105,0.759317475444546
1,2030,189,109,0.02152221741874379
1,2030,189,124,0.013506862477748667
1,2030,189,140,0.05082396001862262
1,2030,189,142,0.015236358118242617
1,2030,189,146,0.011927564244644358
1,2030,189,147,0.01759139458226129
1,2030,189,157,0.04101796278339228
1,2030,189,158,0.02684970770542455
1,2030,189,165,0.03125108168415183
1,2030,190,91,1.0
1,2030,191,107,0.01577425696882337
1,2030,191,114,0.021047583329032126
1,2030,191,124,0.013887377464376162
1,2030,191,158,0.10862060196296279
1,2030,191,163,0.8406701802748056
1,2030,192,114,1.0
1,2030,193,118,0.0542462843301412
1,2030,193,141,0.046900449949396454
1,2030,193,173,0.8434526137950054
1,2030,193,180,0.05540065192545698
1,2030,194,107,0.012049182832963188
1,2030,194,118,0.025530003532221405
1,2030,194,179,0.9624208136348154
1,2030,195,95,0.04785801249545351
1,2030,195,145,0.030235631788864344
1,2030,195,166,0.012299379893740412
1,2030,195,179,0.9096069758219417
1,2030,196,93,0.9841486062595958
1,2030,196,114,0.015851393740404285
1,2030,197,125,0.038102164772135544
1,2030,197,141,0.8754800602422943
1,2030,197,180,0.08641777498557011
1,2030,198,141,0.9546698934786246
1,2030,198,180,0.04533010652137534
1,2030,199,107,0.11184894942837581
1,2030,199,125,0.8408036875068956
1,2030,199,148,0.03638436036840679
1,2030,199,149,0.010963002696321838
1,2030,200,117,0.026115670606607525
1,2030,200,148,0.01996073174228213
1,2030,200,158,0.9539235976511105
1,2030,201,107,0.921897070150958
1,2030,201,158,0.0199570622007478
1,2030,201,180,0.05814586764829419
1,2030,202,101,0.0317720701521078
1,2030,202,104,0.03612562022635988
1,2030,202,107,0.8652771010732885
1,2030,202,108,0.035114353641970776
1,2030,202,109,0.03171085490627306
1,2030,203,150,1.0
1,2030,204,124,1.0
1,2030,205,158,1.0
1,2030,206,132,1.0
1,2030,207,93,0.6974483500799705
1,2030,207,107,0.1310280105111899
1,2030,207,121,0.019761591354064238
1,2030,207,141,0.04113465004935081
1,2030,207,158,0.11062739800542451
1,2030,208,107,0.06745143794593036
1,2030,208,127,0.7929825009035102
1,2030,208,141,0.1395660611505595
1,2030,209,107,0.11053868690222507
1,2030,209,120,0.8395067979056798
1,2030,209,158,0.04995451519209502
1,2030,210,141,1.0
1,2030,211,91,1.0
1,2030,212,109,0.016515342467865724
1,2030,212,124,0.027778752259442974
1,2030,212,128,0.8952531863358947
1,2030,212,158,0.034425969534762
1,2030,212,180,0.026026749402034574
1,2030,213,121,1.0
1,2030,214,91,0.9602455762187875
1,2030,214,125,0.03975442378121243
1,2030,215,95,0.0602696262949047
1,2030,215,107,0.17848205058589947
1,2030,215,126,0.7461429595869536
1,2030,215,153,0.015105363532242223
1,2030,216,123,0.01856934247562469
1,2030,216,128,0.7878474715250289
1,2030,216,134,0.021960720019413828
1,2030,216,141,0.0374475168083205
1,2030,216,155,0.04163254028997367
1,2030,216,174,0.09254240888163844
1,2030,217,130,0.02101312597841213
1,2030,217,134,0.024115871993588115
1,2030,217,167,0.8888280976871828
1,2030,217,174,0.06604290434081686
1,2030,218,141,1.0
1,2030,219,91,1.0
1,2030,220,108,0.01805755305464872
1,2030,220,171,0.011738528871100072
1,2030,220,173,0.9702039180742512
1,2030,221,124,1.0
1,2030,222,114,0.9752585594468481
1,2030,222,180,0.024741440553151885
1,2030,223,118,0.023768952448415363
1,2030,223,120,0.8625714665880592
1,2030,223,125,0.04114209635408936
1,2030,223,141,0.06187559588588081
1,2030,223,180,0.010641888723555345
1,2030,224,101,0.012631722837991303
1,2030,224,104,0.012764581035899591
1,2030,224,141,0.9384297413425013
1,2030,224,171,0.036173954783607805
1,2030,225,107,0.02828995126563393
1,2030,225,148,0.03408843733651236
1,2030,225,149,0.9376216113978537
1,2030,226,148,1.0
1,2030,227,99,0.044486519391819954
1,2030,227,117,0.02413479971255558
1,2030,227,154,0.024124233316287828
1,2030,227,166,0.9072544475793366
1,2030,228,102,0.027174522368642144
1,2030,228,136,0.023416450534097955
1,2030,228,158,0.9227891178104373
1,2030,228,174,0.011259504488148202
1,2030,228,175,0.015360404798674562
1,2030,229,141,0.9147878307398098
1,2030,229,158,0.027077767065959164
1,2030,229,176,0.05813440219423091
1,2030,230,101,0.014096953230196396
1,2030,230,141,0.9859030467698037
1,2030,231,124,0.011014537503011622
1,2030,231,155,0.9712355228612319
1,2030,231,158,0.017749939635756384
1,2030,232,91,0.9028450298259829
1,2030,232,122,0.022125164890771407
1,2030,232,125,0.015776912280670945
1,2030,232,151,0.018118108461873783
1,2030,232,170,0.010551146437589143
1,2030,232,177,0.030583638103111804
1,2030,233,99,0.025321170947541154
1,2030,233,117,0.03146640227912857
1,2030,233,173,0.9432124267733303
1,2030,234,111,0.9047476157495986
1,2030,234,124,0.03389522003873772
1,2030,234,148,0.01936285174115018
1,2030,234,151,0.026472860794457553
1,2030,234,158,0.015521451676056047
1,2030,235,111,0.8858470107892018
1,2030,235,142,0.027304666617441065
1,2030,235,157,0.0381408091390432
1,2030,235,158,0.019024826029755474
1,2030,235,180,0.029682687424558336
1,2030,236,124,0.03347161495306747
1,2030,236,148,0.05214467085452908
1,2030,236,150,0.019156591482656925
1,2030,236,178,0.8952271227097466
1,2030,237,97,0.02498739432429685
1,2030,237,110,0.011008972899526638
1,2030,237,128,0.9510157874507607
1,2030,237,160,0.012987845325415965
1,2030,238,109,0.06209653658863407
1,2030,238,110,0.02543668205138323
1,2030,238,117,0.07346888450767992
1,2030,238,118,0.060944347499665666
1,2030,238,119,0.01313699878717439
1,2030,238,133,0.018501606896353127
1,2030,238,138,0.10079122299778738
1,2030,238,173,0.6456237206713222
1,2030,239,148,0.01697067603754479
1,2030,239,149,0.10154153390943696
1,2030,239,153,0.8526276569613978
1,2030,239,176,0.02886013309162041
1,2030,240,148,1.0
1,2030,241,99,0.02816592294715511
1,2030,241,117,0.053330120533029136
1,2030,241,148,0.03707460965210616
1,2030,241,158,0.027307357708171626
1,2030,241,166,0.854121989159538
1,2030,242,117,0.033776054176847425
1,2030,242,119,0.014405276088118025
1,2030,242,124,0.9518186697350345
1,2030,243,157,0.01433019270428825
1,2030,243,158,0.044945635820198955
1,2030,243,166,0.9212565131050837
1,2030,243,180,0.019467658370429113
1,2030,244,166,1.0
1,2030,245,146,1.0
1,2030,246,95,0.05034140231725803
1,2030,246,102,0.01051035069824347
1,2030,246,114,0.03781634581610751
1,2030,246,123,0.8771834973119895
1,2030,246,160,0.024148403856401428
1,2030,247,155,1.0
1,2030,248,116,0.5436620154269332
1,2030,248,122,0.1347034074785403
1,2030,248,133,0.13912191777294866
1,2030,248,151,0.038340604376326054
1,2030,248,157,0.03787562623016907
1,2030,248,175,0.0234348913695185
1,2030,248,177,0.022721517966046784
1,2030,248,180,0.06014001937951757
1,2030,249,92,1.0
1,2030,250,117,1.0
1,2030,251,101,0.10692420560012317
1,2030,251,103,0.06335319051929429
1,2030,251,113,0.011857653061725
1,2030,251,145,0.6992878711244097
1,2030,251,146,0.028300469095409172
1,2030,251,157,0.046570802906947324
1,2030,251,166,0.04370580769209135
1,2030,252,133,0.03839922187136957
1,2030,252,169,0.9616007781286304
1,2030,253,176,1.0
1,2030,254,101,0.01715759295182936
1,2030,254,103,0.027064407271886703
1,2030,254,136,0.013222498090465662
1,2030,254,155,0.9207199499930594
1,2030,254,177,0.021835551692758904
1,2030,255,155,0.010803865449757213
1,2030,255,178,0.9752995920924498
1,2030,255,180,0.013896542457792952
1,2030,256,101,0.09213904715721043
1,2030,256,104,0.06734700850095225
1,2030,256,108,0.040899104932427564
1,2030,256,116,0.7178960551205883
1,2030,256,154,0.042400040080315976
1,2030,256,176,0.0393187442085056
1,2030,257,101,0.06837386390056809
1,2030,257,102,0.017976005394152342
1,2030,257,106,0.06575003220872679
1,2030,257,112,0.8479000984965527
1,2030,258,103,0.05553182710266472
1,2030,258,105,0.7701851889859076
1,2030,258,113,0.016920152487710925
1,2030,258,124,0.011081297793932713
1,2030,258,143,0.010224527610607733
1,2030,258,146,0.03198803028926005
1,2030,258,150,0.03170686742788563
1,2030,258,166,0.04639820990674548
1,2030,258,169,0.0259638983952851
1,2030,259,109,0.0591491939839464
1,2030,259,142,0.013867798860323688
1,2030,259,167,0.9123266268702549
1,2030,259,169,0.014656380285475026
1,2030,260,97,0.011733257693043463
1,2030,260,100,0.012103651711071046
1,2030,260,110,0.012491630911215012
1,2030,260,160,0.025077301430341505
1,2030,260,163,0.9385941582543289
1,2030,261,96,1.0
1,2030,262,113,0.7334200700496725
1,2030,262,119,0.033552713833269514
1,2030,262,133,0.04409331676795983
1,2030,262,140,0.06562115865679649
1,2030,262,157,0.12331274069230164
1,2030,263,101,0.03712846200714709
1,2030,263,102,0.05609805512623928
1,2030,263,106,0.014747097474208576
1,2030,263,156,0.0475611488077126
1,2030,263,164,0.7867827046107875
1,2030,263,177,0.034278683883047154
1,2030,263,180,0.02340384809085768
1,2030,264,111,0.9346144745464323
1,2030,264,135,0.013834557941975823
1,2030,264,156,0.020062256135629737
1,2030,264,180,0.031488711375962056
1,2030,265,94,0.033211354280938625
1,2030,265,129,0.011448488376702084
1,2030,265,140,0.012281150353558437
1,2030,265,169,0.9103497493353762
1,2030,265,177,0.03270925765342469
1,2030,266,94,0.020278687078100474
1,2030,266,101,0.04382087844873686
1,2030,266,104,0.033887201386181565
1,2030,266,105,0.7908852313920897
1,2030,266,110,0.022929107504378307
1,2030,266,155,0.02737954247661495
1,2030,266,171,0.03828387201289676
1,2030,266,177,0.022535479701001365
1,2030,267,126,0.9607223291582041
1,2030,267,154,0.03927767084179594
1,2030,268,94,0.02049282009487702
1,2030,268,97,0.05344177757465264
1,2030,268,110,0.025693803615879068
1,2030,268,129,0.013924665776994088
1,2030,268,132,0.8276198685076191
1,2030,268,154,0.058827064429978114
1,2030,269,152,1.0
1,2030,270,155,1.0
1,2030,271,98,0.011255672427869854
1,2030,271,109,0.036536395228089144
1,2030,271,129,0.9417678258584442
1,2030,271,150,0.01044010648559673
1,2030,272,101,0.11357852810464535
1,2030,272,125,0.038225651160981006
1,2030,272,155,0.8481958207343736
1,2030,273,120,0.9421039382952604
1,2030,273,134,0.010857177162335361
1,2030,273,155,0.029622314648862037
1,2030,273,174,0.017416569893542264
1,2030,274,137,1.0
1,2030,275,125,0.8558541043817086
1,2030,275,171,0.04596869070354106
1,2030,275,177,0.09817720491475036
1,2030,276,122,0.01562897145234189
1,2030,276,151,0.024758651422456146
1,2030,276,157,0.044548031017396086
1,2030,276,177,0.01228872019687717
1,2030,276,179,0.9027756259109287
1,2030,277,93,0.825967086790734
1,2030,277,99,0.029034945172957977
1,2030,277,117,0.020733258086061603
1,2030,277,145,0.02108942841221666
1,2030,277,154,0.028039730447347946
1,2030,277,159,0.06159746287323068
1,2030,277,172,0.013538088217451139
1,2030,278,101,0.014474054448711058
1,2030,278,108,0.08744484884853722
1,2030,278,163,0.862712954044389
1,2030,278,180,0.035368142658362904
1,2030,279,103,1.0
1,2030,280,105,1.0
1,2030,281,94,0.0707837920605725
1,2030,281,140,0.04807397290975115
1,2030,281,149,0.793426870806466
1,2030,281,157,0.010273018848587336
1,2030,281,176,0.0774423453746231
1,2030,282,101,0.2586275659241079
1,2030,282,125,0.013960343944290247
1,2030,282,173,0.6513819990246409
1,2030,282,174,0.035178057804116855
1,2030,282,176,0.04085203330284412
1,2030,283,125,0.046505579353181274
1,2030,283,146,0.8914872302927257
1,2030,283,149,0.02059818809679695
1,2030,283,177,0.041409002257296046
1,2030,284,97,0.025682124609076463
1,2030,284,110,0.0457625543998794
1,2030,284,137,0.8413748553448401
1,2030,284,156,0.08718046564620398
1,2030,285,155,1.0
1,2030,286,109,0.018611974918145542
1,2030,286,122,0.016327540406070158
1,2030,286,125,0.8849669716089255
1,2030,286,146,0.016514614110256776
1,2030,286,157,0.01023601678133458
1,2030,286,176,0.05334288217526756
1,2030,287,136,1.0
1,2030,288,94,0.010983545265963644
1,2030,288,125,0.02801874346037317
1,2030,288,163,0.926113693336372
1,2030,288,177,0.03488401793729131
1,2030,289,169,0.9532217213827174
1,2030,289,177,0.046778278617282634
1,2030,290,105,0.6071488802532125
1,2030,290,114,0.32444554263180203
1,2030,290,142,0.06840557711498559
1,2030,291,94,0.012795852827318205
1,2030,291,126,0.9731479487073672
1,2030,291,140,0.014056198465314656
1,2030,292,124,0.01562968979100674
1,2030,292,133,0.03304674645591076
1,2030,292,144,0.812037289008742
1,2030,292,147,0.02381533403315107
1,2030,292,158,0.07974131579339579
1,2030,292,165,0.03572962491779376
1,2030,293,99,0.03975154666929096
1,2030,293,117,0.015750595494109718
1,2030,293,151,0.02280829819812242
1,2030,293,154,0.011618797305293438
1,2030,293,169,0.9100707623331835
1,2030,294,100,0.010907367804828507
1,2030,294,114,0.024810040245677976
1,2030,294,144,0.9106026760052357
1,2030,294,145,0.01758479433204609
1,2030,294,159,0.036095121612211734
1,2030,295,93,0.02135958305700082
1,2030,295,105,0.030596700598354263
1,2030,295,119,0.0144549102628449
1,2030,295,120,0.7262527549873502
1,2030,295,133,0.04817398033041717
1,2030,295,142,0.13125265274267003
1,2030,295,159,0.027909418021362556
1,2030,296,109,0.25665196672518553
1,2030,296,117,0.13271358068165287
1,2030,296,122,0.4630764882084154
1,2030,296,140,0.04575965251311938
1,2030,296,150,0.10179831187162684
1,2030,297,99,0.10968563181875121
1,2030,297,154,0.029500949701392207
1,2030,297,168,0.8608134184798566
1,2030,298,106,1.0
1,2030,299,93,0.2331127653779972
1,2030,299,119,0.17771340760273108
1,2030,299,146,0.02082230795454444
1,2030,299,160,0.017173548678603743
1,2030,299,168,0.5511779703861237
1,2030,300,108,0.02497379250225212
1,2030,300,131,0.9317738224427903
1,2030,300,172,0.04325238505495757
1,2030,301,96,0.02120243255113415
1,2030,301,102,0.013008190309768478
1,2030,301,103,0.07262793770855432
1,2030,301,143,0.7283405246607493
1,2030,301,144,0.013876390950509
1,2030,301,151,0.12107124738205077
1,2030,301,157,0.029873276437234034
1,2030,302,101,0.23592861997325681
1,2030,302,103,0.04105394898097327
1,2030,302,115,0.4236976268885838
1,2030,302,136,0.10504764402609323
1,2030,302,146,0.042742912265008426
1,2030,302,176,0.15152924786608452
1,2030,303,105,0.013429683328653508
1,2030,303,142,0.03391946166556167
1,2030,303,163,0.9526508550057848
1,2030,304,107,0.014826732690259376
1,2030,304,114,0.03196103679360829
1,2030,304,170,0.9380338988436003
1,2030,304,172,0.015178331672531983
1,2030,305,144,1.0
1,2030,306,108,0.028142493358133975
1,2030,306,110,0.014293461598559347
1,2030,306,118,0.08371573215556258
1,2030,306,125,0.05759980422276979
1,2030,306,132,0.013429392745786143
1,2030,306,139,0.7289358089939477
1,2030,306,149,0.03734308594141336
1,2030,306,171,0.036540220983826976
1,2030,307,100,1.0
1,2030,308,101,0.07906763233581214
1,2030,308,109,0.0705086328706351
1,2030,308,125,0.09234909239923486
1,2030,308,126,0.07815620890814526
1,2030,308,171,0.6799184334861726
1,2030,309,103,0.011131321641138591
1,2030,309,127,0.9558186406486946
1,2030,309,151,0.018109164958858486
1,2030,309,157,0.014940872751308292
1,2030,310,120,0.8716729137622385
1,2030,310,156,0.07896475870735083
1,2030,310,180,0.04936232753041066
1,2030,311,94,0.013689179723736412
1,2030,311,137,0.8883747778784896
1,2030,311,151,0.012801136378536488
1,2030,311,157,0.026089527274899757
1,2030,311,175,0.015246436874090408
1,2030,311,177,0.0270979514956479
1,2030,311,180,0.016700990374599455
1,2030,312,131,0.948262683100418
1,2030,312,146,0.011876635929115293
1,2030,312,158,0.03986068097046677
1,2030,313,105,0.036344288562788735
1,2030,313,112,0.02516828675550002
1,2030,313,114,0.1742834263854129
1,2030,313,127,0.013248451416798262
1,2030,313,174,0.024142841111923122
1,2030,313,175,0.726812705767577
1,2030,314,110,0.8506960147105175
1,2030,314,140,0.030492466517166576
1,2030,314,151,0.03948882815037857
1,2030,314,165,0.014960820906273308
1,2030,314,180,0.06436186971566406
1,2030,315,97,0.023206911002026005
1,2030,315,154,0.07942498296477259
1,2030,315,171,0.7849388109488507
1,2030,315,172,0.11242929508435072
1,2030,316,110,0.01976253631134754
1,2030,316,156,0.019054433265985753
1,2030,316,168,0.9273615801938719
1,2030,316,180,0.03382145022879481
1,2030,317,94,0.15848477226016566
1,2030,317,99,0.011012544377086805
1,2030,317,101,0.044929580598584054
1,2030,317,117,0.04714840954766966
1,2030,317,138,0.141536771883923
1,2030,317,140,0.04480305400257762
1,2030,317,170,0.5520848673299933
1,2030,318,95,0.8386645091995605
1,2030,318,102,0.04180377866057686
1,2030,318,142,0.03589242905199406
1,2030,318,157,0.0836392830878686
1,2030,319,139,0.8588178425481999
1,2030,319,156,0.04314872330125383
1,2030,319,160,0.07786238636923953
1,2030,319,180,0.020171047781306618
1,2030,320,94,1.0
1,2030,321,101,0.04988815284196334
1,2030,321,172,0.9501118471580366
1,2030,322,102,0.23650176051915234
1,2030,322,112,0.025940089067552314
1,2030,322,114,0.04419785345329608
1,2030,322,136,0.10885911803277029
1,2030,322,139,0.24509629484224865
1,2030,322,142,0.025178180361383685
1,2030,322,144,0.03683416105432201
1,2030,322,145,0.014353965983804843
1,2030,322,151,0.03074427424797441
1,2030,322,159,0.042204896306075296
1,2030,322,160,0.19008940613142017
1,2030,323,101,0.03656598599536457
1,2030,323,102,0.029995316184169764
1,2030,323,103,0.03576078571917445
1,2030,323,151,0.08719842379257531
1,2030,323,157,0.036712492619299306
1,2030,323,170,0.010464445695453404
1,2030,323,173,0.5699428626522245
1,2030,323,177,0.18308988359340392
1,2030,323,180,0.01026980374833476
1,2030,324,102,0.04661546698406952
1,2030,324,147,0.7569854167105887
1,2030,324,151,0.04116683130254412
1,2030,324,157,0.15523228500279768
1,2030,325,133,0.05549509491454282
1,2030,325,150,0.06043414667195354
1,2030,325,161,0.8178548251389128
1,2030,325,166,0.025625174980171465
1,2030,325,169,0.040590758294419375
1,2030,326,95,0.019066209566444666
1,2030,326,106,0.01924285122358142
1,2030,326,118,0.042744071298356785
1,2030,326,159,0.7889732358700031
1,2030,326,160,0.10753873341680975
1,2030,326,174,0.02243489862480431
1,2030,327,108,0.9633102436393304
1,2030,327,180,0.036689756360669575
1,2030,328,93,0.827027685964144
1,2030,328,102,0.05311346179993881
1,2030,328,151,0.062032566454548514
1,2030,328,157,0.057826285781368794
1,2030,329,94,0.02032119629794994
1,2030,329,122,0.6624856753350097
1,2030,329,140,0.0176047286347988
1,2030,329,156,0.09117966742540928
1,2030,329,172,0.015845678001822582
1,2030,329,177,0.19256305430500956
1,2030,330,103,0.03366227426442259
1,2030,330,126,0.01781323845196975
1,2030,330,136,0.011867554374729949
1,2030,330,146,0.01228146865219777
1,2030,330,161,0.8596352376736726
1,2030,330,163,0.014540402595167852
1,2030,330,177,0.03404800358485495
1,2030,330,180,0.016151820402984633
1,2030,331,115,0.9799007211072577
1,2030,331,140,0.020099278892742354
1,2030,332,115,0.5490818573098626
1,2030,332,120,0.027210686256060816
1,2030,332,133,0.13847520395262217
1,2030,332,142,0.08590130434057111
1,2030,332,159,0.04879159753942983
1,2030,332,165,0.046656361479024994
1,2030,332,175,0.039813831102142025
1,2030,332,180,0.06406915802028652
1,2030,333,97,0.03269763650916559
1,2030,333,110,0.0938996760727364
1,2030,333,118,0.021486463695580816
1,2030,333,133,0.07470642837547867
1,2030,333,140,0.03927371650870551
1,2030,333,165,0.04752731847666919
1,2030,333,172,0.6904087603616639
1,2030,334,99,0.02138184558665231
1,2030,334,115,0.8278829425525344
1,2030,334,151,0.08963871716769034
1,2030,334,157,0.06109649469312301
1,2030,335,103,0.8366383035880475
1,2030,335,151,0.019385379685082645
1,2030,335,157,0.1439763167268698
1,2030,336,144,0.7983227029901182
1,2030,336,177,0.11174165315738006
1,2030,336,180,0.08993564385250166
1,2030,337,96,0.034241458627620756
1,2030,337,101,0.027900178614170632
1,2030,337,102,0.01830888145816797
1,2030,337,103,0.027938728766052134
1,2030,337,161,0.8783740298756708
1,2030,337,177,0.013236722658317848
1,2030,338,151,0.02423497929351588
1,2030,338,168,0.9757650207064841
1,2030,339,98,0.015879402039553438
1,2030,339,114,0.07713300179690079
1,2030,339,158,0.03192968270178729
1,2030,339,159,0.8366939339612461
1,2030,339,180,0.03836397950051243
1,2030,340,175,0.014216046998189614
1,2030,340,177,0.9415375691286593
1,2030,340,180,0.04424638387315115
1,2030,341,156,0.12230916648897394
1,2030,341,175,0.6995934144553273
1,2030,341,180,0.17809741905569887
1,2030,342,109,0.034489364573604714
1,2030,342,175,0.9655106354263953
1,2030,343,122,0.8953697284454404
1,2030,343,151,0.07854910600208434
1,2030,343,157,0.02608116555247528
1,2030,344,138,0.025693531278959337
1,2030,344,139,0.9240799671159685
1,2030,344,150,0.011681365134859149
1,2030,344,151,0.03854513647021294
1,2030,345,139,0.9406821406153957
1,2030,345,152,0.01285157164415606
1,2030,345,180,0.046466287740448184
1,2030,346,109,0.033381998469932346
1,2030,346,125,0.030829274935816615
1,2030,346,149,0.022210288542253678
1,2030,346,170,0.9035246121188198
1,2030,346,177,0.01005382593317755
1,2030,347,124,0.05376879584994319
1,2030,347,148,0.014578915473819693
1,2030,347,150,0.01664353322298838
1,2030,347,158,0.031908793748170315
1,2030,347,166,0.015896033938746508
1,2030,347,168,0.8672039277663318
1,2030,348,101,0.030792508154671838
1,2030,348,103,0.0484886371194282
1,2030,348,124,0.1526888704636262
1,2030,348,166,0.04461373779357105
1,2030,348,168,0.7234162464687026
1,2030,349,157,1.0
1,2030,350,117,0.016869206203182118
1,2030,350,138,0.01597349732936359
1,2030,350,154,0.016417637394395817
1,2030,350,177,0.9507396590730585
1,2030,351,95,0.01011237378163906
1,2030,351,96,0.016183582630888753
1,2030,351,102,0.05132832743559529
1,2030,351,106,0.023627563236747275
1,2030,351,115,0.818744752548034
1,2030,351,172,0.0800034003670957
1,2030,352,103,0.06730199897644179
1,2030,352,124,0.025481263311135777
1,2030,352,146,0.03192982016919425
1,2030,352,157,0.038460324678394615
1,2030,352,158,0.041035490830851264
1,2030,352,166,0.019829946679660898
1,2030,352,170,0.7759611553543214
1,2030,353,102,1.0
1,2030,354,122,0.7797983909546914
1,2030,354,125,0.049649673690699524
1,2030,354,177,0.10008963121158468
1,2030,354,180,0.07046230414302443
1,2030,355,103,0.2001116713801101
1,2030,355,124,0.11221033128864452
1,2030,355,147,0.021786343209492454
1,2030,355,151,0.19515298741294224
1,2030,355,168,0.4141995632283542
1,2030,355,170,0.05653910348045641
1,2030,356,99,1.0
1,2030,357,99,1.0
1,2030,358,99,1.0
1,2030,359,99,0.8472505163495871
1,2030,359,156,0.04730092484413433
1,2030,359,172,0.10544855880627861
1,2030,360,154,1.0
1,2030,361,151,1.0
1,2030,362,154,0.07189172201004725
1,2030,362,168,0.9281082779899528
1,2030,363,151,1.0
1,2030,364,99,0.9200690171987731
1,2030,364,151,0.07993098280122692
1,2030,365,99,0.8644565777946539
1,2030,365,117,0.13554342220534613
