rep_period,timestep,year,profile_name,value
1,1,2030,demand,0.7058839781534435
1,1,2030,wind_onshore,0.32505599423386805
2,1,2030,demand,0.6863047286673317
2,1,2030,wind_onshore,0.6831840536875587
3,1,2030,demand,0.6630041978620721
3,1,2030,wind_onshore,0.5296647021759312
4,1,2030,demand,0.5380614110237135
4,1,2030,wind_onshore,0.6615510783598957
5,1,2030,demand,0.5678809857368301
5,1,2030,wind_onshore,0.4643969999302538
6,1,2030,demand,0.5645519309770916
6,1,2030,wind_onshore,0.30961999774254134
