rep_period,timestep,year,scenario,profile_name,value
1,1,2030,0,demand,0.5295925302678811
1,2,2030,0,demand,0.5297662111077294
1,3,2030,0,demand,0.5267759800717382
1,4,2030,0,demand,0.51444540112381
1,5,2030,0,demand,0.5287461145012938
1,6,2030,0,demand,0.546565816718199
1,7,2030,0,demand,0.5624496353709619
1,8,2030,0,demand,0.5912016369537447
1,9,2030,0,demand,0.640125452420159
1,10,2030,0,demand,0.6827812254068909
1,11,2030,0,demand,0.7114551248685335
1,12,2030,0,demand,0.7111086042632928
1,13,2030,0,demand,0.693988924690151
1,14,2030,0,demand,0.6949159080970682
1,15,2030,0,demand,0.686128602597421
1,16,2030,0,demand,0.6857984102156198
1,17,2030,0,demand,0.6892281325838704
1,18,2030,0,demand,0.6766477374913052
1,19,2030,0,demand,0.6733293190813937
1,20,2030,0,demand,0.6692657736743649
1,21,2030,0,demand,0.6490401075369602
1,22,2030,0,demand,0.6123382418670948
1,23,2030,0,demand,0.5560381809168633
1,24,2030,0,demand,0.5465683821304228
1,1,2030,0,hydro_inflow,0.3077121448772164
1,2,2030,0,hydro_inflow,0.30700000454052134
1,3,2030,0,hydro_inflow,0.3071255276289076
1,4,2030,0,hydro_inflow,0.31027263106491865
1,5,2030,0,hydro_inflow,0.3118973109985864
1,6,2030,0,hydro_inflow,0.3087449898196773
1,7,2030,0,hydro_inflow,0.30831507626213844
1,8,2030,0,hydro_inflow,0.30333557787772153
1,9,2030,0,hydro_inflow,0.2998974797136745
1,10,2030,0,hydro_inflow,0.3023600453650559
1,11,2030,0,hydro_inflow,0.30514721915080245
1,12,2030,0,hydro_inflow,0.30645324828067727
1,13,2030,0,hydro_inflow,0.3086642800702659
1,14,2030,0,hydro_inflow,0.31168449887756894
1,15,2030,0,hydro_inflow,0.3146330929412411
1,16,2030,0,hydro_inflow,0.3118594928973191
1,17,2030,0,hydro_inflow,0.3100442845783849
1,18,2030,0,hydro_inflow,0.3105670273346738
1,19,2030,0,hydro_inflow,0.3139866765129061
1,20,2030,0,hydro_inflow,0.31219852274222837
1,21,2030,0,hydro_inflow,0.3113935297345303
1,22,2030,0,hydro_inflow,0.3094417556617719
1,23,2030,0,hydro_inflow,0.3075240787381818
1,24,2030,0,hydro_inflow,0.3040629230010076
1,1,2030,0,solar,0.0
1,2,2030,0,solar,0.0
1,3,2030,0,solar,0.0
1,4,2030,0,solar,0.0
1,5,2030,0,solar,0.0
1,6,2030,0,solar,0.0
1,7,2030,0,solar,0.004874710954915845
1,8,2030,0,solar,0.08617289934768185
1,9,2030,0,solar,0.2096658228695905
1,10,2030,0,solar,0.32024906279056214
1,11,2030,0,solar,0.3865115778830558
1,12,2030,0,solar,0.4311138509124298
1,13,2030,0,solar,0.4364263956295277
1,14,2030,0,solar,0.41239188351035316
1,15,2030,0,solar,0.3755936194863929
1,16,2030,0,solar,0.31612014220243295
1,17,2030,0,solar,0.23085140559250023
1,18,2030,0,solar,0.12871139307048618
1,19,2030,0,solar,0.036937194480634095
1,20,2030,0,solar,7.00688561869307e-6
1,21,2030,0,solar,0.0
1,22,2030,0,solar,0.0
1,23,2030,0,solar,0.0
1,24,2030,0,solar,0.0
1,1,2030,0,wind_offshore,0.32695836498965086
1,2,2030,0,wind_offshore,0.31076947854259696
1,3,2030,0,wind_offshore,0.2871204188565194
1,4,2030,0,wind_offshore,0.24643203594524685
1,5,2030,0,wind_offshore,0.23747027528376702
1,6,2030,0,wind_offshore,0.24768772217362556
1,7,2030,0,wind_offshore,0.2957587161009997
1,8,2030,0,wind_offshore,0.34542544907945616
1,9,2030,0,wind_offshore,0.380903822043583
1,10,2030,0,wind_offshore,0.4207491203220919
1,11,2030,0,wind_offshore,0.44227032558215734
1,12,2030,0,wind_offshore,0.4013037432757202
1,13,2030,0,wind_offshore,0.4174062308651649
1,14,2030,0,wind_offshore,0.4699166068673962
1,15,2030,0,wind_offshore,0.5125145507999637
1,16,2030,0,wind_offshore,0.5331715081969899
1,17,2030,0,wind_offshore,0.5589358078458448
1,18,2030,0,wind_offshore,0.5680813188893686
1,19,2030,0,wind_offshore,0.5669928181601416
1,20,2030,0,wind_offshore,0.5834315363800343
1,21,2030,0,wind_offshore,0.6044217357116417
1,22,2030,0,wind_offshore,0.5953847419898186
1,23,2030,0,wind_offshore,0.5217937148714946
1,24,2030,0,wind_offshore,0.4979562689743187
1,1,2030,0,wind_onshore,0.18437859582371033
1,2,2030,0,wind_onshore,0.18058901568796734
1,3,2030,0,wind_onshore,0.1702417418665949
1,4,2030,0,wind_onshore,0.16099172274657716
1,5,2030,0,wind_onshore,0.1568890684039331
1,6,2030,0,wind_onshore,0.15398703450572768
1,7,2030,0,wind_onshore,0.1488456915056446
1,8,2030,0,wind_onshore,0.1472823794673552
1,9,2030,0,wind_onshore,0.14599941451090803
1,10,2030,0,wind_onshore,0.1458554325757706
1,11,2030,0,wind_onshore,0.12849048109139502
1,12,2030,0,wind_onshore,0.12013854971857406
1,13,2030,0,wind_onshore,0.12758038567850252
1,14,2030,0,wind_onshore,0.14551851774067723
1,15,2030,0,wind_onshore,0.1640650802412047
1,16,2030,0,wind_onshore,0.18748340849692113
1,17,2030,0,wind_onshore,0.1995618246757127
1,18,2030,0,wind_onshore,0.2141285103505372
1,19,2030,0,wind_onshore,0.20247462999553417
1,20,2030,0,wind_onshore,0.179694270467856
1,21,2030,0,wind_onshore,0.16968628287625745
1,22,2030,0,wind_onshore,0.16871050768696616
1,23,2030,0,wind_onshore,0.13129257399097094
1,24,2030,0,wind_onshore,0.13750847005968506
2,1,2030,0,demand,0.5177055535132711
2,2,2030,0,demand,0.5037753969535341
2,3,2030,0,demand,0.48721418217821905
2,4,2030,0,demand,0.4801612631817881
2,5,2030,0,demand,0.48504623788664203
2,6,2030,0,demand,0.518415611781766
2,7,2030,0,demand,0.5609346921802689
2,8,2030,0,demand,0.6192799717044791
2,9,2030,0,demand,0.6454319959845229
2,10,2030,0,demand,0.6747385273559645
2,11,2030,0,demand,0.6894197642830426
2,12,2030,0,demand,0.6876029913099714
2,13,2030,0,demand,0.667679451519816
2,14,2030,0,demand,0.6546827445188621
2,15,2030,0,demand,0.6341267158065143
2,16,2030,0,demand,0.6248523605297372
2,17,2030,0,demand,0.6338796525653181
2,18,2030,0,demand,0.6521734490663887
2,19,2030,0,demand,0.6639456269989492
2,20,2030,0,demand,0.6897669391967534
2,21,2030,0,demand,0.6954323003265791
2,22,2030,0,demand,0.6566887774744441
2,23,2030,0,demand,0.6062177101605317
2,24,2030,0,demand,0.5778679894668176
2,1,2030,0,hydro_inflow,0.6358569546418619
2,2,2030,0,hydro_inflow,0.6336747681539838
2,3,2030,0,hydro_inflow,0.6407039897962669
2,4,2030,0,hydro_inflow,0.6366153341256371
2,5,2030,0,hydro_inflow,0.6258081417865826
2,6,2030,0,hydro_inflow,0.6340784717365847
2,7,2030,0,hydro_inflow,0.6396717705110198
2,8,2030,0,hydro_inflow,0.6346515894812625
2,9,2030,0,hydro_inflow,0.6407719971694205
2,10,2030,0,hydro_inflow,0.6493460507032431
2,11,2030,0,hydro_inflow,0.6446154334082462
2,12,2030,0,hydro_inflow,0.6339807514257862
2,13,2030,0,hydro_inflow,0.6311790531793778
2,14,2030,0,hydro_inflow,0.6359291834095162
2,15,2030,0,hydro_inflow,0.6411005151857233
2,16,2030,0,hydro_inflow,0.6396582764559909
2,17,2030,0,hydro_inflow,0.632773580162816
2,18,2030,0,hydro_inflow,0.627143434448297
2,19,2030,0,hydro_inflow,0.6367937872578703
2,20,2030,0,hydro_inflow,0.6401026432689961
2,21,2030,0,hydro_inflow,0.6387049919916569
2,22,2030,0,hydro_inflow,0.6321646407383266
2,23,2030,0,hydro_inflow,0.6289412932499882
2,24,2030,0,hydro_inflow,0.6259575714363611
2,1,2030,0,solar,0.0
2,2,2030,0,solar,0.0
2,3,2030,0,solar,0.0
2,4,2030,0,solar,0.0
2,5,2030,0,solar,0.0
2,6,2030,0,solar,0.0
2,7,2030,0,solar,0.0
2,8,2030,0,solar,0.0
2,9,2030,0,solar,0.03860697925850608
2,10,2030,0,solar,0.1568028175659564
2,11,2030,0,solar,0.26645115478826503
2,12,2030,0,solar,0.33687835338438843
2,13,2030,0,solar,0.3783732992297362
2,14,2030,0,solar,0.3810126350115212
2,15,2030,0,solar,0.3309490135984206
2,16,2030,0,solar,0.24915532222249726
2,17,2030,0,solar,0.12864108990349715
2,18,2030,0,solar,0.0034801372186177753
2,19,2030,0,solar,0.0
2,20,2030,0,solar,0.0
2,21,2030,0,solar,0.0
2,22,2030,0,solar,0.0
2,23,2030,0,solar,0.0
2,24,2030,0,solar,0.0
2,1,2030,0,wind_offshore,0.38516095775783243
2,2,2030,0,wind_offshore,0.5551590826502211
2,3,2030,0,wind_offshore,0.6114202144394698
2,4,2030,0,wind_offshore,0.51556844939485
2,5,2030,0,wind_offshore,0.5303612328932267
2,6,2030,0,wind_offshore,0.5375642627462371
2,7,2030,0,wind_offshore,0.38038650186648926
2,8,2030,0,wind_offshore,0.2513809944564074
2,9,2030,0,wind_offshore,0.2362381022160088
2,10,2030,0,wind_offshore,0.33403373623358046
2,11,2030,0,wind_offshore,0.3513203398454132
2,12,2030,0,wind_offshore,0.3029028681220214
2,13,2030,0,wind_offshore,0.24009795753738858
2,14,2030,0,wind_offshore,0.2318385700023794
2,15,2030,0,wind_offshore,0.17487650543360578
2,16,2030,0,wind_offshore,0.15997739544989345
2,17,2030,0,wind_offshore,0.200788298278075
2,18,2030,0,wind_offshore,0.19709544962623365
2,19,2030,0,wind_offshore,0.20662002929226342
2,20,2030,0,wind_offshore,0.23514257367751107
2,21,2030,0,wind_offshore,0.23841709568113117
2,22,2030,0,wind_offshore,0.21124890231508492
2,23,2030,0,wind_offshore,0.166469529217123
2,24,2030,0,wind_offshore,0.16587773537734984
2,1,2030,0,wind_onshore,0.2195393114004904
2,2,2030,0,wind_onshore,0.22893881656531942
2,3,2030,0,wind_onshore,0.24099480729774622
2,4,2030,0,wind_onshore,0.2534533122940724
2,5,2030,0,wind_onshore,0.2687213917224992
2,6,2030,0,wind_onshore,0.2915267374407094
2,7,2030,0,wind_onshore,0.31324104604332154
2,8,2030,0,wind_onshore,0.3238183019390128
2,9,2030,0,wind_onshore,0.32477493563315574
2,10,2030,0,wind_onshore,0.3281166951003566
2,11,2030,0,wind_onshore,0.3116442755464076
2,12,2030,0,wind_onshore,0.34601239643228177
2,13,2030,0,wind_onshore,0.37070397164441077
2,14,2030,0,wind_onshore,0.37656375016989374
2,15,2030,0,wind_onshore,0.370970576476551
2,16,2030,0,wind_onshore,0.3555481645525488
2,17,2030,0,wind_onshore,0.32580263692928507
2,18,2030,0,wind_onshore,0.33291638203476104
2,19,2030,0,wind_onshore,0.33790432597155706
2,20,2030,0,wind_onshore,0.34436318227148444
2,21,2030,0,wind_onshore,0.3450881905261887
2,22,2030,0,wind_onshore,0.33531299916955054
2,23,2030,0,wind_onshore,0.29989985671604524
2,24,2030,0,wind_onshore,0.28710570366635996
3,1,2030,0,demand,0.4505524161915219
3,2,2030,0,demand,0.45148125595433936
3,3,2030,0,demand,0.4423189516400325
3,4,2030,0,demand,0.433873213812949
3,5,2030,0,demand,0.4523435619707737
3,6,2030,0,demand,0.48631362496611297
3,7,2030,0,demand,0.5272716516398301
3,8,2030,0,demand,0.5563274893149188
3,9,2030,0,demand,0.56883751715811
3,10,2030,0,demand,0.5828765345948238
3,11,2030,0,demand,0.5822830453822857
3,12,2030,0,demand,0.587985774019295
3,13,2030,0,demand,0.588974479177958
3,14,2030,0,demand,0.5862764263576494
3,15,2030,0,demand,0.5798612245687009
3,16,2030,0,demand,0.5893550945284208
3,17,2030,0,demand,0.5808834183989249
3,18,2030,0,demand,0.5932934378552135
3,19,2030,0,demand,0.6025168130894529
3,20,2030,0,demand,0.597189240295584
3,21,2030,0,demand,0.5872189953643943
3,22,2030,0,demand,0.5510704732537635
3,23,2030,0,demand,0.5037465630281158
3,24,2030,0,demand,0.50193553026692
3,1,2030,0,hydro_inflow,0.3154858542084605
3,2,2030,0,hydro_inflow,0.3181148634101131
3,3,2030,0,hydro_inflow,0.31426952702799515
3,4,2030,0,hydro_inflow,0.31452857082576496
3,5,2030,0,hydro_inflow,0.3094809665563752
3,6,2030,0,hydro_inflow,0.3124030965408785
3,7,2030,0,hydro_inflow,0.31027854295839036
3,8,2030,0,hydro_inflow,0.30970003419538356
3,9,2030,0,hydro_inflow,0.3141333681911657
3,10,2030,0,hydro_inflow,0.30718534264072067
3,11,2030,0,hydro_inflow,0.30825774739809464
3,12,2030,0,hydro_inflow,0.30767336390209377
3,13,2030,0,hydro_inflow,0.3014208679481916
3,14,2030,0,hydro_inflow,0.297359198008525
3,15,2030,0,hydro_inflow,0.2980857582182268
3,16,2030,0,hydro_inflow,0.3012676478749331
3,17,2030,0,hydro_inflow,0.3054175841360524
3,18,2030,0,hydro_inflow,0.30409118235698107
3,19,2030,0,hydro_inflow,0.3011921565553683
3,20,2030,0,hydro_inflow,0.29819695951971076
3,21,2030,0,hydro_inflow,0.297155989481291
3,22,2030,0,hydro_inflow,0.3006800458744684
3,23,2030,0,hydro_inflow,0.29524713743230574
3,24,2030,0,hydro_inflow,0.29367142956604897
3,1,2030,0,solar,0.0
3,2,2030,0,solar,0.0
3,3,2030,0,solar,0.0
3,4,2030,0,solar,0.0
3,5,2030,0,solar,0.0
3,6,2030,0,solar,0.0
3,7,2030,0,solar,0.0
3,8,2030,0,solar,0.04979230992025408
3,9,2030,0,solar,0.18179208335267685
3,10,2030,0,solar,0.3234892352369559
3,11,2030,0,solar,0.41354332696739887
3,12,2030,0,solar,0.4729623985867037
3,13,2030,0,solar,0.48826205587234306
3,14,2030,0,solar,0.4698719978921975
3,15,2030,0,solar,0.3990703489328915
3,16,2030,0,solar,0.2935431496094077
3,17,2030,0,solar,0.15756458713794097
3,18,2030,0,solar,0.03733019066258226
3,19,2030,0,solar,0.0
3,20,2030,0,solar,0.0
3,21,2030,0,solar,0.0
3,22,2030,0,solar,0.0
3,23,2030,0,solar,0.0
3,24,2030,0,solar,0.0
3,1,2030,0,wind_offshore,0.040159369063965514
3,2,2030,0,wind_offshore,0.041583865223769605
3,3,2030,0,wind_offshore,0.03700647515401523
3,4,2030,0,wind_offshore,0.031022074701583652
3,5,2030,0,wind_offshore,0.03244811452571395
3,6,2030,0,wind_offshore,0.04753982800583018
3,7,2030,0,wind_offshore,0.07004210203466503
3,8,2030,0,wind_offshore,0.09975607966531334
3,9,2030,0,wind_offshore,0.14927032260230544
3,10,2030,0,wind_offshore,0.22446601593334692
3,11,2030,0,wind_offshore,0.22250984123650847
3,12,2030,0,wind_offshore,0.24779763213810077
3,13,2030,0,wind_offshore,0.2814147907993678
3,14,2030,0,wind_offshore,0.2975449395860815
3,15,2030,0,wind_offshore,0.26897876507671176
3,16,2030,0,wind_offshore,0.2482493764063633
3,17,2030,0,wind_offshore,0.25151985172569324
3,18,2030,0,wind_offshore,0.28108336137034307
3,19,2030,0,wind_offshore,0.3611072056417743
3,20,2030,0,wind_offshore,0.42184442631384667
3,21,2030,0,wind_offshore,0.42881903544613026
3,22,2030,0,wind_offshore,0.44861448196812137
3,23,2030,0,wind_offshore,0.3930868426217487
3,24,2030,0,wind_offshore,0.4250949798505116
3,1,2030,0,wind_onshore,0.0660601754529634
3,2,2030,0,wind_onshore,0.06361640913354612
3,3,2030,0,wind_onshore,0.06308437750616672
3,4,2030,0,wind_onshore,0.0635479150713232
3,5,2030,0,wind_onshore,0.06600290858298015
3,6,2030,0,wind_onshore,0.06696507645968099
3,7,2030,0,wind_onshore,0.06507625069295583
3,8,2030,0,wind_onshore,0.06396528220218894
3,9,2030,0,wind_onshore,0.061019804701222424
3,10,2030,0,wind_onshore,0.045574566692373274
3,11,2030,0,wind_onshore,0.05009672537481849
3,12,2030,0,wind_onshore,0.05176965337282023
3,13,2030,0,wind_onshore,0.05277272884339961
3,14,2030,0,wind_onshore,0.061008890058042095
3,15,2030,0,wind_onshore,0.07048787881773148
3,16,2030,0,wind_onshore,0.07873054564162103
3,17,2030,0,wind_onshore,0.08115391783724075
3,18,2030,0,wind_onshore,0.08212192046324349
3,19,2030,0,wind_onshore,0.09243016811228345
3,20,2030,0,wind_onshore,0.09744864016183989
3,21,2030,0,wind_onshore,0.10068718878811098
3,22,2030,0,wind_onshore,0.10121332044150973
3,23,2030,0,wind_onshore,0.09181334154722577
3,24,2030,0,wind_onshore,0.09476148876534495
4,1,2030,0,demand,0.5031096909779093
4,2,2030,0,demand,0.4960169059948077
4,3,2030,0,demand,0.4897381680250493
4,4,2030,0,demand,0.47953693721257157
4,5,2030,0,demand,0.4803503176286026
4,6,2030,0,demand,0.5037252601757646
4,7,2030,0,demand,0.5540005791753407
4,8,2030,0,demand,0.602239394211345
4,9,2030,0,demand,0.6287325488254394
4,10,2030,0,demand,0.6451990543054057
4,11,2030,0,demand,0.6494780634730112
4,12,2030,0,demand,0.6439973530770503
4,13,2030,0,demand,0.6399773238469504
4,14,2030,0,demand,0.6283115149438238
4,15,2030,0,demand,0.6105344724208157
4,16,2030,0,demand,0.6106881057475996
4,17,2030,0,demand,0.611933831886179
4,18,2030,0,demand,0.613581389922096
4,19,2030,0,demand,0.6387894464709867
4,20,2030,0,demand,0.6658976399443681
4,21,2030,0,demand,0.6815488456568932
4,22,2030,0,demand,0.6401334554958655
4,23,2030,0,demand,0.5881616954047052
4,24,2030,0,demand,0.5643789783929598
4,1,2030,0,hydro_inflow,0.5709228004505597
4,2,2030,0,hydro_inflow,0.5749733848472309
4,3,2030,0,hydro_inflow,0.5786667506034193
4,4,2030,0,hydro_inflow,0.5730250910246384
4,5,2030,0,hydro_inflow,0.5831649347007176
4,6,2030,0,hydro_inflow,0.5868142056406755
4,7,2030,0,hydro_inflow,0.5876523765779431
4,8,2030,0,hydro_inflow,0.5887634002696568
4,9,2030,0,hydro_inflow,0.5925191605928657
4,10,2030,0,hydro_inflow,0.615316564155973
4,11,2030,0,hydro_inflow,0.6170329493434923
4,12,2030,0,hydro_inflow,0.6165929393758136
4,13,2030,0,hydro_inflow,0.6165281463411086
4,14,2030,0,hydro_inflow,0.6248382195481701
4,15,2030,0,hydro_inflow,0.6212400124853471
4,16,2030,0,hydro_inflow,0.6217164957553925
4,17,2030,0,hydro_inflow,0.6131698001551734
4,18,2030,0,hydro_inflow,0.6071206002396272
4,19,2030,0,hydro_inflow,0.604533141037294
4,20,2030,0,hydro_inflow,0.5980247172044161
4,21,2030,0,hydro_inflow,0.5968042714448698
4,22,2030,0,hydro_inflow,0.6005378723434215
4,23,2030,0,hydro_inflow,0.5930441750181444
4,24,2030,0,hydro_inflow,0.5918445637388312
4,1,2030,0,solar,0.0
4,2,2030,0,solar,0.0
4,3,2030,0,solar,0.0
4,4,2030,0,solar,0.0
4,5,2030,0,solar,0.0
4,6,2030,0,solar,0.0
4,7,2030,0,solar,0.0
4,8,2030,0,solar,0.0
4,9,2030,0,solar,0.02751826840812858
4,10,2030,0,solar,0.09887204152106002
4,11,2030,0,solar,0.1834423491725406
4,12,2030,0,solar,0.2557919215993642
4,13,2030,0,solar,0.2939376830503527
4,14,2030,0,solar,0.3153160947802577
4,15,2030,0,solar,0.2970449727704804
4,16,2030,0,solar,0.24133298329664316
4,17,2030,0,solar,0.14489593591978658
4,18,2030,0,solar,0.03369276386822733
4,19,2030,0,solar,0.0
4,20,2030,0,solar,0.0
4,21,2030,0,solar,0.0
4,22,2030,0,solar,0.0
4,23,2030,0,solar,0.0
4,24,2030,0,solar,0.0
4,1,2030,0,wind_offshore,0.6507074478396286
4,2,2030,0,wind_offshore,0.6478116547453128
4,3,2030,0,wind_offshore,0.6450999608475992
4,4,2030,0,wind_offshore,0.652497386898952
4,5,2030,0,wind_offshore,0.6644054357443124
4,6,2030,0,wind_offshore,0.6654512822155667
4,7,2030,0,wind_offshore,0.6729589071780122
4,8,2030,0,wind_offshore,0.6658559811962251
4,9,2030,0,wind_offshore,0.6637251002177413
4,10,2030,0,wind_offshore,0.6691808115029829
4,11,2030,0,wind_offshore,0.6641759783100029
4,12,2030,0,wind_offshore,0.6668219146832025
4,13,2030,0,wind_offshore,0.66731107002585
4,14,2030,0,wind_offshore,0.6618135112295797
4,15,2030,0,wind_offshore,0.6556758951635754
4,16,2030,0,wind_offshore,0.654662923866891
4,17,2030,0,wind_offshore,0.6371346532273385
4,18,2030,0,wind_offshore,0.634221381875284
4,19,2030,0,wind_offshore,0.6450656800163975
4,20,2030,0,wind_offshore,0.6417752308862084
4,21,2030,0,wind_offshore,0.6389830834227406
4,22,2030,0,wind_offshore,0.6425508751715221
4,23,2030,0,wind_offshore,0.6384847041701539
4,24,2030,0,wind_offshore,0.6308745847658301
4,1,2030,0,wind_onshore,0.3858705951061399
4,2,2030,0,wind_onshore,0.38390422958047615
4,3,2030,0,wind_onshore,0.3725423530759629
4,4,2030,0,wind_onshore,0.36306141282188215
4,5,2030,0,wind_onshore,0.35762716646698944
4,6,2030,0,wind_onshore,0.348784577720061
4,7,2030,0,wind_onshore,0.347451157548211
4,8,2030,0,wind_onshore,0.3350105240434797
4,9,2030,0,wind_onshore,0.32338968140239843
4,10,2030,0,wind_onshore,0.3275383063451804
4,11,2030,0,wind_onshore,0.3592129039591932
4,12,2030,0,wind_onshore,0.37010966485339625
4,13,2030,0,wind_onshore,0.35820652254345353
4,14,2030,0,wind_onshore,0.3540864235302585
4,15,2030,0,wind_onshore,0.34916736372508633
4,16,2030,0,wind_onshore,0.344013852543626
4,17,2030,0,wind_onshore,0.31271517637855245
4,18,2030,0,wind_onshore,0.29328830074581513
4,19,2030,0,wind_onshore,0.2953694212408691
4,20,2030,0,wind_onshore,0.3041258198204367
4,21,2030,0,wind_onshore,0.32229148260025986
4,22,2030,0,wind_onshore,0.33280917474181715
4,23,2030,0,wind_onshore,0.38987355139387214
4,24,2030,0,wind_onshore,0.38892337119847686
5,1,2030,0,demand,0.5108483769337693
5,2,2030,0,demand,0.5204880556164567
5,3,2030,0,demand,0.5241433562228114
5,4,2030,0,demand,0.5224612350937279
5,5,2030,0,demand,0.5365030412075795
5,6,2030,0,demand,0.5835559320913132
5,7,2030,0,demand,0.6334707938010924
5,8,2030,0,demand,0.6704813112361799
5,9,2030,0,demand,0.6919697202158277
5,10,2030,0,demand,0.6934148679728583
5,11,2030,0,demand,0.6925300329515596
5,12,2030,0,demand,0.6785099073261613
5,13,2030,0,demand,0.668948361302683
5,14,2030,0,demand,0.6426055104844135
5,15,2030,0,demand,0.6194937157898694
5,16,2030,0,demand,0.6143166374497407
5,17,2030,0,demand,0.613880333026815
5,18,2030,0,demand,0.6178689193300752
5,19,2030,0,demand,0.6257779945435076
5,20,2030,0,demand,0.6572777596476023
5,21,2030,0,demand,0.6406508287264105
5,22,2030,0,demand,0.5981798307424581
5,23,2030,0,demand,0.5562121241777725
5,24,2030,0,demand,0.5458654171157143
5,1,2030,0,hydro_inflow,0.3021096808590738
5,2,2030,0,hydro_inflow,0.3057661129728014
5,3,2030,0,hydro_inflow,0.3063756825429259
5,4,2030,0,hydro_inflow,0.3034996168394093
5,5,2030,0,hydro_inflow,0.30698090438639614
5,6,2030,0,hydro_inflow,0.3058228774714398
5,7,2030,0,hydro_inflow,0.30645384910533496
5,8,2030,0,hydro_inflow,0.30094830365044917
5,9,2030,0,hydro_inflow,0.3044647328991809
5,10,2030,0,hydro_inflow,0.3028698594339297
5,11,2030,0,hydro_inflow,0.3052748565630208
5,12,2030,0,hydro_inflow,0.3077405860963117
5,13,2030,0,hydro_inflow,0.3108091311518968
5,14,2030,0,hydro_inflow,0.3101615893888326
5,15,2030,0,hydro_inflow,0.30902934174411933
5,16,2030,0,hydro_inflow,0.3098798998356872
5,17,2030,0,hydro_inflow,0.3075186051148231
5,18,2030,0,hydro_inflow,0.3079303177106503
5,19,2030,0,hydro_inflow,0.3036546881252968
5,20,2030,0,hydro_inflow,0.30850550113322234
5,21,2030,0,hydro_inflow,0.3092328029377124
5,22,2030,0,hydro_inflow,0.31071954868987506
5,23,2030,0,hydro_inflow,0.31249440090835967
5,24,2030,0,hydro_inflow,0.3117492614689209
5,1,2030,0,solar,0.0
5,2,2030,0,solar,0.0
5,3,2030,0,solar,0.0
5,4,2030,0,solar,0.0
5,5,2030,0,solar,0.0
5,6,2030,0,solar,0.0
5,7,2030,0,solar,0.008937679815654935
5,8,2030,0,solar,0.10684721881766052
5,9,2030,0,solar,0.24041398322803345
5,10,2030,0,solar,0.34906899363101346
5,11,2030,0,solar,0.4317901587726415
5,12,2030,0,solar,0.5002330523278097
5,13,2030,0,solar,0.5171073939907821
5,14,2030,0,solar,0.4897062904164505
5,15,2030,0,solar,0.437904941776636
5,16,2030,0,solar,0.35323738721765685
5,17,2030,0,solar,0.24366589968833455
5,18,2030,0,solar,0.12862545234676612
5,19,2030,0,solar,0.038449894372030224
5,20,2030,0,solar,1.5342706153614557e-6
5,21,2030,0,solar,0.0
5,22,2030,0,solar,0.0
5,23,2030,0,solar,0.0
5,24,2030,0,solar,0.0
5,1,2030,0,wind_offshore,0.1026470996506955
5,2,2030,0,wind_offshore,0.06438955949077242
5,3,2030,0,wind_offshore,0.0521357976061468
5,4,2030,0,wind_offshore,0.048511551319701286
5,5,2030,0,wind_offshore,0.0501678923852733
5,6,2030,0,wind_offshore,0.06452949765898076
5,7,2030,0,wind_offshore,0.07770124836468613
5,8,2030,0,wind_offshore,0.07435479461700252
5,9,2030,0,wind_offshore,0.07460353233829656
5,10,2030,0,wind_offshore,0.06393541017124914
5,11,2030,0,wind_offshore,0.027072766513747636
5,12,2030,0,wind_offshore,0.012750725081176752
5,13,2030,0,wind_offshore,0.0027935244638305537
5,14,2030,0,wind_offshore,0.0008837326234552091
5,15,2030,0,wind_offshore,0.006619260797316937
5,16,2030,0,wind_offshore,0.02986856236769692
5,17,2030,0,wind_offshore,0.057300420504745465
5,18,2030,0,wind_offshore,0.07482782389678459
5,19,2030,0,wind_offshore,0.09290585313664512
5,20,2030,0,wind_offshore,0.09892338019493326
5,21,2030,0,wind_offshore,0.08299569730908289
5,22,2030,0,wind_offshore,0.05617698884253749
5,23,2030,0,wind_offshore,0.021636357740097933
5,24,2030,0,wind_offshore,0.006201524123561841
5,1,2030,0,wind_onshore,0.029587168823848882
5,2,2030,0,wind_onshore,0.031003568400373487
5,3,2030,0,wind_onshore,0.03287174624501981
5,4,2030,0,wind_onshore,0.03270890135614016
5,5,2030,0,wind_onshore,0.03190452526561689
5,6,2030,0,wind_onshore,0.03234024471045935
5,7,2030,0,wind_onshore,0.037565102774541
5,8,2030,0,wind_onshore,0.034209935148607006
5,9,2030,0,wind_onshore,0.03883489513425761
5,10,2030,0,wind_onshore,0.0478433516766667
5,11,2030,0,wind_onshore,0.045192433146255546
5,12,2030,0,wind_onshore,0.05679988245753913
5,13,2030,0,wind_onshore,0.06953178430089507
5,14,2030,0,wind_onshore,0.08813517302668994
5,15,2030,0,wind_onshore,0.11710973710595451
5,16,2030,0,wind_onshore,0.14547213840888537
5,17,2030,0,wind_onshore,0.1720269390764844
5,18,2030,0,wind_onshore,0.1893309432075506
5,19,2030,0,wind_onshore,0.1916592426572316
5,20,2030,0,wind_onshore,0.18659282718115172
5,21,2030,0,wind_onshore,0.18403845905748328
5,22,2030,0,wind_onshore,0.1818106580225525
5,23,2030,0,wind_onshore,0.16663107957122528
5,24,2030,0,wind_onshore,0.17611928624427098
6,1,2030,0,demand,0.44060103259283867
6,2,2030,0,demand,0.4375087951793074
6,3,2030,0,demand,0.4414508090196897
6,4,2030,0,demand,0.4372151647185958
6,5,2030,0,demand,0.45701302187533477
6,6,2030,0,demand,0.4788904893355006
6,7,2030,0,demand,0.5165225753489177
6,8,2030,0,demand,0.5519948656009553
6,9,2030,0,demand,0.5721718707883835
6,10,2030,0,demand,0.5784295409970545
6,11,2030,0,demand,0.5808749850167083
6,12,2030,0,demand,0.5776819229455801
6,13,2030,0,demand,0.5850482960502194
6,14,2030,0,demand,0.5629529248107046
6,15,2030,0,demand,0.5481676861069908
6,16,2030,0,demand,0.5590826329932098
6,17,2030,0,demand,0.5654604158345091
6,18,2030,0,demand,0.5660946004973916
6,19,2030,0,demand,0.5731115380702092
6,20,2030,0,demand,0.5757556384858519
6,21,2030,0,demand,0.5594254589064767
6,22,2030,0,demand,0.5187233635234141
6,23,2030,0,demand,0.48169810334015295
6,24,2030,0,demand,0.4868562610363489
6,1,2030,0,hydro_inflow,0.2676309318797402
6,2,2030,0,hydro_inflow,0.26994461988773216
6,3,2030,0,hydro_inflow,0.26885571283493614
6,4,2030,0,hydro_inflow,0.27013031719328423
6,5,2030,0,hydro_inflow,0.2706936653626144
6,6,2030,0,hydro_inflow,0.26930230480414147
6,7,2030,0,hydro_inflow,0.26884320067367584
6,8,2030,0,hydro_inflow,0.27035143799900885
6,9,2030,0,hydro_inflow,0.26897726218651763
6,10,2030,0,hydro_inflow,0.2707095108593063
6,11,2030,0,hydro_inflow,0.27147233338317034
6,12,2030,0,hydro_inflow,0.2692949938571132
6,13,2030,0,hydro_inflow,0.2719765639547661
6,14,2030,0,hydro_inflow,0.2699591223545768
6,15,2030,0,hydro_inflow,0.26985034942030367
6,16,2030,0,hydro_inflow,0.2728235397792896
6,17,2030,0,hydro_inflow,0.2759952676713448
6,18,2030,0,hydro_inflow,0.277573274729182
6,19,2030,0,hydro_inflow,0.27760914553201965
6,20,2030,0,hydro_inflow,0.2902768863108674
6,21,2030,0,hydro_inflow,0.2914578195581051
6,22,2030,0,hydro_inflow,0.28944551195632384
6,23,2030,0,hydro_inflow,0.29424090408319836
6,24,2030,0,hydro_inflow,0.29421813923624174
6,1,2030,0,solar,0.0
6,2,2030,0,solar,0.0
6,3,2030,0,solar,0.0
6,4,2030,0,solar,0.0
6,5,2030,0,solar,0.0
6,6,2030,0,solar,0.0
6,7,2030,0,solar,0.0
6,8,2030,0,solar,0.06194020717285503
6,9,2030,0,solar,0.20893137534769615
6,10,2030,0,solar,0.3521045805843374
6,11,2030,0,solar,0.45027884276821095
6,12,2030,0,solar,0.50188813434606
6,13,2030,0,solar,0.5070461114090984
6,14,2030,0,solar,0.47612484249776515
6,15,2030,0,solar,0.4048266276738077
6,16,2030,0,solar,0.30913718998181317
6,17,2030,0,solar,0.18256379329618272
6,18,2030,0,solar,0.06158327006339416
6,19,2030,0,solar,0.0
6,20,2030,0,solar,0.0
6,21,2030,0,solar,0.0
6,22,2030,0,solar,0.0
6,23,2030,0,solar,0.0
6,24,2030,0,solar,0.0
6,1,2030,0,wind_offshore,0.6772230152547971
6,2,2030,0,wind_offshore,0.6802256651011985
6,3,2030,0,wind_offshore,0.6678496331112277
6,4,2030,0,wind_offshore,0.669199480300514
6,5,2030,0,wind_offshore,0.6760142040296393
6,6,2030,0,wind_offshore,0.6656976608289855
6,7,2030,0,wind_offshore,0.67336188372534
6,8,2030,0,wind_offshore,0.6328589804933825
6,9,2030,0,wind_offshore,0.6020315215493158
6,10,2030,0,wind_offshore,0.5559596127298488
6,11,2030,0,wind_offshore,0.59219712821986
6,12,2030,0,wind_offshore,0.5858179170020759
6,13,2030,0,wind_offshore,0.5365305877955402
6,14,2030,0,wind_offshore,0.47888890309163873
6,15,2030,0,wind_offshore,0.43461544310298156
6,16,2030,0,wind_offshore,0.39991430423398583
6,17,2030,0,wind_offshore,0.36275241813864917
6,18,2030,0,wind_offshore,0.33875702998431234
6,19,2030,0,wind_offshore,0.3183513198311281
6,20,2030,0,wind_offshore,0.27150611649992856
6,21,2030,0,wind_offshore,0.22288930744168478
6,22,2030,0,wind_offshore,0.18987116343589622
6,23,2030,0,wind_offshore,0.25635340071260065
6,24,2030,0,wind_offshore,0.2423279211433522
6,1,2030,0,wind_onshore,0.22545611022347375
6,2,2030,0,wind_onshore,0.21750548619844384
6,3,2030,0,wind_onshore,0.2047560646628896
6,4,2030,0,wind_onshore,0.20259473568398814
6,5,2030,0,wind_onshore,0.2056191828443628
6,6,2030,0,wind_onshore,0.20778379855806528
6,7,2030,0,wind_onshore,0.2124132513121884
6,8,2030,0,wind_onshore,0.2211765645243243
6,9,2030,0,wind_onshore,0.21883215119746927
6,10,2030,0,wind_onshore,0.24134788161428375
6,11,2030,0,wind_onshore,0.28855104962141437
6,12,2030,0,wind_onshore,0.2988351954686259
6,13,2030,0,wind_onshore,0.31607886389876155
6,14,2030,0,wind_onshore,0.32722114961606535
6,15,2030,0,wind_onshore,0.32444693588088996
6,16,2030,0,wind_onshore,0.3066191597807429
6,17,2030,0,wind_onshore,0.27942537122879685
6,18,2030,0,wind_onshore,0.22623213972670445
6,19,2030,0,wind_onshore,0.1919339511548687
6,20,2030,0,wind_onshore,0.17177840858241494
6,21,2030,0,wind_onshore,0.1425805668189918
6,22,2030,0,wind_onshore,0.11677037869677351
6,23,2030,0,wind_onshore,0.10352825415276595
6,24,2030,0,wind_onshore,0.07715940193491362
7,1,2030,0,demand,0.4953110529793183
7,2,2030,0,demand,0.491572841502165
7,3,2030,0,demand,0.4917804680096883
7,4,2030,0,demand,0.4941179970793463
7,5,2030,0,demand,0.5090143966221486
7,6,2030,0,demand,0.536056119589535
7,7,2030,0,demand,0.5658932886443684
7,8,2030,0,demand,0.6062758446795103
7,9,2030,0,demand,0.625613094449061
7,10,2030,0,demand,0.6218870937386178
7,11,2030,0,demand,0.6329026200466225
7,12,2030,0,demand,0.6233650436280115
7,13,2030,0,demand,0.6144105498454236
7,14,2030,0,demand,0.5962989239417499
7,15,2030,0,demand,0.5956530032994559
7,16,2030,0,demand,0.6043469081551238
7,17,2030,0,demand,0.6090764715245842
7,18,2030,0,demand,0.6182755912711023
7,19,2030,0,demand,0.6321384598157066
7,20,2030,0,demand,0.6398095916743999
7,21,2030,0,demand,0.6271155466070922
7,22,2030,0,demand,0.5783708578321406
7,23,2030,0,demand,0.5325974351969934
7,24,2030,0,demand,0.5251412501157735
7,1,2030,0,hydro_inflow,0.24716599809547665
7,2,2030,0,hydro_inflow,0.25006493423327053
7,3,2030,0,hydro_inflow,0.25351667526619076
7,4,2030,0,hydro_inflow,0.25400380581117976
7,5,2030,0,hydro_inflow,0.25196263864628177
7,6,2030,0,hydro_inflow,0.24902743760569923
7,7,2030,0,hydro_inflow,0.2506021329692807
7,8,2030,0,hydro_inflow,0.24873007366008773
7,9,2030,0,hydro_inflow,0.24987184341538157
7,10,2030,0,hydro_inflow,0.24965110331530463
7,11,2030,0,hydro_inflow,0.25235339047193567
7,12,2030,0,hydro_inflow,0.25536690727255373
7,13,2030,0,hydro_inflow,0.25523480155743533
7,14,2030,0,hydro_inflow,0.24920901441362317
7,15,2030,0,hydro_inflow,0.25299600320386484
7,16,2030,0,hydro_inflow,0.25447095959239235
7,17,2030,0,hydro_inflow,0.25303128898321864
7,18,2030,0,hydro_inflow,0.2543398754365302
7,19,2030,0,hydro_inflow,0.25280729896028165
7,20,2030,0,hydro_inflow,0.25113853397090163
7,21,2030,0,hydro_inflow,0.2559585602212838
7,22,2030,0,hydro_inflow,0.2582381697723088
7,23,2030,0,hydro_inflow,0.25913294972807877
7,24,2030,0,hydro_inflow,0.2575410111778366
7,1,2030,0,solar,0.0
7,2,2030,0,solar,0.0
7,3,2030,0,solar,0.0
7,4,2030,0,solar,0.0
7,5,2030,0,solar,0.0
7,6,2030,0,solar,0.0
7,7,2030,0,solar,4.16485569832513e-5
7,8,2030,0,solar,0.06076308639938841
7,9,2030,0,solar,0.1783189094442353
7,10,2030,0,solar,0.2902663024697347
7,11,2030,0,solar,0.3549918016096822
7,12,2030,0,solar,0.37417149083834955
7,13,2030,0,solar,0.3448042717992247
7,14,2030,0,solar,0.2927630283466545
7,15,2030,0,solar,0.237432800589023
7,16,2030,0,solar,0.18701791488620947
7,17,2030,0,solar,0.12294085188092971
7,18,2030,0,solar,0.05352609861519892
7,19,2030,0,solar,0.0022248158613468595
7,20,2030,0,solar,0.0
7,21,2030,0,solar,0.0
7,22,2030,0,solar,0.0
7,23,2030,0,solar,0.0
7,24,2030,0,solar,0.0
7,1,2030,0,wind_offshore,0.3775489293564551
7,2,2030,0,wind_offshore,0.3061843235112448
7,3,2030,0,wind_offshore,0.241622663883697
7,4,2030,0,wind_offshore,0.21906073192428788
7,5,2030,0,wind_offshore,0.2194355348740472
7,6,2030,0,wind_offshore,0.21093486003335984
7,7,2030,0,wind_offshore,0.2053048319291079
7,8,2030,0,wind_offshore,0.21892941620411552
7,9,2030,0,wind_offshore,0.22328027244366175
7,10,2030,0,wind_offshore,0.21589863412696128
7,11,2030,0,wind_offshore,0.13418507557378193
7,12,2030,0,wind_offshore,0.12435051376366324
7,13,2030,0,wind_offshore,0.1246968594186115
7,14,2030,0,wind_offshore,0.13577341913616256
7,15,2030,0,wind_offshore,0.15444730375705054
7,16,2030,0,wind_offshore,0.17240869536061093
7,17,2030,0,wind_offshore,0.1910883999327131
7,18,2030,0,wind_offshore,0.20837392499334373
7,19,2030,0,wind_offshore,0.22328254735010059
7,20,2030,0,wind_offshore,0.2580259800542252
7,21,2030,0,wind_offshore,0.27146812520115643
7,22,2030,0,wind_offshore,0.2808961577737634
7,23,2030,0,wind_offshore,0.25220184378863036
7,24,2030,0,wind_offshore,0.2563600793104378
7,1,2030,0,wind_onshore,0.1768375053552761
7,2,2030,0,wind_onshore,0.18715623886792612
7,3,2030,0,wind_onshore,0.19700213692936164
7,4,2030,0,wind_onshore,0.1993496759786501
7,5,2030,0,wind_onshore,0.20888625273513592
7,6,2030,0,wind_onshore,0.2134197423035586
7,7,2030,0,wind_onshore,0.21513848485366469
7,8,2030,0,wind_onshore,0.20958815125180477
7,9,2030,0,wind_onshore,0.2132335096744371
7,10,2030,0,wind_onshore,0.22747476629250443
7,11,2030,0,wind_onshore,0.24255355493110559
7,12,2030,0,wind_onshore,0.2595755549960361
7,13,2030,0,wind_onshore,0.2552071639737821
7,14,2030,0,wind_onshore,0.2557176661804207
7,15,2030,0,wind_onshore,0.2530979869647308
7,16,2030,0,wind_onshore,0.26482159473547506
7,17,2030,0,wind_onshore,0.2696952473021773
7,18,2030,0,wind_onshore,0.25583104515083593
7,19,2030,0,wind_onshore,0.23099354704082048
7,20,2030,0,wind_onshore,0.22876160617431582
7,21,2030,0,wind_onshore,0.2208938998188415
7,22,2030,0,wind_onshore,0.20974211173681875
7,23,2030,0,wind_onshore,0.1811416330453876
7,24,2030,0,wind_onshore,0.17406695371199543
8,1,2030,0,demand,0.5707880256355865
8,2,2030,0,demand,0.5727775927771945
8,3,2030,0,demand,0.5641356464607458
8,4,2030,0,demand,0.5616422538901017
8,5,2030,0,demand,0.5802295275351316
8,6,2030,0,demand,0.597364569246234
8,7,2030,0,demand,0.6164552511887482
8,8,2030,0,demand,0.6547962715875668
8,9,2030,0,demand,0.6998932510843994
8,10,2030,0,demand,0.7397193577029572
8,11,2030,0,demand,0.774629432489504
8,12,2030,0,demand,0.804895753924851
8,13,2030,0,demand,0.8067093793597853
8,14,2030,0,demand,0.8015869173946581
8,15,2030,0,demand,0.8011070435892157
8,16,2030,0,demand,0.7890004118729568
8,17,2030,0,demand,0.791179807561905
8,18,2030,0,demand,0.7704231637088509
8,19,2030,0,demand,0.7392210830524019
8,20,2030,0,demand,0.7259037865183149
8,21,2030,0,demand,0.7145883354638993
8,22,2030,0,demand,0.6648742154419415
8,23,2030,0,demand,0.6098851901174424
8,24,2030,0,demand,0.5870784507658554
8,1,2030,0,hydro_inflow,0.30987381822797544
8,2,2030,0,hydro_inflow,0.30447762595421596
8,3,2030,0,hydro_inflow,0.3029160343733368
8,4,2030,0,hydro_inflow,0.304013870436945
8,5,2030,0,hydro_inflow,0.30941112624609124
8,6,2030,0,hydro_inflow,0.3091983286929981
8,7,2030,0,hydro_inflow,0.30505177155724245
8,8,2030,0,hydro_inflow,0.30782427577998517
8,9,2030,0,hydro_inflow,0.3132536188603648
8,10,2030,0,hydro_inflow,0.3125028547098103
8,11,2030,0,hydro_inflow,0.31469168827218535
8,12,2030,0,hydro_inflow,0.31785712773516894
8,13,2030,0,hydro_inflow,0.3170755193173669
8,14,2030,0,hydro_inflow,0.3217657474123951
8,15,2030,0,hydro_inflow,0.32132184963524224
8,16,2030,0,hydro_inflow,0.3223203230770657
8,17,2030,0,hydro_inflow,0.3230982661945287
8,18,2030,0,hydro_inflow,0.3207098880188486
8,19,2030,0,hydro_inflow,0.32047775923097305
8,20,2030,0,hydro_inflow,0.3186757017445992
8,21,2030,0,hydro_inflow,0.3153402304140278
8,22,2030,0,hydro_inflow,0.31603956727300003
8,23,2030,0,hydro_inflow,0.3157357784158774
8,24,2030,0,hydro_inflow,0.31731731988583695
8,1,2030,0,solar,0.0
8,2,2030,0,solar,0.0
8,3,2030,0,solar,0.0
8,4,2030,0,solar,0.0
8,5,2030,0,solar,0.0
8,6,2030,0,solar,0.0
8,7,2030,0,solar,0.008373173548780173
8,8,2030,0,solar,0.10094732520469701
8,9,2030,0,solar,0.22543311038943045
8,10,2030,0,solar,0.3352033335839265
8,11,2030,0,solar,0.4206878747485175
8,12,2030,0,solar,0.4728085417167719
8,13,2030,0,solar,0.47915024590384125
8,14,2030,0,solar,0.4704268705508034
8,15,2030,0,solar,0.4276441042270445
8,16,2030,0,solar,0.3636212390278107
8,17,2030,0,solar,0.27803492253006074
8,18,2030,0,solar,0.17175824980176171
8,19,2030,0,solar,0.05728567250343211
8,20,2030,0,solar,0.0010879182893686423
8,21,2030,0,solar,0.0
8,22,2030,0,solar,0.0
8,23,2030,0,solar,0.0
8,24,2030,0,solar,0.0
8,1,2030,0,wind_offshore,0.10088098745703665
8,2,2030,0,wind_offshore,0.10226509066703028
8,3,2030,0,wind_offshore,0.11400221812942547
8,4,2030,0,wind_offshore,0.13293080864937737
8,5,2030,0,wind_offshore,0.17401941184694242
8,6,2030,0,wind_offshore,0.21725353190687763
8,7,2030,0,wind_offshore,0.2557415763624077
8,8,2030,0,wind_offshore,0.282631873143035
8,9,2030,0,wind_offshore,0.29330964114092983
8,10,2030,0,wind_offshore,0.2950193726188501
8,11,2030,0,wind_offshore,0.3083453487501988
8,12,2030,0,wind_offshore,0.31053138375337597
8,13,2030,0,wind_offshore,0.31072064691336926
8,14,2030,0,wind_offshore,0.33136368153768225
8,15,2030,0,wind_offshore,0.36316481365004566
8,16,2030,0,wind_offshore,0.4298461860527794
8,17,2030,0,wind_offshore,0.5171645586368503
8,18,2030,0,wind_offshore,0.5813749624445516
8,19,2030,0,wind_offshore,0.6228069469718043
8,20,2030,0,wind_offshore,0.6476919660117917
8,21,2030,0,wind_offshore,0.6677197092592925
8,22,2030,0,wind_offshore,0.6907439915216492
8,23,2030,0,wind_offshore,0.6637488313608673
8,24,2030,0,wind_offshore,0.6638636890095152
8,1,2030,0,wind_onshore,0.17961824362774445
8,2,2030,0,wind_onshore,0.16085094614716203
8,3,2030,0,wind_onshore,0.14901123018683596
8,4,2030,0,wind_onshore,0.13978770355805842
8,5,2030,0,wind_onshore,0.13689389524540493
8,6,2030,0,wind_onshore,0.1359685113717125
8,7,2030,0,wind_onshore,0.13755625280608613
8,8,2030,0,wind_onshore,0.1472519667944601
8,9,2030,0,wind_onshore,0.142304149831113
8,10,2030,0,wind_onshore,0.13043591581823727
8,11,2030,0,wind_onshore,0.11935470879134413
8,12,2030,0,wind_onshore,0.11028768316732934
8,13,2030,0,wind_onshore,0.1053874128662142
8,14,2030,0,wind_onshore,0.10579029388802552
8,15,2030,0,wind_onshore,0.10656378293800813
8,16,2030,0,wind_onshore,0.11526367105587128
8,17,2030,0,wind_onshore,0.1420278905446532
8,18,2030,0,wind_onshore,0.1827361158746156
8,19,2030,0,wind_onshore,0.24184176200918522
8,20,2030,0,wind_onshore,0.2659570742128955
8,21,2030,0,wind_onshore,0.28802113928418943
8,22,2030,0,wind_onshore,0.27945460768940183
8,23,2030,0,wind_onshore,0.2274012251147032
8,24,2030,0,wind_onshore,0.21483203962998668
9,1,2030,0,demand,0.45987808113324213
9,2,2030,0,demand,0.45048337114901316
9,3,2030,0,demand,0.4385728130492233
9,4,2030,0,demand,0.42888207044341636
9,5,2030,0,demand,0.4165148926569489
9,6,2030,0,demand,0.41419339098114494
9,7,2030,0,demand,0.42325071814999204
9,8,2030,0,demand,0.44201963856034604
9,9,2030,0,demand,0.4696665152991765
9,10,2030,0,demand,0.49310694005393857
9,11,2030,0,demand,0.5059027697961589
9,12,2030,0,demand,0.5097251657182047
9,13,2030,0,demand,0.5002519770761329
9,14,2030,0,demand,0.49713938002236907
9,15,2030,0,demand,0.4873276986644258
9,16,2030,0,demand,0.47416980783113
9,17,2030,0,demand,0.468228291021703
9,18,2030,0,demand,0.47649696533924973
9,19,2030,0,demand,0.4932655105567713
9,20,2030,0,demand,0.5146745855995336
9,21,2030,0,demand,0.5315941530412114
9,22,2030,0,demand,0.5166184620344294
9,23,2030,0,demand,0.48916205721370387
9,24,2030,0,demand,0.48732611282738214
9,1,2030,0,hydro_inflow,0.31598166706360625
9,2,2030,0,hydro_inflow,0.31749753952925835
9,3,2030,0,hydro_inflow,0.31983386658104906
9,4,2030,0,hydro_inflow,0.3220880519722646
9,5,2030,0,hydro_inflow,0.3217605644774939
9,6,2030,0,hydro_inflow,0.3144561419836428
9,7,2030,0,hydro_inflow,0.31055487924195757
9,8,2030,0,hydro_inflow,0.30779332832956374
9,9,2030,0,hydro_inflow,0.30794639567287546
9,10,2030,0,hydro_inflow,0.311689825742231
9,11,2030,0,hydro_inflow,0.31277637927494956
9,12,2030,0,hydro_inflow,0.31655705648196353
9,13,2030,0,hydro_inflow,0.312066152287924
9,14,2030,0,hydro_inflow,0.30999679622738235
9,15,2030,0,hydro_inflow,0.31109979362178414
9,16,2030,0,hydro_inflow,0.3117963800392844
9,17,2030,0,hydro_inflow,0.3094960416639069
9,18,2030,0,hydro_inflow,0.3078770608353282
9,19,2030,0,hydro_inflow,0.30977688804375947
9,20,2030,0,hydro_inflow,0.3137684248969305
9,21,2030,0,hydro_inflow,0.3142137832713144
9,22,2030,0,hydro_inflow,0.3141631873537271
9,23,2030,0,hydro_inflow,0.31610881905757326
9,24,2030,0,hydro_inflow,0.31471132213551556
9,1,2030,0,solar,0.0
9,2,2030,0,solar,0.0
9,3,2030,0,solar,0.0
9,4,2030,0,solar,0.0
9,5,2030,0,solar,0.0
9,6,2030,0,solar,0.00045253695092836683
9,7,2030,0,solar,0.0344410500782263
9,8,2030,0,solar,0.1315297770759547
9,9,2030,0,solar,0.2458186626640022
9,10,2030,0,solar,0.3481757136993302
9,11,2030,0,solar,0.4234802913910501
9,12,2030,0,solar,0.4704600430672842
9,13,2030,0,solar,0.48758496133085416
9,14,2030,0,solar,0.4672088066941762
9,15,2030,0,solar,0.4308566424179182
9,16,2030,0,solar,0.3752935298393876
9,17,2030,0,solar,0.2972918254886279
9,18,2030,0,solar,0.18874066986974022
9,19,2030,0,solar,0.07326013878992561
9,20,2030,0,solar,0.004397339989484906
9,21,2030,0,solar,0.0
9,22,2030,0,solar,0.0
9,23,2030,0,solar,0.0
9,24,2030,0,solar,0.0
9,1,2030,0,wind_offshore,0.5961332884405115
9,2,2030,0,wind_offshore,0.5894216646614785
9,3,2030,0,wind_offshore,0.597246610500001
9,4,2030,0,wind_offshore,0.5999545324924438
9,5,2030,0,wind_offshore,0.591951665577041
9,6,2030,0,wind_offshore,0.5861673255328964
9,7,2030,0,wind_offshore,0.5698701594711569
9,8,2030,0,wind_offshore,0.5353338648761738
9,9,2030,0,wind_offshore,0.5028531244492769
9,10,2030,0,wind_offshore,0.4828763686976099
9,11,2030,0,wind_offshore,0.4321392435195545
9,12,2030,0,wind_offshore,0.4186492936874225
9,13,2030,0,wind_offshore,0.4095606397545083
9,14,2030,0,wind_offshore,0.43112495206528156
9,15,2030,0,wind_offshore,0.4183229498620248
9,16,2030,0,wind_offshore,0.4129527891763017
9,17,2030,0,wind_offshore,0.45756599625125527
9,18,2030,0,wind_offshore,0.5154095201033205
9,19,2030,0,wind_offshore,0.5458004030115274
9,20,2030,0,wind_offshore,0.5431859779490186
9,21,2030,0,wind_offshore,0.5244125617818515
9,22,2030,0,wind_offshore,0.5342077212042782
9,23,2030,0,wind_offshore,0.4555079407322286
9,24,2030,0,wind_offshore,0.45644237750771216
9,1,2030,0,wind_onshore,0.2212740885645344
9,2,2030,0,wind_onshore,0.2086918288417189
9,3,2030,0,wind_onshore,0.19770411203709362
9,4,2030,0,wind_onshore,0.19517272818610915
9,5,2030,0,wind_onshore,0.18892677346102416
9,6,2030,0,wind_onshore,0.187589927255491
9,7,2030,0,wind_onshore,0.1843035595450734
9,8,2030,0,wind_onshore,0.17996340909428776
9,9,2030,0,wind_onshore,0.17404357020728603
9,10,2030,0,wind_onshore,0.1694151199122674
9,11,2030,0,wind_onshore,0.13284779529653137
9,12,2030,0,wind_onshore,0.127367005538073
9,13,2030,0,wind_onshore,0.1261114332419332
9,14,2030,0,wind_onshore,0.14027226678665372
9,15,2030,0,wind_onshore,0.16467970125853998
9,16,2030,0,wind_onshore,0.18381699970356072
9,17,2030,0,wind_onshore,0.19661579981820168
9,18,2030,0,wind_onshore,0.21237851695131352
9,19,2030,0,wind_onshore,0.2348206622528886
9,20,2030,0,wind_onshore,0.24931725468372518
9,21,2030,0,wind_onshore,0.2674061972872531
9,22,2030,0,wind_onshore,0.2545176890211707
9,23,2030,0,wind_onshore,0.20789282064294815
9,24,2030,0,wind_onshore,0.19126027598291456
10,1,2030,0,demand,0.5057616645570019
10,2,2030,0,demand,0.4952928427342184
10,3,2030,0,demand,0.48128110312215744
10,4,2030,0,demand,0.48051560327174425
10,5,2030,0,demand,0.4895083551268121
10,6,2030,0,demand,0.5178483658065666
10,7,2030,0,demand,0.5489895845468594
10,8,2030,0,demand,0.5829760466075831
10,9,2030,0,demand,0.6146644189578822
10,10,2030,0,demand,0.6345753538340062
10,11,2030,0,demand,0.6464464953411265
10,12,2030,0,demand,0.6597622750134714
10,13,2030,0,demand,0.6590541150342772
10,14,2030,0,demand,0.6431908847195086
10,15,2030,0,demand,0.6415702693643932
10,16,2030,0,demand,0.6490302597714219
10,17,2030,0,demand,0.645831383981133
10,18,2030,0,demand,0.6466143710090481
10,19,2030,0,demand,0.6512436303403291
10,20,2030,0,demand,0.6517701183436144
10,21,2030,0,demand,0.6325378039461536
10,22,2030,0,demand,0.591888717641612
10,23,2030,0,demand,0.5473024527738343
10,24,2030,0,demand,0.5428495924444444
10,1,2030,0,hydro_inflow,0.31329090383491887
10,2,2030,0,hydro_inflow,0.31636508024629617
10,3,2030,0,hydro_inflow,0.3146293299750745
10,4,2030,0,hydro_inflow,0.3119255389365344
10,5,2030,0,hydro_inflow,0.3132067707393026
10,6,2030,0,hydro_inflow,0.3136759808180914
10,7,2030,0,hydro_inflow,0.3119124516693375
10,8,2030,0,hydro_inflow,0.3079553368128763
10,9,2030,0,hydro_inflow,0.30799551419875376
10,10,2030,0,hydro_inflow,0.3048224105537129
10,11,2030,0,hydro_inflow,0.30779437549124644
10,12,2030,0,hydro_inflow,0.3095369974238046
10,13,2030,0,hydro_inflow,0.30859773449086
10,14,2030,0,hydro_inflow,0.3121092035280659
10,15,2030,0,hydro_inflow,0.3148542143321977
10,16,2030,0,hydro_inflow,0.3113181408672616
10,17,2030,0,hydro_inflow,0.31031285371145195
10,18,2030,0,hydro_inflow,0.3125026245728955
10,19,2030,0,hydro_inflow,0.31244848911233114
10,20,2030,0,hydro_inflow,0.31483662262041434
10,21,2030,0,hydro_inflow,0.3144219975488587
10,22,2030,0,hydro_inflow,0.3135322225431682
10,23,2030,0,hydro_inflow,0.3120382036531974
10,24,2030,0,hydro_inflow,0.3130623683775191
10,1,2030,0,solar,0.0
10,2,2030,0,solar,0.0
10,3,2030,0,solar,0.0
10,4,2030,0,solar,0.0
10,5,2030,0,solar,0.0
10,6,2030,0,solar,0.0002842748464276839
10,7,2030,0,solar,0.02935098781904725
10,8,2030,0,solar,0.12707480951874234
10,9,2030,0,solar,0.2541296748985608
10,10,2030,0,solar,0.3586050718398368
10,11,2030,0,solar,0.4326925534246024
10,12,2030,0,solar,0.46885023386906033
10,13,2030,0,solar,0.4845446297793938
10,14,2030,0,solar,0.48349272942460514
10,15,2030,0,solar,0.44932650663946544
10,16,2030,0,solar,0.3824679865118556
10,17,2030,0,solar,0.29204020104477046
10,18,2030,0,solar,0.17776221493557867
10,19,2030,0,solar,0.07394401037791497
10,20,2030,0,solar,0.005273014114080482
10,21,2030,0,solar,0.0
10,22,2030,0,solar,0.0
10,23,2030,0,solar,0.0
10,24,2030,0,solar,0.0
10,1,2030,0,wind_offshore,0.6405625302689008
10,2,2030,0,wind_offshore,0.6322174465281272
10,3,2030,0,wind_offshore,0.6280924319863681
10,4,2030,0,wind_offshore,0.6189329020054313
10,5,2030,0,wind_offshore,0.6224131078520307
10,6,2030,0,wind_offshore,0.6238945330327783
10,7,2030,0,wind_offshore,0.6364183840023483
10,8,2030,0,wind_offshore,0.6407417608653617
10,9,2030,0,wind_offshore,0.6597995816219461
10,10,2030,0,wind_offshore,0.6586141513782899
10,11,2030,0,wind_offshore,0.6497297765273751
10,12,2030,0,wind_offshore,0.6494483901033976
10,13,2030,0,wind_offshore,0.6504400761481912
10,14,2030,0,wind_offshore,0.656299644959976
10,15,2030,0,wind_offshore,0.6568940416828859
10,16,2030,0,wind_offshore,0.6679148771424358
10,17,2030,0,wind_offshore,0.6786600619299221
10,18,2030,0,wind_offshore,0.6744102239561449
10,19,2030,0,wind_offshore,0.667165079632947
10,20,2030,0,wind_offshore,0.65326397013512
10,21,2030,0,wind_offshore,0.6693637133787659
10,22,2030,0,wind_offshore,0.6638000285199666
10,23,2030,0,wind_offshore,0.654177218033937
10,24,2030,0,wind_offshore,0.6451791792823715
10,1,2030,0,wind_onshore,0.22090466687312552
10,2,2030,0,wind_onshore,0.21412986909785958
10,3,2030,0,wind_onshore,0.2111561414271286
10,4,2030,0,wind_onshore,0.19946455658561552
10,5,2030,0,wind_onshore,0.18756169846744553
10,6,2030,0,wind_onshore,0.1741087751707917
10,7,2030,0,wind_onshore,0.1554090749281423
10,8,2030,0,wind_onshore,0.14212789486702623
10,9,2030,0,wind_onshore,0.13311543336471188
10,10,2030,0,wind_onshore,0.12896933052363194
10,11,2030,0,wind_onshore,0.10996123012356603
10,12,2030,0,wind_onshore,0.0996839248948414
10,13,2030,0,wind_onshore,0.09933435139654277
10,14,2030,0,wind_onshore,0.10995130581446928
10,15,2030,0,wind_onshore,0.12206119339264741
10,16,2030,0,wind_onshore,0.1389244644752562
10,17,2030,0,wind_onshore,0.16370857297901617
10,18,2030,0,wind_onshore,0.20444063278712898
10,19,2030,0,wind_onshore,0.2547442735458147
10,20,2030,0,wind_onshore,0.28178418603146915
10,21,2030,0,wind_onshore,0.28273574698509674
10,22,2030,0,wind_onshore,0.26904083612057195
10,23,2030,0,wind_onshore,0.23700453779942396
10,24,2030,0,wind_onshore,0.22166023323678247
11,1,2030,1,demand,0.5149454403316639
11,2,2030,1,demand,0.5034740457017574
11,3,2030,1,demand,0.4800561498344297
11,4,2030,1,demand,0.47678769060163656
11,5,2030,1,demand,0.4855066083095576
11,6,2030,1,demand,0.4963244676002907
11,7,2030,1,demand,0.5251756941923953
11,8,2030,1,demand,0.5677250481328998
11,9,2030,1,demand,0.5996886535736934
11,10,2030,1,demand,0.6283497980597097
11,11,2030,1,demand,0.6394288539427997
11,12,2030,1,demand,0.6359958923224014
11,13,2030,1,demand,0.6384222094750797
11,14,2030,1,demand,0.6294177277070891
11,15,2030,1,demand,0.6069351374703688
11,16,2030,1,demand,0.5902014821995764
11,17,2030,1,demand,0.5867235848380589
11,18,2030,1,demand,0.5976826649104067
11,19,2030,1,demand,0.6101092001094628
11,20,2030,1,demand,0.6430844822479773
11,21,2030,1,demand,0.6506119090951936
11,22,2030,1,demand,0.6061902881829697
11,23,2030,1,demand,0.5558532535115971
11,24,2030,1,demand,0.5266518875981551
11,1,2030,1,hydro_inflow,0.35702038498723737
11,2,2030,1,hydro_inflow,0.35652964644097035
11,3,2030,1,hydro_inflow,0.35400913584918514
11,4,2030,1,hydro_inflow,0.36393430523796816
11,5,2030,1,hydro_inflow,0.3614391385963621
11,6,2030,1,hydro_inflow,0.36060098037165284
11,7,2030,1,hydro_inflow,0.35524828575302675
11,8,2030,1,hydro_inflow,0.35464054431983877
11,9,2030,1,hydro_inflow,0.35714888357286834
11,10,2030,1,hydro_inflow,0.36367611265150585
11,11,2030,1,hydro_inflow,0.3580321141772752
11,12,2030,1,hydro_inflow,0.35719838596543674
11,13,2030,1,hydro_inflow,0.35471293930053027
11,14,2030,1,hydro_inflow,0.3485868048275453
11,15,2030,1,hydro_inflow,0.3524779233116879
11,16,2030,1,hydro_inflow,0.3553488233335257
11,17,2030,1,hydro_inflow,0.35690240279559027
11,18,2030,1,hydro_inflow,0.3662022164949817
11,19,2030,1,hydro_inflow,0.369552283618777
11,20,2030,1,hydro_inflow,0.37081896194925196
11,21,2030,1,hydro_inflow,0.3624378679496181
11,22,2030,1,hydro_inflow,0.3587004199384507
11,23,2030,1,hydro_inflow,0.3680641954026761
11,24,2030,1,hydro_inflow,0.3622673691346769
11,1,2030,1,solar,0.0
11,2,2030,1,solar,0.0
11,3,2030,1,solar,0.0
11,4,2030,1,solar,0.0
11,5,2030,1,solar,0.0
11,6,2030,1,solar,0.0
11,7,2030,1,solar,0.0
11,8,2030,1,solar,0.07911820929159312
11,9,2030,1,solar,0.34471491807650234
11,10,2030,1,solar,0.6239859564704666
11,11,2030,1,solar,0.8094824971583346
11,12,2030,1,solar,0.922516261659645
11,13,2030,1,solar,0.9796846789800411
11,14,2030,1,solar,0.9688064547066195
11,15,2030,1,solar,0.9005559405793008
11,16,2030,1,solar,0.7491760798975461
11,17,2030,1,solar,0.5273857428304262
11,18,2030,1,solar,0.2556229377291977
11,19,2030,1,solar,0.03444994296500867
11,20,2030,1,solar,0.0
11,21,2030,1,solar,0.0
11,22,2030,1,solar,0.0
11,23,2030,1,solar,0.0
11,24,2030,1,solar,0.0
11,1,2030,1,wind_offshore,1.2183127786023624
11,2,2030,1,wind_offshore,1.2275761480872192
11,3,2030,1,wind_offshore,1.212646052730246
11,4,2030,1,wind_offshore,1.2060147548959077
11,5,2030,1,wind_offshore,1.2032758130524412
11,6,2030,1,wind_offshore,1.200795250546213
11,7,2030,1,wind_offshore,1.2196325828786205
11,8,2030,1,wind_offshore,1.208332913806074
11,9,2030,1,wind_offshore,1.201843291587136
11,10,2030,1,wind_offshore,1.1991103303186088
11,11,2030,1,wind_offshore,1.2100546250012112
11,12,2030,1,wind_offshore,1.2128426359937188
11,13,2030,1,wind_offshore,1.2239225752688896
11,14,2030,1,wind_offshore,1.231162623789866
11,15,2030,1,wind_offshore,1.2186668909326794
11,16,2030,1,wind_offshore,1.2322513073710688
11,17,2030,1,wind_offshore,1.2199926602017943
11,18,2030,1,wind_offshore,1.2335057224756667
11,19,2030,1,wind_offshore,1.2297618758768996
11,20,2030,1,wind_offshore,1.2210562279201325
11,21,2030,1,wind_offshore,1.1979589449117047
11,22,2030,1,wind_offshore,1.1998865905956997
11,23,2030,1,wind_offshore,1.1742360293460394
11,24,2030,1,wind_offshore,1.1438025507334235
11,1,2030,1,wind_onshore,0.2998189162526665
11,2,2030,1,wind_onshore,0.2737007126778533
11,3,2030,1,wind_onshore,0.24476870059794917
11,4,2030,1,wind_onshore,0.2338482519889008
11,5,2030,1,wind_onshore,0.23497745421906716
11,6,2030,1,wind_onshore,0.23680144436803363
11,7,2030,1,wind_onshore,0.23913333993162705
11,8,2030,1,wind_onshore,0.24329412801559192
11,9,2030,1,wind_onshore,0.21650893448078312
11,10,2030,1,wind_onshore,0.18507802978806612
11,11,2030,1,wind_onshore,0.17093273391647795
11,12,2030,1,wind_onshore,0.18595683754757542
11,13,2030,1,wind_onshore,0.1970467967020835
11,14,2030,1,wind_onshore,0.21384629245172093
11,15,2030,1,wind_onshore,0.23197712201150603
11,16,2030,1,wind_onshore,0.24923158891815606
11,17,2030,1,wind_onshore,0.272405962926508
11,18,2030,1,wind_onshore,0.2866718521018349
11,19,2030,1,wind_onshore,0.3122955593687215
11,20,2030,1,wind_onshore,0.3590869471201965
11,21,2030,1,wind_onshore,0.3573422986813046
11,22,2030,1,wind_onshore,0.3364740381801493
11,23,2030,1,wind_onshore,0.2949433200270515
11,24,2030,1,wind_onshore,0.27986397356623094
12,1,2030,1,demand,0.5156807664327568
12,2,2030,1,demand,0.4937764735238953
12,3,2030,1,demand,0.4842130616719162
12,4,2030,1,demand,0.47350228560214697
12,5,2030,1,demand,0.48452055829152046
12,6,2030,1,demand,0.5242047569223063
12,7,2030,1,demand,0.5761550667128913
12,8,2030,1,demand,0.6348846891556059
12,9,2030,1,demand,0.6763387456104335
12,10,2030,1,demand,0.6936897763120781
12,11,2030,1,demand,0.7065980164100764
12,12,2030,1,demand,0.6983625355611595
12,13,2030,1,demand,0.6920029295242547
12,14,2030,1,demand,0.6700691219389665
12,15,2030,1,demand,0.6490817637169852
12,16,2030,1,demand,0.6415244468724784
12,17,2030,1,demand,0.6345030394917011
12,18,2030,1,demand,0.656710384833736
12,19,2030,1,demand,0.6921214690384258
12,20,2030,1,demand,0.7295909187813312
12,21,2030,1,demand,0.7170987668941704
12,22,2030,1,demand,0.6764504890239549
12,23,2030,1,demand,0.625219602617773
12,24,2030,1,demand,0.5932628018485764
12,1,2030,1,hydro_inflow,0.6247477806360293
12,2,2030,1,hydro_inflow,0.6376128004572997
12,3,2030,1,hydro_inflow,0.6350380558463553
12,4,2030,1,hydro_inflow,0.6268460760275457
12,5,2030,1,hydro_inflow,0.6220542233109474
12,6,2030,1,hydro_inflow,0.6209539780074631
12,7,2030,1,hydro_inflow,0.6309677158064536
12,8,2030,1,hydro_inflow,0.6346816216526149
12,9,2030,1,hydro_inflow,0.6346419928381193
12,10,2030,1,hydro_inflow,0.6349404819111825
12,11,2030,1,hydro_inflow,0.639888883000694
12,12,2030,1,hydro_inflow,0.6415265986099927
12,13,2030,1,hydro_inflow,0.6355327896398025
12,14,2030,1,hydro_inflow,0.6269241607293583
12,15,2030,1,hydro_inflow,0.6253925519194959
12,16,2030,1,hydro_inflow,0.6223704031300229
12,17,2030,1,hydro_inflow,0.621067036223667
12,18,2030,1,hydro_inflow,0.6204258846631058
12,19,2030,1,hydro_inflow,0.6235689839304666
12,20,2030,1,hydro_inflow,0.6228868708090591
12,21,2030,1,hydro_inflow,0.6193605675140853
12,22,2030,1,hydro_inflow,0.6206432944625813
12,23,2030,1,hydro_inflow,0.6296824922916313
12,24,2030,1,hydro_inflow,0.6276533436214042
12,1,2030,1,solar,0.0
12,2,2030,1,solar,0.0
12,3,2030,1,solar,0.0
12,4,2030,1,solar,0.0
12,5,2030,1,solar,0.0
12,6,2030,1,solar,0.0
12,7,2030,1,solar,0.0
12,8,2030,1,solar,0.0
12,9,2030,1,solar,0.0930164878452452
12,10,2030,1,solar,0.2629799972762086
12,11,2030,1,solar,0.4447838014029587
12,12,2030,1,solar,0.6211581158127394
12,13,2030,1,solar,0.7434357183979213
12,14,2030,1,solar,0.7794824667888347
12,15,2030,1,solar,0.7136250634511175
12,16,2030,1,solar,0.5708740540564878
12,17,2030,1,solar,0.35294390877739235
12,18,2030,1,solar,0.11729271066293978
12,19,2030,1,solar,0.0
12,20,2030,1,solar,0.0
12,21,2030,1,solar,0.0
12,22,2030,1,solar,0.0
12,23,2030,1,solar,0.0
12,24,2030,1,solar,0.0
12,1,2030,1,wind_offshore,0.0388831715951206
12,2,2030,1,wind_offshore,0.006104309710286059
12,3,2030,1,wind_offshore,0.0019114699454981605
12,4,2030,1,wind_offshore,0.0004801550766435615
12,5,2030,1,wind_offshore,0.0
12,6,2030,1,wind_offshore,4.210742198703892e-5
12,7,2030,1,wind_offshore,0.0032317438045889554
12,8,2030,1,wind_offshore,0.02640852970100479
12,9,2030,1,wind_offshore,0.06430702161198343
12,10,2030,1,wind_offshore,0.16761398747515996
12,11,2030,1,wind_offshore,0.3016488961281292
12,12,2030,1,wind_offshore,0.3740373702759083
12,13,2030,1,wind_offshore,0.26440435653702127
12,14,2030,1,wind_offshore,0.19355571034587934
12,15,2030,1,wind_offshore,0.1961308476741699
12,16,2030,1,wind_offshore,0.1637379775366016
12,17,2030,1,wind_offshore,0.13630050103636573
12,18,2030,1,wind_offshore,0.14526846618976624
12,19,2030,1,wind_offshore,0.2454590378233569
12,20,2030,1,wind_offshore,0.4085088347983345
12,21,2030,1,wind_offshore,0.6081005140120795
12,22,2030,1,wind_offshore,0.74385273976603
12,23,2030,1,wind_offshore,0.6885868536802751
12,24,2030,1,wind_offshore,0.7953963259801282
12,1,2030,1,wind_onshore,0.2860109059023826
12,2,2030,1,wind_onshore,0.32848822399543254
12,3,2030,1,wind_onshore,0.36768364326698655
12,4,2030,1,wind_onshore,0.37706817593086
12,5,2030,1,wind_onshore,0.3942649618298646
12,6,2030,1,wind_onshore,0.3645935552540045
12,7,2030,1,wind_onshore,0.3406472767192446
12,8,2030,1,wind_onshore,0.32990419964638606
12,9,2030,1,wind_onshore,0.31411389216115726
12,10,2030,1,wind_onshore,0.29167599875944294
12,11,2030,1,wind_onshore,0.2868439187261512
12,12,2030,1,wind_onshore,0.3044285956254978
12,13,2030,1,wind_onshore,0.32419321074230584
12,14,2030,1,wind_onshore,0.3248193046733115
12,15,2030,1,wind_onshore,0.3248425332248228
12,16,2030,1,wind_onshore,0.3322921025673768
12,17,2030,1,wind_onshore,0.3445103297229747
12,18,2030,1,wind_onshore,0.3536109092423143
12,19,2030,1,wind_onshore,0.36708935046536034
12,20,2030,1,wind_onshore,0.33931675912437786
12,21,2030,1,wind_onshore,0.28220846214654954
12,22,2030,1,wind_onshore,0.22149018650900285
12,23,2030,1,wind_onshore,0.1837336716367044
12,24,2030,1,wind_onshore,0.17144699613109327
13,1,2030,1,demand,0.49769428603918303
13,2,2030,1,demand,0.48117830864213773
13,3,2030,1,demand,0.471266205759965
13,4,2030,1,demand,0.46166022176576105
13,5,2030,1,demand,0.4662907011828193
13,6,2030,1,demand,0.49437531443110616
13,7,2030,1,demand,0.5441866244021074
13,8,2030,1,demand,0.5875414260101866
13,9,2030,1,demand,0.6235283292033227
13,10,2030,1,demand,0.6396155531862944
13,11,2030,1,demand,0.6393181426763289
13,12,2030,1,demand,0.6321557470169241
13,13,2030,1,demand,0.6214213894548802
13,14,2030,1,demand,0.6192205912441047
13,15,2030,1,demand,0.607808298218775
13,16,2030,1,demand,0.6152660433966652
13,17,2030,1,demand,0.6172402047891118
13,18,2030,1,demand,0.6476516114273816
13,19,2030,1,demand,0.6794396285561024
13,20,2030,1,demand,0.7109389969629475
13,21,2030,1,demand,0.7064277348279409
13,22,2030,1,demand,0.6524471571235391
13,23,2030,1,demand,0.5905824429840456
13,24,2030,1,demand,0.5617854869673505
13,1,2030,1,hydro_inflow,0.5701751434959687
13,2,2030,1,hydro_inflow,0.5789999306604396
13,3,2030,1,hydro_inflow,0.5870988185094739
13,4,2030,1,hydro_inflow,0.5892666284727263
13,5,2030,1,hydro_inflow,0.5815986330131394
13,6,2030,1,hydro_inflow,0.5821750108468916
13,7,2030,1,hydro_inflow,0.5801804670404864
13,8,2030,1,hydro_inflow,0.576586205772786
13,9,2030,1,hydro_inflow,0.5801325279209568
13,10,2030,1,hydro_inflow,0.5802046495128849
13,11,2030,1,hydro_inflow,0.5759758948571384
13,12,2030,1,hydro_inflow,0.5787654582883454
13,13,2030,1,hydro_inflow,0.5708599434302201
13,14,2030,1,hydro_inflow,0.5678234635524644
13,15,2030,1,hydro_inflow,0.5665248773912492
13,16,2030,1,hydro_inflow,0.5631085769138305
13,17,2030,1,hydro_inflow,0.5622925476803825
13,18,2030,1,hydro_inflow,0.5572025780486024
13,19,2030,1,hydro_inflow,0.5627480177486535
13,20,2030,1,hydro_inflow,0.5709542818745933
13,21,2030,1,hydro_inflow,0.5581451881979996
13,22,2030,1,hydro_inflow,0.5563200435783594
13,23,2030,1,hydro_inflow,0.5702890692476574
13,24,2030,1,hydro_inflow,0.5715219476968617
13,1,2030,1,solar,0.0
13,2,2030,1,solar,0.0
13,3,2030,1,solar,0.0
13,4,2030,1,solar,0.0
13,5,2030,1,solar,0.0
13,6,2030,1,solar,0.0
13,7,2030,1,solar,0.0
13,8,2030,1,solar,0.0
13,9,2030,1,solar,0.10753781791754605
13,10,2030,1,solar,0.32118739307524263
13,11,2030,1,solar,0.5149013361954768
13,12,2030,1,solar,0.6588999437672342
13,13,2030,1,solar,0.7341639598635821
13,14,2030,1,solar,0.7469261329257424
13,15,2030,1,solar,0.6804870129625241
13,16,2030,1,solar,0.5188636947431625
13,17,2030,1,solar,0.2919214040607589
13,18,2030,1,solar,0.05835075260565498
13,19,2030,1,solar,0.0
13,20,2030,1,solar,0.0
13,21,2030,1,solar,0.0
13,22,2030,1,solar,0.0
13,23,2030,1,solar,0.0
13,24,2030,1,solar,0.0
13,1,2030,1,wind_offshore,1.174713337626642
13,2,2030,1,wind_offshore,1.199340398317718
13,3,2030,1,wind_offshore,1.1980100202449324
13,4,2030,1,wind_offshore,1.170278191885697
13,5,2030,1,wind_offshore,1.1677028592200696
13,6,2030,1,wind_offshore,1.1700434662489667
13,7,2030,1,wind_offshore,1.149081566806741
13,8,2030,1,wind_offshore,1.1021819263350776
13,9,2030,1,wind_offshore,1.0824298873650622
13,10,2030,1,wind_offshore,1.0441256933974574
13,11,2030,1,wind_offshore,1.1234231034685394
13,12,2030,1,wind_offshore,1.0967286909649696
13,13,2030,1,wind_offshore,1.043287837111913
13,14,2030,1,wind_offshore,1.0000281231488843
13,15,2030,1,wind_offshore,1.0249873846804858
13,16,2030,1,wind_offshore,1.0781169808027755
13,17,2030,1,wind_offshore,1.1258242915918002
13,18,2030,1,wind_offshore,1.1551547107945512
13,19,2030,1,wind_offshore,1.1680678369645
13,20,2030,1,wind_offshore,1.1739069604659682
13,21,2030,1,wind_offshore,1.1773789450438925
13,22,2030,1,wind_offshore,1.163158631661208
13,23,2030,1,wind_offshore,1.196582253619308
13,24,2030,1,wind_offshore,1.208751425739272
13,1,2030,1,wind_onshore,0.721693414360057
13,2,2030,1,wind_onshore,0.7455822627369935
13,3,2030,1,wind_onshore,0.7484647948503113
13,4,2030,1,wind_onshore,0.7532687362148205
13,5,2030,1,wind_onshore,0.7447294190736627
13,6,2030,1,wind_onshore,0.7309724771495905
13,7,2030,1,wind_onshore,0.7227192784291766
13,8,2030,1,wind_onshore,0.7213638207472567
13,9,2030,1,wind_onshore,0.7160556988656226
13,10,2030,1,wind_onshore,0.7026855594099731
13,11,2030,1,wind_onshore,0.6931794134358419
13,12,2030,1,wind_onshore,0.7128795890099835
13,13,2030,1,wind_onshore,0.7415353096858249
13,14,2030,1,wind_onshore,0.7532585252159963
13,15,2030,1,wind_onshore,0.7545322160202353
13,16,2030,1,wind_onshore,0.7291415901942444
13,17,2030,1,wind_onshore,0.7131518903876567
13,18,2030,1,wind_onshore,0.7410607620168358
13,19,2030,1,wind_onshore,0.7715155626221382
13,20,2030,1,wind_onshore,0.802549946397194
13,21,2030,1,wind_onshore,0.8200728894470609
13,22,2030,1,wind_onshore,0.8134521436382446
13,23,2030,1,wind_onshore,0.8486905016992193
13,24,2030,1,wind_onshore,0.8625271975604853
14,1,2030,1,demand,0.519944101046167
14,2,2030,1,demand,0.5044502510838947
14,3,2030,1,demand,0.49494253204344396
14,4,2030,1,demand,0.48378274957325684
14,5,2030,1,demand,0.4920662914075921
14,6,2030,1,demand,0.5155641914404477
14,7,2030,1,demand,0.5555417061393884
14,8,2030,1,demand,0.603439546616505
14,9,2030,1,demand,0.6503608782790313
14,10,2030,1,demand,0.6817908372947532
14,11,2030,1,demand,0.6905802585765242
14,12,2030,1,demand,0.6725803562875394
14,13,2030,1,demand,0.6570269940104116
14,14,2030,1,demand,0.6453600299220541
14,15,2030,1,demand,0.6314665319341805
14,16,2030,1,demand,0.6178174897205942
14,17,2030,1,demand,0.6144221615972767
14,18,2030,1,demand,0.6291601461626753
14,19,2030,1,demand,0.6590940759016486
14,20,2030,1,demand,0.689261221566292
14,21,2030,1,demand,0.6842228283162481
14,22,2030,1,demand,0.6433078108189688
14,23,2030,1,demand,0.5913268590680815
14,24,2030,1,demand,0.5687589599956109
14,1,2030,1,hydro_inflow,0.4648003488232637
14,2,2030,1,hydro_inflow,0.479826020483251
14,3,2030,1,hydro_inflow,0.47931328502542003
14,4,2030,1,hydro_inflow,0.4835663241183993
14,5,2030,1,hydro_inflow,0.4879886459349822
14,6,2030,1,hydro_inflow,0.4957185085807529
14,7,2030,1,hydro_inflow,0.4952311522276779
14,8,2030,1,hydro_inflow,0.4959166753077026
14,9,2030,1,hydro_inflow,0.49643274413765565
14,10,2030,1,hydro_inflow,0.49865341895699794
14,11,2030,1,hydro_inflow,0.4983714263623594
14,12,2030,1,hydro_inflow,0.49624976836171747
14,13,2030,1,hydro_inflow,0.5004851039940353
14,14,2030,1,hydro_inflow,0.4996821878135944
14,15,2030,1,hydro_inflow,0.5013362053920959
14,16,2030,1,hydro_inflow,0.5076588282056373
14,17,2030,1,hydro_inflow,0.5106471407968638
14,18,2030,1,hydro_inflow,0.5065937846665047
14,19,2030,1,hydro_inflow,0.4992729138236547
14,20,2030,1,hydro_inflow,0.49620771985472273
14,21,2030,1,hydro_inflow,0.4968672414775524
14,22,2030,1,hydro_inflow,0.5008032051307431
14,23,2030,1,hydro_inflow,0.4932301847930133
14,24,2030,1,hydro_inflow,0.4904153121031469
14,1,2030,1,solar,0.0
14,2,2030,1,solar,0.0
14,3,2030,1,solar,0.0
14,4,2030,1,solar,0.0
14,5,2030,1,solar,0.0
14,6,2030,1,solar,0.0
14,7,2030,1,solar,0.0
14,8,2030,1,solar,0.009222698615564563
14,9,2030,1,solar,0.09479255370867848
14,10,2030,1,solar,0.24303356875153534
14,11,2030,1,solar,0.3728364974818072
14,12,2030,1,solar,0.4639411895756468
14,13,2030,1,solar,0.5422634989244146
14,14,2030,1,solar,0.545012533874931
14,15,2030,1,solar,0.47130116907051556
14,16,2030,1,solar,0.372670873528126
14,17,2030,1,solar,0.23847628312507416
14,18,2030,1,solar,0.1005332678339808
14,19,2030,1,solar,0.0019117922688490882
14,20,2030,1,solar,0.0
14,21,2030,1,solar,0.0
14,22,2030,1,solar,0.0
14,23,2030,1,solar,0.0
14,24,2030,1,solar,0.0
14,1,2030,1,wind_offshore,0.6111459989763482
14,2,2030,1,wind_offshore,0.6329065587811518
14,3,2030,1,wind_offshore,0.6040849257631026
14,4,2030,1,wind_offshore,0.5967315278925985
14,5,2030,1,wind_offshore,0.5830794439884667
14,6,2030,1,wind_offshore,0.5814573816766186
14,7,2030,1,wind_offshore,0.5996236455641961
14,8,2030,1,wind_offshore,0.6267882300318827
14,9,2030,1,wind_offshore,0.671682285456335
14,10,2030,1,wind_offshore,0.6903974623099567
14,11,2030,1,wind_offshore,0.5567888737730036
14,12,2030,1,wind_offshore,0.5464438859906582
14,13,2030,1,wind_offshore,0.5498940421103334
14,14,2030,1,wind_offshore,0.5444855148242971
14,15,2030,1,wind_offshore,0.5439194270554298
14,16,2030,1,wind_offshore,0.506214848668693
14,17,2030,1,wind_offshore,0.4368353612617891
14,18,2030,1,wind_offshore,0.3735232434949834
14,19,2030,1,wind_offshore,0.30781168933191644
14,20,2030,1,wind_offshore,0.24851514492089113
14,21,2030,1,wind_offshore,0.15942244190109559
14,22,2030,1,wind_offshore,0.10887176618729459
14,23,2030,1,wind_offshore,0.10615850547098699
14,24,2030,1,wind_offshore,0.12539190277859233
14,1,2030,1,wind_onshore,0.8236316199734077
14,2,2030,1,wind_onshore,0.787638169527611
14,3,2030,1,wind_onshore,0.7505618929632945
14,4,2030,1,wind_onshore,0.7135865204509374
14,5,2030,1,wind_onshore,0.6829341843514195
14,6,2030,1,wind_onshore,0.6381405009736585
14,7,2030,1,wind_onshore,0.5966956869368953
14,8,2030,1,wind_onshore,0.5653487854172227
14,9,2030,1,wind_onshore,0.5489954478960123
14,10,2030,1,wind_onshore,0.5959068428128764
14,11,2030,1,wind_onshore,0.5924618325454194
14,12,2030,1,wind_onshore,0.5773942396989626
14,13,2030,1,wind_onshore,0.5703552710452838
14,14,2030,1,wind_onshore,0.5481144689614645
14,15,2030,1,wind_onshore,0.5593875225653775
14,16,2030,1,wind_onshore,0.5615375723103538
14,17,2030,1,wind_onshore,0.5619324581043691
14,18,2030,1,wind_onshore,0.5186647640059222
14,19,2030,1,wind_onshore,0.45356933238014796
14,20,2030,1,wind_onshore,0.4333046631351206
14,21,2030,1,wind_onshore,0.409483547404615
14,22,2030,1,wind_onshore,0.37836147161401595
14,23,2030,1,wind_onshore,0.354893726166372
14,24,2030,1,wind_onshore,0.31900179656356203
15,1,2030,1,demand,0.5314914347091364
15,2,2030,1,demand,0.5156277917661206
15,3,2030,1,demand,0.5180262836531089
15,4,2030,1,demand,0.5071188248667573
15,5,2030,1,demand,0.5171465093256467
15,6,2030,1,demand,0.5326513061879551
15,7,2030,1,demand,0.5669272359779908
15,8,2030,1,demand,0.6106409316564897
15,9,2030,1,demand,0.661229107574065
15,10,2030,1,demand,0.6889703079255092
15,11,2030,1,demand,0.7253149652609875
15,12,2030,1,demand,0.7366040144987449
15,13,2030,1,demand,0.7369662452994056
15,14,2030,1,demand,0.7247085475672186
15,15,2030,1,demand,0.7127047790176685
15,16,2030,1,demand,0.6999304327857686
15,17,2030,1,demand,0.6801162248186492
15,18,2030,1,demand,0.6727905585959322
15,19,2030,1,demand,0.6595199131395093
15,20,2030,1,demand,0.6520275775323784
15,21,2030,1,demand,0.6379307868256304
15,22,2030,1,demand,0.5979389995595797
15,23,2030,1,demand,0.5668780777385966
15,24,2030,1,demand,0.5604549635289684
15,1,2030,1,hydro_inflow,0.3013951875219649
15,2,2030,1,hydro_inflow,0.3022241054790102
15,3,2030,1,hydro_inflow,0.3068940992076064
15,4,2030,1,hydro_inflow,0.3062815839283238
15,5,2030,1,hydro_inflow,0.30078501230645066
15,6,2030,1,hydro_inflow,0.30171920789567636
15,7,2030,1,hydro_inflow,0.3064320482129184
15,8,2030,1,hydro_inflow,0.30616949366751833
15,9,2030,1,hydro_inflow,0.30536988446840896
15,10,2030,1,hydro_inflow,0.3089023054373546
15,11,2030,1,hydro_inflow,0.3118300823448743
15,12,2030,1,hydro_inflow,0.3092727256097519
15,13,2030,1,hydro_inflow,0.3098152517177918
15,14,2030,1,hydro_inflow,0.3056680300645259
15,15,2030,1,hydro_inflow,0.3037846764758551
15,16,2030,1,hydro_inflow,0.3019147478076898
15,17,2030,1,hydro_inflow,0.3019661975245034
15,18,2030,1,hydro_inflow,0.3028849393469735
15,19,2030,1,hydro_inflow,0.30400132822601883
15,20,2030,1,hydro_inflow,0.3029476269710976
15,21,2030,1,hydro_inflow,0.3033608314387016
15,22,2030,1,hydro_inflow,0.3064241873276181
15,23,2030,1,hydro_inflow,0.312633631540256
15,24,2030,1,hydro_inflow,0.3117227939966876
15,1,2030,1,solar,0.0
15,2,2030,1,solar,0.0
15,3,2030,1,solar,0.0
15,4,2030,1,solar,0.0
15,5,2030,1,solar,0.0
15,6,2030,1,solar,0.0
15,7,2030,1,solar,0.0057619787035265825
15,8,2030,1,solar,0.16591150539700358
15,9,2030,1,solar,0.42250894211742174
15,10,2030,1,solar,0.6649341385396411
15,11,2030,1,solar,0.7972218116444879
15,12,2030,1,solar,0.8439731093396807
15,13,2030,1,solar,0.8388113635973363
15,14,2030,1,solar,0.8079781643208881
15,15,2030,1,solar,0.701918683166256
15,16,2030,1,solar,0.5800726569806095
15,17,2030,1,solar,0.4326111643408173
15,18,2030,1,solar,0.24187333215590714
15,19,2030,1,solar,0.06411467212286383
15,20,2030,1,solar,3.963617403149143e-6
15,21,2030,1,solar,0.0
15,22,2030,1,solar,0.0
15,23,2030,1,solar,0.0
15,24,2030,1,solar,0.0
15,1,2030,1,wind_offshore,0.4848380231633648
15,2,2030,1,wind_offshore,0.49438175048116917
15,3,2030,1,wind_offshore,0.510763374287969
15,4,2030,1,wind_offshore,0.5021699479723455
15,5,2030,1,wind_offshore,0.47982224530626066
15,6,2030,1,wind_offshore,0.47232104558473864
15,7,2030,1,wind_offshore,0.48555381731249114
15,8,2030,1,wind_offshore,0.4965749333205258
15,9,2030,1,wind_offshore,0.5182224863320561
15,10,2030,1,wind_offshore,0.5194715474378597
15,11,2030,1,wind_offshore,0.5823369949191094
15,12,2030,1,wind_offshore,0.5821613366043032
15,13,2030,1,wind_offshore,0.6389086951876118
15,14,2030,1,wind_offshore,0.659449605015227
15,15,2030,1,wind_offshore,0.6848433246715994
15,16,2030,1,wind_offshore,0.6849211111442656
15,17,2030,1,wind_offshore,0.6656425392449231
15,18,2030,1,wind_offshore,0.6735925156789898
15,19,2030,1,wind_offshore,0.7090719148826994
15,20,2030,1,wind_offshore,0.7474345991602501
15,21,2030,1,wind_offshore,0.7583158000671618
15,22,2030,1,wind_offshore,0.7354287515622955
15,23,2030,1,wind_offshore,0.6456204334801678
15,24,2030,1,wind_offshore,0.5834641592444242
15,1,2030,1,wind_onshore,0.20836596006391722
15,2,2030,1,wind_onshore,0.20052956342315453
15,3,2030,1,wind_onshore,0.2021606658495925
15,4,2030,1,wind_onshore,0.20692203917870056
15,5,2030,1,wind_onshore,0.2016677572128814
15,6,2030,1,wind_onshore,0.20697379490500423
15,7,2030,1,wind_onshore,0.2142215622128559
15,8,2030,1,wind_onshore,0.21020238961011636
15,9,2030,1,wind_onshore,0.21308522813374428
15,10,2030,1,wind_onshore,0.24097104921110205
15,11,2030,1,wind_onshore,0.26295001723989203
15,12,2030,1,wind_onshore,0.30237908927421175
15,13,2030,1,wind_onshore,0.338573648366998
15,14,2030,1,wind_onshore,0.3728815089044607
15,15,2030,1,wind_onshore,0.4095649353628473
15,16,2030,1,wind_onshore,0.42204605032285397
15,17,2030,1,wind_onshore,0.4355989592244664
15,18,2030,1,wind_onshore,0.44211327410633705
15,19,2030,1,wind_onshore,0.4490417702056488
15,20,2030,1,wind_onshore,0.4692296248719736
15,21,2030,1,wind_onshore,0.47907060978387245
15,22,2030,1,wind_onshore,0.4947470913840836
15,23,2030,1,wind_onshore,0.45760646537366095
15,24,2030,1,wind_onshore,0.4219004514745678
16,1,2030,1,demand,0.44834082450199264
16,2,2030,1,demand,0.4530942711320503
16,3,2030,1,demand,0.4551867402744451
16,4,2030,1,demand,0.454086123307997
16,5,2030,1,demand,0.4639611943304294
16,6,2030,1,demand,0.49712977221827315
16,7,2030,1,demand,0.5376181756270636
16,8,2030,1,demand,0.5744674597855067
16,9,2030,1,demand,0.5951610959883988
16,10,2030,1,demand,0.5978418897720683
16,11,2030,1,demand,0.5840838029890606
16,12,2030,1,demand,0.5855250037775653
16,13,2030,1,demand,0.5845194438222348
16,14,2030,1,demand,0.5695801031690884
16,15,2030,1,demand,0.5778226441876612
16,16,2030,1,demand,0.5774280513221297
16,17,2030,1,demand,0.5815097020702323
16,18,2030,1,demand,0.5919585539789053
16,19,2030,1,demand,0.6007753631267188
16,20,2030,1,demand,0.607523674089285
16,21,2030,1,demand,0.596750776744636
16,22,2030,1,demand,0.5502255681046965
16,23,2030,1,demand,0.5114894718154228
16,24,2030,1,demand,0.5077881308231451
16,1,2030,1,hydro_inflow,0.28801020899662194
16,2,2030,1,hydro_inflow,0.2877366882351199
16,3,2030,1,hydro_inflow,0.28689811012855604
16,4,2030,1,hydro_inflow,0.2817093984705632
16,5,2030,1,hydro_inflow,0.27571946655966467
16,6,2030,1,hydro_inflow,0.2700149534345925
16,7,2030,1,hydro_inflow,0.2769628782308163
16,8,2030,1,hydro_inflow,0.2794512060806478
16,9,2030,1,hydro_inflow,0.27651427385557764
16,10,2030,1,hydro_inflow,0.27903761686939627
16,11,2030,1,hydro_inflow,0.2770685404621237
16,12,2030,1,hydro_inflow,0.2802766165268429
16,13,2030,1,hydro_inflow,0.2784407915700688
16,14,2030,1,hydro_inflow,0.2795713208855904
16,15,2030,1,hydro_inflow,0.27798559405482964
16,16,2030,1,hydro_inflow,0.27938224799985756
16,17,2030,1,hydro_inflow,0.2802480696119496
16,18,2030,1,hydro_inflow,0.2753845986333327
16,19,2030,1,hydro_inflow,0.27619612229635926
16,20,2030,1,hydro_inflow,0.275537543906364
16,21,2030,1,hydro_inflow,0.2812411279122267
16,22,2030,1,hydro_inflow,0.27367620362779665
16,23,2030,1,hydro_inflow,0.27728648806136424
16,24,2030,1,hydro_inflow,0.2829648426658878
16,1,2030,1,solar,0.0
16,2,2030,1,solar,0.0
16,3,2030,1,solar,0.0
16,4,2030,1,solar,0.0
16,5,2030,1,solar,0.0
16,6,2030,1,solar,0.0
16,7,2030,1,solar,0.0
16,8,2030,1,solar,0.024095634712483962
16,9,2030,1,solar,0.1301486576080797
16,10,2030,1,solar,0.24870364218086832
16,11,2030,1,solar,0.3422975660799503
16,12,2030,1,solar,0.41274977594129775
16,13,2030,1,solar,0.41381890370455643
16,14,2030,1,solar,0.35972343294751014
16,15,2030,1,solar,0.28304301271551097
16,16,2030,1,solar,0.19038329077518149
16,17,2030,1,solar,0.10246088129422287
16,18,2030,1,solar,0.021900254076944816
16,19,2030,1,solar,0.0
16,20,2030,1,solar,0.0
16,21,2030,1,solar,0.0
16,22,2030,1,solar,0.0
16,23,2030,1,solar,0.0
16,24,2030,1,solar,0.0
16,1,2030,1,wind_offshore,1.1836491923711232
16,2,2030,1,wind_offshore,1.1914059218603599
16,3,2030,1,wind_offshore,1.1983914785811094
16,4,2030,1,wind_offshore,1.1899523268829668
16,5,2030,1,wind_offshore,1.1999886130437183
16,6,2030,1,wind_offshore,1.2296240250557966
16,7,2030,1,wind_offshore,1.2331949024294035
16,8,2030,1,wind_offshore,1.2346717416373705
16,9,2030,1,wind_offshore,1.2372156752574257
16,10,2030,1,wind_offshore,1.2427896443775006
16,11,2030,1,wind_offshore,1.2217987718260237
16,12,2030,1,wind_offshore,1.2319682629708335
16,13,2030,1,wind_offshore,1.2212071215920608
16,14,2030,1,wind_offshore,1.2109902529128103
16,15,2030,1,wind_offshore,1.195299114853373
16,16,2030,1,wind_offshore,1.2003237579359467
16,17,2030,1,wind_offshore,1.1914590978207442
16,18,2030,1,wind_offshore,1.2018480618325629
16,19,2030,1,wind_offshore,1.1994827795694332
16,20,2030,1,wind_offshore,1.201266003544515
16,21,2030,1,wind_offshore,1.1839797345436418
16,22,2030,1,wind_offshore,1.17135362357315
16,23,2030,1,wind_offshore,1.1981145560397326
16,24,2030,1,wind_offshore,1.1769960217644773
16,1,2030,1,wind_onshore,0.696451146737267
16,2,2030,1,wind_onshore,0.700600055493586
16,3,2030,1,wind_onshore,0.6936741762055268
16,4,2030,1,wind_onshore,0.6970197805471695
16,5,2030,1,wind_onshore,0.7065241964943595
16,6,2030,1,wind_onshore,0.7401874395473722
16,7,2030,1,wind_onshore,0.7551367427026789
16,8,2030,1,wind_onshore,0.7652529372625818
16,9,2030,1,wind_onshore,0.7591921754443811
16,10,2030,1,wind_onshore,0.7600171222840133
16,11,2030,1,wind_onshore,0.8088607469736058
16,12,2030,1,wind_onshore,0.8099724869156943
16,13,2030,1,wind_onshore,0.821153715628045
16,14,2030,1,wind_onshore,0.8072399397951379
16,15,2030,1,wind_onshore,0.7941775596624584
16,16,2030,1,wind_onshore,0.8036837750189276
16,17,2030,1,wind_onshore,0.7768690756537959
16,18,2030,1,wind_onshore,0.7473047464204503
16,19,2030,1,wind_onshore,0.7089088049667434
16,20,2030,1,wind_onshore,0.6741031750147717
16,21,2030,1,wind_onshore,0.6203156320084604
16,22,2030,1,wind_onshore,0.5649318862024749
16,23,2030,1,wind_onshore,0.45077553415262445
16,24,2030,1,wind_onshore,0.4078917458722779
17,1,2030,1,demand,0.4366082780030224
17,2,2030,1,demand,0.4333258096335912
17,3,2030,1,demand,0.42537979282248034
17,4,2030,1,demand,0.43046265548920115
17,5,2030,1,demand,0.4269830539258168
17,6,2030,1,demand,0.43077959052642706
17,7,2030,1,demand,0.451102231407976
17,8,2030,1,demand,0.4856117218616104
17,9,2030,1,demand,0.5119219355528278
17,10,2030,1,demand,0.5275817111512965
17,11,2030,1,demand,0.5272034737541319
17,12,2030,1,demand,0.5156968981994644
17,13,2030,1,demand,0.5107865565635513
17,14,2030,1,demand,0.5124243974987991
17,15,2030,1,demand,0.5004588079890689
17,16,2030,1,demand,0.4851344050669955
17,17,2030,1,demand,0.48532991451154434
17,18,2030,1,demand,0.5005160215385702
17,19,2030,1,demand,0.5267573506232742
17,20,2030,1,demand,0.5458857691970261
17,21,2030,1,demand,0.5503725202233698
17,22,2030,1,demand,0.5287476584191491
17,23,2030,1,demand,0.500036710527048
17,24,2030,1,demand,0.4832520683012374
17,1,2030,1,hydro_inflow,0.2525910093410172
17,2,2030,1,hydro_inflow,0.2522152891883952
17,3,2030,1,hydro_inflow,0.2509040631012387
17,4,2030,1,hydro_inflow,0.25530901558103736
17,5,2030,1,hydro_inflow,0.25622115558994357
17,6,2030,1,hydro_inflow,0.2561339923517293
17,7,2030,1,hydro_inflow,0.2512919942311866
17,8,2030,1,hydro_inflow,0.24857091695016922
17,9,2030,1,hydro_inflow,0.25140173268760213
17,10,2030,1,hydro_inflow,0.2522475781469943
17,11,2030,1,hydro_inflow,0.2528331477538789
17,12,2030,1,hydro_inflow,0.25218411082506376
17,13,2030,1,hydro_inflow,0.24900426853569815
17,14,2030,1,hydro_inflow,0.2490864854774559
17,15,2030,1,hydro_inflow,0.2501875968803919
17,16,2030,1,hydro_inflow,0.25374563790005306
17,17,2030,1,hydro_inflow,0.2493648520280424
17,18,2030,1,hydro_inflow,0.24962805662707863
17,19,2030,1,hydro_inflow,0.25475890890530206
17,20,2030,1,hydro_inflow,0.2545796939604813
17,21,2030,1,hydro_inflow,0.24944233742484898
17,22,2030,1,hydro_inflow,0.24936921407319623
17,23,2030,1,hydro_inflow,0.2491859932047413
17,24,2030,1,hydro_inflow,0.25343460645226973
17,1,2030,1,solar,0.0
17,2,2030,1,solar,0.0
17,3,2030,1,solar,0.0
17,4,2030,1,solar,0.0
17,5,2030,1,solar,0.0
17,6,2030,1,solar,0.0
17,7,2030,1,solar,0.0
17,8,2030,1,solar,0.12327934828152842
17,9,2030,1,solar,0.3887211485408242
17,10,2030,1,solar,0.6475287167841435
17,11,2030,1,solar,0.8027933739468307
17,12,2030,1,solar,0.8910593097384174
17,13,2030,1,solar,0.8985841898135492
17,14,2030,1,solar,0.8339718693183645
17,15,2030,1,solar,0.7277963792980138
17,16,2030,1,solar,0.5841948741885603
17,17,2030,1,solar,0.38037281732559125
17,18,2030,1,solar,0.15401659466961293
17,19,2030,1,solar,0.0026317814883474555
17,20,2030,1,solar,0.0
17,21,2030,1,solar,0.0
17,22,2030,1,solar,0.0
17,23,2030,1,solar,0.0
17,24,2030,1,solar,0.0
17,1,2030,1,wind_offshore,0.9478897113273335
17,2,2030,1,wind_offshore,0.8423033383150007
17,3,2030,1,wind_offshore,0.755002738514265
17,4,2030,1,wind_offshore,0.6996420764220057
17,5,2030,1,wind_offshore,0.698957154507759
17,6,2030,1,wind_offshore,0.7257864812605087
17,7,2030,1,wind_offshore,0.688342849934166
17,8,2030,1,wind_offshore,0.6859738985250488
17,9,2030,1,wind_offshore,0.69083611737042
17,10,2030,1,wind_offshore,0.6348880392801253
17,11,2030,1,wind_offshore,0.5605731213801111
17,12,2030,1,wind_offshore,0.5001190475997777
17,13,2030,1,wind_offshore,0.493982494502776
17,14,2030,1,wind_offshore,0.4918288502697269
17,15,2030,1,wind_offshore,0.47106248272750667
17,16,2030,1,wind_offshore,0.4247471535518866
17,17,2030,1,wind_offshore,0.3939358274455574
17,18,2030,1,wind_offshore,0.329925166847283
17,19,2030,1,wind_offshore,0.3041278264985844
17,20,2030,1,wind_offshore,0.2785356980829734
17,21,2030,1,wind_offshore,0.27677273778205025
17,22,2030,1,wind_offshore,0.3126881045549042
17,23,2030,1,wind_offshore,0.27704744128190806
17,24,2030,1,wind_offshore,0.24243227426648595
17,1,2030,1,wind_onshore,0.32839796815440553
17,2,2030,1,wind_onshore,0.2911850204111849
17,3,2030,1,wind_onshore,0.27083438012543987
17,4,2030,1,wind_onshore,0.270694366042084
17,5,2030,1,wind_onshore,0.26092364212897257
17,6,2030,1,wind_onshore,0.26137255563130607
17,7,2030,1,wind_onshore,0.2634355068144127
17,8,2030,1,wind_onshore,0.2693480581404549
17,9,2030,1,wind_onshore,0.2750327600004467
17,10,2030,1,wind_onshore,0.298760539468387
17,11,2030,1,wind_onshore,0.3419503232750146
17,12,2030,1,wind_onshore,0.3259799451060515
17,13,2030,1,wind_onshore,0.2886750851925378
17,14,2030,1,wind_onshore,0.25137195879738805
17,15,2030,1,wind_onshore,0.2366208070144261
17,16,2030,1,wind_onshore,0.2428319690142506
17,17,2030,1,wind_onshore,0.26514198101350217
17,18,2030,1,wind_onshore,0.2845527704278814
17,19,2030,1,wind_onshore,0.3170505014937907
17,20,2030,1,wind_onshore,0.34097084079271744
17,21,2030,1,wind_onshore,0.3308361439188939
17,22,2030,1,wind_onshore,0.31220462674163063
17,23,2030,1,wind_onshore,0.2723305456820338
17,24,2030,1,wind_onshore,0.24280050933991656
18,1,2030,1,demand,0.45660340257325266
18,2,2030,1,demand,0.4571403977276096
18,3,2030,1,demand,0.4480342288720076
18,4,2030,1,demand,0.44722029818058956
18,5,2030,1,demand,0.4597817992271677
18,6,2030,1,demand,0.4952517741749517
18,7,2030,1,demand,0.5293207018569103
18,8,2030,1,demand,0.5614301846368203
18,9,2030,1,demand,0.5812741087049231
18,10,2030,1,demand,0.5861467769376496
18,11,2030,1,demand,0.5921334065080236
18,12,2030,1,demand,0.5985380227565034
18,13,2030,1,demand,0.6025464792375422
18,14,2030,1,demand,0.5895355642823029
18,15,2030,1,demand,0.5865211212583329
18,16,2030,1,demand,0.5924761882043165
18,17,2030,1,demand,0.5914777336702216
18,18,2030,1,demand,0.5948649957547034
18,19,2030,1,demand,0.5957754352757563
18,20,2030,1,demand,0.6031413036973767
18,21,2030,1,demand,0.5748655896208066
18,22,2030,1,demand,0.5373045044670576
18,23,2030,1,demand,0.49796928419983444
18,24,2030,1,demand,0.49118799212023195
18,1,2030,1,hydro_inflow,0.2880214705057421
18,2,2030,1,hydro_inflow,0.2904827260578463
18,3,2030,1,hydro_inflow,0.2892140632143415
18,4,2030,1,hydro_inflow,0.2917838099881251
18,5,2030,1,hydro_inflow,0.2919961700335924
18,6,2030,1,hydro_inflow,0.28981673739548436
18,7,2030,1,hydro_inflow,0.28823596576835225
18,8,2030,1,hydro_inflow,0.29032292002704435
18,9,2030,1,hydro_inflow,0.29122227948411733
18,10,2030,1,hydro_inflow,0.2905758849180783
18,11,2030,1,hydro_inflow,0.2887056855977983
18,12,2030,1,hydro_inflow,0.29181791414401614
18,13,2030,1,hydro_inflow,0.2919591286079549
18,14,2030,1,hydro_inflow,0.28900910456968715
18,15,2030,1,hydro_inflow,0.2862010903501151
18,16,2030,1,hydro_inflow,0.2907387004242559
18,17,2030,1,hydro_inflow,0.2930226479229169
18,18,2030,1,hydro_inflow,0.2901088015979916
18,19,2030,1,hydro_inflow,0.2889324743693527
18,20,2030,1,hydro_inflow,0.2935655903906348
18,21,2030,1,hydro_inflow,0.29824175495629285
18,22,2030,1,hydro_inflow,0.2968866370939367
18,23,2030,1,hydro_inflow,0.29864325843934747
18,24,2030,1,hydro_inflow,0.2944631190072407
18,1,2030,1,solar,0.0
18,2,2030,1,solar,0.0
18,3,2030,1,solar,0.0
18,4,2030,1,solar,0.0
18,5,2030,1,solar,0.0
18,6,2030,1,solar,0.0
18,7,2030,1,solar,0.0
18,8,2030,1,solar,0.08384258169783472
18,9,2030,1,solar,0.2921073971793679
18,10,2030,1,solar,0.5111226941667967
18,11,2030,1,solar,0.6493904138022111
18,12,2030,1,solar,0.7481297634394393
18,13,2030,1,solar,0.7947546427780655
18,14,2030,1,solar,0.7617683875824686
18,15,2030,1,solar,0.673453828413567
18,16,2030,1,solar,0.5211351853614676
18,17,2030,1,solar,0.3092824026775893
18,18,2030,1,solar,0.10182200603652439
18,19,2030,1,solar,0.0
18,20,2030,1,solar,0.0
18,21,2030,1,solar,0.0
18,22,2030,1,solar,0.0
18,23,2030,1,solar,0.0
18,24,2030,1,solar,0.0
18,1,2030,1,wind_offshore,0.8998742212369738
18,2,2030,1,wind_offshore,0.8873003631025541
18,3,2030,1,wind_offshore,0.855068872915027
18,4,2030,1,wind_offshore,0.8768912473922852
18,5,2030,1,wind_offshore,0.839942101631661
18,6,2030,1,wind_offshore,0.8957139929528297
18,7,2030,1,wind_offshore,1.0155589226357675
18,8,2030,1,wind_offshore,1.0520277441695753
18,9,2030,1,wind_offshore,1.0761806926384905
18,10,2030,1,wind_offshore,1.0933166892861483
18,11,2030,1,wind_offshore,1.18759940513665
18,12,2030,1,wind_offshore,1.159880257968858
18,13,2030,1,wind_offshore,1.1778876842630452
18,14,2030,1,wind_offshore,1.1959642386644898
18,15,2030,1,wind_offshore,1.2122797457754135
18,16,2030,1,wind_offshore,1.2013897914699374
18,17,2030,1,wind_offshore,1.1963590735572067
18,18,2030,1,wind_offshore,1.2029579090773752
18,19,2030,1,wind_offshore,1.2170617975765663
18,20,2030,1,wind_offshore,1.2098306815547213
18,21,2030,1,wind_offshore,1.2188660593561753
18,22,2030,1,wind_offshore,1.2157550580422323
18,23,2030,1,wind_offshore,1.2289719091939286
18,24,2030,1,wind_offshore,1.218078203877836
18,1,2030,1,wind_onshore,0.24040053755386565
18,2,2030,1,wind_onshore,0.2429121517055591
18,3,2030,1,wind_onshore,0.24323963186978367
18,4,2030,1,wind_onshore,0.2400328087807758
18,5,2030,1,wind_onshore,0.23836046842327457
18,6,2030,1,wind_onshore,0.2461542779623515
18,7,2030,1,wind_onshore,0.2546632605697901
18,8,2030,1,wind_onshore,0.261680426828557
18,9,2030,1,wind_onshore,0.2406477852225556
18,10,2030,1,wind_onshore,0.22407555169901044
18,11,2030,1,wind_onshore,0.30992184926823946
18,12,2030,1,wind_onshore,0.35797448907126495
18,13,2030,1,wind_onshore,0.38992831606052925
18,14,2030,1,wind_onshore,0.41488127244820383
18,15,2030,1,wind_onshore,0.4364084766570158
18,16,2030,1,wind_onshore,0.4331589669219651
18,17,2030,1,wind_onshore,0.42113650055918417
18,18,2030,1,wind_onshore,0.37161152799092273
18,19,2030,1,wind_onshore,0.36501644002373856
18,20,2030,1,wind_onshore,0.3703229998019539
18,21,2030,1,wind_onshore,0.38208157948587573
18,22,2030,1,wind_onshore,0.37023061274667196
18,23,2030,1,wind_onshore,0.41933050390775595
18,24,2030,1,wind_onshore,0.41242135920079875
19,1,2030,1,demand,0.5146737445382147
19,2,2030,1,demand,0.5100579098198817
19,3,2030,1,demand,0.5086739119722343
19,4,2030,1,demand,0.4965501680348903
19,5,2030,1,demand,0.5143847663578278
19,6,2030,1,demand,0.5507372508066598
19,7,2030,1,demand,0.6049267954335886
19,8,2030,1,demand,0.6520745553334181
19,9,2030,1,demand,0.6845184396019264
19,10,2030,1,demand,0.68986655226788
19,11,2030,1,demand,0.6819088669159482
19,12,2030,1,demand,0.6586496295172267
19,13,2030,1,demand,0.6481699621737796
19,14,2030,1,demand,0.614023170550799
19,15,2030,1,demand,0.5944797560071253
19,16,2030,1,demand,0.5875951935962822
19,17,2030,1,demand,0.5868388060740527
19,18,2030,1,demand,0.58927245599438
19,19,2030,1,demand,0.6064661482612739
19,20,2030,1,demand,0.6386386442894768
19,21,2030,1,demand,0.6281216793781612
19,22,2030,1,demand,0.5770993337683351
19,23,2030,1,demand,0.5282468095375537
19,24,2030,1,demand,0.5066964934231661
19,1,2030,1,hydro_inflow,0.2886796133761213
19,2,2030,1,hydro_inflow,0.2862895155924165
19,3,2030,1,hydro_inflow,0.28713544045275186
19,4,2030,1,hydro_inflow,0.28817520574088773
19,5,2030,1,hydro_inflow,0.288433195010362
19,6,2030,1,hydro_inflow,0.2871815703627824
19,7,2030,1,hydro_inflow,0.2895744835606277
19,8,2030,1,hydro_inflow,0.29080758144758423
19,9,2030,1,hydro_inflow,0.2922703890630729
19,10,2030,1,hydro_inflow,0.2864533239364108
19,11,2030,1,hydro_inflow,0.28766135673834475
19,12,2030,1,hydro_inflow,0.28892724262591735
19,13,2030,1,hydro_inflow,0.29559422477504377
19,14,2030,1,hydro_inflow,0.29848692807757277
19,15,2030,1,hydro_inflow,0.2959145377676814
19,16,2030,1,hydro_inflow,0.2936835365436007
19,17,2030,1,hydro_inflow,0.29250805558673554
19,18,2030,1,hydro_inflow,0.2906168784201812
19,19,2030,1,hydro_inflow,0.28950581333105224
19,20,2030,1,hydro_inflow,0.2938715501411591
19,21,2030,1,hydro_inflow,0.29186570104340465
19,22,2030,1,hydro_inflow,0.2894922668841434
19,23,2030,1,hydro_inflow,0.28670744022798883
19,24,2030,1,hydro_inflow,0.28716691855019705
19,1,2030,1,solar,0.0
19,2,2030,1,solar,0.0
19,3,2030,1,solar,0.0
19,4,2030,1,solar,0.0
19,5,2030,1,solar,0.0
19,6,2030,1,solar,0.0
19,7,2030,1,solar,0.015349518468207249
19,8,2030,1,solar,0.17996266690125876
19,9,2030,1,solar,0.4075663890285384
19,10,2030,1,solar,0.5997355128385404
19,11,2030,1,solar,0.749447568412569
19,12,2030,1,solar,0.8614697367841789
19,13,2030,1,solar,0.8990075141180455
19,14,2030,1,solar,0.8803756033968386
19,15,2030,1,solar,0.7951838744281227
19,16,2030,1,solar,0.6553931350700882
19,17,2030,1,solar,0.457658287615384
19,18,2030,1,solar,0.2494456637635587
19,19,2030,1,solar,0.06985833112171674
19,20,2030,1,solar,3.8084937436906176e-6
19,21,2030,1,solar,0.0
19,22,2030,1,solar,0.0
19,23,2030,1,solar,0.0
19,24,2030,1,solar,0.0
19,1,2030,1,wind_offshore,0.0017693825440751485
19,2,2030,1,wind_offshore,0.00029532938671720046
19,3,2030,1,wind_offshore,0.0001367655428453033
19,4,2030,1,wind_offshore,1.3150694828239124e-5
19,5,2030,1,wind_offshore,0.0
19,6,2030,1,wind_offshore,0.0
19,7,2030,1,wind_offshore,0.0
19,8,2030,1,wind_offshore,0.0
19,9,2030,1,wind_offshore,0.0
19,10,2030,1,wind_offshore,0.0
19,11,2030,1,wind_offshore,0.0
19,12,2030,1,wind_offshore,0.0
19,13,2030,1,wind_offshore,0.0009579676512652995
19,14,2030,1,wind_offshore,0.005712600484764981
19,15,2030,1,wind_offshore,0.008490070146153869
19,16,2030,1,wind_offshore,0.008623408188338722
19,17,2030,1,wind_offshore,0.008269133604354354
19,18,2030,1,wind_offshore,0.00734048693561121
19,19,2030,1,wind_offshore,0.0016630089027973394
19,20,2030,1,wind_offshore,0.0
19,21,2030,1,wind_offshore,0.0
19,22,2030,1,wind_offshore,0.0
19,23,2030,1,wind_offshore,0.0
19,24,2030,1,wind_offshore,0.008492791442653788
19,1,2030,1,wind_onshore,0.35207458487626986
19,2,2030,1,wind_onshore,0.3798469286384349
19,3,2030,1,wind_onshore,0.3995843390602296
19,4,2030,1,wind_onshore,0.42738441593325316
19,5,2030,1,wind_onshore,0.4591129440992179
19,6,2030,1,wind_onshore,0.4801995064193066
19,7,2030,1,wind_onshore,0.5163917817216147
19,8,2030,1,wind_onshore,0.5126102131677441
19,9,2030,1,wind_onshore,0.5755547116286429
19,10,2030,1,wind_onshore,0.6531572211127771
19,11,2030,1,wind_onshore,0.628332845992502
19,12,2030,1,wind_onshore,0.6726449035383594
19,13,2030,1,wind_onshore,0.6915355307336839
19,14,2030,1,wind_onshore,0.7149399850496178
19,15,2030,1,wind_onshore,0.7418231502001182
19,16,2030,1,wind_onshore,0.7714213547564643
19,17,2030,1,wind_onshore,0.7894406905806046
19,18,2030,1,wind_onshore,0.7795181792436355
19,19,2030,1,wind_onshore,0.7511831422733883
19,20,2030,1,wind_onshore,0.6979895254924591
19,21,2030,1,wind_onshore,0.6685781951601224
19,22,2030,1,wind_onshore,0.6347215163823202
19,23,2030,1,wind_onshore,0.5791539712010205
19,24,2030,1,wind_onshore,0.5552130787041977
20,1,2030,1,demand,0.49517655705607955
20,2,2030,1,demand,0.48684988795651285
20,3,2030,1,demand,0.48106658171746913
20,4,2030,1,demand,0.4751034919773546
20,5,2030,1,demand,0.48785373227678114
20,6,2030,1,demand,0.5040803249901621
20,7,2030,1,demand,0.5293714844678316
20,8,2030,1,demand,0.5596720717041862
20,9,2030,1,demand,0.6058765361436674
20,10,2030,1,demand,0.6355149111292737
20,11,2030,1,demand,0.6604160873708913
20,12,2030,1,demand,0.6595289476115999
20,13,2030,1,demand,0.6498268048535895
20,14,2030,1,demand,0.6412944222895415
20,15,2030,1,demand,0.640212054963266
20,16,2030,1,demand,0.6251119430067117
20,17,2030,1,demand,0.6229466401371978
20,18,2030,1,demand,0.6144079897972824
20,19,2030,1,demand,0.6040792370756977
20,20,2030,1,demand,0.6017790300026333
20,21,2030,1,demand,0.5940216538681726
20,22,2030,1,demand,0.5532711168445107
20,23,2030,1,demand,0.5118494356567991
20,24,2030,1,demand,0.5054477520965136
20,1,2030,1,hydro_inflow,0.28877932126252204
20,2,2030,1,hydro_inflow,0.28865008022958033
20,3,2030,1,hydro_inflow,0.2908737459956165
20,4,2030,1,hydro_inflow,0.290261498842834
20,5,2030,1,hydro_inflow,0.2953862913644622
20,6,2030,1,hydro_inflow,0.29442410219133025
20,7,2030,1,hydro_inflow,0.2979195334364732
20,8,2030,1,hydro_inflow,0.2947992383265474
20,9,2030,1,hydro_inflow,0.29380284550073865
20,10,2030,1,hydro_inflow,0.2985904741022599
20,11,2030,1,hydro_inflow,0.3000161546319672
20,12,2030,1,hydro_inflow,0.3010006112713684
20,13,2030,1,hydro_inflow,0.29933541371074485
20,14,2030,1,hydro_inflow,0.2974814484891418
20,15,2030,1,hydro_inflow,0.30013145185884216
20,16,2030,1,hydro_inflow,0.3005189810535263
20,17,2030,1,hydro_inflow,0.301696576304276
20,18,2030,1,hydro_inflow,0.3016456038358096
20,19,2030,1,hydro_inflow,0.2988323169664315
20,20,2030,1,hydro_inflow,0.2944867234546627
20,21,2030,1,hydro_inflow,0.2951006414768379
20,22,2030,1,hydro_inflow,0.2933744358465642
20,23,2030,1,hydro_inflow,0.2927940791445866
20,24,2030,1,hydro_inflow,0.29727212607361564
20,1,2030,1,solar,0.0
20,2,2030,1,solar,0.0
20,3,2030,1,solar,0.0
20,4,2030,1,solar,0.0
20,5,2030,1,solar,0.0
20,6,2030,1,solar,0.00045272283977948024
20,7,2030,1,solar,0.052074065060992
20,8,2030,1,solar,0.24359518334837016
20,9,2030,1,solar,0.4697221503423235
20,10,2030,1,solar,0.676588812831273
20,11,2030,1,solar,0.8038213234262424
20,12,2030,1,solar,0.8583401203069565
20,13,2030,1,solar,0.8908884300242165
20,14,2030,1,solar,0.8775167115316205
20,15,2030,1,solar,0.8163631256874794
20,16,2030,1,solar,0.7238064099672936
20,17,2030,1,solar,0.5490968519452533
20,18,2030,1,solar,0.36684979889354213
20,19,2030,1,solar,0.15233426922220153
20,20,2030,1,solar,0.010376067743273445
20,21,2030,1,solar,0.0
20,22,2030,1,solar,0.0
20,23,2030,1,solar,0.0
20,24,2030,1,solar,0.0
20,1,2030,1,wind_offshore,0.2232006473331643
20,2,2030,1,wind_offshore,0.21102010657817205
20,3,2030,1,wind_offshore,0.1900884626180643
20,4,2030,1,wind_offshore,0.1741840395502163
20,5,2030,1,wind_offshore,0.16353559674936188
20,6,2030,1,wind_offshore,0.16202781821403603
20,7,2030,1,wind_offshore,0.1588686417910722
20,8,2030,1,wind_offshore,0.15966110757968824
20,9,2030,1,wind_offshore,0.16095167003166957
20,10,2030,1,wind_offshore,0.1615064006408961
20,11,2030,1,wind_offshore,0.1050928577872743
20,12,2030,1,wind_offshore,0.10942216159680404
20,13,2030,1,wind_offshore,0.11942415933321457
20,14,2030,1,wind_offshore,0.14143035050142228
20,15,2030,1,wind_offshore,0.16321311171863467
20,16,2030,1,wind_offshore,0.18809290940992057
20,17,2030,1,wind_offshore,0.21094819655093291
20,18,2030,1,wind_offshore,0.24551660963247002
20,19,2030,1,wind_offshore,0.2763273629017096
20,20,2030,1,wind_offshore,0.32724878879968444
20,21,2030,1,wind_offshore,0.3589308348538999
20,22,2030,1,wind_offshore,0.3907089021111784
20,23,2030,1,wind_offshore,0.3045707168063315
20,24,2030,1,wind_offshore,0.28521055367602727
20,1,2030,1,wind_onshore,0.2796881445779048
20,2,2030,1,wind_onshore,0.24328945744084432
20,3,2030,1,wind_onshore,0.21563125300517672
20,4,2030,1,wind_onshore,0.1944927903135049
20,5,2030,1,wind_onshore,0.17646282026050295
20,6,2030,1,wind_onshore,0.16144519505563357
20,7,2030,1,wind_onshore,0.15076081682280276
20,8,2030,1,wind_onshore,0.13361913734485809
20,9,2030,1,wind_onshore,0.1321208436202157
20,10,2030,1,wind_onshore,0.13721005551150978
20,11,2030,1,wind_onshore,0.09997290074456665
20,12,2030,1,wind_onshore,0.12221988165543515
20,13,2030,1,wind_onshore,0.15198245173974276
20,14,2030,1,wind_onshore,0.19446788888232291
20,15,2030,1,wind_onshore,0.24054856595164242
20,16,2030,1,wind_onshore,0.2773870829756045
20,17,2030,1,wind_onshore,0.30802406095538926
20,18,2030,1,wind_onshore,0.3334486972054464
20,19,2030,1,wind_onshore,0.3428169461577077
20,20,2030,1,wind_onshore,0.3479143214044602
20,21,2030,1,wind_onshore,0.3844573474827652
20,22,2030,1,wind_onshore,0.4035025891203996
20,23,2030,1,wind_onshore,0.309071954771946
20,24,2030,1,wind_onshore,0.3082482519887151
