year,period,rep_period,weight,scenario
2050,1,89,1.0,0
2050,2,4,0.06542500593231226,0
2050,2,18,0.09821644169743564,0
2050,2,51,0.10881826837053439,0
2050,2,80,0.13772273803415563,0
2050,2,85,0.09697651534955631,0
2050,2,89,0.24643485178551347,0
2050,2,99,0.018905146040169594,0
2050,2,104,0.014943062513516065,0
2050,2,114,0.19057565517727715,0
2050,2,115,0.021982315099529585,0
2050,3,18,0.053003432380154106,0
2050,3,31,0.06547108993817337,0
2050,3,40,0.2524344353033737,0
2050,3,51,0.013056062461646856,0
2050,3,65,0.058566917223044274,0
2050,3,80,0.17615374002647952,0
2050,3,89,0.02097632083458963,0
2050,3,93,0.014906654142199317,0
2050,3,103,0.025490541651644903,0
2050,3,114,0.3045222944218325,0
2050,3,115,0.01541851161686177,0
2050,4,114,1.0,0
2050,5,10,1.0,0
2050,6,56,1.0,0
2050,7,4,0.019201804671816633,0
2050,7,10,0.06043636200843439,0
2050,7,29,0.021901923630659674,0
2050,7,51,0.06647424690315352,0
2050,7,56,0.08459876356405122,0
2050,7,58,0.14155045336430414,0
2050,7,80,0.022146491498877974,0
2050,7,89,0.26346026781092863,0
2050,7,93,0.22652917960192015,0
2050,7,115,0.09370050694585368,0
2050,8,4,0.13757857159711814,0
2050,8,18,0.07224342277036548,0
2050,8,40,0.0718145950597829,0
2050,8,51,0.27803857685826,0
2050,8,80,0.13736148270377269,0
2050,8,85,0.012932998264833882,0
2050,8,89,0.1449856610686391,0
2050,8,99,0.040835720804454675,0
2050,8,104,0.10420897087277323,0
2050,9,10,0.07109676796001996,0
2050,9,18,0.21965093350904236,0
2050,9,39,0.16802994732438223,0
2050,9,40,0.20493898350863,0
2050,9,54,0.03823536434401291,0
2050,9,85,0.13117485985714084,0
2050,9,99,0.14035911516274,0
2050,9,114,0.026514028334031808,0
2050,10,18,1.0,0
2050,11,4,0.024645151345177665,0
2050,11,7,0.0199553283557012,0
2050,11,9,0.03881860040245375,0
2050,11,18,0.3475936637856907,0
2050,11,40,0.14230059613294796,0
2050,11,41,0.02937149420666928,0
2050,11,85,0.13142387016048188,0
2050,11,89,0.16841409681663413,0
2050,11,101,0.0240463237881549,0
2050,11,114,0.07343087500608864,0
2050,12,7,0.06340933133243762,0
2050,12,10,0.06880612882978607,0
2050,12,18,0.4248741381628541,0
2050,12,40,0.06933268358307025,0
2050,12,80,0.03701455525294354,0
2050,12,89,0.10300829069237247,0
2050,12,99,0.09022083512562083,0
2050,12,114,0.06313258790534636,0
2050,12,115,0.08020144911556872,0
2050,13,4,0.06895758025688677,0
2050,13,18,0.15300185065497926,0
2050,13,40,0.111100462887096,0
2050,13,41,0.04767779245561404,0
2050,13,51,0.17838307005503443,0
2050,13,58,0.027221787436096538,0
2050,13,80,0.08880593075113166,0
2050,13,85,0.112987048328299,0
2050,13,89,0.13146561502335746,0
2050,13,99,0.08039886215150481,0
2050,14,4,0.05282990709008839,0
2050,14,16,0.05914178511651212,0
2050,14,18,0.07504798524649106,0
2050,14,51,0.05435142423406587,0
2050,14,80,0.27568853064361787,0
2050,14,85,0.19596270390980502,0
2050,14,89,0.1270864006847437,0
2050,14,99,0.15989126307467597,0
2050,15,4,0.2184141699695584,0
2050,15,9,0.07797297760740238,0
2050,15,16,0.0392426580890788,0
2050,15,18,0.16736142999094608,0
2050,15,36,0.1084516359335344,0
2050,15,40,0.11478284664626481,0
2050,15,51,0.011796155753948405,0
2050,15,54,0.09007851543815469,0
2050,15,104,0.17189961057111205,0
2050,16,4,0.17172733418406838,0
2050,16,16,0.027384982594452434,0
2050,16,36,0.0526228137947227,0
2050,16,40,0.1456952158357542,0
2050,16,52,0.019497615718162824,0
2050,16,81,0.2410942728841647,0
2050,16,101,0.20004654906687522,0
2050,16,114,0.14193121592179947,0
2050,17,13,0.03443593232357287,0
2050,17,18,0.01063300075355079,0
2050,17,33,0.10867587786652051,0
2050,17,48,0.07495438864712149,0
2050,17,49,0.01566802016783517,0
2050,17,55,0.10094990037282131,0
2050,17,80,0.014846130874237102,0
2050,17,81,0.05726328866132345,0
2050,17,95,0.031988339242797044,0
2050,17,101,0.42055808990032434,0
2050,17,114,0.13002703118989586,0
2050,18,95,1.0,0
2050,19,35,1.0,0
2050,20,4,0.029845146894432763,0
2050,20,9,0.0770932563792465,0
2050,20,22,0.12744681767294475,0
2050,20,28,0.053279053980722364,0
2050,20,35,0.3883160107812411,0
2050,20,60,0.11530179271623671,0
2050,20,61,0.03433958808747122,0
2050,20,62,0.02516559525339116,0
2050,20,87,0.08768027131900978,0
2050,20,95,0.04402474299511353,0
2050,20,96,0.01750772392019024,0
2050,21,11,0.20599905698518003,0
2050,21,24,0.03662380067144969,0
2050,21,27,0.03520722230404621,0
2050,21,31,0.06338486038684754,0
2050,21,35,0.18170698688686318,0
2050,21,36,0.07407291948186423,0
2050,21,76,0.06744057707121505,0
2050,21,95,0.23889675395985518,0
2050,21,96,0.09666782225267888,0
2050,22,3,0.05920619555354147,0
2050,22,24,0.02404726568807271,0
2050,22,27,0.010888579546867456,0
2050,22,35,0.4513375549972388,0
2050,22,37,0.173712040093292,0
2050,22,61,0.05994470566451148,0
2050,22,62,0.03720803664305999,0
2050,22,63,0.051855966668420864,0
2050,22,72,0.08202942474765904,0
2050,22,76,0.04977023039733609,0
2050,23,3,1.0,0
2050,24,3,0.15672844510349337,0
2050,24,12,0.08603502222011448,0
2050,24,16,0.03341005060117078,0
2050,24,18,0.16886075244705492,0
2050,24,20,0.13358908063506011,0
2050,24,23,0.06248452339471593,0
2050,24,48,0.113220689816757,0
2050,24,52,0.039699139688033194,0
2050,24,55,0.034083540569788996,0
2050,24,76,0.04095087467767917,0
2050,24,104,0.08826781058353385,0
2050,24,115,0.042670070262598274,0
2050,25,3,0.28256655791207513,0
2050,25,13,0.013347151769464485,0
2050,25,37,0.049959522018174246,0
2050,25,39,0.033423406950527895,0
2050,25,48,0.10961436724884105,0
2050,25,52,0.08140728506319053,0
2050,25,67,0.023329864001849613,0
2050,25,69,0.047461259332225704,0
2050,25,72,0.04010435428972906,0
2050,25,76,0.3187862314139223,0
2050,26,4,0.010363961935053177,0
2050,26,12,0.1300282428198299,0
2050,26,31,0.037196500681462276,0
2050,26,37,0.08095545819186424,0
2050,26,48,0.1299824478942883,0
2050,26,55,0.019306839264359426,0
2050,26,72,0.04993904555840638,0
2050,26,76,0.20142435555964494,0
2050,26,101,0.028037549067840124,0
2050,26,104,0.3127655990272514,0
2050,27,76,1.0,0
2050,28,4,0.06953213784455574,0
2050,28,7,0.022916145242266064,0
2050,28,12,0.11977911056140826,0
2050,28,16,0.16138449774367875,0
2050,28,18,0.146675636088648,0
2050,28,31,0.08326442907310237,0
2050,28,48,0.010165441158653036,0
2050,28,60,0.054108361996356893,0
2050,28,76,0.15552273071576606,0
2050,28,85,0.037925206685205465,0
2050,28,104,0.12209160036407674,0
2050,28,106,0.016634702526282564,0
2050,29,4,0.08844348829840669,0
2050,29,9,0.2871668621533169,0
2050,29,16,0.07361137651509514,0
2050,29,40,0.1073371067587065,0
2050,29,51,0.12293187726496806,0
2050,29,76,0.07040940828484529,0
2050,29,80,0.10367431368344966,0
2050,29,81,0.018629776068498558,0
2050,29,85,0.12779579097271324,0
2050,30,9,1.0,0
2050,31,3,0.09652805164558102,0
2050,31,9,0.3817574866609141,0
2050,31,11,0.10604517534397637,0
2050,31,22,0.06335264029024669,0
2050,31,23,0.039022874683640005,0
2050,31,24,0.10418624047987761,0
2050,31,35,0.08613703998960294,0
2050,31,51,0.08951570809641882,0
2050,31,58,0.01153948472280642,0
2050,31,76,0.021915298086936104,0
2050,32,31,1.0,0
2050,33,20,0.08626528498938053,0
2050,33,24,0.17180227587307906,0
2050,33,31,0.30693923046472454,0
2050,33,35,0.023435838249791476,0
2050,33,64,0.13277612643730866,0
2050,33,72,0.14362095767453864,0
2050,33,76,0.1351602863111771,0
2050,34,3,0.17504929801681016,0
2050,34,11,0.24096135943042665,0
2050,34,16,0.06947792976740165,0
2050,34,27,0.017241060894248084,0
2050,34,30,0.011570318552485808,0
2050,34,31,0.06007807678693681,0
2050,34,35,0.09859215728814577,0
2050,34,37,0.020917306269386645,0
2050,34,58,0.0450790827004945,0
2050,34,64,0.07702796504388316,0
2050,34,69,0.05461327131715381,0
2050,34,73,0.04795314300764119,0
2050,34,74,0.016280282908892378,0
2050,34,76,0.06515874801609348,0
2050,35,3,0.12061330836353429,0
2050,35,31,0.07814479661715928,0
2050,35,35,0.10975953355092222,0
2050,35,37,0.3219650675654095,0
2050,35,46,0.02755212386421291,0
2050,35,52,0.16020471987919066,0
2050,35,61,0.08917106916751238,0
2050,35,64,0.03278070824145294,0
2050,35,82,0.01970658918664856,0
2050,35,83,0.040102083563957225,0
2050,36,37,1.0,0
2050,37,9,0.1689696215198555,0
2050,37,14,0.09867224691433572,0
2050,37,18,0.09415668773113296,0
2050,37,23,0.059502571664553944,0
2050,37,24,0.11159259182336767,0
2050,37,37,0.09680984189822277,0
2050,37,40,0.335828137228594,0
2050,37,59,0.034468301219937394,0
2050,38,4,0.03343791480880765,0
2050,38,12,0.01804469544553381,0
2050,38,18,0.1458139689517957,0
2050,38,31,0.11735861039910878,0
2050,38,40,0.12444752756920331,0
2050,38,41,0.019068053346081828,0
2050,38,58,0.1087460977461733,0
2050,38,59,0.05219161081545521,0
2050,38,60,0.034304241912722244,0
2050,38,78,0.01712282857244062,0
2050,38,80,0.0921835588394827,0
2050,38,88,0.13523990037763833,0
2050,38,101,0.09107453247222524,0
2050,38,112,0.010966458743331188,0
2050,38,115,0.0,0
2050,39,40,1.0,0
2050,40,20,1.0,0
2050,41,6,0.18690952452040865,0
2050,41,13,0.047033759688158865,0
2050,41,20,0.35251030889079993,0
2050,41,35,0.11209468708022045,0
2050,41,40,0.021136336446775542,0
2050,41,52,0.04503344166976689,0
2050,41,56,0.11346180937140547,0
2050,41,59,0.09845723467862903,0
2050,41,118,0.023362897653835212,0
2050,42,6,0.31209261763986257,0
2050,42,27,0.02324873838061849,0
2050,42,28,0.07905082019798976,0
2050,42,35,0.322756975010474,0
2050,42,56,0.22510932476469198,0
2050,42,60,0.012023018306172487,0
2050,42,68,0.025718505700190734,0
2050,43,6,0.24619964036597083,0
2050,43,10,0.07136876605430444,0
2050,43,22,0.012228247285982829,0
2050,43,35,0.23055070196296376,0
2050,43,51,0.09882434419110175,0
2050,43,68,0.07631492538393843,0
2050,43,95,0.05329238361464144,0
2050,43,112,0.21122099114109652,0
2050,44,3,0.01833954848683657,0
2050,44,28,0.01704569380151111,0
2050,44,31,0.10008387161337352,0
2050,44,32,0.014125639130439386,0
2050,44,37,0.025916954909659323,0
2050,44,54,0.05303622995662545,0
2050,44,55,0.10487979677237963,0
2050,44,56,0.09207431250292814,0
2050,44,72,0.32058287904806476,0
2050,44,73,0.20756412618747253,0
2050,44,103,0.011765775107481143,0
2050,44,104,0.03458517248322855,0
2050,45,72,1.0,0
2050,46,4,0.04009305839931595,0
2050,46,34,0.10258248337212744,0
2050,46,46,0.026773099362811647,0
2050,46,54,0.025466101033577083,0
2050,46,58,0.1659991991568565,0
2050,46,60,0.2389381130421205,0
2050,46,72,0.10384231089885543,0
2050,46,81,0.10292785462455246,0
2050,46,114,0.1933777801097829,0
2050,47,9,0.11124384035922291,0
2050,47,11,0.05746217090227938,0
2050,47,22,0.08031517974869358,0
2050,47,28,0.022346065157323694,0
2050,47,46,0.011545723493658764,0
2050,47,51,0.08659789609160914,0
2050,47,58,0.22244812619627374,0
2050,47,81,0.025586153776730552,0
2050,47,98,0.1343449207876673,0
2050,47,101,0.04199750512459871,0
2050,47,114,0.20611241836194233,0
2050,48,9,0.183319056616652,0
2050,48,11,0.04654142373584011,0
2050,48,22,0.15754694355892743,0
2050,48,40,0.017969557155552186,0
2050,48,46,0.037949383017583375,0
2050,48,58,0.43287529505862204,0
2050,48,81,0.10485003710021834,0
2050,48,101,0.01894830375660448,0
2050,49,58,1.0,0
2050,50,4,0.07749134443406126,0
2050,50,12,0.07068519955768546,0
2050,50,19,0.04647179909613565,0
2050,50,31,0.029769083681235865,0
2050,50,51,0.17679431271327012,0
2050,50,58,0.2144452828063029,0
2050,50,60,0.01934353925624664,0
2050,50,89,0.23165911034228004,0
2050,50,104,0.06849192184674119,0
2050,50,115,0.06484840626604088,0
2050,51,51,1.0,0
2050,52,81,1.0,0
2050,53,9,0.15102709661687103,0
2050,53,23,0.08970339105110656,0
2050,53,33,0.045429478489291845,0
2050,53,44,0.06042384010044437,0
2050,53,45,0.03891833966579405,0
2050,53,46,0.02494454624393441,0
2050,53,58,0.20322873491811727,0
2050,53,81,0.017122657575457244,0
2050,53,83,0.014621341743942072,0
2050,53,101,0.30210723024094227,0
2050,53,112,0.05247334335409896,0
2050,54,9,0.1332186359296402,0
2050,54,16,0.1983971369049277,0
2050,54,23,0.08922969312504901,0
2050,54,31,0.02458841082766195,0
2050,54,36,0.03237743449968059,0
2050,54,51,0.12241008557606765,0
2050,54,58,0.04491751563206272,0
2050,54,89,0.08683332145179193,0
2050,54,101,0.041867308382423994,0
2050,54,104,0.12628887961683105,0
2050,54,115,0.09987157805386312,0
2050,55,16,1.0,0
2050,56,52,1.0,0
2050,57,3,0.04509097315737657,0
2050,57,8,0.02041701529216973,0
2050,57,12,0.013812921624080673,0
2050,57,16,0.14162153459905463,0
2050,57,23,0.06292500277683721,0
2050,57,37,0.011676471780483857,0
2050,57,48,0.17197033987925733,0
2050,57,52,0.09766779807843103,0
2050,57,54,0.024728463672045155,0
2050,57,56,0.23160692075308947,0
2050,57,73,0.03774446613646863,0
2050,57,74,0.1407380922507059,0
2050,58,16,0.1381068131971919,0
2050,58,32,0.04984140252060203,0
2050,58,35,0.1787526343748708,0
2050,58,37,0.04082359043359352,0
2050,58,42,0.04609533932205082,0
2050,58,51,0.13697024753883377,0
2050,58,52,0.1640254051591182,0
2050,58,64,0.04048505472004922,0
2050,58,69,0.02669770723289285,0
2050,58,73,0.08979418974487913,0
2050,58,76,0.08840761575591786,0
2050,59,3,0.048563098289461745,0
2050,59,8,0.0414228724156197,0
2050,59,12,0.12104958752845345,0
2050,59,16,0.22671821186950694,0
2050,59,42,0.047968872469294606,0
2050,59,54,0.031308066990545426,0
2050,59,56,0.13451086020559624,0
2050,59,72,0.05023661567000049,0
2050,59,73,0.2230694984636464,0
2050,59,74,0.033922732253456975,0
2050,59,103,0.02876751185203282,0
2050,59,108,0.012462071992385191,0
2050,60,4,0.13753913306080628,0
2050,60,16,0.21116093160117805,0
2050,60,51,0.1230102373526352,0
2050,60,60,0.07077760267084812,0
2050,60,85,0.2421561244034145,0
2050,60,104,0.21535597091111777,0
2050,61,85,1.0,0
2050,62,7,0.1637451491373637,0
2050,62,10,0.06652866006356509,0
2050,62,12,0.08890696175900496,0
2050,62,41,0.02421706679707034,0
2050,62,51,0.07911998178947148,0
2050,62,85,0.14358225925904552,0
2050,62,93,0.0816461941206064,0
2050,62,94,0.15351774797843962,0
2050,62,99,0.19873597909543295,0
2050,63,7,0.25315811142809475,0
2050,63,8,0.01990855602453714,0
2050,63,11,0.02900474441928814,0
2050,63,16,0.14823423433865804,0
2050,63,23,0.03795986798987479,0
2050,63,48,0.05099589288978867,0
2050,63,70,0.03356488920836925,0
2050,63,72,0.16735172869204878,0
2050,63,74,0.08468618123672553,0
2050,63,76,0.04119138460640078,0
2050,63,85,0.07594897112342566,0
2050,63,93,0.05799543804278844,0
2050,64,3,0.2613504068363249,0
2050,64,7,0.15390373481890623,0
2050,64,12,0.07516798663050527,0
2050,64,20,0.03854690864262808,0
2050,64,37,0.14213469017492839,0
2050,64,43,0.010409666078154613,0
2050,64,46,0.02727007301214621,0
2050,64,52,0.11134102640175077,0
2050,64,69,0.15107775272434817,0
2050,64,83,0.028797754680307396,0
2050,65,3,0.15581261494139084,0
2050,65,10,0.101925593752552,0
2050,65,12,0.45931557379623295,0
2050,65,48,0.011763912967934718,0
2050,65,59,0.15764586969237923,0
2050,65,101,0.11353643484951034,0
2050,66,12,1.0,0
2050,67,12,0.3825195281570626,0
2050,67,22,0.07260071492163489,0
2050,67,40,0.037976348205466776,0
2050,67,58,0.13285038767682905,0
2050,67,60,0.13804315471038703,0
2050,67,80,0.04517799525496001,0
2050,67,98,0.030161885734198306,0
2050,67,101,0.036149289845286266,0
2050,67,112,0.09482777645012741,0
2050,67,114,0.029692919044047653,0
2050,68,112,1.0,0
2050,69,60,1.0,0
2050,70,28,1.0,0
2050,71,6,0.02854145512612977,0
2050,71,10,0.031981058588235335,0
2050,71,12,0.024352891655794264,0
2050,71,28,0.22886586750982651,0
2050,71,39,0.019469756885151106,0
2050,71,44,0.0876706778268399,0
2050,71,48,0.23764931104157144,0
2050,71,59,0.013854458805489975,0
2050,71,81,0.1434283464443184,0
2050,71,85,0.09836252967404442,0
2050,71,105,0.0858236464425988,0
2050,72,6,0.05237774579017405,0
2050,72,9,0.03645434526123254,0
2050,72,11,0.113845889690399,0
2050,72,21,0.028484400280117148,0
2050,72,36,0.05201225016905765,0
2050,72,40,0.14349542738148688,0
2050,72,44,0.023999482508088987,0
2050,72,55,0.02860455022656269,0
2050,72,60,0.09366755277957628,0
2050,72,80,0.06580799453547567,0
2050,72,81,0.030269225107979966,0
2050,72,88,0.11352482668579357,0
2050,72,92,0.08843452033323998,0
2050,72,98,0.03839873587780778,0
2050,72,101,0.09062305337300774,0
2050,73,4,0.04240269944450274,0
2050,73,6,0.017743553906881905,0
2050,73,21,0.03301231816795886,0
2050,73,31,0.035723798449259825,0
2050,73,35,0.03963684476807397,0
2050,73,54,0.1012799980543415,0
2050,73,58,0.06245054427396731,0
2050,73,60,0.12650704994465292,0
2050,73,72,0.027760778609345636,0
2050,73,80,0.057060995836354114,0
2050,73,92,0.371506009909842,0
2050,73,96,0.06826811658142959,0
2050,73,112,0.016647292053389596,0
2050,74,92,1.0,0
2050,75,6,0.10946110276637769,0
2050,75,10,0.01570953630908189,0
2050,75,12,0.040520620974425256,0
2050,75,20,0.0551781504558504,0
2050,75,59,0.1019581882932865,0
2050,75,92,0.3582141606228111,0
2050,75,98,0.07693660215155056,0
2050,75,114,0.15653544651950244,0
2050,75,118,0.08548619190711411,0
2050,76,6,0.1426554988291991,0
2050,76,22,0.2094825506271359,0
2050,76,43,0.03751060934832607,0
2050,76,58,0.015396369732744582,0
2050,76,59,0.1495511059168126,0
2050,76,60,0.01588562437456182,0
2050,76,92,0.22887994376732085,0
2050,76,98,0.18554820622287854,0
2050,76,111,0.01509009118102066,0
2050,77,5,0.028844628273502843,0
2050,77,7,0.04329244355746417,0
2050,77,11,0.0506951685246234,0
2050,77,25,0.13376652967536362,0
2050,77,27,0.07874866398765737,0
2050,77,35,0.04989965751344947,0
2050,77,37,0.030910498123366846,0
2050,77,43,0.02335032515495368,0
2050,77,55,0.06019834112910975,0
2050,77,63,0.12056275699054654,0
2050,77,64,0.022337000378219483,0
2050,77,72,0.09563103341828208,0
2050,77,92,0.08008798562263987,0
2050,77,98,0.03785069792069422,0
2050,77,100,0.03251133321881414,0
2050,77,111,0.03908903458773385,0
2050,77,112,0.07222390192357848,0
2050,78,11,0.10796639703487318,0
2050,78,27,0.027329645152417027,0
2050,78,35,0.027298567748045413,0
2050,78,37,0.06969943604179435,0
2050,78,42,0.11547893778442572,0
2050,78,45,0.10865046442043605,0
2050,78,46,0.02669225982503555,0
2050,78,55,0.113564510047467,0
2050,78,64,0.09006412583234365,0
2050,78,72,0.2866991987711047,0
2050,78,88,0.026556457342057336,0
2050,79,3,0.08116969764966026,0
2050,79,6,0.1713965394509414,0
2050,79,11,0.12297940209663558,0
2050,79,31,0.019998583546752435,0
2050,79,35,0.26390578935012327,0
2050,79,44,0.02643313388141094,0
2050,79,54,0.023884605156334667,0
2050,79,55,0.07836639099953162,0
2050,79,72,0.07931482700237062,0
2050,79,92,0.05270721681750754,0
2050,79,97,0.04719825055422044,0
2050,79,112,0.032645563494511295,0
2050,80,55,1.0,0
2050,81,9,0.11063316363975063,0
2050,81,13,0.02668097037731444,0
2050,81,18,0.016491046872018054,0
2050,81,20,0.07507087615335434,0
2050,81,24,0.05251404155728168,0
2050,81,26,0.020267527896503858,0
2050,81,28,0.0558345382160296,0
2050,81,42,0.08274485672504778,0
2050,81,46,0.20673236971263365,0
2050,81,51,0.04972762190548988,0
2050,81,63,0.05774907718280938,0
2050,81,72,0.08465221491458272,0
2050,81,88,0.1269253501658993,0
2050,81,105,0.03397634468128463,0
2050,82,6,0.1303681509984966,0
2050,82,11,0.152051379647814,0
2050,82,17,0.011375906292783115,0
2050,82,34,0.02832231591471523,0
2050,82,58,0.13859331751784051,0
2050,82,60,0.3404099187864792,0
2050,82,95,0.08030859539833556,0
2050,82,98,0.05079043251765927,0
2050,82,101,0.06777998292587652,0
2050,83,11,1.0,0
2050,84,46,1.0,0
2050,85,4,0.09284799278624896,0
2050,85,6,0.1253722334204792,0
2050,85,9,0.16509391015907646,0
2050,85,10,0.010958829705768789,0
2050,85,11,0.09163717385474728,0
2050,85,31,0.056216098363880626,0
2050,85,48,0.0908831476901117,0
2050,85,54,0.07129368545605849,0
2050,85,55,0.09261533880380961,0
2050,85,58,0.02024408737696275,0
2050,85,94,0.04195845118301766,0
2050,85,101,0.14087905119983846,0
2050,86,24,1.0,0
2050,87,48,1.0,0
2050,88,4,0.21563952918588192,0
2050,88,7,0.21850980197775832,0
2050,88,9,0.06295027660288713,0
2050,88,18,0.10494982628976109,0
2050,88,41,0.010762370137998726,0
2050,88,46,0.016464627398204028,0
2050,88,51,0.15711379802387065,0
2050,88,55,0.10618519336197767,0
2050,88,60,0.013056855162978638,0
2050,88,86,0.09436772185868196,0
2050,88,92,0.0,0
2050,89,4,0.06273629388233631,0
2050,89,7,0.3829841522835652,0
2050,89,9,0.031954662822301444,0
2050,89,24,0.0203171185410612,0
2050,89,40,0.10478057189472766,0
2050,89,41,0.03000365510638576,0
2050,89,80,0.04473964212748155,0
2050,89,85,0.30006292796437367,0
2050,89,101,0.02242097537776719,0
2050,90,4,0.020341621091807493,0
2050,90,7,0.5756093981455684,0
2050,90,11,0.019709878078311382,0
2050,90,24,0.052728438836546376,0
2050,90,36,0.012245641969904974,0
2050,90,48,0.013805622987318324,0
2050,90,50,0.015298916869546385,0
2050,90,81,0.042127361460733155,0
2050,90,85,0.2131589848109128,0
2050,90,86,0.03497413574935076,0
2050,91,7,1.0,0
2050,92,7,0.3411338984943892,0
2050,92,18,0.058040190780675134,0
2050,92,24,0.06604292911494429,0
2050,92,25,0.09702458584929734,0
2050,92,39,0.04933606587502027,0
2050,92,40,0.07129927838480078,0
2050,92,42,0.039563344645718375,0
2050,92,43,0.024843698925271412,0
2050,92,57,0.04307522972387929,0
2050,92,59,0.06447761954341263,0
2050,92,78,0.14516315866259127,0
2050,93,43,1.0,0
2050,94,5,0.018220053642272447,0
2050,94,6,0.1366207391041949,0
2050,94,35,0.046314401373059574,0
2050,94,37,0.06023067731015442,0
2050,94,43,0.03959676615965907,0
2050,94,44,0.059564479713276226,0
2050,94,50,0.012474512632851846,0
2050,94,55,0.2814168592169824,0
2050,94,62,0.12444743806724486,0
2050,94,75,0.046827909107143455,0
2050,94,88,0.14679970532785513,0
2050,94,95,0.027486458345305727,0
2050,95,37,0.16162429491526514,0
2050,95,43,0.08584456603686062,0
2050,95,44,0.054223729865767664,0
2050,95,46,0.07115549839241499,0
2050,95,50,0.01179903202373054,0
2050,95,59,0.2503691391569349,0
2050,95,61,0.07237313655817103,0
2050,95,63,0.03836872354092783,0
2050,95,83,0.04101863067618492,0
2050,95,88,0.029930501268742533,0
2050,95,105,0.1335287815381741,0
2050,95,113,0.04976396602682577,0
2050,96,3,0.012608749072151142,0
2050,96,6,0.15116124012479787,0
2050,96,14,0.08459016573407603,0
2050,96,37,0.2352424708897679,0
2050,96,43,0.15593430862973373,0
2050,96,59,0.2713368258408798,0
2050,96,63,0.06352930513923749,0
2050,96,113,0.025596934569356078,0
2050,97,59,1.0,0
2050,98,6,0.3002852051216752,0
2050,98,9,0.03405758506402876,0
2050,98,11,0.08284124563657289,0
2050,98,22,0.02316119480923675,0
2050,98,25,0.020764696387454467,0
2050,98,26,0.02814450896897344,0
2050,98,28,0.14171622365038034,0
2050,98,34,0.03811533074953445,0
2050,98,52,0.06408372465006734,0
2050,98,59,0.26683028496207634,0
2050,99,6,1.0,0
2050,100,6,0.3627554090757325,0
2050,100,11,0.10580474585017083,0
2050,100,28,0.09754856525412862,0
2050,100,42,0.10373192730504216,0
2050,100,44,0.015801929141610636,0
2050,100,53,0.04383482267109185,0
2050,100,84,0.1273560976937521,0
2050,100,88,0.1431665030084712,0
2050,101,42,1.0,0
2050,102,25,0.01780701963127863,0
2050,102,34,0.20776968347386088,0
2050,102,55,0.10191250185760889,0
2050,102,58,0.042080680607980946,0
2050,102,60,0.04645608359747496,0
2050,102,80,0.11901849447252044,0
2050,102,89,0.07828986390587465,0
2050,102,94,0.1611367875563977,0
2050,102,98,0.12581731698096077,0
2050,102,107,0.0997115679160421,0
2050,103,34,1.0,0
2050,104,4,0.0452617164648698,0
2050,104,7,0.014275249251756938,0
2050,104,19,0.010466971657867698,0
2050,104,25,0.1134361948252352,0
2050,104,29,0.044389584618470077,0
2050,104,34,0.23744385181541622,0
2050,104,42,0.047675516400374235,0
2050,104,58,0.10609572771379507,0
2050,104,60,0.04592170634761619,0
2050,104,93,0.06813895421770683,0
2050,104,94,0.24330176624502253,0
2050,104,98,0.023592760441869223,0
2050,105,7,0.06002581685902108,0
2050,105,25,0.14189915029081976,0
2050,105,29,0.1261211098344552,0
2050,105,34,0.1398745938689784,0
2050,105,60,0.017459282216784194,0
2050,105,82,0.10296406133507505,0
2050,105,94,0.0770922648978304,0
2050,105,98,0.2835559503121549,0
2050,105,100,0.051007770384881045,0
2050,106,98,1.0,0
2050,107,3,0.012172051276284897,0
2050,107,6,0.019466598145591395,0
2050,107,12,0.11509212217509383,0
2050,107,37,0.05004670745512025,0
2050,107,42,0.037381752723803015,0
2050,107,44,0.056699761413287225,0
2050,107,46,0.0769262453968908,0
2050,107,83,0.015608753825254914,0
2050,107,85,0.014949491677481132,0
2050,107,86,0.04037229055248662,0
2050,107,88,0.12048693963058806,0
2050,107,98,0.3731844229350874,0
2050,107,105,0.046156222896056344,0
2050,107,119,0.021456639896974248,0
2050,108,7,0.10867816158479493,0
2050,108,9,0.06788883310199649,0
2050,108,11,0.024583178497397513,0
2050,108,24,0.014389634842816674,0
2050,108,25,0.11899196894470072,0
2050,108,32,0.02679719535802295,0
2050,108,42,0.054294100475639095,0
2050,108,43,0.08047172925504233,0
2050,108,50,0.049432352629570485,0
2050,108,88,0.10193924319906388,0
2050,108,98,0.10348256493968688,0
2050,108,105,0.22266063044123235,0
2050,108,112,0.026390406730035783,0
2050,109,88,1.0,0
2050,110,6,0.16999508840035177,0
2050,110,11,0.02658453563701413,0
2050,110,25,0.25630910386409633,0
2050,110,34,0.02384421696757258,0
2050,110,39,0.06212721977269531,0
2050,110,40,0.07027733708093441,0
2050,110,44,0.015840068686667735,0
2050,110,96,0.02204648032225353,0
2050,110,98,0.33245584456359434,0
2050,110,113,0.020520104704819755,0
2050,111,25,1.0,0
2050,112,6,0.09884337596561561,0
2050,112,25,0.2582162247899981,0
2050,112,27,0.07082341038971425,0
2050,112,42,0.0948082915159061,0
2050,112,88,0.3076322101136624,0
2050,112,94,0.06949427491509375,0
2050,112,106,0.10018221231000989,0
2050,113,2,0.08058225942137257,0
2050,113,6,0.16083615447543195,0
2050,113,17,0.09407204784126558,0
2050,113,22,0.011090245335822261,0
2050,113,34,0.028295592929836643,0
2050,113,44,0.18079555420041682,0
2050,113,50,0.022799065585672948,0
2050,113,59,0.04428555093507178,0
2050,113,87,0.035135166799919654,0
2050,113,88,0.024406640848769194,0
2050,113,98,0.31770172162642063,0
2050,114,44,1.0,0
2050,115,8,0.06661281906525689,0
2050,115,25,0.024046304531868557,0
2050,115,30,0.07919565704871116,0
2050,115,37,0.04121127027594835,0
2050,115,42,0.21929229361512811,0
2050,115,44,0.14384801462803395,0
2050,115,46,0.062137987298789825,0
2050,115,49,0.08317344325517434,0
2050,115,72,0.05934370475475144,0
2050,115,73,0.0213875513409686,0
2050,115,77,0.026423392285477628,0
2050,115,109,0.03143959396553471,0
2050,115,116,0.12020940757888192,0
2050,115,119,0.02167856035547461,0
2050,116,11,0.11443799665288847,0
2050,116,25,0.024277995261359257,0
2050,116,27,0.040307089979651316,0
2050,116,30,0.05717638676578675,0
2050,116,35,0.05299359020673409,0
2050,116,44,0.20163288865724496,0
2050,116,50,0.05086378635700058,0
2050,116,52,0.0433462570265163,0
2050,116,71,0.13590334189002168,0
2050,116,72,0.03668857020221502,0
2050,116,88,0.09800484206185792,0
2050,116,97,0.05365268262085013,0
2050,116,98,0.02583832173690809,0
2050,116,102,0.06487625058096537,0
2050,117,8,0.029105631876808775,0
2050,117,25,0.1293137461775401,0
2050,117,26,0.017837493563781316,0
2050,117,37,0.05843898404864426,0
2050,117,42,0.021907785259664896,0
2050,117,43,0.10094417002781897,0
2050,117,44,0.0400366334688992,0
2050,117,46,0.14311745100376164,0
2050,117,48,0.03309071268567818,0
2050,117,50,0.045841352691404075,0
2050,117,52,0.04169666707049922,0
2050,117,75,0.20127889282071765,0
2050,117,77,0.10939021057912429,0
2050,117,105,0.028000268725657532,0
2050,118,3,0.08794432200198792,0
2050,118,7,0.07560260592126639,0
2050,118,8,0.06909490526077522,0
2050,118,14,0.046436004655995525,0
2050,118,25,0.07947843811149095,0
2050,118,39,0.012989871329808458,0
2050,118,42,0.04574960837730203,0
2050,118,43,0.07446001094157718,0
2050,118,44,0.0824074464233225,0
2050,118,75,0.08604477185846333,0
2050,118,77,0.10772518540737823,0
2050,118,90,0.055560300675941095,0
2050,118,94,0.1765065290346912,0
2050,119,94,1.0,0
2050,120,6,0.04100982636973364,0
2050,120,8,0.04725107155392699,0
2050,120,21,0.11188046766109107,0
2050,120,30,0.199512510662419,0
2050,120,38,0.14865843464423442,0
2050,120,42,0.047440098714855675,0
2050,120,44,0.046622147183011955,0
2050,120,50,0.09289235965074302,0
2050,120,53,0.2040730409731493,0
2050,120,94,0.019995400153914933,0
2050,120,106,0.04066464243292007,0
2050,121,50,1.0,0
2050,122,15,0.10899883418882725,0
2050,122,26,0.031061781795691898,0
2050,122,30,0.12321411956941611,0
2050,122,41,0.04132303601792176,0
2050,122,43,0.031236523550493105,0
2050,122,44,0.17157947726857456,0
2050,122,50,0.2380267684880157,0
2050,122,53,0.20624909971351943,0
2050,122,68,0.030460110344075395,0
2050,122,94,0.01785024906346469,0
2050,123,8,1.0,0
2050,124,30,1.0,0
2050,125,7,0.03212283810085121,0
2050,125,8,0.1130657037421282,0
2050,125,15,0.05969167940728719,0
2050,125,16,0.023255740231501728,0
2050,125,18,0.02544851696772356,0
2050,125,38,0.24414677653665579,0
2050,125,47,0.12255941973502182,0
2050,125,85,0.027727984505508015,0
2050,125,99,0.03653515482259884,0
2050,125,106,0.31544618595072366,0
2050,126,47,1.0,0
2050,127,2,0.2542040284856031,0
2050,127,5,0.02779193210594338,0
2050,127,30,0.13497258684603505,0
2050,127,38,0.17594496061147277,0
2050,127,49,0.058288233549491426,0
2050,127,53,0.04937199847284033,0
2050,127,110,0.2678925168096727,0
2050,127,111,0.03153374311894115,0
2050,128,53,1.0,0
2050,129,38,1.0,0
2050,130,15,1.0,0
2050,131,110,1.0,0
2050,132,2,0.280630029521615,0
2050,132,15,0.17219960863664635,0
2050,132,19,0.22201037489432368,0
2050,132,47,0.19923526855640175,0
2050,132,53,0.058558665333237184,0
2050,132,110,0.06736605305777611,0
2050,133,2,1.0,0
2050,134,11,0.0656165893334405,0
2050,134,14,0.029415628016520718,0
2050,134,15,0.11329456625877574,0
2050,134,26,0.08434266518325256,0
2050,134,43,0.03855967743988492,0
2050,134,45,0.03411638847386419,0
2050,134,49,0.12096237998247228,0
2050,134,50,0.10213401574880862,0
2050,134,53,0.08025470278654802,0
2050,134,64,0.07120089817112817,0
2050,134,71,0.028097106829826045,0
2050,134,79,0.02881736264196925,0
2050,134,102,0.050067920208812705,0
2050,134,117,0.07084241702230033,0
2050,134,119,0.06369661879654187,0
2050,134,120,0.018581063105854178,0
2050,135,26,1.0,0
2050,136,8,0.2420382303625094,0
2050,136,16,0.014525464535694121,0
2050,136,17,0.12606042286029462,0
2050,136,26,0.1239263205383648,0
2050,136,38,0.07314532943564614,0
2050,136,54,0.06377722839257904,0
2050,136,58,0.03386740561310062,0
2050,136,74,0.030951728405743947,0
2050,136,77,0.12874580270921926,0
2050,136,101,0.01723283754452607,0
2050,136,110,0.14572922960232212,0
2050,137,2,0.1255787003917721,0
2050,137,15,0.1526821948815032,0
2050,137,17,0.07127675459915084,0
2050,137,19,0.14488300113410812,0
2050,137,21,0.05971765958225961,0
2050,137,30,0.10614499126314174,0
2050,137,34,0.09879278019112321,0
2050,137,49,0.016857232747971945,0
2050,137,74,0.054834470540909695,0
2050,137,77,0.07201380733225307,0
2050,137,81,0.017400097630108944,0
2050,137,87,0.03049518858316214,0
2050,137,94,0.013618584692583584,0
2050,137,99,0.03570453642995175,0
2050,138,2,0.09142875851189881,0
2050,138,8,0.10320774515037148,0
2050,138,15,0.06285379120626658,0
2050,138,21,0.04029965455129445,0
2050,138,26,0.032761407695089874,0
2050,138,32,0.10611855782187025,0
2050,138,44,0.060889038487254285,0
2050,138,47,0.10352504486379445,0
2050,138,54,0.13880129106288266,0
2050,138,75,0.05794039349886119,0
2050,138,96,0.07216379107682397,0
2050,138,119,0.1300105260735919,0
2050,139,7,0.07194539332684524,0
2050,139,19,0.032525906880661745,0
2050,139,21,0.05463436801221562,0
2050,139,26,0.15820370057175628,0
2050,139,30,0.2888348969474503,0
2050,139,47,0.02909773663253328,0
2050,139,90,0.09519338293529299,0
2050,139,96,0.03185418496560602,0
2050,139,99,0.05342847226515664,0
2050,139,106,0.15033096027090168,0
2050,139,110,0.033950997191580276,0
2050,140,5,0.04243055276202127,0
2050,140,8,0.018157819545977394,0
2050,140,14,0.05024468708909931,0
2050,140,15,0.028150201227690557,0
2050,140,26,0.2633109425042714,0
2050,140,38,0.01085328419797254,0
2050,140,50,0.1316831843566602,0
2050,140,77,0.23700418000746937,0
2050,140,79,0.03407102495029333,0
2050,140,100,0.06097740361745169,0
2050,140,102,0.05984002625497999,0
2050,140,119,0.06327669348611288,0
2050,141,3,0.0615206877050803,0
2050,141,8,0.016725844617424965,0
2050,141,14,0.028162209328165277,0
2050,141,26,0.17787005789791802,0
2050,141,49,0.23794207847852875,0
2050,141,50,0.08898548272570196,0
2050,141,74,0.035129042483721375,0
2050,141,75,0.016376691854849613,0
2050,141,77,0.1752702063140288,0
2050,141,96,0.11215993779116065,0
2050,141,97,0.03619813120401333,0
2050,141,102,0.013659629599406994,0
2050,142,49,1.0,0
2050,143,2,0.06392318274850832,0
2050,143,11,0.059435018411499146,0
2050,143,22,0.02758182980342173,0
2050,143,26,0.07787382531404287,0
2050,143,49,0.1349677690127882,0
2050,143,59,0.059262985616702166,0
2050,143,86,0.11253030392509909,0
2050,143,102,0.1095536057523866,0
2050,143,107,0.04231396834871078,0
2050,143,120,0.312557511066841,0
2050,144,102,1.0,0
2050,145,11,0.04564569985999564,0
2050,145,27,0.011568723476325296,0
2050,145,53,0.1510335577188152,0
2050,145,61,0.015417839226792013,0
2050,145,67,0.10580538858678276,0
2050,145,68,0.012982122783380628,0
2050,145,75,0.19722485104231693,0
2050,145,77,0.1085701435545785,0
2050,145,86,0.029124618101469373,0
2050,145,96,0.02988253276221982,0
2050,145,102,0.2927445228873238,0
2050,146,77,1.0,0
2050,147,11,0.01651198240371685,0
2050,147,15,0.25415627129754814,0
2050,147,17,0.08754247164418728,0
2050,147,25,0.08680157469234516,0
2050,147,33,0.06702740932954522,0
2050,147,34,0.02856778944603436,0
2050,147,41,0.014236237481149798,0
2050,147,43,0.05248115195086011,0
2050,147,49,0.05894390784598779,0
2050,147,52,0.02232674044536388,0
2050,147,59,0.030274425105179033,0
2050,147,70,0.020564088109536402,0
2050,147,77,0.23171251689579542,0
2050,147,94,0.02885343335275063,0
2050,148,5,0.02480791625985112,0
2050,148,19,0.13654614369956578,0
2050,148,26,0.028517508402662543,0
2050,148,29,0.05710166957876293,0
2050,148,30,0.014128751064091416,0
2050,148,42,0.01468311633435548,0
2050,148,43,0.012121005731087568,0
2050,148,75,0.10695789809757474,0
2050,148,77,0.03384809568194649,0
2050,148,79,0.02824650857872604,0
2050,148,103,0.06914780463205945,0
2050,148,106,0.12116958619734251,0
2050,148,110,0.24107005319507993,0
2050,148,111,0.0407891441126485,0
2050,148,119,0.07086479843424533,0
2050,149,119,1.0,0
2050,150,2,0.19250985126303105,0
2050,150,5,0.01428223446456079,0
2050,150,13,0.071359525837175,0
2050,150,19,0.16223098962696073,0
2050,150,21,0.21692778835445561,0
2050,150,30,0.0827138546779199,0
2050,150,53,0.02968978947084775,0
2050,150,87,0.03237542072300615,0
2050,150,106,0.07636660612406718,0
2050,150,107,0.12154393945797581,0
2050,151,4,0.07793482284041255,0
2050,151,8,0.031365277722151405,0
2050,151,19,0.04967263026165606,0
2050,151,21,0.05333244293603376,0
2050,151,47,0.1442794666416383,0
2050,151,106,0.19130962073987812,0
2050,151,107,0.340577866617785,0
2050,151,119,0.11152787224044494,0
2050,152,107,1.0,0
2050,153,106,1.0,0
2050,154,2,0.38846126542607107,0
2050,154,19,0.09768542403651591,0
2050,154,36,0.11779550663689065,0
2050,154,80,0.11471748086647161,0
2050,154,96,0.07408790701493496,0
2050,154,106,0.17217599533779837,0
2050,154,107,0.0350764206813175,0
2050,155,2,0.18484376021248616,0
2050,155,6,0.08348685386216215,0
2050,155,22,0.04338235338113787,0
2050,155,34,0.014185127362207886,0
2050,155,44,0.08320693339463843,0
2050,155,45,0.10955909452448259,0
2050,155,53,0.16747579760429807,0
2050,155,87,0.012829956688930081,0
2050,155,96,0.03236759126817431,0
2050,155,107,0.16760962700767165,0
2050,155,113,0.04819161059456872,0
2050,155,120,0.05286129409924214,0
2050,156,8,0.12473914857226662,0
2050,156,19,0.22337952896003246,0
2050,156,43,0.03083721196128722,0
2050,156,45,0.05698377211553698,0
2050,156,50,0.03402017153883997,0
2050,156,79,0.22544368032233036,0
2050,156,110,0.1318910574744326,0
2050,156,117,0.09623000614614892,0
2050,156,119,0.046235350469335676,0
2050,156,120,0.030240072439789108,0
2050,157,19,1.0,0
2050,158,2,0.22314203332685772,0
2050,158,6,0.09489916983244713,0
2050,158,19,0.2782738700241404,0
2050,158,98,0.02082524408871118,0
2050,158,107,0.01876322949038064,0
2050,158,117,0.2998231899099466,0
2050,158,118,0.06427326332751626,0
2050,159,117,1.0,0
2050,160,5,0.13907134443182273,0
2050,160,8,0.041311536384413296,0
2050,160,14,0.05488769374436437,0
2050,160,27,0.03681636139204016,0
2050,160,38,0.10168663151953161,0
2050,160,50,0.06836687273859109,0
2050,160,90,0.03570276416580776,0
2050,160,100,0.10998221255673937,0
2050,160,106,0.02408999045816832,0
2050,160,117,0.38808459260852124,0
2050,161,2,0.0689494561507517,0
2050,161,14,0.031844964002500684,0
2050,161,27,0.09601113506882128,0
2050,161,45,0.027777322570038107,0
2050,161,49,0.05626815479302258,0
2050,161,53,0.08102122487243212,0
2050,161,91,0.03718299572539202,0
2050,161,106,0.2920208474205105,0
2050,161,113,0.10902857897117724,0
2050,161,117,0.1998953204253538,0
2050,162,6,0.02314968597364863,0
2050,162,29,0.0450864430097941,0
2050,162,31,0.02486086068916523,0
2050,162,44,0.09193837299176578,0
2050,162,45,0.11029048565964499,0
2050,162,71,0.07862824712107035,0
2050,162,86,0.017648669258113484,0
2050,162,100,0.11562697220876833,0
2050,162,107,0.04529686324118411,0
2050,162,113,0.1633671016551411,0
2050,162,117,0.2446727096010852,0
2050,162,120,0.03943358859061869,0
2050,163,113,1.0,0
2050,164,27,0.05555646825744573,0
2050,164,36,0.025222803198494265,0
2050,164,38,0.03904231287731735,0
2050,164,42,0.040435153712055694,0
2050,164,48,0.011723702109603804,0
2050,164,49,0.026106342139342556,0
2050,164,57,0.20277182663683152,0
2050,164,66,0.01126687834795181,0
2050,164,70,0.037229203379754494,0
2050,164,74,0.01036640357286546,0
2050,164,75,0.172524755509053,0
2050,164,91,0.014870750882280797,0
2050,164,113,0.3284571303093157,0
2050,164,120,0.024426269067687807,0
2050,165,87,1.0,0
2050,166,120,1.0,0
2050,167,2,0.014029030960252351,0
2050,167,5,0.08792651265066824,0
2050,167,11,0.044735300311001716,0
2050,167,26,0.045954965485774886,0
2050,167,45,0.12249846096690584,0
2050,167,52,0.03393926056100395,0
2050,167,68,0.0480425092398755,0
2050,167,75,0.018827722171755983,0
2050,167,77,0.08355695241762381,0
2050,167,102,0.20624923838356538,0
2050,167,105,0.04671665764783885,0
2050,167,120,0.24752338920373343,0
2050,168,7,0.04743222002884264,0
2050,168,33,0.0887030013597975,0
2050,168,48,0.01351679327589564,0
2050,168,49,0.3354048089814455,0
2050,168,74,0.09074671814301496,0
2050,168,77,0.03048442414059918,0
2050,168,79,0.10873589836399643,0
2050,168,90,0.02738481966634587,0
2050,168,94,0.0569106541895327,0
2050,168,100,0.06557024639483572,0
2050,168,106,0.10059332930315276,0
2050,168,110,0.03451708615254127,0
2050,169,7,0.020153557915681037,0
2050,169,19,0.14801566042163206,0
2050,169,20,0.05936098093758987,0
2050,169,23,0.05512041306811146,0
2050,169,36,0.012144465892363962,0
2050,169,38,0.04489556583226552,0
2050,169,47,0.016245671260789234,0
2050,169,57,0.06578430871429883,0
2050,169,58,0.02761837302773442,0
2050,169,75,0.10852489294555444,0
2050,169,77,0.03354735039675461,0
2050,169,85,0.010301020541210834,0
2050,169,87,0.18753562884211525,0
2050,169,95,0.013490886268472505,0
2050,169,96,0.03944981372856548,0
2050,169,99,0.07265180615202825,0
2050,169,114,0.010189577415038616,0
2050,169,117,0.07497002663979369,0
2050,170,2,0.05095860846217274,0
2050,170,5,0.1540262899055161,0
2050,170,17,0.03724273811937068,0
2050,170,20,0.02572104687599067,0
2050,170,21,0.04577518383483237,0
2050,170,38,0.0733638081141253,0
2050,170,64,0.025263760362933603,0
2050,170,65,0.028699660613034576,0
2050,170,75,0.25464815921242717,0
2050,170,77,0.029395375398608127,0
2050,170,79,0.011196250864046029,0
2050,170,87,0.02278220346082238,0
2050,170,92,0.06302802390974414,0
2050,170,117,0.016398671133017354,0
2050,170,119,0.06416527704733788,0
2050,170,120,0.09733494268602091,0
2050,171,5,0.11527655171228728,0
2050,171,15,0.04048712258634899,0
2050,171,17,0.028584100988008475,0
2050,171,26,0.019651250864304033,0
2050,171,43,0.01287492160601037,0
2050,171,53,0.049048074957149766,0
2050,171,61,0.013324481431919758,0
2050,171,62,0.037508992842888604,0
2050,171,75,0.3538142562404942,0
2050,171,77,0.019548547059101723,0
2050,171,97,0.23907128421482476,0
2050,171,102,0.01884112026619592,0
2050,171,120,0.05196929523046619,0
2050,172,75,1.0,0
2050,173,5,0.2494098082346964,0
2050,173,14,0.02261164495252961,0
2050,173,30,0.012096876202079256,0
2050,173,38,0.01885736862139538,0
2050,173,39,0.045705059776322186,0
2050,173,53,0.05291562317921031,0
2050,173,61,0.01135977932760884,0
2050,173,66,0.08160955603406181,0
2050,173,75,0.3499682683000684,0
2050,173,97,0.04038493740588064,0
2050,173,113,0.07169998981587157,0
2050,173,117,0.04338108815027567,0
2050,174,57,1.0,0
2050,175,2,0.16955616292764364,0
2050,175,17,0.1610918759820621,0
2050,175,57,0.1606916419353735,0
2050,175,60,0.018980129920613122,0
2050,175,84,0.047566413818729045,0
2050,175,87,0.2712930691114903,0
2050,175,89,0.01414912445155678,0
2050,175,94,0.06095872483271356,0
2050,175,96,0.05235772174992776,0
2050,175,120,0.0433551352698902,0
2050,176,2,0.05340258557394115,0
2050,176,6,0.12029658787037477,0
2050,176,10,0.028035283680055655,0
2050,176,17,0.05468162841456034,0
2050,176,35,0.018817648655256435,0
2050,176,45,0.27900631632899525,0
2050,176,53,0.017607409746822088,0
2050,176,75,0.0349454978913761,0
2050,176,84,0.0854320920743151,0
2050,176,87,0.12849818800820223,0
2050,176,96,0.1033328123870715,0
2050,176,120,0.07594394936902936,0
2050,177,10,0.06735850523403443,0
2050,177,17,0.010645288177118697,0
2050,177,44,0.026668990380046196,0
2050,177,45,0.14690439645071546,0
2050,177,53,0.03825941407221337,0
2050,177,70,0.028519392316950925,0
2050,177,75,0.34550374029839026,0
2050,177,79,0.1599313923370732,0
2050,177,87,0.06275504466583814,0
2050,177,96,0.11345383606761916,0
2050,178,3,0.019395783564018096,0
2050,178,5,0.1614444317911025,0
2050,178,26,0.059182479396223606,0
2050,178,32,0.1146084095991508,0
2050,178,35,0.023645989357618254,0
2050,178,38,0.014853089722452409,0
2050,178,45,0.03763119315691462,0
2050,178,75,0.38231419779612047,0
2050,178,79,0.13557513098497123,0
2050,178,96,0.05134929463142803,0
2050,179,5,0.05474444607239444,0
2050,179,13,0.027832073540886283,0
2050,179,15,0.10372508965048136,0
2050,179,32,0.03853885399290713,0
2050,179,45,0.03248562941359927,0
2050,179,74,0.0880120090305938,0
2050,179,75,0.2703005870757271,0
2050,179,79,0.26683504055166746,0
2050,179,102,0.11752627067174327,0
2050,180,5,0.047406950645463096,0
2050,180,26,0.031133237814774107,0
2050,180,45,0.2580827456238194,0
2050,180,62,0.018810789057691152,0
2050,180,63,0.020304052261883823,0
2050,180,75,0.2353318815112916,0
2050,180,79,0.1503090028670655,0
2050,180,87,0.14510581173827758,0
2050,180,102,0.0935155284797337,0
2050,181,15,0.017297715577259915,0
2050,181,45,0.23546270333280303,0
2050,181,53,0.025998742720092123,0
2050,181,75,0.2949398751012645,0
2050,181,79,0.07181785091241662,0
2050,181,87,0.0854481001199445,0
2050,181,96,0.018526745987660263,0
2050,181,97,0.1324160665368035,0
2050,181,100,0.11809219971175551,0
2050,182,100,1.0,0
2050,183,2,0.017417000326169198,0
2050,183,5,0.2007543724126785,0
2050,183,17,0.060365881203258365,0
2050,183,32,0.024481701636948516,0
2050,183,34,0.014732258117231311,0
2050,183,45,0.10176688096380603,0
2050,183,79,0.06747805938795245,0
2050,183,87,0.022346957169066775,0
2050,183,97,0.01232249448130456,0
2050,183,100,0.22210193188259988,0
2050,183,108,0.056646839406706756,0
2050,183,110,0.06808860141586379,0
2050,183,116,0.03358627247741301,0
2050,183,120,0.09791074911900084,0
2050,184,45,1.0,0
2050,185,24,0.025271628451237354,0
2050,185,32,0.268207548858781,0
2050,185,45,0.22589881982504648,0
2050,185,75,0.07755553520176232,0
2050,185,79,0.08306554082374958,0
2050,185,95,0.039902313099764844,0
2050,185,100,0.1713470686093097,0
2050,185,113,0.1087515451303486,0
2050,186,5,0.13023021321965636,0
2050,186,45,0.1350771936136341,0
2050,186,53,0.02470882667086569,0
2050,186,62,0.07147313958135536,0
2050,186,66,0.057203114204157406,0
2050,186,71,0.09805603072070025,0
2050,186,75,0.041401660994727404,0
2050,186,97,0.19828724358055433,0
2050,186,100,0.12189917197013515,0
2050,186,119,0.12166340544421395,0
2050,187,2,0.03906908057119376,0
2050,187,5,0.10734298639805014,0
2050,187,17,0.09662596264326097,0
2050,187,19,0.1825116930178968,0
2050,187,34,0.037660841821895816,0
2050,187,84,0.2439811212639786,0
2050,187,87,0.10741931464490882,0
2050,187,106,0.07998385558989274,0
2050,187,116,0.10540514404892248,0
2050,188,31,0.031659162149456396,0
2050,188,36,0.04717922792044073,0
2050,188,45,0.05797768368636079,0
2050,188,47,0.06581722479947354,0
2050,188,51,0.03978298537031744,0
2050,188,96,0.46040135592696924,0
2050,188,101,0.018363252465787575,0
2050,188,104,0.013155186295051644,0
2050,188,107,0.2656639213861426,0
2050,189,2,0.011503221891606172,0
2050,189,7,0.13595940327029948,0
2050,189,21,0.24502151147590223,0
2050,189,36,0.053400812207005884,0
2050,189,49,0.015190723249727069,0
2050,189,57,0.022116422181985652,0
2050,189,77,0.021830292174825718,0
2050,189,99,0.14273106981195724,0
2050,189,106,0.25646517789679635,0
2050,189,109,0.09578136583989424,0
2050,190,2,0.08773513311521877,0
2050,190,17,0.1590330139246019,0
2050,190,19,0.011817190857842544,0
2050,190,21,0.12570302945537384,0
2050,190,22,0.014682156145965042,0
2050,190,34,0.04652634862254951,0
2050,190,36,0.02871272017248028,0
2050,190,57,0.07105024224949785,0
2050,190,60,0.025183930437337135,0
2050,190,78,0.20352041404907614,0
2050,190,114,0.10547214184325579,0
2050,190,120,0.12056367912680117,0
2050,191,10,0.019454443870445117,0
2050,191,17,0.43781642228523887,0
2050,191,19,0.10610080827130527,0
2050,191,22,0.03735509663452136,0
2050,191,34,0.05529003454053072,0
2050,191,43,0.09893091113058149,0
2050,191,87,0.135487003492648,0
2050,191,96,0.012465844269889448,0
2050,191,99,0.07473426076376578,0
2050,191,107,0.022365174741073777,0
2050,192,17,0.026139598952008264,0
2050,192,26,0.05069595681356211,0
2050,192,32,0.19480384362187245,0
2050,192,39,0.022353663497044998,0
2050,192,45,0.2628482597732104,0
2050,192,51,0.05630331282744429,0
2050,192,86,0.018512787547455032,0
2050,192,95,0.023486169274868178,0
2050,192,96,0.2644074686020527,0
2050,192,97,0.08044893909048154,0
2050,193,5,0.2159290350347336,0
2050,193,31,0.033009218960421825,0
2050,193,32,0.11791259173745144,0
2050,193,70,0.01097842578508473,0
2050,193,71,0.023838991244525425,0
2050,193,73,0.025064768565670303,0
2050,193,74,0.14675537795955487,0
2050,193,75,0.04705436465388684,0
2050,193,86,0.024199038549248077,0
2050,193,91,0.050154449476074774,0
2050,193,96,0.10404147451884982,0
2050,193,97,0.027818409970302826,0
2050,193,100,0.09280315745034122,0
2050,193,119,0.08044069609385424,0
2050,194,5,0.5624687800471381,0
2050,194,37,0.028950158326388743,0
2050,194,39,0.03253282387595769,0
2050,194,45,0.05823171197505478,0
2050,194,70,0.043476626930927444,0
2050,194,73,0.011478781863466726,0
2050,194,74,0.10289523858858418,0
2050,194,75,0.07411366668672974,0
2050,194,86,0.029147123197665336,0
2050,194,97,0.05670508850808736,0
2050,195,5,1.0,0
2050,196,5,0.5621997174192327,0
2050,196,17,0.03459132317559338,0
2050,196,62,0.054572807257667756,0
2050,196,66,0.020137745490745578,0
2050,196,79,0.06611883392932288,0
2050,196,87,0.21502663916213574,0
2050,196,96,0.04735293356530214,0
2050,197,17,0.04359661092560843,0
2050,197,32,0.13239743994598224,0
2050,197,35,0.025666340595673486,0
2050,197,44,0.02182529279701987,0
2050,197,45,0.12449220350050351,0
2050,197,53,0.03484629175723131,0
2050,197,66,0.15899722719168258,0
2050,197,87,0.16392347775719612,0
2050,197,96,0.10321489541732404,0
2050,197,97,0.19104022011177846,0
2050,198,32,1.0,0
2050,199,17,0.021492268524643175,0
2050,199,19,0.07873235170746913,0
2050,199,32,0.24361852499340514,0
2050,199,60,0.03951667919859725,0
2050,199,67,0.015335222283965631,0
2050,199,84,0.140108221524421,0
2050,199,87,0.24503941482860644,0
2050,199,97,0.037651117191244886,0
2050,199,106,0.07436220320420318,0
2050,199,116,0.10414399654344413,0
2050,200,32,0.08979652711848946,0
2050,200,63,0.02822574945110384,0
2050,200,67,0.02563003038095881,0
2050,200,71,0.2462866850397629,0
2050,200,75,0.012693125182275822,0
2050,200,78,0.043663817037216654,0
2050,200,86,0.08992184232340814,0
2050,200,96,0.2450842369634178,0
2050,200,113,0.01868297875735419,0
2050,200,117,0.1489223993611484,0
2050,200,119,0.05109260838486395,0
2050,201,15,0.017840567205753735,0
2050,201,17,0.06834455934686812,0
2050,201,21,0.06773105918832034,0
2050,201,32,0.05333057137369693,0
2050,201,41,0.0604585543810332,0
2050,201,44,0.04668688724981554,0
2050,201,45,0.060710128074806434,0
2050,201,66,0.0921941088386564,0
2050,201,70,0.05260845181152934,0
2050,201,75,0.25972126914206856,0
2050,201,84,0.14776613022344995,0
2050,201,96,0.07260771316400155,0
2050,202,5,0.047196396496528195,0
2050,202,17,0.040951853844572124,0
2050,202,21,0.022827344187949322,0
2050,202,29,0.031176167585765933,0
2050,202,32,0.13343682402561402,0
2050,202,66,0.03885924697689696,0
2050,202,79,0.049567270001530175,0
2050,202,82,0.014760473137788659,0
2050,202,84,0.0557136226724602,0
2050,202,94,0.011722955489537014,0
2050,202,96,0.11305956211754815,0
2050,202,97,0.0245694112662253,0
2050,202,100,0.16662855731487997,0
2050,202,103,0.023866079846462617,0
2050,202,106,0.2256642350362413,0
2050,203,96,1.0,0
2050,204,5,0.029175082795966718,0
2050,204,6,0.021213416773776854,0
2050,204,17,0.1170198722900043,0
2050,204,21,0.12350645613464244,0
2050,204,62,0.04424867193483087,0
2050,204,67,0.04542739885733701,0
2050,204,71,0.05734738421785266,0
2050,204,77,0.08165789758599526,0
2050,204,84,0.12168292662087457,0
2050,204,87,0.14093719337918312,0
2050,204,96,0.1431134557777745,0
2050,204,97,0.045451215931848594,0
2050,204,102,0.02921902769991308,0
2050,205,11,0.08556060207591541,0
2050,205,17,0.01711417677773434,0
2050,205,44,0.015637111636470444,0
2050,205,45,0.0335189009488678,0
2050,205,53,0.047545346502713824,0
2050,205,62,0.03076966198554769,0
2050,205,63,0.08179439238239773,0
2050,205,71,0.0885652554061112,0
2050,205,86,0.042187210747137875,0
2050,205,91,0.0867272880277402,0
2050,205,96,0.3568291303096682,0
2050,205,97,0.07846329091251672,0
2050,205,117,0.035287632287178586,0
2050,206,21,1.0,0
2050,207,17,0.26378711530187426,0
2050,207,21,0.09899435759939684,0
2050,207,22,0.04528764124589955,0
2050,207,41,0.12540020663997292,0
2050,207,84,0.08555495356822845,0
2050,207,86,0.0370755538052279,0
2050,207,94,0.060564206764097926,0
2050,207,101,0.05455462242839056,0
2050,207,107,0.22878134264691158,0
2050,208,86,1.0,0
2050,209,90,1.0,0
2050,210,17,0.049102939453840255,0
2050,210,21,0.12379348325070419,0
2050,210,32,0.034713278217714284,0
2050,210,47,0.022367799834880596,0
2050,210,57,0.02593578839661904,0
2050,210,82,0.1205733683634693,0
2050,210,90,0.3838683158905541,0
2050,210,93,0.02415984722833099,0
2050,210,94,0.12058751194505814,0
2050,210,96,0.027175479033987322,0
2050,210,100,0.04543661845990814,0
2050,210,107,0.022285569924933857,0
2050,211,17,0.3675876487343071,0
2050,211,34,0.03346798950697555,0
2050,211,57,0.2644808714868269,0
2050,211,60,0.06323827495213574,0
2050,211,65,0.018764573521304898,0
2050,211,67,0.014123306930651974,0
2050,211,82,0.02343621490462742,0
2050,211,90,0.09730051010697997,0
2050,211,91,0.07010207669277047,0
2050,211,114,0.01260837918614029,0
2050,211,118,0.0348901539772796,0
2050,212,17,1.0,0
2050,213,5,0.03809903644498537,0
2050,213,6,0.045137080933746805,0
2050,213,11,0.029419418229086683,0
2050,213,17,0.16612706446923325,0
2050,213,19,0.0636112219396307,0
2050,213,43,0.043160565530492315,0
2050,213,44,0.023349673264952145,0
2050,213,71,0.16839577128033206,0
2050,213,79,0.149285413805555,0
2050,213,96,0.09773590102065816,0
2050,213,97,0.16461316937240375,0
2050,213,112,0.01106568370892376,0
2050,214,6,0.025210881001656454,0
2050,214,17,0.08965404320577774,0
2050,214,45,0.3654275057097799,0
2050,214,68,0.08506092705293677,0
2050,214,71,0.09375925576758369,0
2050,214,79,0.01176156475472884,0
2050,214,96,0.08841428225781424,0
2050,214,97,0.2407115402497223,0
2050,215,17,0.04126601651480328,0
2050,215,32,0.333252774491953,0
2050,215,42,0.07941743850981249,0
2050,215,79,0.2694623069540881,0
2050,215,86,0.03581756089307231,0
2050,215,97,0.11571145589705438,0
2050,215,100,0.09422908949805824,0
2050,215,108,0.030843357241158314,0
2050,216,42,0.04883829567650919,0
2050,216,45,0.05328366533344487,0
2050,216,58,0.017277837997644287,0
2050,216,79,0.18859635621203552,0
2050,216,82,0.05805344938922698,0
2050,216,84,0.08562247737438984,0
2050,216,90,0.1596372214629075,0
2050,216,97,0.2962810433632043,0
2050,216,106,0.09240965319063756,0
2050,217,14,0.021839990363031064,0
2050,217,28,0.044480390161426825,0
2050,217,44,0.023104413530130184,0
2050,217,45,0.08474815503880252,0
2050,217,71,0.1088773737125145,0
2050,217,79,0.11373437314903118,0
2050,217,86,0.055052433128385196,0
2050,217,93,0.06362718729601535,0
2050,217,96,0.18155969089265864,0
2050,217,97,0.2177736442000222,0
2050,217,100,0.030646160358936126,0
2050,217,107,0.0254497403974377,0
2050,217,112,0.029106447771608597,0
2050,218,71,0.24820702151232477,0
2050,218,79,0.26732040894139375,0
2050,218,97,0.2954080075436034,0
2050,218,98,0.03253086325501791,0
2050,218,100,0.13120656089875093,0
2050,218,111,0.025327137848909057,0
2050,219,5,0.11626134873153941,0
2050,219,6,0.03365335319645796,0
2050,219,17,0.0889123418657976,0
2050,219,35,0.11395538555053432,0
2050,219,45,0.03567215025514834,0
2050,219,66,0.07276888032770963,0
2050,219,71,0.1635479940422372,0
2050,219,79,0.04923916635626745,0
2050,219,91,0.01105625445315499,0
2050,219,96,0.045149558808758934,0
2050,219,97,0.25861764210557964,0
2050,219,102,0.01116592430681459,0
2050,220,5,0.05198018413359472,0
2050,220,11,0.024239128285368432,0
2050,220,17,0.05943083130016959,0
2050,220,19,0.01412128472188321,0
2050,220,35,0.14297913447293747,0
2050,220,43,0.016884189295503654,0
2050,220,45,0.10038351878423413,0
2050,220,79,0.17064762055886043,0
2050,220,86,0.01899026337224169,0
2050,220,96,0.14012717652167447,0
2050,220,97,0.24889424363499546,0
2050,220,111,0.011322424918536795,0
2050,221,9,0.011806034184233039,0
2050,221,14,0.01407444500580997,0
2050,221,35,0.0546670648537865,0
2050,221,43,0.02128866548643287,0
2050,221,79,0.24226585304882076,0
2050,221,97,0.5948140898238897,0
2050,221,102,0.04650853471084471,0
2050,221,118,0.01457531288618239,0
2050,222,97,1.0,0
2050,223,5,0.07667453718831577,0
2050,223,27,0.07388716632327264,0
2050,223,62,0.01970958407387909,0
2050,223,68,0.07780096358496998,0
2050,223,71,0.16227905581462262,0
2050,223,87,0.08540688129453532,0
2050,223,96,0.020405408534725042,0
2050,223,97,0.4425933529428381,0
2050,223,100,0.04124305024284151,0
2050,224,5,0.09143207716126808,0
2050,224,14,0.04705620594965677,0
2050,224,27,0.06043301250737545,0
2050,224,68,0.05555824466962336,0
2050,224,71,0.11862919277734432,0
2050,224,82,0.03533972320490786,0
2050,224,91,0.1045032995226493,0
2050,224,96,0.02767291364958823,0
2050,224,97,0.26516483010092984,0
2050,224,100,0.19421050045665683,0
2050,225,91,1.0,0
2050,226,5,0.04762756102671875,0
2050,226,17,0.126639122708911,0
2050,226,21,0.1334206249919406,0
2050,226,33,0.020243371863263904,0
2050,226,34,0.03701439854071484,0
2050,226,64,0.12523608812666043,0
2050,226,66,0.10152858081950464,0
2050,226,67,0.03850198249669628,0
2050,226,77,0.04048191082750562,0
2050,226,79,0.0572387401790843,0
2050,226,82,0.03744251327264584,0
2050,226,91,0.09327022961237234,0
2050,226,97,0.05787403442203147,0
2050,226,120,0.08348084111194992,0
2050,227,17,0.06867248108589201,0
2050,227,21,0.09108946081666608,0
2050,227,28,0.03416264519052938,0
2050,227,45,0.031145259764384838,0
2050,227,62,0.16930029649308012,0
2050,227,66,0.048242541986457846,0
2050,227,82,0.10414024192114738,0
2050,227,84,0.03306469174929505,0
2050,227,87,0.13464615221603365,0
2050,227,88,0.010419735434204961,0
2050,227,91,0.09270178895007201,0
2050,227,97,0.1824147043922367,0
2050,228,6,0.045938393898387116,0
2050,228,21,0.07008576145339415,0
2050,228,62,0.1676564160479605,0
2050,228,63,0.05739635731918003,0
2050,228,66,0.09908096768529735,0
2050,228,82,0.08356310255928026,0
2050,228,84,0.0139404172419061,0
2050,228,87,0.27478886995930846,0
2050,228,91,0.11966141253540498,0
2050,228,96,0.06788830129988105,0
2050,229,17,0.0615474219808054,0
2050,229,21,0.1930518930962174,0
2050,229,29,0.025922736751272206,0
2050,229,65,0.20641954666276632,0
2050,229,82,0.12017755656405586,0
2050,229,87,0.19316493556632108,0
2050,229,91,0.09208476398375548,0
2050,229,93,0.010480982132583846,0
2050,229,96,0.039597745376748136,0
2050,229,120,0.057552417885474154,0
2050,230,5,0.12359469079465384,0
2050,230,17,0.091973020486358,0
2050,230,21,0.14365106928727206,0
2050,230,34,0.01671189960723443,0
2050,230,65,0.08580635734555216,0
2050,230,74,0.031255043672787065,0
2050,230,79,0.034967230254282375,0
2050,230,82,0.16478055213930143,0
2050,230,87,0.0379364586347481,0
2050,230,93,0.06223132355157624,0
2050,230,96,0.1024125058356336,0
2050,230,120,0.1046798483906006,0
2050,231,5,0.15530822628924296,0
2050,231,17,0.08888571390098933,0
2050,231,28,0.055733341094736905,0
2050,231,62,0.07526779632442496,0
2050,231,77,0.059574407257823155,0
2050,231,79,0.3304108898438749,0
2050,231,82,0.10850554048888651,0
2050,231,96,0.11627260181285604,0
2050,231,97,0.010041482987165246,0
2050,232,5,0.020053645126745585,0
2050,232,39,0.013181965348449495,0
2050,232,43,0.05768555515170044,0
2050,232,45,0.022358293182305148,0
2050,232,61,0.10937720439215053,0
2050,232,66,0.057992284407701454,0
2050,232,74,0.022859043505544758,0
2050,232,79,0.6139475180488123,0
2050,232,81,0.03157049127730775,0
2050,232,96,0.017334843590551183,0
2050,232,97,0.03363915596873136,0
2050,233,79,1.0,0
2050,234,31,0.011649413095163161,0
2050,234,66,0.06455355328940417,0
2050,234,71,0.09530020854884039,0
2050,234,79,0.4072519305088605,0
2050,234,87,0.05921486660303006,0
2050,234,91,0.08128552589530513,0
2050,234,92,0.0170860082942688,0
2050,234,100,0.17758225435591446,0
2050,234,103,0.06643264943277612,0
2050,234,111,0.019643589976437198,0
2050,235,5,0.02888132995333776,0
2050,235,16,0.015956843835417345,0
2050,235,21,0.15988492334245055,0
2050,235,32,0.04914084437661669,0
2050,235,36,0.058965253338872224,0
2050,235,42,0.061523822616484654,0
2050,235,72,0.039334805627766076,0
2050,235,79,0.10945712681391627,0
2050,235,91,0.1479620380606614,0
2050,235,92,0.02480021129513635,0
2050,235,100,0.12626374186741424,0
2050,235,103,0.15361535343079175,0
2050,235,104,0.0103490597377941,0
2050,235,116,0.01386464570334069,0
2050,236,7,0.018308948779704484,0
2050,236,15,0.025018306134407538,0
2050,236,17,0.08551635837662562,0
2050,236,21,0.07486006016127966,0
2050,236,22,0.08554177601886709,0
2050,236,45,0.061540063611892515,0
2050,236,51,0.06441443013877562,0
2050,236,77,0.0462085998014806,0
2050,236,78,0.2077276350632113,0
2050,236,79,0.048218100650293305,0
2050,236,87,0.10851870467878312,0
2050,236,99,0.0969979448700792,0
2050,236,105,0.07712907171460001,0
2050,236,109,0.0,0
2050,237,21,0.02791693496144727,0
2050,237,32,0.0958181155738903,0
2050,237,36,0.11508582191086918,0
2050,237,47,0.04090709649568647,0
2050,237,57,0.10163884693276244,0
2050,237,78,0.02898258420286031,0
2050,237,82,0.125775894461381,0
2050,237,90,0.1011767388511756,0
2050,237,93,0.10645660508907497,0
2050,237,99,0.061344405377490474,0
2050,237,106,0.055904849331968265,0
2050,237,115,0.061910299624635075,0
2050,237,116,0.07708180718675851,0
2050,238,16,0.017143999219091804,0
2050,238,32,0.09717117042317931,0
2050,238,36,0.1590835662274223,0
2050,238,42,0.01946585905820255,0
2050,238,47,0.03036651905928325,0
2050,238,73,0.02462105203353279,0
2050,238,82,0.03603616709417981,0
2050,238,86,0.0556518340948634,0
2050,238,89,0.0243982990381161,0
2050,238,93,0.013006394867919433,0
2050,238,100,0.2190765033742522,0
2050,238,106,0.11582693772710677,0
2050,238,116,0.18815169778285035,0
2050,239,116,1.0,0
2050,240,84,1.0,0
2050,241,6,0.07438771741002728,0
2050,241,22,0.02824775332309068,0
2050,241,51,0.03398566463504765,0
2050,241,60,0.048888546665840485,0
2050,241,71,0.20605818169974566,0
2050,241,84,0.34823529552600785,0
2050,241,87,0.0673243502689233,0
2050,241,95,0.012316307737208272,0
2050,241,96,0.1451675701182054,0
2050,241,107,0.03538861261590342,0
2050,242,71,1.0,0
2050,243,66,1.0,0
2050,244,109,1.0,0
2050,245,2,0.056145797751550854,0
2050,245,17,0.10550456730661195,0
2050,245,36,0.04938213964960724,0
2050,245,60,0.13619352613166547,0
2050,245,67,0.12106749938915665,0
2050,245,74,0.05301905628239995,0
2050,245,77,0.1000403541543924,0
2050,245,84,0.08848946062342228,0
2050,245,87,0.021113957178202098,0
2050,245,93,0.07904183722967904,0
2050,245,109,0.16642773634361338,0
2050,245,111,0.02357406795969873,0
2050,246,17,0.08288371550669688,0
2050,246,62,0.09236153277619973,0
2050,246,64,0.03668333419807949,0
2050,246,69,0.033070036277509894,0
2050,246,73,0.034166068577943985,0
2050,246,74,0.36585602568069886,0
2050,246,79,0.1668228294504308,0
2050,246,102,0.033863902127622546,0
2050,246,107,0.04268447134507111,0
2050,246,108,0.03292301705043786,0
2050,246,109,0.0786850670093088,0
2050,247,74,1.0,0
2050,248,21,0.10617874364174475,0
2050,248,33,0.045523994021223764,0
2050,248,74,0.1631206652359889,0
2050,248,82,0.08002094768535302,0
2050,248,87,0.1328421611391842,0
2050,248,89,0.10966019283599666,0
2050,248,91,0.060837015525992126,0
2050,248,92,0.011032254422125505,0
2050,248,99,0.0991462167412703,0
2050,248,100,0.06991621727265108,0
2050,248,104,0.10934827829783407,0
2050,248,116,0.0,0
2050,248,118,0.012373313180635462,0
2050,249,5,0.14824929429548364,0
2050,249,20,0.2317412244984732,0
2050,249,43,0.018467749518870584,0
2050,249,65,0.08874036078308567,0
2050,249,66,0.01810717850860704,0
2050,249,71,0.04245613250633225,0
2050,249,78,0.07994542701838292,0
2050,249,91,0.04783235020640146,0
2050,249,93,0.06823154559653166,0
2050,249,99,0.1630460776194172,0
2050,249,109,0.018505552827070313,0
2050,249,117,0.07467710662134419,0
2050,250,2,0.015036609875371972,0
2050,250,5,0.03805258231850815,0
2050,250,18,0.0654846790187877,0
2050,250,21,0.12082130697745706,0
2050,250,22,0.0641747664681596,0
2050,250,45,0.04757213971701931,0
2050,250,57,0.036345034813016604,0
2050,250,60,0.021805906817023567,0
2050,250,63,0.045247703591398666,0
2050,250,65,0.05030421707355793,0
2050,250,67,0.047682541329385326,0
2050,250,78,0.15470184529138864,0
2050,250,87,0.06166768737753464,0
2050,250,91,0.18952025555581548,0
2050,250,114,0.04158272377557538,0
2050,251,2,0.0380499801737252,0
2050,251,5,0.027177858897866516,0
2050,251,17,0.02764344496563245,0
2050,251,22,0.14229297454452866,0
2050,251,28,0.06079292189575745,0
2050,251,41,0.03947148413804573,0
2050,251,45,0.13320280614467095,0
2050,251,51,0.0182857083990066,0
2050,251,62,0.10259383976492152,0
2050,251,63,0.037698431430048175,0
2050,251,84,0.08556680829385026,0
2050,251,86,0.011025348765039782,0
2050,251,87,0.029173150476690297,0
2050,251,88,0.035565753923577116,0
2050,251,93,0.03353527174938287,0
2050,251,96,0.17792421643725645,0
2050,252,14,0.09962597229877784,0
2050,252,27,0.06390935890557516,0
2050,252,28,0.0428000210270842,0
2050,252,39,0.027890334729231886,0
2050,252,45,0.06099701158276334,0
2050,252,66,0.09844657699631684,0
2050,252,68,0.0829467392537096,0
2050,252,70,0.017938589457433072,0
2050,252,75,0.07054896539280468,0
2050,252,79,0.13389256169502833,0
2050,252,96,0.14136521666094565,0
2050,252,97,0.1247038818516724,0
2050,252,105,0.034934770148657104,0
2050,253,14,0.1936680003383645,0
2050,253,18,0.0727296859502823,0
2050,253,39,0.032939080409737885,0
2050,253,66,0.0583247841838242,0
2050,253,70,0.08719878194089735,0
2050,253,74,0.016255531555741283,0
2050,253,75,0.03012819199133714,0
2050,253,79,0.45757535927021153,0
2050,253,90,0.03821674784231459,0
2050,253,103,0.012963836517289185,0
2050,254,17,0.04414411333815684,0
2050,254,34,0.057483971924040075,0
2050,254,65,0.012518892977018742,0
2050,254,66,0.03699745935623663,0
2050,254,79,0.34450893052996884,0
2050,254,82,0.030369576259040597,0
2050,254,84,0.05392103103696274,0
2050,254,93,0.05152502553746812,0
2050,254,103,0.12774049461137613,0
2050,254,104,0.08727708007207004,0
2050,254,111,0.15351342435766127,0
2050,255,6,0.016522158181086426,0
2050,255,19,0.063784145104057,0
2050,255,31,0.02398899116296792,0
2050,255,36,0.016736591077928305,0
2050,255,51,0.02594218346084713,0
2050,255,54,0.048832660301206844,0
2050,255,58,0.039739491791781933,0
2050,255,65,0.013600491779382204,0
2050,255,79,0.16897919653458188,0
2050,255,82,0.047476048440797586,0
2050,255,84,0.045463548735021786,0
2050,255,89,0.08951100371262896,0
2050,255,91,0.03832122196063868,0
2050,255,92,0.013703892546385144,0
2050,255,93,0.10501342265916855,0
2050,255,104,0.01635798277234516,0
2050,255,109,0.05804381851114336,0
2050,255,114,0.03750410942999426,0
2050,255,116,0.13047904183803696,0
2050,256,5,0.0951231251617107,0
2050,256,22,0.19436994226386478,0
2050,256,31,0.07325609899808856,0
2050,256,34,0.014042423556256282,0
2050,256,36,0.057291441285811436,0
2050,256,45,0.06694247327852554,0
2050,256,51,0.04299865027653298,0
2050,256,59,0.02659077896361418,0
2050,256,64,0.015947081741232775,0
2050,256,66,0.14170717650132392,0
2050,256,78,0.04191438329611504,0
2050,256,81,0.021228675075201577,0
2050,256,87,0.06585387881074174,0
2050,256,92,0.0464145145299206,0
2050,256,104,0.024528686344648245,0
2050,256,109,0.025503942347148617,0
2050,256,114,0.04628672756926297,0
2050,257,9,0.05339738899801063,0
2050,257,22,0.040210874154614454,0
2050,257,36,0.1382263648359054,0
2050,257,40,0.026996481705091595,0
2050,257,41,0.1677612106300953,0
2050,257,78,0.26493312186397405,0
2050,257,87,0.1115725888374066,0
2050,257,99,0.059708654319374804,0
2050,257,101,0.039688948586431474,0
2050,257,105,0.09750436606909564,0
2050,258,36,1.0,0
2050,259,5,0.14128377824523086,0
2050,259,7,0.019331215178774244,0
2050,259,14,0.02202092230544765,0
2050,259,16,0.013944273563517844,0
2050,259,27,0.06551870755745035,0
2050,259,33,0.03229243309851494,0
2050,259,36,0.26605707709682835,0
2050,259,37,0.16858166283395612,0
2050,259,46,0.0448769287266814,0
2050,259,48,0.013715795620144747,0
2050,259,77,0.035526745444496244,0
2050,259,78,0.17685046032895735,0
2050,260,78,1.0,0
2050,261,6,0.04076525185589482,0
2050,261,17,0.07529424755749817,0
2050,261,22,0.0314967752111761,0
2050,261,36,0.15838904319706926,0
2050,261,51,0.12044309201289168,0
2050,261,60,0.1087085753482773,0
2050,261,78,0.03632869322939448,0
2050,261,80,0.08512434364457223,0
2050,261,84,0.08894789762249955,0
2050,261,87,0.12061184106252533,0
2050,261,95,0.08069983141649065,0
2050,261,120,0.05319040784171055,0
2050,262,6,0.04855691631893524,0
2050,262,11,0.10629870849302483,0
2050,262,22,0.01142374177741182,0
2050,262,35,0.04288001175288997,0
2050,262,36,0.04939260900451494,0
2050,262,60,0.12428704962476055,0
2050,262,63,0.10861046385761025,0
2050,262,67,0.03136031089873813,0
2050,262,78,0.06110697514933696,0
2050,262,84,0.055632531055309194,0
2050,262,95,0.04519181067841532,0
2050,262,96,0.06355544585863772,0
2050,262,101,0.02854345550795284,0
2050,262,120,0.22315997002246207,0
2050,263,17,0.09009034236253881,0
2050,263,43,0.09128057357726264,0
2050,263,52,0.13161431248782468,0
2050,263,63,0.14156821430071725,0
2050,263,67,0.18808989162870765,0
2050,263,68,0.01426643167131457,0
2050,263,70,0.12602137518172662,0
2050,263,74,0.014359920607138223,0
2050,263,75,0.05721173916485384,0
2050,263,78,0.010367286841325332,0
2050,263,83,0.05129853283916391,0
2050,263,97,0.048164502451668194,0
2050,263,105,0.0356668768857583,0
2050,264,70,1.0,0
2050,265,5,0.117479189014741,0
2050,265,7,0.04172317422653924,0
2050,265,14,0.08588179011474445,0
2050,265,16,0.03478028291805595,0
2050,265,17,0.018249765214937264,0
2050,265,21,0.07612661968989208,0
2050,265,28,0.07234343264250072,0
2050,265,51,0.07137492879105253,0
2050,265,64,0.11322306410686128,0
2050,265,66,0.08990189093999426,0
2050,265,77,0.028894274042456983,0
2050,265,82,0.06117952373745673,0
2050,265,88,0.044352520011304984,0
2050,265,97,0.06447205731033374,0
2050,265,105,0.020402327611918847,0
2050,265,111,0.05961515962720984,0
2050,266,11,0.14218726928511072,0
2050,266,14,0.0794784276622764,0
2050,266,26,0.012754242721063637,0
2050,266,27,0.10306154352703505,0
2050,266,39,0.043739934386263675,0
2050,266,50,0.01192133501928275,0
2050,266,52,0.06831006718091333,0
2050,266,70,0.09245648854040989,0
2050,266,76,0.05323849934303762,0
2050,266,86,0.08284256540874664,0
2050,266,90,0.03433017728914971,0
2050,266,96,0.1352361132179283,0
2050,266,105,0.10926994090979467,0
2050,266,109,0.03117339550898755,0
2050,267,3,0.015174375529836397,0
2050,267,8,0.04741912669078866,0
2050,267,32,0.04980505374378781,0
2050,267,42,0.05024395718786243,0
2050,267,48,0.07010691050719528,0
2050,267,52,0.1166519665402525,0
2050,267,67,0.13187908189463443,0
2050,267,74,0.05451763556491975,0
2050,267,78,0.06891096397020208,0
2050,267,83,0.09187082386470827,0
2050,267,90,0.010300175559920305,0
2050,267,101,0.058354667652954856,0
2050,267,105,0.11352918156425934,0
2050,267,116,0.1212360797286779,0
2050,268,67,1.0,0
2050,269,25,0.025788469663532636,0
2050,269,33,0.024515662822131124,0
2050,269,48,0.011363393529888655,0
2050,269,63,0.04130521138209234,0
2050,269,66,0.023289635368494575,0
2050,269,67,0.2882567341961902,0
2050,269,68,0.20963722879999058,0
2050,269,105,0.37584366423767995,0
2050,270,105,1.0,0
2050,271,6,0.019946909853068562,0
2050,271,9,0.12227783090105604,0
2050,271,10,0.05770435584645462,0
2050,271,14,0.2827939358980576,0
2050,271,50,0.04946951373572773,0
2050,271,105,0.46780745376563543,0
2050,272,14,1.0,0
2050,273,2,0.0336541619936202,0
2050,273,6,0.05962630240622049,0
2050,273,14,0.6977933275355073,0
2050,273,38,0.020848296209101738,0
2050,273,46,0.011996642239879533,0
2050,273,55,0.02841551907107789,0
2050,273,60,0.05966441850478614,0
2050,273,86,0.02051423785232726,0
2050,273,115,0.0674870941874795,0
2050,274,2,0.03498438785894218,0
2050,274,6,0.14274473379091468,0
2050,274,14,0.30849078996775653,0
2050,274,22,0.055933282769899326,0
2050,274,31,0.03392377527610071,0
2050,274,51,0.0402422090405154,0
2050,274,60,0.07981860518507501,0
2050,274,78,0.022543933630763114,0
2050,274,82,0.01670261485844517,0
2050,274,87,0.08320394622360153,0
2050,274,88,0.0,0
2050,274,98,0.02590833592457263,0
2050,274,101,0.09649246655148945,0
2050,274,118,0.059010918921924255,0
2050,275,2,0.0350313187494635,0
2050,275,6,0.14032463347745325,0
2050,275,14,0.02050638012137853,0
2050,275,22,0.29698750347047,0
2050,275,36,0.019227696513322096,0
2050,275,51,0.038394253687454735,0
2050,275,60,0.10159848140747806,0
2050,275,63,0.06352930766457292,0
2050,275,78,0.08334028361564826,0
2050,275,87,0.12377143793878419,0
2050,275,88,0.04960747905049911,0
2050,275,98,0.01251112935949853,0
2050,275,101,0.015170094943976947,0
2050,276,63,1.0,0
2050,277,11,0.2170996126160876,0
2050,277,13,0.010926598904650666,0
2050,277,26,0.0588780596601652,0
2050,277,27,0.04153119174572714,0
2050,277,35,0.010598127582419323,0
2050,277,52,0.025760162554070043,0
2050,277,61,0.23805632794843273,0
2050,277,63,0.11336485548806745,0
2050,277,64,0.12564966626342416,0
2050,277,69,0.011837565832287556,0
2050,277,70,0.0836012682240978,0
2050,277,97,0.010443858754702825,0
2050,277,105,0.05225270442586735,0
2050,278,16,0.020653384495527085,0
2050,278,26,0.029103966074276927,0
2050,278,31,0.030644270431746126,0
2050,278,46,0.0526784904118487,0
2050,278,54,0.21378157244849827,0
2050,278,62,0.08170787209156526,0
2050,278,64,0.11839984442871479,0
2050,278,72,0.03166267441032324,0
2050,278,73,0.07185947495135239,0
2050,278,74,0.09284348484830403,0
2050,278,91,0.14208821918811992,0
2050,278,102,0.09002199901589787,0
2050,278,106,0.024554747203825517,0
2050,279,2,0.04123849180810691,0
2050,279,4,0.08087411768715837,0
2050,279,16,0.10179820026667005,0
2050,279,21,0.07940917641475534,0
2050,279,31,0.020510553115620903,0
2050,279,33,0.023908841909988248,0
2050,279,34,0.05735332521532815,0
2050,279,51,0.026238327957469037,0
2050,279,54,0.03026740264119918,0
2050,279,58,0.02681152558660284,0
2050,279,60,0.046050098806523006,0
2050,279,62,0.06878607743841261,0
2050,279,82,0.3093357567081079,0
2050,279,87,0.06278415771914564,0
2050,279,96,0.024633946724911943,0
2050,280,82,1.0,0
2050,281,2,0.030559844524581374,0
2050,281,33,0.019313539268662794,0
2050,281,35,0.1125845474627251,0
2050,281,43,0.053027051538184336,0
2050,281,53,0.019223283769355268,0
2050,281,64,0.08448445856792317,0
2050,281,65,0.026140353493388297,0
2050,281,67,0.13551424526510983,0
2050,281,68,0.35581668332416383,0
2050,281,82,0.13285420268543977,0
2050,281,111,0.030481790100466165,0
2050,282,68,1.0,0
2050,283,83,1.0,0
2050,284,3,0.0800281933446446,0
2050,284,7,0.03348832923284794,0
2050,284,14,0.13822043213540247,0
2050,284,18,0.05438657913408219,0
2050,284,20,0.07433455072287243,0
2050,284,33,0.08075209101981282,0
2050,284,38,0.019987198221011786,0
2050,284,57,0.12450487418374581,0
2050,284,59,0.01653667204338124,0
2050,284,78,0.01139132176506435,0
2050,284,83,0.1583641348042563,0
2050,284,111,0.20800562339287815,0
2050,285,111,1.0,0
2050,286,8,0.0329302717779975,0
2050,286,14,0.03416203455269192,0
2050,286,19,0.01020528223196821,0
2050,286,33,0.3064380888657072,0
2050,286,36,0.04875942094751173,0
2050,286,44,0.021041753901224806,0
2050,286,50,0.023879634524938954,0
2050,286,55,0.03979080808703068,0
2050,286,61,0.037205582288441896,0
2050,286,64,0.11696258155888575,0
2050,286,65,0.08874796427124657,0
2050,286,82,0.12612260429522174,0
2050,286,83,0.05700746505521779,0
2050,286,100,0.016519583346111224,0
2050,286,111,0.04022692429580403,0
2050,287,33,1.0,0
2050,288,9,0.01280607304287407,0
2050,288,33,0.39175966874393425,0
2050,288,41,0.041769450114396874,0
2050,288,59,0.03423155372489034,0
2050,288,65,0.3267106673304228,0
2050,288,87,0.08238575756936813,0
2050,288,114,0.11033682947411358,0
2050,289,65,1.0,0
2050,290,64,1.0,0
2050,291,62,1.0,0
2050,292,61,1.0,0
2050,293,9,0.016170331900177925,0
2050,293,11,0.03240009729718246,0
2050,293,14,0.10027598329649243,0
2050,293,35,0.11273796519237698,0
2050,293,52,0.11754961613028723,0
2050,293,61,0.3329628693810086,0
2050,293,64,0.1299194132910717,0
2050,293,77,0.10304495855517953,0
2050,293,99,0.02243126160467652,0
2050,293,111,0.032507503351546466,0
2050,294,8,0.04597277268001666,0
2050,294,14,0.03912863517140464,0
2050,294,16,0.13404588096386524,0
2050,294,33,0.14225543016294737,0
2050,294,52,0.04948768554427173,0
2050,294,56,0.03269911114462205,0
2050,294,68,0.12299727631251715,0
2050,294,74,0.07683748522275483,0
2050,294,93,0.03845694653247825,0
2050,294,108,0.2372806846299332,0
2050,294,118,0.08083809163518893,0
2050,295,12,0.03345286871884215,0
2050,295,33,0.07714839413098346,0
2050,295,38,0.10336343599652888,0
2050,295,60,0.11399468290424303,0
2050,295,83,0.03910290793829387,0
2050,295,89,0.109224685066432,0
2050,295,101,0.26541504674654803,0
2050,295,108,0.012082401053837809,0
2050,295,110,0.01387621420406079,0
2050,295,114,0.015268048865014905,0
2050,295,118,0.21707131437521512,0
2050,296,2,0.010975574280171228,0
2050,296,6,0.02881742329550721,0
2050,296,10,0.15408220759302702,0
2050,296,15,0.07946570815059353,0
2050,296,22,0.1925620863057969,0
2050,296,41,0.0833518328330579,0
2050,296,53,0.022863545486090455,0
2050,296,58,0.03407742300767535,0
2050,296,65,0.13749281770865382,0
2050,296,84,0.019272661147138125,0
2050,296,89,0.09550562025136715,0
2050,296,95,0.03284983155535246,0
2050,296,108,0.08467312638348913,0
2050,296,114,0.02401014200207962,0
2050,297,108,1.0,0
2050,298,2,0.04323592432915213,0
2050,298,15,0.025233310023122145,0
2050,298,22,0.04797490411840242,0
2050,298,51,0.17411578059806754,0
2050,298,53,0.01618519793919269,0
2050,298,60,0.15352275337272656,0
2050,298,62,0.10591317049478675,0
2050,298,64,0.05635289678904767,0
2050,298,84,0.272422677368825,0
2050,298,104,0.01852848963606611,0
2050,298,108,0.035496076580033356,0
2050,298,114,0.03112282635041086,0
2050,298,115,0.0198959924001668,0
2050,299,11,0.06350614584609275,0
2050,299,22,0.14689438697835042,0
2050,299,32,0.0564445054213074,0
2050,299,39,0.12159221850562955,0
2050,299,45,0.011220739283155014,0
2050,299,47,0.12860730837692883,0
2050,299,54,0.11925878399623716,0
2050,299,68,0.09260819882138739,0
2050,299,84,0.031207368861976937,0
2050,299,95,0.03849916599757729,0
2050,299,96,0.04214702957249069,0
2050,299,108,0.13559770610219535,0
2050,299,112,0.012416442236671255,0
2050,300,5,0.02694218395995351,0
2050,300,11,0.02919183382748658,0
2050,300,22,0.11833432944080766,0
2050,300,23,0.09408940473855759,0
2050,300,27,0.07960691981665619,0
2050,300,28,0.02706403761977637,0
2050,300,36,0.016211258560784807,0
2050,300,47,0.14032837563391623,0
2050,300,64,0.06894659935597051,0
2050,300,68,0.07950818344714665,0
2050,300,72,0.08373980106344657,0
2050,300,76,0.01701415894908661,0
2050,300,84,0.08346252970562304,0
2050,300,93,0.058779477536404195,0
2050,300,95,0.017700562883871368,0
2050,300,100,0.05908034346051205,0
2050,300,109,0.0,0
2050,301,15,0.08078636683091237,0
2050,301,16,0.0454326059564326,0
2050,301,22,0.0216028776345184,0
2050,301,33,0.23976107641430316,0
2050,301,34,0.033664635865712264,0
2050,301,46,0.05239731967948066,0
2050,301,52,0.01346777630619623,0
2050,301,64,0.15909679126568232,0
2050,301,69,0.02474516444678356,0
2050,301,77,0.020999526852525856,0
2050,301,99,0.12522856871861507,0
2050,301,104,0.02130686050071747,0
2050,301,108,0.06513012775891203,0
2050,301,116,0.09638030176920791,0
2050,302,3,0.05146370673932197,0
2050,302,9,0.019911985382029127,0
2050,302,10,0.02527466442206831,0
2050,302,11,0.03752664591919953,0
2050,302,22,0.09413839059495391,0
2050,302,23,0.021506689493088583,0
2050,302,33,0.05503334718094933,0
2050,302,39,0.07142770202452409,0
2050,302,54,0.06504976908712318,0
2050,302,61,0.046834077034104714,0
2050,302,62,0.06665893407936631,0
2050,302,68,0.026599668411932547,0
2050,302,70,0.12141260917569248,0
2050,302,73,0.1273925521848192,0
2050,302,79,0.09486693093813402,0
2050,302,101,0.014828549673263894,0
2050,302,112,0.06007377765942882,0
2050,303,3,0.13297133591185292,0
2050,303,8,0.020021318452524868,0
2050,303,23,0.10471600517351257,0
2050,303,69,0.02736050621902374,0
2050,303,73,0.22616825589269213,0
2050,303,74,0.13893164191208493,0
2050,303,79,0.04263514308671661,0
2050,303,83,0.04245400500835001,0
2050,303,104,0.028429091420059654,0
2050,303,108,0.10659807445919685,0
2050,303,118,0.1297146224639857,0
2050,304,118,1.0,0
2050,305,22,1.0,0
2050,306,4,0.051359168907437115,0
2050,306,6,0.1241190526761489,0
2050,306,11,0.01183150764413722,0
2050,306,22,0.44783547153396125,0
2050,306,27,0.17356390475253358,0
2050,306,31,0.03543738971683079,0
2050,306,51,0.01836374003883736,0
2050,306,53,0.04252484087461266,0
2050,306,62,0.045951142875582586,0
2050,306,84,0.04901378097991853,0
2050,307,6,0.02245336840979142,0
2050,307,22,0.1415100974115401,0
2050,307,27,0.46440965878575063,0
2050,307,28,0.02855740912763053,0
2050,307,31,0.011388552757648083,0
2050,307,55,0.04241121691912984,0
2050,307,63,0.13512427337674718,0
2050,307,71,0.019046793268191697,0
2050,307,73,0.0702155435217689,0
2050,307,113,0.06488308642180171,0
2050,308,27,1.0,0
2050,309,73,1.0,0
2050,310,4,0.017992530415761095,0
2050,310,8,0.018982458999845117,0
2050,310,32,0.04078248597680717,0
2050,310,39,0.05671242472542448,0
2050,310,72,0.01859543572030279,0
2050,310,73,0.6016890324572517,0
2050,310,103,0.0816559897262073,0
2050,310,104,0.16358964197840037,0
2050,311,4,0.1429850449960116,0
2050,311,27,0.10801336660442891,0
2050,311,38,0.019706357554918917,0
2050,311,39,0.0293726726214104,0
2050,311,57,0.022705566392085395,0
2050,311,60,0.10328464721104744,0
2050,311,73,0.12113409386567146,0
2050,311,78,0.03437744982022227,0
2050,311,89,0.05264636335626414,0
2050,311,93,0.07780612035378105,0
2050,311,100,0.01844695082841865,0
2050,311,104,0.25719129215343045,0
2050,311,114,0.012330074242309355,0
2050,312,4,0.08292914370612056,0
2050,312,22,0.04426464382629315,0
2050,312,34,0.05718917811946107,0
2050,312,41,0.028517691020982158,0
2050,312,54,0.13104576256346645,0
2050,312,73,0.08357003549780792,0
2050,312,84,0.08487827576617742,0
2050,312,89,0.11888303037496846,0
2050,312,93,0.21090279053619654,0
2050,312,99,0.05411625539548904,0
2050,312,104,0.011649044161280157,0
2050,312,107,0.07790000072370394,0
2050,312,114,0.014154148308053175,0
2050,313,4,0.015328237555645014,0
2050,313,12,0.07322799334358336,0
2050,313,18,0.07819358984649624,0
2050,313,41,0.06300794221034231,0
2050,313,80,0.01907094230291108,0
2050,313,93,0.053322520365201735,0
2050,313,99,0.1526742576614351,0
2050,313,103,0.0711970584177158,0
2050,313,104,0.3875745186192085,0
2050,313,106,0.01898167070521132,0
2050,313,114,0.010040109133461362,0
2050,313,115,0.057381159838788325,0
2050,314,39,0.06939523389559689,0
2050,314,40,0.06983404874413376,0
2050,314,41,0.07056810989646588,0
2050,314,89,0.020108789944889238,0
2050,314,93,0.41445487517131147,0
2050,314,99,0.23517128141464716,0
2050,314,106,0.046387745816774364,0
2050,314,114,0.0740799151161813,0
2050,315,93,1.0,0
2050,316,13,0.058767038956286814,0
2050,316,34,0.04028491083527636,0
2050,316,60,0.020922841259073274,0
2050,316,65,0.0839081140743923,0
2050,316,69,0.06791609595380027,0
2050,316,84,0.026294682086627063,0
2050,316,87,0.04376828276203499,0
2050,316,93,0.27349306151737934,0
2050,316,99,0.0644151790746926,0
2050,316,104,0.320229793480437,0
2050,317,104,1.0,0
2050,318,4,0.0784143818599448,0
2050,318,39,0.0303084950136899,0
2050,318,40,0.10067843327893057,0
2050,318,80,0.05904866969576842,0
2050,318,93,0.1712274875232284,0
2050,318,99,0.3616804157107401,0
2050,318,103,0.017509535612307437,0
2050,318,104,0.08335144496275358,0
2050,318,114,0.09778113634263687,0
2050,319,39,1.0,0
2050,320,103,1.0,0
2050,321,4,0.04389016470484111,0
2050,321,27,0.11017367063924632,0
2050,321,36,0.03341619159438398,0
2050,321,39,0.12598619509870612,0
2050,321,41,0.04863815747526478,0
2050,321,47,0.06288924373332105,0
2050,321,51,0.10489978507991754,0
2050,321,80,0.06960817136234414,0
2050,321,85,0.027500105041863288,0
2050,321,86,0.08503187564499914,0
2050,321,99,0.2879664396251125,0
2050,322,99,1.0,0
2050,323,4,0.05481013627395961,0
2050,323,7,0.019864210972237954,0
2050,323,17,0.01752288711597996,0
2050,323,18,0.025452107418642102,0
2050,323,21,0.02361394337887859,0
2050,323,39,0.2293626981443104,0
2050,323,51,0.023971652033637672,0
2050,323,80,0.055804766375011146,0
2050,323,99,0.5074157053677641,0
2050,323,104,0.018897809956002733,0
2050,323,114,0.023284082963575595,0
2050,324,9,0.041373245506828304,0
2050,324,18,0.11429164634014556,0
2050,324,23,0.27078804824366975,0
2050,324,39,0.3634637409499949,0
2050,324,41,0.019901964318357432,0
2050,324,50,0.023393799313369202,0
2050,324,93,0.03644947954673628,0
2050,324,105,0.10924433893200618,0
2050,324,114,0.021093736848892305,0
2050,325,23,1.0,0
2050,326,10,0.09902749863205773,0
2050,326,13,0.03413449616387808,0
2050,326,20,0.1348691116530546,0
2050,326,23,0.3174268654630716,0
2050,326,58,0.09439555111463564,0
2050,326,64,0.1416788029516881,0
2050,326,73,0.08480861105710973,0
2050,326,115,0.09365906296450457,0
2050,327,69,1.0,0
2050,328,51,0.04847473446421211,0
2050,328,52,0.08937719474232933,0
2050,328,54,0.0413080887624096,0
2050,328,60,0.1153715871623702,0
2050,328,80,0.018488532368821323,0
2050,328,82,0.018416634195680653,0
2050,328,89,0.018923794409783753,0
2050,328,99,0.05035120767263881,0
2050,328,101,0.22123107647648305,0
2050,328,104,0.35942700901204055,0
2050,328,106,0.01863014073323064,0
2050,329,4,0.07606471762531257,0
2050,329,9,0.10224016951345449,0
2050,329,16,0.07199095766500183,0
2050,329,22,0.05946688109744402,0
2050,329,23,0.11411357716880333,0
2050,329,31,0.0536823362678256,0
2050,329,36,0.031398330476380965,0
2050,329,54,0.08565193572696256,0
2050,329,80,0.07749968367605523,0
2050,329,81,0.10197935315032844,0
2050,329,89,0.011550063769787223,0
2050,329,93,0.04040859104666526,0
2050,329,96,0.027481890964852703,0
2050,329,99,0.012347437068929313,0
2050,329,101,0.07521793694060575,0
2050,329,107,0.05890613784159081,0
2050,330,3,0.1993865004801833,0
2050,330,11,0.04602771914869159,0
2050,330,13,0.03307165941388588,0
2050,330,16,0.05710811080932884,0
2050,330,22,0.10844369951604044,0
2050,330,23,0.08455138765738128,0
2050,330,24,0.14151068373320727,0
2050,330,26,0.04420664618464864,0
2050,330,35,0.04257692231936951,0
2050,330,81,0.019953145744341004,0
2050,330,101,0.1709655859381266,0
2050,330,118,0.05219793905479574,0
2050,331,101,1.0,0
2050,332,4,0.15676630382164528,0
2050,332,7,0.03577100586822333,0
2050,332,9,0.04318029108514681,0
2050,332,18,0.01386219384775311,0
2050,332,23,0.02683561252940951,0
2050,332,29,0.030707409504386114,0
2050,332,40,0.0526739058532305,0
2050,332,51,0.08120911887382964,0
2050,332,80,0.03939842666984965,0
2050,332,99,0.03850221198863497,0
2050,332,101,0.28626247350649286,0
2050,332,104,0.1360427525243237,0
2050,332,115,0.058788293927074645,0
2050,333,4,0.06701432652317267,0
2050,333,18,0.33756685741714704,0
2050,333,40,0.10313622704945456,0
2050,333,41,0.1727217902284609,0
2050,333,51,0.013817529286892644,0
2050,333,80,0.10944288712851495,0
2050,333,99,0.02780491305354002,0
2050,333,101,0.03786142355146427,0
2050,333,104,0.05425411095269138,0
2050,333,115,0.07637993480866152,0
2050,334,18,0.1471630543540658,0
2050,334,40,0.19558792853764456,0
2050,334,41,0.3336041709266271,0
2050,334,78,0.013172318181664481,0
2050,334,80,0.22605616107877446,0
2050,334,99,0.08441636692122358,0
2050,335,41,1.0,0
2050,336,29,1.0,0
2050,337,4,0.16308989626434653,0
2050,337,27,0.07342575247751196,0
2050,337,29,0.14553734903955248,0
2050,337,35,0.03307800295355106,0
2050,337,44,0.05600127513829353,0
2050,337,54,0.15093792652978277,0
2050,337,60,0.03627523762906786,0
2050,337,69,0.03249153208968524,0
2050,337,73,0.03666465311099788,0
2050,337,80,0.18891678276606358,0
2050,337,101,0.04656138002350569,0
2050,337,115,0.03702021197764145,0
2050,338,4,0.29134011007401484,0
2050,338,12,0.01410132660721234,0
2050,338,32,0.020209591869776434,0
2050,338,69,0.05731158786434496,0
2050,338,80,0.4407561847695361,0
2050,338,104,0.050694107370767544,0
2050,338,115,0.12558709144434793,0
2050,339,4,0.22521034119120772,0
2050,339,12,0.0518105018242294,0
2050,339,29,0.04938491319275188,0
2050,339,44,0.011507711040537306,0
2050,339,51,0.033695915320628794,0
2050,339,80,0.5364630154907183,0
2050,339,89,0.042295108552619476,0
2050,339,104,0.031191343116375177,0
2050,339,107,0.01844115027093201,0
2050,340,80,1.0,0
2050,341,4,0.3686737926354665,0
2050,341,11,0.09151965376822509,0
2050,341,22,0.04971185552240574,0
2050,341,54,0.10373277801331045,0
2050,341,80,0.14375509671034206,0
2050,341,95,0.13683936211643638,0
2050,341,107,0.027507606281617598,0
2050,341,112,0.0782598549521961,0
2050,342,4,0.43172670724636036,0
2050,342,16,0.046431627108482615,0
2050,342,29,0.12279027356977548,0
2050,342,42,0.12505377396175907,0
2050,342,56,0.09719938454113772,0
2050,342,73,0.09653788382501892,0
2050,342,106,0.06147647734680298,0
2050,342,108,0.01878387240066279,0
2050,343,4,0.43905518861234594,0
2050,343,29,0.07168022673259386,0
2050,343,58,0.0995353377975629,0
2050,343,60,0.11946270785246739,0
2050,343,76,0.029276051155407976,0
2050,343,80,0.1373068920309564,0
2050,343,89,0.02016875060352657,0
2050,343,101,0.06054939198587445,0
2050,343,107,0.022965453229264556,0
2050,344,4,0.32473815694150193,0
2050,344,12,0.08145471649782848,0
2050,344,60,0.04142730416730689,0
2050,344,80,0.1981231410185744,0
2050,344,89,0.06165377011783774,0
2050,344,101,0.27465259359430133,0
2050,344,115,0.01795031766264934,0
2050,345,4,0.2968837189215425,0
2050,345,10,0.04721787490006697,0
2050,345,31,0.07079025097107863,0
2050,345,39,0.06719134009406383,0
2050,345,54,0.02187849092493515,0
2050,345,80,0.3758206493867744,0
2050,345,89,0.07844506418817258,0
2050,345,114,0.02702291216693217,0
2050,345,115,0.014749698446433791,0
2050,346,4,0.12057281459539262,0
2050,346,10,0.06717086995885738,0
2050,346,13,0.3087713824561035,0
2050,346,31,0.013431384818163944,0
2050,346,39,0.0443945143293208,0
2050,346,41,0.08685939018888482,0
2050,346,44,0.02286828392066246,0
2050,346,65,0.054270080268377825,0
2050,346,80,0.2182216316759688,0
2050,346,115,0.06343964778826779,0
2050,347,13,1.0,0
2050,348,4,0.0485840097158384,0
2050,348,11,0.05560101119833384,0
2050,348,13,0.28737053080945385,0
2050,348,35,0.23141321227879436,0
2050,348,54,0.2440230938742993,0
2050,348,64,0.012683266480239166,0
2050,348,95,0.12032487564304098,0
2050,349,3,0.010397967247243416,0
2050,349,4,0.22619189132647557,0
2050,349,11,0.07109536938365489,0
2050,349,13,0.09419662109461921,0
2050,349,27,0.0458022787865465,0
2050,349,35,0.18607629762003938,0
2050,349,54,0.04720611932124532,0
2050,349,68,0.03372106597655863,0
2050,349,69,0.09042166049058292,0
2050,349,73,0.17715331538290213,0
2050,349,102,0.017737413370132016,0
2050,350,4,0.48969960205809715,0
2050,350,23,0.1540050652992288,0
2050,350,27,0.049898455464037164,0
2050,350,73,0.17964231343046919,0
2050,350,76,0.09172674859847332,0
2050,350,100,0.03502781514969437,0
2050,351,4,0.43850622964010216,0
2050,351,7,0.04846062633856445,0
2050,351,13,0.22934695976081157,0
2050,351,48,0.013248966842373824,0
2050,351,54,0.13970789036218462,0
2050,351,56,0.057103496212573816,0
2050,351,73,0.055774078185467715,0
2050,351,103,0.017851752657921813,0
2050,352,4,0.5854212663285556,0
2050,352,12,0.06418300127298628,0
2050,352,13,0.18779802718003996,0
2050,352,19,0.04203308876554552,0
2050,352,80,0.016608844229804628,0
2050,352,104,0.08893061814705967,0
2050,352,115,0.015025154076008322,0
2050,353,4,0.7080466764719732,0
2050,353,13,0.046344405683317824,0
2050,353,54,0.2079835888560643,0
2050,353,101,0.017300082670380593,0
2050,353,107,0.02032524631826401,0
2050,354,4,1.0,0
2050,355,4,0.6593683944573036,0
2050,355,18,0.041477111700037476,0
2050,355,41,0.08132302157028005,0
2050,355,80,0.17725922691362436,0
2050,355,85,0.026459620531896228,0
2050,355,99,0.01411262482685838,0
2050,356,4,0.547906093631353,0
2050,356,7,0.13554471573457258,0
2050,356,41,0.054882292277876873,0
2050,356,80,0.13448121334563973,0
2050,356,93,0.04107518586025659,0
2050,356,99,0.08611049915030133,0
2050,357,4,0.4722183416902592,0
2050,357,7,0.04745573947809281,0
2050,357,29,0.04803816674094391,0
2050,357,41,0.055136805069124335,0
2050,357,42,0.011189080886166733,0
2050,357,80,0.21054820311996053,0
2050,357,89,0.08833096248383147,0
2050,357,93,0.04979766724883555,0
2050,357,99,0.01728503328278524,0
2050,358,4,0.35077975494320923,0
2050,358,16,0.10278715877535258,0
2050,358,36,0.011072537660003956,0
2050,358,47,0.027898608108580244,0
2050,358,51,0.06427105109996194,0
2050,358,58,0.04749900722659471,0
2050,358,80,0.16675549470500867,0
2050,358,89,0.05508637900268171,0
2050,358,104,0.1630087769004564,0
2050,358,115,0.010841231578150526,0
2050,359,4,0.23111834045017646,0
2050,359,36,0.1511742598861674,0
2050,359,41,0.03442540311806028,0
2050,359,54,0.014082042218263782,0
2050,359,60,0.06351184590373184,0
2050,359,76,0.0826265199079905,0
2050,359,80,0.30077682987179005,0
2050,359,89,0.11157844060887129,0
2050,359,104,0.010706318034948405,0
2050,360,4,0.06011811559369454,0
2050,360,9,0.090373260808568,0
2050,360,24,0.04759111089711247,0
2050,360,27,0.07461127639557762,0
2050,360,29,0.14168741569003238,0
2050,360,36,0.09981436448939138,0
2050,360,54,0.1118295164184813,0
2050,360,72,0.028558576143148804,0
2050,360,76,0.013030110824625865,0
2050,360,80,0.2711794227712638,0
2050,360,86,0.048509394259238135,0
2050,360,115,0.01269743570886582,0
2050,361,13,0.25873352281057477,0
2050,361,16,0.15321744611261742,0
2050,361,18,0.011132943056084362,0
2050,361,21,0.04753584783303594,0
2050,361,35,0.01885366604113949,0
2050,361,51,0.07113526450384075,0
2050,361,54,0.1603415565749409,0
2050,361,64,0.028841348089465108,0
2050,361,80,0.04412996483224288,0
2050,361,104,0.15720901643678756,0
2050,361,115,0.048869423709270735,0
2050,362,54,1.0,0
2050,363,13,0.07606499594179726,0
2050,363,16,0.09623693815448191,0
2050,363,29,0.09681108814252529,0
2050,363,54,0.15487278950298228,0
2050,363,56,0.09563024050932951,0
2050,363,82,0.14310508257269852,0
2050,363,103,0.05014969539172109,0
2050,363,104,0.047694041672098085,0
2050,363,115,0.23943512811236603,0
2050,364,7,0.07132537614326519,0
2050,364,12,0.0801178694825136,0
2050,364,16,0.041956232204228706,0
2050,364,23,0.05151957192692783,0
2050,364,36,0.06147337042825743,0
2050,364,37,0.041615779876840474,0
2050,364,40,0.028317116322255365,0
2050,364,54,0.058218913182138454,0
2050,364,101,0.16207311267832245,0
2050,364,115,0.34607492036125603,0
2050,364,118,0.05730773739399455,0
2050,365,115,1.0,0
