year,period,rep_period,weight,scenario
2030,1,1,0.8062568623258729,0
2030,1,2,0.19374313767412712,0
2030,2,1,1.0,0
2030,3,2,1.0,0
2030,4,1,0.1937431376741272,0
2030,4,2,0.8062568623258728,0
2030,5,1,0.6600497889396824,0
2030,5,2,0.3399502110603176,0
2030,6,1,0.5627418189129336,0
2030,6,2,0.4372581810870663,0
2030,7,1,0.10739156610459079,0
2030,7,2,0.8926084338954092,0
2030,8,1,0.6020330478940077,0
2030,8,2,0.3979669521059923,0
2030,9,1,0.1878664258490994,0
2030,9,2,0.8121335741509006,0
2030,10,1,0.8430090379445009,0
2030,10,2,0.15699096205549912,0
2030,11,1,0.30442770701438193,0
2030,11,2,0.6955722929856181,0
2030,12,1,0.6703156539720518,0
2030,12,2,0.3296843460279481,0
2030,13,1,0.5319100161111777,0
2030,13,2,0.4680899838888222,0
2030,14,1,0.8701332493456734,0
2030,14,2,0.12986675065432668,0
2030,15,1,0.4835424000137444,0
2030,15,2,0.5164575999862556,0
2030,16,1,0.556019382868987,0
2030,16,2,0.44398061713101306,0
2030,17,1,0.45892595052534535,0
2030,17,2,0.5410740494746548,0
2030,18,1,0.4019865768235836,0
2030,18,2,0.5980134231764164,0
2030,19,1,0.4791364853057976,0
2030,19,2,0.5208635146942024,0
2030,20,1,0.20701899989844197,0
2030,20,2,0.7929810001015581,0
2030,21,1,0.4665120876062881,0
2030,21,2,0.5334879123937118,0
2030,22,1,0.016183268624659023,0
2030,22,2,0.9838167313753409,0
2030,23,1,0.279121992395299,0
2030,23,2,0.720878007604701,0
2030,24,1,0.3999382235942015,0
2030,24,2,0.6000617764057985,0
2030,25,1,0.3742422892874535,0
2030,25,2,0.6257577107125466,0
2030,26,1,0.05437006540599222,0
2030,26,2,0.9456299345940077,0
2030,27,1,0.36893390725129405,0
2030,27,2,0.631066092748706,0
2030,28,1,0.6675379617257157,0
2030,28,2,0.3324620382742843,0
2030,29,1,0.6347913004129548,0
2030,29,2,0.3652086995870452,0
2030,30,1,0.4197539964629251,0
2030,30,2,0.5802460035370749,0
2030,31,1,0.6306565667950509,0
2030,31,2,0.36934343320494917,0
2030,32,1,0.41675732263540916,0
2030,32,2,0.5832426773645909,0
2030,33,1,0.3206885472553882,0
2030,33,2,0.6793114527446119,0
2030,34,1,0.03528974498020052,0
2030,34,2,0.9647102550197996,0
2030,35,1,0.3910149372160297,0
2030,35,2,0.6089850627839702,0
2030,36,1,0.4122922555476149,0
2030,36,2,0.5877077444523852,0
2030,37,1,0.9496855880594923,0
2030,37,2,0.05031441194050768,0
2030,38,1,0.1823221773751341,0
2030,38,2,0.8176778226248659,0
2030,39,1,0.5782922204683546,0
2030,39,2,0.4217077795316454,0
2030,40,1,0.7746159490120307,0
2030,40,2,0.2253840509879693,0
2030,41,1,0.8465785829628029,0
2030,41,2,0.1534214170371971,0
2030,42,1,0.21068381341567655,0
2030,42,2,0.7893161865843235,0
2030,43,1,0.8767632970601599,0
2030,43,2,0.12323670293984008,0
2030,44,1,0.10207262565458829,0
2030,44,2,0.8979273743454118,0
2030,45,1,0.8530743651112378,0
2030,45,2,0.14692563488876223,0
2030,46,1,0.791949929961396,0
2030,46,2,0.208050070038604,0
2030,47,1,0.41616879376692456,0
2030,47,2,0.5838312062330755,0
2030,48,1,0.20296612638568787,0
2030,48,2,0.797033873614312,0
2030,49,1,0.5208676041833901,0
2030,49,2,0.4791323958166099,0
2030,50,1,0.5832572550229338,0
2030,50,2,0.41674274497706615,0
2030,51,1,0.6967222547344085,0
2030,51,2,0.3032777452655915,0
2030,52,1,0.6085934028949667,0
2030,52,2,0.39140659710503334,0
2030,53,1,0.6430839010436035,0
2030,53,2,0.3569160989563965,0
2030,54,1,0.920418792466981,0
2030,54,2,0.07958120753301899,0
2030,55,1,0.6805052821919967,0
2030,55,2,0.31949471780800326,0
2030,56,1,0.19334174225932868,0
2030,56,2,0.8066582577406713,0
2030,57,1,0.5249308332142976,0
2030,57,2,0.47506916678570243,0
2030,58,1,0.12800400790548044,0
2030,58,2,0.8719959920945196,0
2030,59,1,0.45615471039405464,0
2030,59,2,0.5438452896059454,0
2030,60,1,0.5645951921638233,0
2030,60,2,0.4354048078361768,0
2030,61,1,0.7801913127732705,0
2030,61,2,0.2198086872267296,0
2030,62,1,0.48059742445603176,0
2030,62,2,0.5194025755439683,0
2030,63,1,0.5977704316525948,0
2030,63,2,0.40222956834740525,0
2030,64,1,0.13376101581774266,0
2030,64,2,0.8662389841822573,0
2030,65,1,0.5933236814383831,0
2030,65,2,0.40667631856161685,0
2030,66,1,0.11834560480178533,0
2030,66,2,0.8816543951982146,0
2030,67,1,0.8110252069370965,0
2030,67,2,0.18897479306290352,0
2030,68,1,0.8270908351438592,0
2030,68,2,0.17290916485614083,0
2030,69,1,0.7690729807261394,0
2030,69,2,0.23092701927386058,0
2030,70,1,0.7914552016492389,0
2030,70,2,0.20854479835076115,0
2030,71,1,0.4241281073310026,0
2030,71,2,0.5758718926689974,0
2030,72,1,0.8034402272020836,0
2030,72,2,0.19655977279791634,0
2030,73,1,0.3391032918833341,0
2030,73,2,0.660896708116666,0
2030,74,1,0.2424278475630453,0
2030,74,2,0.7575721524369547,0
2030,75,1,0.23529194232078518,0
2030,75,2,0.7647080576792148,0
2030,76,1,0.8429647814664905,0
2030,76,2,0.15703521853350963,0
2030,77,1,0.2290237777958804,0
2030,77,2,0.7709762222041197,0
2030,78,1,0.5828723903508931,0
2030,78,2,0.41712760964910695,0
2030,79,1,0.6864583165703798,0
2030,79,2,0.31354168342962024,0
2030,80,1,0.736113585287133,0
2030,80,2,0.26388641471286706,0
2030,81,1,0.5172343506771941,0
2030,81,2,0.4827656493228058,0
2030,82,1,0.4205157431473523,0
2030,82,2,0.5794842568526478,0
2030,83,1,0.07374798206158825,0
2030,83,2,0.9262520179384118,0
2030,84,1,0.39300573216223483,0
2030,84,2,0.6069942678377652,0
2030,85,1,0.4408835380828043,0
2030,85,2,0.5591164619171958,0
2030,86,1,0.39296320481671704,0
2030,86,2,0.6070367951832829,0
2030,87,1,0.4908736067514545,0
2030,87,2,0.5091263932485456,0
2030,88,1,0.5690878268276097,0
2030,88,2,0.4309121731723902,0
2030,89,1,0.14596911944937285,0
2030,89,2,0.8540308805506271,0
2030,90,1,0.17254938494710775,0
2030,90,2,0.8274506150528923,0
2030,91,1,0.3975747158244037,0
2030,91,2,0.6024252841755963,0
2030,92,1,0.2600620370872425,0
2030,92,2,0.7399379629127575,0
2030,93,1,0.35679607870354185,0
2030,93,2,0.6432039212964581,0
2030,94,1,0.36365173944056545,0
2030,94,2,0.6363482605594345,0
2030,95,1,0.7781482323408697,0
2030,95,2,0.22185176765913026,0
2030,96,1,0.4845851986656311,0
2030,96,2,0.515414801334369,0
2030,97,1,0.47311530418409536,0
2030,97,2,0.5268846958159047,0
2030,98,1,0.40470121150078414,0
2030,98,2,0.5952987884992159,0
2030,99,1,0.8718695608591363,0
2030,99,2,0.12813043914086372,0
2030,100,1,0.7537307744050405,0
2030,100,2,0.2462692255949594,0
2030,1,1,0.8062568623258729,1
2030,1,2,0.19374313767412712,1
2030,2,1,1.0,1
2030,3,2,1.0,1
2030,4,1,0.1937431376741272,1
2030,4,2,0.8062568623258728,1
2030,5,1,0.07547342020450254,1
2030,5,2,0.9245265797954975,1
2030,6,1,0.3603711108177244,1
2030,6,2,0.6396288891822757,1
2030,7,1,0.4625748013190353,1
2030,7,2,0.5374251986809647,1
2030,8,1,0.460799427007568,1
2030,8,2,0.5392005729924321,1
2030,9,1,0.2846578760681531,1
2030,9,2,0.7153421239318468,1
2030,10,1,0.6465057428807907,1
2030,10,2,0.35349425711920934,1
2030,11,1,0.679480083650821,1
2030,11,2,0.3205199163491789,1
2030,12,1,0.3726596768011323,1
2030,12,2,0.6273403231988677,1
2030,13,1,0.6869845324760685,1
2030,13,2,0.3130154675239315,1
2030,14,1,0.7758658491299761,1
2030,14,2,0.22413415087002383,1
2030,15,1,0.372199785418419,1
2030,15,2,0.627800214581581,1
2030,16,1,0.43671790369201957,1
2030,16,2,0.5632820963079804,1
2030,17,1,0.2698582096843325,1
2030,17,2,0.7301417903156675,1
2030,18,1,0.6654355937096748,1
2030,18,2,0.3345644062903252,1
2030,19,1,0.7144908368167793,1
2030,19,2,0.2855091631832208,1
2030,20,1,0.2953824037348218,1
2030,20,2,0.7046175962651783,1
2030,21,1,0.6923836952091068,1
2030,21,2,0.30761630479089325,1
2030,22,1,0.7495982587050017,1
2030,22,2,0.25040174129499826,1
2030,23,1,0.5165113566378048,1
2030,23,2,0.48348864336219516,1
2030,24,1,0.29136626151465783,1
2030,24,2,0.7086337384853422,1
2030,25,1,0.42920464883436754,1
2030,25,2,0.5707953511656325,1
2030,26,1,0.12531643927423453,1
2030,26,2,0.8746835607257655,1
2030,27,1,0.5476850226482135,1
2030,27,2,0.45231497735178644,1
2030,28,1,0.6538614802942699,1
2030,28,2,0.34613851970573,1
2030,29,1,0.3112159395450083,1
2030,29,2,0.6887840604549916,1
2030,30,1,0.8009094032829785,1
2030,30,2,0.19909059671702142,1
2030,31,1,0.3025736292823323,1
2030,31,2,0.6974263707176678,1
2030,32,1,0.6591384149657691,1
2030,32,2,0.3408615850342309,1
2030,33,1,0.7298285744334707,1
2030,33,2,0.27017142556652934,1
2030,34,1,0.4771188626049685,1
2030,34,2,0.5228811373950315,1
2030,35,1,0.715611980383959,1
2030,35,2,0.284388019616041,1
2030,36,1,0.5738324401331318,1
2030,36,2,0.4261675598668681,1
2030,37,1,0.21852193280944546,1
2030,37,2,0.7814780671905546,1
2030,38,1,0.37941587238522895,1
2030,38,2,0.620584127614771,1
2030,39,1,0.31620696965356515,1
2030,39,2,0.6837930303464349,1
2030,40,1,0.8841070790832755,1
2030,40,2,0.11589292091672458,1
2030,41,1,0.4698436229418798,1
2030,41,2,0.5301563770581201,1
2030,42,1,0.23736317155135508,1
2030,42,2,0.7626368284486449,1
2030,43,1,0.2199433140529893,1
2030,43,2,0.7800566859470107,1
2030,44,1,0.3612093258109326,1
2030,44,2,0.6387906741890673,1
2030,45,1,0.5997208850926061,1
2030,45,2,0.40027911490739393,1
2030,46,1,0.19837387504275786,1
2030,46,2,0.8016261249572422,1
2030,47,1,0.4391302765985752,1
2030,47,2,0.5608697234014249,1
2030,48,1,0.5329221440018903,1
2030,48,2,0.46707785599810964,1
2030,49,1,0.6415990537888245,1
2030,49,2,0.3584009462111755,1
2030,50,1,0.17093935515216824,1
2030,50,2,0.8290606448478318,1
2030,51,1,0.2736310877359996,1
2030,51,2,0.7263689122640005,1
2030,52,1,0.15363950574414467,1
2030,52,2,0.8463604942558554,1
2030,53,1,0.6070531822250885,1
2030,53,2,0.39294681777491147,1
2030,54,1,0.5388474098109342,1
2030,54,2,0.4611525901890658,1
2030,55,1,0.029765964817301198,1
2030,55,2,0.9702340351826989,1
2030,56,1,0.2039412805596404,1
2030,56,2,0.7960587194403596,1
2030,57,1,0.41684301608750235,1
2030,57,2,0.5831569839124977,1
2030,58,1,0.1246647250335125,1
2030,58,2,0.8753352749664876,1
2030,59,1,0.15380616210960987,1
2030,59,2,0.8461938378903902,1
2030,60,1,0.7524247979702001,1
2030,60,2,0.24757520202979988,1
2030,61,1,0.6741428179853032,1
2030,61,2,0.3258571820146968,1
2030,62,1,0.3142145120072129,1
2030,62,2,0.685785487992787,1
2030,63,1,0.847063394599264,1
2030,63,2,0.15293660540073595,1
2030,64,1,0.435061214944885,1
2030,64,2,0.564938785055115,1
2030,65,1,0.36613601117931827,1
2030,65,2,0.6338639888206817,1
2030,66,1,0.2989848260731438,1
2030,66,2,0.7010151739268562,1
2030,67,1,0.5722574817916093,1
2030,67,2,0.4277425182083907,1
2030,68,1,0.2593827114415175,1
2030,68,2,0.7406172885584826,1
2030,69,1,0.6153432795448965,1
2030,69,2,0.3846567204551035,1
2030,70,1,0.2589450439486505,1
2030,70,2,0.7410549560513495,1
2030,71,1,0.20626645351040657,1
2030,71,2,0.7937335464895934,1
2030,72,1,0.04344718727957746,1
2030,72,2,0.9565528127204226,1
2030,73,1,0.7088074930501935,1
2030,73,2,0.29119250694980653,1
2030,74,1,0.6937901643191181,1
2030,74,2,0.30620983568088184,1
2030,75,1,0.0842461791505443,1
2030,75,2,0.9157538208494557,1
2030,76,1,0.8279347613390478,1
2030,76,2,0.17206523866095233,1
2030,77,1,0.23607762528660176,1
2030,77,2,0.7639223747133983,1
2030,78,1,0.9592387095270417,1
2030,78,2,0.04076129047295834,1
2030,79,1,0.29890890942169857,1
2030,79,2,0.7010910905783015,1
2030,80,1,0.3091001451681523,1
2030,80,2,0.6908998548318477,1
2030,81,1,0.3056597394849414,1
2030,81,2,0.6943402605150587,1
2030,82,1,0.4249761247614164,1
2030,82,2,0.5750238752385837,1
2030,83,1,0.9433243349802152,1
2030,83,2,0.05667566501978486,1
2030,84,1,0.5260743712484169,1
2030,84,2,0.47392562875158306,1
2030,85,1,0.4817711000259142,1
2030,85,2,0.5182288999740858,1
2030,86,1,0.4934116596680307,1
2030,86,2,0.5065883403319694,1
2030,87,1,0.32031701495545534,1
2030,87,2,0.6796829850445446,1
2030,88,1,0.2847707386035186,1
2030,88,2,0.7152292613964814,1
2030,89,1,0.8396198614994205,1
2030,89,2,0.1603801385005795,1
2030,90,1,0.48102814380591524,1
2030,90,2,0.5189718561940847,1
2030,91,1,0.46798652201574326,1
2030,91,2,0.5320134779842568,1
2030,92,1,0.8242290303609913,1
2030,92,2,0.17577096963900876,1
2030,93,1,0.8441716386293704,1
2030,93,2,0.15582836137062964,1
2030,94,1,0.6846046878242396,1
2030,94,2,0.3153953121757605,1
2030,95,1,0.11976517601264747,1
2030,95,2,0.8802348239873526,1
2030,96,1,0.22875862176399522,1
2030,96,2,0.7712413782360048,1
2030,97,1,0.5849370050638316,1
2030,97,2,0.41506299493616833,1
2030,98,1,0.41237057310591446,1
2030,98,2,0.5876294268940856,1
2030,99,1,0.34108696002976746,1
2030,99,2,0.6589130399702325,1
2030,100,1,0.6600715931594079,1
2030,100,2,0.33992840684059217,1
