rep_period,timestep,year,scenario,profile_name,value
1,1,2030,0,demand,0.5092839005429444
1,2,2030,0,demand,0.5006653884724113
1,3,2030,0,demand,0.4917865336371847
1,4,2030,0,demand,0.48275083455003825
1,5,2030,0,demand,0.4890421439643358
1,6,2030,0,demand,0.5053723103349955
1,7,2030,0,demand,0.5305592183119346
1,8,2030,0,demand,0.564314373398746
1,9,2030,0,demand,0.5975998448523838
1,10,2030,0,demand,0.621603144728408
1,11,2030,0,demand,0.6367013332741649
1,12,2030,0,demand,0.6440512773945201
1,13,2030,0,demand,0.6422674344392215
1,14,2030,0,demand,0.6331045338435568
1,15,2030,0,demand,0.6238419657230155
1,16,2030,0,demand,0.6202577547276366
1,17,2030,0,demand,0.6186652190629498
1,18,2030,0,demand,0.6218307967263736
1,19,2030,0,demand,0.631256624814437
1,20,2030,0,demand,0.6392476872235365
1,21,2030,0,demand,0.6329938214431429
1,22,2030,0,demand,0.5982435312785748
1,23,2030,0,demand,0.5560607754937115
1,24,2030,0,demand,0.5450601065629816
1,1,2030,0,solar,0.0
1,2,2030,0,solar,0.0
1,3,2030,0,solar,0.0
1,4,2030,0,solar,0.0
1,5,2030,0,solar,0.0
1,6,2030,0,solar,8.062156463941107e-5
1,7,2030,0,solar,0.01221986008408101
1,8,2030,0,solar,0.1006787683330369
1,9,2030,0,solar,0.2619419172053429
1,10,2030,0,solar,0.42708338159048226
1,11,2030,0,solar,0.5417448623527898
1,12,2030,0,solar,0.6157533530686714
1,13,2030,0,solar,0.6395589452154532
1,14,2030,0,solar,0.6195357113517228
1,15,2030,0,solar,0.5541060141351489
1,16,2030,0,solar,0.4503786967903273
1,17,2030,0,solar,0.31052909755420144
1,18,2030,0,solar,0.15468777090040103
1,19,2030,0,solar,0.04161266665589598
1,20,2030,0,solar,0.00156359267404463
1,21,2030,0,solar,0.0
1,22,2030,0,solar,0.0
1,23,2030,0,solar,0.0
1,24,2030,0,solar,0.0
1,1,2030,0,wind_offshore,0.29311132280660757
1,2,2030,0,wind_offshore,0.2933844196251276
1,3,2030,0,wind_offshore,0.2901864484745661
1,4,2030,0,wind_offshore,0.28613483811851026
1,5,2030,0,wind_offshore,0.278201061799504
1,6,2030,0,wind_offshore,0.2675695052944225
1,7,2030,0,wind_offshore,0.26212071956025884
1,8,2030,0,wind_offshore,0.2582453089571735
1,9,2030,0,wind_offshore,0.2545850915491152
1,10,2030,0,wind_offshore,0.2523166662433187
1,11,2030,0,wind_offshore,0.23680551850598194
1,12,2030,0,wind_offshore,0.23621377036304456
1,13,2030,0,wind_offshore,0.2376281669437844
1,14,2030,0,wind_offshore,0.24148772294816295
1,15,2030,0,wind_offshore,0.24599472597868124
1,16,2030,0,wind_offshore,0.25661291096539013
1,17,2030,0,wind_offshore,0.2692814106568832
1,18,2030,0,wind_offshore,0.2816857161288986
1,19,2030,0,wind_offshore,0.2957389883523311
1,20,2030,0,wind_offshore,0.30774965764754086
1,21,2030,0,wind_offshore,0.31523455022928026
1,22,2030,0,wind_offshore,0.3247580103636797
1,23,2030,0,wind_offshore,0.3041871795806827
1,24,2030,0,wind_offshore,0.3105516476306816
1,1,2030,0,wind_onshore,0.21723247962819733
1,2,2030,0,wind_onshore,0.20862313181085804
1,3,2030,0,wind_onshore,0.20082552433157613
1,4,2030,0,wind_onshore,0.19369772512811675
1,5,2030,0,wind_onshore,0.1882846706759674
1,6,2030,0,wind_onshore,0.18349910952359635
1,7,2030,0,wind_onshore,0.17835464010944097
1,8,2030,0,wind_onshore,0.16999922218014824
1,9,2030,0,wind_onshore,0.16493075048228129
1,10,2030,0,wind_onshore,0.16794276699863206
1,11,2030,0,wind_onshore,0.1668362614795618
1,12,2030,0,wind_onshore,0.1821070455130219
1,13,2030,0,wind_onshore,0.1978859014231
1,14,2030,0,wind_onshore,0.21296997020220731
1,15,2030,0,wind_onshore,0.22771718695893642
1,16,2030,0,wind_onshore,0.23949068712701596
1,17,2030,0,wind_onshore,0.24623992487624946
1,18,2030,0,wind_onshore,0.251743100085254
1,19,2030,0,wind_onshore,0.25334487676444173
1,20,2030,0,wind_onshore,0.25320240940306316
1,21,2030,0,wind_onshore,0.2530224252651108
1,22,2030,0,wind_onshore,0.2433766690932607
1,23,2030,0,wind_onshore,0.22256437605579119
1,24,2030,0,wind_onshore,0.21517037301207612
2,1,2030,0,demand,0.5087767160311522
2,2,2030,0,demand,0.4979932655128296
2,3,2030,0,demand,0.4883648687049563
2,4,2030,0,demand,0.4783285426546731
2,5,2030,0,demand,0.48230531034323404
2,6,2030,0,demand,0.4968711055690679
2,7,2030,0,demand,0.5225485196424726
2,8,2030,0,demand,0.55801922744836
2,9,2030,0,demand,0.5928473518213085
2,10,2030,0,demand,0.6174475762070499
2,11,2030,0,demand,0.6311044070808163
2,12,2030,0,demand,0.6364555852928129
2,13,2030,0,demand,0.6331124936231914
2,14,2030,0,demand,0.6229194933767174
2,15,2030,0,demand,0.6121954005126494
2,16,2030,0,demand,0.6068183204225299
2,17,2030,0,demand,0.6055706874483323
2,18,2030,0,demand,0.6112292725322164
2,19,2030,0,demand,0.6261390181502137
2,20,2030,0,demand,0.6389077379132211
2,21,2030,0,demand,0.6361137099230548
2,22,2030,0,demand,0.6028976025766591
2,23,2030,0,demand,0.559487929394915
2,24,2030,0,demand,0.5451919595275975
2,1,2030,0,solar,0.0
2,2,2030,0,solar,0.0
2,3,2030,0,solar,0.0
2,4,2030,0,solar,0.0
2,5,2030,0,solar,0.0
2,6,2030,0,solar,7.149444224834996e-5
2,7,2030,0,solar,0.008635676630177964
2,8,2030,0,solar,0.07197005512789648
2,9,2030,0,solar,0.20706326173033568
2,10,2030,0,solar,0.3581570619705605
2,11,2030,0,solar,0.472182280679104
2,12,2030,0,solar,0.5488725827181877
2,13,2030,0,solar,0.5779061551713146
2,14,2030,0,solar,0.564328885247498
2,15,2030,0,solar,0.5037564011940298
2,16,2030,0,solar,0.4048276731779113
2,17,2030,0,solar,0.27028221755620047
2,18,2030,0,solar,0.12477233184534359
2,19,2030,0,solar,0.02901086634483021
2,20,2030,0,solar,0.0011202907669173492
2,21,2030,0,solar,0.0
2,22,2030,0,solar,0.0
2,23,2030,0,solar,0.0
2,24,2030,0,solar,0.0
2,1,2030,0,wind_offshore,0.7770132694799953
2,2,2030,0,wind_offshore,0.7911779158756669
2,3,2030,0,wind_offshore,0.8034984185906996
2,4,2030,0,wind_offshore,0.8165891148535729
2,5,2030,0,wind_offshore,0.8240205236642958
2,6,2030,0,wind_offshore,0.8280147838129409
2,7,2030,0,wind_offshore,0.8309497182154779
2,8,2030,0,wind_offshore,0.8327343731455015
2,9,2030,0,wind_offshore,0.8320782934462609
2,10,2030,0,wind_offshore,0.8319316015572303
2,11,2030,0,wind_offshore,0.8295190801907677
2,12,2030,0,wind_offshore,0.8279916774698665
2,13,2030,0,wind_offshore,0.8313123813520863
2,14,2030,0,wind_offshore,0.8377274556439763
2,15,2030,0,wind_offshore,0.8391836837626224
2,16,2030,0,wind_offshore,0.8373145304911168
2,17,2030,0,wind_offshore,0.8369701850750167
2,18,2030,0,wind_offshore,0.8344894222342812
2,19,2030,0,wind_offshore,0.8254388570201278
2,20,2030,0,wind_offshore,0.8144173322347605
2,21,2030,0,wind_offshore,0.8028415718870725
2,22,2030,0,wind_offshore,0.7878491548350537
2,23,2030,0,wind_offshore,0.764627305345341
2,24,2030,0,wind_offshore,0.7514350535027834
2,1,2030,0,wind_onshore,0.3430521800863198
2,2,2030,0,wind_onshore,0.33776989564626836
2,3,2030,0,wind_onshore,0.3308787135231072
2,4,2030,0,wind_onshore,0.32596349913879963
2,5,2030,0,wind_onshore,0.3224240163777839
2,6,2030,0,wind_onshore,0.3201911640882809
2,7,2030,0,wind_onshore,0.3178817242166174
2,8,2030,0,wind_onshore,0.3125508416307829
2,9,2030,0,wind_onshore,0.3102506014249053
2,10,2030,0,wind_onshore,0.3124046300262777
2,11,2030,0,wind_onshore,0.31419119004500423
2,12,2030,0,wind_onshore,0.3323624487020544
2,13,2030,0,wind_onshore,0.3504797776239236
2,14,2030,0,wind_onshore,0.3662739123208564
2,15,2030,0,wind_onshore,0.3788725107195
2,16,2030,0,wind_onshore,0.38499100435612826
2,17,2030,0,wind_onshore,0.38465222010207284
2,18,2030,0,wind_onshore,0.3835272371271465
2,19,2030,0,wind_onshore,0.38542326780565483
2,20,2030,0,wind_onshore,0.3888771241665155
2,21,2030,0,wind_onshore,0.38983476681133356
2,22,2030,0,wind_onshore,0.38145797297135126
2,23,2030,0,wind_onshore,0.3659202443941703
2,24,2030,0,wind_onshore,0.3596195472114176
3,1,2030,1,demand,0.5101409118682683
3,2,2030,1,demand,0.5018022968432747
3,3,2030,1,demand,0.4933044209247724
3,4,2030,1,demand,0.48496534203583413
3,5,2030,1,demand,0.4908903213845404
3,6,2030,1,demand,0.5068844581024118
3,7,2030,1,demand,0.5327855960421768
3,8,2030,1,demand,0.5664215234416777
3,9,2030,1,demand,0.5998997075703105
3,10,2030,1,demand,0.6242928926913419
3,11,2030,1,demand,0.6395024613594399
3,12,2030,1,demand,0.647115681539022
3,13,2030,1,demand,0.6448894488512034
3,14,2030,1,demand,0.6348609963785282
3,15,2030,1,demand,0.6251398382837013
3,16,2030,1,demand,0.6208047684415924
3,17,2030,1,demand,0.6193207958374423
3,18,2030,1,demand,0.6222395494156391
3,19,2030,1,demand,0.630221585595833
3,20,2030,1,demand,0.6384945655590295
3,21,2030,1,demand,0.6326203269484842
3,22,2030,1,demand,0.598566146877412
3,23,2030,1,demand,0.5568501501418974
3,24,2030,1,demand,0.5462297977084132
3,1,2030,1,solar,0.0
3,2,2030,1,solar,0.0
3,3,2030,1,solar,0.0
3,4,2030,1,solar,0.0
3,5,2030,1,solar,0.0
3,6,2030,1,solar,8.250632163940394e-5
3,7,2030,1,solar,0.01238252850927935
3,8,2030,1,solar,0.10171625494502969
3,9,2030,1,solar,0.26289893121676206
3,10,2030,1,solar,0.4278223720773399
3,11,2030,1,solar,0.5413377228404059
3,12,2030,1,solar,0.6163642710233248
3,13,2030,1,solar,0.6406250355138423
3,14,2030,1,solar,0.6206234560176945
3,15,2030,1,solar,0.5545867504689675
3,16,2030,1,solar,0.45100553766867635
3,17,2030,1,solar,0.31091264502499644
3,18,2030,1,solar,0.1552396291540966
3,19,2030,1,solar,0.04194971757031941
3,20,2030,1,solar,0.0015800035910412103
3,21,2030,1,solar,0.0
3,22,2030,1,solar,0.0
3,23,2030,1,solar,0.0
3,24,2030,1,solar,0.0
3,1,2030,1,wind_offshore,0.30343642905468343
3,2,2030,1,wind_offshore,0.3036265302380347
3,3,2030,1,wind_offshore,0.3005832447545744
3,4,2030,1,wind_offshore,0.29673664169911024
3,5,2030,1,wind_offshore,0.28915040576140316
3,6,2030,1,wind_offshore,0.2778010563902769
3,7,2030,1,wind_offshore,0.27185743902408416
3,8,2030,1,wind_offshore,0.26748980721813986
3,9,2030,1,wind_offshore,0.26137169226805684
3,10,2030,1,wind_offshore,0.2556213163005198
3,11,2030,1,wind_offshore,0.23738101843768009
3,12,2030,1,wind_offshore,0.23487976201361238
3,13,2030,1,wind_offshore,0.23582484210967114
3,14,2030,1,wind_offshore,0.2411189755302062
3,15,2030,1,wind_offshore,0.24670405186837294
3,16,2030,1,wind_offshore,0.2567132116193772
3,17,2030,1,wind_offshore,0.269779984480763
3,18,2030,1,wind_offshore,0.2813519309557172
3,19,2030,1,wind_offshore,0.2940599842874698
3,20,2030,1,wind_offshore,0.30506462757695973
3,21,2030,1,wind_offshore,0.3115553222606523
3,22,2030,1,wind_offshore,0.3195456564353503
3,23,2030,1,wind_offshore,0.2989124442004235
3,24,2030,1,wind_offshore,0.3047577267723503
3,1,2030,1,wind_onshore,0.2198587785933385
3,2,2030,1,wind_onshore,0.21123404441191804
3,3,2030,1,wind_onshore,0.20303355062337824
3,4,2030,1,wind_onshore,0.19545415525546608
3,5,2030,1,wind_onshore,0.1898494896246347
3,6,2030,1,wind_onshore,0.18506861372056482
3,7,2030,1,wind_onshore,0.17982388273287808
3,8,2030,1,wind_onshore,0.1710782440589848
3,9,2030,1,wind_onshore,0.16637660475946628
3,10,2030,1,wind_onshore,0.16941296424336705
3,11,2030,1,wind_onshore,0.16807034346029812
3,12,2030,1,wind_onshore,0.1826179314336985
3,13,2030,1,wind_onshore,0.19824550834227592
3,14,2030,1,wind_onshore,0.2134673212317135
3,15,2030,1,wind_onshore,0.22800188592564646
3,16,2030,1,wind_onshore,0.24018045020409876
3,17,2030,1,wind_onshore,0.24768124532848226
3,18,2030,1,wind_onshore,0.25421938282674605
3,19,2030,1,wind_onshore,0.2558694080058451
3,20,2030,1,wind_onshore,0.2557970378200306
3,21,2030,1,wind_onshore,0.25587355172477366
3,22,2030,1,wind_onshore,0.2459562285594539
3,23,2030,1,wind_onshore,0.22464753013589095
3,24,2030,1,wind_onshore,0.21746742107955705
4,1,2030,1,demand,0.5102412489724771
4,2,2030,1,demand,0.49934896495282954
4,3,2030,1,demand,0.4893296942907662
4,4,2030,1,demand,0.4797482825000476
4,5,2030,1,demand,0.4830674828504348
4,6,2030,1,demand,0.49754065479582993
4,7,2030,1,demand,0.5234793301988571
4,8,2030,1,demand,0.5586999122699077
4,9,2030,1,demand,0.5928492949961592
4,10,2030,1,demand,0.6174758090029367
4,11,2030,1,demand,0.6309996213834111
4,12,2030,1,demand,0.636968287247795
4,13,2030,1,demand,0.6343797524417849
4,14,2030,1,demand,0.6242519607224984
4,15,2030,1,demand,0.6124800133212314
4,16,2030,1,demand,0.6066094172533733
4,17,2030,1,demand,0.6051724435926645
4,18,2030,1,demand,0.6112464629520447
4,19,2030,1,demand,0.6258938316709355
4,20,2030,1,demand,0.639096966266592
4,21,2030,1,demand,0.636013060880026
4,22,2030,1,demand,0.6031372273683864
4,23,2030,1,demand,0.5602351757716936
4,24,2030,1,demand,0.5462579565660297
4,1,2030,1,solar,0.0
4,2,2030,1,solar,0.0
4,3,2030,1,solar,0.0
4,4,2030,1,solar,0.0
4,5,2030,1,solar,0.0
4,6,2030,1,solar,6.87496768656806e-5
4,7,2030,1,solar,0.008356295774414466
4,8,2030,1,solar,0.07059835614176224
4,9,2030,1,solar,0.20549174993979868
4,10,2030,1,solar,0.3570099447381552
4,11,2030,1,solar,0.46991518249011144
4,12,2030,1,solar,0.5470283618289163
4,13,2030,1,solar,0.5760531714445254
4,14,2030,1,solar,0.5617093853612852
4,15,2030,1,solar,0.5010015658431156
4,16,2030,1,solar,0.4023611370669353
4,17,2030,1,solar,0.2685304478581497
4,18,2030,1,solar,0.12331222112157043
4,19,2030,1,solar,0.028350512648467382
4,20,2030,1,solar,0.0010783370164535425
4,21,2030,1,solar,0.0
4,22,2030,1,solar,0.0
4,23,2030,1,solar,0.0
4,24,2030,1,solar,0.0
4,1,2030,1,wind_offshore,0.7642094633826797
4,2,2030,1,wind_offshore,0.7800428253770589
4,3,2030,1,wind_offshore,0.7930284980182938
4,4,2030,1,wind_offshore,0.8056337688139296
4,5,2030,1,wind_offshore,0.8149237819391493
4,6,2030,1,wind_offshore,0.81924849666919
4,7,2030,1,wind_offshore,0.8223564124926919
4,8,2030,1,wind_offshore,0.8246930795343037
4,9,2030,1,wind_offshore,0.8264561309574193
4,10,2030,1,wind_offshore,0.8290497324123475
4,11,2030,1,wind_offshore,0.8281785470048744
4,12,2030,1,wind_offshore,0.8289209519428483
4,13,2030,1,wind_offshore,0.8323459383763004
4,14,2030,1,wind_offshore,0.8380807905655174
4,15,2030,1,wind_offshore,0.8391837818865587
4,16,2030,1,wind_offshore,0.8387269531207793
4,17,2030,1,wind_offshore,0.8375067292783855
4,18,2030,1,wind_offshore,0.835923845163848
4,19,2030,1,wind_offshore,0.8290728666235366
4,20,2030,1,wind_offshore,0.8183875165144132
4,21,2030,1,wind_offshore,0.8059987484271454
4,22,2030,1,wind_offshore,0.7910848233426058
4,23,2030,1,wind_offshore,0.7695628104736534
4,24,2030,1,wind_offshore,0.7555112305996105
4,1,2030,1,wind_onshore,0.34200249546789097
4,2,2030,1,wind_onshore,0.3370689603508739
4,3,2030,1,wind_onshore,0.3305521346744482
4,4,2030,1,wind_onshore,0.32539615971480684
4,5,2030,1,wind_onshore,0.3219196259067568
4,6,2030,1,wind_onshore,0.31922968655842415
4,7,2030,1,wind_onshore,0.3168875899841215
4,8,2030,1,wind_onshore,0.312385754445366
4,9,2030,1,wind_onshore,0.3104759550638985
4,10,2030,1,wind_onshore,0.31247242246086043
4,11,2030,1,wind_onshore,0.31421960430376067
4,12,2030,1,wind_onshore,0.33259143471997354
4,13,2030,1,wind_onshore,0.3507512942557625
4,14,2030,1,wind_onshore,0.36636184165471464
4,15,2030,1,wind_onshore,0.37903732289739367
4,16,2030,1,wind_onshore,0.3846595052593675
4,17,2030,1,wind_onshore,0.38376276169144646
4,18,2030,1,wind_onshore,0.38203360674530545
4,19,2030,1,wind_onshore,0.38355924539009134
4,20,2030,1,wind_onshore,0.38811884111955236
4,21,2030,1,wind_onshore,0.3886771359615614
4,22,2030,1,wind_onshore,0.38008398990255116
4,23,2030,1,wind_onshore,0.3654254954933109
4,24,2030,1,wind_onshore,0.3594276956020926
