year,period,rep_period,weight,scenario
2030,1,3,1.0,0
2030,2,1,1.0,0
2030,3,2,1.0,0
2030,4,4,1.0,0
2030,5,1,0.09310797622112653,0
2030,5,4,0.02297234057407025,0
2030,5,7,0.812291315941818,0
2030,5,8,0.07162836726298512,0
2030,6,6,1.0,0
2030,7,1,0.05869343080896957,0
2030,7,2,0.8321674439166192,0
2030,7,4,0.060693481649583235,0
2030,7,8,0.0484456436248279,0
2030,8,7,1.0,0
2030,9,4,1.0,0
2030,10,8,1.0,0
2030,11,2,0.31906713592713765,0
2030,11,4,0.024537777011014027,0
2030,11,5,0.6563950870618483,0
2030,12,10,1.0,0
2030,13,2,0.016754297186872335,0
2030,13,4,0.020650013402190494,0
2030,13,6,0.9625956894109371,0
2030,14,9,1.0,0
2030,15,2,0.08520422301769463,0
2030,15,6,0.9147957769823053,0
2030,16,3,0.024315317338064694,0
2030,16,6,0.9756846826619353,0
2030,17,1,0.09521793550098233,0
2030,17,4,0.4122466208534245,0
2030,17,5,0.40665847398190463,0
2030,17,8,0.08587696966368859,0
2030,18,2,0.07146918569419117,0
2030,18,4,0.0952076293445284,0
2030,18,5,0.8333231849612804,0
2030,19,5,1.0,0
2030,20,2,0.20603561404521806,0
2030,20,3,0.05085117661179387,0
2030,20,4,0.6638955200725757,0
2030,20,7,0.04810056217300744,0
2030,20,10,0.03111712709740505,0
2030,21,1,0.14152055732064892,0
2030,21,4,0.5196162925268648,0
2030,21,5,0.21198039580124106,0
2030,21,8,0.12688275435124519,0
2030,22,2,1.0,0
2030,23,1,0.03541340252485218,0
2030,23,3,0.033084898207443224,0
2030,23,4,0.9004602397159183,0
2030,23,9,0.03104145955178636,0
2030,24,2,0.3186497982276657,0
2030,24,3,0.17758834288651223,0
2030,24,6,0.3812894071342242,0
2030,24,7,0.07063104060338274,0
2030,24,10,0.05184141114821503,0
2030,25,2,0.14758084636467833,0
2030,25,4,0.060900143399242705,0
2030,25,5,0.791519010236079,0
2030,26,1,0.02819922203893161,0
2030,26,2,0.9446957927908043,0
2030,26,8,0.015757026196929844,0
2030,26,9,0.011347958973334394,0
2030,27,2,0.3343185987704241,0
2030,27,3,0.164860745934296,0
2030,27,5,0.3645834704698891,0
2030,27,7,0.08371331912498962,0
2030,27,10,0.05252386570040132,0
2030,28,2,0.12288176527588257,0
2030,28,4,0.10711573917933612,0
2030,28,8,0.7700024955447814,0
2030,29,2,0.03300540141713812,0
2030,29,10,0.9669945985828619,0
2030,30,1,0.1583088669635765,0
2030,30,3,0.011242004871629834,0
2030,30,4,0.7046480125411457,0
2030,30,8,0.06482175644477123,0
2030,30,9,0.06097935917887679,0
2030,31,1,0.07470528240012939,0
2030,31,4,0.07539611735872608,0
2030,31,7,0.7835657649934307,0
2030,31,8,0.06633283524771383,0
2030,32,2,0.0687344850472716,0
2030,32,4,0.040773041889810124,0
2030,32,5,0.8904924730629182,0
2030,33,2,0.1900913790814144,0
2030,33,4,0.1613210942694275,0
2030,33,5,0.6485875266491581,0
2030,34,1,0.010076433065939645,0
2030,34,2,0.9001491298335733,0
2030,34,4,0.07209820620389648,0
2030,34,8,0.017676230896590595,0
2030,35,2,0.15519445514985253,0
2030,35,5,0.8448055448501476,0
2030,36,2,0.0694241674047479,0
2030,36,4,0.051027577825396714,0
2030,36,5,0.8795482547698554,0
2030,37,1,0.886612537149315,0
2030,37,2,0.0276945725907997,0
2030,37,3,0.03868984121539191,0
2030,37,7,0.023866079762681625,0
2030,37,10,0.023136969281811838,0
2030,38,1,0.09449222544307646,0
2030,38,2,0.8027468995631678,0
2030,38,3,0.011427806203685007,0
2030,38,8,0.05086846993052882,0
2030,38,9,0.040464598859541956,0
2030,39,1,0.18171149370703182,0
2030,39,4,0.27406347876828824,0
2030,39,5,0.39314059198073187,0
2030,39,8,0.15108443554394801,0
2030,40,4,0.15323906977803298,0
2030,40,8,0.01235280373020417,0
2030,40,9,0.8344081264917629,0
2030,41,2,0.01582655404328535,0
2030,41,9,0.9841734459567146,0
2030,42,2,0.07975326247792158,0
2030,42,3,0.036520809262591235,0
2030,42,4,0.8356318552581684,0
2030,42,7,0.026398837493821915,0
2030,42,10,0.021695235507496965,0
2030,43,3,0.22018103347976373,0
2030,43,8,0.7095948145287891,0
2030,43,9,0.07022415199144705,0
2030,44,2,0.6040699485756744,0
2030,44,4,0.3523419857689015,0
2030,44,8,0.043588065655424,0
2030,45,1,0.06489614169468033,0
2030,45,4,0.06259547738511471,0
2030,45,8,0.047547344299778124,0
2030,45,9,0.8249610366204269,0
2030,46,2,0.04661038558473946,0
2030,46,8,0.9533896144152605,0
2030,47,2,0.09151149412556117,0
2030,47,4,0.016171433571016715,0
2030,47,5,0.892317072303422,0
2030,48,2,0.7357483209671626,0
2030,48,3,0.1314999636714709,0
2030,48,7,0.01610210400155508,0
2030,48,9,0.0733754564319587,0
2030,48,10,0.04327415492785269,0
2030,49,5,1.0,0
2030,50,1,0.1738681823649787,0
2030,50,4,0.22961191828134853,0
2030,50,5,0.45569386315448646,0
2030,50,8,0.14082603619918638,0
2030,51,1,0.02557243163777516,0
2030,51,8,0.01047212416859531,0
2030,51,10,0.9639554441936296,0
2030,52,1,0.016988346469623324,0
2030,52,3,0.04673175008421943,0
2030,52,6,0.90752176955164,0
2030,52,9,0.028758133894517347,0
2030,53,2,0.012703493438258296,0
2030,53,4,0.015352171982186054,0
2030,53,10,0.9719443345795556,0
2030,54,1,0.9296287476171701,0
2030,54,2,0.07037125238282989,0
2030,55,2,0.042513305181174375,0
2030,55,4,0.20078057049651696,0
2030,55,8,0.7567061243223088,0
2030,56,4,1.0,0
2030,57,2,0.023441714149784704,0
2030,57,4,0.0257759507500748,0
2030,57,6,0.9507823351001405,0
2030,58,1,0.01015460069940669,0
2030,58,2,0.5672132249106492,0
2030,58,4,0.3641077160408514,0
2030,58,8,0.0585244583490928,0
2030,59,2,0.04239250035720815,0
2030,59,3,0.037287661264019646,0
2030,59,5,0.8895382470883804,0
2030,59,7,0.017100868770609883,0
2030,59,10,0.013680722519781951,0
2030,60,1,0.13657513177020364,0
2030,60,4,0.1928326887861557,0
2030,60,5,0.5583821374899639,0
2030,60,8,0.1122100419536768,0
2030,61,2,0.029156041962695434,0
2030,61,4,0.10314154041363872,0
2030,61,9,0.8677024176236658,0
2030,62,1,0.1327462297668762,0
2030,62,4,0.4449407955940764,0
2030,62,5,0.3032002548357181,0
2030,62,8,0.11911271980332933,0
2030,63,7,1.0,0
2030,64,1,0.04240243431964974,0
2030,64,2,0.6769531697169767,0
2030,64,4,0.21902353746648312,0
2030,64,8,0.06162085849689042,0
2030,65,1,0.017080471921330116,0
2030,65,6,0.9829195280786699,0
2030,66,2,0.4113519838272403,0
2030,66,4,0.5454572306254178,0
2030,66,7,0.04319078554734185,0
2030,67,2,0.0240213582178286,0
2030,67,4,0.05917465443852363,0
2030,67,9,0.9168039873436478,0
2030,68,4,0.0900278178090677,0
2030,68,9,0.9099721821909323,0
2030,69,3,0.9244135825743104,0
2030,69,4,0.07558641742568954,0
2030,70,2,0.030270663861068067,0
2030,70,4,0.027006938582925813,0
2030,70,8,0.9427223975560062,0
2030,71,4,0.18705948463266975,0
2030,71,5,0.8129405153673304,0
2030,72,2,0.03501002620221199,0
2030,72,3,0.11491292540832397,0
2030,72,7,0.029145537479434224,0
2030,72,9,0.7910415263461069,0
2030,72,10,0.029889984563922837,0
2030,73,2,0.1433744419404013,0
2030,73,4,0.1976686689738006,0
2030,73,5,0.6589568890857981,0
2030,74,2,0.02431294607195456,0
2030,74,3,0.05683957061611392,0
2030,74,4,0.8619809132762503,0
2030,74,7,0.025850700163165444,0
2030,74,10,0.03101586987251581,0
2030,75,1,0.0990666929363053,0
2030,75,2,0.744705769210812,0
2030,75,3,0.0537775727042387,0
2030,75,8,0.03680162898765307,0
2030,75,9,0.06564833616099101,0
2030,76,3,0.23043321363583097,0
2030,76,9,0.7408471737577214,0
2030,76,10,0.028719612606447755,0
2030,77,1,0.04442995795444919,0
2030,77,2,0.7119428513112949,0
2030,77,3,0.11873748859558611,0
2030,77,7,0.010062600736347294,0
2030,77,9,0.0806879117194178,0
2030,77,10,0.03413918968290465,0
2030,78,1,0.1450110843662746,0
2030,78,4,0.13868718853827897,0
2030,78,5,0.6082085054238664,0
2030,78,8,0.10809322167158,0
2030,79,2,0.05285322788561586,0
2030,79,4,0.17757062928808712,0
2030,79,8,0.769576142826297,0
2030,80,1,0.02397665670474163,0
2030,80,3,0.11658552444626702,0
2030,80,9,0.04802265102172594,0
2030,80,10,0.8114151678272653,0
2030,81,1,0.01082175553527974,0
2030,81,5,0.9891782444647202,0
2030,82,2,0.09439572440035962,0
2030,82,5,0.9056042755996403,0
2030,83,2,0.7066082701719824,0
2030,83,4,0.26213932396261447,0
2030,83,8,0.0312524058654032,0
2030,84,4,0.2846201578566932,0
2030,84,5,0.7153798421433069,0
2030,85,2,0.051114631743870466,0
2030,85,5,0.9488853682561296,0
2030,86,1,0.012237850641874496,0
2030,86,4,0.40156387858146386,0
2030,86,5,0.5738712514390801,0
2030,86,8,0.012327019337581548,0
2030,87,4,0.027332043081976985,0
2030,87,5,0.9726679569180231,0
2030,88,3,0.013639270092745908,0
2030,88,6,0.9863607299072541,0
2030,89,2,0.2642930366476447,0
2030,89,4,0.7053018802685899,0
2030,89,7,0.030405083083765487,0
2030,90,2,0.21224588768827116,0
2030,90,3,0.018986347659018177,0
2030,90,4,0.7220450205415974,0
2030,90,7,0.03390670074396778,0
2030,90,10,0.012816043367145643,0
2030,91,1,0.028455651081393783,0
2030,91,4,0.4339452479477707,0
2030,91,5,0.5108512671982692,0
2030,91,8,0.026747833772566287,0
2030,92,3,0.05556753686917341,0
2030,92,4,0.8719083990562694,0
2030,92,7,0.01698119228223947,0
2030,92,9,0.028986027013706075,0
2030,92,10,0.02655684477861164,0
2030,93,2,0.40683909765815796,0
2030,93,3,0.21866899696352374,0
2030,93,5,0.1942743796774811,0
2030,93,7,0.10908149301301329,0
2030,93,10,0.07113603268782394,0
2030,94,2,0.10149128691273857,0
2030,94,4,0.19115353995902118,0
2030,94,5,0.7073551731282403,0
2030,95,4,0.13803750726879915,0
2030,95,9,0.8619624927312008,0
2030,96,2,0.10945405114223432,0
2030,96,3,0.06840618115711575,0
2030,96,6,0.7751039102106361,0
2030,96,7,0.027697829145328853,0
2030,96,10,0.019338028344685114,0
2030,97,2,0.14393455057306762,0
2030,97,3,0.09471731735659027,0
2030,97,6,0.6961333457002942,0
2030,97,7,0.038043754018367154,0
2030,97,10,0.02717103235168091,0
2030,98,1,0.05824661751348674,0
2030,98,4,0.49526400536666676,0
2030,98,5,0.39335371189276785,0
2030,98,8,0.05313566522707864,0
2030,99,3,0.20191575057954142,0
2030,99,8,0.734911805665256,0
2030,99,9,0.06317244375520248,0
2030,100,2,0.02528849354037557,0
2030,100,3,0.9237634055556755,0
2030,100,4,0.050948100903948926,0
2030,1,3,1.0,1
2030,2,1,1.0,1
2030,3,2,1.0,1
2030,4,4,1.0,1
2030,5,2,0.7516307297306537,1
2030,5,4,0.21279180083258178,1
2030,5,8,0.03557746943676451,1
2030,6,4,0.4276759778995754,1
2030,6,5,0.5723240221004247,1
2030,7,2,0.18153700897218283,1
2030,7,4,0.020906127887674368,1
2030,7,7,0.7975568631401427,1
2030,8,2,0.20152059480189247,1
2030,8,3,0.1626183818874677,1
2030,8,6,0.5237753603030639,1
2030,8,7,0.06470000503819823,1
2030,8,10,0.047385657969377715,1
2030,9,2,0.18619558186006596,1
2030,9,4,0.32456856784678284,1
2030,9,5,0.48923585029315125,1
2030,10,1,0.11613518192812759,1
2030,10,6,0.8370640163683744,1
2030,10,8,0.010198168169020496,1
2030,10,9,0.03660263353447769,1
2030,11,10,1.0,1
2030,12,2,0.24814868535500872,1
2030,12,3,0.07559436997388294,1
2030,12,5,0.6134682209726227,1
2030,12,7,0.03903749640552609,1
2030,12,10,0.023751227292959476,1
2030,13,1,0.19278012935131503,1
2030,13,6,0.7344302452482734,1
2030,13,8,0.026210624227650834,1
2030,13,9,0.046579001172760745,1
2030,14,2,0.011830930941479587,1
2030,14,3,0.9522627782738499,1
2030,14,4,0.03590629078467056,1
2030,15,2,0.27639442124433056,1
2030,15,3,0.1065473424184123,1
2030,15,5,0.5286325507583068,1
2030,15,7,0.054702620692263476,1
2030,15,10,0.03372306488668684,1
2030,16,2,0.13391251431411463,1
2030,16,3,0.0952817151014187,1
2030,16,5,0.6921972036146605,1
2030,16,7,0.04512033729691329,1
2030,16,10,0.033488229672892784,1
2030,17,2,0.40489790686075877,1
2030,17,5,0.5951020931392412,1
2030,18,1,0.09501566869715597,1
2030,18,7,0.835961287730571,1
2030,18,8,0.06902304357227301,1
2030,19,1,0.05666016280538987,1
2030,19,10,0.9433398371946101,1
2030,20,2,0.5008052371207369,1
2030,20,3,0.18176503423390394,1
2030,20,5,0.16670399022509474,1
2030,20,7,0.09277051491819051,1
2030,20,10,0.05795522350207402,1
2030,21,10,1.0,1
2030,22,2,0.087332987399212,1
2030,22,4,0.020542340094171087,1
2030,22,8,0.8921246725066169,1
2030,23,2,0.054202245706275264,1
2030,23,4,0.012496175883236729,1
2030,23,6,0.933301578410488,1
2030,24,2,0.3583477361049666,1
2030,24,5,0.6416522638950334,1
2030,25,2,0.1699895517937421,1
2030,25,3,0.11879299419364452,1
2030,25,5,0.613217498956813,1
2030,25,7,0.056422638361180076,1
2030,25,10,0.04157731669462038,1
2030,26,2,0.5816804285405249,1
2030,26,4,0.36037758380807944,1
2030,26,8,0.05794198765139569,1
2030,27,1,0.1356014216655852,1
2030,27,4,0.25744146113804317,1
2030,27,5,0.4888003132955726,1
2030,27,8,0.11815680390079908,1
2030,28,1,0.12709249252745303,1
2030,28,6,0.815011605997782,1
2030,28,8,0.057895901474765005,1
2030,29,2,0.3173235636526423,1
2030,29,5,0.6826764363473578,1
2030,30,2,0.032887096399897287,1
2030,30,4,0.01045896413503774,1
2030,30,8,0.9566539394650649,1
2030,31,1,0.013141425051180176,1
2030,31,3,0.076117453684691,1
2030,31,4,0.8146498410173653,1
2030,31,7,0.0167608220661296,1
2030,31,9,0.0468413448196181,1
2030,31,10,0.03248911336101585,1
2030,32,4,0.04439451657929814,1
2030,32,10,0.955605483420702,1
2030,33,2,0.09885805123689322,1
2030,33,3,0.07697114633469204,1
2030,33,7,0.05393915816975874,1
2030,33,8,0.7221197465921894,1
2030,33,10,0.048111897666466674,1
2030,34,1,0.02604991228121259,1
2030,34,4,0.14813016050579256,1
2030,34,5,0.8012037867468205,1
2030,34,8,0.02461614046617426,1
2030,35,2,0.13910961130837007,1
2030,35,8,0.8608903886916299,1
2030,36,1,0.17896251106640151,1
2030,36,4,0.28349388318863683,1
2030,36,5,0.3873567888803532,1
2030,36,8,0.15018681686460847,1
2030,37,1,0.08765154090305897,1
2030,37,2,0.5516255531939976,1
2030,37,4,0.2621927458659667,1
2030,37,8,0.0985301600369768,1
2030,38,1,0.12100219009823819,1
2030,38,3,0.02102740165011471,1
2030,38,4,0.7576441785454326,1
2030,38,8,0.046604251243673074,1
2030,38,9,0.05372197846254151,1
2030,39,2,0.22062003299954025,1
2030,39,4,0.13356095443313662,1
2030,39,5,0.6458190125673231,1
2030,40,1,0.07238630795768927,1
2030,40,4,0.01712803182394653,1
2030,40,8,0.05190755586961697,1
2030,40,9,0.8585781043487472,1
2030,41,1,0.04431531314092543,1
2030,41,4,0.22660389268041942,1
2030,41,5,0.6882832014419816,1
2030,41,8,0.04079759273667358,1
2030,42,2,0.452990615449618,1
2030,42,4,0.032426722852867636,1
2030,42,5,0.5145826616975143,1
2030,43,1,0.08867845266888591,1
2030,43,2,0.7612982457603968,1
2030,43,3,0.05733616481403708,1
2030,43,8,0.028857923282951913,1
2030,43,9,0.06382921347372815,1
2030,44,1,0.10927774276310945,1
2030,44,3,0.017440736730529517,1
2030,44,4,0.7831960248168576,1
2030,44,8,0.04245506837491683,1
2030,44,9,0.047630427314586624,1
2030,45,1,0.12654053183037905,1
2030,45,5,0.8149383444191468,1
2030,45,8,0.05852112375047413,1
2030,46,2,0.2189833523893338,1
2030,46,3,0.04431251364787538,1
2030,46,4,0.6624180610473261,1
2030,46,7,0.046740175607254644,1
2030,46,10,0.02754589730821012,1
2030,47,2,0.019682825334237417,1
2030,47,4,0.07401057514150287,1
2030,47,5,0.9063065995242596,1
2030,48,1,0.1655644438534962,1
2030,48,4,0.4000815404189483,1
2030,48,5,0.28617806223018666,1
2030,48,8,0.14817595349736873,1
2030,49,1,0.07609191706056617,1
2030,49,4,0.04710523703441845,1
2030,49,7,0.8138576089767815,1
2030,49,8,0.06294523692823382,1
2030,50,1,0.06036401245631311,1
2030,50,2,0.6149539721889664,1
2030,50,4,0.24671444695468675,1
2030,50,8,0.07796756840003377,1
2030,51,2,0.31597673955522954,1
2030,51,4,0.1272248948777214,1
2030,51,5,0.5567983655670492,1
2030,52,1,0.06030078774498629,1
2030,52,2,0.6761824760927038,1
2030,52,4,0.19349383193387026,1
2030,52,8,0.07002290422843976,1
2030,53,7,1.0,1
2030,54,2,0.019512123553791838,1
2030,54,3,0.03734112000940244,1
2030,54,6,0.916899751615995,1
2030,54,7,0.013674140039432249,1
2030,54,10,0.012572864781378389,1
2030,55,1,0.010646648286769811,1
2030,55,2,0.9893533517132302,1
2030,56,4,1.0,1
2030,57,2,0.14675284587220846,1
2030,57,3,0.0638597209821138,1
2030,57,5,0.7363175718965123,1
2030,57,7,0.03309948851750475,1
2030,57,10,0.01997037273166076,1
2030,58,1,0.0392972036017183,1
2030,58,2,0.6972416838412191,1
2030,58,4,0.205894850012532,1
2030,58,8,0.05756626254453064,1
2030,59,1,0.06575987355162637,1
2030,59,2,0.696427061808037,1
2030,59,4,0.168018679225868,1
2030,59,8,0.06979438541446857,1
2030,60,2,0.04836177056255824,1
2030,60,4,0.0755882494642389,1
2030,60,8,0.8760499799732029,1
2030,61,10,1.0,1
2030,62,2,0.17835823465145642,1
2030,62,4,0.22221758954991724,1
2030,62,5,0.5994241757986264,1
2030,63,1,0.15344718684842462,1
2030,63,4,0.0871975007920944,1
2030,63,8,0.10895104690887546,1
2030,63,9,0.6504042654506056,1
2030,64,1,0.07389550671764372,1
2030,64,4,0.43393263423625117,1
2030,64,5,0.42517852472805123,1
2030,64,8,0.06699333431805378,1
2030,65,1,0.11630228719899172,1
2030,65,3,0.012388375412663636,1
2030,65,4,0.7775038428673965,1
2030,65,8,0.04664465755108612,1
2030,65,9,0.047160836969861904,1
2030,66,2,0.4312247250515094,1
2030,66,3,0.11116819724246142,1
2030,66,5,0.36535376012436566,1
2030,66,7,0.05704145696873663,1
2030,66,10,0.03521186061292696,1
2030,67,1,0.09248107829580643,1
2030,67,5,0.8670195596640563,1
2030,67,8,0.040499362040137196,1
2030,68,2,0.309461733405788,1
2030,68,4,0.1820069761861528,1
2030,68,5,0.5085312904080592,1
2030,69,1,0.05507378049499842,1
2030,69,6,0.9117827784946086,1
2030,69,8,0.033143441010392995,1
2030,70,2,0.42711064355989087,1
2030,70,5,0.5728893564401091,1
2030,71,1,0.11275457518566626,1
2030,71,2,0.7804010851193124,1
2030,71,8,0.0643823513226285,1
2030,71,9,0.04246198837239289,1
2030,72,1,0.024340821886913437,1
2030,72,2,0.9587735051624983,1
2030,72,8,0.0168856729505883,1
2030,73,2,0.09694846381632499,1
2030,73,4,0.06898412485874779,1
2030,73,8,0.8340674113249272,1
2030,74,1,0.19802421115548605,1
2030,74,6,0.7143394503890725,1
2030,74,8,0.08763633845544139,1
2030,75,1,0.036456035800231705,1
2030,75,2,0.9112535193488459,1
2030,75,3,0.015278441680705194,1
2030,75,8,0.015357449799120116,1
2030,75,9,0.021654553371097174,1
2030,76,4,0.07066738066578324,1
2030,76,9,0.9293326193342167,1
2030,77,1,0.12274310321139106,1
2030,77,2,0.7441186384210312,1
2030,77,3,0.014670858774351876,1
2030,77,8,0.06601478430115862,1
2030,77,9,0.05245261529206723,1
2030,78,1,0.9585251054316878,1
2030,78,2,0.023160603749491113,1
2030,78,4,0.018314290818821133,1
2030,79,2,0.03537994252486613,1
2030,79,3,0.10486887724994252,1
2030,79,4,0.7386291552521812,1
2030,79,7,0.04221175634703636,1
2030,79,9,0.024359460451106936,1
2030,79,10,0.054550808174866995,1
2030,80,2,0.24282820327978635,1
2030,80,4,0.12387239991885607,1
2030,80,5,0.6332993968013576,1
2030,81,2,0.20971995533255497,1
2030,81,4,0.18092944948732395,1
2030,81,5,0.6093505951801211,1
2030,82,2,0.2581231221352,1
2030,82,7,0.7418768778648,1
2030,83,1,0.775054630856107,1
2030,83,3,0.11376036889009046,1
2030,83,7,0.052057727146099145,1
2030,83,10,0.05912727310770344,1
2030,84,2,0.04787396818078857,1
2030,84,4,0.09933375664322933,1
2030,84,7,0.8527922751759821,1
2030,85,2,0.0879410743033216,1
2030,85,3,0.013842694432672512,1
2030,85,6,0.8982162312640058,1
2030,86,5,1.0,1
2030,87,1,0.07299237511976159,1
2030,87,3,0.02496467845162119,1
2030,87,4,0.8374036600042959,1
2030,87,8,0.02520792160153861,1
2030,87,9,0.039431364822782734,1
2030,88,2,0.2559428186851566,1
2030,88,4,0.1800661712560313,1
2030,88,5,0.5639910100588121,1
2030,89,3,0.2005527892552115,1
2030,89,8,0.7137617795449098,1
2030,89,9,0.034723860103119016,1
2030,89,10,0.050961571096759625,1
2030,90,2,0.13702829101376557,1
2030,90,3,0.1087101778745729,1
2030,90,6,0.6795308555887246,1
2030,90,7,0.04338282411747101,1
2030,90,10,0.031347851405466004,1
2030,91,2,0.042680054366804956,1
2030,91,3,0.06573722921986666,1
2030,91,5,0.8407380863419027,1
2030,91,7,0.025894040440537683,1
2030,91,10,0.02495058963088808,1
2030,92,1,0.032562467654752875,1
2030,92,3,0.9433871518036638,1
2030,92,8,0.024050380541583344,1
2030,93,4,0.027413114481088872,1
2030,93,9,0.972586885518911,1
2030,94,1,0.08168802831750444,1
2030,94,4,0.08148343277026883,1
2030,94,8,0.07220190924184315,1
2030,94,10,0.7646266296703836,1
2030,95,1,0.058793379253727546,1
2030,95,2,0.8707297580127239,1
2030,95,3,0.012663511171219628,1
2030,95,8,0.029541527411231193,1
2030,95,9,0.02827182415109774,1
2030,96,2,0.12782718099650767,1
2030,96,3,0.06098923367664621,1
2030,96,4,0.7327074650180644,1
2030,96,7,0.04265758672277184,1
2030,96,10,0.03581853358600993,1
2030,97,6,1.0,1
2030,98,2,0.011301477237128293,1
2030,98,4,0.19394452209014565,1
2030,98,5,0.7947540006727261,1
2030,99,2,0.27709035000850174,1
2030,99,3,0.03474362599765391,1
2030,99,5,0.6592119862064981,1
2030,99,7,0.018362403025376017,1
2030,99,10,0.01059163476197017,1
2030,100,1,0.088619649546129,1
2030,100,3,0.06084844209270388,1
2030,100,6,0.7921461287640783,1
2030,100,9,0.058385779597088926,1
