year,period,rep_period,weight,scenario
2030,1,24,1.0,0
2030,2,25,1.0,0
2030,3,3,1.0,0
2030,4,9,1.0,0
2030,5,30,1.0,0
2030,6,24,1.0,0
2030,7,25,1.0,0
2030,8,25,1.0,0
2030,9,23,1.0,0
2030,10,3,1.0,0
2030,11,14,1.0,0
2030,12,12,1.0,0
2030,13,13,1.0,0
2030,14,22,1.0,0
2030,15,11,1.0,0
2030,16,16,1.0,0
2030,17,12,1.0,0
2030,18,12,1.0,0
2030,19,12,1.0,0
2030,20,12,1.0,0
2030,21,16,1.0,0
2030,22,12,1.0,0
2030,23,23,1.0,0
2030,24,26,1.0,0
2030,25,12,1.0,0
2030,26,23,1.0,0
2030,27,16,1.0,0
2030,28,12,1.0,0
2030,29,12,1.0,0
2030,30,25,1.0,0
2030,31,4,1.0,0
2030,32,27,1.0,0
2030,33,3,1.0,0
2030,34,19,1.0,0
2030,35,21,1.0,0
2030,36,11,1.0,0
2030,37,8,1.0,0
2030,38,16,1.0,0
2030,39,13,1.0,0
2030,40,12,1.0,0
2030,41,13,1.0,0
2030,42,27,1.0,0
2030,43,29,1.0,0
2030,44,12,1.0,0
2030,45,12,1.0,0
2030,46,12,1.0,0
2030,47,16,1.0,0
2030,48,30,1.0,0
2030,49,8,1.0,0
2030,50,4,1.0,0
2030,51,16,1.0,0
2030,52,7,1.0,0
2030,53,8,1.0,0
2030,54,16,1.0,0
2030,55,12,1.0,0
2030,56,12,1.0,0
2030,57,10,1.0,0
2030,58,23,1.0,0
2030,59,25,1.0,0
2030,60,9,1.0,0
2030,61,16,1.0,0
2030,62,12,1.0,0
2030,63,2,1.0,0
2030,64,12,1.0,0
2030,65,23,1.0,0
2030,66,16,1.0,0
2030,67,13,1.0,0
2030,68,16,1.0,0
2030,69,24,1.0,0
2030,70,29,1.0,0
2030,71,12,1.0,0
2030,72,16,1.0,0
2030,73,7,1.0,0
2030,74,9,1.0,0
2030,75,9,1.0,0
2030,76,4,1.0,0
2030,77,4,1.0,0
2030,78,27,1.0,0
2030,79,4,1.0,0
2030,80,4,1.0,0
2030,81,7,1.0,0
2030,82,22,1.0,0
2030,83,8,1.0,0
2030,84,4,1.0,0
2030,85,27,1.0,0
2030,86,3,1.0,0
2030,87,18,1.0,0
2030,88,3,1.0,0
2030,89,15,1.0,0
2030,90,4,1.0,0
2030,91,4,1.0,0
2030,92,7,1.0,0
2030,93,11,1.0,0
2030,94,8,1.0,0
2030,95,9,1.0,0
2030,96,4,1.0,0
2030,97,4,1.0,0
2030,98,4,1.0,0
2030,99,4,1.0,0
2030,100,4,1.0,0
2030,101,4,1.0,0
2030,102,4,1.0,0
2030,103,16,1.0,0
2030,104,12,1.0,0
2030,105,16,1.0,0
2030,106,16,1.0,0
2030,107,7,1.0,0
2030,108,18,1.0,0
2030,109,9,1.0,0
2030,110,9,1.0,0
2030,111,27,1.0,0
2030,112,19,1.0,0
2030,113,28,1.0,0
2030,114,25,1.0,0
2030,115,25,1.0,0
2030,116,18,1.0,0
2030,117,7,1.0,0
2030,118,11,1.0,0
2030,119,21,1.0,0
2030,120,21,1.0,0
2030,121,21,1.0,0
2030,122,8,1.0,0
2030,123,21,1.0,0
2030,124,3,1.0,0
2030,125,22,1.0,0
2030,126,22,1.0,0
2030,127,11,1.0,0
2030,128,1,1.0,0
2030,129,19,1.0,0
2030,130,22,1.0,0
2030,131,14,1.0,0
2030,132,24,1.0,0
2030,133,18,1.0,0
2030,134,7,1.0,0
2030,135,15,1.0,0
2030,136,13,1.0,0
2030,137,16,1.0,0
2030,138,23,1.0,0
2030,139,7,1.0,0
2030,140,1,1.0,0
2030,141,27,1.0,0
2030,142,22,1.0,0
2030,143,8,1.0,0
2030,144,9,1.0,0
2030,145,3,1.0,0
2030,146,4,1.0,0
2030,147,4,1.0,0
2030,148,27,1.0,0
2030,149,3,1.0,0
2030,150,3,1.0,0
2030,151,3,1.0,0
2030,152,3,1.0,0
2030,153,9,1.0,0
2030,154,3,1.0,0
2030,155,1,1.0,0
2030,156,16,1.0,0
2030,157,16,1.0,0
2030,158,4,1.0,0
2030,159,4,1.0,0
2030,160,16,1.0,0
2030,161,4,1.0,0
2030,162,3,1.0,0
2030,163,9,1.0,0
2030,164,9,1.0,0
2030,165,19,1.0,0
2030,166,4,1.0,0
2030,167,4,1.0,0
2030,168,21,1.0,0
2030,169,28,1.0,0
2030,170,28,1.0,0
2030,171,11,1.0,0
2030,172,1,1.0,0
2030,173,4,1.0,0
2030,174,16,1.0,0
2030,175,16,1.0,0
2030,176,16,1.0,0
2030,177,4,1.0,0
2030,178,7,1.0,0
2030,179,11,1.0,0
2030,180,11,1.0,0
2030,181,11,1.0,0
2030,182,22,1.0,0
2030,183,3,1.0,0
2030,184,3,1.0,0
2030,185,3,1.0,0
2030,186,1,1.0,0
2030,187,4,1.0,0
2030,188,4,1.0,0
2030,189,7,1.0,0
2030,190,3,1.0,0
2030,191,9,1.0,0
2030,192,7,1.0,0
2030,193,1,1.0,0
2030,194,16,1.0,0
2030,195,4,1.0,0
2030,196,27,1.0,0
2030,197,28,1.0,0
2030,198,28,1.0,0
2030,199,1,1.0,0
2030,200,27,1.0,0
2030,201,28,1.0,0
2030,202,3,1.0,0
2030,203,16,1.0,0
2030,204,6,1.0,0
2030,205,27,1.0,0
2030,206,9,1.0,0
2030,207,27,1.0,0
2030,208,28,1.0,0
2030,209,3,1.0,0
2030,210,28,1.0,0
2030,211,28,1.0,0
2030,212,9,1.0,0
2030,213,9,1.0,0
2030,214,28,1.0,0
2030,215,8,1.0,0
2030,216,3,1.0,0
2030,217,7,1.0,0
2030,218,28,1.0,0
2030,219,28,1.0,0
2030,220,1,1.0,0
2030,221,16,1.0,0
2030,222,7,1.0,0
2030,223,28,1.0,0
2030,224,28,1.0,0
2030,225,1,1.0,0
2030,226,16,1.0,0
2030,227,4,1.0,0
2030,228,27,1.0,0
2030,229,28,1.0,0
2030,230,28,1.0,0
2030,231,11,1.0,0
2030,232,3,1.0,0
2030,233,1,1.0,0
2030,234,19,1.0,0
2030,235,19,1.0,0
2030,236,9,1.0,0
2030,237,3,1.0,0
2030,238,9,1.0,0
2030,239,19,1.0,0
2030,240,16,1.0,0
2030,241,16,1.0,0
2030,242,16,1.0,0
2030,243,16,1.0,0
2030,244,4,1.0,0
2030,245,4,1.0,0
2030,246,22,1.0,0
2030,247,22,1.0,0
2030,248,9,1.0,0
2030,249,12,1.0,0
2030,250,10,1.0,0
2030,251,23,1.0,0
2030,252,4,1.0,0
2030,253,9,1.0,0
2030,254,21,1.0,0
2030,255,8,1.0,0
2030,256,15,1.0,0
2030,257,19,1.0,0
2030,258,7,1.0,0
2030,259,7,1.0,0
2030,260,3,1.0,0
2030,261,9,1.0,0
2030,262,13,1.0,0
2030,263,3,1.0,0
2030,264,9,1.0,0
2030,265,4,1.0,0
2030,266,7,1.0,0
2030,267,8,1.0,0
2030,268,9,1.0,0
2030,269,22,1.0,0
2030,270,11,1.0,0
2030,271,3,1.0,0
2030,272,18,1.0,0
2030,273,21,1.0,0
2030,274,11,1.0,0
2030,275,8,1.0,0
2030,276,16,1.0,0
2030,277,27,1.0,0
2030,278,8,1.0,0
2030,279,4,1.0,0
2030,280,7,1.0,0
2030,281,1,1.0,0
2030,282,8,1.0,0
2030,283,4,1.0,0
2030,284,22,1.0,0
2030,285,22,1.0,0
2030,286,8,1.0,0
2030,287,7,1.0,0
2030,288,8,1.0,0
2030,289,4,1.0,0
2030,290,7,1.0,0
2030,291,8,1.0,0
2030,292,19,1.0,0
2030,293,4,1.0,0
2030,294,7,1.0,0
2030,295,7,1.0,0
2030,296,14,1.0,0
2030,297,12,1.0,0
2030,298,21,1.0,0
2030,299,13,1.0,0
2030,300,8,1.0,0
2030,301,16,1.0,0
2030,302,19,1.0,0
2030,303,8,1.0,0
2030,304,16,1.0,0
2030,305,19,1.0,0
2030,306,23,1.0,0
2030,307,25,1.0,0
2030,308,8,1.0,0
2030,309,7,1.0,0
2030,310,22,1.0,0
2030,311,11,1.0,0
2030,312,8,1.0,0
2030,313,21,1.0,0
2030,314,22,1.0,0
2030,315,29,1.0,0
2030,316,12,1.0,0
2030,317,30,1.0,0
2030,318,13,1.0,0
2030,319,23,1.0,0
2030,320,29,1.0,0
2030,321,23,1.0,0
2030,322,23,1.0,0
2030,323,19,1.0,0
2030,324,16,1.0,0
2030,325,14,1.0,0
2030,326,23,1.0,0
2030,327,18,1.0,0
2030,328,27,1.0,0
2030,329,29,1.0,0
2030,330,14,1.0,0
2030,331,13,1.0,0
2030,332,9,1.0,0
2030,333,23,1.0,0
2030,334,13,1.0,0
2030,335,4,1.0,0
2030,336,19,1.0,0
2030,337,13,1.0,0
2030,338,12,1.0,0
2030,339,23,1.0,0
2030,340,8,1.0,0
2030,341,22,1.0,0
2030,342,21,1.0,0
2030,343,20,1.0,0
2030,344,23,1.0,0
2030,345,23,1.0,0
2030,346,20,1.0,0
2030,347,12,1.0,0
2030,348,16,1.0,0
2030,349,13,1.0,0
2030,350,8,1.0,0
2030,351,13,1.0,0
2030,352,16,1.0,0
2030,353,7,1.0,0
2030,354,20,1.0,0
2030,355,16,1.0,0
2030,356,12,1.0,0
2030,357,12,1.0,0
2030,358,12,1.0,0
2030,359,12,1.0,0
2030,360,2,1.0,0
2030,361,12,1.0,0
2030,362,12,1.0,0
2030,363,12,1.0,0
2030,364,12,1.0,0
2030,365,12,1.0,0
2030,1,24,1.0,1
2030,2,25,1.0,1
2030,3,8,1.0,1
2030,4,14,1.0,1
2030,5,5,1.0,1
2030,6,24,1.0,1
2030,7,25,1.0,1
2030,8,25,1.0,1
2030,9,23,1.0,1
2030,10,25,1.0,1
2030,11,14,1.0,1
2030,12,10,1.0,1
2030,13,13,1.0,1
2030,14,22,1.0,1
2030,15,11,1.0,1
2030,16,6,1.0,1
2030,17,12,1.0,1
2030,18,10,1.0,1
2030,19,12,1.0,1
2030,20,12,1.0,1
2030,21,12,1.0,1
2030,22,10,1.0,1
2030,23,24,1.0,1
2030,24,26,1.0,1
2030,25,12,1.0,1
2030,26,24,1.0,1
2030,27,16,1.0,1
2030,28,12,1.0,1
2030,29,10,1.0,1
2030,30,23,1.0,1
2030,31,4,1.0,1
2030,32,27,1.0,1
2030,33,3,1.0,1
2030,34,4,1.0,1
2030,35,21,1.0,1
2030,36,11,1.0,1
2030,37,1,1.0,1
2030,38,6,1.0,1
2030,39,12,1.0,1
2030,40,12,1.0,1
2030,41,16,1.0,1
2030,42,27,1.0,1
2030,43,29,1.0,1
2030,44,10,1.0,1
2030,45,10,1.0,1
2030,46,10,1.0,1
2030,47,16,1.0,1
2030,48,2,1.0,1
2030,49,15,1.0,1
2030,50,6,1.0,1
2030,51,6,1.0,1
2030,52,7,1.0,1
2030,53,1,1.0,1
2030,54,16,1.0,1
2030,55,10,1.0,1
2030,56,10,1.0,1
2030,57,17,1.0,1
2030,58,23,1.0,1
2030,59,25,1.0,1
2030,60,15,1.0,1
2030,61,16,1.0,1
2030,62,10,1.0,1
2030,63,2,1.0,1
2030,64,10,1.0,1
2030,65,23,1.0,1
2030,66,16,1.0,1
2030,67,13,1.0,1
2030,68,6,1.0,1
2030,69,24,1.0,1
2030,70,26,1.0,1
2030,71,17,1.0,1
2030,72,6,1.0,1
2030,73,27,1.0,1
2030,74,9,1.0,1
2030,75,15,1.0,1
2030,76,6,1.0,1
2030,77,6,1.0,1
2030,78,4,1.0,1
2030,79,6,1.0,1
2030,80,6,1.0,1
2030,81,7,1.0,1
2030,82,22,1.0,1
2030,83,8,1.0,1
2030,84,6,1.0,1
2030,85,6,1.0,1
2030,86,9,1.0,1
2030,87,8,1.0,1
2030,88,15,1.0,1
2030,89,2,1.0,1
2030,90,6,1.0,1
2030,91,6,1.0,1
2030,92,7,1.0,1
2030,93,18,1.0,1
2030,94,8,1.0,1
2030,95,19,1.0,1
2030,96,6,1.0,1
2030,97,6,1.0,1
2030,98,6,1.0,1
2030,99,6,1.0,1
2030,100,6,1.0,1
2030,101,6,1.0,1
2030,102,6,1.0,1
2030,103,6,1.0,1
2030,104,10,1.0,1
2030,105,6,1.0,1
2030,106,16,1.0,1
2030,107,7,1.0,1
2030,108,18,1.0,1
2030,109,9,1.0,1
2030,110,19,1.0,1
2030,111,27,1.0,1
2030,112,4,1.0,1
2030,113,28,1.0,1
2030,114,25,1.0,1
2030,115,25,1.0,1
2030,116,8,1.0,1
2030,117,27,1.0,1
2030,118,11,1.0,1
2030,119,7,1.0,1
2030,120,21,1.0,1
2030,121,21,1.0,1
2030,122,8,1.0,1
2030,123,21,1.0,1
2030,124,3,1.0,1
2030,125,22,1.0,1
2030,126,22,1.0,1
2030,127,11,1.0,1
2030,128,1,1.0,1
2030,129,27,1.0,1
2030,130,22,1.0,1
2030,131,14,1.0,1
2030,132,24,1.0,1
2030,133,18,1.0,1
2030,134,7,1.0,1
2030,135,15,1.0,1
2030,136,2,1.0,1
2030,137,6,1.0,1
2030,138,23,1.0,1
2030,139,7,1.0,1
2030,140,15,1.0,1
2030,141,27,1.0,1
2030,142,22,1.0,1
2030,143,8,1.0,1
2030,144,9,1.0,1
2030,145,3,1.0,1
2030,146,6,1.0,1
2030,147,6,1.0,1
2030,148,27,1.0,1
2030,149,3,1.0,1
2030,150,9,1.0,1
2030,151,9,1.0,1
2030,152,3,1.0,1
2030,153,27,1.0,1
2030,154,3,1.0,1
2030,155,1,1.0,1
2030,156,6,1.0,1
2030,157,6,1.0,1
2030,158,6,1.0,1
2030,159,6,1.0,1
2030,160,6,1.0,1
2030,161,4,1.0,1
2030,162,9,1.0,1
2030,163,9,1.0,1
2030,164,19,1.0,1
2030,165,4,1.0,1
2030,166,6,1.0,1
2030,167,4,1.0,1
2030,168,21,1.0,1
2030,169,28,1.0,1
2030,170,28,1.0,1
2030,171,11,1.0,1
2030,172,1,1.0,1
2030,173,6,1.0,1
2030,174,6,1.0,1
2030,175,6,1.0,1
2030,176,6,1.0,1
2030,177,6,1.0,1
2030,178,7,1.0,1
2030,179,28,1.0,1
2030,180,28,1.0,1
2030,181,11,1.0,1
2030,182,22,1.0,1
2030,183,3,1.0,1
2030,184,9,1.0,1
2030,185,3,1.0,1
2030,186,1,1.0,1
2030,187,6,1.0,1
2030,188,6,1.0,1
2030,189,27,1.0,1
2030,190,3,1.0,1
2030,191,9,1.0,1
2030,192,7,1.0,1
2030,193,1,1.0,1
2030,194,16,1.0,1
2030,195,6,1.0,1
2030,196,27,1.0,1
2030,197,28,1.0,1
2030,198,28,1.0,1
2030,199,1,1.0,1
2030,200,27,1.0,1
2030,201,28,1.0,1
2030,202,3,1.0,1
2030,203,6,1.0,1
2030,204,6,1.0,1
2030,205,27,1.0,1
2030,206,14,1.0,1
2030,207,27,1.0,1
2030,208,28,1.0,1
2030,209,3,1.0,1
2030,210,28,1.0,1
2030,211,3,1.0,1
2030,212,9,1.0,1
2030,213,9,1.0,1
2030,214,3,1.0,1
2030,215,8,1.0,1
2030,216,3,1.0,1
2030,217,27,1.0,1
2030,218,28,1.0,1
2030,219,3,1.0,1
2030,220,1,1.0,1
2030,221,6,1.0,1
2030,222,7,1.0,1
2030,223,3,1.0,1
2030,224,28,1.0,1
2030,225,1,1.0,1
2030,226,6,1.0,1
2030,227,6,1.0,1
2030,228,27,1.0,1
2030,229,28,1.0,1
2030,230,28,1.0,1
2030,231,11,1.0,1
2030,232,3,1.0,1
2030,233,1,1.0,1
2030,234,19,1.0,1
2030,235,19,1.0,1
2030,236,9,1.0,1
2030,237,9,1.0,1
2030,238,15,1.0,1
2030,239,16,1.0,1
2030,240,6,1.0,1
2030,241,6,1.0,1
2030,242,6,1.0,1
2030,243,6,1.0,1
2030,244,6,1.0,1
2030,245,6,1.0,1
2030,246,22,1.0,1
2030,247,22,1.0,1
2030,248,14,1.0,1
2030,249,10,1.0,1
2030,250,17,1.0,1
2030,251,13,1.0,1
2030,252,6,1.0,1
2030,253,30,1.0,1
2030,254,18,1.0,1
2030,255,9,1.0,1
2030,256,15,1.0,1
2030,257,19,1.0,1
2030,258,27,1.0,1
2030,259,27,1.0,1
2030,260,3,1.0,1
2030,261,19,1.0,1
2030,262,16,1.0,1
2030,263,9,1.0,1
2030,264,19,1.0,1
2030,265,4,1.0,1
2030,266,7,1.0,1
2030,267,8,1.0,1
2030,268,14,1.0,1
2030,269,22,1.0,1
2030,270,11,1.0,1
2030,271,8,1.0,1
2030,272,18,1.0,1
2030,273,21,1.0,1
2030,274,11,1.0,1
2030,275,8,1.0,1
2030,276,16,1.0,1
2030,277,27,1.0,1
2030,278,8,1.0,1
2030,279,6,1.0,1
2030,280,7,1.0,1
2030,281,30,1.0,1
2030,282,1,1.0,1
2030,283,4,1.0,1
2030,284,22,1.0,1
2030,285,22,1.0,1
2030,286,1,1.0,1
2030,287,7,1.0,1
2030,288,8,1.0,1
2030,289,4,1.0,1
2030,290,7,1.0,1
2030,291,8,1.0,1
2030,292,4,1.0,1
2030,293,6,1.0,1
2030,294,4,1.0,1
2030,295,7,1.0,1
2030,296,26,1.0,1
2030,297,10,1.0,1
2030,298,7,1.0,1
2030,299,12,1.0,1
2030,300,1,1.0,1
2030,301,16,1.0,1
2030,302,19,1.0,1
2030,303,9,1.0,1
2030,304,16,1.0,1
2030,305,4,1.0,1
2030,306,23,1.0,1
2030,307,23,1.0,1
2030,308,15,1.0,1
2030,309,7,1.0,1
2030,310,22,1.0,1
2030,311,11,1.0,1
2030,312,19,1.0,1
2030,313,7,1.0,1
2030,314,25,1.0,1
2030,315,2,1.0,1
2030,316,12,1.0,1
2030,317,5,1.0,1
2030,318,13,1.0,1
2030,319,23,1.0,1
2030,320,29,1.0,1
2030,321,23,1.0,1
2030,322,23,1.0,1
2030,323,30,1.0,1
2030,324,16,1.0,1
2030,325,16,1.0,1
2030,326,23,1.0,1
2030,327,18,1.0,1
2030,328,27,1.0,1
2030,329,29,1.0,1
2030,330,16,1.0,1
2030,331,13,1.0,1
2030,332,13,1.0,1
2030,333,23,1.0,1
2030,334,13,1.0,1
2030,335,6,1.0,1
2030,336,19,1.0,1
2030,337,16,1.0,1
2030,338,12,1.0,1
2030,339,23,1.0,1
2030,340,20,1.0,1
2030,341,22,1.0,1
2030,342,21,1.0,1
2030,343,26,1.0,1
2030,344,23,1.0,1
2030,345,23,1.0,1
2030,346,16,1.0,1
2030,347,12,1.0,1
2030,348,12,1.0,1
2030,349,12,1.0,1
2030,350,20,1.0,1
2030,351,13,1.0,1
2030,352,16,1.0,1
2030,353,7,1.0,1
2030,354,20,1.0,1
2030,355,12,1.0,1
2030,356,10,1.0,1
2030,357,10,1.0,1
2030,358,10,1.0,1
2030,359,10,1.0,1
2030,360,10,1.0,1
2030,361,12,1.0,1
2030,362,10,1.0,1
2030,363,12,1.0,1
2030,364,10,1.0,1
2030,365,10,1.0,1
