year,period,rep_period,weight,scenario
2050,1,6,0.018488348962929592,0
2050,1,8,0.07607244284885803,0
2050,1,11,0.19952834891273127,0
2050,1,49,0.22005020578345102,0
2050,1,58,0.016775639343925786,0
2050,1,84,0.10992961405301802,0
2050,1,89,0.3270930987108717,0
2050,2,89,1.0,0
2050,3,36,1.0,0
2050,4,8,0.2543364606322828,0
2050,4,23,0.054349268872202254,0
2050,4,25,0.07962757051780875,0
2050,4,28,0.043134669835928584,0
2050,4,36,0.2560732447145479,0
2050,4,56,0.039311977381216785,0
2050,4,66,0.0439502838776429,0
2050,4,88,0.015815428480327166,0
2050,4,89,0.21199433777357865,0
2050,5,8,1.0,0
2050,6,58,1.0,0
2050,7,6,0.03330205733237379,0
2050,7,8,0.08779778273343682,0
2050,7,39,0.018985422959104735,0
2050,7,41,0.07087866629628775,0
2050,7,49,0.20520505390943497,0
2050,7,58,0.08928500061195849,0
2050,7,78,0.04089489862884947,0
2050,7,84,0.09494944237691944,0
2050,7,89,0.31639989362380116,0
2050,8,30,0.029376897651988875,0
2050,8,36,0.08705836267286719,0
2050,8,84,0.34003859973091893,0
2050,8,89,0.5308466075682591,0
2050,9,2,0.017595296797782066,0
2050,9,7,0.10569321583764545,0
2050,9,8,0.03421079123937422,0
2050,9,17,0.20173762084010438,0
2050,9,18,0.022712359329907342,0
2050,9,26,0.018725727818069034,0
2050,9,30,0.23098628650032924,0
2050,9,36,0.10855422371929686,0
2050,9,54,0.09221638656000507,0
2050,9,89,0.16756809135748646,0
2050,10,17,1.0,0
2050,11,2,0.05819618500558747,0
2050,11,7,0.09882786521990912,0
2050,11,17,0.3131197519057032,0
2050,11,23,0.06602840516615217,0
2050,11,36,0.04358597733053497,0
2050,11,56,0.09355677361263433,0
2050,11,89,0.31889165169808076,0
2050,12,7,0.11782273010397548,0
2050,12,8,0.08726644160484626,0
2050,12,17,0.40119242256640997,0
2050,12,36,0.07593323450382275,0
2050,12,52,0.01407420473015511,0
2050,12,54,0.021215129098957897,0
2050,12,89,0.27841731791474444,0
2050,13,2,0.041831429811884965,0
2050,13,7,0.06659207808465753,0
2050,13,17,0.09244801638929107,0
2050,13,19,0.03364126275553406,0
2050,13,52,0.02153997752491323,0
2050,13,54,0.10443883362084669,0
2050,13,84,0.23744734418879698,0
2050,13,89,0.39270134825622893,0
2050,14,2,0.059133736050723244,0
2050,14,7,0.06011533956520712,0
2050,14,17,0.10910969398226177,0
2050,14,30,0.02201374331131471,0
2050,14,55,0.01804545613456042,0
2050,14,56,0.04947258257154515,0
2050,14,84,0.3517593677623207,0
2050,14,89,0.3129443585727323,0
2050,15,2,0.23761781707704913,0
2050,15,6,0.01008969393822269,0
2050,15,9,0.011440730085018072,0
2050,15,17,0.2101953677078637,0
2050,15,26,0.11801184381609173,0
2050,15,27,0.08341115441032695,0
2050,15,36,0.027094846797694715,0
2050,15,75,0.01607587270792312,0
2050,15,84,0.2860626734598092,0
2050,16,2,0.2993736195712504,0
2050,16,6,0.0879035085947575,0
2050,16,14,0.021114046769727668,0
2050,16,19,0.043503561172233404,0
2050,16,23,0.015554998275649087,0
2050,16,25,0.01636983015342859,0
2050,16,27,0.06776756243026648,0
2050,16,36,0.07464904103453969,0
2050,16,40,0.020392576722343556,0
2050,16,56,0.35125206995400626,0
2050,17,56,1.0,0
2050,18,2,0.0140896674325428,0
2050,18,8,0.06740852785819665,0
2050,18,14,0.16162379360928963,0
2050,18,16,0.05241295861567236,0
2050,18,26,0.01552557096706957,0
2050,18,27,0.025593024708908722,0
2050,18,31,0.219325733462667,0
2050,18,32,0.02858813145276371,0
2050,18,56,0.0443418669420419,0
2050,18,62,0.025361608627582598,0
2050,18,78,0.16835731115742766,0
2050,18,84,0.17150511808494076,0
2050,19,31,1.0,0
2050,20,6,0.10887632663459033,0
2050,20,19,0.11023921331275398,0
2050,20,23,0.08418188846730276,0
2050,20,31,0.3677549854285827,0
2050,20,47,0.04102369925709223,0
2050,20,59,0.043142893800495984,0
2050,20,83,0.04529172204623066,0
2050,20,85,0.1085890106298273,0
2050,21,14,0.2546937778818387,0
2050,21,24,0.0348879633463395,0
2050,21,27,0.11683276399907339,0
2050,21,31,0.2380950666312981,0
2050,21,32,0.03735383967928868,0
2050,21,65,0.09756127281456016,0
2050,21,78,0.051113253373014506,0
2050,21,84,0.09760577776332047,0
2050,22,4,0.0639740354976689,0
2050,22,13,0.010601915816613862,0
2050,22,14,0.01524823265256549,0
2050,22,22,0.17403533868837767,0
2050,22,24,0.03147147894619098,0
2050,22,31,0.44449227540646713,0
2050,22,62,0.013992695749451901,0
2050,22,69,0.04481660366221837,0
2050,22,70,0.05349251838788075,0
2050,22,71,0.04137279856490903,0
2050,22,75,0.09965298977249072,0
2050,23,4,1.0,0
2050,24,2,0.1319281417723527,0
2050,24,4,0.14321487324556778,0
2050,24,6,0.014613477815805818,0
2050,24,11,0.10206998586287272,0
2050,24,16,0.05009398950861165,0
2050,24,17,0.15694655302252536,0
2050,24,18,0.1257265680675865,0
2050,24,40,0.011067628272976214,0
2050,24,50,0.020719207259872356,0
2050,24,58,0.02888580793112793,0
2050,24,61,0.08173621653097521,0
2050,24,80,0.11790498966014348,0
2050,25,2,0.0814666363953879,0
2050,25,4,0.28518911883807535,0
2050,25,13,0.04043946332754143,0
2050,25,30,0.0797697424526691,0
2050,25,50,0.1618987754148608,0
2050,25,61,0.10593926830702387,0
2050,25,74,0.09345598419947079,0
2050,25,75,0.10467462032337908,0
2050,25,82,0.03697948239765657,0
2050,26,2,0.1718007770248403,0
2050,26,4,0.024073502769587755,0
2050,26,6,0.12476944627346949,0
2050,26,11,0.08444652636646667,0
2050,26,15,0.06936331978784753,0
2050,26,17,0.06374769039380519,0
2050,26,22,0.03419315826716106,0
2050,26,40,0.03595005574449156,0
2050,26,59,0.08102870796705146,0
2050,26,61,0.07850558304779352,0
2050,26,75,0.022108468843587126,0
2050,26,80,0.16821772449397845,0
2050,26,84,0.02426596107183396,0
2050,27,2,0.21987714836788283,0
2050,27,6,0.03379600056655509,0
2050,27,7,0.05554719928709496,0
2050,27,18,0.07083996808109558,0
2050,27,25,0.027022747585867306,0
2050,27,30,0.07149716558653596,0
2050,27,31,0.08736296833264524,0
2050,27,32,0.04879294616499751,0
2050,27,41,0.059231773726985945,0
2050,27,50,0.08312772141204232,0
2050,27,59,0.08714132048929403,0
2050,27,74,0.04897812992539702,0
2050,27,75,0.07314515233607057,0
2050,28,2,0.18754492122027178,0
2050,28,7,0.0416455423448715,0
2050,28,11,0.09865895955856348,0
2050,28,15,0.04259647468527794,0
2050,28,17,0.16071127922011108,0
2050,28,40,0.13936133428306557,0
2050,28,59,0.105097207711741,0
2050,28,61,0.01814220959847296,0
2050,28,80,0.047740415680022574,0
2050,28,84,0.1585016556976019,0
2050,29,2,1.0,0
2050,30,23,1.0,0
2050,31,65,1.0,0
2050,32,2,0.12363293270466674,0
2050,32,22,0.06601783315919052,0
2050,32,23,0.1467606096325137,0
2050,32,26,0.1935743606397768,0
2050,32,36,0.06652082940014073,0
2050,32,38,0.011325354404171172,0
2050,32,48,0.09419209203452247,0
2050,32,49,0.1710264513666756,0
2050,32,54,0.05484953982265433,0
2050,32,80,0.07209999683568766,0
2050,33,2,0.1624886003404988,0
2050,33,9,0.013528754604864465,0
2050,33,18,0.08996719443411139,0
2050,33,24,0.12913215367662356,0
2050,33,31,0.07588007785247552,0
2050,33,49,0.014850555207335397,0
2050,33,62,0.014562267894780736,0
2050,33,65,0.0504587685141461,0
2050,33,68,0.04290828862759248,0
2050,33,73,0.14374581985331755,0
2050,33,75,0.16770550951731927,0
2050,33,85,0.07342626894448348,0
2050,33,89,0.020410231349563563,0
2050,34,4,0.14750584942488879,0
2050,34,14,0.22366038625152557,0
2050,34,18,0.01056405369722676,0
2050,34,22,0.01766987075163757,0
2050,34,31,0.10584793328430264,0
2050,34,32,0.022167736812796837,0
2050,34,40,0.09710225943621084,0
2050,34,49,0.040049064058272216,0
2050,34,62,0.024532855414681864,0
2050,34,65,0.07151353863044849,0
2050,34,69,0.017697350173744682,0
2050,34,73,0.05278284754660736,0
2050,34,74,0.06591717389311164,0
2050,34,80,0.06163861822757792,0
2050,34,86,0.03878815422598691,0
2050,35,4,0.13871448213647125,0
2050,35,16,0.03207262051742501,0
2050,35,22,0.3580571847658032,0
2050,35,31,0.09240376652402443,0
2050,35,40,0.013226500941855642,0
2050,35,43,0.03278359293770626,0
2050,35,50,0.10724814079073541,0
2050,35,51,0.017079743918880418,0
2050,35,54,0.0232958686951687,0
2050,35,65,0.036834290857726375,0
2050,35,70,0.038874174216194504,0
2050,35,73,0.049090750906838586,0
2050,36,22,1.0,0
2050,37,54,1.0,0
2050,38,2,0.02107059732709491,0
2050,38,5,0.04297934452409322,0
2050,38,9,0.0285535009938798,0
2050,38,11,0.04024676776347335,0
2050,38,17,0.11641912462565926,0
2050,38,22,0.012189962177474818,0
2050,38,28,0.02059211669748095,0
2050,38,36,0.09739765175454698,0
2050,38,49,0.15025657739943335,0
2050,38,54,0.1493452652904192,0
2050,38,56,0.07127955428225416,0
2050,38,59,0.06125979728209239,0
2050,38,66,0.014280286201195334,0
2050,38,84,0.07833007627983654,0
2050,38,85,0.08685863498125226,0
2050,39,2,0.13282960295044938,0
2050,39,7,0.0604683763111772,0
2050,39,18,0.15988225356271926,0
2050,39,24,0.025376292223557854,0
2050,39,36,0.3655325865469217,0
2050,39,37,0.04159043688509808,0
2050,39,54,0.21432045152007653,0
2050,40,18,1.0,0
2050,41,13,0.034191061335066684,0
2050,41,18,0.35407045500092765,0
2050,41,31,0.08417845295581751,0
2050,41,38,0.1392023223039707,0
2050,41,54,0.10769663232752673,0
2050,41,58,0.09465003359833767,0
2050,41,66,0.07412343373284958,0
2050,41,78,0.07007994110919956,0
2050,42,18,0.017349240978867322,0
2050,42,31,0.20567691176077496,0
2050,42,38,0.21166260025682193,0
2050,42,58,0.21624502501252646,0
2050,42,60,0.015455628991893525,0
2050,42,78,0.2747914940559218,0
2050,43,78,1.0,0
2050,44,80,1.0,0
2050,45,75,1.0,0
2050,46,2,0.12374660701724531,0
2050,46,6,0.03311949639685367,0
2050,46,14,0.010536446827433835,0
2050,46,25,0.13380085347886733,0
2050,46,36,0.06518096256419631,0
2050,46,43,0.044730992603910086,0
2050,46,49,0.19643101971962468,0
2050,46,59,0.18258004015986412,0
2050,46,74,0.04018208188551904,0
2050,46,75,0.06258597980000284,0
2050,46,85,0.056133090203824385,0
2050,46,88,0.028997506662957903,0
2050,47,2,0.013219351147184658,0
2050,47,5,0.04634542444003585,0
2050,47,14,0.013662693912323262,0
2050,47,19,0.07686017764899548,0
2050,47,23,0.15157810886946232,0
2050,47,25,0.06482041588859443,0
2050,47,36,0.14859836934536685,0
2050,47,43,0.020516317275781182,0
2050,47,49,0.23454081183432113,0
2050,47,56,0.043808617979471984,0
2050,47,60,0.04424980816511881,0
2050,47,78,0.12725560292640203,0
2050,48,14,0.047737359929640566,0
2050,48,19,0.15885291967562695,0
2050,48,23,0.18062223591136586,0
2050,48,36,0.029483160697568213,0
2050,48,43,0.05704575165877886,0
2050,48,49,0.43946822003962865,0
2050,48,65,0.08679035208739083,0
2050,49,49,1.0,0
2050,50,6,0.015076562812158384,0
2050,50,11,0.08753649707370677,0
2050,50,36,0.030409894155312492,0
2050,50,49,0.26735303447031605,0
2050,50,59,0.06837869689994612,0
2050,50,67,0.07849771464880999,0
2050,50,80,0.07973377723047907,0
2050,50,84,0.11839705342950503,0
2050,50,89,0.25310384690762155,0
2050,51,2,0.17048114590874894,0
2050,51,24,0.024810046375400022,0
2050,51,38,0.07815097525222697,0
2050,51,52,0.0634400802075951,0
2050,51,59,0.03777975383974623,0
2050,51,75,0.03316858485391404,0
2050,51,78,0.10390450140523928,0
2050,51,83,0.07815132327986618,0
2050,51,84,0.18029855167473152,0
2050,51,89,0.21727932515149223,0
2050,52,2,0.14606310649451903,0
2050,52,9,0.05905506009916472,0
2050,52,13,0.017085872019087726,0
2050,52,14,0.21186600526985688,0
2050,52,19,0.07925128612853172,0
2050,52,23,0.23913813481930057,0
2050,52,29,0.12408295437041963,0
2050,52,56,0.07470294386549048,0
2050,52,88,0.04532682428204585,0
2050,53,12,0.0166910016110509,0
2050,53,16,0.1951903951534093,0
2050,53,23,0.13673875558127044,0
2050,53,49,0.3216151597143531,0
2050,53,52,0.05125642711016154,0
2050,53,56,0.14643127996535818,0
2050,53,78,0.02855130104154467,0
2050,53,79,0.06289976299002395,0
2050,53,85,0.022592525610017664,0
2050,54,2,0.10295498378607403,0
2050,54,11,0.042759526097579895,0
2050,54,16,0.12436291773427473,0
2050,54,23,0.06666101911978224,0
2050,54,27,0.015181691075010745,0
2050,54,32,0.029831237360626997,0
2050,54,40,0.14927706862289375,0
2050,54,49,0.09322799448304588,0
2050,54,68,0.058160875596142914,0
2050,54,84,0.15602493709357634,0
2050,54,89,0.1516634833813647,0
2050,55,40,1.0,0
2050,56,50,1.0,0
2050,57,4,0.0239730120285109,0
2050,57,15,0.04615977149140349,0
2050,57,16,0.06285924719296526,0
2050,57,26,0.012149019769684927,0
2050,57,34,0.016939071042264622,0
2050,57,40,0.1319392696038239,0
2050,57,50,0.10643029640227027,0
2050,57,58,0.21449758296153673,0
2050,57,61,0.18606861978598557,0
2050,57,68,0.034052265813901916,0
2050,57,73,0.03881338038332687,0
2050,57,76,0.012322139238607574,0
2050,57,80,0.11379632428571781,0
2050,58,31,0.15193889807289818,0
2050,58,34,0.07235791332155654,0
2050,58,40,0.19652541517779898,0
2050,58,46,0.07541317360061842,0
2050,58,50,0.1613914879377078,0
2050,58,62,0.015609399584063377,0
2050,58,65,0.08103882537973182,0
2050,58,73,0.07093763095384477,0
2050,58,74,0.01985641758259863,0
2050,58,75,0.025348276411046936,0
2050,58,78,0.04005260094370875,0
2050,58,80,0.08322226411521406,0
2050,59,11,0.09794241975146965,0
2050,59,15,0.07749894500598002,0
2050,59,34,0.03822721758606,0
2050,59,40,0.2360969827564876,0
2050,59,58,0.14020368585230777,0
2050,59,73,0.034746961353901845,0
2050,59,74,0.08574859960265563,0
2050,59,80,0.286499955317395,0
2050,60,2,0.1570099083300435,0
2050,60,9,0.052534059916606465,0
2050,60,17,0.08974277671789292,0
2050,60,40,0.2299141738829964,0
2050,60,59,0.12311004269249104,0
2050,60,84,0.21793663801721572,0
2050,60,89,0.12975240044275377,0
2050,61,2,0.11039530152446742,0
2050,61,7,0.11180572348172965,0
2050,61,17,0.13150270632418432,0
2050,61,29,0.1104451261723762,0
2050,61,30,0.047441460212987126,0
2050,61,40,0.13595744098451001,0
2050,61,54,0.05064877647449364,0
2050,61,55,0.0469454019653898,0
2050,61,61,0.041801995929845064,0
2050,61,89,0.1944410264208743,0
2050,62,7,0.25534556282320464,0
2050,62,8,0.06657589069152628,0
2050,62,11,0.07463733735893145,0
2050,62,28,0.07914056678264188,0
2050,62,30,0.04615372438148551,0
2050,62,57,0.23779360668008165,0
2050,62,89,0.23689995089514065,0
2050,63,7,0.27402784358550186,0
2050,63,8,0.028956002579136275,0
2050,63,15,0.04094437240722388,0
2050,63,16,0.02621604297200303,0
2050,63,30,0.04512637900657398,0
2050,63,33,0.016057260527158165,0
2050,63,34,0.013915833492728135,0
2050,63,35,0.01389962469492474,0
2050,63,40,0.18852454560868362,0
2050,63,41,0.011194235269245276,0
2050,63,46,0.013428212703671715,0
2050,63,61,0.06128138236021702,0
2050,63,65,0.056718114168293594,0
2050,63,75,0.17838876557559985,0
2050,64,4,0.26023188094643,0
2050,64,7,0.15388616457311327,0
2050,64,11,0.07407587219194453,0
2050,64,16,0.010055203929326732,0
2050,64,18,0.033682911192416363,0
2050,64,22,0.14820874164893205,0
2050,64,35,0.011490688166502082,0
2050,64,43,0.03208043323735766,0
2050,64,50,0.115105575900073,0
2050,64,74,0.15938767671883083,0
2050,65,4,0.1459178405078947,0
2050,65,8,0.10598092584657158,0
2050,65,11,0.49531363490025476,0
2050,65,23,0.013483858122722875,0
2050,65,49,0.0386305866946758,0
2050,65,50,0.021729574922776662,0
2050,65,61,0.03246920944403932,0
2050,65,66,0.14393210400378403,0
2050,66,11,1.0,0
2050,67,2,0.028953957352513812,0
2050,67,5,0.016663409162551546,0
2050,67,11,0.41041867266426413,0
2050,67,19,0.09187664928150817,0
2050,67,49,0.1414296899775211,0
2050,67,59,0.14192364218963965,0
2050,67,85,0.11398037403884785,0
2050,67,89,0.052491224243214576,0
2050,68,11,0.08862792858418658,0
2050,68,14,0.10058755125224865,0
2050,68,29,0.04934006039301343,0
2050,68,35,0.04610773380770358,0
2050,68,49,0.10275215676872948,0
2050,68,55,0.04177036865347477,0
2050,68,59,0.1406989269673768,0
2050,68,61,0.014356430910430637,0
2050,68,74,0.1496720554292935,0
2050,68,78,0.19271806122492566,0
2050,68,79,0.06197333887966672,0
2050,69,59,1.0,0
2050,70,14,0.08324070769982606,0
2050,70,25,0.08236805994179294,0
2050,70,28,0.04365922456835582,0
2050,70,29,0.2593688319454515,0
2050,70,35,0.011971870943195987,0
2050,70,50,0.04878472045761517,0
2050,70,55,0.011789610746684316,0
2050,70,59,0.1983204253038804,0
2050,70,60,0.06356266032232522,0
2050,70,63,0.04074777368714793,0
2050,70,71,0.06684178664990204,0
2050,71,29,1.0,0
2050,72,85,1.0,0
2050,73,7,0.029107864978491223,0
2050,73,9,0.05453818846334343,0
2050,73,25,0.013524645810976723,0
2050,73,26,0.06646519145243915,0
2050,73,31,0.07819115267242255,0
2050,73,34,0.080723082894525,0
2050,73,41,0.033265970108427446,0
2050,73,46,0.015377623120264134,0
2050,73,49,0.10342742898039956,0
2050,73,59,0.07236309338301063,0
2050,73,84,0.05889489882749876,0
2050,73,85,0.3861922872776489,0
2050,74,4,0.013680448705655813,0
2050,74,7,0.20526344077408432,0
2050,74,11,0.12343495581485836,0
2050,74,18,0.03052918206246951,0
2050,74,25,0.059471058450722335,0
2050,74,34,0.0628383879140949,0
2050,74,36,0.04021544707615091,0
2050,74,41,0.05488234938505062,0
2050,74,43,0.01856883405675143,0
2050,74,48,0.014905365464984874,0
2050,74,52,0.03696460286779456,0
2050,74,53,0.011030383688349615,0
2050,74,78,0.05626368714695063,0
2050,74,85,0.12785412434304377,0
2050,74,86,0.08588271603572359,0
2050,74,89,0.05004942635299869,0
2050,75,5,0.12783713161574292,0
2050,75,7,0.03242308904488814,0
2050,75,8,0.12539274109152995,0
2050,75,11,0.16696346176824403,0
2050,75,18,0.10933708549442137,0
2050,75,25,0.05401093767437407,0
2050,75,36,0.06131895317526447,0
2050,75,38,0.04690717585826503,0
2050,75,43,0.05658267781421938,0
2050,75,66,0.08962789869708768,0
2050,75,85,0.0489478612425435,0
2050,75,88,0.08065098652341934,0
2050,76,5,0.06027829587145857,0
2050,76,7,0.0410324211204842,0
2050,76,19,0.16412588039593237,0
2050,76,35,0.10991554785286622,0
2050,76,38,0.14166936678997286,0
2050,76,49,0.04674611639210034,0
2050,76,52,0.02718415623117598,0
2050,76,59,0.03241908358605934,0
2050,76,66,0.1860204472364407,0
2050,76,85,0.18091293617025905,0
2050,77,7,0.07139263339366476,0
2050,77,14,0.054896044904884436,0
2050,77,31,0.050530722088113586,0
2050,77,35,0.04401131468114933,0
2050,77,37,0.14280758243173572,0
2050,77,38,0.0321001101346798,0
2050,77,48,0.042975070039805274,0
2050,77,62,0.035079009829169214,0
2050,77,71,0.11970877392882807,0
2050,77,75,0.09541940975780044,0
2050,77,79,0.022987253857723468,0
2050,77,80,0.1270895689031788,0
2050,77,85,0.05117399440955802,0
2050,77,86,0.039513937398998444,0
2050,78,14,0.09035883667040612,0
2050,78,20,0.10660552581739993,0
2050,78,22,0.04329660931930321,0
2050,78,31,0.011136676694165895,0
2050,78,34,0.07940214858667942,0
2050,78,48,0.08838029695148568,0
2050,78,60,0.13031222366406633,0
2050,78,62,0.03278141788568678,0
2050,78,73,0.10744405346350903,0
2050,78,75,0.21632090864145684,0
2050,78,80,0.08409508385384896,0
2050,79,4,0.08448743207263056,0
2050,79,14,0.13688317961675442,0
2050,79,26,0.03372943371749228,0
2050,79,31,0.2419141199399587,0
2050,79,38,0.1717961484679647,0
2050,79,48,0.08184888248869988,0
2050,79,49,0.019309172425168847,0
2050,79,68,0.03850663306145603,0
2050,79,75,0.090973905634711,0
2050,79,77,0.04855063452851521,0
2050,79,79,0.03662695854141869,0
2050,80,48,1.0,0
2050,81,60,1.0,0
2050,82,6,0.03266607672863869,0
2050,82,14,0.13680034828322646,0
2050,82,25,0.013934844259831033,0
2050,82,38,0.11617948231851691,0
2050,82,45,0.02228821722732216,0
2050,82,49,0.1327261791257095,0
2050,82,56,0.03674287460057815,0
2050,82,59,0.3294528562075244,0
2050,82,65,0.0305759101327176,0
2050,82,78,0.0857355896462687,0
2050,82,85,0.06289762146966582,0
2050,83,14,1.0,0
2050,84,43,1.0,0
2050,85,6,0.047215971768366144,0
2050,85,8,0.018902898687449876,0
2050,85,14,0.044441579234082415,0
2050,85,23,0.18850632657915983,0
2050,85,26,0.10723041742336387,0
2050,85,38,0.09112928441921436,0
2050,85,48,0.07662345448708804,0
2050,85,49,0.09924178826940278,0
2050,85,56,0.03281195036036,0
2050,85,57,0.03960634177780151,0
2050,85,61,0.10392907719891786,0
2050,85,85,0.1367187087961264,0
2050,86,24,1.0,0
2050,87,61,1.0,0
2050,88,2,0.2558366260506619,0
2050,88,6,0.05539684103588002,0
2050,88,7,0.16739191037007442,0
2050,88,9,0.05925045573673998,0
2050,88,17,0.0753401386306974,0
2050,88,24,0.03425486937667879,0
2050,88,28,0.03346701175518614,0
2050,88,30,0.027351884952599385,0
2050,88,48,0.09676749253284221,0
2050,88,59,0.04131819051292472,0
2050,88,60,0.017695677169233776,0
2050,88,84,0.12522077589017536,0
2050,89,2,0.16713463344608162,0
2050,89,7,0.4520383886945205,0
2050,89,24,0.06797688837712651,0
2050,89,28,0.08144727121271947,0
2050,89,29,0.03621163777112846,0
2050,89,54,0.021814615886508834,0
2050,89,66,0.017989369594641397,0
2050,89,84,0.015361519033989815,0
2050,89,89,0.1357830525439514,0
2050,90,2,0.10501417530482747,0
2050,90,7,0.6016984126403192,0
2050,90,24,0.07855187961605009,0
2050,90,27,0.0153254098399624,0
2050,90,28,0.027491166851434778,0
2050,90,29,0.016330629467621812,0
2050,90,30,0.03752884441700567,0
2050,90,51,0.03201109499523036,0
2050,90,61,0.055584506422104676,0
2050,90,84,0.030463880445443656,0
2050,91,7,1.0,0
2050,92,7,0.34426799606314257,0
2050,92,9,0.017260221643660593,0
2050,92,17,0.10587220921602011,0
2050,92,18,0.01445235855720508,0
2050,92,24,0.10095259180895148,0
2050,92,30,0.04880372696371082,0
2050,92,33,0.03327256898296603,0
2050,92,34,0.034580911642570614,0
2050,92,36,0.019676273812734683,0
2050,92,37,0.10984591953252158,0
2050,92,53,0.010608065414018247,0
2050,92,66,0.08585984412119627,0
2050,92,88,0.07454731224130164,0
2050,93,35,1.0,0
2050,94,22,0.07294418169358141,0
2050,94,31,0.04395914950124942,0
2050,94,35,0.048272034607275936,0
2050,94,38,0.19558762524621562,0
2050,94,48,0.283346452212008,0
2050,94,51,0.029599400996143537,0
2050,94,52,0.02491721596129909,0
2050,94,69,0.08091813708309643,0
2050,94,76,0.03514015299521893,0
2050,94,79,0.0958139881708434,0
2050,94,80,0.048149634513822245,0
2050,95,5,0.14936586675067107,0
2050,95,22,0.19331323014365243,0
2050,95,35,0.07444166858537964,0
2050,95,43,0.020229015701969496,0
2050,95,60,0.08839202365723209,0
2050,95,64,0.11355851925585238,0
2050,95,66,0.19857836064487283,0
2050,95,70,0.13056312832215378,0
2050,95,71,0.02763979875302441,0
2050,96,22,0.2576380706463063,0
2050,96,35,0.147279399902248,0
2050,96,38,0.16171031343426626,0
2050,96,64,0.06420843849689319,0
2050,96,66,0.27628791065455904,0
2050,96,71,0.08503177485245765,0
2050,97,66,1.0,0
2050,98,14,0.09684271476503159,0
2050,98,19,0.014651799529821357,0
2050,98,21,0.010253690637324184,0
2050,98,23,0.03864624193765179,0
2050,98,25,0.0745100482408452,0
2050,98,37,0.02177087219014262,0
2050,98,38,0.2941809922904886,0
2050,98,47,0.012879969297776897,0
2050,98,50,0.09301604554090459,0
2050,98,66,0.26144430858322376,0
2050,98,85,0.05395279132844764,0
2050,99,38,1.0,0
2050,100,14,0.06958687863877361,0
2050,100,25,0.030263512734142385,0
2050,100,29,0.06938559114244136,0
2050,100,34,0.14302511935288043,0
2050,100,38,0.33629521764981396,0
2050,100,47,0.05017616005844617,0
2050,100,78,0.14498813468924143,0
2050,100,83,0.13856987413176078,0
2050,101,34,1.0,0
2050,102,5,0.09558826499405972,0
2050,102,25,0.2018005802418697,0
2050,102,36,0.046493391391810315,0
2050,102,48,0.06289830005353837,0
2050,102,49,0.03383611274246755,0
2050,102,55,0.020421822584712576,0
2050,102,57,0.193209980828849,0
2050,102,59,0.03866507345167029,0
2050,102,67,0.023194388946350328,0
2050,102,84,0.13027376637282256,0
2050,102,85,0.1387605937926389,0
2050,103,25,1.0,0
2050,104,7,0.021141812806895484,0
2050,104,25,0.24821345123401048,0
2050,104,34,0.021810919975145192,0
2050,104,37,0.11225759844782732,0
2050,104,39,0.015217669497600665,0
2050,104,41,0.06966584693173436,0
2050,104,49,0.0960221312012346,0
2050,104,57,0.26723097672429474,0
2050,104,59,0.04734603340221683,0
2050,104,84,0.09042402608577876,0
2050,105,5,0.21530034126667766,0
2050,105,7,0.1009208390326693,0
2050,105,25,0.13614239492243344,0
2050,105,37,0.15085939196035827,0
2050,105,41,0.1539426328330119,0
2050,105,53,0.07265482332971902,0
2050,105,57,0.10942584035089556,0
2050,105,59,0.03587801855967169,0
2050,106,5,0.3204041800323775,0
2050,106,25,0.07755737035823185,0
2050,106,28,0.041551461420437655,0
2050,106,35,0.03586054139637418,0
2050,106,36,0.060549220449718555,0
2050,106,37,0.02245743772460521,0
2050,106,48,0.052778730982615624,0
2050,106,66,0.1672186932051607,0
2050,106,79,0.16642847061556437,0
2050,106,85,0.04500030135985958,0
2050,107,5,0.11236943955314863,0
2050,107,11,0.13677020608789195,0
2050,107,12,0.025622801657312122,0
2050,107,17,0.010186708842397805,0
2050,107,22,0.035503122511539906,0
2050,107,28,0.07315080661296987,0
2050,107,34,0.01041390892189757,0
2050,107,37,0.07285686289264856,0
2050,107,38,0.06036811866285319,0
2050,107,43,0.05454461533022083,0
2050,107,48,0.0542839755486052,0
2050,107,51,0.012059906835420056,0
2050,107,54,0.016523969616258703,0
2050,107,60,0.07685737116300125,0
2050,107,64,0.051291598052979726,0
2050,107,79,0.18087774946846882,0
2050,108,5,0.0643048732991461,0
2050,108,7,0.08944172505042498,0
2050,108,12,0.0316910992360723,0
2050,108,14,0.030370246320936604,0
2050,108,23,0.048680882251238636,0
2050,108,29,0.08227389175580076,0
2050,108,34,0.05805894101989059,0
2050,108,35,0.13583684970528764,0
2050,108,37,0.11663211248430493,0
2050,108,46,0.04255073646266892,0
2050,108,51,0.0692502423430303,0
2050,108,54,0.053941544086406404,0
2050,108,57,0.050299633990230755,0
2050,108,60,0.04112100514419505,0
2050,108,65,0.01820767420195416,0
2050,108,82,0.06268532497074118,0
2050,109,5,0.15921039205097937,0
2050,109,22,0.038001287350768465,0
2050,109,34,0.028072698285034055,0
2050,109,35,0.022420384425337794,0
2050,109,38,0.25287266730467994,0
2050,109,57,0.041029410647355824,0
2050,109,59,0.17145198749696328,0
2050,109,60,0.12105975399546046,0
2050,109,79,0.05190377912500019,0
2050,109,81,0.06840246779651132,0
2050,109,82,0.02390698225060498,0
2050,109,85,0.01363185984551503,0
2050,110,5,0.16180064270279207,0
2050,110,14,0.03331355644363039,0
2050,110,25,0.04403159403609287,0
2050,110,28,0.03026282237419783,0
2050,110,30,0.0568439382407028,0
2050,110,36,0.0810583421083273,0
2050,110,37,0.3258716037320513,0
2050,110,38,0.16771646375502003,0
2050,110,66,0.017522355920019193,0
2050,110,79,0.0722165692024368,0
2050,111,37,1.0,0
2050,112,5,0.07628271034745447,0
2050,112,12,0.0354997205156127,0
2050,112,20,0.02130633382389349,0
2050,112,34,0.16718218073046895,0
2050,112,37,0.23895869367632191,0
2050,112,38,0.15225326026100514,0
2050,112,57,0.09300072291206342,0
2050,112,59,0.0883425786869959,0
2050,112,62,0.042791909717328276,0
2050,112,64,0.05782966066693162,0
2050,113,5,1.0,0
2050,114,79,1.0,0
2050,115,15,0.03656866398088217,0
2050,115,27,0.025873001457138063,0
2050,115,32,0.11114851647444282,0
2050,115,34,0.24304186217770574,0
2050,115,37,0.014691114380633882,0
2050,115,42,0.10394147404853343,0
2050,115,43,0.03718588007259508,0
2050,115,64,0.11189900210752837,0
2050,115,67,0.01691225098845904,0
2050,115,73,0.027755457603213365,0
2050,115,75,0.029594437218219326,0
2050,115,77,0.050411560844636966,0
2050,115,79,0.09787981523255078,0
2050,115,80,0.06513559911191152,0
2050,116,5,0.13112099185909645,0
2050,116,14,0.11293110598925707,0
2050,116,31,0.04097715638435974,0
2050,116,32,0.04842135176016877,0
2050,116,47,0.04609986493684657,0
2050,116,62,0.062017974058778645,0
2050,116,64,0.18475183909448462,0
2050,116,65,0.012432047999537529,0
2050,116,71,0.02145863830068377,0
2050,116,73,0.08005077402368946,0
2050,116,75,0.02212567060530341,0
2050,116,77,0.05865105348036621,0
2050,116,79,0.14052497789420648,0
2050,116,90,0.038436553613221104,0
2050,117,64,1.0,0
2050,118,4,0.06749528492796851,0
2050,118,7,0.11405227215126072,0
2050,118,15,0.1055922138399847,0
2050,118,30,0.028373906522631404,0
2050,118,34,0.03669364364154322,0
2050,118,35,0.04532462838160735,0
2050,118,37,0.06752273258665231,0
2050,118,57,0.17208851484729468,0
2050,118,64,0.16699938170980322,0
2050,118,76,0.05956316686821662,0
2050,118,77,0.01776567898120825,0
2050,118,79,0.06520149330251335,0
2050,119,57,1.0,0
2050,120,9,0.1111085983854647,0
2050,120,15,0.04396762754609376,0
2050,120,32,0.2069074167808548,0
2050,120,34,0.057868504339227064,0
2050,120,38,0.034258659901615106,0
2050,120,39,0.09094219866213825,0
2050,120,44,0.14304195832304434,0
2050,120,47,0.1647446811458451,0
2050,120,51,0.07008039623163477,0
2050,120,79,0.05702735831681602,0
2050,121,51,1.0,0
2050,122,4,0.01573390304628187,0
2050,122,21,0.034173219604293065,0
2050,122,28,0.04165441465954613,0
2050,122,32,0.12367595188072969,0
2050,122,35,0.0373291393981586,0
2050,122,47,0.20749017380940293,0
2050,122,51,0.23560693919894196,0
2050,122,57,0.014306088083630594,0
2050,122,63,0.10295984855919728,0
2050,122,79,0.1723076421484549,0
2050,123,15,1.0,0
2050,124,32,1.0,0
2050,125,3,0.06742698401678733,0
2050,125,7,0.039819783848271256,0
2050,125,9,0.1079330678366692,0
2050,125,15,0.1244212279954218,0
2050,125,17,0.05477910436012416,0
2050,125,39,0.011855395215341628,0
2050,125,40,0.06703140970484081,0
2050,125,44,0.28735251383784227,0
2050,125,55,0.2087425995789997,0
2050,125,63,0.024653738412944725,0
2050,126,55,1.0,0
2050,127,3,0.25329298444256626,0
2050,127,10,0.24526686808718992,0
2050,127,32,0.13759813451804104,0
2050,127,42,0.06619211018824325,0
2050,127,44,0.1757694366429067,0
2050,127,47,0.06861545010517109,0
2050,127,53,0.053265016015880885,0
2050,128,47,1.0,0
2050,129,44,1.0,0
2050,130,63,1.0,0
2050,131,3,1.0,0
2050,132,39,1.0,0
2050,133,10,1.0,0
2050,134,14,0.05754489836934433,0
2050,134,21,0.08945935244891869,0
2050,134,42,0.1505898640360685,0
2050,134,47,0.12160569918210144,0
2050,134,51,0.0893414856147433,0
2050,134,55,0.030743317691339273,0
2050,134,63,0.11988459644124562,0
2050,134,65,0.07322995245386707,0
2050,134,73,0.016108339064987775,0
2050,134,77,0.200908493565537,0
2050,134,81,0.03959837754547721,0
2050,135,21,1.0,0
2050,136,3,0.14908973963392835,0
2050,136,15,0.27588583908655334,0
2050,136,21,0.14202800285898542,0
2050,136,26,0.08513604986572608,0
2050,136,34,0.029691150132533938,0
2050,136,40,0.017505815084812606,0
2050,136,44,0.05193187485111987,0
2050,136,45,0.13746748041136822,0
2050,136,63,0.023134988038853516,0
2050,136,88,0.0781946537093284,0
2050,137,3,0.020450876379204976,0
2050,137,9,0.04393617724720095,0
2050,137,10,0.0660867441752267,0
2050,137,21,0.028235416655855352,0
2050,137,25,0.06754313441102094,0
2050,137,26,0.02867722972565238,0
2050,137,32,0.11895437338642274,0
2050,137,42,0.0130470889022365,0
2050,137,45,0.051930112827022284,0
2050,137,57,0.05268918913316613,0
2050,137,63,0.18103372336090245,0
2050,137,67,0.1268362077540012,0
2050,137,87,0.018814935916227054,0
2050,137,88,0.1785922975267855,0
2050,138,9,0.04676045525624306,0
2050,138,10,0.06929465970919431,0
2050,138,15,0.08405444995550335,0
2050,138,21,0.05695108275468048,0
2050,138,26,0.1306998923463576,0
2050,138,32,0.021447110472647534,0
2050,138,39,0.12798820431948182,0
2050,138,46,0.14565273834192166,0
2050,138,55,0.09612708971934894,0
2050,138,63,0.010901245480176614,0
2050,138,76,0.11965608375635495,0
2050,138,79,0.0904669878880896,0
2050,138,81,0.0,0
2050,139,3,0.06116160033308792,0
2050,139,7,0.10047119714532139,0
2050,139,9,0.16504494570631106,0
2050,139,21,0.14917632451501675,0
2050,139,32,0.2871955179366643,0
2050,139,40,0.036296849666010135,0
2050,139,44,0.01403028252770016,0
2050,139,46,0.03151735475483064,0
2050,139,55,0.0813775327262763,0
2050,139,67,0.06404374444781501,0
2050,140,7,0.04858727952995763,0
2050,140,15,0.06925254401618997,0
2050,140,21,0.2753355511592158,0
2050,140,42,0.12384448979133848,0
2050,140,44,0.056737711316968364,0
2050,140,47,0.03457650965999472,0
2050,140,51,0.08375013299560835,0
2050,140,63,0.07009322182543104,0
2050,140,76,0.024665238782602492,0
2050,140,77,0.08039765578114641,0
2050,140,90,0.04315401817782881,0
2050,141,7,0.03142013052138971,0
2050,141,13,0.02327467329207484,0
2050,141,14,0.03808764325451091,0
2050,141,15,0.052313850126523655,0
2050,141,21,0.1810068514472839,0
2050,141,33,0.0334168764179709,0
2050,141,42,0.31923370827421704,0
2050,141,51,0.09840140152049424,0
2050,141,64,0.016320284204597947,0
2050,141,76,0.05759464684550643,0
2050,141,90,0.13487139781746552,0
2050,142,42,1.0,0
2050,143,10,0.13186825531426644,0
2050,143,14,0.14191497371015077,0
2050,143,21,0.08268214910604571,0
2050,143,42,0.2324723091198926,0
2050,143,54,0.02138137769813921,0
2050,143,55,0.016852614074580056,0
2050,143,62,0.04323587699466429,0
2050,143,65,0.01951617424472443,0
2050,143,73,0.02849096602527575,0
2050,143,81,0.11475779461129801,0
2050,143,82,0.05829627691632447,0
2050,143,88,0.10672427526734224,0
2050,144,14,0.04331591266581342,0
2050,144,15,0.04975217656623612,0
2050,144,25,0.019132587301591855,0
2050,144,31,0.01040682853599924,0
2050,144,42,0.3102744962880499,0
2050,144,47,0.09136336082429156,0
2050,144,63,0.03135350057806096,0
2050,144,67,0.05236145611983507,0
2050,144,69,0.07102768725872786,0
2050,144,72,0.014520302830175809,0
2050,144,76,0.12973116137173013,0
2050,144,77,0.022129067053211514,0
2050,144,83,0.0861470010185708,0
2050,144,90,0.06848446158770573,0
2050,145,14,0.07399478235798004,0
2050,145,15,0.023337698184905765,0
2050,145,37,0.02142861315252317,0
2050,145,42,0.19068773368170122,0
2050,145,47,0.19875261128259972,0
2050,145,62,0.03320320818131191,0
2050,145,69,0.046118914493264766,0
2050,145,71,0.027575928703264776,0
2050,145,76,0.30330806082780254,0
2050,145,82,0.0370813800765585,0
2050,145,90,0.029278358650102306,0
2050,146,9,0.12007246613486969,0
2050,146,10,0.02418433046084534,0
2050,146,13,0.017875194145818903,0
2050,146,15,0.04580691337829196,0
2050,146,25,0.04610235431167039,0
2050,146,37,0.023168901453266513,0
2050,146,42,0.20360131036800666,0
2050,146,44,0.014220455872121422,0
2050,146,63,0.1639284060202439,0
2050,146,64,0.12578108564506613,0
2050,146,72,0.08659529552276149,0
2050,146,76,0.04103749790406168,0
2050,147,7,0.04386957192754508,0
2050,147,25,0.04472226894042163,0
2050,147,37,0.09209377806567816,0
2050,147,42,0.12386715694490154,0
2050,147,45,0.06890284126115759,0
2050,147,57,0.03638297223548599,0
2050,147,63,0.31427980116197096,0
2050,147,64,0.07255119140995916,0
2050,147,66,0.010130556832098974,0
2050,147,82,0.14419293792728985,0
2050,148,3,0.24332463916716343,0
2050,148,32,0.040865986110221034,0
2050,148,34,0.06415464636700204,0
2050,148,41,0.09896493521225724,0
2050,148,44,0.06723171761218895,0
2050,148,64,0.021426283921727112,0
2050,148,67,0.20438505548537925,0
2050,148,68,0.0424052817123811,0
2050,148,76,0.16991853937745968,0
2050,148,77,0.03103749871141386,0
2050,149,13,0.03256038782317028,0
2050,149,15,0.10814625511894803,0
2050,149,20,0.19581120780953876,0
2050,149,32,0.030127268478767698,0
2050,149,44,0.09574899307949475,0
2050,149,46,0.04698303494417487,0
2050,149,47,0.10342989696044212,0
2050,149,61,0.010628706016636041,0
2050,149,62,0.01684552020725498,0
2050,149,67,0.14329316060550445,0
2050,149,68,0.030448344450464425,0
2050,149,76,0.04092099334793817,0
2050,149,81,0.12810849226260512,0
2050,150,9,0.18247621082661425,0
2050,150,10,0.17398804516783722,0
2050,150,13,0.06615531823451262,0
2050,150,32,0.12053425220543351,0
2050,150,44,0.02196333093673347,0
2050,150,47,0.05877554137029,0
2050,150,67,0.2210751220424984,0
2050,150,88,0.15503217921608023,0
2050,151,9,0.06849319349440935,0
2050,151,15,0.032943814862719745,0
2050,151,20,0.03036601220506284,0
2050,151,32,0.06536945338130079,0
2050,151,39,0.10195572354546142,0
2050,151,44,0.03574569622772966,0
2050,151,46,0.09967119855801354,0
2050,151,55,0.24043772126884994,0
2050,151,67,0.17169369628501585,0
2050,151,84,0.14943500707297325,0
2050,152,6,0.10424969899273093,0
2050,152,10,0.11470789252424404,0
2050,152,20,0.07873202181976113,0
2050,152,32,0.050290183908161236,0
2050,152,55,0.26491207225809216,0
2050,152,63,0.03388787910849431,0
2050,152,67,0.19803849461497125,0
2050,152,83,0.13950629083237856,0
2050,153,3,0.1498529203993648,0
2050,153,6,0.10364050580625118,0
2050,153,9,0.16747453163717366,0
2050,153,34,0.06920181822005633,0
2050,153,44,0.19625126350541197,0
2050,153,55,0.14211064757095998,0
2050,153,67,0.14093165357058768,0
2050,153,84,0.03053665929019447,0
2050,154,5,0.04649828205773562,0
2050,154,6,0.0585295057254264,0
2050,154,9,0.041433881048767364,0
2050,154,10,0.4098569458573018,0
2050,154,27,0.17317801353631634,0
2050,154,39,0.029774106855185375,0
2050,154,59,0.01493518232388759,0
2050,154,67,0.16072706987420216,0
2050,154,88,0.06506701272117695,0
2050,155,5,0.15587382147858272,0
2050,155,10,0.19771803502458968,0
2050,155,14,0.03294786874203793,0
2050,155,19,0.02989988420718876,0
2050,155,20,0.18383158990903956,0
2050,155,47,0.20206905961611504,0
2050,155,67,0.055573073839767194,0
2050,155,79,0.04722313293118232,0
2050,155,81,0.02266584079808566,0
2050,155,83,0.016449639768241348,0
2050,155,88,0.04599345029394083,0
2050,156,3,0.1390169466890636,0
2050,156,15,0.15808923940996786,0
2050,156,20,0.09375924374049524,0
2050,156,35,0.043203701127761014,0
2050,156,51,0.02136117826812596,0
2050,156,63,0.01545335612823398,0
2050,156,65,0.01548172208486695,0
2050,156,67,0.26319693001922273,0
2050,156,77,0.19681708380129762,0
2050,156,81,0.0501422297104886,0
2050,157,67,1.0,0
2050,158,5,0.04284163031261286,0
2050,158,10,0.20737312276287784,0
2050,158,38,0.09178451174900036,0
2050,158,67,0.29777736450083553,0
2050,158,81,0.30347492513786894,0
2050,158,83,0.025268458495238538,0
2050,158,88,0.023994122948672134,0
2050,159,81,1.0,0
2050,160,9,0.015847644929323723,0
2050,160,15,0.07972118050067173,0
2050,160,30,0.017577816933942933,0
2050,160,33,0.08935708759391897,0
2050,160,44,0.12340425449975374,0
2050,160,51,0.01803765236041748,0
2050,160,62,0.06586294456901032,0
2050,160,76,0.05561833343923035,0
2050,160,81,0.46859550511605247,0
2050,161,3,0.08860112492160474,0
2050,161,9,0.026884080233485055,0
2050,161,10,0.05337519418914307,0
2050,161,12,0.0928587282466845,0
2050,161,20,0.07135608750976406,0
2050,161,39,0.04524667090426011,0
2050,161,42,0.055791348167775756,0
2050,161,44,0.06585930848075092,0
2050,161,47,0.01548452602571621,0
2050,161,62,0.13414931602885766,0
2050,161,67,0.031288616362744874,0
2050,161,81,0.29446848472444037,0
2050,162,20,0.18690918349746447,0
2050,162,38,0.020639792757229623,0
2050,162,41,0.04575665028742339,0
2050,162,46,0.057045570395259336,0
2050,162,62,0.08900244056217432,0
2050,162,77,0.09319856765656738,0
2050,162,79,0.0983512939073087,0
2050,162,81,0.350264874721588,0
2050,162,83,0.046274270498254326,0
2050,163,20,0.1982604915712263,0
2050,163,24,0.06880168051755756,0
2050,163,33,0.042995298476400656,0
2050,163,44,0.02019068746137639,0
2050,163,46,0.0636297611079143,0
2050,163,47,0.11424471639452517,0
2050,163,71,0.22681159131791168,0
2050,163,72,0.023393547252896506,0
2050,163,77,0.031732158469350326,0
2050,163,81,0.11399507389849409,0
2050,163,90,0.08190914632751954,0
2050,164,20,0.027549884950386305,0
2050,164,27,0.044782472354698066,0
2050,164,33,0.2166446207839116,0
2050,164,34,0.013426291092780769,0
2050,164,42,0.07618367823619084,0
2050,164,44,0.07568455947682674,0
2050,164,46,0.05543160849118518,0
2050,164,48,0.012078100933617684,0
2050,164,62,0.08804217145431732,0
2050,164,71,0.1046585185387317,0
2050,164,72,0.04775243833280783,0
2050,164,76,0.23776565535454489,0
2050,165,5,0.1442602593083374,0
2050,165,9,0.012566152907317234,0
2050,165,10,0.10453348474235213,0
2050,165,33,0.11567260281613673,0
2050,165,45,0.03754541993934605,0
2050,165,47,0.020147364827284693,0
2050,165,52,0.08163521717305823,0
2050,165,67,0.07574788518493218,0
2050,165,69,0.18938901929373722,0
2050,165,79,0.08084261342321114,0
2050,165,83,0.10688868624763195,0
2050,165,88,0.027371309488485464,0
2050,166,5,0.08440524417193405,0
2050,166,10,0.10244589874757415,0
2050,166,13,0.012058648936315352,0
2050,166,20,0.06919158970286404,0
2050,166,42,0.04871762285293816,0
2050,166,62,0.0895012698591429,0
2050,166,71,0.11551675594795528,0
2050,166,73,0.014829763036131483,0
2050,166,81,0.178285382365065,0
2050,166,82,0.06527254813103418,0
2050,166,88,0.20704313859710796,0
2050,167,10,0.08390549476058588,0
2050,167,14,0.07657230349768564,0
2050,167,20,0.17096448560790406,0
2050,167,21,0.06642397841401637,0
2050,167,42,0.14138164317206134,0
2050,167,45,0.01156117219297957,0
2050,167,62,0.02109674588066552,0
2050,167,76,0.0918630359821662,0
2050,167,81,0.08287636496929139,0
2050,167,82,0.166704083212765,0
2050,168,3,0.09576238425050304,0
2050,168,7,0.0891853485463723,0
2050,168,15,0.06566204181239277,0
2050,168,40,0.02883417607437782,0
2050,168,42,0.32997327871345805,0
2050,168,45,0.015546141311341587,0
2050,168,46,0.02283034996045338,0
2050,168,56,0.040396145372914964,0
2050,168,57,0.025618633920289194,0
2050,168,61,0.014545856468130782,0
2050,168,67,0.03953256993374966,0
2050,168,76,0.09765119566340637,0
2050,168,88,0.045963945844887485,0
2050,169,10,0.027051473595561176,0
2050,169,16,0.06365899886482822,0
2050,169,18,0.016914366853749432,0
2050,169,26,0.047926471214407886,0
2050,169,33,0.05873479833322743,0
2050,169,39,0.05563369374831519,0
2050,169,49,0.01645611141351798,0
2050,169,53,0.04986324921293774,0
2050,169,55,0.010199635271096115,0
2050,169,64,0.01654143814761394,0
2050,169,66,0.02741798988912552,0
2050,169,67,0.127997946413007,0
2050,169,68,0.030815559538243283,0
2050,169,76,0.17399484738308016,0
2050,169,81,0.06747980689509164,0
2050,169,88,0.2020215532613076,0
2050,170,9,0.01999514323860356,0
2050,170,10,0.04691636427006473,0
2050,170,44,0.10121377550119773,0
2050,170,52,0.08528181720966457,0
2050,170,53,0.05130930674985511,0
2050,170,73,0.10164785140695337,0
2050,170,76,0.2970272142309019,0
2050,170,77,0.09545181984139628,0
2050,170,81,0.02308052980068421,0
2050,170,88,0.16685534261835264,0
2050,171,21,0.016440365466976994,0
2050,171,47,0.062061834618045826,0
2050,171,63,0.04224168325936842,0
2050,171,69,0.04496236892519632,0
2050,171,70,0.03822717139402093,0
2050,171,76,0.3856035166352705,0
2050,171,88,0.08133276143048135,0
2050,171,90,0.31281767574170416,0
2050,172,76,1.0,0
2050,173,9,0.02085175755401027,0
2050,173,30,0.038111497157462315,0
2050,173,33,0.06938204144141995,0
2050,173,44,0.036725275261969635,0
2050,173,47,0.04242545544220075,0
2050,173,52,0.010631274312675713,0
2050,173,70,0.032605924985433084,0
2050,173,71,0.027535306911813037,0
2050,173,72,0.10461557573922455,0
2050,173,76,0.3620197719693893,0
2050,173,81,0.0725723682874452,0
2050,173,90,0.16470724730449557,0
2050,174,33,1.0,0
2050,175,10,0.22737927651343687,0
2050,175,33,0.14118343202467476,0
2050,175,45,0.16871312674784053,0
2050,175,57,0.09190827518247101,0
2050,175,83,0.09881705571768101,0
2050,175,88,0.19138075447150277,0
2050,176,5,0.024301146740964178,0
2050,176,10,0.09565616841289813,0
2050,176,20,0.27634582880978414,0
2050,176,38,0.07835135637978442,0
2050,176,45,0.05020728476148871,0
2050,176,47,0.01825444854979262,0
2050,176,76,0.09877216871263282,0
2050,176,78,0.1247397555454877,0
2050,176,83,0.12009868252646204,0
2050,176,88,0.1019565940322465,0
2050,177,8,0.057025849501683205,0
2050,177,20,0.16137092403623404,0
2050,177,29,0.01192546269314483,0
2050,177,45,0.059912231411515575,0
2050,177,46,0.04301943998414815,0
2050,177,47,0.043738784335284164,0
2050,177,76,0.39605695671164365,0
2050,177,77,0.06824855574607167,0
2050,177,78,0.014983236383015151,0
2050,177,79,0.03248614041721554,0
2050,177,83,0.08794965611557128,0
2050,178,20,0.06422563451503005,0
2050,178,21,0.08263736572765704,0
2050,178,31,0.058443974108859466,0
2050,178,33,0.021549887919701992,0
2050,178,46,0.1609470751185226,0
2050,178,68,0.03207364791355401,0
2050,178,76,0.4499947780785794,0
2050,178,77,0.09069704926762004,0
2050,178,90,0.03099753301863272,0
2050,179,4,0.026335414347166203,0
2050,179,13,0.018374194212693862,0
2050,179,20,0.09173746904690062,0
2050,179,42,0.0675037826128036,0
2050,179,46,0.11007266446263231,0
2050,179,63,0.11127375527168702,0
2050,179,74,0.046218128014084536,0
2050,179,76,0.3349382307486034,0
2050,179,90,0.19354636128342842,0
2050,180,3,0.019942975341704423,0
2050,180,20,0.26197232225644856,0
2050,180,21,0.048831750508279016,0
2050,180,31,0.013551630268729534,0
2050,180,45,0.037133230470691794,0
2050,180,63,0.025788838208557225,0
2050,180,69,0.05835786466501793,0
2050,180,76,0.2751164545593363,0
2050,180,83,0.11419028567492945,0
2050,180,88,0.020310147037212397,0
2050,180,90,0.10589675956348767,0
2050,181,20,0.2747144256658609,0
2050,181,46,0.022389592407968204,0
2050,181,47,0.025822213318763634,0
2050,181,63,0.05944635021773184,0
2050,181,76,0.3201386493503071,0
2050,181,79,0.015610752439057097,0
2050,181,83,0.06150205546765735,0
2050,181,90,0.1210093707625309,0
2050,182,33,0.18234939272506012,0
2050,182,44,0.13860593581772987,0
2050,182,46,0.26358312992271726,0
2050,182,72,0.10143992794989927,0
2050,182,77,0.1767672791390912,0
2050,182,81,0.03246835996534589,0
2050,183,3,0.048059139518675825,0
2050,183,10,0.06411272805225782,0
2050,183,20,0.10376874302282763,0
2050,183,33,0.012184493656693877,0
2050,183,44,0.04928825478241988,0
2050,183,46,0.07518016562856611,0
2050,183,52,0.039951502679563045,0
2050,183,53,0.04769547369163704,0
2050,183,72,0.04006718603894645,0
2050,183,76,0.016232521656970554,0
2050,183,77,0.33869254984077873,0
2050,183,88,0.09789456795063653,0
2050,183,90,0.06037129866830161,0
2050,184,20,1.0,0
2050,185,15,0.012789575596237378,0
2050,185,20,0.2530011012022034,0
2050,185,24,0.04877452324089413,0
2050,185,44,0.04745439816379888,0
2050,185,46,0.31370928584271657,0
2050,185,76,0.11333066180072304,0
2050,185,77,0.1689047564309738,0
2050,185,83,0.03287673192512147,0
2050,186,20,0.17697213437162307,0
2050,186,47,0.09757645147882817,0
2050,186,62,0.06484278640165482,0
2050,186,69,0.03319767318070076,0
2050,186,72,0.1654111180007305,0
2050,186,76,0.11942755915973725,0
2050,186,77,0.08451937564515224,0
2050,186,90,0.25805290176157303,0
2050,187,10,0.034813500620067085,0
2050,187,13,0.0446326651193674,0
2050,187,20,0.060897590127952796,0
2050,187,25,0.02328810637176941,0
2050,187,45,0.07191762884924977,0
2050,187,46,0.08476490622302148,0
2050,187,63,0.028328674630258517,0
2050,187,67,0.23311892164412756,0
2050,187,72,0.03266994830383347,0
2050,187,83,0.143256208455816,0
2050,187,88,0.19748939662931655,0
2050,188,10,0.061578464795034725,0
2050,188,20,0.11829295730523745,0
2050,188,27,0.09241357070107126,0
2050,188,39,0.10968962197290756,0
2050,188,45,0.048654397557251046,0
2050,188,46,0.12872139694482682,0
2050,188,55,0.05645358680426931,0
2050,188,81,0.012927845295444586,0
2050,188,83,0.2677918487501526,0
2050,188,84,0.0870144513620092,0
2050,189,7,0.18340737932201365,0
2050,189,9,0.35482954179960263,0
2050,189,17,0.029468053959941648,0
2050,189,27,0.03963964459391543,0
2050,189,33,0.04233514366690008,0
2050,189,39,0.013571880096189965,0
2050,189,52,0.040141629573758435,0
2050,189,55,0.12031377853586446,0
2050,189,67,0.07975982126085124,0
2050,189,88,0.06862473247426851,0
2050,190,88,1.0,0
2050,191,8,0.02165036288461072,0
2050,191,19,0.012019289840907832,0
2050,191,25,0.025645673709559325,0
2050,191,35,0.12385490220569174,0
2050,191,45,0.3998025011966028,0
2050,191,52,0.034139601192630195,0
2050,191,67,0.12479243568194152,0
2050,191,83,0.020411701996028434,0
2050,191,88,0.21281001241819547,0
2050,192,14,0.049101145945748124,0
2050,192,20,0.28011986789822646,0
2050,192,21,0.05829127856344052,0
2050,192,30,0.023113307079730503,0
2050,192,45,0.07371732301185627,0
2050,192,46,0.30239611387409215,0
2050,192,52,0.013568858897507271,0
2050,192,65,0.010502132877538817,0
2050,192,83,0.10742297746048127,0
2050,192,90,0.056800849216632934,0
2050,193,9,0.06341470240034447,0
2050,193,20,0.06273471613579519,0
2050,193,24,0.013266845916416255,0
2050,193,27,0.07138733926174702,0
2050,193,33,0.02960810542856091,0
2050,193,46,0.24277421316549264,0
2050,193,69,0.07250498514012156,0
2050,193,72,0.016633978396707664,0
2050,193,76,0.16222945695082963,0
2050,193,77,0.04832086777515284,0
2050,193,80,0.03375373158339756,0
2050,193,90,0.16983373623523848,0
2050,194,9,0.08628566752530671,0
2050,194,12,0.012078283487366982,0
2050,194,13,0.04355024463951993,0
2050,194,20,0.05859134442710757,0
2050,194,22,0.05539266515612958,0
2050,194,30,0.03667386152927569,0
2050,194,33,0.031150130929422738,0
2050,194,53,0.020683676426318555,0
2050,194,72,0.05926203323537996,0
2050,194,76,0.22780524320339324,0
2050,194,90,0.32018897011977976,0
2050,195,9,0.1429505327577243,0
2050,195,13,0.015732560811581107,0
2050,195,33,0.12054528552963123,0
2050,195,44,0.03921276185958078,0
2050,195,53,0.06863512632095181,0
2050,195,62,0.03181802641345694,0
2050,195,71,0.07398555522057426,0
2050,195,76,0.05978336525614569,0
2050,195,90,0.3393686139372024,0
2050,196,5,0.04104698812375159,0
2050,196,9,0.14582412071723228,0
2050,196,10,0.027296943109238154,0
2050,196,20,0.049818872337859484,0
2050,196,33,0.07025147214166304,0
2050,196,45,0.03479954105949247,0
2050,196,63,0.03674754786238503,0
2050,196,69,0.04565367978805437,0
2050,196,72,0.06776929049890275,0
2050,196,73,0.03217862794472359,0
2050,196,77,0.12415319309971992,0
2050,196,90,0.18759718373175538,0
2050,197,20,0.14830155910065665,0
2050,197,31,0.01158722668168542,0
2050,197,45,0.11595173805980034,0
2050,197,46,0.18103799664901685,0
2050,197,47,0.07921193333871165,0
2050,197,69,0.034607308085129664,0
2050,197,72,0.17959774294842332,0
2050,197,79,0.06907560926715349,0
2050,197,90,0.18029099732561849,0
2050,198,46,1.0,0
2050,199,3,0.024821487069397866,0
2050,199,9,0.025103661643893202,0
2050,199,42,0.02838568334248688,0
2050,199,45,0.039088373693455546,0
2050,199,46,0.2685547995242626,0
2050,199,59,0.07653849059561277,0
2050,199,67,0.1550661736312341,0
2050,199,72,0.06200536279492564,0
2050,199,83,0.17074333322948834,0
2050,199,88,0.0896210779103668,0
2050,199,90,0.0577984079324027,0
2050,200,9,0.05395147628782646,0
2050,200,14,0.02356662898579688,0
2050,200,20,0.043758030382806706,0
2050,200,27,0.03646304189644617,0
2050,200,33,0.011560635922299266,0
2050,200,46,0.19145666978908668,0
2050,200,71,0.14625200834805036,0
2050,200,72,0.019589654024518115,0
2050,200,76,0.028852641887964745,0
2050,200,77,0.07545010705502235,0
2050,200,81,0.20766143343618068,0
2050,200,83,0.15190620451727582,0
2050,201,9,0.050003259612938646,0
2050,201,20,0.11154572935668353,0
2050,201,25,0.01468317435181947,0
2050,201,28,0.07095408911118246,0
2050,201,45,0.10168283714068714,0
2050,201,46,0.1312244591549845,0
2050,201,52,0.03458916528944028,0
2050,201,72,0.11184387518371183,0
2050,201,76,0.24664398077039681,0
2050,201,79,0.06894089320802757,0
2050,201,82,0.04363023676541024,0
2050,202,3,0.10567722727362841,0
2050,202,9,0.1455477668636166,0
2050,202,34,0.031647791923130754,0
2050,202,41,0.05335913562900892,0
2050,202,46,0.24505421393642132,0
2050,202,57,0.02108581213244645,0
2050,202,59,0.014534514347798538,0
2050,202,67,0.05878043984207547,0
2050,202,72,0.026404522722460036,0
2050,202,77,0.20086205062320633,0
2050,202,88,0.023491036386110227,0
2050,203,9,0.03703785841541058,0
2050,203,10,0.1317452602419543,0
2050,203,14,0.1278425304898462,0
2050,203,20,0.045295220533381246,0
2050,203,45,0.07163337735709266,0
2050,203,46,0.2835572606976846,0
2050,203,57,0.010481988490786775,0
2050,203,83,0.17724703864891575,0
2050,204,5,0.02558794929871666,0
2050,204,9,0.18097962761559183,0
2050,204,38,0.022304129806509854,0
2050,204,42,0.061041549564297755,0
2050,204,45,0.15811530361037632,0
2050,204,47,0.01616285140461637,0
2050,204,57,0.039334359864650066,0
2050,204,69,0.09940196682864454,0
2050,204,72,0.06791877465651591,0
2050,204,77,0.062273164011079525,0
2050,204,83,0.17163254429013106,0
2050,204,90,0.07473116029425694,0
2050,205,9,0.06892155621402309,0
2050,205,14,0.1588164396739109,0
2050,205,20,0.11299429124592474,0
2050,205,45,0.06025939690674547,0
2050,205,47,0.07908649593005464,0
2050,205,71,0.10430027458047787,0
2050,205,79,0.03641796367353346,0
2050,205,81,0.09229213380387381,0
2050,205,83,0.06669772839080451,0
2050,205,90,0.19900500824495146,0
2050,206,9,1.0,0
2050,207,2,0.05373033002360216,0
2050,207,9,0.05439030970531052,0
2050,207,10,0.04010864435024019,0
2050,207,20,0.06015628092141458,0
2050,207,28,0.12370271284857054,0
2050,207,32,0.05236493347471046,0
2050,207,36,0.04640056414645687,0
2050,207,42,0.018635203386695658,0
2050,207,45,0.2801737298909042,0
2050,207,56,0.04450773879428826,0
2050,207,57,0.07100142632296139,0
2050,207,67,0.01149593911206298,0
2050,207,83,0.04904041906941383,0
2050,207,88,0.08348923872211311,0
2050,208,2,0.10809705051848005,0
2050,208,9,0.19696195222686896,0
2050,208,12,0.08243316092113652,0
2050,208,15,0.06730432032551925,0
2050,208,20,0.01113895159578039,0
2050,208,27,0.043882508184397456,0
2050,208,30,0.10626675834024571,0
2050,208,40,0.034380453044812444,0
2050,208,44,0.07586192652551225,0
2050,208,46,0.09398754913078557,0
2050,208,55,0.01874436771110729,0
2050,208,77,0.07735541048355409,0
2050,208,81,0.011106830520493443,0
2050,208,90,0.06242146412330213,0
2050,209,7,0.1125112916675303,0
2050,209,9,0.3309023148944311,0
2050,209,15,0.14030718658555702,0
2050,209,30,0.10497467723150157,0
2050,209,33,0.024085981172345998,0
2050,209,45,0.03356228157333694,0
2050,209,46,0.08040183169537937,0
2050,209,76,0.016209059370189956,0
2050,209,90,0.09829595686523386,0
2050,210,7,0.01715398345849765,0
2050,210,9,0.30266379498826107,0
2050,210,26,0.028987835730070386,0
2050,210,32,0.021631449214627927,0
2050,210,33,0.059218202070064965,0
2050,210,45,0.09473978907802165,0
2050,210,46,0.1331369051586742,0
2050,210,53,0.0557569358087168,0
2050,210,55,0.09258891128439614,0
2050,210,57,0.09006956208004416,0
2050,210,84,0.027949430773055898,0
2050,211,26,0.021747582459098556,0
2050,211,33,0.18543513287500799,0
2050,211,36,0.03552394077795114,0
2050,211,45,0.2591555128200389,0
2050,211,74,0.012529590111113122,0
2050,211,77,0.15898749617015895,0
2050,211,88,0.3217181006354698,0
2050,212,45,1.0,0
2050,213,14,0.06752486509158057,0
2050,213,20,0.025308832445948046,0
2050,213,35,0.016788230871374214,0
2050,213,45,0.14877079180808472,0
2050,213,53,0.06744631222685132,0
2050,213,65,0.010368566501711293,0
2050,213,67,0.06096583462843483,0
2050,213,77,0.2414543834699877,0
2050,213,78,0.061764331341312796,0
2050,213,79,0.02104526079401274,0
2050,213,83,0.07531822878092613,0
2050,213,90,0.1955021727904633,0
2050,214,20,0.3560449694869554,0
2050,214,45,0.08804611937260051,0
2050,214,76,0.039248897468283646,0
2050,214,77,0.10362448967353141,0
2050,214,78,0.10404420527107473,0
2050,214,83,0.06888065772955351,0
2050,214,90,0.1963016246877186,0
2050,215,15,0.01576613121062661,0
2050,215,34,0.09404272068468886,0
2050,215,40,0.03524656722837925,0
2050,215,45,0.050188354442253655,0
2050,215,46,0.38144598010145636,0
2050,215,77,0.3260208923877448,0
2050,215,90,0.09237103458518332,0
2050,216,9,0.049201284830239965,0
2050,216,20,0.07443455437170826,0
2050,216,28,0.03422359995472046,0
2050,216,34,0.15194668812428025,0
2050,216,45,0.0441099064665181,0
2050,216,46,0.06235103012903639,0
2050,216,49,0.018922816136457524,0
2050,216,67,0.09282965765669449,0
2050,216,77,0.060748610411975,0
2050,216,90,0.35230583530880305,0
2050,217,12,0.032805397423202765,0
2050,217,14,0.029800729122209296,0
2050,217,20,0.11431720842926717,0
2050,217,41,0.01097470855408016,0
2050,217,45,0.03585995415030363,0
2050,217,55,0.07122366932828152,0
2050,217,67,0.046614532948611474,0
2050,217,77,0.27071990551588265,0
2050,217,79,0.030204017874635374,0
2050,217,83,0.1386118305567197,0
2050,217,90,0.12184458385518106,0
2050,218,77,1.0,0
2050,219,9,0.014752093064269002,0
2050,219,20,0.03733531737191448,0
2050,219,21,0.052451133792189804,0
2050,219,31,0.09647151920708233,0
2050,219,38,0.028123175327375946,0
2050,219,45,0.06656579485798013,0
2050,219,70,0.02943539355632809,0
2050,219,72,0.11546350723061993,0
2050,219,77,0.3979892716541767,0
2050,219,90,0.1310115339533419,0
2050,220,14,0.03905578535052647,0
2050,220,20,0.11497887246015023,0
2050,220,31,0.10266399419523795,0
2050,220,45,0.09075717780676533,0
2050,220,65,0.07224998903215399,0
2050,220,67,0.05124045109413671,0
2050,220,77,0.2047739272962083,0
2050,220,90,0.30627938339315564,0
2050,221,31,0.04125344600152012,0
2050,221,35,0.019449213617835234,0
2050,221,52,0.022125628615795517,0
2050,221,65,0.06895894006830358,0
2050,221,67,0.016236287766640645,0
2050,221,76,0.04819140629293581,0
2050,221,77,0.13847687188825283,0
2050,221,90,0.6323226743573717,0
2050,222,90,1.0,0
2050,223,5,0.02304731594369388,0
2050,223,47,0.0506359946045395,0
2050,223,62,0.07853337025352607,0
2050,223,71,0.0104401408208178,0
2050,223,72,0.024118958658948624,0
2050,223,77,0.14938955870129997,0
2050,223,82,0.035709026690894735,0
2050,223,83,0.05377353300150165,0
2050,223,90,0.4440150832659283,0
2050,224,9,0.06600919983132418,0
2050,224,12,0.021934273718675127,0
2050,224,20,0.08353678125914328,0
2050,224,37,0.04464933917827255,0
2050,224,62,0.09964733069373412,0
2050,224,72,0.010206467691981788,0
2050,224,77,0.27414054106880104,0
2050,224,81,0.05103341441759789,0
2050,224,90,0.2139162767666829,0
2050,225,9,0.12021720774335425,0
2050,225,20,0.17194385666588943,0
2050,225,26,0.058227987426550526,0
2050,225,27,0.07161539391058468,0
2050,225,33,0.03406622895668015,0
2050,225,46,0.08023476794300088,0
2050,225,48,0.022312894939767753,0
2050,225,53,0.03801353454329364,0
2050,225,62,0.07204561544459684,0
2050,225,72,0.13793994931405626,0
2050,225,77,0.13103072050727269,0
2050,225,85,0.028334221081776776,0
2050,225,88,0.023322572774328,0
2050,226,9,0.09761384848215941,0
2050,226,45,0.06506480201083424,0
2050,226,52,0.0978150610622796,0
2050,226,53,0.09032350234139509,0
2050,226,72,0.09287135254191146,0
2050,226,73,0.1924754594312372,0
2050,226,76,0.027636638739956438,0
2050,226,77,0.06101052295934005,0
2050,226,88,0.1561068437546591,0
2050,226,90,0.1179432529063474,0
2050,227,5,0.056565808141125155,0
2050,227,9,0.1548905021881789,0
2050,227,20,0.05000131961376125,0
2050,227,45,0.05024525921033677,0
2050,227,47,0.02263880217136469,0
2050,227,52,0.07789363306358921,0
2050,227,69,0.18799522455026452,0
2050,227,72,0.05727351866785875,0
2050,227,83,0.06106045630148658,0
2050,227,88,0.0508803044371885,0
2050,227,90,0.1751019278809056,0
2050,228,5,0.046887879566150426,0
2050,228,9,0.11467762030545976,0
2050,228,38,0.05021009249395801,0
2050,228,69,0.2323619503490568,0
2050,228,72,0.143178913124908,0
2050,228,79,0.03402484042782995,0
2050,228,83,0.145974509736195,0
2050,228,88,0.1822956266570671,0
2050,229,5,0.03380435560393307,0
2050,229,6,0.01686910835612923,0
2050,229,9,0.20890848650350163,0
2050,229,41,0.012184726767475633,0
2050,229,45,0.05095756469195685,0
2050,229,53,0.0828188762459669,0
2050,229,69,0.0476057817145142,0
2050,229,72,0.013927778247896807,0
2050,229,79,0.04922033833270245,0
2050,229,87,0.22049507683059422,0
2050,229,88,0.21792553126008052,0
2050,230,9,0.20936467180828217,0
2050,230,10,0.023020789090704256,0
2050,230,45,0.12138237643124236,0
2050,230,53,0.07193859265923118,0
2050,230,67,0.07051194902867076,0
2050,230,73,0.04878889059849945,0
2050,230,77,0.022482862956875092,0
2050,230,85,0.06018988128562769,0
2050,230,87,0.10213443047945733,0
2050,230,88,0.1523950685715917,0
2050,231,7,0.053102948904225344,0
2050,231,42,0.026745598828195737,0
2050,231,45,0.17379074875813236,0
2050,231,52,0.04696228191250373,0
2050,231,53,0.04070873788149621,0
2050,231,63,0.0330232685466757,0
2050,231,67,0.09292689131440672,0
2050,231,69,0.04734347395001507,0
2050,231,73,0.03300249823556071,0
2050,231,90,0.32347325744745536,0
2050,232,4,0.058785284862338485,0
2050,232,20,0.12270360693381234,0
2050,232,30,0.014972707876087031,0
2050,232,35,0.10834760979463909,0
2050,232,42,0.04028888914596191,0
2050,232,45,0.013505827029139687,0
2050,232,46,0.07521740890204807,0
2050,232,53,0.01620136919956227,0
2050,232,70,0.08850037399598641,0
2050,232,72,0.04321814896471771,0
2050,232,77,0.028094367204741753,0
2050,232,87,0.010940704919189298,0
2050,232,90,0.35436397551550713,0
2050,233,3,0.026560652489598567,0
2050,233,4,0.11042888474189991,0
2050,233,16,0.02129221990234771,0
2050,233,20,0.04933687726437648,0
2050,233,45,0.0414094022852611,0
2050,233,46,0.03456334704578751,0
2050,233,58,0.035765875772140944,0
2050,233,67,0.06789093857669824,0
2050,233,73,0.013477051935459146,0
2050,233,77,0.23612681030745142,0
2050,233,90,0.3440531522820176,0
2050,234,20,0.03279629013939002,0
2050,234,26,0.01989915862697974,0
2050,234,33,0.032585021740589755,0
2050,234,52,0.08350753979378361,0
2050,234,53,0.03178387283052397,0
2050,234,67,0.03977010154237253,0
2050,234,68,0.054088204972477474,0
2050,234,72,0.17793665289900795,0
2050,234,77,0.46853934016162574,0
2050,234,80,0.04526493451857137,0
2050,235,9,0.13399969027365627,0
2050,235,34,0.0942137158843603,0
2050,235,40,0.0681845966049906,0
2050,235,44,0.010460551912808844,0
2050,235,46,0.17193021180954582,0
2050,235,52,0.06756612627012819,0
2050,235,53,0.22654948980783665,0
2050,235,67,0.0511271290388744,0
2050,235,72,0.08739848181427763,0
2050,235,75,0.07726668539533638,0
2050,235,77,0.011303321188184924,0
2050,236,52,1.0,0
2050,237,7,0.02392356246448057,0
2050,237,9,0.11061821120795096,0
2050,237,12,0.04915195267048333,0
2050,237,27,0.10238780009075499,0
2050,237,30,0.05326834768185189,0
2050,237,33,0.06897499770741097,0
2050,237,41,0.06825236763583784,0
2050,237,46,0.1581912558290181,0
2050,237,52,0.1205268990580756,0
2050,237,55,0.08312447193408758,0
2050,237,84,0.08332761860187189,0
2050,237,88,0.053469451540292284,0
2050,238,12,0.01651729230699546,0
2050,238,27,0.17364140602309536,0
2050,238,34,0.04490617759648966,0
2050,238,40,0.020527700045717138,0
2050,238,44,0.05823942654165538,0
2050,238,46,0.31902480666768007,0
2050,238,52,0.01839819755848619,0
2050,238,53,0.013272001518307425,0
2050,238,55,0.07481060757829801,0
2050,238,62,0.025221715421580217,0
2050,238,72,0.05619615827950814,0
2050,238,84,0.111900386161435,0
2050,239,6,0.09469340918081753,0
2050,239,9,0.1862856986007745,0
2050,239,17,0.03145237581515592,0
2050,239,27,0.043243465398514314,0
2050,239,32,0.06340822397296514,0
2050,239,34,0.03519720706225055,0
2050,239,46,0.2227178992799281,0
2050,239,53,0.027188248158218874,0
2050,239,59,0.05036944802963962,0
2050,239,72,0.03833392157599285,0
2050,239,83,0.1584560170658279,0
2050,239,89,0.023265108844228694,0
2050,240,3,0.021244575035212952,0
2050,240,6,0.0805220889801108,0
2050,240,17,0.012158641295473609,0
2050,240,20,0.063170118129512,0
2050,240,25,0.035379169613572584,0
2050,240,28,0.019080528276033484,0
2050,240,34,0.0148463896635708,0
2050,240,45,0.06374385716641888,0
2050,240,46,0.010032225825268498,0
2050,240,57,0.06313027799661697,0
2050,240,58,0.04759407957941226,0
2050,240,59,0.018420220723684322,0
2050,240,82,0.021458672023462626,0
2050,240,83,0.5160787164699091,0
2050,241,83,1.0,0
2050,242,20,0.020587174859579345,0
2050,242,47,0.02894369008438822,0
2050,242,62,0.09441072396718507,0
2050,242,71,0.25070068733920353,0
2050,242,72,0.1521096558443389,0
2050,242,77,0.21621169405821253,0
2050,242,83,0.13681333429052198,0
2050,242,90,0.08518967589691817,0
2050,243,72,1.0,0
2050,244,7,0.01136801284348084,0
2050,244,9,0.10192543242491876,0
2050,244,27,0.13289744902999223,0
2050,244,34,0.03139144155942134,0
2050,244,42,0.09215585462454443,0
2050,244,45,0.025024387759181418,0
2050,244,46,0.07528280677725555,0
2050,244,52,0.03006515167547626,0
2050,244,53,0.09702346223906903,0
2050,244,55,0.034879847274892524,0
2050,244,72,0.07780270221546469,0
2050,244,83,0.11786582243827705,0
2050,244,84,0.04299055048493395,0
2050,245,9,0.04555513795942379,0
2050,245,10,0.036970601211721375,0
2050,245,25,0.03627798872165025,0
2050,245,27,0.014920224633936004,0
2050,245,41,0.015244435665416592,0
2050,245,42,0.08107869237646123,0
2050,245,45,0.0965274504971773,0
2050,245,49,0.025506541535082753,0
2050,245,53,0.0291646997700879,0
2050,245,56,0.026146179539094132,0
2050,245,59,0.1377509163067841,0
2050,245,67,0.0946040439567614,0
2050,245,73,0.030402822360423805,0
2050,245,88,0.16755079028858433,0
2050,246,3,0.03840957735548939,0
2050,246,40,0.03244850037113542,0
2050,246,45,0.15098481299062455,0
2050,246,46,0.14070086758983638,0
2050,246,73,0.1850770493441753,0
2050,246,74,0.19389820160789362,0
2050,246,76,0.05662133411722326,0
2050,246,77,0.03891110352365674,0
2050,246,90,0.11632765756949562,0
2050,247,9,0.08283389240134298,0
2050,247,16,0.023994368733156936,0
2050,247,30,0.016171582405832916,0
2050,247,46,0.21176241297747078,0
2050,247,61,0.026445204220490768,0
2050,247,72,0.060603512617503935,0
2050,247,73,0.1370658317860301,0
2050,247,74,0.16629616931520583,0
2050,247,76,0.20553961593807055,0
2050,247,80,0.020526390854363342,0
2050,248,3,0.02362879054848665,0
2050,248,6,0.016002688913776993,0
2050,248,9,0.11351445582767168,0
2050,248,11,0.01904817876740221,0
2050,248,26,0.0833615515725782,0
2050,248,40,0.03461329149491739,0
2050,248,46,0.06293572216398322,0
2050,248,52,0.0367399270077225,0
2050,248,53,0.16257765051284742,0
2050,248,72,0.0905444667401513,0
2050,248,86,0.11539533826827313,0
2050,248,88,0.11893782274041571,0
2050,248,89,0.09017954957180432,0
2050,249,53,1.0,0
2050,250,9,0.14612780123986607,0
2050,250,17,0.015773677445505733,0
2050,250,19,0.04906115301356255,0
2050,250,20,0.12720878216663237,0
2050,250,33,0.036812492205883895,0
2050,250,36,0.15484860324915098,0
2050,250,47,0.010555611330825844,0
2050,250,53,0.13416251699283718,0
2050,250,71,0.04779271566684138,0
2050,250,72,0.05925450202554279,0
2050,250,85,0.017937411507183,0
2050,250,88,0.14104349597947635,0
2050,251,10,0.06760034216961623,0
2050,251,19,0.10107504619352996,0
2050,251,20,0.17977688920934456,0
2050,251,28,0.06503932345664781,0
2050,251,38,0.023688469681847443,0
2050,251,45,0.012881969691247781,0
2050,251,52,0.012208824784553695,0
2050,251,78,0.06128842912699941,0
2050,251,82,0.038842004885244835,0
2050,251,83,0.15284924644404765,0
2050,251,88,0.12971976678870586,0
2050,252,4,0.015435818270819126,0
2050,252,12,0.07496980177052423,0
2050,252,20,0.1565803496640817,0
2050,252,30,0.07562310249381202,0
2050,252,45,0.014050732701383012,0
2050,252,46,0.0695851223369295,0
2050,252,51,0.033231796327151626,0
2050,252,52,0.04842061203349294,0
2050,252,72,0.04796086386902576,0
2050,252,74,0.017042936159031855,0
2050,252,76,0.0926016390542255,0
2050,252,78,0.011902664542510094,0
2050,252,83,0.011824928073417663,0
2050,252,90,0.15768867278143467,0
2050,253,4,0.09276085220434356,0
2050,253,12,0.1106430552787324,0
2050,253,17,0.12853388121162065,0
2050,253,30,0.05984173052890941,0
2050,253,35,0.029952832771977793,0
2050,253,46,0.05280996885724688,0
2050,253,72,0.02846557995171303,0
2050,253,76,0.1444141375659041,0
2050,253,77,0.2101319137697626,0
2050,253,90,0.11043061693538758,0
2050,254,6,0.05527833014043488,0
2050,254,17,0.12644286685024655,0
2050,254,25,0.013945190761223487,0
2050,254,45,0.09165820151203871,0
2050,254,53,0.093479779976584,0
2050,254,58,0.03561710812762128,0
2050,254,59,0.036048871528165716,0
2050,254,67,0.10599995065993602,0
2050,254,72,0.0341597736505316,0
2050,254,74,0.03711994473998376,0
2050,254,77,0.12547045634947873,0
2050,254,87,0.055720220102356284,0
2050,254,90,0.13233370553824922,0
2050,255,26,0.0769826532385669,0
2050,255,36,0.010031651735989033,0
2050,255,41,0.03775333796319801,0
2050,255,46,0.0749835929024799,0
2050,255,49,0.06995968498779272,0
2050,255,52,0.0967458360349383,0
2050,255,53,0.07034160092692353,0
2050,255,67,0.12840980665359888,0
2050,255,77,0.04255296191372189,0
2050,255,83,0.12776777536256212,0
2050,255,87,0.04596929986471106,0
2050,255,89,0.17073435502492318,0
2050,256,14,0.01623472624126292,0
2050,256,19,0.10751788885816511,0
2050,256,20,0.01583028569659568,0
2050,256,27,0.056691465871061233,0
2050,256,31,0.04100362257651253,0
2050,256,36,0.10085195195427667,0
2050,256,38,0.03273214743114402,0
2050,256,43,0.011221810213523193,0
2050,256,52,0.3833058929965203,0
2050,256,53,0.023059058117853096,0
2050,256,65,0.014926717944501629,0
2050,256,66,0.010882980463758265,0
2050,256,72,0.06722953312301798,0
2050,256,73,0.0825026909594073,0
2050,256,78,0.01311645813412376,0
2050,257,12,0.03050230799785192,0
2050,257,23,0.024958374457861074,0
2050,257,27,0.184069538984988,0
2050,257,28,0.17062133453323797,0
2050,257,29,0.043133842290701704,0
2050,257,36,0.036109588321895425,0
2050,257,52,0.3900180677217625,0
2050,257,56,0.1134938836455551,0
2050,258,27,1.0,0
2050,259,7,0.051811988188502536,0
2050,259,12,0.01664652102486922,0
2050,259,22,0.19897096140128648,0
2050,259,27,0.3369950323408263,0
2050,259,43,0.027060005110203535,0
2050,259,52,0.13122371382843187,0
2050,259,61,0.01127111806947154,0
2050,259,62,0.07822322042862917,0
2050,259,64,0.04927491726953861,0
2050,259,72,0.04886525455470676,0
2050,260,9,0.05007298613054155,0
2050,260,17,0.16161901552756847,0
2050,260,18,0.05915870301182265,0
2050,260,27,0.28383603198028684,0
2050,260,52,0.08029475158458582,0
2050,260,53,0.027816421519819928,0
2050,260,54,0.032683226793208356,0
2050,260,64,0.01607050220114176,0
2050,260,66,0.01926157749426693,0
2050,260,82,0.07183534330516941,0
2050,260,88,0.18277686832108814,0
2050,261,5,0.04051912285448451,0
2050,261,9,0.05819154281810474,0
2050,261,19,0.03592036670138238,0
2050,261,27,0.162026804782067,0
2050,261,36,0.1185557742400754,0
2050,261,45,0.10011061942866568,0
2050,261,59,0.10622741409776644,0
2050,261,83,0.22157753233121064,0
2050,261,85,0.154525409008875,0
2050,262,14,0.10699630987402087,0
2050,262,27,0.0762514122912842,0
2050,262,31,0.01606646516100681,0
2050,262,59,0.053805618509495105,0
2050,262,62,0.05945722828655643,0
2050,262,71,0.07387243726347113,0
2050,262,78,0.10443436448308838,0
2050,262,82,0.05176867600754095,0
2050,262,83,0.20984337433269806,0
2050,262,85,0.055816793348859896,0
2050,262,88,0.16573546404809747,0
2050,263,4,0.029529546473966307,0
2050,263,35,0.07818209635807268,0
2050,263,45,0.06791543425987581,0
2050,263,50,0.16093180831910328,0
2050,263,53,0.017996979568521095,0
2050,263,56,0.031998649830880084,0
2050,263,71,0.15362904906831776,0
2050,263,74,0.011012059987313803,0
2050,263,76,0.0900957454920774,0
2050,263,82,0.24301637805678133,0
2050,263,90,0.09059692447969427,0
2050,264,4,0.07448065588560772,0
2050,264,22,0.06254514961816453,0
2050,264,29,0.019836102804347982,0
2050,264,35,0.023298593984151673,0
2050,264,46,0.06844348077535747,0
2050,264,56,0.03223578637433998,0
2050,264,57,0.020321391801269833,0
2050,264,61,0.07777638748793825,0
2050,264,69,0.11577484048344165,0
2050,264,71,0.07415916200022814,0
2050,264,72,0.054855004329038656,0
2050,264,74,0.02550755424440886,0
2050,264,76,0.1942946857019526,0
2050,264,77,0.05228117678676048,0
2050,264,90,0.0,0
2050,265,7,0.06170237570119546,0
2050,265,9,0.152002611119706,0
2050,265,12,0.086443528210823,0
2050,265,13,0.033349486883492936,0
2050,265,22,0.017177222137595597,0
2050,265,25,0.022248442304556748,0
2050,265,28,0.016079202659633668,0
2050,265,40,0.04331929890771374,0
2050,265,45,0.02416882596732684,0
2050,265,52,0.08270495813285406,0
2050,265,60,0.012486894251554987,0
2050,265,65,0.0629866206613149,0
2050,265,72,0.07485027057056459,0
2050,265,73,0.09904068704080876,0
2050,265,90,0.08956093877715138,0
2050,266,2,0.01860723634885923,0
2050,266,12,0.0696372843475681,0
2050,266,14,0.2001415435400543,0
2050,266,21,0.12443915069715025,0
2050,266,27,0.03588657597357972,0
2050,266,30,0.15766149047254602,0
2050,266,40,0.037392407180505995,0
2050,266,45,0.03550780948985862,0
2050,266,46,0.04865519420938815,0
2050,266,50,0.0352480866007057,0
2050,266,51,0.015735347390131573,0
2050,266,82,0.04138243802961478,0
2050,267,4,0.03262534129291416,0
2050,267,9,0.030608027402091103,0
2050,267,11,0.02442886282720642,0
2050,267,15,0.04364179242753425,0
2050,267,17,0.045913872233606094,0
2050,267,27,0.02439286066058502,0
2050,267,34,0.07436725229657731,0
2050,267,42,0.06572300952903529,0
2050,267,46,0.16944336440574398,0
2050,267,50,0.2154983380721211,0
2050,267,61,0.06599422807259406,0
2050,267,82,0.14173339641213917,0
2050,267,86,0.03945177445052342,0
2050,267,88,0.010830444055849417,0
2050,268,18,0.047620265528396905,0
2050,268,41,0.033633834430492685,0
2050,268,42,0.07952151092454376,0
2050,268,50,0.04790252334527355,0
2050,268,53,0.07762847143855052,0
2050,268,59,0.031933793581128245,0
2050,268,69,0.022561657508315344,0
2050,268,71,0.08415418035841195,0
2050,268,73,0.07340099093641833,0
2050,268,77,0.03207874362836651,0
2050,268,82,0.4179819782258949,0
2050,268,83,0.033196812356950225,0
2050,269,82,1.0,0
2050,270,2,0.08504625865070814,0
2050,270,12,0.19201485509037877,0
2050,270,17,0.011715300735241154,0
2050,270,21,0.03161808548882039,0
2050,270,28,0.013124055168794519,0
2050,270,29,0.01303979645365817,0
2050,270,42,0.08439005812312744,0
2050,270,60,0.015901570965681473,0
2050,270,82,0.5405510165315851,0
2050,271,12,0.3764798067375138,0
2050,271,20,0.026077216210446667,0
2050,271,23,0.18965035151394438,0
2050,271,28,0.0246317849391895,0
2050,271,29,0.024641448949908197,0
2050,271,30,0.023376493013933734,0
2050,271,35,0.010149822125230282,0
2050,271,51,0.05006505591190879,0
2050,271,64,0.028687808944974275,0
2050,271,82,0.24472161224718444,0
2050,272,12,0.6092688725358021,0
2050,272,22,0.14817141407563222,0
2050,272,30,0.10606691709027892,0
2050,272,35,0.047044183420025615,0
2050,272,82,0.05800951118074627,0
2050,273,12,1.0,0
2050,274,5,0.09103740594250236,0
2050,274,9,0.020980775622991263,0
2050,274,10,0.015967470277012417,0
2050,274,11,0.036022797763116995,0
2050,274,12,0.4804600185708844,0
2050,274,19,0.10656504569570362,0
2050,274,36,0.07595490850656432,0
2050,274,38,0.07827499495413381,0
2050,274,45,0.010016329308395916,0
2050,274,59,0.0619548141751778,0
2050,274,81,0.01290691679394152,0
2050,275,5,0.1511795110112351,0
2050,275,10,0.020441185699380363,0
2050,275,12,0.1304497919252746,0
2050,275,19,0.24834021918337465,0
2050,275,36,0.07024789037288459,0
2050,275,38,0.08486685870855833,0
2050,275,59,0.06585710146514814,0
2050,275,71,0.027588064870271347,0
2050,275,83,0.12243811137289996,0
2050,275,88,0.061318894845586926,0
2050,276,71,1.0,0
2050,277,14,0.20227812908939752,0
2050,277,20,0.013772519181246022,0
2050,277,21,0.06233948006348251,0
2050,277,50,0.026445598363329492,0
2050,277,62,0.04981482607908555,0
2050,277,65,0.038721417331186836,0
2050,277,70,0.2564521866807002,0
2050,277,71,0.10931359409462725,0
2050,277,73,0.10115026356997753,0
2050,277,74,0.019601596522537897,0
2050,277,82,0.07231261057672746,0
2050,277,90,0.022648157411773066,0
2050,278,9,0.05753340804364743,0
2050,278,15,0.032325193111711795,0
2050,278,21,0.09738042965598417,0
2050,278,26,0.2487149842378316,0
2050,278,42,0.05714965949135194,0
2050,278,43,0.022749637275344178,0
2050,278,46,0.013111728472370793,0
2050,278,62,0.01921821264220663,0
2050,278,69,0.019961674024748924,0
2050,278,73,0.17183800743238195,0
2050,278,80,0.16968400937072578,0
2050,279,9,0.10625531726698823,0
2050,279,10,0.07227424324848161,0
2050,279,25,0.03386794700577166,0
2050,279,26,0.08810475476896938,0
2050,279,40,0.10695853911274454,0
2050,279,49,0.031222478131539128,0
2050,279,52,0.20458394466411436,0
2050,279,59,0.06398396369957535,0
2050,279,69,0.022709024551154453,0
2050,279,84,0.13395652323793916,0
2050,279,86,0.03952726951429385,0
2050,280,5,0.03431996199437509,0
2050,280,7,0.04737031184122843,0
2050,280,9,0.12140914412221586,0
2050,280,28,0.09942580830737519,0
2050,280,40,0.07135190729088353,0
2050,280,41,0.025772597441422202,0
2050,280,53,0.0839828583106004,0
2050,280,55,0.014068525187138328,0
2050,280,84,0.08709908381044366,0
2050,280,86,0.20161358991041833,0
2050,280,87,0.13286624793446516,0
2050,281,3,0.019874279541708267,0
2050,281,10,0.055009425829403685,0
2050,281,31,0.16609818477973445,0
2050,281,35,0.05865458260442071,0
2050,281,53,0.027437209280230218,0
2050,281,59,0.012459144814155679,0
2050,281,67,0.026978134717163555,0
2050,281,69,0.042041582216759785,0
2050,281,73,0.18381145845746272,0
2050,281,82,0.25176667618403,0
2050,281,86,0.051584164657390484,0
2050,281,87,0.054057422669152866,0
2050,282,3,0.011923002481153177,0
2050,282,15,0.038105186892430094,0
2050,282,31,0.04311906763508838,0
2050,282,32,0.020045174867145348,0
2050,282,69,0.21490666003406908,0
2050,282,70,0.13232449765235213,0
2050,282,73,0.021260952877511057,0
2050,282,76,0.04513965406399455,0
2050,282,78,0.07570667275085356,0
2050,282,82,0.24657444931016245,0
2050,282,83,0.01721810333936029,0
2050,282,90,0.0882654162207422,0
2050,283,4,0.10086235481169088,0
2050,283,15,0.04827562781922348,0
2050,283,16,0.06849520295665026,0
2050,283,21,0.09364356580877817,0
2050,283,22,0.16067449015923535,0
2050,283,33,0.05996637456741758,0
2050,283,43,0.019223033253214616,0
2050,283,45,0.02034871360970342,0
2050,283,51,0.03999798556644326,0
2050,283,70,0.23174656853796405,0
2050,283,82,0.028071183581817104,0
2050,283,86,0.07027649286553042,0
2050,284,4,0.1704874661507305,0
2050,284,12,0.1364187573671716,0
2050,284,15,0.025556686795610288,0
2050,284,17,0.015232562857515706,0
2050,284,22,0.0934685121606239,0
2050,284,33,0.13577341516611832,0
2050,284,53,0.22734900878812572,0
2050,284,63,0.019388044287435846,0
2050,284,68,0.03908932292355892,0
2050,284,86,0.12846551998898997,0
2050,285,3,0.011550195468072913,0
2050,285,10,0.025315436939213818,0
2050,285,12,0.06488764086330183,0
2050,285,13,0.010081439901744847,0
2050,285,31,0.10165212345790006,0
2050,285,32,0.010358643848278762,0
2050,285,35,0.09820646723053865,0
2050,285,53,0.08087676688034602,0
2050,285,67,0.0414404826393738,0
2050,285,69,0.1002691219852347,0
2050,285,72,0.021623683789540035,0
2050,285,73,0.21785646541255507,0
2050,285,77,0.053928580873342534,0
2050,285,86,0.12162152344986893,0
2050,285,87,0.031834631906069104,0
2050,286,86,1.0,0
2050,287,3,0.06665018897216048,0
2050,287,7,0.011341860276456114,0
2050,287,33,0.032455712405595014,0
2050,287,50,0.05926038589790558,0
2050,287,52,0.01514607106446801,0
2050,287,56,0.11141176668856347,0
2050,287,58,0.010635265434595852,0
2050,287,61,0.01863668047217518,0
2050,287,63,0.06422301619311911,0
2050,287,82,0.14283911838467406,0
2050,287,86,0.387384363976525,0
2050,288,17,0.027463942017955826,0
2050,288,18,0.05284904012589076,0
2050,288,28,0.02076270544777653,0
2050,288,52,0.06930125571824067,0
2050,288,56,0.06265677546309291,0
2050,288,63,0.06324605216825879,0
2050,288,66,0.07299929109738808,0
2050,288,82,0.0943017598750666,0
2050,288,86,0.050626005972713696,0
2050,288,87,0.46196536774504354,0
2050,289,87,1.0,0
2050,290,73,1.0,0
2050,291,69,1.0,0
2050,292,70,1.0,0
2050,293,23,0.021095873130118206,0
2050,293,31,0.055749580360198864,0
2050,293,42,0.0443178103463756,0
2050,293,50,0.052133206784051714,0
2050,293,61,0.02470843587897131,0
2050,293,63,0.03599589703412294,0
2050,293,64,0.03630581782269464,0
2050,293,65,0.14827780548497194,0
2050,293,70,0.2791716050560438,0
2050,293,73,0.08768990023978276,0
2050,293,82,0.07716119622896443,0
2050,294,3,0.11111066930171082,0
2050,294,15,0.10191246919288904,0
2050,294,16,0.06171569708856044,0
2050,294,17,0.028710710069866006,0
2050,294,19,0.02761124551829138,0
2050,294,40,0.152845983746969,0
2050,294,49,0.043578818638264946,0
2050,294,50,0.011385170102860514,0
2050,294,56,0.03450234809374553,0
2050,294,58,0.10202694183710465,0
2050,294,61,0.03454526044279664,0
2050,294,73,0.05183834868918164,0
2050,294,74,0.02299439172920845,0
2050,294,82,0.04351786233277353,0
2050,294,86,0.0,0
2050,295,11,0.17239918952356187,0
2050,295,16,0.13283961304455802,0
2050,295,19,0.010108945718231389,0
2050,295,39,0.12456399729744845,0
2050,295,44,0.046044362925689336,0
2050,295,50,0.02770211933308975,0
2050,295,56,0.17506434987926678,0
2050,295,59,0.09807131915009877,0
2050,295,88,0.03084194354184716,0
2050,295,89,0.12136656419946412,0
2050,296,8,0.19287853412248596,0
2050,296,11,0.04051633629626995,0
2050,296,19,0.18440898149106325,0
2050,296,28,0.10649589763748522,0
2050,296,39,0.08165889305457429,0
2050,296,49,0.07279123525923407,0
2050,296,63,0.054919986262967256,0
2050,296,78,0.04419574183866399,0
2050,296,83,0.05149449295835569,0
2050,296,87,0.1524517248475926,0
2050,297,3,0.11805049471289925,0
2050,297,15,0.07319671894665533,0
2050,297,53,0.014990144842752826,0
2050,297,58,0.2710300058043685,0
2050,297,73,0.10263647002368194,0
2050,297,74,0.1422005317738664,0
2050,297,77,0.027174199233815963,0
2050,297,83,0.11344378917799092,0
2050,297,84,0.013807452620498121,0
2050,297,87,0.044481109813267174,0
2050,297,89,0.04516948837616966,0
2050,298,6,0.058376223519934586,0
2050,298,10,0.05894839600238446,0
2050,298,19,0.04959434156704768,0
2050,298,20,0.014076933200738447,0
2050,298,28,0.028821066525628613,0
2050,298,39,0.015724149277786422,0
2050,298,59,0.20018184399370445,0
2050,298,63,0.03145495666299116,0
2050,298,69,0.09435599048767997,0
2050,298,73,0.08806445194524368,0
2050,298,78,0.06554238334358706,0
2050,298,83,0.1897273131106797,0
2050,298,89,0.09465201414683591,0
2050,299,14,0.017980866208572737,0
2050,299,15,0.040149648351384896,0
2050,299,19,0.0840151319525909,0
2050,299,26,0.134321852296084,0
2050,299,30,0.1405754496361966,0
2050,299,46,0.016196555310848022,0
2050,299,55,0.13479924676933597,0
2050,299,65,0.0794466733603368,0
2050,299,74,0.017868411410469402,0
2050,299,78,0.06652262378601206,0
2050,299,83,0.2308708602853046,0
2050,300,10,0.05294161085483966,0
2050,300,16,0.06466576423179603,0
2050,300,19,0.060062735416295955,0
2050,300,27,0.029090082368776398,0
2050,300,39,0.011580965318720693,0
2050,300,55,0.14596136323314618,0
2050,300,62,0.02214033371142599,0
2050,300,65,0.1400297040576751,0
2050,300,74,0.04145811019926459,0
2050,300,75,0.062268702856738176,0
2050,300,80,0.1318213609283389,0
2050,300,83,0.10430382542513748,0
2050,301,2,0.028718391007384887,0
2050,301,6,0.05261133095760341,0
2050,301,7,0.03751239450346318,0
2050,301,40,0.11153438810568528,0
2050,301,43,0.039005363430194166,0
2050,301,52,0.19682919192864332,0
2050,301,58,0.05841640296462569,0
2050,301,63,0.15246639319515548,0
2050,301,73,0.1847566412020938,0
2050,301,74,0.040504137132210134,0
2050,301,86,0.0,0
2050,302,4,0.11892337204094855,0
2050,302,8,0.013004666267891866,0
2050,302,14,0.05167687346816496,0
2050,302,16,0.06793188556159566,0
2050,302,19,0.07345308152516808,0
2050,302,26,0.08614921792618632,0
2050,302,30,0.11913729585171137,0
2050,302,45,0.03375814862169858,0
2050,302,46,0.016368842919744876,0
2050,302,69,0.1491229581323153,0
2050,302,70,0.03102704237137882,0
2050,302,74,0.08263563361703377,0
2050,302,76,0.036508765215436195,0
2050,302,83,0.02686551947514156,0
2050,302,87,0.05972698661819724,0
2050,303,4,0.09050984725275779,0
2050,303,6,0.032913724178999806,0
2050,303,11,0.030293405762179572,0
2050,303,15,0.09514409053246452,0
2050,303,16,0.18240182118486462,0
2050,303,34,0.015797807767297965,0
2050,303,46,0.0559564569300662,0
2050,303,70,0.021269606860525918,0
2050,303,74,0.2592895180037047,0
2050,303,75,0.02450779849574101,0
2050,303,77,0.06499188569650462,0
2050,303,80,0.032196805634720306,0
2050,303,86,0.052050453084708966,0
2050,303,90,0.01157699765075176,0
2050,304,3,0.02299255000833142,0
2050,304,11,0.1387031981481187,0
2050,304,12,0.041949505656195755,0
2050,304,16,0.06517833337106813,0
2050,304,17,0.14401192574728672,0
2050,304,19,0.3541517887552283,0
2050,304,42,0.011995286096888134,0
2050,304,53,0.021535574041549644,0
2050,304,68,0.0580178147305481,0
2050,304,77,0.08033478050583212,0
2050,304,86,0.017754880786995754,0
2050,304,88,0.01552607582595623,0
2050,305,19,1.0,0
2050,306,6,0.023282818822487977,0
2050,306,14,0.016782398832595948,0
2050,306,19,0.43571517155774553,0
2050,306,26,0.024240352375309686,0
2050,306,36,0.05007711476190508,0
2050,306,38,0.1110250879482651,0
2050,306,47,0.04131793938686683,0
2050,306,62,0.18418968121798066,0
2050,306,69,0.013358424509948631,0
2050,306,83,0.09900455132922543,0
2050,307,19,0.13969064236702058,0
2050,307,38,0.017673771775192474,0
2050,307,47,0.029000271997470087,0
2050,307,48,0.05411394906844278,0
2050,307,62,0.4900050951869625,0
2050,307,71,0.16000059694681865,0
2050,307,80,0.0608038248682108,0
2050,308,62,1.0,0
2050,309,6,0.035478473364286084,0
2050,309,30,0.013749280632896183,0
2050,309,46,0.03215023314203122,0
2050,309,62,0.39209120110278395,0
2050,309,73,0.031471207777187295,0
2050,309,74,0.15600613757513326,0
2050,309,76,0.12379298003272932,0
2050,309,80,0.19075796758782299,0
2050,310,6,0.10162837604320822,0
2050,310,15,0.05841845628262679,0
2050,310,30,0.14633523022397094,0
2050,310,34,0.04407940508359155,0
2050,310,46,0.071739517884898,0
2050,310,62,0.1778884531344257,0
2050,310,74,0.1439041091086922,0
2050,310,76,0.06492512357403558,0
2050,310,80,0.12381273319955685,0
2050,310,84,0.04089008368060539,0
2050,311,6,0.16685593906907492,0
2050,311,9,0.013147004051635847,0
2050,311,30,0.11784661079970497,0
2050,311,36,0.01565580501243595,0
2050,311,44,0.06581169881244266,0
2050,311,46,0.03575419655339498,0
2050,311,59,0.1644766656930404,0
2050,311,62,0.1317369537264232,0
2050,311,80,0.054959624670180035,0
2050,311,84,0.057221206015317605,0
2050,311,89,0.1451375938603418,0
2050,312,6,0.09661396825610952,0
2050,312,10,0.05196911452448222,0
2050,312,25,0.03656944299789199,0
2050,312,26,0.17170020138098976,0
2050,312,28,0.08147464890795975,0
2050,312,30,0.12217868789241644,0
2050,312,46,0.017664875455756596,0
2050,312,49,0.09441832529479349,0
2050,312,52,0.12111250086142224,0
2050,312,83,0.06479259030460921,0
2050,312,84,0.0,0
2050,312,87,0.03412447332853745,0
2050,312,89,0.1020348235648318,0
2050,313,6,0.13897028704367168,0
2050,313,11,0.04785210857573762,0
2050,313,17,0.21967778637622393,0
2050,313,30,0.10003994885093005,0
2050,313,52,0.019302973587173252,0
2050,313,53,0.034021059876870346,0
2050,313,67,0.11132110115500411,0
2050,313,84,0.07622046036063349,0
2050,313,89,0.24056236586102703,0
2050,314,7,0.07555709256598939,0
2050,314,28,0.1622866069147896,0
2050,314,30,0.1880449158078333,0
2050,314,41,0.16269910435428503,0
2050,314,53,0.015870336466804035,0
2050,314,57,0.012858211854181479,0
2050,314,63,0.019889662534112416,0
2050,314,88,0.08486742326641931,0
2050,314,89,0.2568970497415378,0
2050,315,8,0.05972302665493827,0
2050,315,28,0.11399223117348499,0
2050,315,30,0.13461100722498895,0
2050,315,41,0.2559281096289245,0
2050,315,53,0.03179791089535949,0
2050,315,57,0.0485774234522171,0
2050,315,59,0.03512825862743499,0
2050,315,67,0.09702479993284586,0
2050,315,84,0.08932237075000411,0
2050,315,87,0.050119651655711556,0
2050,315,89,0.04911986573903362,0
2050,316,6,0.14353450790673858,0
2050,316,17,0.07028099357726707,0
2050,316,25,0.03758039274715402,0
2050,316,30,0.16297151365592813,0
2050,316,41,0.04882608206720897,0
2050,316,59,0.14866687300028983,0
2050,316,67,0.09780248352232453,0
2050,316,74,0.06261717749540467,0
2050,316,87,0.1740446121312762,0
2050,316,89,0.03879608712168765,0
2050,317,6,0.09049138863179408,0
2050,317,9,0.032507033162982285,0
2050,317,17,0.16556536053669402,0
2050,317,30,0.08213418287903962,0
2050,317,34,0.03637286814107315,0
2050,317,59,0.056352799651630536,0
2050,317,67,0.11392554484698122,0
2050,317,80,0.0852357463419221,0
2050,317,84,0.3212205208894899,0
2050,318,17,0.0182228183319146,0
2050,318,28,0.1205480613575314,0
2050,318,30,0.20688422838116607,0
2050,318,36,0.15455767684357327,0
2050,318,41,0.0358046082250677,0
2050,318,53,0.07610624506065065,0
2050,318,67,0.02644856336422756,0
2050,318,84,0.10292188491240356,0
2050,318,88,0.06521038148170262,0
2050,318,89,0.176329272993186,0
2050,319,30,1.0,0
2050,320,3,0.03916133417912695,0
2050,320,6,0.03475103836910613,0
2050,320,17,0.3312234651628109,0
2050,320,30,0.084842555334197,0
2050,320,34,0.08429561398492863,0
2050,320,41,0.10983946920947683,0
2050,320,44,0.01735815458171802,0
2050,320,53,0.0527772317404395,0
2050,320,58,0.1609389324593817,0
2050,320,67,0.04299306358081676,0
2050,320,80,0.03131252131916463,0
2050,321,28,0.0447993291229886,0
2050,321,30,0.24259235641723456,0
2050,321,36,0.03009134545108909,0
2050,321,44,0.06660369349204703,0
2050,321,52,0.014243089417034421,0
2050,321,55,0.04953120705769903,0
2050,321,62,0.053542890173282266,0
2050,321,84,0.1415677461117275,0
2050,321,89,0.2770115737484919,0
2050,322,7,0.11827530008417943,0
2050,322,9,0.06964929199599555,0
2050,322,17,0.23137877328759687,0
2050,322,28,0.10176259158749341,0
2050,322,30,0.268940692024426,0
2050,322,39,0.01572505851291684,0
2050,322,41,0.017651249923477785,0
2050,322,53,0.03313862720189567,0
2050,322,55,0.020798089268074846,0
2050,322,84,0.01823845462082247,0
2050,322,89,0.08229145273564431,0
2050,323,7,0.08235405052995833,0
2050,323,9,0.070476750918708,0
2050,323,17,0.10162880466504437,0
2050,323,26,0.014114627118189598,0
2050,323,28,0.06169898225248957,0
2050,323,30,0.379168503259959,0
2050,323,36,0.133636988903896,0
2050,323,53,0.07267343558488532,0
2050,323,84,0.04441934280993509,0
2050,323,89,0.030527621485403268,0
2050,324,16,0.27072742138458006,0
2050,324,17,0.13143633733582893,0
2050,324,23,0.04045501203549022,0
2050,324,28,0.04611923077723832,0
2050,324,30,0.39344006013689753,0
2050,324,35,0.03220576687456866,0
2050,324,51,0.05028088809920472,0
2050,324,56,0.03015897236358492,0
2050,325,16,1.0,0
2050,326,68,1.0,0
2050,327,74,1.0,0
2050,328,6,0.04065611874069951,0
2050,328,11,0.021892345435187376,0
2050,328,16,0.10564866190205675,0
2050,328,17,0.10627047815407531,0
2050,328,26,0.036481209946129065,0
2050,328,28,0.023574376516322944,0
2050,328,32,0.04999474150581299,0
2050,328,50,0.023920249205507355,0
2050,328,59,0.20700680024941528,0
2050,328,68,0.02105294344789174,0
2050,328,84,0.32571074767369196,0
2050,328,86,0.02406160360864882,0
2050,329,2,0.08927038195318576,0
2050,329,6,0.05811659123273802,0
2050,329,14,0.02390072539236549,0
2050,329,16,0.14429477978474128,0
2050,329,19,0.08196366928503196,0
2050,329,23,0.12793109945145237,0
2050,329,26,0.11622883511557723,0
2050,329,27,0.04507404969504991,0
2050,329,39,0.03888381005841611,0
2050,329,40,0.02199907293496314,0
2050,329,49,0.03516000932041702,0
2050,329,84,0.14725194484412127,0
2050,329,89,0.030724472853938797,0
2050,330,4,0.20286707412192112,0
2050,330,13,0.04682914982723993,0
2050,330,14,0.016123415240654665,0
2050,330,16,0.16196241932469574,0
2050,330,19,0.15604784827773743,0
2050,330,21,0.0401464394428314,0
2050,330,24,0.13393354296945992,0
2050,330,40,0.06700705440879705,0
2050,330,49,0.06286871903282379,0
2050,330,60,0.06474348710814808,0
2050,330,65,0.03701603072560149,0
2050,331,2,0.013652897065714528,0
2050,331,6,0.09034763608955822,0
2050,331,11,0.1073912251099415,0
2050,331,16,0.17971287729961327,0
2050,331,28,0.07283950193186241,0
2050,331,49,0.22620439663907277,0
2050,331,56,0.30651067684369554,0
2050,332,2,0.023526955676527198,0
2050,332,6,0.09155181044311317,0
2050,332,7,0.027652329341462847,0
2050,332,16,0.10016788360957232,0
2050,332,28,0.04263013136764414,0
2050,332,68,0.14247221566701793,0
2050,332,84,0.1867306277923895,0
2050,332,89,0.37551359418341346,0
2050,333,6,0.09345822012553286,0
2050,333,7,0.03766461748007249,0
2050,333,17,0.30531168400398007,0
2050,333,28,0.1836294290262992,0
2050,333,36,0.10951106751736016,0
2050,333,54,0.015878367432415066,0
2050,333,84,0.0668147304607719,0
2050,333,89,0.16535820760939823,0
2050,334,7,0.07389512446065748,0
2050,334,17,0.07194226297623926,0
2050,334,28,0.36139917110748787,0
2050,334,36,0.3424692087591591,0
2050,334,44,0.01959632761625893,0
2050,334,54,0.04358801192059933,0
2050,334,89,0.08710989315959775,0
2050,335,28,1.0,0
2050,336,41,1.0,0
2050,337,6,0.2912863533064849,0
2050,337,26,0.15376258397979567,0
2050,337,41,0.18117414495514061,0
2050,337,48,0.013368728913272988,0
2050,337,62,0.08925469497767563,0
2050,337,78,0.1153384402158269,0
2050,337,79,0.014950719424679598,0
2050,337,84,0.12888200628719695,0
2050,338,6,0.5228327270733549,0
2050,338,28,0.07772936622270672,0
2050,338,41,0.045911710015562476,0
2050,338,59,0.04548065750350054,0
2050,338,84,0.06288748742117646,0
2050,338,89,0.22251738512619926,0
2050,339,5,0.033295373664120095,0
2050,339,6,0.2689148065959979,0
2050,339,36,0.06327915476754753,0
2050,339,41,0.07489197053506128,0
2050,339,84,0.4313045824737432,0
2050,339,89,0.11982119712354627,0
2050,340,2,0.07322108213605814,0
2050,340,6,0.28706668197099633,0
2050,340,28,0.06382861910074246,0
2050,340,36,0.14944125954364657,0
2050,340,41,0.06237280993222778,0
2050,340,84,0.35850144685190943,0
2050,341,6,0.33833816770124453,0
2050,341,14,0.1530170192635719,0
2050,341,19,0.016982616503255017,0
2050,341,26,0.11620746649716074,0
2050,341,28,0.06870482789038455,0
2050,341,78,0.11895797407454758,0
2050,341,84,0.18779192806983558,0
2050,342,6,0.2513993762801357,0
2050,342,15,0.04102207385517739,0
2050,342,34,0.10746145907747397,0
2050,342,40,0.03839004088487008,0
2050,342,41,0.15037669056249306,0
2050,342,58,0.04482186827277075,0
2050,342,61,0.02725050274315134,0
2050,342,80,0.057086177056020114,0
2050,342,84,0.2627692169859189,0
2050,343,6,0.3166436026852653,0
2050,343,10,0.017243355639762238,0
2050,343,28,0.06458866406356169,0
2050,343,41,0.06845670219119025,0
2050,343,49,0.06379664842903025,0
2050,343,59,0.10134203656820695,0
2050,343,84,0.34501675472179827,0
2050,343,85,0.010297753659630851,0
2050,344,2,0.052386779048269626,0
2050,344,6,0.25635233004303815,0
2050,344,11,0.12045565049965153,0
2050,344,28,0.045991052033827425,0
2050,344,36,0.07308503939674346,0
2050,344,41,0.016217134703551385,0
2050,344,56,0.13780353068110912,0
2050,344,59,0.02482937417707375,0
2050,344,84,0.26087718121968145,0
2050,344,89,0.012001928197054085,0
2050,345,2,0.07799253812820077,0
2050,345,6,0.23012491925950015,0
2050,345,26,0.0764263429660056,0
2050,345,28,0.03886791274964664,0
2050,345,30,0.012029894761884999,0
2050,345,41,0.08783575727307516,0
2050,345,84,0.13515615510147197,0
2050,345,89,0.331744572200912,0
2050,346,6,0.2933772844657364,0
2050,346,8,0.03412119279077901,0
2050,346,13,0.2490120275714013,0
2050,346,28,0.12557820008541534,0
2050,346,30,0.09372496608368644,0
2050,346,36,0.09170321170576362,0
2050,346,79,0.020378831541980606,0
2050,346,85,0.07840615515784444,0
2050,346,87,0.013698130597392794,0
2050,347,13,1.0,0
2050,348,6,0.09058112648854699,0
2050,348,13,0.26531753138057274,0
2050,348,14,0.09734713279662427,0
2050,348,26,0.2486533672337965,0
2050,348,31,0.24502350658019734,0
2050,348,73,0.012590351909747988,0
2050,348,78,0.03644854308883648,0
2050,349,6,0.3268920859352963,0
2050,349,13,0.02337415853270513,0
2050,349,14,0.11762481830186142,0
2050,349,22,0.01636587671469086,0
2050,349,26,0.04822461874693124,0
2050,349,31,0.16058880187735727,0
2050,349,62,0.12769264566895355,0
2050,349,74,0.1378986928770284,0
2050,350,6,0.34747086768497215,0
2050,350,15,0.04503842134878482,0
2050,350,16,0.13442191772869597,0
2050,350,22,0.014423873676238149,0
2050,350,24,0.026937287408704033,0
2050,350,26,0.03768285809946547,0
2050,350,61,0.02126910460765983,0
2050,350,62,0.0827006512245836,0
2050,350,84,0.24073339609803898,0
2050,351,6,0.577608818978964,0
2050,351,7,0.041200809081243676,0
2050,351,13,0.12133615836245881,0
2050,351,15,0.020703090359615935,0
2050,351,26,0.09774241941886952,0
2050,351,30,0.03809797477421,0
2050,351,61,0.07785556241744751,0
2050,351,68,0.02545516660719053,0
2050,352,6,1.0,0
2050,353,6,0.5417023597888373,0
2050,353,26,0.18306497099181018,0
2050,353,84,0.2676293311342767,0
2050,354,2,0.08044792899189764,0
2050,354,6,0.44688948903884707,0
2050,354,28,0.04223670664615771,0
2050,354,36,0.01566875959427083,0
2050,354,84,0.4147571157288267,0
2050,355,2,0.09413485520385981,0
2050,355,6,0.3394297794040269,0
2050,355,28,0.15723811212330802,0
2050,355,84,0.3636909984589028,0
2050,355,89,0.045506254809902315,0
2050,356,6,0.2832468474267853,0
2050,356,7,0.16331146661196017,0
2050,356,28,0.1679813340370943,0
2050,356,36,0.015510987186165337,0
2050,356,84,0.36725535663523706,0
2050,357,6,0.32508835830914884,0
2050,357,7,0.055906570743061865,0
2050,357,10,0.01319059852597023,0
2050,357,28,0.13199533350882392,0
2050,357,41,0.049532873241046174,0
2050,357,84,0.3521557028192208,0
2050,357,89,0.07213056285272719,0
2050,358,84,1.0,0
2050,359,2,0.10231831662320971,0
2050,359,6,0.16543144102655483,0
2050,359,27,0.08982416616979787,0
2050,359,28,0.03744135923860202,0
2050,359,36,0.08772409159194838,0
2050,359,59,0.018552211033694355,0
2050,359,84,0.3959571454346811,0
2050,359,85,0.0835072088446331,0
2050,360,2,0.029447053935840635,0
2050,360,6,0.02136350210658549,0
2050,360,24,0.05601035847207648,0
2050,360,26,0.12282550452318525,0
2050,360,27,0.09663563921932303,0
2050,360,41,0.17384206550225567,0
2050,360,54,0.02664446118122077,0
2050,360,62,0.061835847441503895,0
2050,360,65,0.05344744981528849,0
2050,360,80,0.01425626958081528,0
2050,360,84,0.20184921580200507,0
2050,360,85,0.05662484569095023,0
2050,360,89,0.06772431862385211,0
2050,361,2,0.08430146598909857,0
2050,361,6,0.0875269844133923,0
2050,361,9,0.06964642874944472,0
2050,361,13,0.2279231545756115,0
2050,361,17,0.03423579880815657,0
2050,361,26,0.1409271746025588,0
2050,361,34,0.020972924547639743,0
2050,361,40,0.11307337001665589,0
2050,361,68,0.05673362481825191,0
2050,361,73,0.06708194696822871,0
2050,361,75,0.01712681012013043,0
2050,361,84,0.08045031639083089,0
2050,362,26,1.0,0
2050,363,6,0.16990385872077735,0
2050,363,11,0.0207668753008105,0
2050,363,13,0.02353514493373328,0
2050,363,17,0.03213917023993502,0
2050,363,26,0.11928653257815816,0
2050,363,40,0.11100619224757736,0
2050,363,41,0.12961971055537708,0
2050,363,53,0.0775942733143549,0
2050,363,58,0.1571245792513166,0
2050,363,68,0.011888997791005497,0
2050,363,73,0.028995280428053098,0
2050,363,75,0.019269542927921553,0
2050,363,84,0.08033788775854393,0
2050,363,86,0.01365969813644592,0
2050,364,6,0.14197948626697932,0
2050,364,7,0.056755456983237716,0
2050,364,11,0.14316651323254606,0
2050,364,12,0.04726524479215554,0
2050,364,16,0.11998498118160053,0
2050,364,17,0.05032804883447401,0
2050,364,18,0.01837568525220829,0
2050,364,26,0.01066083340396052,0
2050,364,27,0.07372310395480294,0
2050,364,36,0.02625529639580964,0
2050,364,49,0.07089352560341605,0
2050,364,58,0.02267241366036902,0
2050,364,68,0.10301004138795089,0
2050,364,84,0.10117103292673293,0
2050,365,6,0.1985515800543461,0
2050,365,11,0.0467567696519513,0
2050,365,12,0.0771014768930864,0
2050,365,28,0.06810099400461567,0
2050,365,36,0.0592390693073995,0
2050,365,49,0.0434334539572183,0
2050,365,53,0.016492182519502047,0
2050,365,58,0.0824350310603479,0
2050,365,68,0.11654771557175363,0
2050,365,84,0.13190791017272258,0
2050,365,89,0.15543349083566,0
