rep_period,timestep,year,profile_name,value
1,1,2030,demand,0.5096755762447667
1,2,2030,demand,0.500723617831138
1,3,2030,demand,0.49189009519621174
1,4,2030,demand,0.48257771241455955
1,5,2030,demand,0.48836516596305285
1,6,2030,demand,0.5038249636280041
1,7,2030,demand,0.5288286329182613
1,8,2030,demand,0.5627115343269885
1,9,2030,demand,0.5961249608325541
1,10,2030,demand,0.6201085556894984
1,11,2030,demand,0.634708364710553
1,12,2030,demand,0.6415663291377197
1,13,2030,demand,0.6399320632041308
1,14,2030,demand,0.6295764022512872
1,15,2030,demand,0.6206656395310499
1,16,2030,demand,0.6162914982432844
1,17,2030,demand,0.6148831479745552
1,18,2030,demand,0.6173322159933294
1,19,2030,demand,0.6256439691225826
1,20,2030,demand,0.6345406099384278
1,21,2030,demand,0.6297781308440057
1,22,2030,demand,0.5964283839644263
1,23,2030,demand,0.5553434244624432
1,24,2030,demand,0.5430402197525699
1,1,2030,solar,0.0
1,2,2030,solar,0.0
1,3,2030,solar,0.0
1,4,2030,solar,0.0
1,5,2030,solar,0.0
1,6,2030,solar,9.226238977340818e-5
1,7,2030,solar,0.010870757658892904
1,8,2030,solar,0.0981600766559984
1,9,2030,solar,0.26389861659983554
1,10,2030,solar,0.43018985480024396
1,11,2030,solar,0.5444458294737831
1,12,2030,solar,0.618935369337262
1,13,2030,solar,0.6424299141990703
1,14,2030,solar,0.6213809853454331
1,15,2030,solar,0.5551131915650166
1,16,2030,solar,0.45135304669074994
1,17,2030,solar,0.31097192243489774
1,18,2030,solar,0.15490032989759278
1,19,2030,solar,0.03890205486222841
1,20,2030,solar,0.0013738071854963879
1,21,2030,solar,0.0
1,22,2030,solar,0.0
1,23,2030,solar,0.0
1,24,2030,solar,0.0
1,1,2030,wind_offshore,0.5122112780764145
1,2,2030,wind_offshore,0.5204415656665612
1,3,2030,wind_offshore,0.5280620388045104
1,4,2030,wind_offshore,0.5365101852485373
1,5,2030,wind_offshore,0.5402542547570347
1,6,2030,wind_offshore,0.5445807517146698
1,7,2030,wind_offshore,0.5541436594052978
1,8,2030,wind_offshore,0.563610006928377
1,9,2030,wind_offshore,0.5671814231811326
1,10,2030,wind_offshore,0.571526932079598
1,11,2030,wind_offshore,0.5705112818718426
1,12,2030,wind_offshore,0.5805167196988515
1,13,2030,wind_offshore,0.5939578044155857
1,14,2030,wind_offshore,0.6105983103559743
1,15,2030,wind_offshore,0.6202496566161756
1,16,2030,wind_offshore,0.6320175127080724
1,17,2030,wind_offshore,0.6427159621042455
1,18,2030,wind_offshore,0.6525829745333962
1,19,2030,wind_offshore,0.6577913580525844
1,20,2030,wind_offshore,0.6550203559323383
1,21,2030,wind_offshore,0.6475019040220309
1,22,2030,wind_offshore,0.6394281679846456
1,23,2030,wind_offshore,0.602205389007145
1,24,2030,wind_offshore,0.5901424983667976
1,1,2030,wind_onshore,0.2205837794341878
1,2,2030,wind_onshore,0.2121333425211714
1,3,2030,wind_onshore,0.20346139392540236
1,4,2030,wind_onshore,0.1960261195125034
1,5,2030,wind_onshore,0.1898946421203562
1,6,2030,wind_onshore,0.18561375367579408
1,7,2030,wind_onshore,0.18157412826244937
1,8,2030,wind_onshore,0.1746060610322359
1,9,2030,wind_onshore,0.1695229455718325
1,10,2030,wind_onshore,0.1708629647625415
1,11,2030,wind_onshore,0.17072178779675518
1,12,2030,wind_onshore,0.18428115951025256
1,13,2030,wind_onshore,0.20007567018703393
1,14,2030,wind_onshore,0.21670541734581758
1,15,2030,wind_onshore,0.23273525140055057
1,16,2030,wind_onshore,0.2455863118382639
1,17,2030,wind_onshore,0.25521106364201807
1,18,2030,wind_onshore,0.26329007539988203
1,19,2030,wind_onshore,0.26914984365408207
1,20,2030,wind_onshore,0.2754573732929156
1,21,2030,wind_onshore,0.27795377173324826
1,22,2030,wind_onshore,0.2696366878218974
1,23,2030,wind_onshore,0.2487646918620508
1,24,2030,wind_onshore,0.24143804660371798
2,1,2030,demand,0.5105263519205571
2,2,2030,demand,0.4989722484169307
2,3,2030,demand,0.48892286932807755
2,4,2030,demand,0.47890835762728584
2,5,2030,demand,0.4826561210270652
2,6,2030,demand,0.49821461550674573
2,7,2030,demand,0.5245582822092368
2,8,2030,demand,0.5601378261417767
2,9,2030,demand,0.5948796594891393
2,10,2030,demand,0.6203954341412504
2,11,2030,demand,0.6341451452482907
2,12,2030,demand,0.6395130503772197
2,13,2030,demand,0.6363216749470227
2,14,2030,demand,0.6254063257180038
2,15,2030,demand,0.613793939640715
2,16,2030,demand,0.6073810096565294
2,17,2030,demand,0.6063830650890465
2,18,2030,demand,0.6129454823133212
2,19,2030,demand,0.6269941879005579
2,20,2030,demand,0.6398109139464371
2,21,2030,demand,0.6375913956360743
2,22,2030,demand,0.6045981545685684
2,23,2030,demand,0.5615299946596435
2,24,2030,demand,0.5476555207760014
2,1,2030,solar,0.0
2,2,2030,solar,0.0
2,3,2030,solar,0.0
2,4,2030,solar,0.0
2,5,2030,solar,0.0
2,6,2030,solar,0.00010938487063321946
2,7,2030,solar,0.011352743052211671
2,8,2030,solar,0.09238361861371869
2,9,2030,solar,0.26815296106883907
2,10,2030,solar,0.4667266014392255
2,11,2030,solar,0.6151657263532059
2,12,2030,solar,0.716594283229618
2,13,2030,solar,0.7567678807414738
2,14,2030,solar,0.741859402267789
2,15,2030,solar,0.6648530209676307
2,16,2030,solar,0.5362504565219844
2,17,2030,solar,0.3604508177536165
2,18,2030,solar,0.1668485470356255
2,19,2030,solar,0.03767464544550003
2,20,2030,solar,0.001680898800066515
2,21,2030,solar,0.0
2,22,2030,solar,0.0
2,23,2030,solar,0.0
2,24,2030,solar,0.0
2,1,2030,wind_offshore,1.0574195984295367
2,2,2030,wind_offshore,1.0767724261853662
2,3,2030,wind_offshore,1.0923133746838323
2,4,2030,wind_offshore,1.1075181664391098
2,5,2030,wind_offshore,1.122584497712794
2,6,2030,wind_offshore,1.1325357484579257
2,7,2030,wind_offshore,1.1384254746614466
2,8,2030,wind_offshore,1.1430158314382832
2,9,2030,wind_offshore,1.1486146653098697
2,10,2030,wind_offshore,1.1509017215391468
2,11,2030,wind_offshore,1.1445517023147858
2,12,2030,wind_offshore,1.144296701118602
2,13,2030,wind_offshore,1.144004065261641
2,14,2030,wind_offshore,1.1457760205193905
2,15,2030,wind_offshore,1.1474364524994627
2,16,2030,wind_offshore,1.1518863658988816
2,17,2030,wind_offshore,1.1527125657236104
2,18,2030,wind_offshore,1.151350961553218
2,19,2030,wind_offshore,1.14249040461945
2,20,2030,wind_offshore,1.1310283251163946
2,21,2030,wind_offshore,1.1163067086238487
2,22,2030,wind_offshore,1.102312005922866
2,23,2030,wind_offshore,1.0745528972138219
2,24,2030,wind_offshore,1.0573511403160387
2,1,2030,wind_onshore,0.3493964268492173
2,2,2030,wind_onshore,0.3433502764384012
2,3,2030,wind_onshore,0.3362572018354602
2,4,2030,wind_onshore,0.3302324713429481
2,5,2030,wind_onshore,0.3262534681898622
2,6,2030,wind_onshore,0.32366982054214566
2,7,2030,wind_onshore,0.3216847967806957
2,8,2030,wind_onshore,0.31658615249171596
2,9,2030,wind_onshore,0.31470540773254796
2,10,2030,wind_onshore,0.31803338971928674
2,11,2030,wind_onshore,0.32107825851029703
2,12,2030,wind_onshore,0.33905525269881787
2,13,2030,wind_onshore,0.3558973513531676
2,14,2030,wind_onshore,0.3711308469183684
2,15,2030,wind_onshore,0.38390547040832673
2,16,2030,wind_onshore,0.39097337719344255
2,17,2030,wind_onshore,0.3931758922165305
2,18,2030,wind_onshore,0.395063951386935
2,19,2030,wind_onshore,0.39924880734050916
2,20,2030,wind_onshore,0.4066947174042496
2,21,2030,wind_onshore,0.40954151993151783
2,22,2030,wind_onshore,0.40160369809260565
2,23,2030,wind_onshore,0.3840712760954156
2,24,2030,wind_onshore,0.3778916690754369
3,1,2030,demand,0.5136500608056181
3,2,2030,demand,0.5051848324464889
3,3,2030,demand,0.4966119893273116
3,4,2030,demand,0.48764899199189526
3,5,2030,demand,0.4935868370606212
3,6,2030,demand,0.5090550070333695
3,7,2030,demand,0.5333483689597375
3,8,2030,demand,0.5669602983067629
3,9,2030,demand,0.6015081458531405
3,10,2030,demand,0.6261548819885474
3,11,2030,demand,0.6422638072374645
3,12,2030,demand,0.6509198605148461
3,13,2030,demand,0.6492996746591762
3,14,2030,demand,0.6397896337754926
3,15,2030,demand,0.6306188180539429
3,16,2030,demand,0.6270527075268928
3,17,2030,demand,0.6251455004157466
3,18,2030,demand,0.6269129643932664
3,19,2030,demand,0.6348996735616306
3,20,2030,demand,0.6425451523519388
3,21,2030,demand,0.636945582897999
3,22,2030,demand,0.6031189264245114
3,23,2030,demand,0.5612796615164938
3,24,2030,demand,0.5500660236113244
3,1,2030,solar,0.0
3,2,2030,solar,0.0
3,3,2030,solar,0.0
3,4,2030,solar,0.0
3,5,2030,solar,0.0
3,6,2030,solar,7.440105990678358e-5
3,7,2030,solar,0.013167783480227607
3,8,2030,solar,0.10330136427099973
3,9,2030,solar,0.2562506528092188
3,10,2030,solar,0.4095861170184149
3,11,2030,solar,0.5142182026421552
3,12,2030,solar,0.583079094816185
3,13,2030,solar,0.6055548615259608
3,14,2030,solar,0.588534699959135
3,15,2030,solar,0.5288772668324949
3,16,2030,solar,0.4335199216917867
3,17,2030,solar,0.3032797457454597
3,18,2030,solar,0.15564652789265274
3,19,2030,solar,0.04390480866642606
3,20,2030,solar,0.0016769383092575833
3,21,2030,solar,0.0
3,22,2030,solar,0.0
3,23,2030,solar,0.0
3,24,2030,solar,0.0
3,1,2030,wind_offshore,0.21369854568397326
3,2,2030,wind_offshore,0.208054700940124
3,3,2030,wind_offshore,0.20052667331154211
3,4,2030,wind_offshore,0.1936713678350888
3,5,2030,wind_offshore,0.18640088835560728
3,6,2030,wind_offshore,0.17648518227335191
3,7,2030,wind_offshore,0.17015707594945859
3,8,2030,wind_offshore,0.1641226294559865
3,9,2030,wind_offshore,0.16033133090472731
3,10,2030,wind_offshore,0.15969137091897906
3,11,2030,wind_offshore,0.15021988108530065
3,12,2030,wind_offshore,0.15126418014441337
3,13,2030,wind_offshore,0.15144514675739823
3,14,2030,wind_offshore,0.1529937045616978
3,15,2030,wind_offshore,0.1546687140916492
3,16,2030,wind_offshore,0.1604860522710527
3,17,2030,wind_offshore,0.17024709237949645
3,18,2030,wind_offshore,0.18097393584557334
3,19,2030,wind_offshore,0.19314944037083343
3,20,2030,wind_offshore,0.20370979709095718
3,21,2030,wind_offshore,0.2105004664833564
3,22,2030,wind_offshore,0.22090448368332835
3,23,2030,wind_offshore,0.20542134882555718
3,24,2030,wind_offshore,0.21441275098548201
3,1,2030,wind_onshore,0.20195633561131032
3,2,2030,wind_onshore,0.19153469497556905
3,3,2030,wind_onshore,0.18244076890970345
3,4,2030,wind_onshore,0.1742535721918347
3,5,2030,wind_onshore,0.16785986085912455
3,6,2030,wind_onshore,0.16214854396351086
3,7,2030,wind_onshore,0.1565470066504033
3,8,2030,wind_onshore,0.14675115366845623
3,9,2030,wind_onshore,0.1410585351253194
3,10,2030,wind_onshore,0.14276157522946561
3,11,2030,wind_onshore,0.1402077329721417
3,12,2030,wind_onshore,0.1518132450141143
3,13,2030,wind_onshore,0.16512075875199603
3,14,2030,wind_onshore,0.17900541521542046
3,15,2030,wind_onshore,0.19405124201291504
3,16,2030,wind_onshore,0.20746529235359815
3,17,2030,wind_onshore,0.2175508729568698
3,18,2030,wind_onshore,0.226496951891936
3,19,2030,wind_onshore,0.2296852870055104
3,20,2030,wind_onshore,0.22999690511778983
3,21,2030,wind_onshore,0.23087775019447526
3,22,2030,wind_onshore,0.22202165735287924
3,23,2030,wind_onshore,0.20328371461615802
3,24,2030,wind_onshore,0.1968905410132769
4,1,2030,demand,0.5071459621769775
4,2,2030,demand,0.4954277708425172
4,3,2030,demand,0.48463063527173555
4,4,2030,demand,0.47423734290708386
4,5,2030,demand,0.47778203124733387
4,6,2030,demand,0.49282346347693673
4,7,2030,demand,0.5220255708349962
4,8,2030,demand,0.5601070470299717
4,9,2030,demand,0.5943912448399492
4,10,2030,demand,0.618494851771914
4,11,2030,demand,0.6291958316422009
4,12,2030,demand,0.631599960484918
4,13,2030,demand,0.6268869461859667
4,14,2030,demand,0.6153631945400404
4,15,2030,demand,0.6010307114447736
4,16,2030,demand,0.5930342051955566
4,17,2030,demand,0.593396046783702
4,18,2030,demand,0.6042427849207226
4,19,2030,demand,0.6263909978878867
4,20,2030,demand,0.64530671703077
4,21,2030,demand,0.6439806326086154
4,22,2030,demand,0.6096499320392087
4,23,2030,demand,0.5637962671990582
4,24,2030,demand,0.5457701402756283
4,1,2030,solar,0.0
4,2,2030,solar,0.0
4,3,2030,solar,0.0
4,4,2030,solar,0.0
4,5,2030,solar,0.0
4,6,2030,solar,1.2642668310206495e-5
4,7,2030,solar,0.002879242504684807
4,8,2030,solar,0.023100944106091943
4,9,2030,solar,0.09660776204768023
4,10,2030,solar,0.19998781410462524
4,11,2030,solar,0.2877831112350248
4,12,2030,solar,0.3501137942063201
4,13,2030,solar,0.37492060091329765
4,14,2030,solar,0.36258965960757805
4,15,2030,solar,0.31647447049997385
4,16,2030,solar,0.24151027123754093
4,17,2030,solar,0.14454416538783185
4,18,2030,solar,0.04930147375302138
4,19,2030,solar,0.008503063248605622
4,20,2030,solar,0.00016447096037082846
4,21,2030,solar,0.0
4,22,2030,solar,0.0
4,23,2030,solar,0.0
4,24,2030,solar,0.0
4,1,2030,wind_offshore,0.6241441781932778
4,2,2030,wind_offshore,0.6450373276032426
4,3,2030,wind_offshore,0.6573017803702214
4,4,2030,wind_offshore,0.6631799713194964
4,5,2030,wind_offshore,0.6570953192512344
4,6,2030,wind_offshore,0.6381684236060404
4,7,2030,wind_offshore,0.6169628579691785
4,8,2030,wind_offshore,0.5996502636280294
4,9,2030,wind_offshore,0.5839638921465697
4,10,2030,wind_offshore,0.568491426399079
4,11,2030,wind_offshore,0.5419027724190242
4,12,2030,wind_offshore,0.5231432834330633
4,13,2030,wind_offshore,0.5103126776353765
4,14,2030,wind_offshore,0.5075542105889826
4,15,2030,wind_offshore,0.5023981571358476
4,16,2030,wind_offshore,0.4951266588164895
4,17,2030,wind_offshore,0.4895196141182151
4,18,2030,wind_offshore,0.480589407797569
4,19,2030,wind_offshore,0.47615613357585845
4,20,2030,wind_offshore,0.47671876774548855
4,21,2030,wind_offshore,0.47481982833972497
4,22,2030,wind_offshore,0.4666494687675519
4,23,2030,wind_offshore,0.46263709031998285
4,24,2030,wind_offshore,0.46804789088535015
4,1,2030,wind_onshore,0.47201153002880103
4,2,2030,wind_onshore,0.47350535759026063
4,3,2030,wind_onshore,0.47206322244021665
4,4,2030,wind_onshore,0.4713524365529539
4,5,2030,wind_onshore,0.4729870025327171
4,6,2030,wind_onshore,0.4742421075240122
4,7,2030,wind_onshore,0.47304335922036517
4,8,2030,wind_onshore,0.47249727675265923
4,9,2030,wind_onshore,0.47564143866448216
4,10,2030,wind_onshore,0.48095735422391056
4,11,2030,wind_onshore,0.48458767341589554
4,12,2030,wind_onshore,0.5150425187058101
4,13,2030,wind_onshore,0.5422761963650646
4,14,2030,wind_onshore,0.5587272535838753
4,15,2030,wind_onshore,0.5659201017954598
4,16,2030,wind_onshore,0.5597688461403693
4,17,2030,wind_onshore,0.5395965425133062
4,18,2030,wind_onshore,0.519663701635891
4,19,2030,wind_onshore,0.5055857090025798
4,20,2030,wind_onshore,0.49694178925036253
4,21,2030,wind_onshore,0.48866563622883813
4,22,2030,wind_onshore,0.47641173787550084
4,23,2030,wind_onshore,0.4651045228479026
4,24,2030,wind_onshore,0.4589902933910823
