year,period,rep_period,weight,scenario
2050,1,2,0.10706003563524485,0
2050,1,6,0.2036697057378531,0
2050,1,8,0.18512197823378063,0
2050,1,10,0.015236957274227192,0
2050,1,11,0.3741666836242141,0
2050,1,27,0.06403441959334831,0
2050,1,28,0.021224738589356695,0
2050,2,2,0.20263154557928206,0
2050,2,6,0.209618634801047,0
2050,2,8,0.14861107344616142,0
2050,2,11,0.08768117880313014,0
2050,2,17,0.16962948116710103,0
2050,2,27,0.04342946037407624,0
2050,2,28,0.12813343899997226,0
2050,2,30,0.010265186829229882,0
2050,3,2,0.26632995008408195,0
2050,3,6,0.0820098251909701,0
2050,3,8,0.1659299876327462,0
2050,3,10,0.016699506238626136,0
2050,3,17,0.18855064708131936,0
2050,3,18,0.04165893256875827,0
2050,3,28,0.08806714231934197,0
2050,3,43,0.15052005893206616,0
2050,4,2,0.1695634577251793,0
2050,4,8,0.3872813514771222,0
2050,4,11,0.02747387134822596,0
2050,4,17,0.10824432594277959,0
2050,4,18,0.0277843567785636,0
2050,4,25,0.13061374688015376,0
2050,4,28,0.1490388898479755,0
2050,5,8,1.0,0
2050,6,3,0.06808964639425308,0
2050,6,4,0.1623346711886655,0
2050,6,8,0.14472924881925434,0
2050,6,11,0.23101637130001781,0
2050,6,17,0.12506989883196573,0
2050,6,40,0.013422967319486986,0
2050,6,58,0.16623505271867872,0
2050,7,6,0.2572026400438592,0
2050,7,8,0.2103485215329076,0
2050,7,10,0.02652754550302024,0
2050,7,11,0.18697643791891178,0
2050,7,28,0.1501896384816229,0
2050,7,51,0.09776314645577337,0
2050,7,58,0.02791890941173186,0
2050,8,2,0.24005811745635294,0
2050,8,6,0.339448841278306,0
2050,8,8,0.06469307493914786,0
2050,8,17,0.17229740887156583,0
2050,8,27,0.0897936109586407,0
2050,8,30,0.06465000512303293,0
2050,8,51,0.026987129303882182,0
2050,9,2,0.12441376604702192,0
2050,9,7,0.08430540653316715,0
2050,9,8,0.10749165452915813,0
2050,9,17,0.30408516789318707,0
2050,9,18,0.0578338990278672,0
2050,9,26,0.054787720457160474,0
2050,9,28,0.05881017206557998,0
2050,9,30,0.20827221344685787,0
2050,10,17,1.0,0
2050,11,2,0.21805592901553988,0
2050,11,7,0.04940135967457286,0
2050,11,8,0.10662863720522804,0
2050,11,11,0.04594567015040732,0
2050,11,17,0.42271060627699475,0
2050,11,27,0.04229176103636058,0
2050,11,28,0.11008394954172486,0
2050,12,2,0.10718114559400808,0
2050,12,6,0.014957405230107329,0
2050,12,7,0.07782267571819627,0
2050,12,8,0.17242190649766614,0
2050,12,17,0.5151336311768482,0
2050,12,27,0.045565342552469135,0
2050,12,28,0.06691789323070445,0
2050,13,2,0.22592405165438526,0
2050,13,6,0.16498721968631105,0
2050,13,7,0.01119954158589926,0
2050,13,8,0.06804465447396912,0
2050,13,10,0.018340751150362683,0
2050,13,17,0.2544976064794675,0
2050,13,19,0.01791899041399577,0
2050,13,27,0.10795740391722908,0
2050,13,28,0.12608758386150623,0
2050,14,2,0.21265716102951682,0
2050,14,6,0.2416896461350953,0
2050,14,17,0.21107416568496673,0
2050,14,27,0.13786670478990298,0
2050,14,28,0.1246202545916298,0
2050,14,30,0.06291779065447356,0
2050,15,2,0.2987096832989326,0
2050,15,6,0.1487770022821787,0
2050,15,17,0.23467800840378497,0
2050,15,26,0.15857566778259677,0
2050,15,27,0.15925963823250675,0
2050,16,2,0.379891734472322,0
2050,16,6,0.18658858711919313,0
2050,16,8,0.039552633589926146,0
2050,16,11,0.02399610992163185,0
2050,16,14,0.02073154407835607,0
2050,16,16,0.02588876679693667,0
2050,16,17,0.019274027809133072,0
2050,16,19,0.10029560810238028,0
2050,16,23,0.029188003129725977,0
2050,16,25,0.018430946135632433,0
2050,16,27,0.14685256347180292,0
2050,17,2,0.09417262833102592,0
2050,17,4,0.06798067237377853,0
2050,17,5,0.030290968463583843,0
2050,17,6,0.13617885315310937,0
2050,17,8,0.059156489297876244,0
2050,17,11,0.1687424671417187,0
2050,17,16,0.10615332353285213,0
2050,17,19,0.0523433076976713,0
2050,17,27,0.11240228961568201,0
2050,17,28,0.06890246826736088,0
2050,17,29,0.09992227784095144,0
2050,18,2,0.0569459656215995,0
2050,18,6,0.0944476062833974,0
2050,18,8,0.057423752940471334,0
2050,18,14,0.13642183207930125,0
2050,18,16,0.04526755046281111,0
2050,18,21,0.01678022725121084,0
2050,18,26,0.061246502559077966,0
2050,18,27,0.10103997714514712,0
2050,18,39,0.17219097468891617,0
2050,18,44,0.033011363775875976,0
2050,18,51,0.22480721873680187,0
2050,19,39,1.0,0
2050,20,6,0.15173688122541115,0
2050,20,10,0.019639811707959205,0
2050,20,14,0.018391702461720883,0
2050,20,19,0.11908379313781439,0
2050,20,23,0.10229859438137479,0
2050,20,29,0.01705502832318521,0
2050,20,39,0.31715474799351173,0
2050,20,44,0.029620827705696573,0
2050,20,50,0.08815051045367715,0
2050,20,51,0.048607285673568805,0
2050,21,2,0.04764005625967939,0
2050,21,6,0.03290470222098045,0
2050,21,14,0.25105255812560967,0
2050,21,24,0.024335786165891687,0
2050,21,26,0.030992184822327202,0
2050,21,27,0.16144839965097207,0
2050,21,39,0.16125532479767718,0
2050,21,44,0.1219890040183897,0
2050,21,51,0.11161984221612965,0
2050,22,44,1.0,0
2050,23,4,1.0,0
2050,24,2,0.14446914225398447,0
2050,24,3,0.017572293269274265,0
2050,24,4,0.1740550889072771,0
2050,24,6,0.01174022493221099,0
2050,24,11,0.11131095015228865,0
2050,24,16,0.07031185808875329,0
2050,24,17,0.17463715373299332,0
2050,24,18,0.14445575858343546,0
2050,24,58,0.15144753007978234,0
2050,25,2,0.14597868940756561,0
2050,25,4,0.32874334491577945,0
2050,25,22,0.014610726559015554,0
2050,25,29,0.022934532580629115,0
2050,25,30,0.11227164631570066,0
2050,25,41,0.07493467281910651,0
2050,25,44,0.1324371805967802,0
2050,25,46,0.061809388963166755,0
2050,25,59,0.10118534550641906,0
2050,26,2,0.24025360165574433,0
2050,26,4,0.025023092815870535,0
2050,26,6,0.12485955369258378,0
2050,26,11,0.149814417611974,0
2050,26,15,0.057768286943606355,0
2050,26,17,0.0724216157269029,0
2050,26,22,0.01777118982783016,0
2050,26,40,0.07234622288710227,0
2050,26,41,0.010648412457836827,0
2050,26,47,0.020852994629306898,0
2050,26,58,0.1305506205334061,0
2050,26,60,0.07217902589343195,0
2050,27,2,0.28771474218403914,0
2050,27,6,0.07695635635873826,0
2050,27,7,0.08340052451147104,0
2050,27,18,0.0656516761977268,0
2050,27,25,0.03503839124918091,0
2050,27,30,0.05879984380405802,0
2050,27,41,0.0,0
2050,27,44,0.1690845064579078,0
2050,27,45,0.07961293513190225,0
2050,27,57,0.10875138496011436,0
2050,28,2,0.31447663472801296,0
2050,28,6,0.0975973338674738,0
2050,28,7,0.05741275862311964,0
2050,28,11,0.20037827997067156,0
2050,28,15,0.08580203116083575,0
2050,28,17,0.1324456723207444,0
2050,28,58,0.09282523113664284,0
2050,29,2,1.0,0
2050,30,23,1.0,0
2050,31,2,0.05417195096659392,0
2050,31,4,0.07820770254654155,0
2050,31,14,0.08219620179783499,0
2050,31,16,0.05176242387428053,0
2050,31,19,0.05632909096874592,0
2050,31,23,0.36985548297828796,0
2050,31,24,0.11399850187638833,0
2050,31,33,0.014410545821731298,0
2050,31,39,0.049060727530416355,0
2050,31,51,0.11904880765374432,0
2050,31,58,0.010958563985434759,0
2050,32,2,0.18642330837965554,0
2050,32,11,0.11816221762430301,0
2050,32,22,0.05561786148339844,0
2050,32,23,0.21247210733953426,0
2050,32,26,0.22649962375397292,0
2050,32,43,0.0732636959611056,0
2050,32,58,0.1274009265644801,0
2050,33,2,0.21670296500543704,0
2050,33,6,0.03938211666624354,0
2050,33,18,0.11408932705067946,0
2050,33,24,0.13053721626571588,0
2050,33,27,0.014715468853143242,0
2050,33,33,0.11167953395083459,0
2050,33,35,0.03937087306097557,0
2050,33,41,0.12073029708475268,0
2050,33,43,0.025322894331166874,0
2050,33,44,0.1642239592703102,0
2050,34,2,0.052733637940691636,0
2050,34,4,0.1556164789163545,0
2050,34,14,0.15818326833476534,0
2050,34,18,0.02898047695309446,0
2050,34,19,0.05888408322810175,0
2050,34,26,0.07006996937942521,0
2050,34,44,0.22705729029373908,0
2050,34,47,0.12359360508639705,0
2050,34,57,0.09615021422367824,0
2050,34,58,0.013199309953126364,0
2050,35,4,0.14541392348507623,0
2050,35,16,0.0842183706246514,0
2050,35,21,0.0385041942779412,0
2050,35,22,0.3526575718626514,0
2050,35,23,0.044196176816255116,0
2050,35,33,0.050769602544234786,0
2050,35,44,0.17562166136252058,0
2050,36,22,1.0,0
2050,37,2,0.04142489393207227,0
2050,37,12,0.24766726475639936,0
2050,37,17,0.17538654581813598,0
2050,37,18,0.04288727185337521,0
2050,37,22,0.02176377702766122,0
2050,37,23,0.2651987365139452,0
2050,37,24,0.2056715100984107,0
2050,38,2,0.1507900382246571,0
2050,38,5,0.12804569625826143,0
2050,38,6,0.08471586269220718,0
2050,38,9,0.0269974902504726,0
2050,38,11,0.18349813867093095,0
2050,38,12,0.035121705305715956,0
2050,38,17,0.14210569660061156,0
2050,38,18,0.044215423321123826,0
2050,38,19,0.021388757691591764,0
2050,38,22,0.020611345984634405,0
2050,38,23,0.025655329937819243,0
2050,38,26,0.033063840282141835,0
2050,38,28,0.08848420571352378,0
2050,38,51,0.013527925796826788,0
2050,39,2,0.3148526135782038,0
2050,39,5,0.04881509620951466,0
2050,39,7,0.0460312951578894,0
2050,39,17,0.0508508095470665,0
2050,39,18,0.3105317510749357,0
2050,39,24,0.12927897925317358,0
2050,39,27,0.010263345904698835,0
2050,39,28,0.08937610927451747,0
2050,40,18,1.0,0
2050,41,5,0.10373365444627138,0
2050,41,12,0.048793524984916875,0
2050,41,13,0.010573151579100748,0
2050,41,18,0.4828011167627862,0
2050,41,23,0.012592153894597167,0
2050,41,28,0.0334516177230227,0
2050,41,39,0.07560460674160731,0
2050,41,44,0.03647195334985747,0
2050,41,51,0.16944552288487788,0
2050,42,11,0.11538886149259368,0
2050,42,12,0.027784448807647785,0
2050,42,18,0.06883280115411247,0
2050,42,39,0.2031329501893622,0
2050,42,47,0.07464332638093661,0
2050,42,51,0.4115349022091779,0
2050,42,55,0.036323836834135696,0
2050,43,51,1.0,0
2050,44,58,1.0,0
2050,45,41,1.0,0
2050,46,2,0.2050181817940889,0
2050,46,6,0.12307040601611166,0
2050,46,11,0.08765637218523026,0
2050,46,14,0.029109414319627568,0
2050,46,18,0.06466717523214768,0
2050,46,19,0.04451153254812489,0
2050,46,25,0.19687062121539725,0
2050,46,26,0.020777044241256586,0
2050,46,41,0.05190078321253485,0
2050,46,50,0.021161766033717035,0
2050,46,51,0.10700354937805417,0
2050,46,57,0.040706109040013934,0
2050,47,2,0.1025773763738547,0
2050,47,5,0.05279945467443839,0
2050,47,6,0.03147675317827803,0
2050,47,11,0.17345809217508218,0
2050,47,19,0.15477739679029348,0
2050,47,23,0.1948578130187749,0
2050,47,25,0.10007255739708351,0
2050,47,51,0.1819808966349222,0
2050,48,2,0.040704826078541353,0
2050,48,11,0.19511679545063965,0
2050,48,14,0.0805954459601718,0
2050,48,16,0.013844817805331325,0
2050,48,19,0.3050467354389518,0
2050,48,23,0.2802433865418039,0
2050,48,26,0.04456194784838839,0
2050,48,51,0.039886044876171686,0
2050,49,6,0.06032838493521435,0
2050,49,10,0.03155943899750248,0
2050,49,11,0.42103437687458056,0
2050,49,19,0.16485040749325022,0
2050,49,23,0.09692134129909866,0
2050,49,26,0.09085197774870027,0
2050,49,27,0.053646169154789924,0
2050,49,51,0.07572055115449562,0
2050,50,2,0.12147147378640374,0
2050,50,6,0.2055789593179078,0
2050,50,10,0.06338406182583944,0
2050,50,11,0.35104486007987246,0
2050,50,26,0.09001554183784324,0
2050,50,27,0.01061545684725266,0
2050,50,51,0.09761598230623628,0
2050,50,58,0.060273663998644346,0
2050,51,2,0.332209155372826,0
2050,51,6,0.12207692931428998,0
2050,51,9,0.05218914700362754,0
2050,51,10,0.04159534141708362,0
2050,51,24,0.03788149445714313,0
2050,51,25,0.07097008093676996,0
2050,51,27,0.049370017540244525,0
2050,51,50,0.027009698809578285,0
2050,51,51,0.25197659202105005,0
2050,52,2,0.18008402930602854,0
2050,52,9,0.04112898996483918,0
2050,52,13,0.02600976677788025,0
2050,52,14,0.18628968625227915,0
2050,52,19,0.09205430351979808,0
2050,52,23,0.24312807997086308,0
2050,52,27,0.02743825657880984,0
2050,52,29,0.14514131187117082,0
2050,52,50,0.05872557575833121,0
2050,53,10,0.03745972742113576,0
2050,53,11,0.21318710691946172,0
2050,53,16,0.19939159978212478,0
2050,53,19,0.03106374449078523,0
2050,53,23,0.21148834895815385,0
2050,53,26,0.0439747673213664,0
2050,53,27,0.09837582796867217,0
2050,53,29,0.021926621771377823,0
2050,53,51,0.13134232436933907,0
2050,54,2,0.2233844576579684,0
2050,54,6,0.12790469585261294,0
2050,54,11,0.17482904183474876,0
2050,54,16,0.12367588616351635,0
2050,54,17,0.04756328492785703,0
2050,54,23,0.06936595235863954,0
2050,54,27,0.17067755594026376,0
2050,54,58,0.06259912526439323,0
2050,55,2,0.26658017697258957,0
2050,55,7,0.06175431951210049,0
2050,55,11,0.1261501010711759,0
2050,55,15,0.042425656204097405,0
2050,55,16,0.10078990768596556,0
2050,55,26,0.019766401438314245,0
2050,55,27,0.1842587755494925,0
2050,55,40,0.07966197376259393,0
2050,55,41,0.07116756646887543,0
2050,55,46,0.016045897260362478,0
2050,55,57,0.02506689171711909,0
2050,56,2,0.1217774227318992,0
2050,56,4,0.046270141976119825,0
2050,56,12,0.036457935713456034,0
2050,56,14,0.13369947565928875,0
2050,56,16,0.15882579748075773,0
2050,56,18,0.048665222526588614,0
2050,56,19,0.025167485601727248,0
2050,56,21,0.08825232840314923,0
2050,56,22,0.11394737085272427,0
2050,56,24,0.02670451649552523,0
2050,56,59,0.13221723425674275,0
2050,57,4,0.10524243438274342,0
2050,57,11,0.12938122488908332,0
2050,57,15,0.04607610000635283,0
2050,57,16,0.16934228082238517,0
2050,57,18,0.09852870224834019,0
2050,57,22,0.030338527835305697,0
2050,57,26,0.023142811996925965,0
2050,57,40,0.06091168805469131,0
2050,57,57,0.04059696019077409,0
2050,57,58,0.1517265951032154,0
2050,57,60,0.14409719573747296,0
2050,58,2,0.17161142277302643,0
2050,58,11,0.05261058420340961,0
2050,58,21,0.040320303911040606,0
2050,58,22,0.041731019596318815,0
2050,58,24,0.038231030219168884,0
2050,58,33,0.08643340785015247,0
2050,58,39,0.09266775203162475,0
2050,58,40,0.1310122552889506,0
2050,58,41,0.07962383843524436,0
2050,58,46,0.05322758120361626,0
2050,58,47,0.06895854275599839,0
2050,58,51,0.05247023176782294,0
2050,58,52,0.053494155533560336,0
2050,58,57,0.012063312325976617,0
2050,58,58,0.019322145442914822,0
2050,59,4,0.03239348854062543,0
2050,59,11,0.24627622201052804,0
2050,59,15,0.0785267169276396,0
2050,59,16,0.03468317420887887,0
2050,59,17,0.013257569454242238,0
2050,59,26,0.03165556254073804,0
2050,59,40,0.19294683497847562,0
2050,59,41,0.038810350446742865,0
2050,59,57,0.055760782192024363,0
2050,59,58,0.27028207404885213,0
2050,60,2,0.36224935526885765,0
2050,60,6,0.16225223508543288,0
2050,60,9,0.10444133575058052,0
2050,60,11,0.16060481879236113,0
2050,60,15,0.031533764323995656,0
2050,60,17,0.10636698089697907,0
2050,60,27,0.037950264501702954,0
2050,60,58,0.024695633877760127,0
2050,61,2,0.24298042085102717,0
2050,61,7,0.13362642675692366,0
2050,61,11,0.11216633156066733,0
2050,61,12,0.02561059717147552,0
2050,61,15,0.03704498029062509,0
2050,61,17,0.1663557120573266,0
2050,61,18,0.015772975021291984,0
2050,61,24,0.021825517984151548,0
2050,61,28,0.0392489622549587,0
2050,61,29,0.08979422428530948,0
2050,61,30,0.11557385176624285,0
2050,62,2,0.028061963218561817,0
2050,62,7,0.2951589281306697,0
2050,62,8,0.10911089812887152,0
2050,62,9,0.04751247267657188,0
2050,62,11,0.20429124511544655,0
2050,62,25,0.0426811636478398,0
2050,62,28,0.16428915804581104,0
2050,62,30,0.09628213166340871,0
2050,63,7,0.3526593083282841,0
2050,63,8,0.035368829843317406,0
2050,63,11,0.013749196150804135,0
2050,63,14,0.041117320974215374,0
2050,63,15,0.05378174388799604,0
2050,63,16,0.09593442138331827,0
2050,63,26,0.015754589024954524,0
2050,63,30,0.03801144104464934,0
2050,63,41,0.22012343007100657,0
2050,63,58,0.010979643099515194,0
2050,63,60,0.09281951745533071,0
2050,64,4,0.27837973809114297,0
2050,64,7,0.1704373455742368,0
2050,64,11,0.07746637044517474,0
2050,64,16,0.0461636274393741,0
2050,64,18,0.056184705472829256,0
2050,64,22,0.17827620516417755,0
2050,64,46,0.1612975126361284,0
2050,64,54,0.021965837667103548,0
2050,65,4,0.1721109302246656,0
2050,65,5,0.02842025026239175,0
2050,65,7,0.03978338865392044,0
2050,65,8,0.12281781245938153,0
2050,65,11,0.533053966370426,0
2050,65,16,0.02064309977197922,0
2050,65,23,0.046785103614066466,0
2050,65,29,0.032115060886940335,0
2050,66,11,1.0,0
2050,67,2,0.10417440658348884,0
2050,67,5,0.07939119300240802,0
2050,67,6,0.03281108289228471,0
2050,67,11,0.5696276669092437,0
2050,67,19,0.15586112977142166,0
2050,67,25,0.027925100065638753,0
2050,67,27,0.021033361622390195,0
2050,68,5,0.010709065508730325,0
2050,68,7,0.01293524010600288,0
2050,68,11,0.23126830171910973,0
2050,68,14,0.1414897068783002,0
2050,68,15,0.03608049639803269,0
2050,68,29,0.07376312688091784,0
2050,68,43,0.024943709681448857,0
2050,68,46,0.08430584260498768,0
2050,68,51,0.28582608280861044,0
2050,68,57,0.09867842741385935,0
2050,69,2,0.020286657385807563,0
2050,69,5,0.09949484661131057,0
2050,69,6,0.15137620878964617,0
2050,69,10,0.11371334268458153,0
2050,69,11,0.3127489526659729,0
2050,69,25,0.03195019371862284,0
2050,69,47,0.08077350338386637,0
2050,69,51,0.07678859736454215,0
2050,70,2,0.06979065373612799,0
2050,70,5,0.03281193548299683,0
2050,70,14,0.08117625419157042,0
2050,70,20,0.04528129231012649,0
2050,70,25,0.1312707476365542,0
2050,70,28,0.03893148692356946,0
2050,70,29,0.2911626905895914,0
2050,70,51,0.037338624902623824,0
2050,70,58,0.025334996702240195,0
2050,70,59,0.12921955218526565,0
2050,71,29,1.0,0
2050,72,2,0.1120760819612517,0
2050,72,5,0.10301781452186207,0
2050,72,6,0.1263789539815378,0
2050,72,10,0.04988700900204163,0
2050,72,14,0.056349564371331415,0
2050,72,18,0.05016438068711403,0
2050,72,23,0.05629103794477365,0
2050,72,27,0.12171700169976397,0
2050,72,29,0.20933194207131386,0
2050,72,43,0.012973957556259182,0
2050,72,47,0.09270061083388574,0
2050,73,2,0.08011248600945461,0
2050,73,5,0.05531842937059428,0
2050,73,6,0.11615499441505119,0
2050,73,7,0.09109927875263805,0
2050,73,9,0.04571241983395551,0
2050,73,10,0.035619918643954765,0
2050,73,11,0.04916496622637925,0
2050,73,25,0.05559975109977369,0
2050,73,26,0.12531665528723468,0
2050,73,27,0.03514371833710138,0
2050,73,43,0.0383194909720076,0
2050,73,47,0.1652813278145017,0
2050,73,51,0.07745124459130716,0
2050,73,56,0.029705318646045968,0
2050,74,5,0.023156132560805003,0
2050,74,6,0.03350508323988918,0
2050,74,7,0.26549048148056886,0
2050,74,11,0.1698131969352118,0
2050,74,17,0.03390048901890151,0
2050,74,18,0.07393730147659608,0
2050,74,24,0.04321187802713679,0
2050,74,25,0.08970239876337212,0
2050,74,29,0.027260568844154703,0
2050,74,43,0.057800094856057735,0
2050,74,45,0.012327368307820885,0
2050,74,51,0.07146540042838483,0
2050,74,56,0.08847225671536019,0
2050,75,5,0.23866896116678543,0
2050,75,7,0.08582780832959032,0
2050,75,8,0.1390615965656415,0
2050,75,11,0.19511159353994878,0
2050,75,18,0.19336186460572694,0
2050,75,19,0.04889007842887828,0
2050,75,25,0.08181446293461012,0
2050,75,28,0.010731131056624488,0
2050,76,5,0.26540153847628245,0
2050,76,7,0.16033320799818315,0
2050,76,11,0.014646351722169186,0
2050,76,12,0.017872204245633575,0
2050,76,18,0.11659808152074613,0
2050,76,19,0.27729141363136073,0
2050,76,25,0.023404776642472473,0
2050,76,43,0.041682828583425195,0
2050,76,51,0.06726854558701718,0
2050,77,5,0.0709638216040116,0
2050,77,7,0.15311631097673348,0
2050,77,14,0.03567576352333251,0
2050,77,18,0.021584597935329748,0
2050,77,34,0.10167741057964988,0
2050,77,43,0.022312865898047058,0
2050,77,45,0.043916450123548875,0
2050,77,47,0.34654272501036926,0
2050,77,51,0.014387496015970211,0
2050,77,55,0.024687514718025622,0
2050,77,56,0.04557018201834989,0
2050,77,58,0.06159516576221081,0
2050,78,47,1.0,0
2050,79,4,0.10886015364843851,0
2050,79,5,0.11836316513966444,0
2050,79,11,0.04526154009332861,0
2050,79,14,0.13520837902909674,0
2050,79,26,0.08065111887845397,0
2050,79,37,0.018815601001200045,0
2050,79,38,0.04144468828078861,0
2050,79,39,0.23847441572669975,0
2050,79,47,0.1934352250053263,0
2050,79,51,0.019485713197002392,0
2050,80,5,0.03669783899214301,0
2050,80,9,0.07366135091100887,0
2050,80,11,0.34461381067014324,0
2050,80,24,0.16000035363255505,0
2050,80,26,0.015449046194951528,0
2050,80,47,0.12219102709321314,0
2050,80,50,0.04168622274608937,0
2050,80,58,0.20570034975989587,0
2050,81,11,0.05525932637520291,0
2050,81,13,0.024642695290490357,0
2050,81,17,0.07230198002288926,0
2050,81,18,0.06250778264712703,0
2050,81,21,0.06982982672336306,0
2050,81,23,0.14995497846006461,0
2050,81,24,0.07086329299642981,0
2050,81,25,0.08186538886512629,0
2050,81,29,0.017807005530192262,0
2050,81,34,0.12179315673311672,0
2050,81,41,0.011610771565468105,0
2050,81,47,0.2615637947905297,0
2050,82,2,0.03196040852173865,0
2050,82,5,0.10398801605482813,0
2050,82,6,0.12399003569679237,0
2050,82,11,0.20193250664283857,0
2050,82,14,0.1979038608770495,0
2050,82,19,0.0385601287791999,0
2050,82,25,0.07047103038091188,0
2050,82,51,0.2237804577234427,0
2050,83,14,1.0,0
2050,84,4,0.11044466347923483,0
2050,84,7,0.08664656675581048,0
2050,84,11,0.046887615977074304,0
2050,84,14,0.2164867983637288,0
2050,84,16,0.025340886114409083,0
2050,84,21,0.11710800806510477,0
2050,84,22,0.16262910209861622,0
2050,84,23,0.0298350141153409,0
2050,84,24,0.049196155433059906,0
2050,84,25,0.023956247337751337,0
2050,84,39,0.012197743214772577,0
2050,84,47,0.06824797325678288,0
2050,84,50,0.01027729001677991,0
2050,85,6,0.08321897381797361,0
2050,85,8,0.04043409110489823,0
2050,85,11,0.13592857461743346,0
2050,85,14,0.1449262227207807,0
2050,85,19,0.014599165339743439,0
2050,85,23,0.23155367027667925,0
2050,85,26,0.1312791673492428,0
2050,85,27,0.06008576840167796,0
2050,85,28,0.037870960077225894,0
2050,85,29,0.014981308773887453,0
2050,85,47,0.05278567987574879,0
2050,85,58,0.03904774783910093,0
2050,86,24,1.0,0
2050,87,4,0.17470316469415514,0
2050,87,7,0.274309480202187,0
2050,87,16,0.0967714218107881,0
2050,87,24,0.03776796532039934,0
2050,87,26,0.05374203667298109,0
2050,87,29,0.23662479012971066,0
2050,87,40,0.06588260120215012,0
2050,87,47,0.024667266207051154,0
2050,87,48,0.013270888834814018,0
2050,87,58,0.013636339984220744,0
2050,88,2,0.30168145909799104,0
2050,88,6,0.13400374606349127,0
2050,88,7,0.16083848201398843,0
2050,88,9,0.08976564601255885,0
2050,88,11,0.031005592379403167,0
2050,88,17,0.0780548682256818,0
2050,88,24,0.05574235820862517,0
2050,88,28,0.066087462282193,0
2050,88,30,0.01407063630822461,0
2050,88,47,0.0687497494078427,0
2050,89,2,0.2252835959731325,0
2050,89,7,0.4539229944592722,0
2050,89,11,0.03940928378893001,0
2050,89,24,0.09407388900091596,0
2050,89,28,0.15230647344082415,0
2050,89,29,0.0350037633369252,0
2050,90,2,0.11134970868807373,0
2050,90,7,0.6152689658342018,0
2050,90,24,0.09641114383296495,0
2050,90,27,0.03741666136402107,0
2050,90,28,0.034308925981300545,0
2050,90,29,0.051879708531867616,0
2050,90,30,0.05059512892543268,0
2050,91,7,1.0,0
2050,92,5,0.05802887653763241,0
2050,92,7,0.4000962052448637,0
2050,92,9,0.08066944600278586,0
2050,92,10,0.019063162132924496,0
2050,92,17,0.10199246262600205,0
2050,92,18,0.10429337795305337,0
2050,92,24,0.13775579007605412,0
2050,92,25,0.03634117296304505,0
2050,92,30,0.04625528387697626,0
2050,93,4,0.1221388308140601,0
2050,93,7,0.11161397354195216,0
2050,93,8,0.1726941068400309,0
2050,93,14,0.13752173694020656,0
2050,93,25,0.09431560198385114,0
2050,93,38,0.017176577589069483,0
2050,93,45,0.10880868827545545,0
2050,93,48,0.06734610140992622,0
2050,93,53,0.037775861039600546,0
2050,93,54,0.12976600488905624,0
2050,94,5,0.20793036984975596,0
2050,94,11,0.07482918583726425,0
2050,94,14,0.05033210718997314,0
2050,94,21,0.03677679640683496,0
2050,94,22,0.0845866839515657,0
2050,94,24,0.042399850338608804,0
2050,94,31,0.04708216272199284,0
2050,94,37,0.09124628050448669,0
2050,94,39,0.020135976098002446,0
2050,94,50,0.06519436314538563,0
2050,94,51,0.012331843509700093,0
2050,94,58,0.2317657600740312,0
2050,95,5,0.2999188468404442,0
2050,95,7,0.020426819539496665,0
2050,95,12,0.03474739294383982,0
2050,95,22,0.29570577004870346,0
2050,95,23,0.03503175571519083,0
2050,95,29,0.07392106989903892,0
2050,95,32,0.12355964371989436,0
2050,95,34,0.07896918837423905,0
2050,95,54,0.02697819210343021,0
2050,96,4,0.08792833647602713,0
2050,96,5,0.17721094486278172,0
2050,96,12,0.10682387826552937,0
2050,96,18,0.03466326317148007,0
2050,96,22,0.2397616270909732,0
2050,96,23,0.028240210407187064,0
2050,96,25,0.014353293078203287,0
2050,96,29,0.0630796867206594,0
2050,96,34,0.11111435832668684,0
2050,96,37,0.015380412635132554,0
2050,96,47,0.07348023982171666,0
2050,96,51,0.03581296987167922,0
2050,97,5,0.391439105644935,0
2050,97,7,0.08824715084323823,0
2050,97,12,0.08473242106566004,0
2050,97,14,0.012656416353655213,0
2050,97,18,0.26546367961522643,0
2050,97,19,0.03804183377876991,0
2050,97,23,0.10755039005323355,0
2050,98,5,0.14337534646184416,0
2050,98,10,0.028663966325656747,0
2050,98,12,0.06627411192077566,0
2050,98,14,0.18258019898508357,0
2050,98,18,0.06974966753507701,0
2050,98,19,0.108420370513125,0
2050,98,20,0.012459795568985965,0
2050,98,23,0.17395537343609918,0
2050,98,25,0.16033737533247325,0
2050,99,5,0.3747740897150461,0
2050,99,11,0.08756197724499037,0
2050,99,19,0.07616102663350513,0
2050,99,20,0.012471005822052496,0
2050,99,23,0.1258845473765138,0
2050,99,37,0.047447351205429804,0
2050,99,51,0.2742012272984828,0
2050,100,5,0.1331674790913076,0
2050,100,10,0.02349412168128931,0
2050,100,14,0.015730078783662536,0
2050,100,20,0.11966350762784453,0
2050,100,25,0.1307031912353884,0
2050,100,29,0.1488694166874645,0
2050,100,37,0.020702599449940372,0
2050,100,47,0.08181762747247467,0
2050,100,51,0.3228220544545612,0
2050,101,3,0.01688844655741902,0
2050,101,7,0.09735139939567644,0
2050,101,9,0.04483002414890701,0
2050,101,11,0.1873343030254608,0
2050,101,15,0.16580985812354307,0
2050,101,25,0.12767384810694085,0
2050,101,29,0.013320679547650472,0
2050,101,42,0.027706015362023672,0
2050,101,47,0.18502573681567738,0
2050,101,52,0.03281641302639168,0
2050,101,58,0.10124327589030921,0
2050,102,2,0.06961892081061315,0
2050,102,5,0.164037815886148,0
2050,102,6,0.06571250020374982,0
2050,102,10,0.07324196452434069,0
2050,102,11,0.1486236086744233,0
2050,102,25,0.2770517613698832,0
2050,102,26,0.07803050581261899,0
2050,102,27,0.05988941642617146,0
2050,102,29,0.030008104284877078,0
2050,102,58,0.03378540200717434,0
2050,103,25,1.0,0
2050,104,5,0.07427049630424684,0
2050,104,7,0.16613651587340184,0
2050,104,10,0.08023407761660066,0
2050,104,11,0.14952275657444186,0
2050,104,25,0.37403246364501,0
2050,104,26,0.09158037921560998,0
2050,104,27,0.037217330135829105,0
2050,105,5,0.29566540443814765,0
2050,105,6,0.01712485347957667,0
2050,105,7,0.2593501664377413,0
2050,105,10,0.032626383895770154,0
2050,105,25,0.20014826249786988,0
2050,105,26,0.015108066336110405,0
2050,105,43,0.051364373481865996,0
2050,105,56,0.08513317161949255,0
2050,106,5,0.5506747192905627,0
2050,106,7,0.05434921731637612,0
2050,106,11,0.05008240729910474,0
2050,106,17,0.0542844403286197,0
2050,106,25,0.1238825039644714,0
2050,106,28,0.05162559996958562,0
2050,106,43,0.10879557762279977,0
2050,107,5,0.3059951065234706,0
2050,107,9,0.015015983787824674,0
2050,107,11,0.20909000349926024,0
2050,107,12,0.021419271837625754,0
2050,107,17,0.011604071965236325,0
2050,107,22,0.09837670704788325,0
2050,107,23,0.0439682225137823,0
2050,107,24,0.013033867597957952,0
2050,107,27,0.015735942937680807,0
2050,107,28,0.07520605928506616,0
2050,107,29,0.048549990956712134,0
2050,107,37,0.134396047160731,0
2050,108,4,0.029457560653713213,0
2050,108,5,0.18847334652589096,0
2050,108,7,0.18959759763479672,0
2050,108,12,0.08775772674411095,0
2050,108,14,0.07752738892312988,0
2050,108,15,0.020748677658852018,0
2050,108,20,0.08663783867608044,0
2050,108,23,0.06340886919639764,0
2050,108,25,0.015551930121237841,0
2050,108,29,0.14540199721535255,0
2050,108,30,0.048753533229377755,0
2050,108,38,0.01658485535288903,0
2050,108,47,0.019340269863289846,0
2050,109,5,0.3563231490546461,0
2050,109,11,0.10785662040151597,0
2050,109,12,0.04233918538634509,0
2050,109,17,0.028125402522525517,0
2050,109,21,0.03796481367536649,0
2050,109,25,0.07453111558263399,0
2050,109,28,0.026012143898142378,0
2050,109,29,0.01681974595416881,0
2050,109,37,0.0735810578748122,0
2050,109,47,0.14800942965343833,0
2050,109,51,0.06700628011894726,0
2050,109,55,0.0151375932678694,0
2050,110,5,0.385297117398503,0
2050,110,7,0.07018799210619307,0
2050,110,8,0.061364598092151085,0
2050,110,12,0.0655722764012289,0
2050,110,14,0.03111493757799685,0
2050,110,24,0.01780578961083382,0
2050,110,25,0.17618119579724,0
2050,110,28,0.012386553034177222,0
2050,110,29,0.07302539992442209,0
2050,110,30,0.03908944477461307,0
2050,110,35,0.03524861292882664,0
2050,110,51,0.02973161499947841,0
2050,111,5,0.3197588886060885,0
2050,111,7,0.23404467415027594,0
2050,111,12,0.017704811419604685,0
2050,111,18,0.127794287108767,0
2050,111,25,0.12442645735462778,0
2050,111,35,0.09260154659714108,0
2050,111,48,0.05209740219782175,0
2050,112,3,0.053177774396184166,0
2050,112,5,0.2581774928530481,0
2050,112,7,0.023584879790258518,0
2050,112,11,0.10146767375572575,0
2050,112,12,0.1318650336834129,0
2050,112,25,0.12506039048051362,0
2050,112,47,0.20293360557345963,0
2050,112,55,0.052364220936544775,0
2050,113,5,1.0,0
2050,114,5,0.465808203479226,0
2050,114,15,0.03491718562928591,0
2050,114,25,0.0662710852381256,0
2050,114,26,0.045562452574380664,0
2050,114,37,0.08756648136241332,0
2050,114,40,0.05257180744667209,0
2050,114,48,0.017651108894955546,0
2050,114,51,0.06464189034464933,0
2050,114,53,0.13774250111926326,0
2050,114,56,0.013450853759454384,0
2050,115,4,0.032507507777472876,0
2050,115,5,0.02998031635336971,0
2050,115,7,0.04536439890204171,0
2050,115,9,0.08272724017117061,0
2050,115,15,0.21304042837469866,0
2050,115,25,0.16152147431032968,0
2050,115,27,0.028330562332147105,0
2050,115,38,0.07400873602498653,0
2050,115,47,0.24634376630441318,0
2050,115,57,0.04887066366109451,0
2050,115,58,0.016135574313322396,0
2050,116,5,0.23144516093197387,0
2050,116,14,0.12110197778369322,0
2050,116,15,0.08198401433911336,0
2050,116,21,0.049006801250856324,0
2050,116,25,0.037882592155124364,0
2050,116,35,0.1212497818952193,0
2050,116,38,0.011555023109253108,0
2050,116,44,0.15263365231252857,0
2050,116,47,0.05820014181277566,0
2050,116,52,0.01672757779037034,0
2050,116,54,0.024207097528914038,0
2050,116,55,0.09285112880366925,0
2050,117,4,0.061948987933495125,0
2050,117,5,0.10076979792267729,0
2050,117,7,0.06381310079387337,0
2050,117,15,0.05789863540705111,0
2050,117,21,0.08018079160727497,0
2050,117,22,0.15437915302446867,0
2050,117,24,0.011824878142642128,0
2050,117,25,0.11585449205744447,0
2050,117,48,0.31312134065504954,0
2050,118,4,0.10206264004536364,0
2050,118,5,0.1084463515532182,0
2050,118,7,0.2660487383778003,0
2050,118,15,0.1373012834037535,0
2050,118,25,0.035577783362865656,0
2050,118,38,0.018434912127290974,0
2050,118,48,0.23026122154354928,0
2050,118,51,0.0284643467743133,0
2050,118,53,0.0,0
2050,119,3,0.03147710984518463,0
2050,119,5,0.07287256804126326,0
2050,119,7,0.1963234503770212,0
2050,119,9,0.05556288688226895,0
2050,119,10,0.1318104614852145,0
2050,119,11,0.1689044055731603,0
2050,119,25,0.07583647774659934,0
2050,119,28,0.01030403974580415,0
2050,119,29,0.04295826007832932,0
2050,119,48,0.09171798115896838,0
2050,119,53,0.06838657697562812,0
2050,120,3,0.12081614821942262,0
2050,120,5,0.019938914316756245,0
2050,120,9,0.15114979362792647,0
2050,120,10,0.25605695737578205,0
2050,120,15,0.23874422829528974,0
2050,120,21,0.057771371999993285,0
2050,120,31,0.03404602450473896,0
2050,120,37,0.06932089120342455,0
2050,120,47,0.021394500280617918,0
2050,120,50,0.030761170176047768,0
2050,121,5,0.054230107959817475,0
2050,121,10,0.2903433049862636,0
2050,121,12,0.015388614599458134,0
2050,121,14,0.14106842854565474,0
2050,121,15,0.2732556104303203,0
2050,121,21,0.1598559872146132,0
2050,121,32,0.0637922974814244,0
2050,122,3,0.03464844973405983,0
2050,122,10,0.2746318314557677,0
2050,122,15,0.13482440551609595,0
2050,122,21,0.21110059022891867,0
2050,122,23,0.06346197323764624,0
2050,122,29,0.04498177197322061,0
2050,122,36,0.06991610433877915,0
2050,122,48,0.0958137528529926,0
2050,122,51,0.06464183230300519,0
2050,123,15,1.0,0
2050,124,2,0.13149497689450704,0
2050,124,3,0.16293228892871497,0
2050,124,9,0.0458142625310733,0
2050,124,10,0.24021786108161575,0
2050,124,15,0.12307334391709822,0
2050,124,21,0.1819721013154961,0
2050,124,26,0.023251806773883082,0
2050,124,33,0.09124335855761166,0
2050,125,3,0.2174273114700387,0
2050,125,7,0.08601998623195956,0
2050,125,9,0.13029537873456815,0
2050,125,10,0.15419399755625218,0
2050,125,12,0.02851566323179571,0
2050,125,15,0.3169723105325367,0
2050,125,17,0.06657535224284888,0
2050,126,2,0.027283125188670973,0
2050,126,3,0.1843362786585837,0
2050,126,7,0.05142696817092559,0
2050,126,10,0.27169603157102235,0
2050,126,15,0.23053793066334122,0
2050,126,27,0.12820787114919657,0
2050,126,28,0.04940039209255937,0
2050,126,30,0.05711140250570033,0
2050,127,3,0.4215726299455289,0
2050,127,9,0.08252539182347417,0
2050,127,10,0.3591693438534254,0
2050,127,15,0.01680636902171453,0
2050,127,18,0.014404192345204406,0
2050,127,21,0.04491466832339263,0
2050,127,33,0.06060740468725993,0
2050,128,3,0.15952367905441572,0
2050,128,10,0.4246333877194123,0
2050,128,21,0.22555676877320924,0
2050,128,31,0.04343591244885174,0
2050,128,49,0.1468502520041109,0
2050,129,3,0.31258921373152926,0
2050,129,9,0.07180488380213067,0
2050,129,10,0.23228317999856363,0
2050,129,15,0.3794566290250429,0
2050,130,3,0.5272654636202193,0
2050,130,4,0.0257371048460757,0
2050,130,8,0.01667868692631782,0
2050,130,10,0.25534470747206517,0
2050,130,21,0.010618997207995834,0
2050,130,23,0.023066224712008677,0
2050,130,25,0.01617269703073799,0
2050,130,48,0.03437757267580197,0
2050,130,54,0.08737711808765852,0
2050,131,3,1.0,0
2050,132,3,0.3038921475305239,0
2050,132,10,0.4820792500444184,0
2050,132,15,0.1248357820834485,0
2050,132,28,0.08696691264214831,0
2050,133,10,1.0,0
2050,134,3,0.1027118747499892,0
2050,134,10,0.15616874458691926,0
2050,134,14,0.14278624673943988,0
2050,134,15,0.05021891252648707,0
2050,134,20,0.029491510136104033,0
2050,134,21,0.21173506706863202,0
2050,134,22,0.03334298636066471,0
2050,134,23,0.022821331565189635,0
2050,134,38,0.18946130755898208,0
2050,134,49,0.031102167899063383,0
2050,134,54,0.010779264219184629,0
2050,134,59,0.011733798072628105,0
2050,135,21,1.0,0
2050,136,3,0.17681800856722205,0
2050,136,7,0.01837816136928627,0
2050,136,10,0.03634179128855876,0
2050,136,15,0.27339186517873787,0
2050,136,21,0.17156598842497345,0
2050,136,26,0.08688320158606128,0
2050,136,27,0.03409143751223309,0
2050,136,54,0.011492578114570797,0
2050,136,57,0.1833010409576836,0
2050,137,3,0.15631617223696642,0
2050,137,9,0.13014887684714138,0
2050,137,10,0.2407462210233895,0
2050,137,21,0.0848702345787616,0
2050,137,25,0.1904155683823252,0
2050,137,26,0.03567254144441047,0
2050,137,43,0.01656090612415745,0
2050,137,54,0.03521179473608606,0
2050,137,60,0.09716447082108874,0
2050,138,9,0.0706268345343414,0
2050,138,10,0.24949142729572932,0
2050,138,15,0.16528253253306915,0
2050,138,21,0.06573399489755843,0
2050,138,26,0.17783655147067637,0
2050,138,30,0.04753773128603712,0
2050,138,48,0.17616713769878578,0
2050,138,57,0.03051479795959037,0
2050,139,3,0.19534674628522164,0
2050,139,7,0.1296829016649309,0
2050,139,9,0.203602199518706,0
2050,139,10,0.09102199120889465,0
2050,139,15,0.029897388950361092,0
2050,139,21,0.2193055135484282,0
2050,139,26,0.058686138917800224,0
2050,139,27,0.019969497702814087,0
2050,139,60,0.05161941919392854,0
2050,140,3,0.08266600179258528,0
2050,140,7,0.06940488851594726,0
2050,140,10,0.043465783819875176,0
2050,140,14,0.019744424613164356,0
2050,140,15,0.15476680399220463,0
2050,140,21,0.3341458425785248,0
2050,140,37,0.14841409464264368,0
2050,140,54,0.08404955562072229,0
2050,141,4,0.04140531329580269,0
2050,141,7,0.0723010820878197,0
2050,141,10,0.028704852529453255,0
2050,141,12,0.0132305212435844,0
2050,141,13,0.011765849086347945,0
2050,141,14,0.05767505606805723,0
2050,141,15,0.12051853996529607,0
2050,141,19,0.020652226493512987,0
2050,141,21,0.3027902187844178,0
2050,141,29,0.02677669745590682,0
2050,141,37,0.06830274539968621,0
2050,141,52,0.041440868053061915,0
2050,141,54,0.19330462784923041,0
2050,142,3,0.14991132737166174,0
2050,142,4,0.056252292569942235,0
2050,142,5,0.08802470436464574,0
2050,142,7,0.02707711583603426,0
2050,142,9,0.053647912785268335,0
2050,142,16,0.03982828628504095,0
2050,142,21,0.2745220451085703,0
2050,142,23,0.018569516021404428,0
2050,142,29,0.01933790762826059,0
2050,142,59,0.27083875464317836,0
2050,143,2,0.02031309781878205,0
2050,143,5,0.014399868667771681,0
2050,143,9,0.029987406991962305,0
2050,143,10,0.21383491943162053,0
2050,143,14,0.1270469983549929,0
2050,143,15,0.012633089421001324,0
2050,143,16,0.011945903075653602,0
2050,143,18,0.03281763782745149,0
2050,143,19,0.039647919638913634,0
2050,143,21,0.19796578391818642,0
2050,143,54,0.05442136878099163,0
2050,143,59,0.24028744304909155,0
2050,144,3,0.12262501272706909,0
2050,144,5,0.017061145559146066,0
2050,144,10,0.03805404123136656,0
2050,144,14,0.0683949008443792,0
2050,144,15,0.06253149117273499,0
2050,144,21,0.11801163035079139,0
2050,144,25,0.059966997516833404,0
2050,144,37,0.12757123166140505,0
2050,144,49,0.10949034637374129,0
2050,144,54,0.0950378705153483,0
2050,144,57,0.062174760268012524,0
2050,144,59,0.11908057177917157,0
2050,145,10,0.08915811308385986,0
2050,145,14,0.07892949040688649,0
2050,145,15,0.06670832385293865,0
2050,145,21,0.12334335751253524,0
2050,145,37,0.01954214617234567,0
2050,145,48,0.21399827583798176,0
2050,145,49,0.16702966896961977,0
2050,145,54,0.02319865145200018,0
2050,145,59,0.2180919727118324,0
2050,146,3,0.014774665883225745,0
2050,146,7,0.05007069740528419,0
2050,146,9,0.11251745682740205,0
2050,146,10,0.09775957975423741,0
2050,146,15,0.14345104659336724,0
2050,146,25,0.10792901511038669,0
2050,146,42,0.037578018307321555,0
2050,146,54,0.2825066546024478,0
2050,146,59,0.10337311000555255,0
2050,147,3,0.06820467356448685,0
2050,147,7,0.12997296892693996,0
2050,147,10,0.12743082286152216,0
2050,147,21,0.09008642979137156,0
2050,147,25,0.12871001147166028,0
2050,147,29,0.10513992298131475,0
2050,147,48,0.028501368696858872,0
2050,147,54,0.25072213426878687,0
2050,147,59,0.03287040887524557,0
2050,148,3,0.4115023260954516,0
2050,148,7,0.04309294333456362,0
2050,148,9,0.08114607798775696,0
2050,148,11,0.0821339878974355,0
2050,148,13,0.05326700863374928,0
2050,148,15,0.06282317379764045,0
2050,148,21,0.026873096145506283,0
2050,148,37,0.02590265607722651,0
2050,148,38,0.09415685475127238,0
2050,148,48,0.11681580254408389,0
2050,149,3,0.14289717245304062,0
2050,149,6,0.06165097719944188,0
2050,149,9,0.017119586323597433,0
2050,149,10,0.07039859167052487,0
2050,149,15,0.17277429023394408,0
2050,149,20,0.16112026241280755,0
2050,149,21,0.05902609040661073,0
2050,149,28,0.013002521451219856,0
2050,149,37,0.01685341947494442,0
2050,149,49,0.2693434742933332,0
2050,150,3,0.10788834028732884,0
2050,150,6,0.08783255753456871,0
2050,150,9,0.2926853482109254,0
2050,150,10,0.3247683180635121,0
2050,150,13,0.027077104074585294,0
2050,150,20,0.02224631409093613,0
2050,150,21,0.016719836625889557,0
2050,150,25,0.04966577339465368,0
2050,150,49,0.021209348358844228,0
2050,150,54,0.04812259169486742,0
2050,151,3,0.14806013927992484,0
2050,151,6,0.147776345325504,0
2050,151,9,0.11504018666604071,0
2050,151,10,0.196063645801194,0
2050,151,15,0.1874798293791222,0
2050,151,20,0.08117757252953789,0
2050,151,26,0.030644832053854487,0
2050,151,27,0.08502212999035616,0
2050,152,3,0.12767639227731925,0
2050,152,6,0.1892364758945228,0
2050,152,10,0.3178452726787735,0
2050,152,15,0.03432668346248608,0
2050,152,20,0.1690547636875901,0
2050,152,25,0.020349294706042638,0
2050,152,28,0.020979973937386535,0
2050,152,57,0.10790741139528509,0
2050,153,3,0.38065988923369953,0
2050,153,6,0.168406994927063,0
2050,153,9,0.26220996020171056,0
2050,153,10,0.026679566207836063,0
2050,153,15,0.13071607091227525,0
2050,153,27,0.031327518517415505,0
2050,154,5,0.07200178465842685,0
2050,154,6,0.11634797762412458,0
2050,154,9,0.09923316216942049,0
2050,154,10,0.5176336258658537,0
2050,154,27,0.19478344968217437,0
2050,155,5,0.16888507051426999,0
2050,155,10,0.3664375348853806,0
2050,155,14,0.05197240264601753,0
2050,155,19,0.023569002742598363,0
2050,155,20,0.2999111493571545,0
2050,155,25,0.02594072723149761,0
2050,155,50,0.04994509466744791,0
2050,156,3,0.21437632612950738,0
2050,156,4,0.02793678398377291,0
2050,156,10,0.0877659069578072,0
2050,156,15,0.18989255055137003,0
2050,156,19,0.027291272757861577,0
2050,156,20,0.17372685558322895,0
2050,156,38,0.2106676376213749,0
2050,156,54,0.06237002512794653,0
2050,157,3,0.24740270020506305,0
2050,157,6,0.1658659070689061,0
2050,157,9,0.035534465773224506,0
2050,157,10,0.22245939981355678,0
2050,157,11,0.10675099658417234,0
2050,157,20,0.12937471539067402,0
2050,157,37,0.09261181516440287,0
2050,158,5,0.0832318986232867,0
2050,158,6,0.03308193845173296,0
2050,158,10,0.47061474594241853,0
2050,158,11,0.11336903787136779,0
2050,158,20,0.12745144675905976,0
2050,158,37,0.16384270297478087,0
2050,159,5,0.03853968799741181,0
2050,159,9,0.09784110827976308,0
2050,159,10,0.2651994588246221,0
2050,159,12,0.087513424459757,0
2050,159,15,0.16594899350810416,0
2050,159,20,0.08392129699199828,0
2050,159,30,0.07282809291632948,0
2050,159,38,0.0709481657402868,0
2050,159,48,0.01767296415407069,0
2050,159,49,0.09958680712765652,0
2050,160,9,0.07509180333750592,0
2050,160,10,0.14979179374274415,0
2050,160,12,0.08200827673449616,0
2050,160,15,0.2517097087293,0
2050,160,30,0.0798787878768315,0
2050,160,48,0.07497302039231092,0
2050,160,49,0.1078968402019715,0
2050,160,55,0.17538333466647782,0
2050,161,3,0.1366348978487941,0
2050,161,9,0.0956249617396198,0
2050,161,10,0.18051882886525872,0
2050,161,12,0.17435952281756026,0
2050,161,15,0.1175874783730171,0
2050,161,20,0.14364183890660145,0
2050,161,50,0.06750555470833365,0
2050,161,55,0.07382950367914187,0
2050,162,3,0.033912572081299094,0
2050,162,5,0.07105955903817535,0
2050,162,6,0.04152151237558924,0
2050,162,9,0.016230885499164443,0
2050,162,10,0.10199691422431956,0
2050,162,12,0.04741855159984858,0
2050,162,15,0.03872368258957888,0
2050,162,20,0.2049922082190228,0
2050,162,26,0.015842319863970968,0
2050,162,27,0.015535537850456024,0
2050,162,30,0.021021423144428748,0
2050,162,35,0.22383104530028522,0
2050,162,38,0.10042613522033333,0
2050,162,40,0.05106925329766197,0
2050,162,49,0.016418399695865834,0
2050,163,3,0.014585568084470911,0
2050,163,10,0.10517867804002913,0
2050,163,20,0.15961277994282874,0
2050,163,21,0.04165345349881092,0
2050,163,24,0.08742569848234914,0
2050,163,34,0.0665560344367862,0
2050,163,35,0.3269691976015909,0
2050,163,48,0.02647471466432648,0
2050,163,49,0.11717567433888204,0
2050,163,54,0.040966945763552455,0
2050,164,3,0.06005967550364583,0
2050,164,5,0.026742096874989296,0
2050,164,9,0.02781540355711909,0
2050,164,12,0.02145495836350677,0
2050,164,15,0.051854684207515093,0
2050,164,24,0.04592513760180826,0
2050,164,27,0.1299796838559261,0
2050,164,34,0.08071883465076932,0
2050,164,35,0.09141185696899033,0
2050,164,42,0.01788361102599527,0
2050,164,48,0.3028247343480019,0
2050,164,49,0.13439010007231184,0
2050,165,3,0.01066202907473597,0
2050,165,5,0.2065925834058587,0
2050,165,6,0.01214173036176915,0
2050,165,10,0.16633342139302315,0
2050,165,31,0.01119354512716051,0
2050,165,49,0.06329269757117326,0
2050,165,50,0.32119786714611576,0
2050,165,53,0.036307616872069924,0
2050,165,54,0.09883662614886224,0
2050,165,56,0.06784449768716166,0
2050,166,5,0.12617184550846391,0
2050,166,9,0.03286743673973017,0
2050,166,10,0.1737795463931015,0
2050,166,13,0.019547870750815356,0
2050,166,20,0.03788275541907949,0
2050,166,27,0.1332274813103684,0
2050,166,34,0.04372851410001919,0
2050,166,50,0.10184016932982107,0
2050,166,54,0.19269077187372982,0
2050,166,55,0.02860026611236728,0
2050,166,59,0.10814444578379342,0
2050,167,7,0.06162111333994793,0
2050,167,10,0.11498877675685079,0
2050,167,14,0.07819223097379795,0
2050,167,20,0.14409169303756017,0
2050,167,21,0.11629155558806263,0
2050,167,54,0.18245191361808047,0
2050,167,55,0.14172855732109216,0
2050,167,59,0.11525979281413107,0
2050,168,3,0.20910143956612873,0
2050,168,7,0.1688844052274097,0
2050,168,9,0.02220675350590173,0
2050,168,12,0.09207696298805912,0
2050,168,15,0.024584509982222627,0
2050,168,20,0.012344366075226586,0
2050,168,21,0.07528717531918128,0
2050,168,27,0.013320748865286761,0
2050,168,54,0.09728997264370029,0
2050,168,57,0.14575074819218384,0
2050,168,60,0.08145950816146601,0
2050,169,3,0.025714245801200193,0
2050,169,7,0.038074098714752654,0
2050,169,8,0.021049677179956414,0
2050,169,9,0.0905456209809467,0
2050,169,10,0.18905957660006348,0
2050,169,11,0.02948409056718556,0
2050,169,16,0.05247773638346475,0
2050,169,18,0.05612899960690664,0
2050,169,23,0.015946270060661065,0
2050,169,26,0.04631447548044156,0
2050,169,27,0.09456422076137855,0
2050,169,48,0.18215210821612707,0
2050,169,54,0.09440074250202304,0
2050,169,56,0.05766679269443336,0
2050,170,7,0.023348875910645335,0
2050,170,9,0.11617873745766161,0
2050,170,10,0.12999151954875812,0
2050,170,18,0.051178638421980865,0
2050,170,27,0.035502373147952834,0
2050,170,38,0.02082212722811916,0
2050,170,43,0.02075595551147978,0
2050,170,48,0.11083812566769086,0
2050,170,49,0.03789715765537986,0
2050,170,54,0.36736415871133765,0
2050,170,56,0.030773074430813042,0
2050,170,57,0.04304370401340461,0
2050,171,54,1.0,0
2050,172,48,1.0,0
2050,173,9,0.048808392534818015,0
2050,173,12,0.0356383313021104,0
2050,173,15,0.04664539715071747,0
2050,173,30,0.07861731982345713,0
2050,173,32,0.01670165547631557,0
2050,173,34,0.019115397171271725,0
2050,173,37,0.03139581087062601,0
2050,173,42,0.03897179439000176,0
2050,173,48,0.3484470507141589,0
2050,173,49,0.17723146882704505,0
2050,173,54,0.07648636126106202,0
2050,173,55,0.07272910864798739,0
2050,174,9,0.11004325526827786,0
2050,174,10,0.1439978222068874,0
2050,174,12,0.0968181569670952,0
2050,174,15,0.018357987533924418,0
2050,174,24,0.11597400976601949,0
2050,174,27,0.08857679561432337,0
2050,174,48,0.2950928386291822,0
2050,174,54,0.03686668297793939,0
2050,174,56,0.035700089317230836,0
2050,175,5,0.08873764926479244,0
2050,175,9,0.08516260586754819,0
2050,175,10,0.28877010125945657,0
2050,175,11,0.04715628479080019,0
2050,175,19,0.03212716158341824,0
2050,175,28,0.010401120343213555,0
2050,175,50,0.1956808770112868,0
2050,175,54,0.15216441934577485,0
2050,176,5,0.08597344752936814,0
2050,176,8,0.02362381074176241,0
2050,176,10,0.13548675266585575,0
2050,176,20,0.31651413951092616,0
2050,176,37,0.03706922124316137,0
2050,176,48,0.02051937560692386,0
2050,176,50,0.13035026366097646,0
2050,176,51,0.16609222471045873,0
2050,176,54,0.08437076433056712,0
2050,177,3,0.05996570475655608,0
2050,177,8,0.06177700988256247,0
2050,177,19,0.0180470436841542,0
2050,177,20,0.16156181214725784,0
2050,177,29,0.032186758347773424,0
2050,177,37,0.10046347582011193,0
2050,177,38,0.01624406719870653,0
2050,177,48,0.3338886457982959,0
2050,177,49,0.07636900243350507,0
2050,177,51,0.05987510882239245,0
2050,177,53,0.03533544578845408,0
2050,177,54,0.04315610239689876,0
2050,178,3,0.02141988515055314,0
2050,178,4,0.019504927690895894,0
2050,178,16,0.019510997382136172,0
2050,178,20,0.021675627150551782,0
2050,178,21,0.06341163897459037,0
2050,178,30,0.04621915314719533,0
2050,178,37,0.08372786085396045,0
2050,178,38,0.05124608845395472,0
2050,178,48,0.3786783008392905,0
2050,178,49,0.1594155533073267,0
2050,178,54,0.09748631011027546,0
2050,178,56,0.010336952378728734,0
2050,178,60,0.01912845116740962,0
2050,179,3,0.08649142957287724,0
2050,179,4,0.061285012465026975,0
2050,179,13,0.02243033155569228,0
2050,179,20,0.06691658848232056,0
2050,179,25,0.011626647849232702,0
2050,179,48,0.2687066005845855,0
2050,179,49,0.15798270646891738,0
2050,179,52,0.020733875287199027,0
2050,179,54,0.09665392007727276,0
2050,179,57,0.1284457949838539,0
2050,179,60,0.07872709267302168,0
2050,180,3,0.0441640362421492,0
2050,180,5,0.018343443762179272,0
2050,180,13,0.010322740807685657,0
2050,180,20,0.27732497649255666,0
2050,180,21,0.04227431389837647,0
2050,180,48,0.12513798190538888,0
2050,180,51,0.015528197781186926,0
2050,180,54,0.2565916845347963,0
2050,180,55,0.13822026963741657,0
2050,180,57,0.041130973444381456,0
2050,180,59,0.017687621843228328,0
2050,181,3,0.043109406317370993,0
2050,181,10,0.017544227628050652,0
2050,181,20,0.2757512923192429,0
2050,181,29,0.011178822612943187,0
2050,181,48,0.3071796141827942,0
2050,181,49,0.11201335975700075,0
2050,181,52,0.011943706395319447,0
2050,181,55,0.14578005447484058,0
2050,181,57,0.012965467138337015,0
2050,182,3,0.02448809490099494,0
2050,182,9,0.04153767059500242,0
2050,182,10,0.07625696223387753,0
2050,182,15,0.11922282369988678,0
2050,182,27,0.04305763297183976,0
2050,182,35,0.07929571441449396,0
2050,182,38,0.06440586737741281,0
2050,182,42,0.01898046010027554,0
2050,182,48,0.06101983923938093,0
2050,182,49,0.19267991637494353,0
2050,182,56,0.20807514525436974,0
2050,183,3,0.05192074345831464,0
2050,183,9,0.04668108938671714,0
2050,183,10,0.09701901650226546,0
2050,183,20,0.04009670197301418,0
2050,183,25,0.04166734940756063,0
2050,183,38,0.20517507174468688,0
2050,183,41,0.010104878962353871,0
2050,183,49,0.03461054513742716,0
2050,183,54,0.2871002149166938,0
2050,183,56,0.1834469843632663,0
2050,184,20,1.0,0
2050,185,3,0.054608282422944056,0
2050,185,15,0.05706799064312126,0
2050,185,20,0.29234693728882555,0
2050,185,24,0.06586126974580567,0
2050,185,30,0.03287008499888107,0
2050,185,35,0.040168418335115565,0
2050,185,38,0.2221581122938681,0
2050,185,48,0.1230195452195533,0
2050,185,49,0.03946638616245055,0
2050,185,60,0.05706291252792033,0
2050,186,49,1.0,0
2050,187,3,0.030112032198075504,0
2050,187,6,0.08470344440323381,0
2050,187,9,0.0708508366283683,0
2050,187,10,0.16363393495974254,0
2050,187,20,0.1793534751254843,0
2050,187,25,0.12579506577117416,0
2050,187,50,0.1675486209735715,0
2050,187,57,0.11996076774424709,0
2050,187,60,0.034833583892963475,0
2050,188,10,0.23139577418110835,0
2050,188,20,0.19838051957857702,0
2050,188,26,0.05289032988842846,0
2050,188,27,0.19649698754400594,0
2050,188,28,0.08101254616052,0
2050,188,29,0.0328669871926933,0
2050,188,49,0.1946713319134891,0
2050,188,51,0.012285523541177937,0
2050,189,3,0.08290757154128367,0
2050,189,7,0.21064458398165015,0
2050,189,9,0.3975652785750855,0
2050,189,10,0.08969482916651185,0
2050,189,17,0.05168434255201085,0
2050,189,27,0.1206624804978841,0
2050,189,60,0.04155284162127691,0
2050,190,5,0.038268973638384926,0
2050,190,9,0.20187111291969814,0
2050,190,10,0.12085023772532325,0
2050,190,17,0.03128020881664251,0
2050,190,18,0.029030471261713153,0
2050,190,19,0.07259471278059412,0
2050,190,25,0.12164174428025959,0
2050,190,27,0.18628908948047523,0
2050,190,50,0.13530688302564226,0
2050,190,54,0.0628665660712669,0
2050,191,3,0.024587637227609992,0
2050,191,5,0.027790872034582432,0
2050,191,8,0.034870932164288215,0
2050,191,9,0.10778134384827212,0
2050,191,10,0.03393790778217812,0
2050,191,19,0.11591754187010658,0
2050,191,20,0.0662064541904173,0
2050,191,25,0.18546884784455112,0
2050,191,28,0.05817310896799009,0
2050,191,37,0.07531771100660645,0
2050,191,43,0.0472231482427478,0
2050,191,48,0.031186528742135778,0
2050,191,50,0.048508908231725587,0
2050,191,54,0.10029826361844166,0
2050,191,56,0.022321504946246466,0
2050,191,57,0.013458172668602986,0
2050,192,9,0.05778467606569082,0
2050,192,10,0.027226701883291175,0
2050,192,14,0.025129980877377237,0
2050,192,19,0.041686379370411905,0
2050,192,20,0.3199970052785825,0
2050,192,21,0.04527108381510093,0
2050,192,26,0.0418618979465331,0
2050,192,30,0.06737759845479145,0
2050,192,37,0.0108319838324257,0
2050,192,49,0.21284304508300222,0
2050,192,51,0.03647999852221526,0
2050,192,52,0.08677893615687136,0
2050,192,60,0.016801445641530154,0
2050,193,9,0.04780639291900764,0
2050,193,24,0.029075664618247704,0
2050,193,26,0.052141954972581485,0
2050,193,27,0.08611874066480983,0
2050,193,30,0.010880342119224035,0
2050,193,38,0.032864694222699296,0
2050,193,48,0.0726341913886721,0
2050,193,49,0.51610309074381,0
2050,193,60,0.14618948218036887,0
2050,194,9,0.04643471192046226,0
2050,194,12,0.05704463987839164,0
2050,194,13,0.033506949604927554,0
2050,194,22,0.033688659413098544,0
2050,194,30,0.07294282088313964,0
2050,194,48,0.05630350269665044,0
2050,194,49,0.3523818041505198,0
2050,194,52,0.11352204448767651,0
2050,194,53,0.016450432822541765,0
2050,194,54,0.1271767747613159,0
2050,194,60,0.06196449980603138,0
2050,195,7,0.05889098398455949,0
2050,195,9,0.15042855075523065,0
2050,195,12,0.025208480943343492,0
2050,195,34,0.026872338836730382,0
2050,195,35,0.03432005001192594,0
2050,195,37,0.0632747875383068,0
2050,195,44,0.010294138093773594,0
2050,195,49,0.22057675579570263,0
2050,195,52,0.02666978008833182,0
2050,195,54,0.24453026446476653,0
2050,195,55,0.01349748315368431,0
2050,196,5,0.0631891733915701,0
2050,196,7,0.014656088940455258,0
2050,196,9,0.13511161271519664,0
2050,196,10,0.033926444334406995,0
2050,196,37,0.09950277625124664,0
2050,196,49,0.26085219206064836,0
2050,196,54,0.09497938221674676,0
2050,196,55,0.11959418727929327,0
2050,196,56,0.05155244651488882,0
2050,197,5,0.043998049130077495,0
2050,197,6,0.013170720174236853,0
2050,197,10,0.036788081890641484,0
2050,197,20,0.14112004676061463,0
2050,197,25,0.02814728208877261,0
2050,197,37,0.010366747126945491,0
2050,197,42,0.11848239521354335,0
2050,197,45,0.03813419358626188,0
2050,197,49,0.24617602268866678,0
2050,197,50,0.05357248674602527,0
2050,197,52,0.10847172181781385,0
2050,197,54,0.034176324397538864,0
2050,197,55,0.06966808554004437,0
2050,197,56,0.05772784283881713,0
2050,198,3,0.12101398458730703,0
2050,198,6,0.04690210968800925,0
2050,198,9,0.08210231829533708,0
2050,198,10,0.019236252736473062,0
2050,198,11,0.03972025169911457,0
2050,198,20,0.024733959913941256,0
2050,198,26,0.0358300385621063,0
2050,198,27,0.03909243407656425,0
2050,198,30,0.06091943958529784,0
2050,198,38,0.13277170643248284,0
2050,198,48,0.05747111595346525,0
2050,198,49,0.07277700277640169,0
2050,198,52,0.07233318550564381,0
2050,198,60,0.19509620018785578,0
2050,199,3,0.12422926129443207,0
2050,199,6,0.06909856636589143,0
2050,199,9,0.0809981533577282,0
2050,199,10,0.052944960872016035,0
2050,199,11,0.0633201856405545,0
2050,199,20,0.07117009334717983,0
2050,199,25,0.04700237364631266,0
2050,199,50,0.20753178011810988,0
2050,199,52,0.14281036258455235,0
2050,199,56,0.10359899770550107,0
2050,199,59,0.026806321155281997,0
2050,200,5,0.07824809553958055,0
2050,200,9,0.08773157187097973,0
2050,200,10,0.034069944505240576,0
2050,200,20,0.07718972699604268,0
2050,200,27,0.1053284112260053,0
2050,200,30,0.07238210086643965,0
2050,200,35,0.24108665162130347,0
2050,200,38,0.04762723327426839,0
2050,200,48,0.06762026201075666,0
2050,200,49,0.16731238121826578,0
2050,200,59,0.015138775106546914,0
2050,201,9,0.10179490104101938,0
2050,201,20,0.14952926878783557,0
2050,201,25,0.09475384134776856,0
2050,201,28,0.0895363800043711,0
2050,201,42,0.09289771677560028,0
2050,201,48,0.25173573021888546,0
2050,201,49,0.06254704873152697,0
2050,201,52,0.05165462652771055,0
2050,201,53,0.1031150392719652,0
2050,202,3,0.18857797800894538,0
2050,202,6,0.06878134824150603,0
2050,202,9,0.20901603347261213,0
2050,202,11,0.027703838245993942,0
2050,202,27,0.025304146585811083,0
2050,202,38,0.2333096353104798,0
2050,202,42,0.015111539444993941,0
2050,202,49,0.01726348155759064,0
2050,202,56,0.13992494328447702,0
2050,203,9,0.07416593078543725,0
2050,203,10,0.1996464179378823,0
2050,203,14,0.13764189152286252,0
2050,203,19,0.015052854216313064,0
2050,203,20,0.10457753271193958,0
2050,203,27,0.06340169469403985,0
2050,203,37,0.15890951616770113,0
2050,203,49,0.0715357299361081,0
2050,203,50,0.03522902414777359,0
2050,203,52,0.05443064132021123,0
2050,204,5,0.06073894272361447,0
2050,204,9,0.16277259370917718,0
2050,204,10,0.07925588179470384,0
2050,204,25,0.06285217933459836,0
2050,204,37,0.24716081489943356,0
2050,204,50,0.13643759321455187,0
2050,204,52,0.10733899352398964,0
2050,204,55,0.01613887647436126,0
2050,204,59,0.11665451669145403,0
2050,205,5,0.023028287803165765,0
2050,205,9,0.045274469911827944,0
2050,205,10,0.050128558918046906,0
2050,205,14,0.18280519889692204,0
2050,205,20,0.08590984857550249,0
2050,205,27,0.02227802518217288,0
2050,205,35,0.13830916961296438,0
2050,205,37,0.12862494010764766,0
2050,205,49,0.17964247671756362,0
2050,205,50,0.08305599632711957,0
2050,205,52,0.025789020452896556,0
2050,205,55,0.031777736756908856,0
2050,206,9,1.0,0
2050,207,2,0.13023529562488723,0
2050,207,5,0.07382713304471107,0
2050,207,9,0.17551113632658089,0
2050,207,10,0.1004591098262682,0
2050,207,19,0.07140078016097687,0
2050,207,20,0.16503510178035274,0
2050,207,28,0.1647517992180484,0
2050,207,50,0.04302937337311978,0
2050,207,57,0.07575027064505449,0
2050,208,2,0.12178481782581152,0
2050,208,9,0.2154087427866301,0
2050,208,12,0.08711431164525096,0
2050,208,15,0.15830335231342066,0
2050,208,20,0.045076171139172706,0
2050,208,27,0.07332005516714739,0
2050,208,30,0.11255770033518925,0
2050,208,38,0.068080820112035,0
2050,208,49,0.019795092882196393,0
2050,208,55,0.05591583645193596,0
2050,208,60,0.042643099341210085,0
2050,209,7,0.11952259689813662,0
2050,209,9,0.33416470905431056,0
2050,209,15,0.14343936861184298,0
2050,209,30,0.1069970444763546,0
2050,209,52,0.049682461899294456,0
2050,209,55,0.10445232344615558,0
2050,209,60,0.10103543932784761,0
2050,210,3,0.045059645110816074,0
2050,210,7,0.08766880839862054,0
2050,210,9,0.35575486052874034,0
2050,210,10,0.03594324932409022,0
2050,210,11,0.016640102406117577,0
2050,210,15,0.03742249508390225,0
2050,210,25,0.013204115464077066,0
2050,210,26,0.04955942864741207,0
2050,210,27,0.04710996345938023,0
2050,210,38,0.044061468106247885,0
2050,210,48,0.02120098341167044,0
2050,210,50,0.04067387394169296,0
2050,210,55,0.019015942921336876,0
2050,210,56,0.03785635277181477,0
2050,210,60,0.06410896478562612,0
2050,211,5,0.10124338750023106,0
2050,211,9,0.1626398563349949,0
2050,211,10,0.016553647333193602,0
2050,211,12,0.015350174603807753,0
2050,211,15,0.028606500976260392,0
2050,211,17,0.020883675097465727,0
2050,211,19,0.0484718810893063,0
2050,211,24,0.021383676832551476,0
2050,211,25,0.06371559593886209,0
2050,211,27,0.02003749659246635,0
2050,211,38,0.16586167177888195,0
2050,211,50,0.1633010258579039,0
2050,211,57,0.13520705085828164,0
2050,211,59,0.01668825420431507,0
2050,212,2,0.06420135388049979,0
2050,212,5,0.26270340580209284,0
2050,212,9,0.08278229250816516,0
2050,212,19,0.035453034943854864,0
2050,212,37,0.15032419177840362,0
2050,212,52,0.06491198362935914,0
2050,212,54,0.06494052872597499,0
2050,212,57,0.25257091284234123,0
2050,213,8,0.03973465058615934,0
2050,213,9,0.0222432480065355,0
2050,213,10,0.020270223881484764,0
2050,213,14,0.04309784108039446,0
2050,213,19,0.018155736868402696,0
2050,213,20,0.07168542969976525,0
2050,213,25,0.059918462188112205,0
2050,213,37,0.19406996972885074,0
2050,213,38,0.21376516831648107,0
2050,213,51,0.07631646143176747,0
2050,213,52,0.1827522676221138,0
2050,213,57,0.046122617670909284,0
2050,214,20,0.3789028994382343,0
2050,214,25,0.021506958997544318,0
2050,214,36,0.022854809922260782,0
2050,214,37,0.031996222010056447,0
2050,214,38,0.08801363793708188,0
2050,214,48,0.022949317924953545,0
2050,214,51,0.12468156275308327,0
2050,214,52,0.17063222234711264,0
2050,214,55,0.09157218864329128,0
2050,214,60,0.010444422186298595,0
2050,215,3,0.03483949880575881,0
2050,215,11,0.1003552344838711,0
2050,215,15,0.0635723741268602,0
2050,215,27,0.0103592155219032,0
2050,215,38,0.35571938080556414,0
2050,215,52,0.15217587067679264,0
2050,215,57,0.10268320684953097,0
2050,215,60,0.17088340252540338,0
2050,216,3,0.05919140239707906,0
2050,216,6,0.02534669930571748,0
2050,216,7,0.025933092188741964,0
2050,216,9,0.09039802630162301,0
2050,216,11,0.05544053482035892,0
2050,216,20,0.095381757965949,0
2050,216,28,0.039844567588040364,0
2050,216,38,0.03616451713281932,0
2050,216,52,0.42027694515329644,0
2050,216,56,0.06513338166817162,0
2050,216,60,0.04341104450070881,0
2050,217,5,0.04265174400581677,0
2050,217,8,0.03524532399268968,0
2050,217,10,0.04032726293262082,0
2050,217,12,0.02950213876778965,0
2050,217,14,0.024773867955005077,0
2050,217,20,0.17764196090163845,0
2050,217,27,0.021930126072274403,0
2050,217,28,0.03617508468599225,0
2050,217,38,0.2735522046019844,0
2050,217,52,0.07456263370948879,0
2050,217,55,0.1857966555393373,0
2050,218,38,1.0,0
2050,219,37,1.0,0
2050,220,7,0.028729263317926333,0
2050,220,14,0.023553750493347982,0
2050,220,20,0.0924187710098643,0
2050,220,23,0.026642430686172915,0
2050,220,37,0.43673809990609974,0
2050,220,39,0.025362800324474948,0
2050,220,51,0.05871545718953741,0
2050,220,52,0.16157593963033393,0
2050,220,54,0.04270896888577477,0
2050,220,57,0.07263882653555881,0
2050,220,60,0.024821055441631514,0
2050,221,23,0.05429581313922691,0
2050,221,38,0.11847748345673134,0
2050,221,39,0.03843299490633216,0
2050,221,52,0.5790703245187894,0
2050,221,54,0.08162166367321318,0
2050,221,57,0.10817467668553724,0
2050,222,52,1.0,0
2050,223,55,1.0,0
2050,224,9,0.047264634846975816,0
2050,224,12,0.06660894720432807,0
2050,224,20,0.03205212621565896,0
2050,224,38,0.11670028026021348,0
2050,224,40,0.05501160337894956,0
2050,224,47,0.029673580116910597,0
2050,224,49,0.010618010205350838,0
2050,224,55,0.4998590815757821,0
2050,224,56,0.07558137243838126,0
2050,225,9,0.13072581787323778,0
2050,225,15,0.034950080819073755,0
2050,225,20,0.1040914014254582,0
2050,225,26,0.0263892072964058,0
2050,225,27,0.10155853522126032,0
2050,225,35,0.13869471833773464,0
2050,225,47,0.0700774250761415,0
2050,225,50,0.11472523252296096,0
2050,225,56,0.1325655760994627,0
2050,225,60,0.13139946229928068,0
2050,226,7,0.021639208330785514,0
2050,226,9,0.17264044206642565,0
2050,226,18,0.010054970953804018,0
2050,226,25,0.06627228576243971,0
2050,226,33,0.07025153045498443,0
2050,226,38,0.02234657080223133,0
2050,226,42,0.05702485440075751,0
2050,226,45,0.015498829566272961,0
2050,226,50,0.1233220739682283,0
2050,226,54,0.19217893203525432,0
2050,226,56,0.021417187812324667,0
2050,226,57,0.17939821947153817,0
2050,226,59,0.0479548943749533,0
2050,227,2,0.027284441975354706,0
2050,227,9,0.08305236959151166,0
2050,227,20,0.04060085501256722,0
2050,227,26,0.03061332701462055,0
2050,227,45,0.047391088515274245,0
2050,227,48,0.027632569815227576,0
2050,227,50,0.432673575928393,0
2050,227,55,0.29792427376377695,0
2050,228,50,1.0,0
2050,229,6,0.028592886504990898,0
2050,229,9,0.17383811183088843,0
2050,229,10,0.031183545294862395,0
2050,229,18,0.01908386313726101,0
2050,229,25,0.021022284040924898,0
2050,229,27,0.04354274125139724,0
2050,229,43,0.18737428122611682,0
2050,229,50,0.42288598690921564,0
2050,229,56,0.07247629980434254,0
2050,230,7,0.0589033309108852,0
2050,230,9,0.20735852681984174,0
2050,230,10,0.06982888402913351,0
2050,230,25,0.049815723147911196,0
2050,230,43,0.11140126950090828,0
2050,230,45,0.019496541781396804,0
2050,230,50,0.23894064274256704,0
2050,230,56,0.053775935222901236,0
2050,230,57,0.13055738471242298,0
2050,231,7,0.10308200951793443,0
2050,231,10,0.036693421325170145,0
2050,231,25,0.024175877510866445,0
2050,231,37,0.050218864143256575,0
2050,231,45,0.0469273624080639,0
2050,231,50,0.16219511614320242,0
2050,231,52,0.22514734717616647,0
2050,231,54,0.011846409209327148,0
2050,231,55,0.0686292063447752,0
2050,231,56,0.023019245599149002,0
2050,231,57,0.1760288592015191,0
2050,232,4,0.08261875833089334,0
2050,232,14,0.017513404610182245,0
2050,232,20,0.10143570040152541,0
2050,232,28,0.013195469309389786,0
2050,232,29,0.020062916014019633,0
2050,232,32,0.011788157783533398,0
2050,232,37,0.04699824956448864,0
2050,232,43,0.013004615317182677,0
2050,232,45,0.06619122107797991,0
2050,232,52,0.30378149564920554,0
2050,232,54,0.03888566526960072,0
2050,232,56,0.09100621663231706,0
2050,232,57,0.01224381525763664,0
2050,232,60,0.17640861291975066,0
2050,233,3,0.03467409101524441,0
2050,233,4,0.10864798702874445,0
2050,233,20,0.061741543524260256,0
2050,233,38,0.07691118106316988,0
2050,233,52,0.22495505278576142,0
2050,233,56,0.28417421362282935,0
2050,233,57,0.20367152227827195,0
2050,234,56,1.0,0
2050,235,3,0.04310209245993457,0
2050,235,6,0.02964874662344219,0
2050,235,7,0.06263575271115403,0
2050,235,9,0.20502146480166059,0
2050,235,27,0.10837736451875393,0
2050,235,41,0.08626028382813994,0
2050,235,56,0.3673273702474156,0
2050,235,60,0.0976269248094992,0
2050,236,7,0.0674201129831237,0
2050,236,9,0.17432791111781726,0
2050,236,10,0.016655841071044376,0
2050,236,17,0.10525776157089442,0
2050,236,19,0.15375713814369965,0
2050,236,20,0.08657602162716055,0
2050,236,25,0.06555056404408294,0
2050,236,27,0.06376192704661676,0
2050,236,50,0.09234627978411297,0
2050,236,54,0.09032934010452695,0
2050,236,56,0.08011896211067221,0
2050,237,3,0.025623745836516703,0
2050,237,6,0.04208616347090033,0
2050,237,7,0.042920289501006015,0
2050,237,9,0.183538671574005,0
2050,237,10,0.09803714980823298,0
2050,237,12,0.09164445934871214,0
2050,237,27,0.2189478572917834,0
2050,237,28,0.027733088487599623,0
2050,237,30,0.15649610408901724,0
2050,237,56,0.07054264454817553,0
2050,237,60,0.03328928129044975,0
2050,238,3,0.10793713620968126,0
2050,238,6,0.03885923501273204,0
2050,238,9,0.08846955070867382,0
2050,238,10,0.021912343776107034,0
2050,238,12,0.08701517466250397,0
2050,238,27,0.29423748075218265,0
2050,238,40,0.1362525318903198,0
2050,238,42,0.01773306621360295,0
2050,238,56,0.10511107958164476,0
2050,238,57,0.05969706060982563,0
2050,238,60,0.023907613318327064,0
2050,239,3,0.05446740075900874,0
2050,239,6,0.16344388442917782,0
2050,239,9,0.2396814616768567,0
2050,239,11,0.04129341387940866,0
2050,239,20,0.0942887885764484,0
2050,239,25,0.05476431714310778,0
2050,239,27,0.1035664407665731,0
2050,239,35,0.06537284588134369,0
2050,239,42,0.04956887527885721,0
2050,239,59,0.05359426148177852,0
2050,239,60,0.07556395250726011,0
2050,240,6,0.10194437838061074,0
2050,240,10,0.06588075362244702,0
2050,240,11,0.04655080896684093,0
2050,240,19,0.042275330195522064,0
2050,240,20,0.1993272152384155,0
2050,240,25,0.10836703373090112,0
2050,240,29,0.047905109160722006,0
2050,240,50,0.11832303901832741,0
2050,240,51,0.0692756478078237,0
2050,240,57,0.1686633946940283,0
2050,240,59,0.018040317268991322,0
2050,241,5,0.08943327605482403,0
2050,241,6,0.02820262716432846,0
2050,241,10,0.07033934191257016,0
2050,241,19,0.08450261031508216,0
2050,241,20,0.13796928599555366,0
2050,241,25,0.014562597991359316,0
2050,241,35,0.1891238305804135,0
2050,241,50,0.11195213123573787,0
2050,241,51,0.14781493932964535,0
2050,241,57,0.1201652934131476,0
2050,242,35,1.0,0
2050,243,42,1.0,0
2050,244,7,0.04468056112090477,0
2050,244,9,0.11477738240376582,0
2050,244,10,0.0694887522849553,0
2050,244,27,0.1956483453737384,0
2050,244,28,0.07246052099159299,0
2050,244,42,0.08466633983798955,0
2050,244,50,0.031832351567512344,0
2050,244,52,0.03657188690172667,0
2050,244,57,0.23815441172887702,0
2050,244,59,0.033191828421584656,0
2050,245,9,0.055656505154130655,0
2050,245,10,0.1352662992495243,0
2050,245,25,0.11374089682101288,0
2050,245,27,0.09499623703472697,0
2050,245,28,0.06678219166158814,0
2050,245,50,0.03505343127941995,0
2050,245,57,0.3192472189500346,0
2050,245,59,0.09421330858791403,0
2050,246,57,1.0,0
2050,247,60,1.0,0
2050,248,3,0.02408007033721892,0
2050,248,6,0.03351541312594155,0
2050,248,7,0.018840725912251933,0
2050,248,9,0.15727279906772793,0
2050,248,11,0.036194217591414626,0
2050,248,17,0.09431438827384846,0
2050,248,26,0.032230968849612955,0
2050,248,27,0.10568990449013632,0
2050,248,43,0.10015994188239315,0
2050,248,50,0.0777600170298616,0
2050,248,56,0.18701827752475758,0
2050,248,57,0.024582241326998412,0
2050,248,60,0.10834103458783656,0
2050,249,7,0.08856514480580864,0
2050,249,9,0.09960962077716888,0
2050,249,18,0.2251414820568119,0
2050,249,27,0.022484358266723563,0
2050,249,30,0.1212719792260639,0
2050,249,35,0.012186920778721706,0
2050,249,38,0.06274469745090873,0
2050,249,43,0.16377837337272622,0
2050,249,54,0.012290315450384521,0
2050,249,56,0.13747475997217157,0
2050,249,59,0.04672947196432124,0
2050,250,8,0.025579254921929168,0
2050,250,9,0.1741820379732007,0
2050,250,10,0.04091750648730334,0
2050,250,17,0.14221076710838845,0
2050,250,18,0.027477972041202937,0
2050,250,19,0.06086302318511381,0
2050,250,20,0.09319709367601224,0
2050,250,27,0.021194748041417674,0
2050,250,34,0.025723391791311622,0
2050,250,43,0.016111905228586042,0
2050,250,50,0.2671049368242805,0
2050,250,59,0.090698987147379,0
2050,251,10,0.0927111487297275,0
2050,251,14,0.011868711096472577,0
2050,251,19,0.14435616650909355,0
2050,251,20,0.20498006983660724,0
2050,251,28,0.08148473683799962,0
2050,251,30,0.015049651383291451,0
2050,251,50,0.25306182245056497,0
2050,251,51,0.07205649038649921,0
2050,252,12,0.09657185256603812,0
2050,252,20,0.1480659558256356,0
2050,252,21,0.02133205034870242,0
2050,252,29,0.03304693760713797,0
2050,252,30,0.1122552255924227,0
2050,252,36,0.03737162703981052,0
2050,252,42,0.013243666297612347,0
2050,252,48,0.07722702319619626,0
2050,252,49,0.101063757388423,0
2050,252,52,0.09758451197902568,0
2050,252,55,0.07609428011034855,0
2050,252,56,0.015048025983572957,0
2050,252,57,0.016860129581457654,0
2050,253,4,0.09027837056355646,0
2050,253,12,0.11495327758580608,0
2050,253,17,0.10021073346967295,0
2050,253,30,0.06253235830111037,0
2050,253,37,0.019344715045872096,0
2050,253,38,0.08794641346470815,0
2050,253,48,0.12197985793479435,0
2050,253,52,0.08088921969008275,0
2050,253,53,0.014892695124234306,0
2050,253,56,0.1976982333386149,0
2050,253,60,0.09051736256810125,0
2050,254,6,0.05846573849270415,0
2050,254,11,0.0158894773188173,0
2050,254,17,0.14000631819401205,0
2050,254,25,0.08532383031782742,0
2050,254,43,0.027971260169369058,0
2050,254,45,0.13902152274957938,0
2050,254,52,0.05940034039305219,0
2050,254,56,0.314426116908248,0
2050,254,57,0.11623904399831889,0
2050,255,2,0.027802841096379656,0
2050,255,6,0.058425992589410676,0
2050,255,8,0.030557434420648764,0
2050,255,10,0.014733754646650164,0
2050,255,11,0.1043242600298906,0
2050,255,20,0.06018000102123972,0
2050,255,26,0.099059801992212,0
2050,255,27,0.11386797989700809,0
2050,255,28,0.04530732286130322,0
2050,255,30,0.014114380803208428,0
2050,255,43,0.12398627038558112,0
2050,255,50,0.061457211653621766,0
2050,255,56,0.21473922229492454,0
2050,255,57,0.013443478697866655,0
2050,256,9,0.015673198605951677,0
2050,256,17,0.041615882228299754,0
2050,256,19,0.1976892222546758,0
2050,256,20,0.033189441533612724,0
2050,256,22,0.017712648892801677,0
2050,256,23,0.04312879872534813,0
2050,256,25,0.07770602301032387,0
2050,256,27,0.12591494010459123,0
2050,256,28,0.03194433082248629,0
2050,256,42,0.07807161053182074,0
2050,256,49,0.02833534720648901,0
2050,256,50,0.19389691596766073,0
2050,256,56,0.06551700752783558,0
2050,256,58,0.029894931474128403,0
2050,256,59,0.010663348145972806,0
2050,257,5,0.03070477379361241,0
2050,257,9,0.0969839732882053,0
2050,257,12,0.04264647382497292,0
2050,257,17,0.07986848605447594,0
2050,257,19,0.07862217251064835,0
2050,257,21,0.01030761872778227,0
2050,257,23,0.010746590927861226,0
2050,257,27,0.29324650876540065,0
2050,257,28,0.21962509704112057,0
2050,257,29,0.10729767632151802,0
2050,257,50,0.029950628744402207,0
2050,258,27,1.0,0
2050,259,7,0.07943940892416247,0
2050,259,9,0.018499889760972263,0
2050,259,12,0.04004599304100415,0
2050,259,21,0.01372602458060657,0
2050,259,22,0.2356734014045249,0
2050,259,27,0.38591479109520244,0
2050,259,41,0.02574059508516382,0
2050,259,42,0.1385206290323274,0
2050,260,5,0.04020268192331672,0
2050,260,9,0.13838531568304074,0
2050,260,12,0.03590105268727911,0
2050,260,17,0.2062569027771576,0
2050,260,18,0.08432336077172796,0
2050,260,27,0.3556693608802888,0
2050,260,42,0.013737625387491476,0
2050,260,59,0.12552369988969753,0
2050,261,2,0.09382330768059156,0
2050,261,5,0.13786560763508487,0
2050,261,6,0.10052310586947479,0
2050,261,9,0.01264732746277389,0
2050,261,10,0.02038374080196973,0
2050,261,19,0.0785544125300521,0
2050,261,27,0.22803120358046952,0
2050,261,43,0.04108017600738021,0
2050,261,50,0.24658698152126768,0
2050,261,59,0.03590746985468126,0
2050,262,5,0.04677458694841266,0
2050,262,10,0.02099961083519014,0
2050,262,14,0.10774828329918049,0
2050,262,19,0.026748263634626176,0
2050,262,27,0.18757229020196997,0
2050,262,34,0.018513697019925765,0
2050,262,47,0.01650656695793231,0
2050,262,50,0.21250064022323037,0
2050,262,51,0.18862284957786943,0
2050,262,57,0.028988451617455557,0
2050,262,59,0.14502475968420697,0
2050,263,4,0.06057474718094887,0
2050,263,7,0.022195761675957774,0
2050,263,8,0.018539497905403927,0
2050,263,14,0.05085566746001595,0
2050,263,17,0.013718935316912359,0
2050,263,22,0.03488954345219147,0
2050,263,29,0.01211163565061956,0
2050,263,34,0.11025936368094304,0
2050,263,53,0.13048277588616453,0
2050,263,54,0.2226515156890553,0
2050,263,57,0.03538364299632891,0
2050,263,59,0.26343840341570457,0
2050,264,53,1.0,0
2050,265,2,0.06499924612092059,0
2050,265,7,0.0759910532351819,0
2050,265,9,0.14076349061423973,0
2050,265,12,0.09744676639816166,0
2050,265,13,0.02701485077155889,0
2050,265,17,0.013192186644232225,0
2050,265,22,0.03193040016391777,0
2050,265,25,0.05074962536927333,0
2050,265,28,0.025715667103483858,0
2050,265,33,0.09893359394578584,0
2050,265,36,0.01820999243201202,0
2050,265,37,0.045404137712665396,0
2050,265,42,0.05566439782261853,0
2050,265,52,0.11824224059659127,0
2050,265,55,0.021247296368792235,0
2050,266,2,0.06036966129016161,0
2050,266,12,0.07938344875000207,0
2050,266,14,0.20350314811578,0
2050,266,21,0.15108284625177903,0
2050,266,27,0.056379195864827564,0
2050,266,30,0.1548186221990451,0
2050,266,52,0.01557883986905326,0
2050,266,53,0.08082960989566064,0
2050,266,60,0.027474624410635272,0
2050,267,4,0.11171942567977104,0
2050,267,7,0.018345096298069588,0
2050,267,9,0.018922311453816086,0
2050,267,11,0.07399229345544357,0
2050,267,12,0.0579173108493192,0
2050,267,15,0.0855268777175026,0
2050,267,17,0.037558231497071125,0
2050,267,27,0.11438755558024845,0
2050,267,59,0.30674382845113746,0
2050,267,60,0.16898276276154472,0
2050,268,59,1.0,0
2050,269,9,0.02585175120108678,0
2050,269,12,0.01778989376826743,0
2050,269,29,0.18300168746637316,0
2050,269,34,0.0377074140703542,0
2050,269,36,0.25795068162736406,0
2050,269,54,0.022234921210779423,0
2050,269,59,0.41415606141135264,0
2050,270,2,0.03640322752448595,0
2050,270,9,0.034841594523504896,0
2050,270,12,0.22343864374784214,0
2050,270,17,0.01968176250907367,0
2050,270,20,0.012567811096520729,0
2050,270,21,0.09313789165655285,0
2050,270,22,0.029142236690164944,0
2050,270,28,0.04797597508580078,0
2050,270,29,0.15820760743483012,0
2050,270,32,0.053553680347219336,0
2050,270,36,0.0725441723111284,0
2050,270,59,0.2185053970728762,0
2050,271,12,0.42097300175867514,0
2050,271,20,0.03707487492135296,0
2050,271,21,0.024183760276351392,0
2050,271,23,0.1742142354733891,0
2050,271,28,0.05275050009567934,0
2050,271,29,0.10968154703200689,0
2050,271,30,0.017855039459771863,0
2050,271,32,0.05478421773613859,0
2050,271,48,0.07597547680869546,0
2050,271,59,0.030987040160612746,0
2050,272,7,0.012547098390632939,0
2050,272,12,0.6254300171652111,0
2050,272,22,0.16113762106894516,0
2050,272,30,0.11624122353690687,0
2050,272,48,0.05147847196642214,0
2050,273,12,1.0,0
2050,274,5,0.12675832330749096,0
2050,274,10,0.02660413079335725,0
2050,274,11,0.10643274432035432,0
2050,274,12,0.48449763099000903,0
2050,274,19,0.12933061018868197,0
2050,274,28,0.04306233724483401,0
2050,274,50,0.068498086322356,0
2050,275,5,0.20822026535264168,0
2050,275,10,0.045620361612172394,0
2050,275,11,0.024079069774048112,0
2050,275,12,0.14841033653547714,0
2050,275,19,0.2969589678656841,0
2050,275,27,0.06196417852120125,0
2050,275,28,0.013869773636727402,0
2050,275,50,0.1420209073655798,0
2050,275,51,0.05885613933646807,0
2050,276,34,1.0,0
2050,277,13,0.027842349499232224,0
2050,277,14,0.23263275859509575,0
2050,277,21,0.07742082592697826,0
2050,277,32,0.22650611966439263,0
2050,277,33,0.10095882388481232,0
2050,277,34,0.11221477195155105,0
2050,277,44,0.040590173911120964,0
2050,277,46,0.019505899351178434,0
2050,277,49,0.013481591498629243,0
2050,277,53,0.09523731640454061,0
2050,277,54,0.013789726874302168,0
2050,277,57,0.01009419518522829,0
2050,278,9,0.053153933999600604,0
2050,278,15,0.034982043227810254,0
2050,278,16,0.015680045785365887,0
2050,278,21,0.1031717168581103,0
2050,278,26,0.26011334936904357,0
2050,278,31,0.02984444341104473,0
2050,278,33,0.10020566182965517,0
2050,278,47,0.13836841827147783,0
2050,278,49,0.01688422444358588,0
2050,278,58,0.07886292983274162,0
2050,278,60,0.10797741418467173,0
2050,279,2,0.14512810607743862,0
2050,279,6,0.016200602520848668,0
2050,279,9,0.1479227567296172,0
2050,279,10,0.10085006782629441,0
2050,279,25,0.07784686616565446,0
2050,279,26,0.17617611713850428,0
2050,279,27,0.020282908409880777,0
2050,279,28,0.04554351682162345,0
2050,279,45,0.09500410152918955,0
2050,279,50,0.06894628955370387,0
2050,280,7,0.12122543066599806,0
2050,280,9,0.1527692368287118,0
2050,280,11,0.03480405347419303,0
2050,280,12,0.03299973811288385,0
2050,280,26,0.02675189074359123,0
2050,280,27,0.07297586149161332,0
2050,280,28,0.10257428081222851,0
2050,280,43,0.19897798246767517,0
2050,280,45,0.18318215013983966,0
2050,281,45,1.0,0
2050,282,36,1.0,0
2050,283,4,0.09813654763688875,0
2050,283,9,0.01829083102248899,0
2050,283,12,0.04924847908811837,0
2050,283,15,0.06980124435490032,0
2050,283,16,0.0649992895846688,0
2050,283,21,0.12847704439058655,0
2050,283,22,0.16060839228549842,0
2050,283,27,0.0193511097055403,0
2050,283,32,0.21789857644380725,0
2050,283,36,0.09617810024027873,0
2050,283,53,0.03580600108285502,0
2050,284,3,0.024885362152748895,0
2050,284,4,0.1041155246406487,0
2050,284,7,0.06628233061508433,0
2050,284,8,0.013581779676420176,0
2050,284,12,0.20136522980931645,0
2050,284,15,0.08699159932278577,0
2050,284,17,0.015675376678682577,0
2050,284,18,0.13423838722956774,0
2050,284,22,0.0691182858809456,0
2050,284,32,0.05758825034433176,0
2050,284,43,0.045127055060011835,0
2050,284,45,0.018188681117599866,0
2050,284,56,0.13713883137681077,0
2050,284,59,0.0,0
2050,285,3,0.025252382307167327,0
2050,285,7,0.04825738585091313,0
2050,285,10,0.018879233469019867,0
2050,285,12,0.07463069732823248,0
2050,285,18,0.043036122624182584,0
2050,285,31,0.04721264062863675,0
2050,285,33,0.195595843549734,0
2050,285,36,0.09139988388656307,0
2050,285,37,0.04561906640438503,0
2050,285,38,0.016155997868009638,0
2050,285,39,0.0540295256571814,0
2050,285,43,0.08456110943555317,0
2050,285,45,0.14377500398009324,0
2050,285,56,0.09170268363675844,0
2050,286,9,0.0198550629051499,0
2050,286,11,0.015408172977648007,0
2050,286,12,0.06799884495052327,0
2050,286,15,0.14258699661053656,0
2050,286,16,0.016456919238232205,0
2050,286,18,0.029665694152895848,0
2050,286,21,0.03936741476524239,0
2050,286,22,0.05251169155035098,0
2050,286,27,0.08600302828271762,0
2050,286,32,0.02378737444945299,0
2050,286,43,0.2880557486120803,0
2050,286,45,0.08264545366589254,0
2050,287,3,0.16879338143775469,0
2050,287,4,0.02812232538593594,0
2050,287,7,0.08303834196944478,0
2050,287,12,0.021197658512771382,0
2050,287,16,0.062102176260499894,0
2050,287,18,0.039691114631575236,0
2050,287,22,0.062138515399364075,0
2050,287,29,0.04980912799289717,0
2050,287,43,0.15605275772636565,0
2050,287,45,0.15627842702478187,0
2050,287,53,0.020614705448732194,0
2050,288,3,0.04223480582503603,0
2050,288,4,0.021688228601747305,0
2050,288,17,0.03841503542508449,0
2050,288,18,0.11214159931323944,0
2050,288,21,0.016160082140075586,0
2050,288,28,0.06985243850883406,0
2050,288,29,0.056067131236545824,0
2050,288,43,0.48950114735516087,0
2050,288,45,0.01089360020938515,0
2050,288,50,0.11658531530541304,0
2050,289,43,1.0,0
2050,290,33,1.0,0
2050,291,31,1.0,0
2050,292,32,1.0,0
2050,293,4,0.0189887484473414,0
2050,293,7,0.037884343092726924,0
2050,293,14,0.02987532043040096,0
2050,293,21,0.027486155556061345,0
2050,293,23,0.14294113641537065,0
2050,293,32,0.2954056600850359,0
2050,293,33,0.12946652582947657,0
2050,293,39,0.05357088645931313,0
2050,293,48,0.0147173966637019,0
2050,293,54,0.08495116567952547,0
2050,293,60,0.010277923938535691,0
2050,294,3,0.09648942151536502,0
2050,294,11,0.11005620077461141,0
2050,294,15,0.10891385340664968,0
2050,294,16,0.1387581725842501,0
2050,294,17,0.11629598907735572,0
2050,294,19,0.04245466380970186,0
2050,294,36,0.13062115691380255,0
2050,294,57,0.09291895397023787,0
2050,295,2,0.04695066354750561,0
2050,295,3,0.09749413069250686,0
2050,295,6,0.011726439163200883,0
2050,295,10,0.059577267868594894,0
2050,295,11,0.31554262183606113,0
2050,295,16,0.12009592199708057,0
2050,295,17,0.06384767173365728,0
2050,295,19,0.08724609409052532,0
2050,295,27,0.08106406486433843,0
2050,295,43,0.02288382412152062,0
2050,295,50,0.03690440524897769,0
2050,296,3,0.024624286897904347,0
2050,296,8,0.2036755335297038,0
2050,296,10,0.08324554997017672,0
2050,296,11,0.08055883034195595,0
2050,296,19,0.2024187370303613,0
2050,296,21,0.030121215091610868,0
2050,296,28,0.1257658886599325,0
2050,296,43,0.16356543236142873,0
2050,296,51,0.06456145799205909,0
2050,297,3,0.16487932674178704,0
2050,297,4,0.01118848378926494,0
2050,297,11,0.09880362987445473,0
2050,297,17,0.08934617212207009,0
2050,297,40,0.05872415236283907,0
2050,297,43,0.06944408791227408,0
2050,297,45,0.11069859913299179,0
2050,297,46,0.07293646185927799,0
2050,297,51,0.05679838073497481,0
2050,297,57,0.1627393607871691,0
2050,297,58,0.060610685070811784,0
2050,298,2,0.05085899539574236,0
2050,298,6,0.1822283131495466,0
2050,298,10,0.15176940427844474,0
2050,298,17,0.020016892166388224,0
2050,298,19,0.05722748008287125,0
2050,298,20,0.06964343366753124,0
2050,298,25,0.035809778221280876,0
2050,298,31,0.07263530256894943,0
2050,298,33,0.04129287397194287,0
2050,298,43,0.0,0
2050,298,51,0.19310362896107142,0
2050,298,59,0.067184750019165,0
2050,299,10,0.07659164516771172,0
2050,299,14,0.015658898345438432,0
2050,299,15,0.05435667231074384,0
2050,299,19,0.1143106404345747,0
2050,299,20,0.047793832239694724,0
2050,299,26,0.1517485238103819,0
2050,299,27,0.08405894284758543,0
2050,299,30,0.16934674541191963,0
2050,299,36,0.08030942131338695,0
2050,299,51,0.14831478712152618,0
2050,299,57,0.05200973372445683,0
2050,300,10,0.14908486310113583,0
2050,300,14,0.05300340666608256,0
2050,300,15,0.015545261027997257,0
2050,300,16,0.09436277168672685,0
2050,300,19,0.10069699739815108,0
2050,300,20,0.010027973173833117,0
2050,300,27,0.08816886827248357,0
2050,300,28,0.01776105529170105,0
2050,300,30,0.022651734426085857,0
2050,300,36,0.03880199541135739,0
2050,300,41,0.017408166248860574,0
2050,300,46,0.035181430468555916,0
2050,300,57,0.012914294579711192,0
2050,300,58,0.2386320004467641,0
2050,301,2,0.10146437671555615,0
2050,301,3,0.09039376329663129,0
2050,301,6,0.01886533255520288,0
2050,301,7,0.12555432402719205,0
2050,301,10,0.06116877578721925,0
2050,301,17,0.01265812517805088,0
2050,301,19,0.04805904525659715,0
2050,301,25,0.048921636745831755,0
2050,301,33,0.1473994980822065,0
2050,301,41,0.017850891658381177,0
2050,301,46,0.136300702916539,0
2050,301,57,0.08166345086718708,0
2050,302,4,0.08089163530118636,0
2050,302,8,0.03473278398829613,0
2050,302,14,0.03168366276167285,0
2050,302,16,0.037097179575396225,0
2050,302,19,0.1074579454978822,0
2050,302,23,0.023352763606310667,0
2050,302,26,0.06064722903501961,0
2050,302,30,0.08422671571783934,0
2050,302,31,0.04645035192149762,0
2050,302,36,0.061517552779285674,0
2050,302,40,0.0961025439741201,0
2050,302,43,0.030878631133280807,0
2050,302,53,0.15029842239049176,0
2050,302,57,0.14289995218625823,0
2050,303,4,0.14198854670723837,0
2050,303,11,0.06547640259887884,0
2050,303,15,0.060483977856158264,0
2050,303,16,0.16133414389291928,0
2050,303,40,0.24953380270811037,0
2050,303,46,0.08739366450907789,0
2050,303,56,0.01360513840732903,0
2050,303,57,0.06405995630604328,0
2050,303,60,0.13398970734913254,0
2050,304,3,0.02955492960697062,0
2050,304,11,0.14908837424362822,0
2050,304,12,0.04351982952623582,0
2050,304,13,0.020024652234526822,0
2050,304,16,0.08959119819893697,0
2050,304,17,0.1564214435851825,0
2050,304,19,0.3760189934960206,0
2050,304,38,0.060063375796199726,0
2050,304,56,0.07428974338678286,0
2050,305,19,1.0,0
2050,306,6,0.032182145413723766,0
2050,306,10,0.021019873637536796,0
2050,306,14,0.043335699661192724,0
2050,306,19,0.5143893778513481,0
2050,306,23,0.015079407563809849,0
2050,306,26,0.021841662050099478,0
2050,306,31,0.037046097887825334,0
2050,306,40,0.10851268839097127,0
2050,306,50,0.10383950057562627,0
2050,306,51,0.09375088620679663,0
2050,307,19,0.2200202880213706,0
2050,307,24,0.07867065745320652,0
2050,307,34,0.13639661379734705,0
2050,307,35,0.10130260297160609,0
2050,307,40,0.34665991322767536,0
2050,307,47,0.03667846681114905,0
2050,308,10,0.027181439332993346,0
2050,308,12,0.010038025733729411,0
2050,308,19,0.056662512836875616,0
2050,308,24,0.07420348208643696,0
2050,308,27,0.05438840812640669,0
2050,308,35,0.027712638674533396,0
2050,308,40,0.5168134960315248,0
2050,308,44,0.0764577038131473,0
2050,308,55,0.02471985430071179,0
2050,309,40,1.0,0
2050,310,3,0.01169565089614599,0
2050,310,6,0.09168884820030071,0
2050,310,15,0.039721033984945205,0
2050,310,17,0.05109514477302957,0
2050,310,30,0.10478212588193431,0
2050,310,40,0.6343161485225834,0
2050,310,41,0.018869186955722806,0
2050,310,60,0.047831860785337604,0
2050,311,6,0.2684077406666303,0
2050,311,9,0.013099320980118656,0
2050,311,10,0.07844003682338152,0
2050,311,11,0.04746324601321119,0
2050,311,17,0.056095626488567266,0
2050,311,27,0.08643622940689247,0
2050,311,30,0.1233209681963031,0
2050,311,40,0.17294354854995692,0
2050,311,50,0.030185576084922127,0
2050,311,58,0.08410849216932283,0
2050,312,6,0.12030192707081905,0
2050,312,8,0.038716122521624166,0
2050,312,10,0.09307811120021121,0
2050,312,19,0.04629284872863486,0
2050,312,25,0.08790036026733467,0
2050,312,26,0.20508733110264965,0
2050,312,28,0.1627771765729372,0
2050,312,30,0.09661375531414883,0
2050,312,40,0.10506801966118072,0
2050,312,43,0.03188708026567602,0
2050,313,6,0.25302033166956023,0
2050,313,9,0.048602228899506654,0
2050,313,10,0.03227338241870654,0
2050,313,11,0.15207408753316015,0
2050,313,17,0.257716176646986,0
2050,313,27,0.026993454706462368,0
2050,313,28,0.0647615821359664,0
2050,313,30,0.16455875598965167,0
2050,314,3,0.015157701948808581,0
2050,314,6,0.12243717110962546,0
2050,314,7,0.11623560434923015,0
2050,314,8,0.055173105577103095,0
2050,314,10,0.029767421143808523,0
2050,314,11,0.02281514613908359,0
2050,314,25,0.01138099438833868,0
2050,314,27,0.05119061269876282,0
2050,314,28,0.26747285260799325,0
2050,314,30,0.26975138293122297,0
2050,314,43,0.038618007106023,0
2050,315,6,0.14826967598741977,0
2050,315,7,0.03821267019937196,0
2050,315,8,0.05037226608958547,0
2050,315,10,0.07601583271604437,0
2050,315,11,0.11332363328455371,0
2050,315,28,0.1751469682489564,0
2050,315,30,0.22467645365654493,0
2050,315,43,0.11695714939016294,0
2050,316,6,0.20680317447603264,0
2050,316,10,0.03339872972597119,0
2050,316,11,0.06361992013723655,0
2050,316,17,0.0766330011350114,0
2050,316,25,0.09150144189830232,0
2050,316,28,0.027382462160583876,0
2050,316,30,0.11653664500540467,0
2050,316,40,0.07190971828222956,0
2050,316,43,0.19221709986442362,0
2050,316,56,0.047122018562668004,0
2050,316,60,0.06565630654584614,0
2050,317,3,0.03558737393427043,0
2050,317,6,0.30306980399147077,0
2050,317,9,0.05130532682236383,0
2050,317,10,0.020435924972101734,0
2050,317,11,0.06620332594063029,0
2050,317,17,0.2184408483032662,0
2050,317,27,0.06294409255283559,0
2050,317,30,0.04874841160024042,0
2050,317,40,0.10911236619511443,0
2050,317,58,0.03876062072746596,0
2050,317,60,0.033912449749011524,0
2050,318,2,0.0803960119854775,0
2050,318,6,0.12791440962570266,0
2050,318,9,0.012790657348849446,0
2050,318,10,0.04635171620642503,0
2050,318,17,0.14323849632753857,0
2050,318,25,0.0175776430789166,0
2050,318,26,0.047113457102422346,0
2050,318,27,0.020796956982470874,0
2050,318,28,0.212152362400427,0
2050,318,30,0.2438256852591822,0
2050,318,43,0.04784260368258776,0
2050,319,30,1.0,0
2050,320,3,0.0969714182214704,0
2050,320,6,0.0843500111096113,0
2050,320,17,0.4651054402357127,0
2050,320,30,0.05398087616134184,0
2050,320,40,0.18318881034071233,0
2050,320,56,0.10863114401610914,0
2050,321,2,0.07973730724638844,0
2050,321,6,0.05252015279346951,0
2050,321,10,0.07881068111145006,0
2050,321,17,0.10421346837780816,0
2050,321,27,0.14499788322839224,0
2050,321,28,0.13052644429586616,0
2050,321,30,0.31897222133673636,0
2050,321,40,0.0477035308837171,0
2050,322,7,0.13093041901635816,0
2050,322,9,0.07802358501165879,0
2050,322,10,0.04331920500477651,0
2050,322,17,0.2694357273158902,0
2050,322,26,0.016151151497531793,0
2050,322,28,0.13957470324397303,0
2050,322,30,0.3085945263318677,0
2050,323,2,0.03886761337663326,0
2050,323,6,0.04560659233674086,0
2050,323,7,0.07913946915689876,0
2050,323,9,0.09403809162042703,0
2050,323,17,0.16661372622716583,0
2050,323,26,0.03823456242927738,0
2050,323,28,0.11111001648759786,0
2050,323,30,0.3912908297704656,0
2050,323,43,0.035099098594793474,0
2050,324,2,0.014037204830811483,0
2050,324,16,0.2801411174879716,0
2050,324,17,0.12286870286963801,0
2050,324,20,0.014994682755126188,0
2050,324,21,0.010183169308245294,0
2050,324,23,0.053311996787657134,0
2050,324,28,0.06136517372183433,0
2050,324,30,0.3983763204477369,0
2050,324,53,0.013858737102642021,0
2050,325,16,1.0,0
2050,326,6,0.028596201633068273,0
2050,326,8,0.14040710123536726,0
2050,326,11,0.02958915499446356,0
2050,326,13,0.0387914773373684,0
2050,326,16,0.3515068777239895,0
2050,326,18,0.15996955503242322,0
2050,326,33,0.12095862400491482,0
2050,326,40,0.05817807470020357,0
2050,326,56,0.07126595534969961,0
2050,327,46,1.0,0
2050,328,2,0.14643347408833096,0
2050,328,6,0.2281186579851042,0
2050,328,11,0.18538596600078477,0
2050,328,12,0.04317613874178033,0
2050,328,15,0.030025695646689162,0
2050,328,17,0.04032284578224475,0
2050,328,26,0.06553753166556787,0
2050,328,27,0.07986957333281336,0
2050,328,28,0.06125897007144716,0
2050,328,60,0.05945914085839254,0
2050,329,2,0.14626503901141938,0
2050,329,6,0.13042560907076486,0
2050,329,10,0.03841391739870637,0
2050,329,16,0.1460951826311327,0
2050,329,19,0.08849746665433927,0
2050,329,23,0.11542976195158053,0
2050,329,26,0.16600878340597008,0
2050,329,27,0.09242395629351856,0
2050,329,28,0.04098411499928855,0
2050,330,4,0.22852213532125296,0
2050,330,6,0.07561928054708425,0
2050,330,13,0.013079068331134716,0
2050,330,14,0.04645351541249817,0
2050,330,16,0.19856977268389098,0
2050,330,19,0.1771105978622833,0
2050,330,21,0.055009667587211895,0
2050,330,23,0.01826930070943964,0
2050,330,24,0.17645821032780853,0
2050,330,33,0.010908451217395483,0
2050,331,2,0.07368580835690544,0
2050,331,6,0.17549051269196567,0
2050,331,11,0.2983208389011262,0
2050,331,16,0.2515889463541675,0
2050,331,19,0.04498599012336651,0
2050,331,27,0.02880917327733041,0
2050,331,28,0.12194683182107843,0
2050,332,2,0.15523619861768562,0
2050,332,6,0.281205056271771,0
2050,332,8,0.010952310957459757,0
2050,332,11,0.055822647330541125,0
2050,332,16,0.12167406320213152,0
2050,332,17,0.07235644902595174,0
2050,332,26,0.050536640858672044,0
2050,332,27,0.08109453909130086,0
2050,332,28,0.17112209464448597,0
2050,333,2,0.11304215318054364,0
2050,333,6,0.18098688110126113,0
2050,333,7,0.011077992677269922,0
2050,333,11,0.03901723694250502,0
2050,333,17,0.37866672543292645,0
2050,333,28,0.25998811367044056,0
2050,333,30,0.01710023553622892,0
2050,334,2,0.11814973892874778,0
2050,334,6,0.05177218517532119,0
2050,334,10,0.019201934688323853,0
2050,334,17,0.23720692154379416,0
2050,334,24,0.04571260854059762,0
2050,334,27,0.0665910065651481,0
2050,334,28,0.4613656045580673,0
2050,335,28,1.0,0
2050,336,6,0.25366074055637045,0
2050,336,7,0.0491407210334786,0
2050,336,8,0.04944565772640413,0
2050,336,11,0.011080845224967998,0
2050,336,15,0.08194800537133808,0
2050,336,18,0.05966872886178133,0
2050,336,26,0.049318253550876545,0
2050,336,27,0.05216230007680613,0
2050,336,28,0.18300559512364797,0
2050,336,30,0.05100190919079454,0
2050,336,38,0.041875280114873195,0
2050,336,40,0.029650464224000375,0
2050,336,43,0.05451081673319564,0
2050,337,6,0.4311664525759716,0
2050,337,10,0.01625927449987249,0
2050,337,12,0.041803559559863146,0
2050,337,24,0.04983465722217374,0
2050,337,26,0.225506450848931,0
2050,337,40,0.07262739604980882,0
2050,337,51,0.14606290342307476,0
2050,338,2,0.08397151844465536,0
2050,338,5,0.015642492679096294,0
2050,338,6,0.655518388467396,0
2050,338,11,0.010092423917651389,0
2050,338,28,0.1730187386651173,0
2050,338,30,0.04025280699294403,0
2050,338,58,0.012148914175902043,0
2050,339,2,0.06149252723013825,0
2050,339,5,0.054007756524081296,0
2050,339,6,0.5398095826949313,0
2050,339,10,0.01214634204415083,0
2050,339,11,0.04230109109928484,0
2050,339,26,0.06892830396373684,0
2050,339,27,0.045392182527992084,0
2050,339,28,0.1759222139156847,0
2050,340,2,0.18691034937520454,0
2050,340,5,0.022173277215170678,0
2050,340,6,0.5163232810732868,0
2050,340,10,0.010633380175617399,0
2050,340,27,0.09752521754648784,0
2050,340,28,0.16643449461423274,0
2050,341,2,0.030748763965034877,0
2050,341,6,0.4183948558196928,0
2050,341,14,0.1315448647485881,0
2050,341,19,0.014210204324339504,0
2050,341,26,0.16160870898676832,0
2050,341,28,0.10416929050659088,0
2050,341,51,0.13932331164898526,0
2050,342,6,0.49370610917516006,0
2050,342,11,0.04720416905678679,0
2050,342,12,0.02193318721768111,0
2050,342,15,0.10801710714363862,0
2050,342,17,0.10004355511537821,0
2050,342,40,0.05703881234684196,0
2050,342,47,0.02672364597795569,0
2050,342,58,0.09850588140049628,0
2050,343,2,0.08469010441264613,0
2050,343,6,0.5483447112995,0
2050,343,10,0.059583246061744415,0
2050,343,26,0.032143647421008094,0
2050,343,27,0.09161409698028497,0
2050,343,28,0.12014190233687588,0
2050,343,51,0.057218429763892596,0
2050,344,2,0.1663803453331945,0
2050,344,6,0.40712731307365063,0
2050,344,11,0.21486391502475502,0
2050,344,26,0.043758031207781725,0
2050,344,27,0.010143215107355899,0
2050,344,28,0.12937547551568535,0
2050,344,51,0.020400647057397865,0
2050,345,2,0.18065719855621576,0
2050,345,6,0.4121665302430346,0
2050,345,8,0.0449608786811055,0
2050,345,26,0.09637340397847467,0
2050,345,27,0.05728529856163348,0
2050,345,28,0.15126430256060688,0
2050,345,30,0.05729238741892898,0
2050,346,2,0.010462609928751879,0
2050,346,6,0.3256271101423279,0
2050,346,8,0.07904723596792634,0
2050,346,9,0.01846002167386447,0
2050,346,13,0.23689224291510833,0
2050,346,26,0.021286539428898063,0
2050,346,28,0.16818599406609142,0
2050,346,30,0.07076129329253282,0
2050,346,43,0.0626794262718525,0
2050,347,13,1.0,0
2050,348,6,0.09063306409883817,0
2050,348,13,0.2656607434927883,0
2050,348,14,0.09713011565778368,0
2050,348,26,0.2492936298203104,0
2050,348,39,0.24473726125125664,0
2050,348,51,0.03490211781136431,0
2050,349,6,0.3320275001389247,0
2050,349,13,0.01677918036352322,0
2050,349,14,0.1289955492753417,0
2050,349,26,0.02666326520446062,0
2050,349,36,0.011537925788631297,0
2050,349,39,0.11924809346800674,0
2050,349,40,0.1680332838708355,0
2050,349,44,0.08648256084577026,0
2050,349,46,0.06860047521442597,0
2050,350,6,0.46807755148895747,0
2050,350,7,0.01359452506060898,0
2050,350,15,0.047770659317091714,0
2050,350,16,0.12332226900913705,0
2050,350,24,0.05632746168188944,0
2050,350,26,0.07988609220418032,0
2050,350,27,0.07963663362524506,0
2050,350,40,0.08976659321430112,0
2050,351,6,0.5726034354280622,0
2050,351,7,0.07748178878494169,0
2050,351,13,0.1251638386655169,0
2050,351,15,0.020342892374559017,0
2050,351,16,0.025158228697432387,0
2050,351,26,0.10755219864670144,0
2050,351,30,0.033778984221302724,0
2050,351,40,0.029174691714080672,0
2050,352,6,1.0,0
2050,353,2,0.05674188802253221,0
2050,353,6,0.6685257451933886,0
2050,353,26,0.217727658220196,0
2050,353,27,0.052698524649432886,0
2050,354,2,0.19443338719648984,0
2050,354,6,0.6606955763611276,0
2050,354,26,0.019949152470897222,0
2050,354,27,0.019622087370338055,0
2050,354,28,0.1052997966011472,0
2050,355,2,0.21548430223530624,0
2050,355,6,0.5507597928478989,0
2050,355,28,0.224989828947947,0
2050,356,2,0.09472993688699265,0
2050,356,6,0.48629892255622026,0
2050,356,7,0.15836523350277257,0
2050,356,17,0.013817766619143457,0
2050,356,27,0.01720464595460226,0
2050,356,28,0.2295834944802686,0
2050,357,2,0.050678548919831624,0
2050,357,6,0.5554963005973298,0
2050,357,7,0.05721196562575781,0
2050,357,10,0.031002059694310306,0
2050,357,27,0.07726335702232583,0
2050,357,28,0.22834776814044463,0
2050,358,2,0.15644858043720158,0
2050,358,6,0.4147674165424492,0
2050,358,10,0.022632558072170825,0
2050,358,11,0.06825547000748494,0
2050,358,26,0.09653422375995845,0
2050,358,27,0.169792381329713,0
2050,358,28,0.07156936985102193,0
2050,359,2,0.2265638026922439,0
2050,359,6,0.38310917325496435,0
2050,359,10,0.0326329255099434,0
2050,359,26,0.03172395779795258,0
2050,359,27,0.19773334966631725,0
2050,359,28,0.10854844936525192,0
2050,360,2,0.0873301895633325,0
2050,360,6,0.2151755492815664,0
2050,360,12,0.0434318171378129,0
2050,360,24,0.1056121809840876,0
2050,360,26,0.19203929658355667,0
2050,360,27,0.21143552674831256,0
2050,360,28,0.03803051532547509,0
2050,360,30,0.03358923572751217,0
2050,360,44,0.013890413447578603,0
2050,360,58,0.05946527520076529,0
2050,361,2,0.1510671548145102,0
2050,361,6,0.15608811972091624,0
2050,361,9,0.08005288426822667,0
2050,361,13,0.19442195825412206,0
2050,361,17,0.06980484812366798,0
2050,361,26,0.17808755846739666,0
2050,361,33,0.11070758098119293,0
2050,361,41,0.0597698953699672,0
2050,362,26,1.0,0
2050,363,6,0.24280606914198147,0
2050,363,7,0.01968926219475084,0
2050,363,11,0.12310718844417914,0
2050,363,17,0.11823040714988808,0
2050,363,18,0.03469611794099526,0
2050,363,26,0.1842731581242289,0
2050,363,40,0.031087296397995977,0
2050,363,41,0.07982010828137971,0
2050,363,43,0.06867090193059747,0
2050,363,45,0.0740768474864433,0
2050,364,6,0.20651990118295938,0
2050,364,7,0.039675117585441386,0
2050,364,11,0.21335330090254617,0
2050,364,12,0.06989441046500389,0
2050,364,16,0.14398881425155446,0
2050,364,17,0.06953572047684871,0
2050,364,18,0.05110514742028956,0
2050,364,26,0.06476521339949955,0
2050,364,27,0.1369723700890057,0
2050,365,6,0.3490735154990875,0
2050,365,8,0.06719664192841474,0
2050,365,11,0.1405814137362938,0
2050,365,12,0.11274955992902659,0
2050,365,17,0.06769368582826309,0
2050,365,18,0.05207062321495726,0
2050,365,28,0.1351770967317501,0
2050,365,51,0.02683822849836405,0
2050,365,58,0.031695867802776695,0
