rep_period,timestep,year,scenario,profile_name,value
1,1,2030,0,demand,0.6935342810464644
1,2,2030,0,demand,0.6726867554920396
1,3,2030,0,demand,0.6559066087758461
1,4,2030,0,demand,0.635271610613671
1,5,2030,0,demand,0.6512467084554336
1,6,2030,0,demand,0.6767243298918869
1,7,2030,0,demand,0.676700208755957
1,8,2030,0,demand,0.7310201261910713
1,9,2030,0,demand,0.7885520109916075
1,10,2030,0,demand,0.8771900182854595
1,11,2030,0,demand,0.9508053276075249
1,12,2030,0,demand,1.0036816895209804
1,13,2030,0,demand,1.018979451087397
1,14,2030,0,demand,1.0213242392233237
1,15,2030,0,demand,1.021676111038668
1,16,2030,0,demand,1.0192770810399927
1,17,2030,0,demand,1.0244786578629188
1,18,2030,0,demand,1.016528739001087
1,19,2030,0,demand,0.9693708504415923
1,20,2030,0,demand,0.9232670680326339
1,21,2030,0,demand,0.9115801640313984
1,22,2030,0,demand,0.8527861217232994
1,23,2030,0,demand,0.7941698544735429
1,24,2030,0,demand,0.7535926556766429
1,1,2030,0,solar,0.0
1,2,2030,0,solar,0.0
1,3,2030,0,solar,0.0
1,4,2030,0,solar,0.0
1,5,2030,0,solar,0.0
1,6,2030,0,solar,0.0
1,7,2030,0,solar,0.0
1,8,2030,0,solar,0.0
1,9,2030,0,solar,0.007780831213539197
1,10,2030,0,solar,0.03669860252511524
1,11,2030,0,solar,0.06856024133128609
1,12,2030,0,solar,0.09210432695020783
1,13,2030,0,solar,0.09865104505535224
1,14,2030,0,solar,0.09411651332293487
1,15,2030,0,solar,0.07961944562720775
1,16,2030,0,solar,0.05264400383190315
1,17,2030,0,solar,0.02160491678140019
1,18,2030,0,solar,0.0
1,19,2030,0,solar,0.0
1,20,2030,0,solar,0.0
1,21,2030,0,solar,0.0
1,22,2030,0,solar,0.0
1,23,2030,0,solar,0.0
1,24,2030,0,solar,0.0
1,1,2030,0,wind_offshore,0.3164383628891961
1,2,2030,0,wind_offshore,0.29312916173667336
1,3,2030,0,wind_offshore,0.24579007785629856
1,4,2030,0,wind_offshore,0.19600641465697466
1,5,2030,0,wind_offshore,0.1505398307902813
1,6,2030,0,wind_offshore,0.12020852387407537
1,7,2030,0,wind_offshore,0.1046196985246023
1,8,2030,0,wind_offshore,0.09134946115061492
1,9,2030,0,wind_offshore,0.08908238725011816
1,10,2030,0,wind_offshore,0.08933247953644106
1,11,2030,0,wind_offshore,0.10602796016757043
1,12,2030,0,wind_offshore,0.1059864926764796
1,13,2030,0,wind_offshore,0.09014279495064831
1,14,2030,0,wind_offshore,0.07944869126189799
1,15,2030,0,wind_offshore,0.061423216575811644
1,16,2030,0,wind_offshore,0.034132920989172824
1,17,2030,0,wind_offshore,0.02001415723792718
1,18,2030,0,wind_offshore,0.015525927697075373
1,19,2030,0,wind_offshore,0.010608722117868966
1,20,2030,0,wind_offshore,0.004712537113879025
1,21,2030,0,wind_offshore,0.0038483527601260972
1,22,2030,0,wind_offshore,0.0051620407752509
1,23,2030,0,wind_offshore,0.0031289445198061133
1,24,2030,0,wind_offshore,0.00641826144320039
1,1,2030,0,wind_onshore,0.07918713879937765
1,2,2030,0,wind_onshore,0.0802753996661596
1,3,2030,0,wind_onshore,0.08104479808157727
1,4,2030,0,wind_onshore,0.07993675178940093
1,5,2030,0,wind_onshore,0.0759123397912768
1,6,2030,0,wind_onshore,0.07574625909125832
1,7,2030,0,wind_onshore,0.07938442811635148
1,8,2030,0,wind_onshore,0.08107769186409437
1,9,2030,0,wind_onshore,0.08229994762906499
1,10,2030,0,wind_onshore,0.08106624831983371
1,11,2030,0,wind_onshore,0.07183055070918898
1,12,2030,0,wind_onshore,0.07727050374534293
1,13,2030,0,wind_onshore,0.07837776464199396
1,14,2030,0,wind_onshore,0.07876543109706527
1,15,2030,0,wind_onshore,0.08291736630963459
1,16,2030,0,wind_onshore,0.07726077369120903
1,17,2030,0,wind_onshore,0.07171825516590534
1,18,2030,0,wind_onshore,0.0694499684330062
1,19,2030,0,wind_onshore,0.06758836752579707
1,20,2030,0,wind_onshore,0.05979406698580002
1,21,2030,0,wind_onshore,0.05010289355199466
1,22,2030,0,wind_onshore,0.038725876240742294
1,23,2030,0,wind_onshore,0.035798135044263796
1,24,2030,0,wind_onshore,0.02808066838037479
2,1,2030,0,demand,0.5039838040881239
2,2,2030,0,demand,0.4997063501007318
2,3,2030,0,demand,0.5039707927263857
2,4,2030,0,demand,0.49525134539177595
2,5,2030,0,demand,0.5005492285500203
2,6,2030,0,demand,0.5275670181371749
2,7,2030,0,demand,0.5590069645024969
2,8,2030,0,demand,0.5942485504763934
2,9,2030,0,demand,0.6289675381916384
2,10,2030,0,demand,0.6485100776437085
2,11,2030,0,demand,0.6669338231074391
2,12,2030,0,demand,0.6830008594333684
2,13,2030,0,demand,0.6808394041315569
2,14,2030,0,demand,0.6772922342146035
2,15,2030,0,demand,0.6599402984378292
2,16,2030,0,demand,0.6547791052241219
2,17,2030,0,demand,0.6465070150675812
2,18,2030,0,demand,0.6504496990210534
2,19,2030,0,demand,0.6427500436838871
2,20,2030,0,demand,0.6509879843671802
2,21,2030,0,demand,0.634562524864538
2,22,2030,0,demand,0.5931875136493192
2,23,2030,0,demand,0.5487174273262735
2,24,2030,0,demand,0.5383849994931565
2,1,2030,0,solar,0.0
2,2,2030,0,solar,0.0
2,3,2030,0,solar,0.0
2,4,2030,0,solar,0.0
2,5,2030,0,solar,0.0
2,6,2030,0,solar,0.0
2,7,2030,0,solar,0.000994971595575783
2,8,2030,0,solar,0.048639149607025194
2,9,2030,0,solar,0.1331111131004996
2,10,2030,0,solar,0.23495525668671033
2,11,2030,0,solar,0.33255775847388214
2,12,2030,0,solar,0.3997524828317446
2,13,2030,0,solar,0.4201928679151557
2,14,2030,0,solar,0.42054313645552643
2,15,2030,0,solar,0.3945361905103284
2,16,2030,0,solar,0.34428130659514644
2,17,2030,0,solar,0.25345324470102054
2,18,2030,0,solar,0.12700546551804512
2,19,2030,0,solar,0.016849508697938602
2,20,2030,0,solar,0.0
2,21,2030,0,solar,0.0
2,22,2030,0,solar,0.0
2,23,2030,0,solar,0.0
2,24,2030,0,solar,0.0
2,1,2030,0,wind_offshore,0.6159512595978579
2,2,2030,0,wind_offshore,0.6359294182500352
2,3,2030,0,wind_offshore,0.650298775722231
2,4,2030,0,wind_offshore,0.6489612284942429
2,5,2030,0,wind_offshore,0.6575461352363206
2,6,2030,0,wind_offshore,0.6628354643422497
2,7,2030,0,wind_offshore,0.6607312640529591
2,8,2030,0,wind_offshore,0.6614947204806807
2,9,2030,0,wind_offshore,0.6648780650633739
2,10,2030,0,wind_offshore,0.6541482816898422
2,11,2030,0,wind_offshore,0.6531049171750404
2,12,2030,0,wind_offshore,0.6492916270630313
2,13,2030,0,wind_offshore,0.6442810497921981
2,14,2030,0,wind_offshore,0.6550475305488792
2,15,2030,0,wind_offshore,0.6492087762093036
2,16,2030,0,wind_offshore,0.6553140785989529
2,17,2030,0,wind_offshore,0.6538325231503689
2,18,2030,0,wind_offshore,0.6505572506890265
2,19,2030,0,wind_offshore,0.6510133039754996
2,20,2030,0,wind_offshore,0.655721009604872
2,21,2030,0,wind_offshore,0.6516026296099001
2,22,2030,0,wind_offshore,0.6416042036700548
2,23,2030,0,wind_offshore,0.6452400977546477
2,24,2030,0,wind_offshore,0.6562328092882389
2,1,2030,0,wind_onshore,0.5170063575680952
2,2,2030,0,wind_onshore,0.5120390722441207
2,3,2030,0,wind_onshore,0.5113061205123339
2,4,2030,0,wind_onshore,0.5104340195709535
2,5,2030,0,wind_onshore,0.5146683506474707
2,6,2030,0,wind_onshore,0.5206439157380354
2,7,2030,0,wind_onshore,0.5245382935381832
2,8,2030,0,wind_onshore,0.5187665264710896
2,9,2030,0,wind_onshore,0.5482700944145037
2,10,2030,0,wind_onshore,0.5949156124984646
2,11,2030,0,wind_onshore,0.607276474665262
2,12,2030,0,wind_onshore,0.6232906946634706
2,13,2030,0,wind_onshore,0.6366070101332268
2,14,2030,0,wind_onshore,0.6341244134961377
2,15,2030,0,wind_onshore,0.6381080401371542
2,16,2030,0,wind_onshore,0.6358727763572282
2,17,2030,0,wind_onshore,0.6412197115848848
2,18,2030,0,wind_onshore,0.6363174795790385
2,19,2030,0,wind_onshore,0.5938774453881325
2,20,2030,0,wind_onshore,0.5672935006952133
2,21,2030,0,wind_onshore,0.5365470299019501
2,22,2030,0,wind_onshore,0.5214181578722891
2,23,2030,0,wind_onshore,0.5312314919254472
2,24,2030,0,wind_onshore,0.5072962148544402
3,1,2030,1,demand,0.6555906855799816
3,2,2030,1,demand,0.6470996660196465
3,3,2030,1,demand,0.6376815246300273
3,4,2030,1,demand,0.6265837866938091
3,5,2030,1,demand,0.6376323521574038
3,6,2030,1,demand,0.6639162601478943
3,7,2030,1,demand,0.6814765071196004
3,8,2030,1,demand,0.7314103268340406
3,9,2030,1,demand,0.8258499949397852
3,10,2030,1,demand,0.8982047550809018
3,11,2030,1,demand,0.9783043711901922
3,12,2030,1,demand,1.0210749908700913
3,13,2030,1,demand,1.0433802773759646
3,14,2030,1,demand,1.0386711018491437
3,15,2030,1,demand,1.0309496885634581
3,16,2030,1,demand,1.0174360857335067
3,17,2030,1,demand,1.0019267139293793
3,18,2030,1,demand,0.9868726708508888
3,19,2030,1,demand,0.9555726222350537
3,20,2030,1,demand,0.9344481112747921
3,21,2030,1,demand,0.894691498003242
3,22,2030,1,demand,0.8357314029038908
3,23,2030,1,demand,0.7740700126423247
3,24,2030,1,demand,0.74398238856796
3,1,2030,1,solar,0.0
3,2,2030,1,solar,0.0
3,3,2030,1,solar,0.0
3,4,2030,1,solar,0.0
3,5,2030,1,solar,0.0
3,6,2030,1,solar,0.0002948778210566987
3,7,2030,1,solar,0.05639717260061817
3,8,2030,1,solar,0.2357725377205871
3,9,2030,1,solar,0.4451617208634927
3,10,2030,1,solar,0.6589654855161216
3,11,2030,1,solar,0.772895885926846
3,12,2030,1,solar,0.8111498219108556
3,13,2030,1,solar,0.7641076835646199
3,14,2030,1,solar,0.735934281522419
3,15,2030,1,solar,0.6700390819847806
3,16,2030,1,solar,0.5608218163010383
3,17,2030,1,solar,0.44528591476737506
3,18,2030,1,solar,0.3059445911920371
3,19,2030,1,solar,0.13674633176226683
3,20,2030,1,solar,0.01742767837466252
3,21,2030,1,solar,0.0
3,22,2030,1,solar,0.0
3,23,2030,1,solar,0.0
3,24,2030,1,solar,0.0
3,1,2030,1,wind_offshore,0.0
3,2,2030,1,wind_offshore,0.0
3,3,2030,1,wind_offshore,0.0
3,4,2030,1,wind_offshore,0.0
3,5,2030,1,wind_offshore,0.0
3,6,2030,1,wind_offshore,0.00036417466696430224
3,7,2030,1,wind_offshore,0.0001223292381888149
3,8,2030,1,wind_offshore,0.0
3,9,2030,1,wind_offshore,0.00027105941001495535
3,10,2030,1,wind_offshore,0.0007850919905615791
3,11,2030,1,wind_offshore,0.0
3,12,2030,1,wind_offshore,0.0
3,13,2030,1,wind_offshore,0.0
3,14,2030,1,wind_offshore,0.0
3,15,2030,1,wind_offshore,0.00020941025228210654
3,16,2030,1,wind_offshore,0.0015821295013350774
3,17,2030,1,wind_offshore,0.008565113172282484
3,18,2030,1,wind_offshore,0.013277786812540548
3,19,2030,1,wind_offshore,0.02500749050723887
3,20,2030,1,wind_offshore,0.02971509945166987
3,21,2030,1,wind_offshore,0.04571804953454219
3,22,2030,1,wind_offshore,0.049905647495193786
3,23,2030,1,wind_offshore,0.010359713138775201
3,24,2030,1,wind_offshore,0.001810456262896761
3,1,2030,1,wind_onshore,0.06502679263343958
3,2,2030,1,wind_onshore,0.06132770866812916
3,3,2030,1,wind_onshore,0.0564070444056069
3,4,2030,1,wind_onshore,0.0493181763997604
3,5,2030,1,wind_onshore,0.04157117714439691
3,6,2030,1,wind_onshore,0.03678361138258896
3,7,2030,1,wind_onshore,0.0336879278146935
3,8,2030,1,wind_onshore,0.018933311972705077
3,9,2030,1,wind_onshore,0.016329183956224527
3,10,2030,1,wind_onshore,0.01723049662812588
3,11,2030,1,wind_onshore,0.01846439952933854
3,12,2030,1,wind_onshore,0.027150563183477004
3,13,2030,1,wind_onshore,0.041052762720172116
3,14,2030,1,wind_onshore,0.05723882213747417
3,15,2030,1,wind_onshore,0.07722579862905636
3,16,2030,1,wind_onshore,0.09629677619506068
3,17,2030,1,wind_onshore,0.11221780140038153
3,18,2030,1,wind_onshore,0.12984773971952893
3,19,2030,1,wind_onshore,0.13473730717271237
3,20,2030,1,wind_onshore,0.09648990212254015
3,21,2030,1,wind_onshore,0.08462202029107117
3,22,2030,1,wind_onshore,0.07916923591875595
3,23,2030,1,wind_onshore,0.07588357599107537
3,24,2030,1,wind_onshore,0.07694323304063672
4,1,2030,1,demand,0.5003263523913228
4,2,2030,1,demand,0.4863098627652971
4,3,2030,1,demand,0.4822935780816589
4,4,2030,1,demand,0.4745039806064477
4,5,2030,1,demand,0.4770505009111067
4,6,2030,1,demand,0.4995919007231221
4,7,2030,1,demand,0.5365567494244067
4,8,2030,1,demand,0.5707290117320866
4,9,2030,1,demand,0.6096800092443198
4,10,2030,1,demand,0.6296327270855476
4,11,2030,1,demand,0.6508992986546054
4,12,2030,1,demand,0.6592715808106605
4,13,2030,1,demand,0.6663201686641548
4,14,2030,1,demand,0.6551576750532163
4,15,2030,1,demand,0.6541565385060274
4,16,2030,1,demand,0.651030348857179
4,17,2030,1,demand,0.649870050790458
4,18,2030,1,demand,0.6437349811105368
4,19,2030,1,demand,0.6382781161391088
4,20,2030,1,demand,0.6506109853354389
4,21,2030,1,demand,0.6363892026884465
4,22,2030,1,demand,0.5774763412627648
4,23,2030,1,demand,0.5384118988197616
4,24,2030,1,demand,0.5252582730301916
4,1,2030,1,solar,0.0
4,2,2030,1,solar,0.0
4,3,2030,1,solar,0.0
4,4,2030,1,solar,0.0
4,5,2030,1,solar,0.0
4,6,2030,1,solar,0.0
4,7,2030,1,solar,0.001954665005797818
4,8,2030,1,solar,0.09694514822232492
4,9,2030,1,solar,0.2613918065073706
4,10,2030,1,solar,0.4612776597883033
4,11,2030,1,solar,0.6468081670237456
4,12,2030,1,solar,0.7807108806811716
4,13,2030,1,solar,0.8036025168545023
4,14,2030,1,solar,0.8074747770567297
4,15,2030,1,solar,0.7504072113906938
4,16,2030,1,solar,0.6393500248781627
4,17,2030,1,solar,0.47173472593295634
4,18,2030,1,solar,0.2427054697116688
4,19,2030,1,solar,0.03136725613901487
4,20,2030,1,solar,0.0
4,21,2030,1,solar,0.0
4,22,2030,1,solar,0.0
4,23,2030,1,solar,0.0
4,24,2030,1,solar,0.0
4,1,2030,1,wind_offshore,1.139466828053332
4,2,2030,1,wind_offshore,1.182814747700619
4,3,2030,1,wind_offshore,1.2080493785240383
4,4,2030,1,wind_offshore,1.2154430618282934
4,5,2030,1,wind_offshore,1.1953993751007177
4,6,2030,1,wind_offshore,1.2031482689962063
4,7,2030,1,wind_offshore,1.2040545539317178
4,8,2030,1,wind_offshore,1.2142639366924335
4,9,2030,1,wind_offshore,1.2233410397330542
4,10,2030,1,wind_offshore,1.2180916978551692
4,11,2030,1,wind_offshore,1.2224838424649103
4,12,2030,1,wind_offshore,1.2210826593123878
4,13,2030,1,wind_offshore,1.2264456455928228
4,14,2030,1,wind_offshore,1.21977245169415
4,15,2030,1,wind_offshore,1.2149154119681447
4,16,2030,1,wind_offshore,1.2123542758724795
4,17,2030,1,wind_offshore,1.231045814845458
4,18,2030,1,wind_offshore,1.2400539921010023
4,19,2030,1,wind_offshore,1.2549012744634673
4,20,2030,1,wind_offshore,1.2484681140047003
4,21,2030,1,wind_offshore,1.2262017026523695
4,22,2030,1,wind_offshore,1.191817700537718
4,23,2030,1,wind_offshore,1.2127127094272605
4,24,2030,1,wind_offshore,1.2105950597852995
4,1,2030,1,wind_onshore,0.9655152759361254
4,2,2030,1,wind_onshore,0.9898771643284608
4,3,2030,1,wind_onshore,0.9842193985368682
4,4,2030,1,wind_onshore,0.9888090821427276
4,5,2030,1,wind_onshore,0.9780437348770998
4,6,2030,1,wind_onshore,0.9866503901710367
4,7,2030,1,wind_onshore,1.0136718795995732
4,8,2030,1,wind_onshore,1.0075650468794883
4,9,2030,1,wind_onshore,1.0452169875832995
4,10,2030,1,wind_onshore,1.122623044740664
4,11,2030,1,wind_onshore,1.1220878013762707
4,12,2030,1,wind_onshore,1.1554322163231017
4,13,2030,1,wind_onshore,1.1781208552638576
4,14,2030,1,wind_onshore,1.1724056826694498
4,15,2030,1,wind_onshore,1.1837371040519762
4,16,2030,1,wind_onshore,1.1968672558356488
4,17,2030,1,wind_onshore,1.2080384270278455
4,18,2030,1,wind_onshore,1.1993076571712553
4,19,2030,1,wind_onshore,1.1283594581721694
4,20,2030,1,wind_onshore,1.0708095775104949
4,21,2030,1,wind_onshore,0.9972719338895709
4,22,2030,1,wind_onshore,0.9592472761488878
4,23,2030,1,wind_onshore,0.9911279323092163
4,24,2030,1,wind_onshore,0.9405658982695525
