year,period,rep_period,weight,scenario
2030,1,10,0.15408815660798292,0
2030,1,14,0.8459118433920171,0
2030,2,5,1.0,0
2030,3,1,0.26718608126863064,0
2030,3,5,0.6956504478581416,0
2030,3,7,0.037163470873227925,0
2030,4,1,0.12022714684043195,0
2030,4,10,0.7475736970580351,0
2030,4,12,0.132199156101533,0
2030,5,6,0.09958724566491996,0
2030,5,10,0.13094337304145598,0
2030,5,12,0.7694693812936242,0
2030,6,14,1.0,0
2030,7,5,0.5810085678905929,0
2030,7,8,0.14695727515836773,0
2030,7,14,0.2720341569510394,0
2030,8,5,1.0,0
2030,9,10,0.8827504261681697,0
2030,9,14,0.1172495738318303,0
2030,10,5,0.7446060063146752,0
2030,10,10,0.2553939936853249,0
2030,11,2,0.360582773218416,0
2030,11,6,0.04435895981949723,0
2030,11,10,0.534571199588431,0
2030,11,12,0.06048706737365581,0
2030,12,2,0.8804283494453295,0
2030,12,10,0.11957165055467045,0
2030,13,2,0.24319214022272662,0
2030,13,10,0.03132690880588643,0
2030,13,13,0.7254809509713871,0
2030,14,5,1.0,0
2030,15,5,1.0,0
2030,16,6,1.0,0
2030,17,2,0.8260653420942553,0
2030,17,10,0.0663372342247482,0
2030,17,12,0.1075974236809964,0
2030,18,2,1.0,0
2030,19,2,0.8607572438813212,0
2030,19,10,0.13924275611867878,0
2030,20,2,1.0,0
2030,21,2,0.7245836435125205,0
2030,21,6,0.2625066928600247,0
2030,21,13,0.012909663627454746,0
2030,22,2,0.9421965303518524,0
2030,22,4,0.036118346643582974,0
2030,22,10,0.021685123004564662,0
2030,23,5,0.04097373101683463,0
2030,23,14,0.9590262689831655,0
2030,24,2,0.20441322826220393,0
2030,24,12,0.7955867717377961,0
2030,25,2,0.8289436593300061,0
2030,25,4,0.03440129885413042,0
2030,25,6,0.13665504181586338,0
2030,26,14,1.0,0
2030,27,6,0.7945134502264434,0
2030,27,12,0.20548654977355657,0
2030,28,2,0.8332052709840433,0
2030,28,4,0.13944415214691833,0
2030,28,12,0.027350576869038405,0
2030,29,2,0.9791647410074114,0
2030,29,6,0.02083525899258861,0
2030,30,5,1.0,0
2030,31,6,1.0,0
2030,32,13,1.0,0
2030,33,5,1.0,0
2030,34,1,0.1554015070002645,0
2030,34,5,0.08634140213215208,0
2030,34,6,0.7582570908675834,0
2030,35,3,0.14380369211391997,0
2030,35,5,0.85619630788608,0
2030,36,5,0.7859168358202163,0
2030,36,7,0.06130146222496037,0
2030,36,16,0.15278170195482335,0
2030,37,1,0.7002817908456803,0
2030,37,5,0.2997182091543197,0
2030,38,6,1.0,0
2030,39,2,0.3191674298888582,0
2030,39,6,0.08830386277973194,0
2030,39,14,0.5925287073314098,0
2030,40,2,0.5917527125584229,0
2030,40,4,0.15434155039484374,0
2030,40,6,0.21663025084124984,0
2030,40,11,0.020176668599534164,0
2030,40,12,0.01709881760594939,0
2030,41,4,0.15745710929713827,0
2030,41,6,0.6456648365834653,0
2030,41,13,0.19687805411939652,0
2030,42,13,1.0,0
2030,43,1,0.6198676837624298,0
2030,43,5,0.17161877496827493,0
2030,43,12,0.20851354126929517,0
2030,44,10,0.09507082260278754,0
2030,44,11,0.6778690542720488,0
2030,44,13,0.04912735092681228,0
2030,44,14,0.1779327721983513,0
2030,45,2,0.1328521670693851,0
2030,45,11,0.8671478329306149,0
2030,46,2,0.06852323998988313,0
2030,46,6,0.1337979669455865,0
2030,46,11,0.7976787930645304,0
2030,47,2,0.06802724112500444,0
2030,47,6,0.018303489061665578,0
2030,47,9,0.7437296120190243,0
2030,47,10,0.0618698376713131,0
2030,47,12,0.10806982012299264,0
2030,48,5,0.11627267909062977,0
2030,48,8,0.17088078737169957,0
2030,48,12,0.7128465335376706,0
2030,49,1,1.0,0
2030,50,6,1.0,0
2030,51,6,1.0,0
2030,52,10,1.0,0
2030,53,1,0.3441015594227188,0
2030,53,5,0.6558984405772812,0
2030,54,6,0.884056698799335,0
2030,54,10,0.11594330120066491,0
2030,55,2,1.0,0
2030,56,2,1.0,0
2030,57,2,1.0,0
2030,58,10,0.8025690144930708,0
2030,58,14,0.1974309855069291,0
2030,59,5,1.0,0
2030,60,1,0.17191997133037215,0
2030,60,10,0.7985774337777545,0
2030,60,12,0.029502594891873256,0
2030,61,2,0.5556611994462582,0
2030,61,6,0.3459899907515881,0
2030,61,10,0.09834880980215381,0
2030,62,2,1.0,0
2030,63,2,0.6615406354423398,0
2030,63,5,0.2105513897025732,0
2030,63,8,0.026610538210240783,0
2030,63,12,0.1012974366448464,0
2030,64,2,0.2590774107610297,0
2030,64,11,0.22061980845843804,0
2030,64,14,0.5203027807805324,0
2030,65,10,0.8800259734218834,0
2030,65,14,0.010115367393882453,0
2030,65,15,0.10985865918423418,0
2030,66,6,0.6296465773879041,0
2030,66,12,0.3703534226120959,0
2030,67,2,0.3430298488934584,0
2030,67,4,0.5146122040190066,0
2030,67,14,0.1423579470875349,0
2030,68,6,0.6483443712082574,0
2030,68,9,0.3516556287917426,0
2030,69,3,0.026060343084155044,0
2030,69,13,0.09507073668729726,0
2030,69,14,0.8788689202285478,0
2030,70,2,0.0749065683302658,0
2030,70,12,0.9250934316697342,0
2030,71,2,0.862139163345134,0
2030,71,4,0.0667541976909212,0
2030,71,9,0.07110663896394481,0
2030,72,4,0.056585381521034234,0
2030,72,6,0.9008210618870929,0
2030,72,14,0.04259355659187298,0
2030,73,3,0.048395808576909706,0
2030,73,10,0.9231592583788754,0
2030,73,13,0.02844493304421498,0
2030,74,1,0.07546862596847839,0
2030,74,7,0.101894399484423,0
2030,74,10,0.8226369745470986,0
2030,75,1,0.6866570525188787,0
2030,75,6,0.06222445326585775,0
2030,75,10,0.25111849421526355,0
2030,76,4,0.12587320206118252,0
2030,76,6,0.8741267979388175,0
2030,77,4,0.07762628294919117,0
2030,77,6,0.9223737170508088,0
2030,78,4,0.7974282601983718,0
2030,78,6,0.11797253540832664,0
2030,78,9,0.013548075379590782,0
2030,78,13,0.07105112901371076,0
2030,79,1,0.1570418733246257,0
2030,79,4,0.015169498500796392,0
2030,79,6,0.09156469936801745,0
2030,79,9,0.7362239288065603,0
2030,80,4,0.011495681165346074,0
2030,80,6,0.06348046509515251,0
2030,80,9,0.9250238537395015,0
2030,81,3,0.8960591159507229,0
2030,81,10,0.10394088404927711,0
2030,82,5,0.16334145550041618,0
2030,82,7,0.8366585444995838,0
2030,83,1,0.843091187345519,0
2030,83,5,0.05771405347516367,0
2030,83,7,0.09919475917931726,0
2030,84,1,0.08734119977555266,0
2030,84,4,0.027356241273678483,0
2030,84,6,0.15164052487426452,0
2030,84,9,0.7336620340765043,0
2030,85,4,0.8790791078473047,0
2030,85,13,0.12092089215269537,0
2030,86,1,0.2556036739199978,0
2030,86,8,0.7443963260800023,0
2030,87,5,0.07512619984023948,0
2030,87,7,0.11529618606503654,0
2030,87,8,0.8095776140947241,0
2030,88,8,1.0,0
2030,89,8,0.02976831212185407,0
2030,89,12,0.9702316878781458,0
2030,90,4,0.10873096247581845,0
2030,90,9,0.8912690375241815,0
2030,91,4,0.1669290908790774,0
2030,91,9,0.8330709091209226,0
2030,92,3,1.0,0
2030,93,7,1.0,0
2030,94,1,0.4115357696483966,0
2030,94,7,0.5884642303516033,0
2030,95,1,0.9104463025707785,0
2030,95,3,0.010820644855462497,0
2030,95,4,0.07873305257375902,0
2030,96,1,0.2482976933770433,0
2030,96,9,0.7517023066229568,0
2030,97,1,0.02309648142893652,0
2030,97,4,0.0955043878522686,0
2030,97,9,0.8813991307187949,0
2030,98,4,0.03663867036441289,0
2030,98,9,0.9633613296355872,0
2030,99,4,0.1509883747225389,0
2030,99,9,0.8490116252774612,0
2030,100,4,0.25910495479735013,0
2030,100,9,0.7408950452026499,0
2030,101,1,0.21175874358838606,0
2030,101,9,0.7882412564116139,0
2030,102,4,0.04213964704290144,0
2030,102,9,0.9578603529570986,0
2030,103,9,0.7585415216568883,0
2030,103,11,0.2414584783431117,0
2030,104,4,0.04691064902769765,0
2030,104,9,0.14143712852365956,0
2030,104,11,0.7622313331789107,0
2030,104,12,0.04942088926973215,0
2030,105,9,0.7315408210523058,0
2030,105,11,0.10560181302158403,0
2030,105,14,0.16285736592611014,0
2030,106,4,0.019918550909468962,0
2030,106,9,0.6855615446264953,0
2030,106,11,0.26112125493999544,0
2030,106,12,0.02310597448807278,0
2030,106,14,0.010292675035967513,0
2030,107,3,0.8819074931667016,0
2030,107,7,0.11809250683329851,0
2030,108,7,1.0,0
2030,109,3,0.26258102455074717,0
2030,109,4,0.0980532961617536,0
2030,109,8,0.6393656792874993,0
2030,110,1,0.7263072639078916,0
2030,110,3,0.08198274386936333,0
2030,110,4,0.18145843953252871,0
2030,110,8,0.010251552690216357,0
2030,111,3,0.14066161194404428,0
2030,111,4,0.7010360741362589,0
2030,111,8,0.1583023139196968,0
2030,112,1,0.39335119199925855,0
2030,112,4,0.6066488080007415,0
2030,113,7,1.0,0
2030,114,5,0.03518325425208877,0
2030,114,7,0.6264802243356706,0
2030,114,8,0.3383365214122407,0
2030,115,7,0.8234423158515723,0
2030,115,8,0.17655768414842765,0
2030,116,1,0.07497031313246047,0
2030,116,7,0.09510033210540039,0
2030,116,8,0.8299293547621392,0
2030,117,3,0.32242869718258177,0
2030,117,4,0.6019462151336794,0
2030,117,13,0.07562508768373886,0
2030,118,7,1.0,0
2030,119,3,0.6536108483145171,0
2030,119,7,0.3463891516854829,0
2030,120,7,1.0,0
2030,121,7,1.0,0
2030,122,1,0.3902779027921142,0
2030,122,7,0.6097220972078858,0
2030,123,3,0.381481439426193,0
2030,123,7,0.6185185605738069,0
2030,124,1,0.06960769272634212,0
2030,124,7,0.8579805765333485,0
2030,124,8,0.07241173074030927,0
2030,125,7,1.0,0
2030,126,7,1.0,0
2030,127,7,1.0,0
2030,128,1,0.9841722704512451,0
2030,128,9,0.015827729548754936,0
2030,129,3,0.31369644402564484,0
2030,129,4,0.6312536139619116,0
2030,129,7,0.05504994201244355,0
2030,130,7,1.0,0
2030,131,4,0.5776775594503194,0
2030,131,8,0.20831184827496357,0
2030,131,14,0.21401059227471717,0
2030,132,11,0.09992245246491814,0
2030,132,14,0.900077547535082,0
2030,133,7,0.17415463789953892,0
2030,133,8,0.825845362100461,0
2030,134,3,0.6742762570378028,0
2030,134,7,0.325723742962197,0
2030,135,1,0.2705597869453115,0
2030,135,12,0.7294402130546885,0
2030,136,4,0.7020008847132643,0
2030,136,8,0.14961131452925053,0
2030,136,11,0.14838780075748517,0
2030,137,1,0.07212857410811452,0
2030,137,4,0.012697166730544485,0
2030,137,9,0.7298252483170624,0
2030,137,12,0.18534901084427854,0
2030,138,3,0.7601219085553212,0
2030,138,8,0.1695792332624274,0
2030,138,14,0.07029885818225129,0
2030,139,3,0.76135531910132,0
2030,139,7,0.23864468089868007,0
2030,140,1,0.09526163114309737,0
2030,140,12,0.9047383688569026,0
2030,141,3,0.14500071793858335,0
2030,141,4,0.8032942705368143,0
2030,141,13,0.0517050115246023,0
2030,142,7,1.0,0
2030,143,1,0.3481138034611903,0
2030,143,7,0.6518861965388097,0
2030,144,1,0.6137336210191792,0
2030,144,3,0.1328101293505093,0
2030,144,7,0.25345624963031166,0
2030,145,1,0.0628675248562135,0
2030,145,7,0.8980053977217067,0
2030,145,8,0.03912707742207977,0
2030,146,1,0.03698189349521666,0
2030,146,4,0.3099233894990568,0
2030,146,9,0.6530947170057265,0
2030,147,1,0.13214146091737014,0
2030,147,4,0.01091348598456808,0
2030,147,9,0.8569450530980617,0
2030,148,4,1.0,0
2030,149,7,0.8034346341727638,0
2030,149,8,0.19656536582723605,0
2030,150,8,1.0,0
2030,151,8,1.0,0
2030,152,7,0.06369343766150647,0
2030,152,8,0.9363065623384934,0
2030,153,1,0.16688204323434766,0
2030,153,4,0.6297100483259932,0
2030,153,8,0.20340790843965909,0
2030,154,1,0.08016548059971842,0
2030,154,7,0.6914986532887574,0
2030,154,8,0.22833586611152423,0
2030,155,1,1.0,0
2030,156,9,0.9191856234043855,0
2030,156,11,0.08081437659561459,0
2030,157,9,0.9405750814726855,0
2030,157,11,0.05942491852731454,0
2030,158,9,1.0,0
2030,159,4,0.10953971216414149,0
2030,159,9,0.8904602878358585,0
2030,160,4,0.1993341735083398,0
2030,160,9,0.8006658264916602,0
2030,161,4,1.0,0
2030,162,1,0.10618036177947224,0
2030,162,3,0.303221849536261,0
2030,162,8,0.5905977886842667,0
2030,163,1,0.6804928289809574,0
2030,163,3,0.06338598126357285,0
2030,163,7,0.06585451283195067,0
2030,163,8,0.19026667692351912,0
2030,164,1,0.7713139703352763,0
2030,164,3,0.05046027209614254,0
2030,164,4,0.17822575756858122,0
2030,165,1,0.3156533026542207,0
2030,165,4,0.2801606420185176,0
2030,165,9,0.3176555131066698,0
2030,165,12,0.0865305422205919,0
2030,166,9,1.0,0
2030,167,4,0.8041536791321452,0
2030,167,9,0.19584632086785472,0
2030,168,7,1.0,0
2030,169,7,0.9190516960998867,0
2030,169,16,0.08094830390011326,0
2030,170,7,0.8595964643852912,0
2030,170,16,0.14040353561470884,0
2030,171,7,1.0,0
2030,172,1,1.0,0
2030,173,9,1.0,0
2030,174,9,1.0,0
2030,175,9,0.9488148919049975,0
2030,175,11,0.05118510809500255,0
2030,176,9,1.0,0
2030,177,4,0.3704547055649293,0
2030,177,9,0.6295452944350708,0
2030,178,3,0.7695067308132248,0
2030,178,7,0.2041084230030429,0
2030,178,15,0.026384846183732307,0
2030,179,7,1.0,0
2030,180,7,0.8399766682647145,0
2030,180,16,0.1600233317352854,0
2030,181,7,1.0,0
2030,182,7,1.0,0
2030,183,7,0.9160463524894128,0
2030,183,8,0.08395364751058712,0
2030,184,3,0.11960595345967386,0
2030,184,8,0.8082090494901627,0
2030,184,15,0.07218499705016336,0
2030,185,7,1.0,0
2030,186,1,0.8557459098969593,0
2030,186,9,0.14425409010304066,0
2030,187,4,0.11795855208344812,0
2030,187,9,0.8820414479165519,0
2030,188,4,0.3935706463571039,0
2030,188,9,0.6064293536428961,0
2030,189,3,0.5698914723255581,0
2030,189,4,0.37107295843041804,0
2030,189,13,0.059035569244023894,0
2030,190,1,0.023606780993007517,0
2030,190,7,0.9763932190069925,0
2030,191,1,0.5972621602530921,0
2030,191,3,0.1486569421037389,0
2030,191,7,0.18309946862451718,0
2030,191,15,0.07098142901865202,0
2030,192,3,1.0,0
2030,193,1,1.0,0
2030,194,1,0.21902075739592045,0
2030,194,9,0.6802015726601344,0
2030,194,12,0.10077766994394512,0
2030,195,1,0.11444217117810383,0
2030,195,4,0.07343893524082508,0
2030,195,9,0.812118893581071,0
2030,196,3,0.27513736580499787,0
2030,196,4,0.6582413963155364,0
2030,196,13,0.06662123787946587,0
2030,197,7,0.758954259662968,0
2030,197,16,0.24104574033703205,0
2030,198,7,0.40514398366620186,0
2030,198,16,0.5948560163337983,0
2030,199,1,0.9111737086283517,0
2030,199,16,0.08882629137164835,0
2030,200,4,0.912991081385292,0
2030,200,9,0.08700891861470808,0
2030,201,3,0.08995410908333562,0
2030,201,8,0.1335924070885042,0
2030,201,16,0.7764534838281602,0
2030,202,1,0.013818022183870286,0
2030,202,7,0.9630190505389075,0
2030,202,8,0.023162927277222262,0
2030,203,4,0.02790049918449659,0
2030,203,9,0.9720995008155033,0
2030,204,9,1.0,0
2030,205,4,1.0,0
2030,206,4,0.3350010907565426,0
2030,206,8,0.599988726791729,0
2030,206,10,0.06501018245172852,0
2030,207,3,0.1976091748739239,0
2030,207,4,0.7798345823378331,0
2030,207,16,0.02255624278824296,0
2030,208,3,0.3146914800913987,0
2030,208,7,0.47697877131851635,0
2030,208,16,0.20832974859008505,0
2030,209,7,1.0,0
2030,210,7,1.0,0
2030,211,1,0.11983159050999495,0
2030,211,7,0.621238224320184,0
2030,211,8,0.03093488697487197,0
2030,211,16,0.22799529819494901,0
2030,212,1,0.5933081969137246,0
2030,212,3,0.14986074322757598,0
2030,212,15,0.014625367231656763,0
2030,212,16,0.24220569262704272,0
2030,213,1,0.5697952948694831,0
2030,213,4,0.3022463905212193,0
2030,213,10,0.015459749980810197,0
2030,213,16,0.11249856462848738,0
2030,214,1,0.05244996107727329,0
2030,214,7,0.8043176237989187,0
2030,214,16,0.143232415123808,0
2030,215,1,0.7104871548324623,0
2030,215,7,0.04269160481571712,0
2030,215,16,0.24682124035182057,0
2030,216,1,0.0649488863223514,0
2030,216,3,0.07142380993938408,0
2030,216,7,0.8636273037382646,0
2030,217,1,0.18971878187780852,0
2030,217,3,0.7707428750100489,0
2030,217,4,0.039538343112142514,0
2030,218,7,0.7301098123398573,0
2030,218,16,0.2698901876601428,0
2030,219,7,1.0,0
2030,220,1,1.0,0
2030,221,4,0.16783932426880802,0
2030,221,9,0.832160675731192,0
2030,222,3,0.8960169726744242,0
2030,222,15,0.10398302732557592,0
2030,223,7,1.0,0
2030,224,7,1.0,0
2030,225,1,0.7019039241408003,0
2030,225,12,0.2980960758591997,0
2030,226,2,0.056773064776406854,0
2030,226,9,0.805482588391108,0
2030,226,11,0.13774434683248526,0
2030,227,4,0.19000533189113658,0
2030,227,9,0.8099946681088634,0
2030,228,4,1.0,0
2030,229,5,0.09528174443916393,0
2030,229,7,0.1808186544915834,0
2030,229,8,0.04562579415344979,0
2030,229,16,0.6782738069158029,0
2030,230,7,1.0,0
2030,231,7,1.0,0
2030,232,1,0.1703169328806863,0
2030,232,7,0.8296830671193137,0
2030,233,1,0.8431633351879109,0
2030,233,4,0.04821513231249051,0
2030,233,9,0.022209941528025162,0
2030,233,12,0.08641159097157351,0
2030,234,1,0.30950829186505363,0
2030,234,4,0.6904917081349464,0
2030,235,1,0.3766538533734945,0
2030,235,4,0.6233461466265056,0
2030,236,1,0.8412185168488657,0
2030,236,3,0.11902488147551513,0
2030,236,8,0.010509812474714322,0
2030,236,10,0.029246789200904864,0
2030,237,3,0.0577730869065423,0
2030,237,7,0.20474220825323072,0
2030,237,8,0.737484704840227,0
2030,238,1,0.7263163670466668,0
2030,238,4,0.019021655673661146,0
2030,238,12,0.2546619772796721,0
2030,239,1,0.5767223437476707,0
2030,239,6,0.2770657785633313,0
2030,239,9,0.1462118776889981,0
2030,240,2,0.1799884204142851,0
2030,240,6,0.03447937921550249,0
2030,240,9,0.7855322003702124,0
2030,241,6,0.2530984671427515,0
2030,241,9,0.7469015328572485,0
2030,242,4,0.037824176767532754,0
2030,242,6,0.24301157790079508,0
2030,242,9,0.7191642453316721,0
2030,243,4,0.011420958791683065,0
2030,243,6,0.254065740677966,0
2030,243,9,0.734513300530351,0
2030,244,6,0.18595119297866325,0
2030,244,9,0.8140488070213366,0
2030,245,4,0.02671103449193361,0
2030,245,6,0.019146283588181028,0
2030,245,9,0.8525394605370918,0
2030,245,13,0.10160322138279348,0
2030,246,7,1.0,0
2030,247,7,1.0,0
2030,248,1,0.7363098494555322,0
2030,248,4,0.08525884806255762,0
2030,248,8,0.013944830787784915,0
2030,248,10,0.028014022740961975,0
2030,248,12,0.06002547046607276,0
2030,248,14,0.07644697848709045,0
2030,249,11,1.0,0
2030,250,11,1.0,0
2030,251,3,0.05746219682893629,0
2030,251,4,0.6803074573000552,0
2030,251,8,0.13286660460365413,0
2030,251,14,0.12936374126735445,0
2030,252,1,0.05178990177277075,0
2030,252,9,0.8752300099274518,0
2030,252,12,0.0729800882997774,0
2030,253,1,0.7015664192245261,0
2030,253,8,0.15524145914890872,0
2030,253,12,0.11147362274835766,0
2030,253,14,0.031718498878207504,0
2030,254,7,1.0,0
2030,255,1,0.2861686860049866,0
2030,255,7,0.12307762325290565,0
2030,255,8,0.5907536907421078,0
2030,256,1,0.5993596636147355,0
2030,256,8,0.3580591342423029,0
2030,256,12,0.04258120214296171,0
2030,257,1,0.18512817831262066,0
2030,257,3,0.5464387265611141,0
2030,257,4,0.2684330951262653,0
2030,258,3,0.6173736006708714,0
2030,258,4,0.33512350380527217,0
2030,258,13,0.047502895523856434,0
2030,259,1,0.010498876240191194,0
2030,259,3,0.020615581215963952,0
2030,259,4,0.7429561752208522,0
2030,259,7,0.22592936732299274,0
2030,260,1,0.13990498156211012,0
2030,260,3,0.01954359800151099,0
2030,260,4,0.029560299544508156,0
2030,260,7,0.8109911208918706,0
2030,261,1,0.7580579460023602,0
2030,261,3,0.24194205399763982,0
2030,262,4,0.5854970986986693,0
2030,262,9,0.08898030388228843,0
2030,262,11,0.32552259741904244,0
2030,263,3,0.10071588831886227,0
2030,263,8,0.8363031975193413,0
2030,263,15,0.06298091416179627,0
2030,264,1,0.7649063695548176,0
2030,264,3,0.03528556656927608,0
2030,264,4,0.19980806387590627,0
2030,265,1,0.20590301818838014,0
2030,265,9,0.6811005317990061,0
2030,265,12,0.11299645001261371,0
2030,266,3,1.0,0
2030,267,1,0.7852691772011375,0
2030,267,7,0.21473082279886252,0
2030,268,4,0.14493699226900275,0
2030,268,8,0.8038768301577222,0
2030,268,14,0.05118617757327516,0
2030,269,3,0.016274670176075073,0
2030,269,7,0.9837253298239249,0
2030,270,7,1.0,0
2030,271,1,0.3901293277250602,0
2030,271,7,0.6098706722749399,0
2030,272,7,1.0,0
2030,273,7,1.0,0
2030,274,7,1.0,0
2030,275,1,1.0,0
2030,276,1,0.1264035559143261,0
2030,276,4,0.03464269248986888,0
2030,276,9,0.6017908577177276,0
2030,276,12,0.23716289387807749,0
2030,277,4,0.9470049769197841,0
2030,277,14,0.05299502308021589,0
2030,278,1,0.3349641238770874,0
2030,278,7,0.6650358761229125,0
2030,279,4,0.10425940132335768,0
2030,279,9,0.8957405986766424,0
2030,280,3,1.0,0
2030,281,1,0.5973643982920844,0
2030,281,12,0.4026356017079156,0
2030,282,1,1.0,0
2030,283,4,0.8092303215944315,0
2030,283,9,0.19076967840556858,0
2030,284,7,1.0,0
2030,285,7,1.0,0
2030,286,1,1.0,0
2030,287,3,1.0,0
2030,288,1,0.40857651320185967,0
2030,288,7,0.5914234867981404,0
2030,289,1,0.28507563312835216,0
2030,289,9,0.7149243668716478,0
2030,290,3,1.0,0
2030,291,1,0.7896395658295737,0
2030,291,7,0.21036043417042632,0
2030,292,4,1.0,0
2030,293,1,0.07928249548919011,0
2030,293,4,0.019965651412511654,0
2030,293,9,0.8305040836312516,0
2030,293,12,0.07024776946704653,0
2030,294,3,0.22859100501457846,0
2030,294,4,0.7714089949854216,0
2030,295,3,0.664523416742818,0
2030,295,7,0.33547658325718194,0
2030,296,9,0.0692492324263836,0
2030,296,12,0.9307507675736163,0
2030,297,4,0.09238993416688106,0
2030,297,11,0.8833036239847794,0
2030,297,12,0.024306441848339622,0
2030,298,3,0.6663572079537776,0
2030,298,5,0.042899426289951664,0
2030,298,7,0.19459405418712597,0
2030,298,15,0.09614931156914483,0
2030,299,4,0.570096311114115,0
2030,299,11,0.27681460328650737,0
2030,299,13,0.015282968542180345,0
2030,299,14,0.13780611705719725,0
2030,300,1,1.0,0
2030,301,4,0.23309781156329124,0
2030,301,9,0.4743246737685687,0
2030,301,11,0.18255086059975845,0
2030,301,12,0.1100266540683815,0
2030,302,1,0.34578545562667,0
2030,302,4,0.6542145443733299,0
2030,303,1,0.3196799865115791,0
2030,303,3,0.12608841988417302,0
2030,303,4,0.022637675970220237,0
2030,303,7,0.5315939176340276,0
2030,304,4,0.688290853048275,0
2030,304,9,0.047391601333242175,0
2030,304,12,0.2643175456184828,0
2030,305,1,0.027536036717009053,0
2030,305,4,0.972463963282991,0
2030,306,3,0.15507118918630744,0
2030,306,8,0.8449288108136925,0
2030,307,3,0.8250829422423016,0
2030,307,7,0.08127015864326131,0
2030,307,8,0.09364689911443715,0
2030,308,1,0.8634116041395029,0
2030,308,12,0.13658839586049704,0
2030,309,3,0.9572680277850255,0
2030,309,15,0.042731972214974566,0
2030,310,3,0.03784265270013535,0
2030,310,7,0.8581236220654355,0
2030,310,15,0.10403372523442926,0
2030,311,7,0.8356706914329348,0
2030,311,15,0.16432930856706524,0
2030,312,1,1.0,0
2030,313,3,0.6888238380347499,0
2030,313,7,0.08460261985739718,0
2030,313,15,0.22657354210785288,0
2030,314,7,0.7400018729087143,0
2030,314,8,0.2599981270912856,0
2030,315,8,0.5796037343693415,0
2030,315,12,0.4203962656306584,0
2030,316,4,0.3042888722620621,0
2030,316,11,0.6275682751055317,0
2030,316,12,0.06814285263240603,0
2030,317,4,0.10713212060142348,0
2030,317,12,0.8928678793985765,0
2030,318,3,0.04458757713256593,0
2030,318,4,0.9341522222119161,0
2030,318,14,0.021260200655517942,0
2030,319,3,0.7216153991241495,0
2030,319,14,0.170050236432375,0
2030,319,15,0.10833436444347558,0
2030,320,12,1.0,0
2030,321,3,0.24085906352737133,0
2030,321,8,0.7477386348993259,0
2030,321,15,0.011402301573302832,0
2030,322,3,1.0,0
2030,323,1,0.8648453415116847,0
2030,323,4,0.07625585598577576,0
2030,323,12,0.05889880250253956,0
2030,324,4,0.6416820770147341,0
2030,324,9,0.3378851349150309,0
2030,324,11,0.020432788070234936,0
2030,325,4,0.7730603352732198,0
2030,325,11,0.13787961517030253,0
2030,325,12,0.08906004955647771,0
2030,326,3,0.6390394453909958,0
2030,326,14,0.3609605546090043,0
2030,327,1,0.1428899792076703,0
2030,327,7,0.8154751340939094,0
2030,327,8,0.0416348866984203,0
2030,328,3,0.023336271423460744,0
2030,328,4,0.9766637285765393,0
2030,329,1,0.11960912393205439,0
2030,329,7,0.07425831616629099,0
2030,329,8,0.030295956512460927,0
2030,329,12,0.7533585545746643,0
2030,329,15,0.022478048814529198,0
2030,330,4,0.778354404581462,0
2030,330,8,0.016542699222723767,0
2030,330,12,0.20510289619581434,0
2030,331,4,0.9623070499493412,0
2030,331,15,0.03769295005065876,0
2030,332,3,0.27112013725019735,0
2030,332,4,0.6550898615212694,0
2030,332,15,0.07379000122853327,0
2030,333,8,1.0,0
2030,334,4,0.821889068901864,0
2030,334,11,0.17811093109813605,0
2030,335,4,0.623926807901545,0
2030,335,9,0.37607319209845497,0
2030,336,1,0.26539160045689375,0
2030,336,4,0.7346083995431062,0
2030,337,4,0.7931807182233716,0
2030,337,11,0.031147462054397897,0
2030,337,12,0.17567181972223048,0
2030,338,4,0.07911871829719361,0
2030,338,9,0.02051644456401415,0
2030,338,11,0.8808833890295588,0
2030,338,12,0.019481448109233468,0
2030,339,3,0.69609180084349,0
2030,339,14,0.3039081991565101,0
2030,340,1,0.94366572386007,0
2030,340,15,0.05633427613993004,0
2030,341,3,0.0931194910470208,0
2030,341,7,0.21065030797298853,0
2030,341,15,0.6962302009799907,0
2030,342,3,0.11119346273199321,0
2030,342,7,0.7368705894327893,0
2030,342,15,0.15193594783521763,0
2030,343,12,1.0,0
2030,344,3,0.6307402730919214,0
2030,344,8,0.24542830238990693,0
2030,344,11,0.12383142451817161,0
2030,345,3,0.7586372148499188,0
2030,345,8,0.12398175529883303,0
2030,345,14,0.024553915254811765,0
2030,345,15,0.0928271145964364,0
2030,346,4,0.1333472797912762,0
2030,346,9,0.12044482415964493,0
2030,346,12,0.7462078960490788,0
2030,347,4,0.12338875537524527,0
2030,347,9,0.27742648900395517,0
2030,347,11,0.5991847556207995,0
2030,348,4,0.0104556259540333,0
2030,348,9,0.6217476645940718,0
2030,348,11,0.367796709451895,0
2030,349,4,0.749257052385855,0
2030,349,11,0.2507429476141449,0
2030,350,1,1.0,0
2030,351,3,0.1783630456987577,0
2030,351,4,0.8216369543012424,0
2030,352,4,0.15798552191389395,0
2030,352,9,0.7438230081799584,0
2030,352,12,0.09819146990614758,0
2030,353,3,0.6509575705181154,0
2030,353,15,0.34904242948188446,0
2030,354,1,0.23694940451552138,0
2030,354,12,0.7630505954844786,0
2030,355,4,0.16568319188568867,0
2030,355,9,0.546172771625119,0
2030,355,11,0.28814403648919235,0
2030,356,11,1.0,0
2030,357,11,1.0,0
2030,358,11,1.0,0
2030,359,8,0.04222989408978937,0
2030,359,11,0.9475006362006568,0
2030,359,14,0.01026946970955374,0
2030,360,8,0.12077739867565296,0
2030,360,11,0.8185439860142839,0
2030,360,14,0.06067861531006323,0
2030,361,4,0.056389730321880646,0
2030,361,11,0.8550891563624368,0
2030,361,12,0.0885211133156826,0
2030,362,4,0.022056850113365795,0
2030,362,11,0.9779431498866341,0
2030,363,4,0.014290637458049227,0
2030,363,11,0.9730057957416938,0
2030,363,12,0.012703566800257027,0
2030,364,11,1.0,0
2030,365,2,1.0,0
2030,1,14,1.0,1
2030,2,5,0.8883123367410284,1
2030,2,8,0.11168766325897168,1
2030,3,1,0.5553828879363713,1
2030,3,5,0.44461711206362886,1
2030,4,10,0.2237360791644144,1
2030,4,12,0.567251378112306,1
2030,4,13,0.2090125427232797,1
2030,5,2,0.19925951738421194,1
2030,5,6,0.1473876849141344,1
2030,5,12,0.6533527977016538,1
2030,6,2,0.0689814141683501,1
2030,6,11,0.1173709889424972,1
2030,6,14,0.8136475968891527,1
2030,7,5,0.22663659536911535,1
2030,7,8,0.38792355811580076,1
2030,7,14,0.38543984651508373,1
2030,8,5,1.0,1
2030,9,10,0.35214201257118366,1
2030,9,14,0.6478579874288164,1
2030,10,5,0.3279579444313061,1
2030,10,10,0.672042055568694,1
2030,11,2,0.8631630765773258,1
2030,11,10,0.09140092973168899,1
2030,11,12,0.04543599369098515,1
2030,12,2,1.0,1
2030,13,2,0.5478614927896912,1
2030,13,13,0.4521385072103089,1
2030,14,5,1.0,1
2030,15,5,1.0,1
2030,16,6,1.0,1
2030,17,2,1.0,1
2030,18,2,1.0,1
2030,19,2,1.0,1
2030,20,2,1.0,1
2030,21,2,1.0,1
2030,22,2,1.0,1
2030,23,14,1.0,1
2030,24,2,0.3670019951538988,1
2030,24,12,0.6329980048461011,1
2030,25,2,1.0,1
2030,26,14,1.0,1
2030,27,2,0.0830599386834747,1
2030,27,6,0.9169400613165253,1
2030,28,2,1.0,1
2030,29,2,1.0,1
2030,30,5,0.8672705688701781,1
2030,30,14,0.13272943112982194,1
2030,31,6,1.0,1
2030,32,13,1.0,1
2030,33,5,1.0,1
2030,34,1,0.012394413153678677,1
2030,34,6,0.9876055868463214,1
2030,35,3,0.15177501917609146,1
2030,35,5,0.825271224497654,1
2030,35,13,0.0229537563262546,1
2030,36,5,0.8022996481956135,1
2030,36,7,0.018882998328218045,1
2030,36,16,0.1788173534761685,1
2030,37,1,0.9053712951501649,1
2030,37,5,0.09462870484983511,1
2030,38,2,0.2632015268871437,1
2030,38,6,0.5711273160782855,1
2030,38,9,0.1656711570345707,1
2030,39,2,0.6651028314282301,1
2030,39,14,0.3348971685717698,1
2030,40,2,0.943681816299802,1
2030,40,9,0.02989134565749526,1
2030,40,11,0.02642683804270277,1
2030,41,6,0.9225904373302672,1
2030,41,13,0.07740956266973273,1
2030,42,13,1.0,1
2030,43,1,0.01790311951463486,1
2030,43,5,0.09807065256946412,1
2030,43,12,0.884026227915901,1
2030,44,2,0.08486263765816322,1
2030,44,11,0.9151373623418367,1
2030,45,2,0.1205254589306872,1
2030,45,11,0.8794745410693129,1
2030,46,2,0.1944740927187996,1
2030,46,11,0.8055259072812004,1
2030,47,2,0.16725976967446501,1
2030,47,9,0.8062130596363878,1
2030,47,11,0.02652717068914728,1
2030,48,12,1.0,1
2030,49,1,0.7224470364643895,1
2030,49,2,0.02614049600071946,1
2030,49,12,0.25141246753489116,1
2030,50,6,1.0,1
2030,51,6,1.0,1
2030,52,10,0.730919486299736,1
2030,52,13,0.2690805137002641,1
2030,53,1,0.6188833786709939,1
2030,53,5,0.38111662132900614,1
2030,54,6,1.0,1
2030,55,2,1.0,1
2030,56,2,1.0,1
2030,57,2,1.0,1
2030,58,10,0.16150496600758507,1
2030,58,14,0.838495033992415,1
2030,59,5,1.0,1
2030,60,6,0.22672183075337324,1
2030,60,10,0.6251947097372192,1
2030,60,12,0.1480834595094076,1
2030,61,2,0.8191320892968754,1
2030,61,6,0.1808679107031246,1
2030,62,2,1.0,1
2030,63,2,0.8900251309251208,1
2030,63,12,0.10997486907487923,1
2030,64,2,0.3558462879647603,1
2030,64,11,0.6218638079842675,1
2030,64,14,0.022289904050972115,1
2030,65,10,0.6489650048016349,1
2030,65,14,0.3510349951983652,1
2030,66,6,0.7393593290605257,1
2030,66,9,0.2203713961744899,1
2030,66,12,0.04026927476498439,1
2030,67,2,0.6059271752462224,1
2030,67,4,0.11650051089862078,1
2030,67,9,0.21010301237037005,1
2030,67,11,0.010097126599410413,1
2030,67,13,0.01321177500581035,1
2030,67,14,0.04416039987956597,1
2030,68,2,0.13624661606536378,1
2030,68,9,0.8637533839346362,1
2030,69,14,1.0,1
2030,70,2,0.2923963987884982,1
2030,70,12,0.7076036012115018,1
2030,71,2,0.8419112786465448,1
2030,71,11,0.1580887213534552,1
2030,72,2,0.2906803529993626,1
2030,72,6,0.4287443901770668,1
2030,72,9,0.2805752568235706,1
2030,73,4,0.05426594943974868,1
2030,73,10,0.5905920171155081,1
2030,73,13,0.35514203344474327,1
2030,74,1,0.17512065597097845,1
2030,74,10,0.8248793440290216,1
2030,75,1,0.6310803866326292,1
2030,75,6,0.30668231416552616,1
2030,75,10,0.06223729920184457,1
2030,76,6,0.8865166658320814,1
2030,76,9,0.11348333416791861,1
2030,77,6,0.7738918924390805,1
2030,77,9,0.22610810756091956,1
2030,78,9,0.813360590485258,1
2030,78,13,0.18663940951474192,1
2030,79,9,1.0,1
2030,80,9,1.0,1
2030,81,3,0.8039517232462962,1
2030,81,13,0.17523068346415568,1
2030,81,14,0.02081759328954812,1
2030,82,5,0.14134392063671714,1
2030,82,7,0.8586560793632828,1
2030,83,1,1.0,1
2030,84,9,1.0,1
2030,85,9,0.7517727729877589,1
2030,85,13,0.2482272270122411,1
2030,86,1,0.04226794581771658,1
2030,86,8,0.8753107176633215,1
2030,86,12,0.08242133651896187,1
2030,87,8,1.0,1
2030,88,8,1.0,1
2030,89,2,0.1446680276581518,1
2030,89,9,0.02661602454705385,1
2030,89,11,0.16335107127371612,1
2030,89,12,0.6653648765210783,1
2030,90,9,1.0,1
2030,91,9,1.0,1
2030,92,3,1.0,1
2030,93,7,1.0,1
2030,94,1,0.8543991548270784,1
2030,94,7,0.14560084517292163,1
2030,95,1,0.6993843874549055,1
2030,95,4,0.0409268886400535,1
2030,95,9,0.25968872390504105,1
2030,96,9,1.0,1
2030,97,9,1.0,1
2030,98,9,1.0,1
2030,99,9,1.0,1
2030,100,9,1.0,1
2030,101,9,1.0,1
2030,102,9,1.0,1
2030,103,9,0.7750500250168717,1
2030,103,11,0.2249499749831283,1
2030,104,9,0.07300232160800559,1
2030,104,11,0.9269976783919944,1
2030,105,9,0.6231668918731361,1
2030,105,11,0.3768331081268639,1
2030,106,9,0.5913177230465725,1
2030,106,11,0.40868227695342746,1
2030,107,3,1.0,1
2030,108,1,0.15120514504661203,1
2030,108,7,0.848794854953388,1
2030,109,4,0.2623528794305541,1
2030,109,8,0.6360275231066325,1
2030,109,13,0.10161959746281352,1
2030,110,1,0.31784390207124147,1
2030,110,4,0.6232846759312916,1
2030,110,8,0.04269936392900399,1
2030,110,9,0.01617205806846303,1
2030,111,4,1.0,1
2030,112,1,0.20534374892426574,1
2030,112,4,0.5276403514139456,1
2030,112,9,0.2389194093850511,1
2030,112,12,0.028096490276737697,1
2030,113,7,1.0,1
2030,114,5,0.01635716396431933,1
2030,114,7,0.04955466965995434,1
2030,114,8,0.9340881663757262,1
2030,115,7,0.26677057123936626,1
2030,115,8,0.7332294287606337,1
2030,116,1,0.13821553823197433,1
2030,116,8,0.8617844617680257,1
2030,117,4,0.7696569867691467,1
2030,117,13,0.23034301323085324,1
2030,118,7,1.0,1
2030,119,3,0.8699119241307179,1
2030,119,7,0.1300880758692821,1
2030,120,3,0.03736872589708402,1
2030,120,7,0.962631274102916,1
2030,121,7,1.0,1
2030,122,1,0.7643324759049663,1
2030,122,7,0.23566752409503372,1
2030,123,3,0.7563850209434467,1
2030,123,7,0.24361497905655333,1
2030,124,1,0.013172081786437464,1
2030,124,7,0.30172092982974513,1
2030,124,8,0.6851069883838175,1
2030,125,7,1.0,1
2030,126,7,1.0,1
2030,127,7,1.0,1
2030,128,1,0.7242570416540016,1
2030,128,9,0.2757429583459984,1
2030,129,3,0.05944439172045395,1
2030,129,4,0.9405556082795461,1
2030,130,7,1.0,1
2030,131,4,0.5999903585153797,1
2030,131,14,0.40000964148462026,1
2030,132,11,0.2030257983000406,1
2030,132,14,0.7969742016999593,1
2030,133,8,1.0,1
2030,134,3,0.847701619418462,1
2030,134,7,0.152298380581538,1
2030,135,12,1.0,1
2030,136,4,0.2220424048673642,1
2030,136,8,0.0960136818253473,1
2030,136,9,0.060644187127843294,1
2030,136,11,0.6212997261794453,1
2030,137,9,1.0,1
2030,138,3,0.6465292722866316,1
2030,138,11,0.09259404353153222,1
2030,138,14,0.2608766841818361,1
2030,139,3,1.0,1
2030,140,9,0.09290688714766983,1
2030,140,12,0.9070931128523302,1
2030,141,4,0.7863641337874502,1
2030,141,13,0.2136358662125498,1
2030,142,7,0.9051342003945101,1
2030,142,8,0.09486579960548998,1
2030,143,1,0.721535851636243,1
2030,143,7,0.25999954901931693,1
2030,143,8,0.018464599344440117,1
2030,144,1,0.7250496080713948,1
2030,144,3,0.15952943079235346,1
2030,144,8,0.10451177402201955,1
2030,144,10,0.01090918711423215,1
2030,145,1,0.16827942866745318,1
2030,145,7,0.6014793653620524,1
2030,145,8,0.23024120597049458,1
2030,146,9,1.0,1
2030,147,9,1.0,1
2030,148,4,0.4860539889984157,1
2030,148,9,0.34136288009839405,1
2030,148,13,0.17258313090319038,1
2030,149,7,0.27149105175529975,1
2030,149,8,0.7285089482447002,1
2030,150,8,1.0,1
2030,151,8,1.0,1
2030,152,8,1.0,1
2030,153,1,0.03704118416854769,1
2030,153,4,0.8730319385132594,1
2030,153,8,0.01833091659406235,1
2030,153,12,0.07159596072413055,1
2030,154,7,0.17967764137896228,1
2030,154,8,0.8203223586210378,1
2030,155,1,0.7661676299025434,1
2030,155,12,0.2338323700974566,1
2030,156,9,0.8469163966002178,1
2030,156,11,0.15308360339978228,1
2030,157,9,0.8437292245907575,1
2030,157,11,0.1562707754092425,1
2030,158,9,1.0,1
2030,159,9,1.0,1
2030,160,9,0.9396036746127131,1
2030,160,11,0.06039632538728692,1
2030,161,4,0.24514102775215388,1
2030,161,9,0.7548589722478461,1
2030,162,1,0.01196968657734289,1
2030,162,3,0.07234351011993118,1
2030,162,4,0.24803124123627385,1
2030,162,8,0.6676555620664522,1
2030,163,1,0.844796702080285,1
2030,163,4,0.030524424779819283,1
2030,163,8,0.12467887313989577,1
2030,164,1,0.36007855004873895,1
2030,164,4,0.6041113435763813,1
2030,164,9,0.03581010637487979,1
2030,165,1,0.11539778474494065,1
2030,165,9,0.8846022152550593,1
2030,166,9,1.0,1
2030,167,4,0.050557667796422325,1
2030,167,9,0.9494423322035777,1
2030,168,7,1.0,1
2030,169,7,0.8567856778403307,1
2030,169,16,0.14321432215966934,1
2030,170,7,0.9012055920932225,1
2030,170,16,0.0987944079067775,1
2030,171,7,0.9663202524235102,1
2030,171,16,0.03367974757648983,1
2030,172,1,0.7992865552737717,1
2030,172,12,0.2007134447262283,1
2030,173,9,1.0,1
2030,174,9,1.0,1
2030,175,9,0.8895832389392262,1
2030,175,11,0.11041676106077378,1
2030,176,9,0.9013103350833921,1
2030,176,11,0.09868966491660784,1
2030,177,9,1.0,1
2030,178,3,1.0,1
2030,179,7,0.9362327273818108,1
2030,179,16,0.06376727261818922,1
2030,180,7,0.646263376910749,1
2030,180,16,0.35373662308925086,1
2030,181,7,1.0,1
2030,182,7,1.0,1
2030,183,7,0.3245714692485558,1
2030,183,8,0.6754285307514442,1
2030,184,4,0.01263839294100714,1
2030,184,8,0.9416117750902556,1
2030,184,14,0.045749831968737206,1
2030,185,7,0.8284786227592481,1
2030,185,8,0.1715213772407519,1
2030,186,1,0.642289444298389,1
2030,186,9,0.3577105557016111,1
2030,187,9,1.0,1
2030,188,9,1.0,1
2030,189,3,0.04415165757735362,1
2030,189,4,0.8947497141976117,1
2030,189,13,0.06109862822503473,1
2030,190,1,0.08832711994608496,1
2030,190,7,0.8361763488493257,1
2030,190,8,0.07549653120458931,1
2030,191,1,0.7355499235791525,1
2030,191,3,0.17924120867296817,1
2030,191,16,0.08520886774787936,1
2030,192,3,1.0,1
2030,193,1,1.0,1
2030,194,9,1.0,1
2030,195,9,1.0,1
2030,196,4,0.7079302515700414,1
2030,196,13,0.29206974842995853,1
2030,197,7,0.3800151228627625,1
2030,197,8,0.01187841894549536,1
2030,197,16,0.6081064581917421,1
2030,198,7,0.2809202902431011,1
2030,198,16,0.7190797097568989,1
2030,199,1,1.0,1
2030,200,9,0.9819098133407241,1
2030,200,13,0.018090186659275802,1
2030,201,3,0.04510441435488228,1
2030,201,8,0.22062898430955832,1
2030,201,16,0.7342666013355594,1
2030,202,1,0.05846822397014648,1
2030,202,7,0.6538025652279266,1
2030,202,8,0.28772921080192687,1
2030,203,9,0.926316166988415,1
2030,203,11,0.073683833011585,1
2030,204,9,1.0,1
2030,205,4,0.12283903833558873,1
2030,205,9,0.7291808638424278,1
2030,205,13,0.14798009782198351,1
2030,206,2,0.05152135459886277,1
2030,206,4,0.49061252154966517,1
2030,206,8,0.37475897012233955,1
2030,206,11,0.0831071537291326,1
2030,207,4,0.9848600160976991,1
2030,207,13,0.015139983902300966,1
2030,208,3,0.68110537051392,1
2030,208,16,0.31889462948608005,1
2030,209,3,0.029213065196085356,1
2030,209,4,0.07029018500473515,1
2030,209,7,0.9004967497991795,1
2030,210,7,1.0,1
2030,211,1,0.13689663549033054,1
2030,211,7,0.6520453517105695,1
2030,211,8,0.16551139067072312,1
2030,211,16,0.04554662212837676,1
2030,212,1,0.7883153925843147,1
2030,212,3,0.21168460741568532,1
2030,213,1,0.3981071918348405,1
2030,213,4,0.6018928081651594,1
2030,214,1,0.21507723238006132,1
2030,214,7,0.7347627822061613,1
2030,214,16,0.05015998541377745,1
2030,215,1,0.9339912814208627,1
2030,215,16,0.0660087185791372,1
2030,216,1,0.05630793927304713,1
2030,216,3,0.06124868224765167,1
2030,216,4,0.11148932561475484,1
2030,216,7,0.7519332188697242,1
2030,216,8,0.01902083399482219,1
2030,217,1,0.08337548013674234,1
2030,217,3,0.5765721902614417,1
2030,217,4,0.340052329601816,1
2030,218,7,0.8735160073852813,1
2030,218,16,0.1264839926147187,1
2030,219,7,0.9887550715152931,1
2030,219,8,0.011244928484706979,1
2030,220,1,0.7427769634109795,1
2030,220,12,0.25722303658902046,1
2030,221,9,1.0,1
2030,222,3,1.0,1
2030,223,7,1.0,1
2030,224,7,1.0,1
2030,225,1,0.10974734214961909,1
2030,225,12,0.8902526578503809,1
2030,226,2,0.120807492769284,1
2030,226,9,0.5944255664556789,1
2030,226,11,0.28476694077503706,1
2030,227,9,1.0,1
2030,228,4,0.5537772015921948,1
2030,228,9,0.3161826888920066,1
2030,228,13,0.13004010951579864,1
2030,229,7,0.7115588662162247,1
2030,229,16,0.2884411337837754,1
2030,230,7,1.0,1
2030,231,7,1.0,1
2030,232,1,0.37019548053525797,1
2030,232,7,0.5736495510535795,1
2030,232,8,0.05615496841116255,1
2030,233,1,0.25846334964247897,1
2030,233,4,0.062820557153209,1
2030,233,9,0.1817035077486686,1
2030,233,12,0.49701258545564336,1
2030,234,1,0.07484638669549477,1
2030,234,4,0.6304968442847185,1
2030,234,9,0.29465676901978666,1
2030,235,1,0.053618561324589815,1
2030,235,4,0.9357005314830714,1
2030,235,9,0.010680907192338758,1
2030,236,1,0.7187514625148468,1
2030,236,4,0.25348386514772236,1
2030,236,9,0.02776467233743085,1
2030,237,3,0.045207462939414474,1
2030,237,8,0.9547925370605855,1
2030,238,1,0.1429932372390947,1
2030,238,4,0.028010299292460995,1
2030,238,8,0.01722172067808169,1
2030,238,9,0.07100537659672879,1
2030,238,12,0.7407693661936338,1
2030,239,1,0.054155721873364655,1
2030,239,6,0.10745982586246747,1
2030,239,9,0.6351524678606839,1
2030,239,12,0.2032319844034841,1
2030,240,2,0.33352491851058885,1
2030,240,9,0.6664750814894113,1
2030,241,2,0.06950856357831554,1
2030,241,9,0.9304914364216845,1
2030,242,9,1.0,1
2030,243,6,0.045538349419224876,1
2030,243,9,0.9544616505807751,1
2030,244,6,0.05642751845363398,1
2030,244,9,0.9435724815463661,1
2030,245,6,0.1480865639830393,1
2030,245,9,0.8205512728273648,1
2030,245,13,0.0313621631895959,1
2030,246,3,0.04737901413369767,1
2030,246,7,0.8010296006439573,1
2030,246,8,0.15159138522234483,1
2030,247,7,1.0,1
2030,248,4,0.27896543706285687,1
2030,248,8,0.07545214198154092,1
2030,248,10,0.014302155385879088,1
2030,248,12,0.6312802655697232,1
2030,249,11,1.0,1
2030,250,11,1.0,1
2030,251,4,0.7442966272585309,1
2030,251,14,0.2557033727414691,1
2030,252,9,1.0,1
2030,253,1,0.05899342890960927,1
2030,253,4,0.01870081534777696,1
2030,253,8,0.2632896268837677,1
2030,253,12,0.6590161288588461,1
2030,254,7,1.0,1
2030,255,1,0.6811544777386633,1
2030,255,8,0.3188455222613367,1
2030,256,1,0.5232943651694818,1
2030,256,8,0.18215730070156458,1
2030,256,12,0.2945483341289536,1
2030,257,3,0.11098508936235865,1
2030,257,4,0.8890149106376414,1
2030,258,3,0.01199096361001766,1
2030,258,4,0.9008538734741263,1
2030,258,13,0.08715516291585611,1
2030,259,4,1.0,1
2030,260,1,0.22123046739690388,1
2030,260,4,0.1394891893438731,1
2030,260,7,0.639280343259223,1
2030,261,1,0.780052938498275,1
2030,261,3,0.0359375406327002,1
2030,261,4,0.18400952086902483,1
2030,262,9,0.6062695983933042,1
2030,262,11,0.39373040160669587,1
2030,263,3,0.0323231848242237,1
2030,263,4,0.02897395599073796,1
2030,263,8,0.9387028591850384,1
2030,264,1,0.4233045877627885,1
2030,264,4,0.5766954122372115,1
2030,265,9,0.9530364328655694,1
2030,265,12,0.04696356713443069,1
2030,266,3,0.8078639837211107,1
2030,266,4,0.19213601627888918,1
2030,267,1,0.9801790550038513,1
2030,267,7,0.019820944996148785,1
2030,268,8,0.6671075478783031,1
2030,268,11,0.28929739062118026,1
2030,268,14,0.043595061500516695,1
2030,269,3,0.11559790463420176,1
2030,269,7,0.846565096807502,1
2030,269,8,0.03783699855829615,1
2030,270,7,1.0,1
2030,271,1,0.7762246093462953,1
2030,271,7,0.2237753906537046,1
2030,272,7,1.0,1
2030,273,3,0.06779012811913407,1
2030,273,7,0.9322098718808659,1
2030,274,7,1.0,1
2030,275,1,1.0,1
2030,276,9,1.0,1
2030,277,4,0.8120610560148281,1
2030,277,13,0.12538006655525066,1
2030,277,14,0.06255887742992114,1
2030,278,1,0.63816397891235,1
2030,278,7,0.36183602108765006,1
2030,279,9,1.0,1
2030,280,3,0.8690941708242019,1
2030,280,4,0.07515247476259995,1
2030,280,13,0.05575335441319806,1
2030,281,12,1.0,1
2030,282,1,0.9602302788606363,1
2030,282,9,0.0397697211393637,1
2030,283,9,1.0,1
2030,284,7,1.0,1
2030,285,7,1.0,1
2030,286,1,1.0,1
2030,287,3,0.8273550796288734,1
2030,287,4,0.17264492037112655,1
2030,288,1,0.7620414453974597,1
2030,288,7,0.23795855460254034,1
2030,289,9,1.0,1
2030,290,3,0.9007900300394917,1
2030,290,13,0.09920996996050835,1
2030,291,1,1.0,1
2030,292,4,0.7191840722359732,1
2030,292,9,0.2808159277640268,1
2030,293,9,1.0,1
2030,294,4,1.0,1
2030,295,3,0.9126968179794775,1
2030,295,7,0.08730318202052245,1
2030,296,9,0.25567875941806784,1
2030,296,11,0.05804159517789229,1
2030,296,12,0.6862796454040399,1
2030,297,11,1.0,1
2030,298,1,0.041170602930704604,1
2030,298,3,0.8982493059171309,1
2030,298,5,0.015823520178589803,1
2030,298,8,0.0447565709735746,1
2030,299,11,0.7893469312264145,1
2030,299,13,0.2106530687735854,1
2030,300,1,0.9385516547274846,1
2030,300,12,0.06144834527251538,1
2030,301,9,0.6213376826811929,1
2030,301,11,0.378662317318807,1
2030,302,1,0.06280443226098587,1
2030,302,4,0.9136872837225385,1
2030,302,12,0.02350828401647559,1
2030,303,1,0.6522638129309677,1
2030,303,3,0.24689034917807118,1
2030,303,7,0.10084583789096112,1
2030,304,9,0.8484943630422999,1
2030,304,12,0.1515056369577002,1
2030,305,4,0.8353798485207272,1
2030,305,9,0.16462015147927278,1
2030,306,8,0.8025367034080045,1
2030,306,11,0.04168263870306487,1
2030,306,14,0.1557806578889306,1
2030,307,3,0.8608356574860597,1
2030,307,8,0.08189024151898806,1
2030,307,14,0.057274100994952185,1
2030,308,1,0.3117119992365388,1
2030,308,8,0.03596371053497863,1
2030,308,12,0.6523242902284826,1
2030,309,3,1.0,1
2030,310,3,0.1382214535802303,1
2030,310,7,0.8617785464197696,1
2030,311,7,1.0,1
2030,312,1,0.8741112080411648,1
2030,312,4,0.08884661682802866,1
2030,312,9,0.037042175130806494,1
2030,313,3,0.8763469418258946,1
2030,313,15,0.12365305817410545,1
2030,314,7,0.18911166257632192,1
2030,314,8,0.8108883374236779,1
2030,315,8,0.2324189026945096,1
2030,315,12,0.7675810973054904,1
2030,316,11,1.0,1
2030,317,9,0.0674747559377448,1
2030,317,11,0.3128848607561538,1
2030,317,12,0.6196403833061015,1
2030,318,4,0.6702328887860568,1
2030,318,11,0.3297671112139433,1
2030,319,3,0.5641252169156707,1
2030,319,14,0.4358747830843293,1
2030,320,12,1.0,1
2030,321,8,0.8566846031605388,1
2030,321,11,0.14331539683946123,1
2030,322,3,0.7627537966327222,1
2030,322,11,0.05188292546237617,1
2030,322,14,0.18536327790490165,1
2030,323,1,0.26926086688386175,1
2030,323,4,0.16322072603772625,1
2030,323,9,0.03319529886701292,1
2030,323,12,0.5343231082113992,1
2030,324,9,0.941211998179795,1
2030,324,11,0.058788001820205105,1
2030,325,4,0.20017018560234204,1
2030,325,9,0.14522268846096642,1
2030,325,11,0.6546071259366916,1
2030,326,3,0.196627610392168,1
2030,326,14,0.803372389607832,1
2030,327,1,0.16946550705718524,1
2030,327,7,0.28530108124824166,1
2030,327,8,0.5250380018563184,1
2030,327,15,0.020195409838254717,1
2030,328,4,0.9840968924140332,1
2030,328,13,0.015903107585966757,1
2030,329,12,1.0,1
2030,330,4,0.6166121853282484,1
2030,330,11,0.32571247157631483,1
2030,330,12,0.05767534309543687,1
2030,331,4,0.8014808821123158,1
2030,331,11,0.19851911788768425,1
2030,332,4,0.943587468660927,1
2030,332,14,0.05641253133907302,1
2030,333,8,0.9155262605936814,1
2030,333,11,0.02527939390657536,1
2030,333,14,0.0591943454997433,1
2030,334,4,0.5635193205296616,1
2030,334,11,0.43648067947033853,1
2030,335,9,1.0,1
2030,336,4,1.0,1
2030,337,1,0.05368362325542632,1
2030,337,4,0.3314994900108667,1
2030,337,9,0.06607070048528182,1
2030,337,11,0.5487461862484252,1
2030,338,11,1.0,1
2030,339,3,0.3178177355565222,1
2030,339,14,0.6821822644434778,1
2030,340,1,1.0,1
2030,341,3,0.17452249007798332,1
2030,341,7,0.08374732901669396,1
2030,341,15,0.7417301809053226,1
2030,342,3,0.2852173612195965,1
2030,342,7,0.5900173022284217,1
2030,342,15,0.12476533655198176,1
2030,343,9,0.10521485802508163,1
2030,343,11,0.06911361147771442,1
2030,343,12,0.825671530497204,1
2030,344,3,0.5211063767544015,1
2030,344,8,0.09601531794575763,1
2030,344,11,0.33125052649871944,1
2030,344,14,0.05162777880112162,1
2030,345,3,0.6427349536770611,1
2030,345,8,0.07447837317171938,1
2030,345,14,0.28278667315121947,1
2030,346,9,0.6165342984154919,1
2030,346,12,0.3834657015845082,1
2030,347,9,0.22689970446369512,1
2030,347,11,0.773100295536305,1
2030,348,9,0.3785913082187328,1
2030,348,11,0.6214086917812672,1
2030,349,4,0.13228960990019858,1
2030,349,9,0.013127849498581519,1
2030,349,11,0.7805226292779905,1
2030,349,13,0.07405991132322938,1
2030,350,1,0.6780733727734275,1
2030,350,12,0.32192662722657256,1
2030,351,4,0.9338691492112586,1
2030,351,11,0.0661308507887414,1
2030,352,9,1.0,1
2030,353,3,0.856443695676594,1
2030,353,15,0.14355630432340613,1
2030,354,12,1.0,1
2030,355,9,0.5595625416914708,1
2030,355,11,0.4404374583085292,1
2030,356,11,1.0,1
2030,357,11,1.0,1
2030,358,11,1.0,1
2030,359,11,1.0,1
2030,360,11,1.0,1
2030,361,11,1.0,1
2030,362,11,1.0,1
2030,363,11,1.0,1
2030,364,11,1.0,1
2030,365,2,1.0,1
