scenario,year,period,rep_period,weight
0,2030,1,97,0.9963239297282063
0,2030,2,59,1.0
0,2030,3,40,1.0
0,2030,4,27,1.0
0,2030,5,61,0.9981864247684641
0,2030,6,97,1.0
0,2030,7,81,1.0
0,2030,8,30,1.0
0,2030,9,177,1.0
0,2030,10,126,1.0
0,2030,11,100,0.997572184700966
0,2030,12,3,0.04057102746839492
0,2030,12,10,0.05673283924759101
0,2030,12,12,0.09260351932485475
0,2030,12,14,0.039826338271651045
0,2030,12,15,0.03114108986011868
0,2030,12,35,0.06319291500744942
0,2030,12,39,0.016643501308841444
0,2030,12,58,0.06627641471473078
0,2030,12,65,0.012119699386870355
0,2030,12,70,0.012111570357081063
0,2030,12,78,0.03074172113412071
0,2030,12,157,0.01474423981831553
0,2030,12,158,0.6727616808539767
0,2030,13,9,0.056661276398825525
0,2030,13,10,0.03536709573963404
0,2030,13,48,0.02043213091368761
0,2030,13,64,0.012390072370862365
0,2030,13,83,0.07204199758492703
0,2030,13,93,0.7754640441037106
0,2030,13,125,0.024111101306179397
0,2030,13,155,0.02974487583650046
0,2030,14,47,0.9873384911477867
0,2030,15,18,1.0
0,2030,16,160,0.9974227670294058
0,2030,17,157,1.0
0,2030,18,2,0.995615454526878
0,2030,19,100,0.9970362783938531
0,2030,20,2,0.1487059297626997
0,2030,20,44,0.03097266447725409
0,2030,20,86,0.016623307552904667
0,2030,20,108,0.6589119001633803
0,2030,20,119,0.14515431698120612
0,2030,20,172,0.010475106962772965
0,2030,21,37,0.9985529732979089
0,2030,22,3,0.0702017735699613
0,2030,22,12,0.028465141409483374
0,2030,22,18,0.024441207558415955
0,2030,22,25,0.02996854037304508
0,2030,22,35,0.05529326830296795
0,2030,22,58,0.05595181016909524
0,2030,22,78,0.068867024220491
0,2030,22,123,0.01148059456601192
0,2030,22,150,0.01746339084804313
0,2030,22,158,0.7233862944027727
0,2030,22,167,0.026572568886886534
0,2030,23,39,1.0
0,2030,24,20,1.0
0,2030,25,108,0.9987654720523551
0,2030,26,9,1.0
0,2030,27,69,1.0
0,2030,28,108,0.998950044940778
0,2030,29,119,0.9962840118769675
0,2030,30,10,1.0
0,2030,31,123,1.0
0,2030,32,6,1.0
0,2030,33,54,1.0
0,2030,34,149,0.9975314957825574
0,2030,35,34,1.0
0,2030,36,107,1.0
0,2030,37,135,1.0
0,2030,38,160,0.9987863389874556
0,2030,39,12,0.09832851551916859
0,2030,39,17,0.02382075353116391
0,2030,39,39,0.09316620940993818
0,2030,39,62,0.027542909275346715
0,2030,39,77,0.02649035540438261
0,2030,39,86,0.08361664002218118
0,2030,39,151,0.6832199699023227
0,2030,40,108,1.0
0,2030,41,150,1.0
0,2030,42,112,1.0
0,2030,43,104,1.0
0,2030,44,151,1.0
0,2030,45,2,0.81750259029667
0,2030,45,20,0.01957903387874502
0,2030,45,24,0.019220745525007514
0,2030,45,29,0.023236046001556418
0,2030,45,40,0.014178977223573109
0,2030,45,69,0.022328173761530012
0,2030,45,76,0.010687736928978104
0,2030,45,105,0.013247671873454901
0,2030,45,123,0.03938950644374308
0,2030,45,149,0.011667926481735038
0,2030,45,164,0.029344750640437806
0,2030,46,108,0.9977767314573726
0,2030,47,172,1.0
0,2030,48,28,1.0
0,2030,49,33,1.0
0,2030,50,8,0.9969262463944826
0,2030,51,160,0.9978809802251964
0,2030,52,173,1.0
0,2030,53,162,1.0
0,2030,54,160,0.9958735109915359
0,2030,55,3,0.025941707459613626
0,2030,55,8,0.018738734385970113
0,2030,55,25,0.020204541933581937
0,2030,55,29,0.015353494610043367
0,2030,55,35,0.01066740007718191
0,2030,55,58,0.03154965281546333
0,2030,55,78,0.030766241149807583
0,2030,55,108,0.012469826024871589
0,2030,55,123,0.017623784410986876
0,2030,55,150,0.022559009144992315
0,2030,55,158,0.8137608042002389
0,2030,55,168,0.010248481987469612
0,2030,56,158,1.0
0,2030,57,158,0.9952807934694032
0,2030,58,114,0.9975773048805338
0,2030,59,59,0.9991833171126653
0,2030,60,133,0.9984593062051039
0,2030,61,14,0.05586552902884524
0,2030,61,28,0.01065961951979012
0,2030,61,44,0.09975678212651319
0,2030,61,65,0.03689710362136557
0,2030,61,81,0.019075828164279232
0,2030,61,95,0.06984637064585585
0,2030,61,129,0.016239115715541912
0,2030,61,160,0.7421351328352921
0,2030,62,2,0.9959612481953923
0,2030,63,95,1.0
0,2030,64,2,0.7722647345422874
0,2030,64,5,0.028568114744978956
0,2030,64,6,0.05829431196210098
0,2030,64,9,0.05815338349090651
0,2030,64,13,0.011380942044558104
0,2030,64,32,0.03010621690952362
0,2030,64,58,0.026098406331975455
0,2030,64,82,0.030793467322925712
0,2030,64,114,0.023482949722641484
0,2030,64,134,0.021705639187560515
0,2030,65,154,1.0
0,2030,66,136,0.9975319938480882
0,2030,67,148,1.0
0,2030,68,160,1.0
0,2030,69,82,1.0
0,2030,70,129,1.0
0,2030,71,8,0.0424447704118567
0,2030,71,25,0.04471535658430115
0,2030,71,35,0.010926440954939479
0,2030,71,55,0.012835101877836028
0,2030,71,78,0.050715081749070474
0,2030,71,83,0.016525821566633875
0,2030,71,105,0.015891343777685835
0,2030,71,106,0.02177338732885955
0,2030,71,108,0.07363629759180003
0,2030,71,148,0.049944363507101026
0,2030,71,149,0.018361962126037776
0,2030,71,158,0.6532511312075573
0,2030,71,168,0.02553442485906591
0,2030,71,170,0.022984307675379997
0,2030,72,172,0.9986741044914984
0,2030,73,45,1.0
0,2030,74,131,1.0
0,2030,75,176,1.0
0,2030,76,8,0.9966109437371605
0,2030,77,8,0.9979137250699379
0,2030,78,163,1.0
0,2030,79,8,0.22877792386028845
0,2030,79,16,0.010597102372344932
0,2030,79,19,0.05070517813146036
0,2030,79,23,0.015073037356402776
0,2030,79,43,0.03800223214965945
0,2030,79,57,0.043980478324819605
0,2030,79,87,0.012749694354093245
0,2030,79,89,0.02616562594720269
0,2030,79,123,0.010680881550494526
0,2030,79,139,0.025547624561080475
0,2030,79,149,0.050239733380371056
0,2030,79,155,0.013948535054400784
0,2030,79,163,0.05167682261389392
0,2030,79,172,0.5095375531706582
0,2030,80,8,0.9960529813468944
0,2030,81,11,0.05048465936460291
0,2030,81,16,0.1489715699400003
0,2030,81,34,0.039880378740064386
0,2030,81,48,0.0549883115516312
0,2030,81,83,0.010654885340277805
0,2030,81,159,0.06683639581166956
0,2030,81,173,0.649441992057233
0,2030,81,178,0.021988549225396566
0,2030,82,26,1.0
0,2030,83,57,1.0
0,2030,84,8,0.9970117162870352
0,2030,85,64,1.0
0,2030,86,22,1.0
0,2030,87,141,1.0
0,2030,88,66,1.0
0,2030,89,127,1.0
0,2030,90,160,0.9985633684398962
0,2030,91,160,0.9985131137000616
0,2030,92,16,1.0
0,2030,93,178,1.0
0,2030,94,139,1.0
0,2030,95,8,0.06428310962135471
0,2030,95,16,0.04872883803502313
0,2030,95,22,0.018567560410339218
0,2030,95,43,0.0435152542233591
0,2030,95,149,0.06417413435836895
0,2030,95,153,0.08403979576207964
0,2030,95,160,0.010481028966718616
0,2030,95,176,0.6484474236633679
0,2030,96,8,0.9960458446249478
0,2030,97,8,0.9973525202806254
0,2030,98,8,0.9980115988602668
0,2030,99,8,0.9958977410768436
0,2030,100,8,0.9965120579338448
0,2030,101,8,0.996568914078012
0,2030,102,160,0.9982771305286403
0,2030,103,2,0.017833038824979393
0,2030,103,32,0.031915804899143856
0,2030,103,44,0.027621034482352164
0,2030,103,95,0.017118979836718822
0,2030,103,158,0.013984563061558977
0,2030,103,160,0.9161134748300422
0,2030,104,8,0.08325971533668373
0,2030,104,43,0.026404296819793303
0,2030,104,64,0.019570962982227918
0,2030,104,78,0.014250885538982433
0,2030,104,83,0.01835127405318223
0,2030,104,96,0.028590592195988165
0,2030,104,106,0.014811187357307508
0,2030,104,149,0.04514347723918302
0,2030,104,155,0.022974541916106386
0,2030,104,158,0.7306564313713307
0,2030,105,37,1.0
0,2030,106,37,0.9966481894470209
0,2030,107,48,1.0
0,2030,108,102,1.0
0,2030,109,5,0.025754655872980998
0,2030,109,13,0.07745827772701985
0,2030,109,16,0.09415895545338214
0,2030,109,22,0.042204954117856734
0,2030,109,31,0.07673357969842666
0,2030,109,32,0.083464565240279
0,2030,109,84,0.026504652828478668
0,2030,109,131,0.600484087794176
0,2030,110,133,1.0
0,2030,111,89,1.0
0,2030,112,43,1.0
0,2030,113,146,0.9997518058135657
0,2030,114,5,0.18222133512643549
0,2030,114,13,0.8317074839958929
0,2030,114,42,0.03279852669445686
0,2030,115,13,1.0
0,2030,116,38,1.0
0,2030,117,168,1.0
0,2030,118,79,1.0
0,2030,119,159,1.0
0,2030,120,46,1.0
0,2030,121,63,1.0
0,2030,122,110,1.0
0,2030,123,90,1.0
0,2030,124,132,1.0
0,2030,125,142,0.998831398870867
0,2030,126,122,0.9992953103894923
0,2030,127,180,1.0
0,2030,128,149,1.0
0,2030,129,144,0.9986849093368926
0,2030,130,146,1.0
0,2030,131,31,1.0
0,2030,132,32,1.0
0,2030,133,11,1.0
0,2030,134,87,1.0
0,2030,135,170,1.0
0,2030,136,62,1.0
0,2030,137,8,0.014196233289474622
0,2030,137,19,0.10468050837502758
0,2030,137,22,0.030865346155210176
0,2030,137,37,0.019212181054887867
0,2030,137,57,0.036466136736332325
0,2030,137,76,0.020396426560878977
0,2030,137,89,0.023400682526260007
0,2030,137,160,0.01376280600758795
0,2030,137,163,0.023058980654836785
0,2030,137,170,0.054798858133656536
0,2030,137,172,0.7159500686119609
0,2030,138,77,1.0
0,2030,139,159,0.9983221167453448
0,2030,140,19,1.0
0,2030,141,118,0.9787855053315488
0,2030,142,101,1.0
0,2030,143,52,1.0
0,2030,144,179,1.0
0,2030,145,132,0.9994931494137228
0,2030,146,8,0.7196671660674591
0,2030,146,19,0.0628258203997769
0,2030,146,22,0.10464638300011535
0,2030,146,31,0.033329874231121236
0,2030,146,32,0.04401089246766405
0,2030,146,43,0.026774827705868944
0,2030,146,52,0.023768281526480993
0,2030,146,63,0.020639840719376645
0,2030,146,64,0.045243805803793266
0,2030,146,118,0.010858707150457753
0,2030,147,8,0.9975075809770433
0,2030,148,64,0.9968316440381657
0,2030,149,132,0.9994064461420272
0,2030,150,33,0.013621566971816117
0,2030,150,35,0.025250185228929748
0,2030,150,75,0.9247442673313283
0,2030,150,135,0.015544483649276476
0,2030,150,162,0.011786387912158617
0,2030,151,75,1.0
0,2030,152,141,0.9988421169167468
0,2030,153,16,0.0910828350334223
0,2030,153,64,0.013383361301144961
0,2030,153,82,0.010401071680336308
0,2030,153,112,0.01655441151313811
0,2030,153,113,0.7540208944513314
0,2030,153,134,0.06953053004114658
0,2030,153,166,0.02484792461023283
0,2030,154,116,1.0
0,2030,155,143,1.0
0,2030,156,160,0.9986763807695159
0,2030,157,172,0.9976051906998408
0,2030,158,8,0.9947813579898062
0,2030,159,8,0.9958676040799498
0,2030,160,8,0.16677550198007304
0,2030,160,31,0.013419052308673993
0,2030,160,37,0.08191888783977418
0,2030,160,62,0.024468913264340593
0,2030,160,89,0.014047332104245072
0,2030,160,119,0.018030077986085163
0,2030,160,150,0.04620137462497184
0,2030,160,160,0.04819219521602765
0,2030,160,172,0.6144651137809394
0,2030,161,155,0.9975634235202988
0,2030,162,99,1.0
0,2030,163,94,0.9982888773028146
0,2030,164,133,0.9994193157705392
0,2030,165,113,0.9975940827302507
0,2030,166,160,0.9981905470586723
0,2030,167,8,0.15727012417077071
0,2030,167,24,0.015221959584682346
0,2030,167,49,0.024809328387398234
0,2030,167,64,0.6371278522044901
0,2030,167,149,0.06560996549814549
0,2030,167,150,0.10209843816525316
0,2030,167,167,0.010194414969247917
0,2030,168,74,1.0
0,2030,169,1,0.9988673438975474
0,2030,170,165,1.0
0,2030,171,1,0.9984193118267478
0,2030,172,147,1.0
0,2030,173,8,0.1143166180336951
0,2030,173,49,0.0424533084977341
0,2030,173,78,0.011791565784313682
0,2030,173,80,0.016271957629540174
0,2030,173,96,0.17667693511657387
0,2030,173,105,0.024636702426097865
0,2030,173,123,0.04413314326396939
0,2030,173,149,0.1447585121730288
0,2030,173,150,0.032706121786917494
0,2030,173,160,0.5079681323459648
0,2030,174,160,0.999478053092337
0,2030,175,160,0.9982850763832831
0,2030,176,8,0.18682725776072956
0,2030,176,62,0.025515839167871413
0,2030,176,119,0.040783950167105995
0,2030,176,150,0.16718690381799178
0,2030,176,164,0.011455577545105062
0,2030,176,168,0.05557376992953886
0,2030,176,172,0.5777186623706547
0,2030,177,8,0.9973132737796533
0,2030,178,109,1.0
0,2030,179,1,0.9342650203264444
0,2030,179,81,0.029081080729806447
0,2030,180,1,1.0
0,2030,181,142,1.000177902518732
0,2030,182,142,1.0
0,2030,183,91,1.0
0,2030,184,3,0.04074240318966943
0,2030,184,25,0.053271056225875
0,2030,184,29,0.06686451826517074
0,2030,184,58,0.09138028837023127
0,2030,184,75,0.7365956580318606
0,2030,184,78,0.013468808634775406
0,2030,185,101,0.9982159366336185
0,2030,186,149,0.9972355818660789
0,2030,187,8,0.9954447350246991
0,2030,188,8,0.9968871614312491
0,2030,189,45,0.9986524131311864
0,2030,190,1,0.04839987014885188
0,2030,190,18,0.04359348536861532
0,2030,190,35,0.03942303748628878
0,2030,190,47,0.01170860936648641
0,2030,190,58,0.07255147587404764
0,2030,190,107,0.024729796304913808
0,2030,190,132,0.8347889469504579
0,2030,191,169,0.9988061165952026
0,2030,192,166,1.0
0,2030,193,76,1.0
0,2030,194,4,0.011503584029742612
0,2030,194,19,0.029887061003414914
0,2030,194,21,0.019186530698448907
0,2030,194,43,0.02268745125288682
0,2030,194,49,0.02562464726755941
0,2030,194,53,0.02723650850020315
0,2030,194,76,0.10637191907839544
0,2030,194,130,0.020669454367267442
0,2030,194,147,0.08971268025179525
0,2030,194,149,0.08074018935198204
0,2030,194,160,0.5728057632772469
0,2030,194,170,0.06805685059194987
0,2030,195,160,0.9973631455913042
0,2030,196,118,1.0
0,2030,197,4,0.02165762826146104
0,2030,197,49,0.01644433671269222
0,2030,197,57,0.011664261069209316
0,2030,197,71,0.019634999703438114
0,2030,197,147,0.013917237885204119
0,2030,197,152,0.014158130221329217
0,2030,197,174,0.9077942606557096
0,2030,198,174,1.0
0,2030,199,1,0.011193025631833256
0,2030,199,4,0.04966780819026264
0,2030,199,11,0.011352268479757482
0,2030,199,18,0.03203801447514527
0,2030,199,35,0.11511061137209871
0,2030,199,36,0.09024690767904205
0,2030,199,38,0.09341176540241912
0,2030,199,59,0.013818717068413967
0,2030,199,79,0.052594827160245175
0,2030,199,101,0.01694019434890393
0,2030,199,104,0.03645080581950816
0,2030,199,107,0.014011549515723573
0,2030,199,147,0.6183762860366885
0,2030,199,174,0.04203710795548872
0,2030,199,180,0.02209482340228887
0,2030,200,96,0.9961664696254373
0,2030,201,98,0.9978368268285528
0,2030,202,145,1.0
0,2030,203,160,0.9987048341334102
0,2030,204,160,0.9960816105719322
0,2030,205,96,0.9975940715452609
0,2030,206,84,1.0
0,2030,207,118,0.9965041989920848
0,2030,208,124,1.0
0,2030,209,128,1.0
0,2030,210,16,0.018711566894336115
0,2030,210,36,0.9586460259579161
0,2030,210,134,0.01584685197860169
0,2030,211,145,0.999012732509483
0,2030,212,137,1.0
0,2030,213,51,1.0
0,2030,214,1,0.06506205678071487
0,2030,214,4,0.0273523639046619
0,2030,214,26,0.0559890717342457
0,2030,214,49,0.022772415875482194
0,2030,214,52,0.11910247683393062
0,2030,214,56,0.014797770240347221
0,2030,214,107,0.010221821194059424
0,2030,214,130,0.013344612889291164
0,2030,214,145,0.6640878515936125
0,2030,214,162,0.04305238882554595
0,2030,214,174,0.01935601371686558
0,2030,215,153,1.0
0,2030,216,7,1.0
0,2030,217,144,1.0
0,2030,218,174,0.9771687647669304
0,2030,219,165,0.9981469146756318
0,2030,220,143,0.9989649998557435
0,2030,221,8,0.9944136884060218
0,2030,222,80,1.0
0,2030,223,56,1.0
0,2030,224,36,1.0
0,2030,225,147,0.995015158492101
0,2030,226,160,0.9953702056959949
0,2030,227,172,0.9987724433853608
0,2030,228,96,1.0
0,2030,229,98,1.0
0,2030,230,36,0.9992843531007235
0,2030,231,142,0.9994796911299598
0,2030,232,24,0.03464376952100106
0,2030,232,49,0.0579607406707353
0,2030,232,53,0.041656296114098094
0,2030,232,145,0.7889180126915264
0,2030,233,113,0.9988092239401821
0,2030,234,92,0.996568349060735
0,2030,235,133,0.9984495654674518
0,2030,236,94,0.9969340251712643
0,2030,237,13,0.02000912042885885
0,2030,237,26,0.017973500905447814
0,2030,237,59,0.014319326862747235
0,2030,237,99,0.9212230282432379
0,2030,237,178,0.010813494879241098
0,2030,238,113,1.0
0,2030,239,113,0.9964425935701606
0,2030,240,160,0.99710089722583
0,2030,241,172,0.9979332602804587
0,2030,242,8,0.11782801729021995
0,2030,242,78,0.0681990877082881
0,2030,242,96,0.09656627985044233
0,2030,242,106,0.018304774140127673
0,2030,242,123,0.052515901877164484
0,2030,242,149,0.0666989740303623
0,2030,242,150,0.016338440844714825
0,2030,242,155,0.01960884392746844
0,2030,242,160,0.6019198253050618
0,2030,243,8,0.9949363166644901
0,2030,244,8,0.9964622270268633
0,2030,245,8,0.9978625623546125
0,2030,246,175,1.0
0,2030,247,47,0.9997739082868583
0,2030,248,60,1.0
0,2030,249,3,0.017573351274627634
0,2030,249,20,0.014249940703960403
0,2030,249,24,0.038021434996597214
0,2030,249,25,0.038497293967619764
0,2030,249,29,0.01888193754405654
0,2030,249,58,0.07013649093403665
0,2030,249,158,0.8325048403012687
0,2030,249,164,0.014894885457767794
0,2030,249,168,0.021157754326144824
0,2030,250,158,0.9962712220737175
0,2030,251,83,1.0
0,2030,252,8,0.638559806978064
0,2030,252,19,0.1461872633605183
0,2030,252,22,0.10938781328978965
0,2030,252,31,0.06336334932230726
0,2030,252,136,0.048471911089529286
0,2030,252,158,0.05568871882025288
0,2030,253,21,1.0
0,2030,254,156,0.9991109972577327
0,2030,255,94,1.0
0,2030,256,55,1.0
0,2030,257,23,1.0
0,2030,258,11,0.012678442648704448
0,2030,258,16,0.03442352270165393
0,2030,258,48,0.013719381657357803
0,2030,258,63,0.0426594760034495
0,2030,258,74,0.011012975563060976
0,2030,258,77,0.02157717057864078
0,2030,258,138,0.7626520812968101
0,2030,258,159,0.04452570717428716
0,2030,258,178,0.024759909054564207
0,2030,259,117,1.0
0,2030,260,13,0.04818872052350537
0,2030,260,26,0.025764738966486754
0,2030,260,52,0.012485218555584413
0,2030,260,59,0.014970435959280971
0,2030,260,81,0.020212545316395495
0,2030,260,169,0.8439382219816962
0,2030,261,41,1.0
0,2030,262,8,0.09710903104199721
0,2030,262,19,0.04170069632220492
0,2030,262,38,0.011171538746121245
0,2030,262,62,0.020039962819424453
0,2030,262,71,0.010319582877475916
0,2030,262,93,0.6687551112673189
0,2030,262,108,0.02724375528737663
0,2030,262,123,0.024486397353165743
0,2030,262,149,0.0310005028900063
0,2030,262,164,0.07317184008643099
0,2030,262,170,0.020668910508302697
0,2030,263,5,0.05474451377916067
0,2030,263,10,0.06759734911226119
0,2030,263,14,0.049154941013180124
0,2030,263,15,0.027200696976625808
0,2030,263,30,0.013186238582152163
0,2030,263,44,0.020921219664590266
0,2030,263,65,0.01043712649532203
0,2030,263,81,0.034608483569029236
0,2030,263,99,0.6997087250570353
0,2030,264,176,0.9986835884812437
0,2030,265,8,0.02819148388244829
0,2030,265,22,0.03959410097100074
0,2030,265,37,0.051832281801676185
0,2030,265,43,0.024951064597984525
0,2030,265,62,0.01865269315110359
0,2030,265,64,0.020880340694499247
0,2030,265,66,0.011823771546526932
0,2030,265,95,0.013619571242403134
0,2030,265,116,0.019697371111329874
0,2030,265,123,0.5836300960154845
0,2030,265,127,0.05737815492733551
0,2030,265,158,0.022497151956534577
0,2030,265,160,0.06123720392483232
0,2030,266,144,0.9977522894394447
0,2030,267,139,0.9987118313276012
0,2030,268,171,1.0
0,2030,269,125,1.0
0,2030,270,178,0.9991599204827885
0,2030,271,88,1.0
0,2030,272,156,1.0
0,2030,273,6,0.025893937844976244
0,2030,273,27,0.04645440608166294
0,2030,273,74,0.7923831243227186
0,2030,273,123,0.030800249367396497
0,2030,273,164,0.02295869511997384
0,2030,274,1,0.9977093246676467
0,2030,275,4,1.0
0,2030,276,8,0.1616744564141579
0,2030,276,24,0.02637138666862367
0,2030,276,41,0.023267568763043936
0,2030,276,76,0.017033633189938346
0,2030,276,84,0.027341942731002534
0,2030,276,136,0.031697401290471515
0,2030,276,147,0.03375057480483021
0,2030,276,149,0.10365418502888886
0,2030,276,160,0.018818337712549666
0,2030,276,163,0.017571121092385848
0,2030,276,164,0.08505520947268726
0,2030,276,172,0.4775517403295578
0,2030,277,138,0.997413072098571
0,2030,278,3,0.01890595001881269
0,2030,278,12,0.09477453656638349
0,2030,278,72,0.011916192880146517
0,2030,278,79,0.03610375571344558
0,2030,278,130,0.8007952680223905
0,2030,278,161,0.012193984590059393
0,2030,279,8,1.0
0,2030,280,16,0.7770652768938722
0,2030,280,21,0.010050780074765467
0,2030,280,24,0.07095716860283491
0,2030,280,49,0.033527760766515737
0,2030,280,150,0.02008807843260137
0,2030,280,164,0.01765034566997077
0,2030,281,53,1.0
0,2030,282,85,1.0
0,2030,283,5,0.014021472421565206
0,2030,283,8,0.7838803067155233
0,2030,283,15,0.02080476715618019
0,2030,283,21,0.01044656047964771
0,2030,283,34,0.011628171208285019
0,2030,283,47,0.013339390157840738
0,2030,283,51,0.020516092447208433
0,2030,283,52,0.029398684001031947
0,2030,283,98,0.028063941962445018
0,2030,283,103,0.015429944856745436
0,2030,283,109,0.016495846731658395
0,2030,283,174,0.02572364805245218
0,2030,283,175,0.028230937857928965
0,2030,284,47,1.0
0,2030,285,122,1.0
0,2030,286,4,0.9151954203044689
0,2030,286,6,0.026560857780103767
0,2030,286,64,0.018874560037097247
0,2030,286,112,0.025759318006110005
0,2030,286,118,0.01012906806519673
0,2030,286,163,0.010218926681861631
0,2030,287,67,1.0
0,2030,288,130,1.0
0,2030,289,4,0.04839903144782405
0,2030,289,8,0.816327128557972
0,2030,289,49,0.010991678107688677
0,2030,289,53,0.014271461613396822
0,2030,289,57,0.03658257655280518
0,2030,289,104,0.03165884687136607
0,2030,289,135,0.014724360501023484
0,2030,289,147,0.02880892722646724
0,2030,290,134,1.0
0,2030,291,20,0.01589132307498101
0,2030,291,65,0.023859063465633334
0,2030,291,104,0.0129188465047493
0,2030,291,139,0.9235744778559339
0,2030,292,92,0.997020598415587
0,2030,293,5,0.021658442090941876
0,2030,293,8,0.7149127883183147
0,2030,293,14,0.049778762544110185
0,2030,293,19,0.025240531387751904
0,2030,293,22,0.02608389462143465
0,2030,293,66,0.05932352548373994
0,2030,293,95,0.013062593681804154
0,2030,293,127,0.04605668059335939
0,2030,293,129,0.030791659172742295
0,2030,293,158,0.05726270774289474
0,2030,294,155,1.0
0,2030,295,50,1.0
0,2030,296,136,1.0
0,2030,297,2,0.12195629190031196
0,2030,297,44,0.029629366712276686
0,2030,297,97,0.03059677792800912
0,2030,297,108,0.6946961576746054
0,2030,297,119,0.10802815367629667
0,2030,297,158,0.01944830104444261
0,2030,298,72,1.0
0,2030,299,93,1.0
0,2030,300,73,1.0
0,2030,301,2,0.022517137274976316
0,2030,301,8,0.24612846704542118
0,2030,301,37,0.054428762830637314
0,2030,301,100,0.5024061659019674
0,2030,301,119,0.0589760992317759
0,2030,301,158,0.12066583569884043
0,2030,302,106,1.0
0,2030,303,169,1.0
0,2030,304,2,0.03949387522438337
0,2030,304,12,0.06865929845282254
0,2030,304,44,0.022665672883271384
0,2030,304,97,0.024724607051405674
0,2030,304,115,0.039894189156844215
0,2030,304,119,0.05361185401356285
0,2030,304,123,0.6809710067902023
0,2030,304,150,0.025640376170216875
0,2030,305,92,1.0
0,2030,306,115,0.9979135786258191
0,2030,307,17,1.0
0,2030,308,71,1.0
0,2030,309,120,1.0
0,2030,310,68,0.9981168226646824
0,2030,311,68,1.0
0,2030,312,105,1.0
0,2030,313,161,1.0
0,2030,314,5,1.0
0,2030,315,14,1.0
0,2030,316,6,0.018660029176163332
0,2030,316,8,0.07707848489462414
0,2030,316,12,0.04656231432893699
0,2030,316,35,0.042468576857411275
0,2030,316,44,0.07811845369274732
0,2030,316,73,0.07110128753036826
0,2030,316,106,0.016436292059277456
0,2030,316,108,0.01243778891775934
0,2030,316,148,0.02259012260838036
0,2030,316,150,0.027632023906600973
0,2030,316,151,0.6263025185992619
0,2030,316,155,0.014356164853693202
0,2030,317,61,1.0
0,2030,318,103,1.0
0,2030,319,15,1.0
0,2030,320,65,1.0
0,2030,321,12,1.0
0,2030,322,86,1.0
0,2030,323,167,1.0
0,2030,324,150,0.9971092586214254
0,2030,325,100,1.0
0,2030,326,114,1.0
0,2030,327,35,1.0
0,2030,328,138,1.0
0,2030,329,121,1.0
0,2030,330,4,0.03218165161644041
0,2030,330,10,0.03553438812387059
0,2030,330,25,0.055927591901637756
0,2030,330,39,0.019944578589884
0,2030,330,49,0.0816066153850477
0,2030,330,58,0.05170230400779384
0,2030,330,68,0.015011809751681137
0,2030,330,100,0.667453714846023
0,2030,330,103,0.011545992904980495
0,2030,330,152,0.017964636582074353
0,2030,330,153,0.013820634526921949
0,2030,330,162,0.010911069179325248
0,2030,330,167,0.016068675668079537
0,2030,331,140,0.9984310236467734
0,2030,332,111,1.0
0,2030,333,42,1.0
0,2030,334,78,1.0
0,2030,335,150,0.9996224184399746
0,2030,336,92,0.9983059879463778
0,2030,337,140,0.998268489044531
0,2030,338,119,0.9951516209603531
0,2030,339,9,0.3525866938588338
0,2030,339,10,0.01959026171026325
0,2030,339,29,0.0973561950161664
0,2030,339,35,0.01679224294468772
0,2030,339,78,0.01006307793519819
0,2030,339,114,0.3548861114710382
0,2030,339,125,0.04972019122251271
0,2030,339,134,0.17845233718431616
0,2030,340,49,1.0
0,2030,341,58,1.0
0,2030,342,29,1.0
0,2030,343,164,1.0
0,2030,344,115,1.0
0,2030,345,70,1.0
0,2030,346,5,0.04273264122531974
0,2030,346,20,0.04570238578355332
0,2030,346,24,0.04647385420043422
0,2030,346,49,0.022880392973958805
0,2030,346,104,0.07015605799033035
0,2030,346,119,0.06001610397181806
0,2030,346,123,0.7456321701406105
0,2030,347,108,0.9965753613457589
0,2030,348,172,0.9973080919832022
0,2030,349,25,1.0
0,2030,350,152,1.0
0,2030,351,140,1.0
0,2030,352,123,0.9974016751287412
0,2030,353,3,1.0
0,2030,354,24,1.0
0,2030,355,8,0.010949006454910877
0,2030,355,25,0.06191034074530547
0,2030,355,86,0.01331723948418691
0,2030,355,119,0.16438683959541117
0,2030,355,140,0.04832041605544947
0,2030,355,150,0.21444619083690378
0,2030,355,164,0.05217602499364943
0,2030,355,172,0.4993841192863583
0,2030,356,2,0.9738423418657426
0,2030,357,2,0.8174087934196874
0,2030,357,8,0.011691062361175819
0,2030,357,25,0.03733506195115833
0,2030,357,65,0.012820785611512777
0,2030,357,78,0.05850960976783259
0,2030,357,106,0.014980019130913805
0,2030,357,123,0.03856415600986673
0,2030,357,150,0.03734189013914997
0,2030,358,2,1.0
0,2030,359,2,0.9961123704238262
0,2030,360,44,1.0
0,2030,361,119,1.0
0,2030,362,2,0.09800950926491489
0,2030,362,39,0.0211002657562562
0,2030,362,44,0.09082191868413128
0,2030,362,97,0.0353760193309181
0,2030,362,108,0.7250034240217437
0,2030,362,158,0.04522463715201542
0,2030,363,119,0.9996828118322333
0,2030,364,2,0.998248371798847
0,2030,365,2,0.9978377015649386
1,2030,1,277,0.9963239297282063
1,2030,2,239,1.0
1,2030,3,220,1.0
1,2030,4,207,1.0
1,2030,5,241,0.9981864247684641
1,2030,6,277,1.0
1,2030,7,261,1.0
1,2030,8,210,1.0
1,2030,9,357,1.0
1,2030,10,306,1.0
1,2030,11,280,0.997572184700966
1,2030,12,183,0.04057102746839492
1,2030,12,190,0.05673283924759101
1,2030,12,192,0.09260351932485475
1,2030,12,194,0.039826338271651045
1,2030,12,195,0.03114108986011868
1,2030,12,215,0.06319291500744942
1,2030,12,219,0.016643501308841444
1,2030,12,238,0.06627641471473078
1,2030,12,245,0.012119699386870355
1,2030,12,250,0.012111570357081063
1,2030,12,258,0.03074172113412071
1,2030,12,337,0.01474423981831553
1,2030,12,338,0.6727616808539767
1,2030,13,189,0.056661276398825525
1,2030,13,190,0.03536709573963404
1,2030,13,228,0.02043213091368761
1,2030,13,244,0.012390072370862365
1,2030,13,263,0.07204199758492703
1,2030,13,273,0.7754640441037106
1,2030,13,305,0.024111101306179397
1,2030,13,335,0.02974487583650046
1,2030,14,227,0.9873384911477867
1,2030,15,198,1.0
1,2030,16,340,0.9974227670294058
1,2030,17,337,1.0
1,2030,18,182,0.995615454526878
1,2030,19,280,0.9970362783938531
1,2030,20,182,0.1487059297626997
1,2030,20,224,0.03097266447725409
1,2030,20,266,0.016623307552904667
1,2030,20,288,0.6589119001633803
1,2030,20,299,0.14515431698120612
1,2030,20,352,0.010475106962772965
1,2030,21,217,0.9985529732979089
1,2030,22,183,0.0702017735699613
1,2030,22,192,0.028465141409483374
1,2030,22,198,0.024441207558415955
1,2030,22,205,0.02996854037304508
1,2030,22,215,0.05529326830296795
1,2030,22,238,0.05595181016909524
1,2030,22,258,0.068867024220491
1,2030,22,303,0.01148059456601192
1,2030,22,330,0.01746339084804313
1,2030,22,338,0.7233862944027727
1,2030,22,347,0.026572568886886534
1,2030,23,219,1.0
1,2030,24,200,1.0
1,2030,25,288,0.9987654720523551
1,2030,26,189,1.0
1,2030,27,249,1.0
1,2030,28,288,0.998950044940778
1,2030,29,299,0.9962840118769675
1,2030,30,190,1.0
1,2030,31,303,1.0
1,2030,32,186,1.0
1,2030,33,234,1.0
1,2030,34,329,0.9975314957825574
1,2030,35,214,1.0
1,2030,36,287,1.0
1,2030,37,315,1.0
1,2030,38,340,0.9987863389874556
1,2030,39,192,0.09832851551916859
1,2030,39,197,0.02382075353116391
1,2030,39,219,0.09316620940993818
1,2030,39,242,0.027542909275346715
1,2030,39,257,0.02649035540438261
1,2030,39,266,0.08361664002218118
1,2030,39,331,0.6832199699023227
1,2030,40,288,1.0
1,2030,41,330,1.0
1,2030,42,292,1.0
1,2030,43,284,1.0
1,2030,44,331,1.0
1,2030,45,182,0.81750259029667
1,2030,45,200,0.01957903387874502
1,2030,45,204,0.019220745525007514
1,2030,45,209,0.023236046001556418
1,2030,45,220,0.014178977223573109
1,2030,45,249,0.022328173761530012
1,2030,45,256,0.010687736928978104
1,2030,45,285,0.013247671873454901
1,2030,45,303,0.03938950644374308
1,2030,45,329,0.011667926481735038
1,2030,45,344,0.029344750640437806
1,2030,46,288,0.9977767314573726
1,2030,47,352,1.0
1,2030,48,208,1.0
1,2030,49,213,1.0
1,2030,50,188,0.9969262463944826
1,2030,51,340,0.9978809802251964
1,2030,52,353,1.0
1,2030,53,342,1.0
1,2030,54,340,0.9958735109915359
1,2030,55,183,0.025941707459613626
1,2030,55,188,0.018738734385970113
1,2030,55,205,0.020204541933581937
1,2030,55,209,0.015353494610043367
1,2030,55,215,0.01066740007718191
1,2030,55,238,0.03154965281546333
1,2030,55,258,0.030766241149807583
1,2030,55,288,0.012469826024871589
1,2030,55,303,0.017623784410986876
1,2030,55,330,0.022559009144992315
1,2030,55,338,0.8137608042002389
1,2030,55,348,0.010248481987469612
1,2030,56,338,1.0
1,2030,57,338,0.9952807934694032
1,2030,58,294,0.9975773048805338
1,2030,59,239,0.9991833171126653
1,2030,60,313,0.9984593062051039
1,2030,61,194,0.05586552902884524
1,2030,61,208,0.01065961951979012
1,2030,61,224,0.09975678212651319
1,2030,61,245,0.03689710362136557
1,2030,61,261,0.019075828164279232
1,2030,61,275,0.06984637064585585
1,2030,61,309,0.016239115715541912
1,2030,61,340,0.7421351328352921
1,2030,62,182,0.9959612481953923
1,2030,63,275,1.0
1,2030,64,182,0.7722647345422874
1,2030,64,185,0.028568114744978956
1,2030,64,186,0.05829431196210098
1,2030,64,189,0.05815338349090651
1,2030,64,193,0.011380942044558104
1,2030,64,212,0.03010621690952362
1,2030,64,238,0.026098406331975455
1,2030,64,262,0.030793467322925712
1,2030,64,294,0.023482949722641484
1,2030,64,314,0.021705639187560515
1,2030,65,334,1.0
1,2030,66,316,0.9975319938480882
1,2030,67,328,1.0
1,2030,68,340,1.0
1,2030,69,262,1.0
1,2030,70,309,1.0
1,2030,71,188,0.0424447704118567
1,2030,71,205,0.04471535658430115
1,2030,71,215,0.010926440954939479
1,2030,71,235,0.012835101877836028
1,2030,71,258,0.050715081749070474
1,2030,71,263,0.016525821566633875
1,2030,71,285,0.015891343777685835
1,2030,71,286,0.02177338732885955
1,2030,71,288,0.07363629759180003
1,2030,71,328,0.049944363507101026
1,2030,71,329,0.018361962126037776
1,2030,71,338,0.6532511312075573
1,2030,71,348,0.02553442485906591
1,2030,71,350,0.022984307675379997
1,2030,72,352,0.9986741044914984
1,2030,73,225,1.0
1,2030,74,311,1.0
1,2030,75,356,1.0
1,2030,76,188,0.9966109437371605
1,2030,77,188,0.9979137250699379
1,2030,78,343,1.0
1,2030,79,188,0.22877792386028845
1,2030,79,196,0.010597102372344932
1,2030,79,199,0.05070517813146036
1,2030,79,203,0.015073037356402776
1,2030,79,223,0.03800223214965945
1,2030,79,237,0.043980478324819605
1,2030,79,267,0.012749694354093245
1,2030,79,269,0.02616562594720269
1,2030,79,303,0.010680881550494526
1,2030,79,319,0.025547624561080475
1,2030,79,329,0.050239733380371056
1,2030,79,335,0.013948535054400784
1,2030,79,343,0.05167682261389392
1,2030,79,352,0.5095375531706582
1,2030,80,188,0.9960529813468944
1,2030,81,191,0.05048465936460291
1,2030,81,196,0.1489715699400003
1,2030,81,214,0.039880378740064386
1,2030,81,228,0.0549883115516312
1,2030,81,263,0.010654885340277805
1,2030,81,339,0.06683639581166956
1,2030,81,353,0.649441992057233
1,2030,81,358,0.021988549225396566
1,2030,82,206,1.0
1,2030,83,237,1.0
1,2030,84,188,0.9970117162870352
1,2030,85,244,1.0
1,2030,86,202,1.0
1,2030,87,321,1.0
1,2030,88,246,1.0
1,2030,89,307,1.0
1,2030,90,340,0.9985633684398962
1,2030,91,340,0.9985131137000616
1,2030,92,196,1.0
1,2030,93,358,1.0
1,2030,94,319,1.0
1,2030,95,188,0.06428310962135471
1,2030,95,196,0.04872883803502313
1,2030,95,202,0.018567560410339218
1,2030,95,223,0.0435152542233591
1,2030,95,329,0.06417413435836895
1,2030,95,333,0.08403979576207964
1,2030,95,340,0.010481028966718616
1,2030,95,356,0.6484474236633679
1,2030,96,188,0.9960458446249478
1,2030,97,188,0.9973525202806254
1,2030,98,188,0.9980115988602668
1,2030,99,188,0.9958977410768436
1,2030,100,188,0.9965120579338448
1,2030,101,188,0.996568914078012
1,2030,102,340,0.9982771305286403
1,2030,103,182,0.017833038824979393
1,2030,103,212,0.031915804899143856
1,2030,103,224,0.027621034482352164
1,2030,103,275,0.017118979836718822
1,2030,103,338,0.013984563061558977
1,2030,103,340,0.9161134748300422
1,2030,104,188,0.08325971533668373
1,2030,104,223,0.026404296819793303
1,2030,104,244,0.019570962982227918
1,2030,104,258,0.014250885538982433
1,2030,104,263,0.01835127405318223
1,2030,104,276,0.028590592195988165
1,2030,104,286,0.014811187357307508
1,2030,104,329,0.04514347723918302
1,2030,104,335,0.022974541916106386
1,2030,104,338,0.7306564313713307
1,2030,105,217,1.0
1,2030,106,217,0.9966481894470209
1,2030,107,228,1.0
1,2030,108,282,1.0
1,2030,109,185,0.025754655872980998
1,2030,109,193,0.07745827772701985
1,2030,109,196,0.09415895545338214
1,2030,109,202,0.042204954117856734
1,2030,109,211,0.07673357969842666
1,2030,109,212,0.083464565240279
1,2030,109,264,0.026504652828478668
1,2030,109,311,0.600484087794176
1,2030,110,313,1.0
1,2030,111,269,1.0
1,2030,112,223,1.0
1,2030,113,326,0.9997518058135657
1,2030,114,185,0.18222133512643549
1,2030,114,193,0.8317074839958929
1,2030,114,222,0.03279852669445686
1,2030,115,193,1.0
1,2030,116,218,1.0
1,2030,117,348,1.0
1,2030,118,259,1.0
1,2030,119,339,1.0
1,2030,120,226,1.0
1,2030,121,243,1.0
1,2030,122,290,1.0
1,2030,123,270,1.0
1,2030,124,312,1.0
1,2030,125,322,0.998831398870867
1,2030,126,302,0.9992953103894923
1,2030,127,360,1.0
1,2030,128,329,1.0
1,2030,129,324,0.9986849093368926
1,2030,130,326,1.0
1,2030,131,211,1.0
1,2030,132,212,1.0
1,2030,133,191,1.0
1,2030,134,267,1.0
1,2030,135,350,1.0
1,2030,136,242,1.0
1,2030,137,188,0.014196233289474622
1,2030,137,199,0.10468050837502758
1,2030,137,202,0.030865346155210176
1,2030,137,217,0.019212181054887867
1,2030,137,237,0.036466136736332325
1,2030,137,256,0.020396426560878977
1,2030,137,269,0.023400682526260007
1,2030,137,340,0.01376280600758795
1,2030,137,343,0.023058980654836785
1,2030,137,350,0.054798858133656536
1,2030,137,352,0.7159500686119609
1,2030,138,257,1.0
1,2030,139,339,0.9983221167453448
1,2030,140,199,1.0
1,2030,141,298,0.9787855053315488
1,2030,142,281,1.0
1,2030,143,232,1.0
1,2030,144,359,1.0
1,2030,145,312,0.9994931494137228
1,2030,146,188,0.7196671660674591
1,2030,146,199,0.0628258203997769
1,2030,146,202,0.10464638300011535
1,2030,146,211,0.033329874231121236
1,2030,146,212,0.04401089246766405
1,2030,146,223,0.026774827705868944
1,2030,146,232,0.023768281526480993
1,2030,146,243,0.020639840719376645
1,2030,146,244,0.045243805803793266
1,2030,146,298,0.010858707150457753
1,2030,147,188,0.9975075809770433
1,2030,148,244,0.9968316440381657
1,2030,149,312,0.9994064461420272
1,2030,150,213,0.013621566971816117
1,2030,150,215,0.025250185228929748
1,2030,150,255,0.9247442673313283
1,2030,150,315,0.015544483649276476
1,2030,150,342,0.011786387912158617
1,2030,151,255,1.0
1,2030,152,321,0.9988421169167468
1,2030,153,196,0.0910828350334223
1,2030,153,244,0.013383361301144961
1,2030,153,262,0.010401071680336308
1,2030,153,292,0.01655441151313811
1,2030,153,293,0.7540208944513314
1,2030,153,314,0.06953053004114658
1,2030,153,346,0.02484792461023283
1,2030,154,296,1.0
1,2030,155,323,1.0
1,2030,156,340,0.9986763807695159
1,2030,157,352,0.9976051906998408
1,2030,158,188,0.9947813579898062
1,2030,159,188,0.9958676040799498
1,2030,160,188,0.16677550198007304
1,2030,160,211,0.013419052308673993
1,2030,160,217,0.08191888783977418
1,2030,160,242,0.024468913264340593
1,2030,160,269,0.014047332104245072
1,2030,160,299,0.018030077986085163
1,2030,160,330,0.04620137462497184
1,2030,160,340,0.04819219521602765
1,2030,160,352,0.6144651137809394
1,2030,161,335,0.9975634235202988
1,2030,162,279,1.0
1,2030,163,274,0.9982888773028146
1,2030,164,313,0.9994193157705392
1,2030,165,293,0.9975940827302507
1,2030,166,340,0.9981905470586723
1,2030,167,188,0.15727012417077071
1,2030,167,204,0.015221959584682346
1,2030,167,229,0.024809328387398234
1,2030,167,244,0.6371278522044901
1,2030,167,329,0.06560996549814549
1,2030,167,330,0.10209843816525316
1,2030,167,347,0.010194414969247917
1,2030,168,254,1.0
1,2030,169,181,0.9988673438975474
1,2030,170,345,1.0
1,2030,171,181,0.9984193118267478
1,2030,172,327,1.0
1,2030,173,188,0.1143166180336951
1,2030,173,229,0.0424533084977341
1,2030,173,258,0.011791565784313682
1,2030,173,260,0.016271957629540174
1,2030,173,276,0.17667693511657387
1,2030,173,285,0.024636702426097865
1,2030,173,303,0.04413314326396939
1,2030,173,329,0.1447585121730288
1,2030,173,330,0.032706121786917494
1,2030,173,340,0.5079681323459648
1,2030,174,340,0.999478053092337
1,2030,175,340,0.9982850763832831
1,2030,176,188,0.18682725776072956
1,2030,176,242,0.025515839167871413
1,2030,176,299,0.040783950167105995
1,2030,176,330,0.16718690381799178
1,2030,176,344,0.011455577545105062
1,2030,176,348,0.05557376992953886
1,2030,176,352,0.5777186623706547
1,2030,177,188,0.9973132737796533
1,2030,178,289,1.0
1,2030,179,181,0.9342650203264444
1,2030,179,261,0.029081080729806447
1,2030,180,181,1.0
1,2030,181,322,1.000177902518732
1,2030,182,322,1.0
1,2030,183,271,1.0
1,2030,184,183,0.04074240318966943
1,2030,184,205,0.053271056225875
1,2030,184,209,0.06686451826517074
1,2030,184,238,0.09138028837023127
1,2030,184,255,0.7365956580318606
1,2030,184,258,0.013468808634775406
1,2030,185,281,0.9982159366336185
1,2030,186,329,0.9972355818660789
1,2030,187,188,0.9954447350246991
1,2030,188,188,0.9968871614312491
1,2030,189,225,0.9986524131311864
1,2030,190,181,0.04839987014885188
1,2030,190,198,0.04359348536861532
1,2030,190,215,0.03942303748628878
1,2030,190,227,0.01170860936648641
1,2030,190,238,0.07255147587404764
1,2030,190,287,0.024729796304913808
1,2030,190,312,0.8347889469504579
1,2030,191,349,0.9988061165952026
1,2030,192,346,1.0
1,2030,193,256,1.0
1,2030,194,184,0.011503584029742612
1,2030,194,199,0.029887061003414914
1,2030,194,201,0.019186530698448907
1,2030,194,223,0.02268745125288682
1,2030,194,229,0.02562464726755941
1,2030,194,233,0.02723650850020315
1,2030,194,256,0.10637191907839544
1,2030,194,310,0.020669454367267442
1,2030,194,327,0.08971268025179525
1,2030,194,329,0.08074018935198204
1,2030,194,340,0.5728057632772469
1,2030,194,350,0.06805685059194987
1,2030,195,340,0.9973631455913042
1,2030,196,298,1.0
1,2030,197,184,0.02165762826146104
1,2030,197,229,0.01644433671269222
1,2030,197,237,0.011664261069209316
1,2030,197,251,0.019634999703438114
1,2030,197,327,0.013917237885204119
1,2030,197,332,0.014158130221329217
1,2030,197,354,0.9077942606557096
1,2030,198,354,1.0
1,2030,199,181,0.011193025631833256
1,2030,199,184,0.04966780819026264
1,2030,199,191,0.011352268479757482
1,2030,199,198,0.03203801447514527
1,2030,199,215,0.11511061137209871
1,2030,199,216,0.09024690767904205
1,2030,199,218,0.09341176540241912
1,2030,199,239,0.013818717068413967
1,2030,199,259,0.052594827160245175
1,2030,199,281,0.01694019434890393
1,2030,199,284,0.03645080581950816
1,2030,199,287,0.014011549515723573
1,2030,199,327,0.6183762860366885
1,2030,199,354,0.04203710795548872
1,2030,199,360,0.02209482340228887
1,2030,200,276,0.9961664696254373
1,2030,201,278,0.9978368268285528
1,2030,202,325,1.0
1,2030,203,340,0.9987048341334102
1,2030,204,340,0.9960816105719322
1,2030,205,276,0.9975940715452609
1,2030,206,264,1.0
1,2030,207,298,0.9965041989920848
1,2030,208,304,1.0
1,2030,209,308,1.0
1,2030,210,196,0.018711566894336115
1,2030,210,216,0.9586460259579161
1,2030,210,314,0.01584685197860169
1,2030,211,325,0.999012732509483
1,2030,212,317,1.0
1,2030,213,231,1.0
1,2030,214,181,0.06506205678071487
1,2030,214,184,0.0273523639046619
1,2030,214,206,0.0559890717342457
1,2030,214,229,0.022772415875482194
1,2030,214,232,0.11910247683393062
1,2030,214,236,0.014797770240347221
1,2030,214,287,0.010221821194059424
1,2030,214,310,0.013344612889291164
1,2030,214,325,0.6640878515936125
1,2030,214,342,0.04305238882554595
1,2030,214,354,0.01935601371686558
1,2030,215,333,1.0
1,2030,216,187,1.0
1,2030,217,324,1.0
1,2030,218,354,0.9771687647669304
1,2030,219,345,0.9981469146756318
1,2030,220,323,0.9989649998557435
1,2030,221,188,0.9944136884060218
1,2030,222,260,1.0
1,2030,223,236,1.0
1,2030,224,216,1.0
1,2030,225,327,0.995015158492101
1,2030,226,340,0.9953702056959949
1,2030,227,352,0.9987724433853608
1,2030,228,276,1.0
1,2030,229,278,1.0
1,2030,230,216,0.9992843531007235
1,2030,231,322,0.9994796911299598
1,2030,232,204,0.03464376952100106
1,2030,232,229,0.0579607406707353
1,2030,232,233,0.041656296114098094
1,2030,232,325,0.7889180126915264
1,2030,233,293,0.9988092239401821
1,2030,234,272,0.996568349060735
1,2030,235,313,0.9984495654674518
1,2030,236,274,0.9969340251712643
1,2030,237,193,0.02000912042885885
1,2030,237,206,0.017973500905447814
1,2030,237,239,0.014319326862747235
1,2030,237,279,0.9212230282432379
1,2030,237,358,0.010813494879241098
1,2030,238,293,1.0
1,2030,239,293,0.9964425935701606
1,2030,240,340,0.99710089722583
1,2030,241,352,0.9979332602804587
1,2030,242,188,0.11782801729021995
1,2030,242,258,0.0681990877082881
1,2030,242,276,0.09656627985044233
1,2030,242,286,0.018304774140127673
1,2030,242,303,0.052515901877164484
1,2030,242,329,0.0666989740303623
1,2030,242,330,0.016338440844714825
1,2030,242,335,0.01960884392746844
1,2030,242,340,0.6019198253050618
1,2030,243,188,0.9949363166644901
1,2030,244,188,0.9964622270268633
1,2030,245,188,0.9978625623546125
1,2030,246,355,1.0
1,2030,247,227,0.9997739082868583
1,2030,248,240,1.0
1,2030,249,183,0.017573351274627634
1,2030,249,200,0.014249940703960403
1,2030,249,204,0.038021434996597214
1,2030,249,205,0.038497293967619764
1,2030,249,209,0.01888193754405654
1,2030,249,238,0.07013649093403665
1,2030,249,338,0.8325048403012687
1,2030,249,344,0.014894885457767794
1,2030,249,348,0.021157754326144824
1,2030,250,338,0.9962712220737175
1,2030,251,263,1.0
1,2030,252,188,0.638559806978064
1,2030,252,199,0.1461872633605183
1,2030,252,202,0.10938781328978965
1,2030,252,211,0.06336334932230726
1,2030,252,316,0.048471911089529286
1,2030,252,338,0.05568871882025288
1,2030,253,201,1.0
1,2030,254,336,0.9991109972577327
1,2030,255,274,1.0
1,2030,256,235,1.0
1,2030,257,203,1.0
1,2030,258,191,0.012678442648704448
1,2030,258,196,0.03442352270165393
1,2030,258,228,0.013719381657357803
1,2030,258,243,0.0426594760034495
1,2030,258,254,0.011012975563060976
1,2030,258,257,0.02157717057864078
1,2030,258,318,0.7626520812968101
1,2030,258,339,0.04452570717428716
1,2030,258,358,0.024759909054564207
1,2030,259,297,1.0
1,2030,260,193,0.04818872052350537
1,2030,260,206,0.025764738966486754
1,2030,260,232,0.012485218555584413
1,2030,260,239,0.014970435959280971
1,2030,260,261,0.020212545316395495
1,2030,260,349,0.8439382219816962
1,2030,261,221,1.0
1,2030,262,188,0.09710903104199721
1,2030,262,199,0.04170069632220492
1,2030,262,218,0.011171538746121245
1,2030,262,242,0.020039962819424453
1,2030,262,251,0.010319582877475916
1,2030,262,273,0.6687551112673189
1,2030,262,288,0.02724375528737663
1,2030,262,303,0.024486397353165743
1,2030,262,329,0.0310005028900063
1,2030,262,344,0.07317184008643099
1,2030,262,350,0.020668910508302697
1,2030,263,185,0.05474451377916067
1,2030,263,190,0.06759734911226119
1,2030,263,194,0.049154941013180124
1,2030,263,195,0.027200696976625808
1,2030,263,210,0.013186238582152163
1,2030,263,224,0.020921219664590266
1,2030,263,245,0.01043712649532203
1,2030,263,261,0.034608483569029236
1,2030,263,279,0.6997087250570353
1,2030,264,356,0.9986835884812437
1,2030,265,188,0.02819148388244829
1,2030,265,202,0.03959410097100074
1,2030,265,217,0.051832281801676185
1,2030,265,223,0.024951064597984525
1,2030,265,242,0.01865269315110359
1,2030,265,244,0.020880340694499247
1,2030,265,246,0.011823771546526932
1,2030,265,275,0.013619571242403134
1,2030,265,296,0.019697371111329874
1,2030,265,303,0.5836300960154845
1,2030,265,307,0.05737815492733551
1,2030,265,338,0.022497151956534577
1,2030,265,340,0.06123720392483232
1,2030,266,324,0.9977522894394447
1,2030,267,319,0.9987118313276012
1,2030,268,351,1.0
1,2030,269,305,1.0
1,2030,270,358,0.9991599204827885
1,2030,271,268,1.0
1,2030,272,336,1.0
1,2030,273,186,0.025893937844976244
1,2030,273,207,0.04645440608166294
1,2030,273,254,0.7923831243227186
1,2030,273,303,0.030800249367396497
1,2030,273,344,0.02295869511997384
1,2030,274,181,0.9977093246676467
1,2030,275,184,1.0
1,2030,276,188,0.1616744564141579
1,2030,276,204,0.02637138666862367
1,2030,276,221,0.023267568763043936
1,2030,276,256,0.017033633189938346
1,2030,276,264,0.027341942731002534
1,2030,276,316,0.031697401290471515
1,2030,276,327,0.03375057480483021
1,2030,276,329,0.10365418502888886
1,2030,276,340,0.018818337712549666
1,2030,276,343,0.017571121092385848
1,2030,276,344,0.08505520947268726
1,2030,276,352,0.4775517403295578
1,2030,277,318,0.997413072098571
1,2030,278,183,0.01890595001881269
1,2030,278,192,0.09477453656638349
1,2030,278,252,0.011916192880146517
1,2030,278,259,0.03610375571344558
1,2030,278,310,0.8007952680223905
1,2030,278,341,0.012193984590059393
1,2030,279,188,1.0
1,2030,280,196,0.7770652768938722
1,2030,280,201,0.010050780074765467
1,2030,280,204,0.07095716860283491
1,2030,280,229,0.033527760766515737
1,2030,280,330,0.02008807843260137
1,2030,280,344,0.01765034566997077
1,2030,281,233,1.0
1,2030,282,265,1.0
1,2030,283,185,0.014021472421565206
1,2030,283,188,0.7838803067155233
1,2030,283,195,0.02080476715618019
1,2030,283,201,0.01044656047964771
1,2030,283,214,0.011628171208285019
1,2030,283,227,0.013339390157840738
1,2030,283,231,0.020516092447208433
1,2030,283,232,0.029398684001031947
1,2030,283,278,0.028063941962445018
1,2030,283,283,0.015429944856745436
1,2030,283,289,0.016495846731658395
1,2030,283,354,0.02572364805245218
1,2030,283,355,0.028230937857928965
1,2030,284,227,1.0
1,2030,285,302,1.0
1,2030,286,184,0.9151954203044689
1,2030,286,186,0.026560857780103767
1,2030,286,244,0.018874560037097247
1,2030,286,292,0.025759318006110005
1,2030,286,298,0.01012906806519673
1,2030,286,343,0.010218926681861631
1,2030,287,247,1.0
1,2030,288,310,1.0
1,2030,289,184,0.04839903144782405
1,2030,289,188,0.816327128557972
1,2030,289,229,0.010991678107688677
1,2030,289,233,0.014271461613396822
1,2030,289,237,0.03658257655280518
1,2030,289,284,0.03165884687136607
1,2030,289,315,0.014724360501023484
1,2030,289,327,0.02880892722646724
1,2030,290,314,1.0
1,2030,291,200,0.01589132307498101
1,2030,291,245,0.023859063465633334
1,2030,291,284,0.0129188465047493
1,2030,291,319,0.9235744778559339
1,2030,292,272,0.997020598415587
1,2030,293,185,0.021658442090941876
1,2030,293,188,0.7149127883183147
1,2030,293,194,0.049778762544110185
1,2030,293,199,0.025240531387751904
1,2030,293,202,0.02608389462143465
1,2030,293,246,0.05932352548373994
1,2030,293,275,0.013062593681804154
1,2030,293,307,0.04605668059335939
1,2030,293,309,0.030791659172742295
1,2030,293,338,0.05726270774289474
1,2030,294,335,1.0
1,2030,295,230,1.0
1,2030,296,316,1.0
1,2030,297,182,0.12195629190031196
1,2030,297,224,0.029629366712276686
1,2030,297,277,0.03059677792800912
1,2030,297,288,0.6946961576746054
1,2030,297,299,0.10802815367629667
1,2030,297,338,0.01944830104444261
1,2030,298,252,1.0
1,2030,299,273,1.0
1,2030,300,253,1.0
1,2030,301,182,0.022517137274976316
1,2030,301,188,0.24612846704542118
1,2030,301,217,0.054428762830637314
1,2030,301,280,0.5024061659019674
1,2030,301,299,0.0589760992317759
1,2030,301,338,0.12066583569884043
1,2030,302,286,1.0
1,2030,303,349,1.0
1,2030,304,182,0.03949387522438337
1,2030,304,192,0.06865929845282254
1,2030,304,224,0.022665672883271384
1,2030,304,277,0.024724607051405674
1,2030,304,295,0.039894189156844215
1,2030,304,299,0.05361185401356285
1,2030,304,303,0.6809710067902023
1,2030,304,330,0.025640376170216875
1,2030,305,272,1.0
1,2030,306,295,0.9979135786258191
1,2030,307,197,1.0
1,2030,308,251,1.0
1,2030,309,300,1.0
1,2030,310,248,0.9981168226646824
1,2030,311,248,1.0
1,2030,312,285,1.0
1,2030,313,341,1.0
1,2030,314,185,1.0
1,2030,315,194,1.0
1,2030,316,186,0.018660029176163332
1,2030,316,188,0.07707848489462414
1,2030,316,192,0.04656231432893699
1,2030,316,215,0.042468576857411275
1,2030,316,224,0.07811845369274732
1,2030,316,253,0.07110128753036826
1,2030,316,286,0.016436292059277456
1,2030,316,288,0.01243778891775934
1,2030,316,328,0.02259012260838036
1,2030,316,330,0.027632023906600973
1,2030,316,331,0.6263025185992619
1,2030,316,335,0.014356164853693202
1,2030,317,241,1.0
1,2030,318,283,1.0
1,2030,319,195,1.0
1,2030,320,245,1.0
1,2030,321,192,1.0
1,2030,322,266,1.0
1,2030,323,347,1.0
1,2030,324,330,0.9971092586214254
1,2030,325,280,1.0
1,2030,326,294,1.0
1,2030,327,215,1.0
1,2030,328,318,1.0
1,2030,329,301,1.0
1,2030,330,184,0.03218165161644041
1,2030,330,190,0.03553438812387059
1,2030,330,205,0.055927591901637756
1,2030,330,219,0.019944578589884
1,2030,330,229,0.0816066153850477
1,2030,330,238,0.05170230400779384
1,2030,330,248,0.015011809751681137
1,2030,330,280,0.667453714846023
1,2030,330,283,0.011545992904980495
1,2030,330,332,0.017964636582074353
1,2030,330,333,0.013820634526921949
1,2030,330,342,0.010911069179325248
1,2030,330,347,0.016068675668079537
1,2030,331,320,0.9984310236467734
1,2030,332,291,1.0
1,2030,333,222,1.0
1,2030,334,258,1.0
1,2030,335,330,0.9996224184399746
1,2030,336,272,0.9983059879463778
1,2030,337,320,0.998268489044531
1,2030,338,299,0.9951516209603531
1,2030,339,189,0.3525866938588338
1,2030,339,190,0.01959026171026325
1,2030,339,209,0.0973561950161664
1,2030,339,215,0.01679224294468772
1,2030,339,258,0.01006307793519819
1,2030,339,294,0.3548861114710382
1,2030,339,305,0.04972019122251271
1,2030,339,314,0.17845233718431616
1,2030,340,229,1.0
1,2030,341,238,1.0
1,2030,342,209,1.0
1,2030,343,344,1.0
1,2030,344,295,1.0
1,2030,345,250,1.0
1,2030,346,185,0.04273264122531974
1,2030,346,200,0.04570238578355332
1,2030,346,204,0.04647385420043422
1,2030,346,229,0.022880392973958805
1,2030,346,284,0.07015605799033035
1,2030,346,299,0.06001610397181806
1,2030,346,303,0.7456321701406105
1,2030,347,288,0.9965753613457589
1,2030,348,352,0.9973080919832022
1,2030,349,205,1.0
1,2030,350,332,1.0
1,2030,351,320,1.0
1,2030,352,303,0.9974016751287412
1,2030,353,183,1.0
1,2030,354,204,1.0
1,2030,355,188,0.010949006454910877
1,2030,355,205,0.06191034074530547
1,2030,355,266,0.01331723948418691
1,2030,355,299,0.16438683959541117
1,2030,355,320,0.04832041605544947
1,2030,355,330,0.21444619083690378
1,2030,355,344,0.05217602499364943
1,2030,355,352,0.4993841192863583
1,2030,356,182,0.9738423418657426
1,2030,357,182,0.8174087934196874
1,2030,357,188,0.011691062361175819
1,2030,357,205,0.03733506195115833
1,2030,357,245,0.012820785611512777
1,2030,357,258,0.05850960976783259
1,2030,357,286,0.014980019130913805
1,2030,357,303,0.03856415600986673
1,2030,357,330,0.03734189013914997
1,2030,358,182,1.0
1,2030,359,182,0.9961123704238262
1,2030,360,224,1.0
1,2030,361,299,1.0
1,2030,362,182,0.09800950926491489
1,2030,362,219,0.0211002657562562
1,2030,362,224,0.09082191868413128
1,2030,362,277,0.0353760193309181
1,2030,362,288,0.7250034240217437
1,2030,362,338,0.04522463715201542
1,2030,363,299,0.9996828118322333
1,2030,364,182,0.998248371798847
1,2030,365,182,0.9978377015649386
