year,period,rep_period,weight,scenario
2050,1,12,0.04245927460455537,0
2050,1,14,0.3583065999037865,0
2050,1,23,0.21150540775650153,0
2050,1,25,0.13965216404255476,0
2050,1,30,0.014383150119173715,0
2050,1,35,0.029973275655031745,0
2050,1,38,0.13743140793295913,0
2050,1,48,0.06628871998543719,0
2050,2,25,1.0,0
2050,3,11,0.08006887955271284,0
2050,3,12,0.0879932077333986,0
2050,3,25,0.1720684888075971,0
2050,3,30,0.3140871148241494,0
2050,3,49,0.07628095482021573,0
2050,3,54,0.26950135426192634,0
2050,4,30,1.0,0
2050,5,2,0.03177299677927641,0
2050,5,12,0.07297847558133305,0
2050,5,13,0.05260991336764757,0
2050,5,14,0.14170990565362487,0
2050,5,17,0.03201522082015086,0
2050,5,27,0.10944231424197401,0
2050,5,28,0.03729906368806017,0
2050,5,30,0.4299613869053646,0
2050,5,45,0.09221072296256852,0
2050,6,7,0.05178627036249717,0
2050,6,12,0.13162738017303655,0
2050,6,13,0.2697295580857314,0
2050,6,14,0.3305724443721452,0
2050,6,15,0.06781106922795549,0
2050,6,45,0.05617649825297412,0
2050,6,51,0.03235855442602175,0
2050,6,53,0.03272603604686002,0
2050,6,58,0.02721218905277824,0
2050,7,14,1.0,0
2050,8,54,1.0,0
2050,9,3,0.2086965740926255,0
2050,9,12,0.3140920735204949,0
2050,9,28,0.1626213547089317,0
2050,9,30,0.047016434729082,0
2050,9,54,0.2675735629488661,0
2050,10,12,0.662455293902247,0
2050,10,18,0.021354004554598287,0
2050,10,28,0.13510100773640182,0
2050,10,42,0.03711307355209011,0
2050,10,51,0.14397662025466287,0
2050,11,2,0.06386608539575434,0
2050,11,3,0.12090051700401737,0
2050,11,12,0.37418608171467177,0
2050,11,25,0.17248667462655345,0
2050,11,28,0.020925353999419246,0
2050,11,30,0.09891057410443299,0
2050,11,50,0.14872471315515085,0
2050,12,12,1.0,0
2050,13,12,0.2791615469062358,0
2050,13,17,0.0247170876698795,0
2050,13,25,0.048949685514303815,0
2050,13,50,0.5666656825598765,0
2050,13,54,0.08050599734970443,0
2050,14,50,1.0,0
2050,15,2,0.04157878902154614,0
2050,15,3,0.010915247889329002,0
2050,15,12,0.18763621712777767,0
2050,15,18,0.1289569832481022,0
2050,15,37,0.01391555054197546,0
2050,15,48,0.12131595867514296,0
2050,15,49,0.07010112969589054,0
2050,15,50,0.16971014307551102,0
2050,15,51,0.1232769210433437,0
2050,15,54,0.13259305968138121,0
2050,16,2,0.12976129490509916,0
2050,16,9,0.1089522693054755,0
2050,16,17,0.035926648746683124,0
2050,16,23,0.3248124221225339,0
2050,16,30,0.21103656452555675,0
2050,16,49,0.08099543019026602,0
2050,16,50,0.10851537020438558,0
2050,17,7,0.06159911525596756,0
2050,17,9,0.011774423733044864,0
2050,17,13,0.11236364489482746,0
2050,17,17,0.013505392767748673,0
2050,17,23,0.24676973226117685,0
2050,17,28,0.02930438122653674,0
2050,17,30,0.11286453010431292,0
2050,17,38,0.1561789224709088,0
2050,17,41,0.0510954875390446,0
2050,17,49,0.07830981484304267,0
2050,17,50,0.08839127594725074,0
2050,17,51,0.037843278956138,0
2050,18,2,0.03487157515441759,0
2050,18,6,0.06175097774194618,0
2050,18,15,0.025852725219762687,0
2050,18,16,0.2716548017499188,0
2050,18,23,0.10785132532143002,0
2050,18,27,0.2268471216829731,0
2050,18,28,0.02560364572602382,0
2050,18,35,0.06454129932748971,0
2050,18,41,0.12380829684807304,0
2050,18,54,0.05721823122796499,0
2050,19,8,0.030109928834610392,0
2050,19,16,0.5315143701762859,0
2050,19,21,0.15495633707108572,0
2050,19,27,0.1482506390260201,0
2050,19,55,0.11395945391371781,0
2050,19,60,0.02120927097827996,0
2050,20,8,0.10286893609281489,0
2050,20,14,0.029081142025087995,0
2050,20,16,0.30272273449303627,0
2050,20,17,0.13949383816256092,0
2050,20,27,0.06376948416294073,0
2050,20,29,0.01161887205355036,0
2050,20,34,0.03703242815889802,0
2050,20,36,0.037048690338346374,0
2050,20,37,0.06050876621432787,0
2050,20,41,0.15645204105125718,0
2050,20,49,0.05940306724717926,0
2050,21,6,0.16385811534192654,0
2050,21,16,0.2542830393696239,0
2050,21,17,0.04818532052340776,0
2050,21,27,0.1533679704073111,0
2050,21,37,0.1383470161746955,0
2050,21,41,0.04977802274988264,0
2050,21,50,0.04860326447448925,0
2050,21,57,0.09360885122787291,0
2050,21,59,0.049968399730790536,0
2050,22,16,1.0,0
2050,23,13,1.0,0
2050,24,12,0.13286316388141753,0
2050,24,13,0.1975903028596328,0
2050,24,48,0.05540203242239245,0
2050,24,51,0.569432554644141,0
2050,24,57,0.04471194619241629,0
2050,25,3,0.06430280304528273,0
2050,25,13,0.3170745865348534,0
2050,25,16,0.19014064364111385,0
2050,25,28,0.02190002927437247,0
2050,25,36,0.10552629655494922,0
2050,25,40,0.07320586641792691,0
2050,25,51,0.21664439154065246,0
2050,25,57,0.011205382990848986,0
2050,26,51,1.0,0
2050,27,3,0.09739809182857813,0
2050,27,10,0.05216506587912843,0
2050,27,16,0.25327831983106763,0
2050,27,30,0.03560999188136493,0
2050,27,36,0.1530996640995658,0
2050,27,50,0.14664825580817206,0
2050,27,51,0.18922107058635523,0
2050,27,53,0.0725795400857677,0
2050,28,3,0.03531739981287867,0
2050,28,19,0.04197095242680333,0
2050,28,48,0.21473900982020425,0
2050,28,50,0.13019429028610593,0
2050,28,51,0.5777783476540077,0
2050,29,2,0.3139842355517423,0
2050,29,3,0.09114423484091827,0
2050,29,23,0.04678763868580012,0
2050,29,30,0.025491060480043366,0
2050,29,48,0.09595333270887069,0
2050,29,50,0.21453752550923244,0
2050,29,51,0.11712128295818407,0
2050,29,54,0.0949806892652087,0
2050,30,2,1.0,0
2050,31,2,0.4544769233745619,0
2050,31,13,0.042312021522637425,0
2050,31,17,0.049556571880962255,0
2050,31,21,0.0452739731172077,0
2050,31,27,0.14695612528206117,0
2050,31,43,0.07695091979423936,0
2050,31,48,0.011492802814430492,0
2050,31,57,0.14248781436563657,0
2050,31,59,0.030492847848263185,0
2050,32,2,0.2260520772252542,0
2050,32,21,0.12986831176194039,0
2050,32,23,0.07567362956208533,0
2050,32,37,0.028174869122540303,0
2050,32,48,0.14652345770684305,0
2050,32,49,0.024399956095005233,0
2050,32,51,0.04780773522610412,0
2050,32,54,0.18549352875850017,0
2050,32,59,0.13600643454172728,0
2050,33,16,0.31840393790890703,0
2050,33,21,0.08187375864104564,0
2050,33,25,0.17177446285129885,0
2050,33,31,0.01664614213378191,0
2050,33,48,0.06713197642357714,0
2050,33,49,0.16763546787318379,0
2050,33,57,0.13178333681767232,0
2050,33,59,0.04475091735053321,0
2050,34,13,0.0675171142141869,0
2050,34,15,0.04039107120380384,0
2050,34,16,0.27988376904151546,0
2050,34,17,0.09407116726488379,0
2050,34,19,0.027973263566153986,0
2050,34,21,0.18153482710172175,0
2050,34,36,0.043710237463551495,0
2050,34,37,0.029418012086214848,0
2050,34,51,0.083095046672873,0
2050,34,59,0.15240549138509507,0
2050,35,59,1.0,0
2050,36,9,0.074963777245732,0
2050,36,13,0.18854098402040861,0
2050,36,16,0.10584371121681965,0
2050,36,32,0.026145374863182167,0
2050,36,42,0.13380205368931797,0
2050,36,51,0.03269356578732989,0
2050,36,57,0.04948822575315044,0
2050,36,59,0.3885223074240593,0
2050,37,2,0.2764619513723735,0
2050,37,9,0.01890214076418384,0
2050,37,12,0.23821288441100796,0
2050,37,42,0.11081114247006454,0
2050,37,48,0.02447236276493042,0
2050,37,57,0.2809949909164327,0
2050,37,59,0.05014452730100697,0
2050,38,2,0.06095155340712264,0
2050,38,4,0.1876276710564309,0
2050,38,9,0.047569387757967735,0
2050,38,12,0.06690170007118419,0
2050,38,23,0.12483725676843507,0
2050,38,35,0.018996313825089532,0
2050,38,41,0.09425149147435903,0
2050,38,48,0.06300911336602284,0
2050,38,49,0.04239642876415438,0
2050,38,50,0.1527097200049521,0
2050,38,51,0.10476528423931569,0
2050,38,54,0.035984079264966023,0
2050,39,1,0.06397942116964363,0
2050,39,2,0.06797510473103845,0
2050,39,3,0.07312578506204066,0
2050,39,9,0.06666607851395227,0
2050,39,12,0.0956661952961189,0
2050,39,25,0.0,0
2050,39,30,0.2090317678374949,0
2050,39,49,0.08953940556775568,0
2050,39,50,0.04164857372345655,0
2050,39,54,0.16776304898466182,0
2050,39,57,0.12460461911383734,0
2050,40,2,0.08918534769959623,0
2050,40,4,0.09966436734643666,0
2050,40,9,0.1716373128307976,0
2050,40,12,0.04877876503060446,0
2050,40,13,0.06581369601142718,0
2050,40,16,0.0682574200839197,0
2050,40,30,0.15135956868451741,0
2050,40,40,0.03301602246173162,0
2050,40,48,0.012390714857005356,0
2050,40,51,0.08289976630829728,0
2050,40,53,0.09657689124789018,0
2050,40,57,0.016042826945861215,0
2050,40,59,0.06437730049191508,0
2050,41,2,0.024994138337581157,0
2050,41,4,0.270057108956531,0
2050,41,13,0.048453484879031464,0
2050,41,14,0.03955124817604063,0
2050,41,16,0.15982165524748035,0
2050,41,21,0.07722430169686303,0
2050,41,27,0.015597723874046412,0
2050,41,30,0.16615633008392935,0
2050,41,40,0.12635621168957048,0
2050,41,57,0.03146766387679128,0
2050,41,59,0.04032013318213489,0
2050,42,4,0.06872625760674117,0
2050,42,13,0.019825803984864634,0
2050,42,14,0.03945388186649225,0
2050,42,16,0.07508941519714256,0
2050,42,21,0.09095055764586915,0
2050,42,24,0.024697921926480376,0
2050,42,27,0.4994313343307855,0
2050,42,36,0.04788032086951648,0
2050,42,55,0.0738450458793957,0
2050,42,59,0.06009946069271221,0
2050,43,27,1.0,0
2050,44,12,0.04807231096877683,0
2050,44,13,0.03299645361110335,0
2050,44,15,0.32734575280226885,0
2050,44,21,0.05479086241351029,0
2050,44,27,0.151231270483115,0
2050,44,37,0.10837780802698088,0
2050,44,48,0.07975543213179352,0
2050,44,51,0.18115521947688204,0
2050,44,60,0.01627489008556911,0
2050,45,9,0.14445285850694348,0
2050,45,10,0.012035873868295282,0
2050,45,15,0.08503975393508433,0
2050,45,16,0.22941386627105687,0
2050,45,21,0.09050478459024475,0
2050,45,37,0.11660441023584664,0
2050,45,51,0.13789951658193303,0
2050,45,57,0.09340918099721628,0
2050,45,60,0.09063975501337933,0
2050,46,23,0.02460212769261587,0
2050,46,30,0.26626826490368327,0
2050,46,37,0.10847213151242387,0
2050,46,41,0.37742639033411973,0
2050,46,48,0.1015332021275091,0
2050,46,49,0.06900578197954174,0
2050,46,51,0.05269210145010644,0
2050,47,2,0.15589566922592674,0
2050,47,4,0.14830216327261087,0
2050,47,17,0.021689962002765087,0
2050,47,27,0.0159827048233319,0
2050,47,30,0.2470045906316427,0
2050,47,38,0.024092573894131167,0
2050,47,41,0.38703233614959165,0
2050,48,2,0.31806970298241066,0
2050,48,4,0.06716655453429676,0
2050,48,14,0.09576255898933896,0
2050,48,17,0.21894459758418078,0
2050,48,41,0.24174806091825823,0
2050,48,48,0.05830852499151439,0
2050,49,2,0.0374492301722664,0
2050,49,4,0.05163924727362925,0
2050,49,14,0.3394102926117572,0
2050,49,17,0.03919073224609428,0
2050,49,19,0.030553097552757008,0
2050,49,21,0.03176896272638256,0
2050,49,38,0.04744299639301504,0
2050,49,41,0.21379118954250445,0
2050,49,48,0.2087542514815938,0
2050,50,14,0.27755221171063094,0
2050,50,18,0.027397400773651236,0
2050,50,19,0.017903202036524252,0
2050,50,20,0.08346578656298481,0
2050,50,23,0.2012216508645473,0
2050,50,25,0.16377000440438413,0
2050,50,34,0.024659102860046342,0
2050,50,41,0.04379134453462733,0
2050,50,48,0.16023929625260366,0
2050,51,8,0.018973968136529993,0
2050,51,26,0.03405522701655597,0
2050,51,27,0.08540350011295052,0
2050,51,34,0.08816846539443933,0
2050,51,35,0.02483325352402029,0
2050,51,41,0.09442845358332273,0
2050,51,48,0.06955297196119581,0
2050,51,54,0.5127399076559833,0
2050,51,57,0.07184425261500202,0
2050,52,2,0.3177170787723202,0
2050,52,3,0.07038538990683457,0
2050,52,17,0.06352887204295093,0
2050,52,30,0.16098568923048148,0
2050,52,41,0.05230303802815822,0
2050,52,43,0.2288987077853067,0
2050,52,47,0.04434453494709612,0
2050,52,49,0.0618366892868519,0
2050,53,2,0.22335235636098125,0
2050,53,7,0.010959678667740098,0
2050,53,13,0.07760903514770197,0
2050,53,14,0.04427014153085914,0
2050,53,23,0.0662668918214175,0
2050,53,27,0.027904040072070938,0
2050,53,28,0.05986249032094919,0
2050,53,38,0.22748363142086017,0
2050,53,41,0.030156016780203083,0
2050,53,46,0.04489515001096022,0
2050,53,48,0.06809768766965262,0
2050,53,49,0.11914288019660375,0
2050,54,48,1.0,0
2050,55,3,0.09553490049997866,0
2050,55,7,0.04305913176152904,0
2050,55,15,0.03632460128569176,0
2050,55,37,0.02046381292548483,0
2050,55,47,0.03311405753111691,0
2050,55,48,0.37441042592348833,0
2050,55,50,0.13762607617962042,0
2050,55,51,0.10096964443157586,0
2050,55,56,0.029485843591861745,0
2050,55,57,0.035636743710193375,0
2050,55,59,0.09337476215945889,0
2050,56,2,0.06708423773062676,0
2050,56,7,0.03607660215834407,0
2050,56,9,0.07923139196018358,0
2050,56,17,0.02888712811505381,0
2050,56,36,0.10619770734586863,0
2050,56,38,0.053097232910435416,0
2050,56,40,0.09402016863817288,0
2050,56,43,0.12004353838046594,0
2050,56,48,0.0457825671725444,0
2050,56,57,0.07087847716184813,0
2050,56,59,0.2987009484264563,0
2050,57,7,0.03307469530892725,0
2050,57,13,0.16644907060277564,0
2050,57,15,0.1182420130215805,0
2050,57,21,0.0272756609291511,0
2050,57,37,0.04808680248529332,0
2050,57,40,0.010715985222584523,0
2050,57,45,0.03831963488255545,0
2050,57,48,0.11461651102716769,0
2050,57,51,0.3527231799909916,0
2050,57,53,0.01126172782013663,0
2050,57,56,0.036723822518829684,0
2050,57,59,0.0425108961900068,0
2050,58,15,0.15878517328458094,0
2050,58,16,0.08406780685861408,0
2050,58,21,0.09275688590937568,0
2050,58,27,0.07136649362031701,0
2050,58,33,0.05155266505532097,0
2050,58,37,0.0,0
2050,58,40,0.02422188103813713,0
2050,58,43,0.04428395080580768,0
2050,58,48,0.2294430336636282,0
2050,58,51,0.07759631083673824,0
2050,58,57,0.05529553597287019,0
2050,58,59,0.11063026295460983,0
2050,59,13,0.09134380349646476,0
2050,59,15,0.31983296314284543,0
2050,59,21,0.01896655914287225,0
2050,59,37,0.04564857290413901,0
2050,59,48,0.1707022890290723,0
2050,59,51,0.3221526242974969,0
2050,59,53,0.03135318798710931,0
2050,60,18,0.1088106471796528,0
2050,60,35,0.028384242410681555,0
2050,60,36,0.04771448791181496,0
2050,60,48,0.3311811366443079,0
2050,60,50,0.1283342107036406,0
2050,60,51,0.13167745412184376,0
2050,60,54,0.22389782102805844,0
2050,61,2,0.034626087056352554,0
2050,61,3,0.3171847150345856,0
2050,61,25,0.18016554779758298,0
2050,61,30,0.07189004740650971,0
2050,61,42,0.11165428782614202,0
2050,61,48,0.017493836819428784,0
2050,61,50,0.21103003379499025,0
2050,61,51,0.055955444264408224,0
2050,62,3,0.20832894260813667,0
2050,62,12,0.21921134452331928,0
2050,62,14,0.2012533523013312,0
2050,62,19,0.07164894533319198,0
2050,62,25,0.06370124129851393,0
2050,62,31,0.14111847193295055,0
2050,62,35,0.023072340410031363,0
2050,62,42,0.02009423526319059,0
2050,62,47,0.05157112632933446,0
2050,63,3,0.3981779822092776,0
2050,63,7,0.03302088488509634,0
2050,63,10,0.057851515880479126,0
2050,63,15,0.08919319650831134,0
2050,63,16,0.09979048078212745,0
2050,63,19,0.06752823199534033,0
2050,63,28,0.08490119904991869,0
2050,63,45,0.010644228218718244,0
2050,63,51,0.038027065352490494,0
2050,63,53,0.06832983361266524,0
2050,63,59,0.05253538150557531,0
2050,64,3,0.15402237691538362,0
2050,64,9,0.08196213096086923,0
2050,64,13,0.43977691463457996,0
2050,64,21,0.04144107651164787,0
2050,64,28,0.0491928744129874,0
2050,64,32,0.10435754362100913,0
2050,64,59,0.12924708294352277,0
2050,65,3,0.040941576834311,0
2050,65,4,0.05764036192128084,0
2050,65,13,0.3244449829785494,0
2050,65,19,0.04813477230478852,0
2050,65,23,0.09924876342111373,0
2050,65,30,0.12998424145812332,0
2050,65,38,0.15639638120341406,0
2050,65,41,0.05885965807989199,0
2050,65,48,0.08434926179852718,0
2050,66,4,0.02202929146046918,0
2050,66,13,0.08098167883128402,0
2050,66,14,0.1352734102737436,0
2050,66,19,0.04186449985405966,0
2050,66,23,0.20165139030015777,0
2050,66,38,0.23372850711570298,0
2050,66,41,0.07843241160317108,0
2050,66,48,0.09858502384780808,0
2050,66,51,0.10745378671360377,0
2050,67,4,0.15333214932711764,0
2050,67,19,0.049751080958287494,0
2050,67,23,0.1504888045449217,0
2050,67,25,0.16742204990273576,0
2050,67,38,0.12031318845482078,0
2050,67,41,0.3586927268121166,0
2050,68,3,0.013334560310495671,0
2050,68,13,0.07918769114153688,0
2050,68,21,0.07226422875370304,0
2050,68,23,0.07465175691002915,0
2050,68,27,0.23262972217384997,0
2050,68,36,0.1553773351667269,0
2050,68,41,0.1221749856973456,0
2050,68,45,0.03654784345479931,0
2050,68,46,0.058310894823698826,0
2050,68,49,0.06179234542502666,0
2050,68,52,0.05299004767600611,0
2050,68,53,0.040738588466781946,0
2050,69,5,0.025000193980165123,0
2050,69,19,0.012617057820452079,0
2050,69,31,0.10072388446109405,0
2050,69,34,0.07220779959200545,0
2050,69,35,0.187272295914565,0
2050,69,36,0.09823795889087612,0
2050,69,38,0.09615050289626235,0
2050,69,41,0.37434896749053975,0
2050,69,51,0.033441338954040105,0
2050,70,36,1.0,0
2050,71,1,0.0743537722138855,0
2050,71,3,0.0891949682012216,0
2050,71,13,0.1257882837348262,0
2050,71,28,0.04632035885571342,0
2050,71,36,0.2775972338458896,0
2050,71,42,0.01667828996767478,0
2050,71,45,0.05535916891890816,0
2050,71,49,0.2700539483767168,0
2050,71,50,0.044653975885163906,0
2050,72,49,1.0,0
2050,73,14,0.020954318651088676,0
2050,73,18,0.07832137588852,0
2050,73,19,0.01568101761640086,0
2050,73,21,0.210551577307562,0
2050,73,23,0.08189858594621738,0
2050,73,31,0.03203135041401681,0
2050,73,35,0.015700435730058776,0
2050,73,39,0.03857246884825877,0
2050,73,41,0.011459775178882104,0
2050,73,48,0.03964668541304746,0
2050,73,49,0.4053130410429155,0
2050,73,53,0.021137140400840634,0
2050,73,54,0.028732227562191133,0
2050,74,3,0.1507216351502022,0
2050,74,4,0.220633418292146,0
2050,74,12,0.045654035321749976,0
2050,74,13,0.02980122181825996,0
2050,74,18,0.1618794622878629,0
2050,74,21,0.12893410952781428,0
2050,74,25,0.045420369609353896,0
2050,74,30,0.044675663725479764,0
2050,74,31,0.0468850435056865,0
2050,74,49,0.05854141002133604,0
2050,74,53,0.0668536307401085,0
2050,75,4,0.5888310870811041,0
2050,75,30,0.26047361471379993,0
2050,75,31,0.05485592297829469,0
2050,75,38,0.09583937522680121,0
2050,76,4,1.0,0
2050,77,1,0.016027664186207744,0
2050,77,4,0.2817632827829666,0
2050,77,7,0.047924192701748226,0
2050,77,15,0.13517953932399449,0
2050,77,16,0.06759453856803604,0
2050,77,21,0.21020173521846416,0
2050,77,31,0.0813164753847634,0
2050,77,42,0.022142651985660743,0
2050,77,45,0.07991027783988862,0
2050,77,52,0.05793964200827006,0
2050,78,11,0.01652596454783808,0
2050,78,15,0.06615783284427136,0
2050,78,16,0.10450318733084288,0
2050,78,21,0.23786238706902385,0
2050,78,36,0.019022860163875062,0
2050,78,37,0.1884626899348689,0
2050,78,43,0.032904780597138965,0
2050,78,49,0.04249227187081507,0
2050,78,51,0.08283190990478262,0
2050,78,57,0.13507148982990072,0
2050,78,60,0.0741646259066425,0
2050,79,21,1.0,0
2050,80,4,0.012349629862374754,0
2050,80,9,0.019521749570303337,0
2050,80,11,0.060589703225032904,0
2050,80,14,0.06214715484379407,0
2050,80,15,0.022145502233193667,0
2050,80,21,0.1311148836647918,0
2050,80,31,0.05985281244228535,0
2050,80,41,0.04095193991523725,0
2050,80,46,0.017228262557101727,0
2050,80,48,0.05913948972414705,0
2050,80,49,0.10328611729503356,0
2050,80,51,0.21440764199918114,0
2050,80,57,0.19726511266752347,0
2050,81,2,0.14733474288129061,0
2050,81,9,0.13261580564805106,0
2050,81,16,0.040698290842131474,0
2050,81,18,0.03262891618143548,0
2050,81,21,0.1348450719849906,0
2050,81,36,0.19676200781095216,0
2050,81,41,0.010703992800292288,0
2050,81,43,0.06045692473568708,0
2050,81,49,0.07222249035906063,0
2050,81,57,0.15598346985846306,0
2050,81,59,0.015748286897645465,0
2050,82,41,1.0,0
2050,83,1,0.08937998068400262,0
2050,83,2,0.04983477303571286,0
2050,83,21,0.12089289498810446,0
2050,83,36,0.10021778692720441,0
2050,83,41,0.1602954611740051,0
2050,83,43,0.4131992036338228,0
2050,83,57,0.0661798995571478,0
2050,84,2,0.07600853914926176,0
2050,84,4,0.14480322373351645,0
2050,84,7,0.08186905611884199,0
2050,84,13,0.09375131758511134,0
2050,84,21,0.026844721605955045,0
2050,84,32,0.10199790950992538,0
2050,84,37,0.05176831288016972,0
2050,84,41,0.03454353434489149,0
2050,84,43,0.056259340286370446,0
2050,84,57,0.1618331154606569,0
2050,84,59,0.1703209293252995,0
2050,85,2,0.22965095100346672,0
2050,85,4,0.01840503033134649,0
2050,85,14,0.10987477992659768,0
2050,85,23,0.12680614992014183,0
2050,85,41,0.05207929530552658,0
2050,85,46,0.0891917694710429,0
2050,85,48,0.09989688560108016,0
2050,85,49,0.2124150267838411,0
2050,85,57,0.0616801116569565,0
2050,86,57,1.0,0
2050,87,3,0.3594367087079788,0
2050,87,13,0.2323269317018309,0
2050,87,15,0.01889263184483321,0
2050,87,22,0.034513688830799895,0
2050,87,45,0.0904037834505204,0
2050,87,51,0.19319707956224594,0
2050,87,57,0.07122917590179077,0
2050,88,3,0.2798687450737169,0
2050,88,11,0.014094250576202403,0
2050,88,35,0.11381170825590933,0
2050,88,48,0.19177252905246148,0
2050,88,49,0.10334880485332076,0
2050,88,51,0.07838941984893731,0
2050,88,54,0.17683289718604428,0
2050,88,57,0.04188164515340742,0
2050,89,2,0.04760985901537399,0
2050,89,3,0.5639929211818911,0
2050,89,12,0.06763385095455243,0
2050,89,23,0.026960504933157412,0
2050,89,30,0.05274436368438131,0
2050,89,31,0.0252891485485365,0
2050,89,49,0.02226469229825722,0
2050,89,50,0.19350465938384986,0
2050,90,3,1.0,0
2050,91,3,0.6844464323405545,0
2050,91,12,0.11900644114141853,0
2050,91,31,0.09223674996826171,0
2050,91,47,0.10431037654976526,0
2050,92,3,0.31136143114517995,0
2050,92,9,0.24660905920072557,0
2050,92,12,0.09396719011367381,0
2050,92,28,0.03730653877872519,0
2050,92,31,0.21979497390086233,0
2050,92,57,0.09096080686083317,0
2050,93,1,0.07677521256598673,0
2050,93,4,0.27642687666683213,0
2050,93,13,0.16625766270488568,0
2050,93,21,0.0688744215978333,0
2050,93,22,0.25135003857940186,0
2050,93,28,0.07623851840951118,0
2050,93,31,0.015299729040271423,0
2050,93,36,0.023320315983712498,0
2050,93,40,0.0123336401931412,0
2050,93,45,0.033123584258423974,0
2050,94,1,0.15045494570091697,0
2050,94,4,0.06912042958952316,0
2050,94,8,0.13810939447037424,0
2050,94,15,0.05713475150426212,0
2050,94,21,0.03334208402057715,0
2050,94,27,0.07323618320493502,0
2050,94,46,0.13993183559056988,0
2050,94,51,0.08230718961071126,0
2050,94,55,0.06297702569513891,0
2050,94,57,0.056007818260721785,0
2050,94,59,0.13737834235226945,0
2050,95,1,0.1705124798700037,0
2050,95,4,0.12484003162494423,0
2050,95,8,0.030559105760230885,0
2050,95,9,0.02253481365263114,0
2050,95,32,0.16918607243407632,0
2050,95,36,0.062209807186821266,0
2050,95,42,0.05750538984385578,0
2050,95,46,0.06818956915155497,0
2050,95,59,0.2944627304758817,0
2050,96,1,0.22543526320997523,0
2050,96,4,0.15793620145987236,0
2050,96,13,0.17744332875958604,0
2050,96,16,0.04241438700255605,0
2050,96,21,0.07858756963569336,0
2050,96,42,0.2549700577656971,0
2050,96,59,0.06321319216661979,0
2050,97,1,0.2653018760346273,0
2050,97,2,0.10861874155493555,0
2050,97,4,0.345101746568732,0
2050,97,7,0.02603862993509836,0
2050,97,9,0.07044387067670144,0
2050,97,30,0.02587656279255908,0
2050,97,31,0.08005480692198788,0
2050,97,42,0.01000542063330426,0
2050,97,59,0.06855834488205415,0
2050,98,1,0.22291467173917137,0
2050,98,2,0.13483879827765288,0
2050,98,4,0.27797919597604437,0
2050,98,5,0.03107885136624853,0
2050,98,17,0.10258684062481857,0
2050,98,36,0.17690707806590802,0
2050,98,43,0.04103835310998079,0
2050,98,49,0.012656210840175432,0
2050,99,1,0.23709302091905549,0
2050,99,2,0.02567034920783421,0
2050,99,4,0.2205286254099105,0
2050,99,17,0.04284345864431758,0
2050,99,21,0.08083637860007112,0
2050,99,26,0.08923859537507312,0
2050,99,27,0.18032073253719047,0
2050,99,34,0.04063747683231971,0
2050,99,41,0.0628262057122906,0
2050,99,46,0.020005156761937187,0
2050,100,1,0.10703840741253816,0
2050,100,4,0.015214344398622615,0
2050,100,19,0.030365289061411345,0
2050,100,21,0.04775980593556441,0
2050,100,27,0.23639850054267741,0
2050,100,34,0.26494769159571596,0
2050,100,36,0.12720858281050934,0
2050,100,41,0.06674117689255384,0
2050,100,46,0.10432620135040703,0
2050,101,15,0.014068822186182557,0
2050,101,18,0.116888256906082,0
2050,101,19,0.18682220668576544,0
2050,101,24,0.1534464529989824,0
2050,101,31,0.03882472491619897,0
2050,101,33,0.07279370925762538,0
2050,101,51,0.21438486707061383,0
2050,101,56,0.04368617314375804,0
2050,101,57,0.13590421465456234,0
2050,101,58,0.02318057218022902,0
2050,102,1,0.06558953743179616,0
2050,102,14,0.053406306969979174,0
2050,102,19,0.27636929542382443,0
2050,102,20,0.027145239199497764,0
2050,102,23,0.1656314083921962,0
2050,102,31,0.20916278742749658,0
2050,102,34,0.01791689656871412,0
2050,102,39,0.014977593293643374,0
2050,102,49,0.16980093529285226,0
2050,103,1,0.13356564191303788,0
2050,103,19,0.32751988612731614,0
2050,103,26,0.03741115660704288,0
2050,103,30,0.17680316621266362,0
2050,103,31,0.1251405507580792,0
2050,103,36,0.08069191507746022,0
2050,103,41,0.027941562582727848,0
2050,103,46,0.09092612072167217,0
2050,104,19,1.0,0
2050,105,31,1.0,0
2050,106,1,0.3350766138486866,0
2050,106,4,0.18821544399100704,0
2050,106,31,0.21811964049453755,0
2050,106,41,0.08532708848185694,0
2050,106,46,0.17326121318391186,0
2050,107,1,0.329684336324731,0
2050,107,4,0.12704416228020576,0
2050,107,9,0.06287388156567464,0
2050,107,13,0.055224617559219244,0
2050,107,28,0.026939486052999055,0
2050,107,36,0.012688100627241471,0
2050,107,38,0.06993214093770905,0
2050,107,46,0.21306830631452778,0
2050,107,51,0.09045199249537061,0
2050,107,57,0.012092975842321425,0
2050,108,1,0.3890303226383511,0
2050,108,3,0.09620362535405642,0
2050,108,10,0.03215262634488752,0
2050,108,13,0.06617017079438733,0
2050,108,19,0.10333934902775675,0
2050,108,28,0.0777880382358403,0
2050,108,29,0.013853750330305739,0
2050,108,36,0.01571409180371776,0
2050,108,42,0.08695110642992533,0
2050,108,43,0.06971914259864874,0
2050,108,59,0.04907777644212295,0
2050,109,1,0.21211966107128705,0
2050,109,4,0.02738342601383739,0
2050,109,8,0.1121255103774199,0
2050,109,31,0.01251066898782547,0
2050,109,34,0.0579521380603508,0
2050,109,36,0.07524531997188612,0
2050,109,41,0.22901891168497635,0
2050,109,42,0.05950700572291864,0
2050,109,46,0.15622201178437448,0
2050,109,49,0.05791534632512374,0
2050,110,1,1.0,0
2050,111,1,0.4658240184546486,0
2050,111,3,0.037285055632301334,0
2050,111,7,0.04861324933212656,0
2050,111,9,0.011620813011761532,0
2050,111,19,0.07798924214294774,0
2050,111,22,0.051795203999973796,0
2050,111,31,0.21338697799226122,0
2050,111,46,0.013726131783455348,0
2050,111,59,0.07975930765052382,0
2050,112,19,0.14599872081363763,0
2050,112,22,0.018017194529185897,0
2050,112,24,0.055073216818636576,0
2050,112,31,0.23506143914697078,0
2050,112,34,0.11036529582614171,0
2050,112,36,0.07430350251320189,0
2050,112,42,0.04202783825722894,0
2050,112,46,0.13509232570542162,0
2050,112,51,0.056030551964477635,0
2050,112,52,0.0648558111025176,0
2050,112,57,0.06317410332257974,0
2050,113,1,0.20356272206883458,0
2050,113,4,0.0883447246157513,0
2050,113,17,0.06639022544843608,0
2050,113,26,0.06132535533904539,0
2050,113,31,0.0961211643466041,0
2050,113,34,0.02871600893338501,0
2050,113,41,0.029902087625558182,0
2050,113,44,0.08029246912565477,0
2050,113,46,0.34534524249673043,0
2050,114,46,1.0,0
2050,115,9,0.025849328775678814,0
2050,115,10,0.017274359680969468,0
2050,115,13,0.010197997877567767,0
2050,115,15,0.07467946792352484,0
2050,115,19,0.10659220956537335,0
2050,115,20,0.035830378782671965,0
2050,115,24,0.08713021094219824,0
2050,115,31,0.10843008887635172,0
2050,115,33,0.03180315320997226,0
2050,115,37,0.02487799458324064,0
2050,115,40,0.018369368040623925,0
2050,115,43,0.019467224196579654,0
2050,115,46,0.13587390691093512,0
2050,115,51,0.13558686208745896,0
2050,115,55,0.02268717460712695,0
2050,115,56,0.05518091384930859,0
2050,115,58,0.0207816904293295,0
2050,115,59,0.06938766966108806,0
2050,116,1,0.028221844699635557,0
2050,116,16,0.12276972378999092,0
2050,116,19,0.021610896525560305,0
2050,116,31,0.025576282383000463,0
2050,116,33,0.04586939000220697,0
2050,116,40,0.061909717060473414,0
2050,116,43,0.22058438985016185,0
2050,116,46,0.31494684093930597,0
2050,116,52,0.10652395553151055,0
2050,116,59,0.051986959218153994,0
2050,117,3,0.047451989119555414,0
2050,117,9,0.06319060380091276,0
2050,117,13,0.06011492560530605,0
2050,117,19,0.025436170989018642,0
2050,117,22,0.3330529799723562,0
2050,117,31,0.030569643701206038,0
2050,117,32,0.014142006980891686,0
2050,117,42,0.035234429241734394,0
2050,117,43,0.0798484368792569,0
2050,117,46,0.15353617419151053,0
2050,117,56,0.028003070035114423,0
2050,117,57,0.04071719043637375,0
2050,117,59,0.08870237904676324,0
2050,118,3,0.0718592050116243,0
2050,118,10,0.11752244348690472,0
2050,118,13,0.11067214831181935,0
2050,118,19,0.06262164642181836,0
2050,118,22,0.22516990806313356,0
2050,118,29,0.03578546256970516,0
2050,118,31,0.1940222770727782,0
2050,118,42,0.08584127366519648,0
2050,118,45,0.0,0
2050,118,46,0.0965056353970199,0
2050,119,1,0.05262475092639407,0
2050,119,5,0.09055749151179955,0
2050,119,6,0.0151715891702522,0
2050,119,19,0.3994242869183236,0
2050,119,24,0.021246437619791066,0
2050,119,29,0.11980771164217191,0
2050,119,31,0.05881706489831224,0
2050,119,45,0.11828356630147951,0
2050,119,47,0.09301131681590806,0
2050,119,51,0.03105578419556781,0
2050,120,8,0.10364860653857383,0
2050,120,10,0.05844089132565989,0
2050,120,24,0.0347264163777532,0
2050,120,29,0.29751296842582475,0
2050,120,39,0.15175563496459382,0
2050,120,44,0.1427477131975939,0
2050,120,52,0.057857553755696144,0
2050,120,55,0.018280143563025292,0
2050,120,58,0.13503007185127908,0
2050,121,29,0.45550851564295936,0
2050,121,32,0.20217614282191654,0
2050,121,44,0.25377115055032656,0
2050,121,57,0.08854419098479752,0
2050,122,29,1.0,0
2050,123,10,0.15023215405302978,0
2050,123,15,0.057841209836550986,0
2050,123,29,0.09769501127111271,0
2050,123,32,0.06096050324188748,0
2050,123,39,0.0818521041640649,0
2050,123,56,0.3316654444638852,0
2050,123,58,0.21975357296946899,0
2050,124,10,0.08043326966780136,0
2050,124,16,0.026844204622494195,0
2050,124,20,0.0889614514110679,0
2050,124,29,0.3134458569470932,0
2050,124,39,0.16739341123697438,0
2050,124,44,0.12146157349149814,0
2050,124,47,0.04580919801621139,0
2050,124,51,0.016433168875632998,0
2050,124,56,0.04369164986907325,0
2050,124,58,0.09552621586215326,0
2050,125,3,0.04726373739749772,0
2050,125,7,0.03778995177463336,0
2050,125,10,0.06827885373018287,0
2050,125,39,0.04100181774727492,0
2050,125,44,0.08949197424897036,0
2050,125,47,0.30757267598276344,0
2050,125,48,0.024989675671390942,0
2050,125,58,0.3836113134472865,0
2050,126,3,0.11854902271393725,0
2050,126,39,0.3858062372227788,0
2050,126,42,0.040719530375826006,0
2050,126,44,0.1813037171801913,0
2050,126,50,0.06047619791696814,0
2050,126,58,0.21314529459029857,0
2050,127,11,0.1062362253637302,0
2050,127,29,0.020252416430246948,0
2050,127,44,0.3579154258474989,0
2050,127,55,0.012595245769646633,0
2050,127,56,0.03719308493109904,0
2050,127,58,0.4658076016577783,0
2050,128,29,0.36146240037802446,0
2050,128,44,0.35620945623337197,0
2050,128,52,0.026105485644923074,0
2050,128,55,0.08590508983797401,0
2050,128,58,0.1703175679057066,0
2050,129,10,0.14593896822870536,0
2050,129,39,0.030824150003109785,0
2050,129,44,0.22554751268246898,0
2050,129,56,0.12744799049951305,0
2050,129,58,0.47024137858620285,0
2050,130,22,0.03176576930627922,0
2050,130,29,0.19947306409878288,0
2050,130,36,0.0357709904091042,0
2050,130,44,0.1812198517312039,0
2050,130,58,0.5517703244546298,0
2050,131,58,1.0,0
2050,132,20,0.1828712160468203,0
2050,132,39,0.1533946537739852,0
2050,132,44,0.412001362675374,0
2050,132,58,0.2517327675038205,0
2050,133,44,1.0,0
2050,134,29,0.3220493065455962,0
2050,134,40,0.0609344641707184,0
2050,134,43,0.1225976308401036,0
2050,134,44,0.041477341842870906,0
2050,134,52,0.20167736892445112,0
2050,134,55,0.027053342645853802,0
2050,134,56,0.03575698699991512,0
2050,134,58,0.1037536653219894,0
2050,134,59,0.08469989270850142,0
2050,135,2,0.01059591573961373,0
2050,135,17,0.030111189845001784,0
2050,135,20,0.029228143091907587,0
2050,135,29,0.2622026780168719,0
2050,135,32,0.18105874169633115,0
2050,135,43,0.13396110337289463,0
2050,135,55,0.04336251524317689,0
2050,135,56,0.2094879436394517,0
2050,135,58,0.07131696796587716,0
2050,135,59,0.02867480138887354,0
2050,136,56,1.0,0
2050,137,5,0.10227378750967545,0
2050,137,11,0.03807037273148914,0
2050,137,20,0.1763499534320681,0
2050,137,29,0.15481605010347274,0
2050,137,31,0.08835101594628726,0
2050,137,44,0.10483059863690908,0
2050,137,47,0.09615956149189267,0
2050,137,56,0.23914866014820552,0
2050,138,3,0.027576249476757284,0
2050,138,6,0.07401412477752954,0
2050,138,22,0.07790807301192845,0
2050,138,29,0.18679076784707968,0
2050,138,39,0.29333047620282465,0
2050,138,46,0.06456543529807646,0
2050,138,56,0.2758148733858039,0
2050,139,10,0.15096515869990568,0
2050,139,20,0.05795458037203856,0
2050,139,29,0.1323205700141186,0
2050,139,39,0.16815442090075453,0
2050,139,47,0.29750029438710157,0
2050,139,56,0.0523570432707828,0
2050,139,58,0.10406788199956621,0
2050,139,59,0.036680050355731915,0
2050,140,10,0.01925523203608623,0
2050,140,22,0.08600330367202298,0
2050,140,29,0.15757354456159758,0
2050,140,42,0.06801589966208062,0
2050,140,44,0.0377935160903574,0
2050,140,55,0.20189652942943073,0
2050,140,56,0.2687883716714163,0
2050,140,58,0.06829973453629959,0
2050,140,59,0.09237386834070858,0
2050,141,6,0.12786901432115907,0
2050,141,13,0.032841295355273484,0
2050,141,22,0.05199096870978788,0
2050,141,29,0.14243821134577786,0
2050,141,32,0.05942872515686627,0
2050,141,42,0.09663955521787329,0
2050,141,43,0.15749839924246076,0
2050,141,55,0.0514322879068092,0
2050,141,56,0.2677533944621417,0
2050,141,59,0.012108148281850428,0
2050,142,2,0.02636363804665102,0
2050,142,4,0.020431300739609966,0
2050,142,13,0.04293899836265131,0
2050,142,20,0.17239669471794375,0
2050,142,29,0.06914728220652652,0
2050,142,32,0.1657692612969261,0
2050,142,40,0.28136748555371416,0
2050,142,43,0.024834631422668885,0
2050,142,47,0.0817440463189989,0
2050,142,56,0.023071761748869102,0
2050,142,58,0.09193489958544025,0
2050,143,3,0.034088278917568375,0
2050,143,17,0.08092261925880906,0
2050,143,26,0.06777973460500525,0
2050,143,29,0.05734028250958694,0
2050,143,39,0.06396793603447849,0
2050,143,40,0.20980691142169058,0
2050,143,43,0.13807935576029998,0
2050,143,44,0.13533057052288502,0
2050,143,52,0.1464921016852462,0
2050,143,56,0.06619220928443019,0
2050,144,20,0.082590676335704,0
2050,144,22,0.08501242840805343,0
2050,144,26,0.08594734610212122,0
2050,144,29,0.08702056192634669,0
2050,144,36,0.02739069750934248,0
2050,144,37,0.10134912607976802,0
2050,144,40,0.12585543409978434,0
2050,144,43,0.06494045755127455,0
2050,144,55,0.15353818208070535,0
2050,144,56,0.11832608427630431,0
2050,144,58,0.0680290056305956,0
2050,145,6,0.09810633367333792,0
2050,145,22,0.3203348596986529,0
2050,145,29,0.1295766983998671,0
2050,145,37,0.03159393634172866,0
2050,145,39,0.032485369000806875,0
2050,145,40,0.22698572452922847,0
2050,145,43,0.031040734899953737,0
2050,145,44,0.022829677119386996,0
2050,145,55,0.06677715859847626,0
2050,145,56,0.040269507738560965,0
2050,146,10,0.05517112210332423,0
2050,146,22,0.1787790258417053,0
2050,146,31,0.09530288798800698,0
2050,146,40,0.20822187462791647,0
2050,146,44,0.08045607758168809,0
2050,146,47,0.1217016335993658,0
2050,146,55,0.07168004677750085,0
2050,146,56,0.18868733148049235,0
2050,147,1,0.03567813883545225,0
2050,147,3,0.10580176647228313,0
2050,147,5,0.12551084731257575,0
2050,147,7,0.1800361655273123,0
2050,147,22,0.10216994575524219,0
2050,147,26,0.06350032715400675,0
2050,147,29,0.18941686027024274,0
2050,147,31,0.027039827608899215,0
2050,147,40,0.06985056262711029,0
2050,147,43,0.039215087250180705,0
2050,147,58,0.06178047118669477,0
2050,148,10,0.01002577176765478,0
2050,148,20,0.20380220271726976,0
2050,148,22,0.16477203329403214,0
2050,148,24,0.12071932762629524,0
2050,148,47,0.014815867059396281,0
2050,148,53,0.09318086230425937,0
2050,148,56,0.13475008514006034,0
2050,148,58,0.2579338500910321,0
2050,149,15,0.0567869032144447,0
2050,149,20,0.04958793834190077,0
2050,149,22,0.05966697550158864,0
2050,149,29,0.07527875452338346,0
2050,149,39,0.3513106257905283,0
2050,149,52,0.1091670366125153,0
2050,149,55,0.18703246991363523,0
2050,149,58,0.11116929610200361,0
2050,150,5,0.1064419119789621,0
2050,150,10,0.12486089097655961,0
2050,150,11,0.08931923631577952,0
2050,150,20,0.22759899905060552,0
2050,150,39,0.26118069378869696,0
2050,150,44,0.19059826788939618,0
2050,151,39,1.0,0
2050,152,20,0.13782230851167807,0
2050,152,29,0.04516990652750066,0
2050,152,34,0.13941301268798756,0
2050,152,36,0.010815994088642703,0
2050,152,39,0.5007725396166463,0
2050,152,44,0.12439072298871136,0
2050,152,52,0.0416155155788333,0
2050,153,18,0.06453506112444643,0
2050,153,24,0.17276462426294145,0
2050,153,39,0.3554078449807905,0
2050,153,47,0.20402965037244042,0
2050,153,58,0.20326281925938122,0
2050,154,5,0.12485547585673432,0
2050,154,19,0.012504022391594647,0
2050,154,20,0.11420615375581104,0
2050,154,23,0.024321771872572916,0
2050,154,24,0.03967276664962025,0
2050,154,31,0.03174166191100267,0
2050,154,34,0.014556578239750012,0
2050,154,39,0.1637183292879679,0
2050,154,44,0.3708678904798842,0
2050,154,47,0.09291568861743534,0
2050,154,49,0.010639660937626876,0
2050,155,1,0.0986299757561082,0
2050,155,20,0.01600650437174296,0
2050,155,26,0.33015589636005427,0
2050,155,29,0.10474112388007024,0
2050,155,39,0.05335898349682147,0
2050,155,44,0.26371825515596103,0
2050,155,46,0.040546159996273035,0
2050,155,52,0.09284310098296877,0
2050,156,13,0.018355094346167472,0
2050,156,20,0.3036181639026391,0
2050,156,22,0.04243939064058003,0
2050,156,26,0.02812704793046747,0
2050,156,29,0.021159957274557592,0
2050,156,33,0.17634315214169205,0
2050,156,52,0.10592445877788013,0
2050,156,56,0.12298784748006138,0
2050,156,58,0.18104488750595465,0
2050,157,20,1.0,0
2050,158,1,0.03837554888388551,0
2050,158,4,0.01973980168399578,0
2050,158,20,0.3742958443925216,0
2050,158,26,0.05083164696629683,0
2050,158,34,0.060324983601296525,0
2050,158,38,0.02639750311149536,0
2050,158,44,0.279203771859003,0
2050,158,52,0.15083089950150533,0
2050,159,22,0.049053994582603504,0
2050,159,29,0.015269157884775375,0
2050,159,39,0.18135209806473362,0
2050,159,42,0.09814750360948511,0
2050,159,44,0.17131057124728766,0
2050,159,52,0.4848666746111147,0
2050,160,10,0.17525196269666216,0
2050,160,22,0.21076557084029565,0
2050,160,42,0.0961194775228421,0
2050,160,44,0.14571391722693933,0
2050,160,47,0.06817982681092744,0
2050,160,52,0.3039692449023333,0
2050,161,5,0.08705861652153862,0
2050,161,10,0.026893294140665075,0
2050,161,11,0.1228818852736215,0
2050,161,39,0.14171265156023766,0
2050,161,42,0.056774281119371474,0
2050,161,44,0.08932359400863646,0
2050,161,47,0.016133543284541824,0
2050,161,52,0.3314142542856517,0
2050,161,58,0.1278078798057357,0
2050,162,52,1.0,0
2050,163,6,0.07241235371709423,0
2050,163,11,0.05114706607746271,0
2050,163,22,0.11547030832722058,0
2050,163,26,0.06678360627127011,0
2050,163,33,0.10632666845666257,0
2050,163,43,0.08006585158369484,0
2050,163,52,0.4618291210616784,0
2050,163,57,0.04596502450491658,0
2050,164,9,0.13828809777189116,0
2050,164,10,0.015703134028470334,0
2050,164,22,0.3959160176179954,0
2050,164,24,0.017788123345625857,0
2050,164,43,0.1551001878973903,0
2050,164,52,0.259877352743343,0
2050,164,56,0.017327086595283946,0
2050,165,5,0.35639707652901764,0
2050,165,8,0.2011324143974223,0
2050,165,20,0.02497340135263955,0
2050,165,26,0.09644663779201527,0
2050,165,32,0.017013837754580968,0
2050,165,34,0.08744453271876632,0
2050,165,44,0.052450540890601874,0
2050,165,46,0.16414155856495607,0
2050,166,1,0.01149639943578101,0
2050,166,5,0.17926422860916433,0
2050,166,6,0.018187533875930965,0
2050,166,9,0.10992376705678575,0
2050,166,26,0.08213601721156125,0
2050,166,40,0.13924387126941115,0
2050,166,43,0.06470956926425862,0
2050,166,44,0.0827241220210699,0
2050,166,52,0.31231449125603705,0
2050,167,6,0.03531529448690571,0
2050,167,8,0.020298976767973837,0
2050,167,22,0.1526963523993032,0
2050,167,26,0.219298796810558,0
2050,167,36,0.013533878724691887,0
2050,167,40,0.13678823365495962,0
2050,167,43,0.20642313446161273,0
2050,167,44,0.06395404041962267,0
2050,167,47,0.05573474071622056,0
2050,167,52,0.08383004829712618,0
2050,167,56,0.012126503261025703,0
2050,168,5,0.046673284370068506,0
2050,168,7,0.12835989232770448,0
2050,168,13,0.01890413734027855,0
2050,168,20,0.05497718656374537,0
2050,168,22,0.08884859463567989,0
2050,168,24,0.11659697707489115,0
2050,168,32,0.010950779144910437,0
2050,168,36,0.011001353773803181,0
2050,168,42,0.039027158930523026,0
2050,168,47,0.22271010637775923,0
2050,168,56,0.1646556016258981,0
2050,168,58,0.043991455367826796,0
2050,168,59,0.05330347246691118,0
2050,169,2,0.019027279768518358,0
2050,169,3,0.017883762069703484,0
2050,169,5,0.10791198406830399,0
2050,169,20,0.11511060695748894,0
2050,169,22,0.14124589159697074,0
2050,169,26,0.051454024644672754,0
2050,169,30,0.044312566502364356,0
2050,169,38,0.09056859806377658,0
2050,169,47,0.145171066582039,0
2050,169,52,0.11376829739612043,0
2050,169,56,0.15354592235004128,0
2050,170,5,0.0569343870785925,0
2050,170,8,0.021413851448925287,0
2050,170,9,0.018590082780241983,0
2050,170,21,0.04560077163774672,0
2050,170,22,0.3556033864730515,0
2050,170,24,0.045084787183612814,0
2050,170,26,0.061673398811121216,0
2050,170,40,0.10343991701611849,0
2050,170,44,0.0644676544813154,0
2050,170,47,0.10555135498391739,0
2050,170,52,0.07639465088750354,0
2050,170,56,0.04524575721785304,0
2050,171,5,0.07510576922949526,0
2050,171,22,0.4740461587219778,0
2050,171,26,0.041671232973798863,0
2050,171,33,0.3021482469526908,0
2050,171,43,0.09035646200202209,0
2050,171,44,0.016672130120015036,0
2050,172,22,1.0,0
2050,173,10,0.042222991635942425,0
2050,173,11,0.012906805334911786,0
2050,173,22,0.5048868798673034,0
2050,173,32,0.0277530789818095,0
2050,173,33,0.1429096190262356,0
2050,173,42,0.0288157862926886,0
2050,173,47,0.0707772381980531,0
2050,173,52,0.06565827440319114,0
2050,173,55,0.10406932625986451,0
2050,174,5,0.30990354416858173,0
2050,174,7,0.11503229512581943,0
2050,174,10,0.13099184086985952,0
2050,174,11,0.04940789212273924,0
2050,174,22,0.1884645469956369,0
2050,174,32,0.0385983868426847,0
2050,174,42,0.06803083077315869,0
2050,174,47,0.020300002637369068,0
2050,174,57,0.07927066046415068,0
2050,175,5,1.0,0
2050,176,26,1.0,0
2050,177,22,0.3391444319301872,0
2050,177,26,0.4141859928561563,0
2050,177,29,0.03395517824360672,0
2050,177,33,0.04684575478592336,0
2050,177,45,0.13269233375097808,0
2050,177,52,0.03317630843314836,0
2050,178,6,0.06699734832605884,0
2050,178,13,0.018776711741369315,0
2050,178,22,0.5327976880133043,0
2050,178,24,0.015473703230429422,0
2050,178,26,0.07986910378650748,0
2050,178,33,0.02714098099617798,0
2050,178,55,0.15329962072847647,0
2050,178,56,0.10564484317767604,0
2050,179,13,0.04757693228499216,0
2050,179,22,0.46006753108695314,0
2050,179,24,0.1265345260937491,0
2050,179,26,0.06887685076794754,0
2050,179,33,0.17138580653933938,0
2050,179,43,0.051264326717909155,0
2050,179,56,0.03291546770796554,0
2050,179,58,0.041378558801143966,0
2050,180,22,0.3117376418606147,0
2050,180,26,0.4449926885998084,0
2050,180,33,0.20377685627012326,0
2050,180,43,0.028888939037259295,0
2050,180,58,0.010603874232194372,0
2050,181,6,0.025387800018540248,0
2050,181,22,0.4400595285982891,0
2050,181,26,0.11636279967839566,0
2050,181,29,0.020028604805528268,0
2050,181,33,0.20207759059258773,0
2050,181,34,0.08954184098691782,0
2050,181,52,0.10654183531974126,0
2050,182,6,0.053874772628910814,0
2050,182,10,0.03682837155632971,0
2050,182,15,0.021401692004670528,0
2050,182,22,0.23396284430985007,0
2050,182,24,0.33441845788334523,0
2050,182,45,0.015446011891808232,0
2050,182,52,0.3040678497250854,0
2050,183,5,0.06986852711569444,0
2050,183,9,0.07014649893246164,0
2050,183,22,0.10951538843858986,0
2050,183,24,0.2654785881201198,0
2050,183,26,0.056255750178181255,0
2050,183,33,0.21623656476341513,0
2050,183,40,0.01591679994732068,0
2050,183,44,0.04901283714258341,0
2050,183,52,0.03716863589479569,0
2050,183,55,0.07026333039585243,0
2050,183,58,0.040137079070985626,0
2050,184,20,0.06431215160899645,0
2050,184,22,0.16645794450245285,0
2050,184,26,0.3398255999444392,0
2050,184,33,0.0279421948424486,0
2050,184,34,0.062373127844923944,0
2050,184,43,0.05523520201217603,0
2050,184,52,0.23171930649146266,0
2050,184,55,0.05213447275310023,0
2050,185,6,0.057335040503340325,0
2050,185,20,0.031500759994711774,0
2050,185,22,0.32963332022459235,0
2050,185,24,0.11857937220570558,0
2050,185,33,0.04650094608710806,0
2050,185,34,0.12656630792793094,0
2050,185,52,0.2532402330197401,0
2050,185,57,0.03664402003687098,0
2050,186,6,0.062645019156665,0
2050,186,15,0.08101689340933783,0
2050,186,22,0.24238752214905102,0
2050,186,33,0.21774589173972034,0
2050,186,52,0.11380430169278784,0
2050,186,55,0.282400371852438,0
2050,187,5,0.10646627924524692,0
2050,187,11,0.11157823560970041,0
2050,187,18,0.023224707623466352,0
2050,187,20,0.1850236084566523,0
2050,187,24,0.24164967255658548,0
2050,187,26,0.1584990642319432,0
2050,187,34,0.11298620116082773,0
2050,187,47,0.06057223111557751,0
2050,188,6,0.43041067360947066,0
2050,188,34,0.18438926155193278,0
2050,188,39,0.269501763642883,0
2050,188,44,0.010164722649743729,0
2050,188,47,0.03767104910636773,0
2050,188,54,0.06786252943960211,0
2050,189,47,1.0,0
2050,190,5,0.25698898341481774,0
2050,190,9,0.2539121175847808,0
2050,190,11,0.10411557735658568,0
2050,190,17,0.01873395484593133,0
2050,190,19,0.022826783377966117,0
2050,190,26,0.09533991271582139,0
2050,190,30,0.067593000192068,0
2050,190,47,0.1549981579805796,0
2050,190,56,0.025491512531449274,0
2050,191,4,0.020473944813109646,0
2050,191,5,0.19088697910235783,0
2050,191,8,0.08592568476399876,0
2050,191,17,0.03763438284771276,0
2050,191,19,0.033902011287029785,0
2050,191,26,0.3081430335636336,0
2050,191,29,0.04167382339348165,0
2050,191,30,0.025960430948815963,0
2050,191,41,0.08544713429459452,0
2050,191,47,0.16995257498526548,0
2050,192,6,0.3604896080426493,0
2050,192,10,0.021594025917165558,0
2050,192,20,0.05776707952729136,0
2050,192,22,0.09060703206435959,0
2050,192,26,0.10151042160529282,0
2050,192,28,0.06916358280626468,0
2050,192,33,0.1430634851667935,0
2050,192,34,0.13647845994484933,0
2050,192,52,0.01932630492533385,0
2050,193,6,0.22140815846362907,0
2050,193,10,0.06306653340848928,0
2050,193,15,0.1238644510256755,0
2050,193,22,0.19343824401729562,0
2050,193,24,0.09358997907979602,0
2050,193,33,0.11259555894815347,0
2050,193,37,0.06109270513625906,0
2050,193,45,0.023689465831637644,0
2050,193,52,0.07339585286851823,0
2050,193,55,0.033859051220546305,0
2050,194,10,0.1100362154544515,0
2050,194,15,0.04473144654424152,0
2050,194,16,0.026518655981434495,0
2050,194,22,0.20755190068579038,0
2050,194,33,0.3148835527395127,0
2050,194,42,0.018893401930352677,0
2050,194,43,0.05143058135996901,0
2050,194,45,0.05394790137073288,0
2050,194,47,0.08051417232522613,0
2050,194,55,0.09149217160828865,0
2050,195,10,0.1736576479654408,0
2050,195,11,0.05827278560224437,0
2050,195,16,0.03514830351499124,0
2050,195,22,0.10211111176789069,0
2050,195,33,0.3189160081821317,0
2050,195,47,0.08182915947224306,0
2050,195,55,0.2300649834950581,0
2050,196,5,0.2172332537324341,0
2050,196,7,0.02889815819413314,0
2050,196,8,0.1067470920711778,0
2050,196,24,0.127130094665152,0
2050,196,33,0.21685546457126426,0
2050,196,45,0.011414754557339873,0
2050,196,55,0.29172118220849885,0
2050,197,6,0.11128541357727677,0
2050,197,8,0.06442349705113257,0
2050,197,24,0.1793262322541983,0
2050,197,26,0.22372087266056406,0
2050,197,33,0.29730808510491047,0
2050,197,46,0.055985369870465825,0
2050,197,55,0.06795052948145201,0
2050,198,6,0.19428949289566555,0
2050,198,10,0.08417708602622391,0
2050,198,15,0.07146274266881375,0
2050,198,22,0.12944891722633003,0
2050,198,24,0.31663818911602504,0
2050,198,28,0.018960402368048516,0
2050,198,34,0.050669273599381885,0
2050,198,39,0.13435389609951123,0
2050,199,8,0.038039580790944376,0
2050,199,11,0.03356437864316473,0
2050,199,20,0.13879191343769223,0
2050,199,24,0.5029055959096412,0
2050,199,26,0.05163669645295845,0
2050,199,34,0.20551885736793163,0
2050,199,40,0.029542977397667314,0
2050,200,1,0.021078158917222145,0
2050,200,6,0.3371305512956471,0
2050,200,9,0.05644063841021898,0
2050,200,10,0.06385809770713265,0
2050,200,22,0.15550232527815372,0
2050,200,33,0.01156130216597714,0
2050,200,34,0.11657914259163796,0
2050,200,40,0.09176188333130841,0
2050,200,52,0.14608790030270213,0
2050,201,6,0.1066644040469408,0
2050,201,8,0.04099813333807326,0
2050,201,10,0.037367169424260556,0
2050,201,11,0.06569399146658714,0
2050,201,22,0.21271392386286256,0
2050,201,24,0.10888005314128951,0
2050,201,26,0.09400909397881263,0
2050,201,29,0.08381866421375089,0
2050,201,33,0.04208264828401187,0
2050,201,45,0.1438759697829416,0
2050,201,46,0.0387491313320387,0
2050,201,47,0.02514681712843047,0
2050,202,24,1.0,0
2050,203,6,1.0,0
2050,204,5,0.12474865331068558,0
2050,204,6,0.1286585257116643,0
2050,204,8,0.0992972912651249,0
2050,204,11,0.024621923457296826,0
2050,204,24,0.21475493245224211,0
2050,204,34,0.053419614779457295,0
2050,204,40,0.14018011731683389,0
2050,204,55,0.21431894170669522,0
2050,205,6,0.45970567095273956,0
2050,205,33,0.06987629770996436,0
2050,205,40,0.033209143219885794,0
2050,205,43,0.14710067262539156,0
2050,205,46,0.04580790324010458,0
2050,205,52,0.09796459200779882,0
2050,205,55,0.14633572024411537,0
2050,206,8,0.13063119014254398,0
2050,206,9,0.09185423792062414,0
2050,206,10,0.3192271524200892,0
2050,206,11,0.1194163827101391,0
2050,206,47,0.3388710368066035,0
2050,207,2,0.05528471193054111,0
2050,207,5,0.2224764519113914,0
2050,207,6,0.024421431229476365,0
2050,207,8,0.07715331692400676,0
2050,207,10,0.019909275664086765,0
2050,207,11,0.07326540759765143,0
2050,207,17,0.038052459805283094,0
2050,207,23,0.06864601185951559,0
2050,207,34,0.017296480157246344,0
2050,207,39,0.18358268181369683,0
2050,207,41,0.0945921128638855,0
2050,207,47,0.07606269361458468,0
2050,207,49,0.04925696462863423,0
2050,208,10,0.639802416290516,0
2050,208,39,0.10497835932027301,0
2050,208,48,0.05199687001333945,0
2050,208,52,0.11513227935765805,0
2050,208,54,0.011400862154561372,0
2050,208,57,0.07668921286365195,0
2050,209,10,1.0,0
2050,210,6,0.03313298095724636,0
2050,210,8,0.06614398459955906,0
2050,210,10,0.4536869885819377,0
2050,210,24,0.14016379928516615,0
2050,210,31,0.12190978042555503,0
2050,210,39,0.042436425686438226,0
2050,210,47,0.1425260404640975,0
2050,211,5,0.13993523007969294,0
2050,211,7,0.028716719226089277,0
2050,211,8,0.0,0
2050,211,9,0.01845956914320296,0
2050,211,10,0.2467008306504851,0
2050,211,11,0.12223965728471328,0
2050,211,17,0.026927258568603493,0
2050,211,31,0.16106723278786372,0
2050,211,33,0.08583801734837312,0
2050,211,34,0.0693790589330914,0
2050,211,40,0.03709662325172756,0
2050,211,56,0.03798216814593297,0
2050,211,60,0.025657634580224332,0
2050,212,5,0.2587154164963869,0
2050,212,8,0.08047845910529541,0
2050,212,10,0.10915757889537055,0
2050,212,26,0.036871030799695434,0
2050,212,32,0.03512996048972886,0
2050,212,33,0.10738665882488185,0
2050,212,34,0.023125618268251755,0
2050,212,41,0.16829526134879344,0
2050,212,43,0.04413176181298477,0
2050,212,55,0.1105651987634291,0
2050,212,56,0.026143055195181838,0
2050,213,1,0.03829655003120314,0
2050,213,6,0.062299202270268646,0
2050,213,10,0.02353300143503992,0
2050,213,20,0.035280979589256155,0
2050,213,27,0.06847966742543518,0
2050,213,29,0.01905136958048323,0
2050,213,33,0.27618113574633096,0
2050,213,34,0.14692498381493685,0
2050,213,40,0.02016661094452448,0
2050,213,42,0.013550741995477488,0
2050,213,46,0.019394866041016527,0
2050,213,52,0.014232661378856922,0
2050,213,55,0.26260822974717046,0
2050,214,6,0.06653165698886927,0
2050,214,22,0.1102695315719273,0
2050,214,26,0.10923198818545826,0
2050,214,27,0.06873329710556704,0
2050,214,33,0.29664019797931734,0
2050,214,34,0.18204532860536796,0
2050,214,43,0.04253710978856919,0
2050,214,55,0.1240108897749235,0
2050,215,10,0.06288237788247829,0
2050,215,15,0.01862391519719821,0
2050,215,19,0.018777021670434456,0
2050,215,22,0.01827031150504102,0
2050,215,23,0.011150217624977948,0
2050,215,24,0.3503047970760926,0
2050,215,33,0.4067943321703332,0
2050,215,34,0.04290013238144198,0
2050,215,56,0.0702968944920025,0
2050,216,8,0.1261485842668301,0
2050,216,10,0.13858733009302576,0
2050,216,14,0.03539629281452954,0
2050,216,18,0.014256419059678097,0
2050,216,20,0.032789927170331475,0
2050,216,24,0.27509146165052595,0
2050,216,33,0.3649391751007213,0
2050,216,36,0.01279080984435774,0
2050,217,6,0.19608623722171648,0
2050,217,20,0.011061117100919605,0
2050,217,33,0.3398422035629247,0
2050,217,34,0.12425370267428762,0
2050,217,36,0.0689391280000392,0
2050,217,40,0.020307361959136357,0
2050,217,42,0.05184134404554937,0
2050,217,52,0.15161460427694182,0
2050,217,55,0.036054301158484986,0
2050,218,24,0.15713186591402764,0
2050,218,33,0.36526522050504995,0
2050,218,52,0.08490812437457891,0
2050,218,55,0.36778950816081935,0
2050,218,60,0.024905281045524218,0
2050,219,55,1.0,0
2050,220,6,0.06767010203889313,0
2050,220,10,0.013506883582072752,0
2050,220,20,0.037717077743097495,0
2050,220,21,0.04877258379747247,0
2050,220,26,0.049681223108114896,0
2050,220,27,0.025735310394220636,0
2050,220,33,0.2326180062882288,0
2050,220,43,0.08923175845525735,0
2050,220,55,0.43506705459264233,0
2050,221,13,0.012106107804523529,0
2050,221,21,0.06588237100547553,0
2050,221,22,0.051279593026798215,0
2050,221,28,0.010646297103565135,0
2050,221,33,0.7528180049173876,0
2050,221,34,0.022098117343155362,0
2050,221,40,0.020832072259566115,0
2050,221,55,0.06433743653952842,0
2050,222,33,1.0,0
2050,223,6,0.017033800807918855,0
2050,223,8,0.27008165938880285,0
2050,223,33,0.4579231075825827,0
2050,223,40,0.022990043104728786,0
2050,223,45,0.02604880355581181,0
2050,223,55,0.20592258556015489,0
2050,224,7,0.02710680967560662,0
2050,224,8,0.09528641741943981,0
2050,224,10,0.06823228399202774,0
2050,224,15,0.03490509216467772,0
2050,224,33,0.2630997898311553,0
2050,224,45,0.06697071990334692,0
2050,224,52,0.2130452423601859,0
2050,224,55,0.23135364465356004,0
2050,225,6,0.0506290180892828,0
2050,225,10,0.1336496789165035,0
2050,225,11,0.23245642254012444,0
2050,225,33,0.011097440038466784,0
2050,225,37,0.23493210829601507,0
2050,225,52,0.24285906802843799,0
2050,225,55,0.09437626409116943,0
2050,226,7,0.014699043507940542,0
2050,226,8,0.42801562519197967,0
2050,226,9,0.01963846989176731,0
2050,226,11,0.03761672274494936,0
2050,226,24,0.03790856204657031,0
2050,226,31,0.0296628107105034,0
2050,226,33,0.1369054794856223,0
2050,226,40,0.1431809381083163,0
2050,226,47,0.0987895808284566,0
2050,226,56,0.05358276748389414,0
2050,227,8,1.0,0
2050,228,5,0.05857277970745524,0
2050,228,6,0.058595222453236534,0
2050,228,8,0.5777734129395252,0
2050,228,11,0.14371757383122052,0
2050,228,34,0.06001894358268201,0
2050,228,46,0.048776926295801534,0
2050,228,55,0.02804000179860932,0
2050,228,60,0.024505139391469748,0
2050,229,5,0.15961897185178317,0
2050,229,6,0.04858516196635504,0
2050,229,8,0.26767618265559184,0
2050,229,9,0.012004318901149965,0
2050,229,11,0.2222467868852886,0
2050,229,24,0.10270172177166806,0
2050,229,31,0.09547009277473495,0
2050,229,49,0.030779621526048687,0
2050,229,53,0.060917141667379666,0
2050,230,5,0.13044815774791468,0
2050,230,6,0.09886979521664992,0
2050,230,7,0.07591887421289963,0
2050,230,8,0.24589218754914124,0
2050,230,11,0.0812374321019575,0
2050,230,24,0.12219852126783992,0
2050,230,31,0.10001127787053311,0
2050,230,47,0.0831860444101068,0
2050,230,49,0.036043768235982494,0
2050,230,55,0.02619394138697481,0
2050,231,6,0.11815812039745792,0
2050,231,7,0.10313883339852425,0
2050,231,8,0.2884541924382921,0
2050,231,24,0.027886434857990673,0
2050,231,33,0.2969756497054478,0
2050,231,36,0.032845977258820123,0
2050,231,40,0.021426618790116675,0
2050,231,47,0.05009493967564108,0
2050,231,55,0.061019233477709434,0
2050,232,7,0.050438974262263604,0
2050,232,13,0.04288507804948014,0
2050,232,22,0.04199923087734527,0
2050,232,26,0.1314140812043008,0
2050,232,28,0.11631651393544515,0
2050,232,33,0.49689167719349975,0
2050,232,43,0.026175607280701806,0
2050,232,55,0.09387883719696341,0
2050,233,13,0.1272725248451524,0
2050,233,20,0.10672259389245208,0
2050,233,22,0.05336631734101821,0
2050,233,24,0.04102792682924129,0
2050,233,33,0.5274137332332208,0
2050,233,34,0.01156314773622222,0
2050,233,40,0.02625404226390367,0
2050,233,55,0.09213016263115816,0
2050,233,56,0.01424955122763115,0
2050,234,7,0.06855690976202822,0
2050,234,13,0.01759845849627398,0
2050,234,15,0.06528923907064543,0
2050,234,18,0.03167993905490128,0
2050,234,24,0.24200732819743123,0
2050,234,33,0.05063916526975999,0
2050,234,45,0.051212620233093746,0
2050,234,52,0.0991437783646977,0
2050,234,55,0.3738725615511685,0
2050,235,9,0.10304923668422226,0
2050,235,10,0.11071868276531018,0
2050,235,11,0.026942364217622153,0
2050,235,12,0.01693577718824743,0
2050,235,18,0.10555553600642772,0
2050,235,21,0.01986749394940504,0
2050,235,24,0.31785618809958344,0
2050,235,33,0.0889027366776356,0
2050,235,37,0.030149837660686657,0
2050,235,47,0.053417459470357254,0
2050,235,48,0.04769590387389837,0
2050,235,55,0.016233965215294792,0
2050,235,56,0.06267481819130918,0
2050,236,4,0.03693444264998583,0
2050,236,7,0.010034910003235144,0
2050,236,8,0.21059741752443115,0
2050,236,9,0.23724262979220861,0
2050,236,12,0.07916485598355508,0
2050,236,17,0.05709139201822743,0
2050,236,26,0.028500898188158014,0
2050,236,34,0.13836527481619432,0
2050,236,47,0.2020681790240044,0
2050,237,7,0.046649783235206174,0
2050,237,9,0.15391353743837702,0
2050,237,10,0.23797951593742261,0
2050,237,12,0.059193754725119715,0
2050,237,14,0.08114440238941842,0
2050,237,24,0.08379253973763419,0
2050,237,31,0.017506005748838604,0
2050,237,39,0.1151701872907254,0
2050,237,47,0.12565702268704013,0
2050,237,50,0.01842462491076159,0
2050,237,52,0.01542824508790646,0
2050,237,53,0.045140380811549634,0
2050,238,6,0.05854717780329424,0
2050,238,9,0.13920597655497274,0
2050,238,10,0.1361458031534048,0
2050,238,15,0.13037343688968284,0
2050,238,24,0.25353919431097965,0
2050,238,35,0.04643049604488914,0
2050,238,39,0.1488262520714774,0
2050,238,48,0.019294231045831882,0
2050,238,50,0.03332921456115346,0
2050,238,52,0.034308217564313674,0
2050,239,9,0.134807190436367,0
2050,239,10,0.09214799840480757,0
2050,239,11,0.06396525480724025,0
2050,239,18,0.20141940460989702,0
2050,239,24,0.17675710100162048,0
2050,239,34,0.23406512322035447,0
2050,239,39,0.06712987021319768,0
2050,239,47,0.014751824078739763,0
2050,239,48,0.014956233227775709,0
2050,240,5,0.018025758598458327,0
2050,240,11,0.031886867948068484,0
2050,240,14,0.06387086010851896,0
2050,240,18,0.08833467201035855,0
2050,240,23,0.021247039663992592,0
2050,240,24,0.08580111507554057,0
2050,240,26,0.09136839979403098,0
2050,240,34,0.5408683579059702,0
2050,240,38,0.01076677273615231,0
2050,240,43,0.04783015615890894,0
2050,241,34,1.0,0
2050,242,16,0.022827410676585867,0
2050,242,33,0.21479896705330453,0
2050,242,34,0.17376694743328738,0
2050,242,40,0.03804018507456101,0
2050,242,45,0.08986190811809323,0
2050,242,52,0.17238254716014237,0
2050,242,55,0.2052068799981535,0
2050,242,60,0.08311515448587209,0
2050,243,7,0.044386850247103184,0
2050,243,8,0.10783079076226902,0
2050,243,9,0.052293919765686,0
2050,243,11,0.07797146263969765,0
2050,243,15,0.07501822799407197,0
2050,243,24,0.10667178117031821,0
2050,243,33,0.23446962477220634,0
2050,243,45,0.08596772837507244,0
2050,243,55,0.16156694798579227,0
2050,243,60,0.05382266628778297,0
2050,244,6,0.19553040692837542,0
2050,244,8,0.03013680718238697,0
2050,244,9,0.1514448182491021,0
2050,244,10,0.010191903914625816,0
2050,244,18,0.018818955258490005,0
2050,244,28,0.02893794996876569,0
2050,244,31,0.02240227431576372,0
2050,244,33,0.06806617088008657,0
2050,244,34,0.10211074175884448,0
2050,244,37,0.019403394828544692,0
2050,244,40,0.1217596895022006,0
2050,244,43,0.010347107779630398,0
2050,244,47,0.22084977943318346,0
2050,245,5,0.059671961956070406,0
2050,245,6,0.09950963387970163,0
2050,245,7,0.024422759957921134,0
2050,245,8,0.03406673492945357,0
2050,245,11,0.07749513488355587,0
2050,245,20,0.01316634097051724,0
2050,245,24,0.043810038815951975,0
2050,245,31,0.03493313166122791,0
2050,245,40,0.28171097718947863,0
2050,245,41,0.14129811198733103,0
2050,245,44,0.021526855040563134,0
2050,245,47,0.1683883187282274,0
2050,246,15,0.2741814322088053,0
2050,246,33,0.24194988911848725,0
2050,246,34,0.06577815865128082,0
2050,246,40,0.14100443802523097,0
2050,246,43,0.047745012679129666,0
2050,246,55,0.05545000520319455,0
2050,246,56,0.17389106411387142,0
2050,247,10,0.146117480254208,0
2050,247,11,0.01340709849004019,0
2050,247,15,0.3181738623232785,0
2050,247,22,0.15328823737426858,0
2050,247,24,0.022990495906208257,0
2050,247,33,0.04253373168504652,0
2050,247,37,0.09854807162129413,0
2050,247,45,0.1416539858375739,0
2050,247,47,0.03435065906901966,0
2050,247,56,0.028936377439062234,0
2050,248,7,0.09220875146511176,0
2050,248,8,0.02653070986869551,0
2050,248,11,0.07717070548269957,0
2050,248,15,0.03234665510371303,0
2050,248,18,0.13939199373815642,0
2050,248,24,0.1272664253042508,0
2050,248,25,0.023321670657982217,0
2050,248,31,0.07829873307466119,0
2050,248,32,0.022075563941065815,0
2050,248,38,0.09227513997713822,0
2050,248,47,0.24204455384699985,0
2050,248,60,0.04706909753952567,0
2050,249,9,0.1703402418011754,0
2050,249,10,0.0676447681426913,0
2050,249,11,0.27285098547253817,0
2050,249,12,0.03685547976963619,0
2050,249,22,0.041693820418989495,0
2050,249,31,0.077969735957108,0
2050,249,40,0.10354697612114538,0
2050,249,47,0.045843508580302596,0
2050,249,53,0.15939773352654388,0
2050,249,55,0.023856750209869496,0
2050,250,11,1.0,0
2050,251,6,0.12876164943017224,0
2050,251,8,0.16759093366937564,0
2050,251,11,0.19189348371858933,0
2050,251,17,0.09919792272347674,0
2050,251,26,0.270341204590526,0
2050,251,34,0.07699377221735963,0
2050,251,36,0.06522103365050039,0
2050,252,6,0.1610848217800451,0
2050,252,8,0.0784704478208315,0
2050,252,15,0.0791884652315648,0
2050,252,22,0.09836708236783973,0
2050,252,26,0.019152971366533603,0
2050,252,32,0.032916832157946184,0
2050,252,33,0.26748785481839354,0
2050,252,34,0.012494624592317103,0
2050,252,36,0.05296567403643502,0
2050,252,42,0.131993988124701,0
2050,252,45,0.06587723770339235,0
2050,253,10,0.04950380625072283,0
2050,253,13,0.0669007818001046,0
2050,253,18,0.06243069089359073,0
2050,253,22,0.11447676430288337,0
2050,253,28,0.06236918528288994,0
2050,253,33,0.19589404379656067,0
2050,253,42,0.22354942296540126,0
2050,253,45,0.12350019498633932,0
2050,253,55,0.10137510972150718,0
2050,254,7,0.02150866588898891,0
2050,254,8,0.05010470909315409,0
2050,254,14,0.043342787293078076,0
2050,254,18,0.26176187387022964,0
2050,254,24,0.12862826960939794,0
2050,254,26,0.05143976656750533,0
2050,254,31,0.06303955875589193,0
2050,254,33,0.23709141263821648,0
2050,254,40,0.11210665934052054,0
2050,254,55,0.030976296943017217,0
2050,255,8,0.11125912050034815,0
2050,255,12,0.014430828189893987,0
2050,255,14,0.11676192533286398,0
2050,255,18,0.11038099876436891,0
2050,255,20,0.06184695117525386,0
2050,255,21,0.046354838930527685,0
2050,255,24,0.030460747827386395,0
2050,255,25,0.03780735306489055,0
2050,255,28,0.02527616924238984,0
2050,255,31,0.02167335061196181,0
2050,255,34,0.20477277652012912,0
2050,255,38,0.1027355893657601,0
2050,255,47,0.06274667245423277,0
2050,255,53,0.05349267801999287,0
2050,256,4,0.10254638722327684,0
2050,256,8,0.22462007256450037,0
2050,256,9,0.11054472349871923,0
2050,256,11,0.09852293551363742,0
2050,256,12,0.014462816350181014,0
2050,256,17,0.15333591662687812,0
2050,256,21,0.03390412000133523,0
2050,256,30,0.013337908802052014,0
2050,256,34,0.033966214579171816,0
2050,256,37,0.04630266922888935,0
2050,256,43,0.02579946788766797,0
2050,256,47,0.035984090757435055,0
2050,256,54,0.07025325687802442,0
2050,256,55,0.036419420088231305,0
2050,257,1,0.03344332801642168,0
2050,257,2,0.06907710657905303,0
2050,257,5,0.019390194912120497,0
2050,257,9,0.38561179217434494,0
2050,257,11,0.07212322307702647,0
2050,257,12,0.102420602847019,0
2050,257,17,0.10113526378833979,0
2050,257,28,0.053134832053343364,0
2050,257,35,0.049589955409954506,0
2050,257,42,0.010238088232587548,0
2050,257,47,0.10383561290978917,0
2050,258,3,0.05501546161706624,0
2050,258,6,0.15277581286066874,0
2050,258,9,0.3809756903740307,0
2050,258,47,0.1016764856013266,0
2050,258,48,0.2008037659817429,0
2050,258,49,0.03859195886441405,0
2050,258,53,0.07016082470075082,0
2050,259,3,0.014174586678984623,0
2050,259,7,0.015202848228391158,0
2050,259,9,0.4043201974252785,0
2050,259,10,0.02077558441288412,0
2050,259,32,0.04823836570388893,0
2050,259,37,0.11388243789611115,0
2050,259,42,0.06559377155773902,0
2050,259,43,0.0722807728108716,0
2050,259,47,0.10712131007834622,0
2050,259,59,0.1384101252075046,0
2050,260,9,1.0,0
2050,261,5,0.10730672784059755,0
2050,261,8,0.10960464748062924,0
2050,261,9,0.1434473542972008,0
2050,261,23,0.01607415694942684,0
2050,261,34,0.19443526833707456,0
2050,261,35,0.08584256201311266,0
2050,261,41,0.1231077093146217,0
2050,261,49,0.22018157376733677,0
2050,262,6,0.0785838839093282,0
2050,262,8,0.0381711530295474,0
2050,262,9,0.13546655986393016,0
2050,262,26,0.04198897327181842,0
2050,262,27,0.10060663361771086,0
2050,262,34,0.23808043030622905,0
2050,262,40,0.09143237651491996,0
2050,262,41,0.05444856273468904,0
2050,262,43,0.10404838504059086,0
2050,262,49,0.11717304171123599,0
2050,263,7,0.01527656589013007,0
2050,263,9,0.03557156148137042,0
2050,263,13,0.012576871919963609,0
2050,263,22,0.059539142587261146,0
2050,263,32,0.09018355636425764,0
2050,263,33,0.08935006235248542,0
2050,263,36,0.0821974252553464,0
2050,263,40,0.3227413715277269,0
2050,263,43,0.11954946517662803,0
2050,263,45,0.1730139774448303,0
2050,264,45,1.0,0
2050,265,4,0.05081112795632414,0
2050,265,8,0.1768370775156456,0
2050,265,10,0.06560634760855741,0
2050,265,24,0.08207932344499114,0
2050,265,33,0.05329260405287304,0
2050,265,35,0.06631438247753543,0
2050,265,36,0.04170375805993455,0
2050,265,37,0.11478801820322544,0
2050,265,40,0.08170293560541139,0
2050,265,42,0.10066655903824605,0
2050,265,43,0.02959834430894799,0
2050,265,47,0.06345644678953713,0
2050,265,55,0.022278756812879177,0
2050,265,59,0.05086431812589152,0
2050,266,3,0.06535627309849082,0
2050,266,6,0.17194728250265284,0
2050,266,10,0.10898962299463875,0
2050,266,28,0.048609492728309216,0
2050,266,35,0.02494686603241235,0
2050,266,36,0.09941397744611927,0
2050,266,42,0.11092226763130186,0
2050,266,43,0.3277943302802185,0
2050,266,45,0.0420198872858564,0
2050,267,9,0.1326733342734733,0
2050,267,10,0.059751493699310106,0
2050,267,13,0.044888945238517344,0
2050,267,32,0.09566719088990641,0
2050,267,35,0.06641867285497678,0
2050,267,38,0.05046774997059407,0
2050,267,40,0.24229444187646826,0
2050,267,42,0.06561381946497029,0
2050,267,45,0.03635048962172587,0
2050,267,51,0.0822240772325435,0
2050,267,56,0.12364978487751384,0
2050,268,40,1.0,0
2050,269,1,0.03318295088770348,0
2050,269,7,0.10311178144463376,0
2050,269,8,0.042714702376419625,0
2050,269,22,0.01904523949823249,0
2050,269,36,0.015264386281336296,0
2050,269,40,0.5220088696389531,0
2050,269,42,0.07349887686509964,0
2050,269,43,0.1746423675423353,0
2050,269,45,0.016530825465286215,0
2050,270,9,0.07520930972097682,0
2050,270,26,0.028326561059858604,0
2050,270,28,0.0620297701927816,0
2050,270,32,0.0920922292738636,0
2050,270,36,0.14150836389290522,0
2050,270,40,0.13767986787572478,0
2050,270,42,0.3533758321120613,0
2050,270,43,0.10977806587182817,0
2050,271,2,0.12231350853775587,0
2050,271,6,0.017442447365509876,0
2050,271,26,0.09743694202542735,0
2050,271,27,0.0346155002192012,0
2050,271,28,0.11375183905059277,0
2050,271,32,0.03510121479311601,0
2050,271,36,0.010226440826303881,0
2050,271,41,0.02266845488685865,0
2050,271,42,0.5464436522952345,0
2050,272,42,1.0,0
2050,273,4,0.07679972662475665,0
2050,273,38,0.14582207985008946,0
2050,273,42,0.7253864571700662,0
2050,273,52,0.05199173635508775,0
2050,274,4,0.2625650600851634,0
2050,274,11,0.013932297604026735,0
2050,274,17,0.055874914601437946,0
2050,274,35,0.014971637161190642,0
2050,274,38,0.2518992994536971,0
2050,274,42,0.2625133871519412,0
2050,274,52,0.13824340394254306,0
2050,275,1,0.06460497244562272,0
2050,275,4,0.2400880585716387,0
2050,275,5,0.07056354469128583,0
2050,275,9,0.01802182166472857,0
2050,275,11,0.05342225314172132,0
2050,275,17,0.22175125472124232,0
2050,275,34,0.22067066793352821,0
2050,275,38,0.11087742683023229,0
2050,276,1,0.06417151703381709,0
2050,276,33,0.03061208438022302,0
2050,276,34,0.014585541339009581,0
2050,276,36,0.04923154861894352,0
2050,276,40,0.2346075386338939,0
2050,276,43,0.3486209614972398,0
2050,276,45,0.04430933287607415,0
2050,276,55,0.08700691589015973,0
2050,276,60,0.12685455973063908,0
2050,277,43,1.0,0
2050,278,37,1.0,0
2050,279,4,0.026593108002304765,0
2050,279,5,0.017245758546449347,0
2050,279,7,0.14892499806440246,0
2050,279,8,0.19274635574811408,0
2050,279,31,0.10645007102470533,0
2050,279,35,0.08992089825643289,0
2050,279,37,0.1441559426429552,0
2050,279,44,0.03213794123757243,0
2050,279,47,0.03911775508669817,0
2050,279,48,0.09152012878322865,0
2050,279,50,0.021529135310181993,0
2050,279,54,0.08965790729695478,0
2050,280,7,0.30127629709714865,0
2050,280,8,0.15313853432386243,0
2050,280,10,0.10973926122375376,0
2050,280,31,0.14699151447135503,0
2050,280,35,0.08583806775629954,0
2050,280,50,0.0560165035770348,0
2050,280,53,0.14699982155054583,0
2050,281,7,0.20759301252197743,0
2050,281,8,0.1134453457404019,0
2050,281,16,0.027238029480239113,0
2050,281,27,0.08645891452401522,0
2050,281,29,0.09013562440350567,0
2050,281,33,0.04675508594125933,0
2050,281,40,0.31507443032971505,0
2050,281,55,0.06462367565567474,0
2050,281,60,0.04867588140321155,0
2050,282,7,0.053722598924053455,0
2050,282,8,0.06276108181177185,0
2050,282,15,0.04059445753026896,0
2050,282,16,0.03312703522245383,0
2050,282,22,0.01729964384575876,0
2050,282,27,0.05749200454477483,0
2050,282,29,0.0811124754217533,0
2050,282,32,0.11226693851313006,0
2050,282,33,0.197364526931392,0
2050,282,34,0.01416515842230329,0
2050,282,40,0.12092284924936078,0
2050,282,43,0.11169941329081638,0
2050,282,60,0.09747181629216257,0
2050,283,32,1.0,0
2050,284,4,0.016774046472548113,0
2050,284,7,0.22569437704224082,0
2050,284,9,0.05595283180139763,0
2050,284,11,0.06761324928194613,0
2050,284,12,0.05400870289133725,0
2050,284,13,0.10232240978681854,0
2050,284,32,0.2666268275508284,0
2050,284,42,0.21100755517288308,0
2050,285,4,0.011423314584708378,0
2050,285,7,0.2333455343323194,0
2050,285,11,0.0120762827830158,0
2050,285,16,0.0824121856805497,0
2050,285,20,0.013071344416398394,0
2050,285,21,0.09904455475149822,0
2050,285,29,0.047763087597839426,0
2050,285,32,0.015394894951436366,0
2050,285,33,0.04926306310938466,0
2050,285,37,0.0415782029248106,0
2050,285,40,0.10763314719418439,0
2050,285,53,0.0765812267552556,0
2050,285,55,0.21041316091859913,0
2050,286,7,0.5104975642479895,0
2050,286,11,0.012345259219391955,0
2050,286,32,0.11749694127627468,0
2050,286,35,0.018935281632354813,0
2050,286,46,0.05611035721627298,0
2050,286,52,0.07440773061694891,0
2050,286,53,0.1053652110990494,0
2050,286,55,0.05801520215153417,0
2050,286,59,0.04682645254018338,0
2050,287,7,1.0,0
2050,288,4,0.09443438792679607,0
2050,288,7,0.5508895536870478,0
2050,288,8,0.05776305552124955,0
2050,288,11,0.1362253280625555,0
2050,288,30,0.16068767480235113,0
2050,289,4,0.039765064734935185,0
2050,289,7,0.25065114043659475,0
2050,289,11,0.08164520776739655,0
2050,289,14,0.06499604844845223,0
2050,289,21,0.02088132904155045,0
2050,289,26,0.02447705278015886,0
2050,289,27,0.03479954072924202,0
2050,289,29,0.016014152133139885,0
2050,289,30,0.015525649703003042,0
2050,289,40,0.10783146168420336,0
2050,289,44,0.04897903601382663,0
2050,289,46,0.04533099070988222,0
2050,289,49,0.016232455439428268,0
2050,289,52,0.015480679835987613,0
2050,289,53,0.0976712832811366,0
2050,289,60,0.11971890726106232,0
2050,290,7,0.07812168544119687,0
2050,290,8,0.06684820720316022,0
2050,290,15,0.0519288572100956,0
2050,290,16,0.10238832814833501,0
2050,290,21,0.016353152713634658,0
2050,290,37,0.14879982516373996,0
2050,290,40,0.09426539137682191,0
2050,290,43,0.19987129627378528,0
2050,290,55,0.035285056626219155,0
2050,290,56,0.028140728676862077,0
2050,290,60,0.1779974711661494,0
2050,291,7,0.05215578022231381,0
2050,291,8,0.22846382568662085,0
2050,291,15,0.07171456905427175,0
2050,291,16,0.08064374009461199,0
2050,291,32,0.013436339774556168,0
2050,291,37,0.014642767956697762,0
2050,291,40,0.016167427010249955,0
2050,291,43,0.22517357451390346,0
2050,291,55,0.013635049416509044,0
2050,291,60,0.28396692627026526,0
2050,292,7,0.08865202489644938,0
2050,292,16,0.05391859263386017,0
2050,292,32,0.19718280809938943,0
2050,292,33,0.10049027746187678,0
2050,292,43,0.2924035039285454,0
2050,292,55,0.03313984965453634,0
2050,292,60,0.23421294332534237,0
2050,293,7,0.11647897242318749,0
2050,293,16,0.09655800017923505,0
2050,293,29,0.07485311458150401,0
2050,293,33,0.028856198958245385,0
2050,293,37,0.054579420469094565,0
2050,293,40,0.05077481017195877,0
2050,293,42,0.07820622009739461,0
2050,293,43,0.46970854283710217,0
2050,293,59,0.02998472028227794,0
2050,294,7,0.27468702462754546,0
2050,294,14,0.034184893229686215,0
2050,294,15,0.08738271668111568,0
2050,294,37,0.2158867078084503,0
2050,294,38,0.14850898816694527,0
2050,294,42,0.09610176624440171,0
2050,294,43,0.04575119285543619,0
2050,294,53,0.05556882315164216,0
2050,294,58,0.041927887234777014,0
2050,295,38,1.0,0
2050,296,4,0.023542502981551205,0
2050,296,14,0.13280083695217676,0
2050,296,17,0.19629326974722194,0
2050,296,26,0.1034013501396256,0
2050,296,27,0.044296959123029146,0
2050,296,29,0.1338858831000068,0
2050,296,30,0.13986791165240736,0
2050,296,36,0.01136800222411073,0
2050,296,38,0.2145432840798703,0
2050,297,7,0.03925586387501253,0
2050,297,13,0.0800478149884834,0
2050,297,15,0.12444302129765891,0
2050,297,18,0.18139828973974748,0
2050,297,27,0.05683207838597237,0
2050,297,33,0.08812155435848741,0
2050,297,34,0.050992758807282414,0
2050,297,38,0.1364537774782758,0
2050,297,40,0.055470500726152575,0
2050,297,53,0.03908847763296017,0
2050,297,58,0.12135320408947795,0
2050,297,60,0.026542658620488855,0
2050,298,11,0.042077694369156114,0
2050,298,18,0.128144049471238,0
2050,298,26,0.041848410119335704,0
2050,298,27,0.15013799718685647,0
2050,298,34,0.2661160431494956,0
2050,298,35,0.05951354945351731,0
2050,298,36,0.05337320390431581,0
2050,298,38,0.17612015288924163,0
2050,298,40,0.02158749759159979,0
2050,298,44,0.06108140186524365,0
2050,299,14,0.049557665822998156,0
2050,299,17,0.05304693847391352,0
2050,299,25,0.03479349614546664,0
2050,299,27,0.07131119908927676,0
2050,299,28,0.015644606610407265,0
2050,299,29,0.04553502240844101,0
2050,299,34,0.1871686218681017,0
2050,299,37,0.13936656713859047,0
2050,299,39,0.08181722597947827,0
2050,299,43,0.14316150478231768,0
2050,299,53,0.07020590244705228,0
2050,299,54,0.09003739118240149,0
2050,299,56,0.018353858051554813,0
2050,300,14,0.11338674419905555,0
2050,300,15,0.014920122688728643,0
2050,300,17,0.06298708270928731,0
2050,300,27,0.010227937663854398,0
2050,300,32,0.034352440770975295,0
2050,300,34,0.10926827080270411,0
2050,300,36,0.032657920145651324,0
2050,300,37,0.32399346615234315,0
2050,300,43,0.10087658255576955,0
2050,300,44,0.08075558451026627,0
2050,300,53,0.08682122462202738,0
2050,300,57,0.029752623179337054,0
2050,301,4,0.04455237489979867,0
2050,301,7,0.3917126649720492,0
2050,301,14,0.04886958776048053,0
2050,301,17,0.02194795958227938,0
2050,301,18,0.13697409295213459,0
2050,301,37,0.1159763647192478,0
2050,301,43,0.13179428373686955,0
2050,301,47,0.0856010436899935,0
2050,301,56,0.022571627687146767,0
2050,302,2,0.05155839348529635,0
2050,302,7,0.0864621949180967,0
2050,302,13,0.06770465900328808,0
2050,302,15,0.2769365176754182,0
2050,302,17,0.12874649527720153,0
2050,302,28,0.048825217831457775,0
2050,302,34,0.042266996309916344,0
2050,302,43,0.06759945566947541,0
2050,302,45,0.20462714926758535,0
2050,302,59,0.025272920562264278,0
2050,303,13,0.19711811563576573,0
2050,303,15,0.347875126372481,0
2050,303,18,0.07305656453968506,0
2050,303,32,0.1189754388033728,0
2050,303,35,0.10212846453400605,0
2050,303,37,0.01869223563418133,0
2050,303,38,0.01316632861143871,0
2050,303,56,0.07852860862533015,0
2050,303,59,0.0504591172437391,0
2050,304,4,0.09339362182828792,0
2050,304,12,0.0839287997257099,0
2050,304,13,0.02530990500503828,0
2050,304,17,0.24592475805468447,0
2050,304,19,0.023665624363653437,0
2050,304,32,0.041170557170548266,0
2050,304,38,0.3634357405862405,0
2050,304,42,0.06412206670438811,0
2050,304,53,0.013366487884046173,0
2050,304,55,0.04568243867740289,0
2050,305,17,1.0,0
2050,306,8,0.0690145814566946,0
2050,306,15,0.051629349978955644,0
2050,306,17,0.5362988292969842,0
2050,306,21,0.015299479971502654,0
2050,306,27,0.08202739349787522,0
2050,306,34,0.12055199255675533,0
2050,306,37,0.0918793016893709,0
2050,306,49,0.033299071551861514,0
2050,307,1,0.020003061391063337,0
2050,307,8,0.06304902336238219,0
2050,307,15,0.42026837845843756,0
2050,307,17,0.21458554465346688,0
2050,307,36,0.02040772410827757,0
2050,307,43,0.09127119621464326,0
2050,307,52,0.09663377815610977,0
2050,307,57,0.061648166027137935,0
2050,307,59,0.012133127628481559,0
2050,308,8,0.018533678417779722,0
2050,308,9,0.013787670436053348,0
2050,308,15,0.6053401604398764,0
2050,308,16,0.0398738375042956,0
2050,308,17,0.052450673436162866,0
2050,308,43,0.17320962537248785,0
2050,308,52,0.07426081618563392,0
2050,308,57,0.02254353820771046,0
2050,309,15,1.0,0
2050,310,10,0.02563245859408127,0
2050,310,15,0.7008756992095734,0
2050,310,18,0.2520353561977358,0
2050,310,28,0.021456485998609456,0
2050,311,9,0.025277843247026095,0
2050,311,11,0.11573720596211912,0
2050,311,14,0.08667564167717749,0
2050,311,15,0.23861404021230725,0
2050,311,18,0.28116372950199275,0
2050,311,23,0.09640686656043591,0
2050,311,25,0.037899171627396804,0
2050,311,38,0.058577908150785236,0
2050,311,39,0.024419493423122957,0
2050,311,54,0.03522809963763638,0
2050,312,6,0.02935512760447616,0
2050,312,14,0.3036087469596391,0
2050,312,15,0.11223571382571222,0
2050,312,17,0.05333459634281398,0
2050,312,18,0.17450641643366663,0
2050,312,23,0.11151877177866899,0
2050,312,28,0.02547513418826966,0
2050,312,29,0.029590406958955894,0
2050,312,30,0.010263448340655682,0
2050,312,31,0.03959489100054975,0
2050,312,34,0.0583792846714608,0
2050,312,54,0.05213746189513118,0
2050,313,9,0.028133882134966093,0
2050,313,12,0.08929960552171044,0
2050,313,14,0.07165386595683504,0
2050,313,18,0.5591020207061713,0
2050,313,25,0.2176325978282275,0
2050,313,42,0.016169699866214565,0
2050,313,47,0.018008327985875074,0
2050,314,3,0.024462278728309184,0
2050,314,7,0.029875982618274784,0
2050,314,12,0.11208131559193317,0
2050,314,14,0.05137149790417827,0
2050,314,18,0.022452881534341874,0
2050,314,25,0.22146399119765073,0
2050,314,30,0.03861030088342486,0
2050,314,31,0.10413853758308612,0
2050,314,47,0.141487000424234,0
2050,314,50,0.05719917758798537,0
2050,314,53,0.1968570359465816,0
2050,315,7,0.018484458244748276,0
2050,315,14,0.2882478788177612,0
2050,315,18,0.2135461063438029,0
2050,315,19,0.07882402082855715,0
2050,315,28,0.10310689999794974,0
2050,315,31,0.05560673974125803,0
2050,315,53,0.24218389602592272,0
2050,316,7,0.04250188441368455,0
2050,316,11,0.048771131963323555,0
2050,316,14,0.10255151422521953,0
2050,316,15,0.05632929633183613,0
2050,316,18,0.4958508593830072,0
2050,316,24,0.012141607484189184,0
2050,316,26,0.034789744911419576,0
2050,316,30,0.04436777156254517,0
2050,316,31,0.10300453449222587,0
2050,316,45,0.02024113388602044,0
2050,316,53,0.0394505213465288,0
2050,317,18,1.0,0
2050,318,12,0.10994079682086494,0
2050,318,18,0.2576378249965329,0
2050,318,25,0.17560693146504472,0
2050,318,28,0.017650938398609317,0
2050,318,30,0.12233323241883118,0
2050,318,31,0.046081633085064445,0
2050,318,47,0.06612511472926474,0
2050,318,50,0.0823180304451771,0
2050,318,53,0.12230549764061063,0
2050,319,3,0.035842314939153366,0
2050,319,10,0.16287819962552663,0
2050,319,12,0.09192740644113355,0
2050,319,15,0.20037558266800015,0
2050,319,25,0.07479411416605442,0
2050,319,28,0.3930249384668096,0
2050,319,54,0.04115744369332224,0
2050,320,12,0.2921538304513731,0
2050,320,15,0.13852575164241057,0
2050,320,18,0.40653597239236905,0
2050,320,24,0.031328198825996204,0
2050,320,28,0.013707287143660686,0
2050,320,42,0.05697478415253566,0
2050,320,53,0.04749301267190265,0
2050,320,58,0.013281162719752144,0
2050,321,10,0.10874174561797588,0
2050,321,15,0.12064719084911218,0
2050,321,25,0.14901741603971677,0
2050,321,42,0.09388795121494647,0
2050,321,44,0.020731412205710998,0
2050,321,50,0.3470868399100999,0
2050,321,53,0.04862503778335081,0
2050,321,54,0.11126240637908703,0
2050,322,3,0.039047758554133574,0
2050,322,10,0.014501218420643626,0
2050,322,12,0.2757981022694633,0
2050,322,18,0.16777574585087748,0
2050,322,28,0.1388445298768801,0
2050,322,31,0.01683281734932293,0
2050,322,47,0.19621666838789634,0
2050,322,50,0.13121930748117472,0
2050,322,53,0.01976385180960803,0
2050,323,3,0.04656639598916414,0
2050,323,10,0.06293939292288514,0
2050,323,12,0.24149980461810494,0
2050,323,18,0.19719135292162526,0
2050,323,28,0.22628100465786452,0
2050,323,31,0.039886463712931336,0
2050,323,47,0.062159768391166124,0
2050,323,54,0.12347581678625857,0
2050,324,28,1.0,0
2050,325,2,0.0925361920831926,0
2050,325,13,0.06955338088282657,0
2050,325,28,0.29256021374785546,0
2050,325,38,0.1000040457536237,0
2050,325,48,0.2412390197484551,0
2050,325,59,0.20410714778404654,0
2050,326,12,0.0537787111862351,0
2050,326,13,0.07573955259389209,0
2050,326,15,0.014912038271862263,0
2050,326,21,0.15013568130498856,0
2050,326,38,0.07543798582612202,0
2050,326,48,0.24908556557051853,0
2050,326,53,0.1810700683044098,0
2050,326,59,0.1354193062645867,0
2050,326,60,0.06442109067738508,0
2050,327,11,0.011019662181488931,0
2050,327,13,0.2771232142993759,0
2050,327,15,0.34003201529628846,0
2050,327,17,0.03308552608465286,0
2050,327,18,0.03513699268541369,0
2050,327,25,0.01599645219766488,0
2050,327,37,0.05397166149687454,0
2050,327,43,0.11543747392694016,0
2050,327,60,0.11819700183130047,0
2050,328,35,1.0,0
2050,329,2,0.18020432719575094,0
2050,329,3,0.014988816795993785,0
2050,329,14,0.13280749773239864,0
2050,329,17,0.07427725061273106,0
2050,329,23,0.0840897984949072,0
2050,329,28,0.06913091475512223,0
2050,329,35,0.14227973109049893,0
2050,329,37,0.16262125080185694,0
2050,329,48,0.10353722069764049,0
2050,329,50,0.01946196479648719,0
2050,329,54,0.016601227026612556,0
2050,330,2,0.07025775836858333,0
2050,330,13,0.29718553517666435,0
2050,330,17,0.16457168934103655,0
2050,330,23,0.05042152604705926,0
2050,330,35,0.035114260260531736,0
2050,330,38,0.0682058147272969,0
2050,330,41,0.045960438344640676,0
2050,330,43,0.054745328224813705,0
2050,330,57,0.21353764950937337,0
2050,331,2,0.09564822811851283,0
2050,331,13,0.04703283658650748,0
2050,331,23,0.5438646317795982,0
2050,331,38,0.26592204168100675,0
2050,331,48,0.04753226183437463,0
2050,332,3,0.029999918652662556,0
2050,332,12,0.012329773901946775,0
2050,332,18,0.02236612572297132,0
2050,332,23,0.19683671138028222,0
2050,332,25,0.270387716717707,0
2050,332,48,0.29001130005210346,0
2050,332,53,0.08901092606179928,0
2050,332,54,0.0890575275105272,0
2050,333,3,0.06525510846655111,0
2050,333,12,0.25041272982513674,0
2050,333,18,0.038801314825541555,0
2050,333,23,0.016226496114868892,0
2050,333,25,0.2755287774409935,0
2050,333,28,0.1115485334599411,0
2050,333,35,0.10506985605538376,0
2050,333,48,0.010259846003005035,0
2050,333,54,0.12689733780857826,0
2050,334,3,0.048549887051860044,0
2050,334,9,0.10456238397582181,0
2050,334,12,0.30663888991515015,0
2050,334,23,0.08298391844633303,0
2050,334,25,0.20696532269208762,0
2050,334,28,0.022126078727248224,0
2050,334,30,0.048179145092979436,0
2050,334,50,0.11242404893533066,0
2050,334,53,0.06757032516318905,0
2050,335,2,0.032440815101068485,0
2050,335,3,0.06374550184001283,0
2050,335,12,0.1357666776597298,0
2050,335,23,0.07342279826819054,0
2050,335,25,0.050670433298336266,0
2050,335,28,0.0782716022779445,0
2050,335,29,0.058680935242004906,0
2050,335,30,0.2106318874567128,0
2050,335,35,0.012642249279369102,0
2050,335,36,0.018963246596243846,0
2050,335,50,0.14636088637956837,0
2050,335,53,0.11840296660081862,0
2050,336,53,1.0,0
2050,337,15,0.182093759546327,0
2050,337,21,0.059300056833988174,0
2050,337,23,0.45343915949166336,0
2050,337,27,0.026209079843111438,0
2050,337,46,0.021871789441521683,0
2050,337,53,0.20185702064506325,0
2050,337,54,0.05522913419832497,0
2050,338,18,0.06757149826965195,0
2050,338,23,0.5267285655666584,0
2050,338,53,0.09973237735547115,0
2050,338,54,0.30596755880821863,0
2050,339,23,0.4650176130783315,0
2050,339,39,0.019125827090343276,0
2050,339,53,0.1217679816743048,0
2050,339,54,0.39408857815702036,0
2050,340,23,0.4950904241565712,0
2050,340,50,0.16072361322683254,0
2050,340,53,0.10786849107388055,0
2050,340,54,0.2363174715427157,0
2050,341,14,0.01930632590557456,0
2050,341,17,0.042177629336495395,0
2050,341,23,0.5873424769421445,0
2050,341,27,0.1501968191356514,0
2050,341,37,0.1229212698971739,0
2050,341,39,0.027254809566250045,0
2050,341,49,0.02633456301398246,0
2050,341,54,0.0244661062027278,0
2050,342,15,0.10172863004905375,0
2050,342,18,0.12972507313325482,0
2050,342,23,0.3746817845318419,0
2050,342,24,0.04388680379595298,0
2050,342,37,0.012342599464525117,0
2050,342,51,0.13317369915466212,0
2050,342,53,0.20446140987070927,0
2050,343,6,0.017216507470588793,0
2050,343,14,0.06389263509262078,0
2050,343,19,0.013976200005462226,0
2050,343,23,0.6453581296246654,0
2050,343,37,0.020611092796616246,0
2050,343,53,0.09193125705947486,0
2050,343,54,0.14701417795057173,0
2050,344,23,1.0,0
2050,345,10,0.03224772480092225,0
2050,345,23,0.5430162725784917,0
2050,345,25,0.137508508145913,0
2050,345,53,0.05805749222922694,0
2050,345,54,0.22917000224544598,0
2050,346,11,0.019008089418131004,0
2050,346,12,0.11063910882250914,0
2050,346,16,0.033211940196089314,0
2050,346,23,0.29570869643432585,0
2050,346,31,0.04409808854123246,0
2050,346,49,0.11918657861949522,0
2050,346,53,0.14499811036600668,0
2050,346,54,0.11726283658257039,0
2050,346,60,0.11588655101963984,0
2050,347,15,0.0709388180844114,0
2050,347,16,0.25260646409314724,0
2050,347,30,0.08169131014701145,0
2050,347,31,0.014116043239407164,0
2050,347,43,0.21393365343624804,0
2050,347,53,0.19625648456077502,0
2050,347,54,0.07341659059519672,0
2050,347,57,0.07664837057532506,0
2050,347,60,0.020392265268477806,0
2050,348,15,0.11320685773819748,0
2050,348,16,0.1678242980992827,0
2050,348,21,0.08591288778621388,0
2050,348,23,0.10676152194191621,0
2050,348,27,0.08566711618592907,0
2050,348,37,0.0308284609619954,0
2050,348,41,0.04734994298694018,0
2050,348,43,0.18427879440960052,0
2050,348,53,0.16051809260454755,0
2050,348,60,0.01765202728537692,0
2050,349,13,0.013158297234679152,0
2050,349,15,0.263901751998268,0
2050,349,16,0.16437867294382882,0
2050,349,23,0.19691097770052973,0
2050,349,37,0.29462357651697924,0
2050,349,43,0.06702672360571504,0
2050,350,3,0.08543631457355721,0
2050,350,15,0.24365581664107164,0
2050,350,23,0.4632117347032161,0
2050,350,37,0.11094801463799095,0
2050,350,51,0.015252164240439249,0
2050,350,53,0.08149595520372499,0
2050,351,3,0.03799583808372644,0
2050,351,12,0.047787564143362056,0
2050,351,15,0.21581976648771045,0
2050,351,23,0.3653238205688564,0
2050,351,51,0.1437782823298302,0
2050,351,53,0.1250183773679113,0
2050,351,54,0.064276351018603,0
2050,352,15,0.03895235649678788,0
2050,352,18,0.24234968459641795,0
2050,352,20,0.013234435600326565,0
2050,352,23,0.5875464262787751,0
2050,352,50,0.015870558746674365,0
2050,352,53,0.05125606473751097,0
2050,352,54,0.0507904735435073,0
2050,353,23,0.7368541364533931,0
2050,353,37,0.08324963760881252,0
2050,353,39,0.052710824335459,0
2050,353,53,0.05835776271967103,0
2050,353,54,0.06882763888266433,0
2050,354,23,0.6597199659551252,0
2050,354,39,0.031105647197221774,0
2050,354,50,0.09145984510329204,0
2050,354,54,0.217714541744361,0
2050,355,23,0.5658677915360282,0
2050,355,50,0.34380421214038076,0
2050,355,54,0.09032799632359105,0
2050,356,3,0.07084696138457232,0
2050,356,12,0.09404107039113638,0
2050,356,23,0.39973988565655233,0
2050,356,50,0.34659234963412894,0
2050,356,53,0.08877973293361002,0
2050,357,23,0.41562324125724454,0
2050,357,50,0.44392646140144887,0
2050,357,53,0.1404502973413066,0
2050,358,18,0.11298395220396416,0
2050,358,19,0.019826767297341036,0
2050,358,23,0.2893526992782842,0
2050,358,35,0.07733134113184396,0
2050,358,39,0.05145554997027884,0
2050,358,50,0.19880431549039101,0
2050,358,54,0.2502453746278968,0
2050,359,18,0.031535393922411344,0
2050,359,23,0.3257703135680899,0
2050,359,35,0.10186120761887094,0
2050,359,47,0.011008233751094504,0
2050,359,49,0.19159854926725664,0
2050,359,50,0.24816204151004814,0
2050,359,53,0.015215970132102977,0
2050,359,54,0.0748482902301257,0
2050,360,16,0.035455023257781465,0
2050,360,23,0.08866411688533325,0
2050,360,25,0.18151499499336848,0
2050,360,37,0.15335245873493852,0
2050,360,48,0.020131464775816066,0
2050,360,49,0.12763391414932293,0
2050,360,50,0.06712095638436959,0
2050,360,53,0.25155205412994797,0
2050,360,57,0.07457501668912164,0
2050,361,10,0.085494127916799,0
2050,361,16,0.21697748141165288,0
2050,361,18,0.2907800582340591,0
2050,361,19,0.016957639380447705,0
2050,361,21,0.03089311897466578,0
2050,361,23,0.16766575491273583,0
2050,361,48,0.0801843388591918,0
2050,361,50,0.017354262970679272,0
2050,361,51,0.05710519397715246,0
2050,361,54,0.0365880233626162,0
2050,362,2,0.044904390526788907,0
2050,362,3,0.01058151542156883,0
2050,362,15,0.0843962983719954,0
2050,362,21,0.08499564450966816,0
2050,362,23,0.2345416979048119,0
2050,362,37,0.35386145720847945,0
2050,362,53,0.06706614948203561,0
2050,362,54,0.11965284657465175,0
2050,363,7,0.05636555493621543,0
2050,363,18,0.2208282661467031,0
2050,363,21,0.13739768971887975,0
2050,363,23,0.122237422159014,0
2050,363,35,0.02437822918861157,0
2050,363,48,0.024350931710306892,0
2050,363,51,0.07910965787831845,0
2050,363,53,0.3104653949296251,0
2050,363,59,0.024866853332325467,0
2050,364,3,0.0119252102528403,0
2050,364,4,0.03198887200940831,0
2050,364,12,0.09253955568984557,0
2050,364,13,0.09942603299398932,0
2050,364,23,0.11188262708921455,0
2050,364,30,0.01507523194866205,0
2050,364,35,0.23571170961030685,0
2050,364,38,0.02976317696812943,0
2050,364,48,0.24944696695361018,0
2050,364,51,0.010806812945788575,0
2050,364,53,0.11143380353820474,0
2050,365,11,0.02849607870116359,0
2050,365,12,0.17932989360770596,0
2050,365,14,0.2579294960462312,0
2050,365,20,0.012946111033566333,0
2050,365,23,0.25991749429271715,0
2050,365,35,0.033385895316970844,0
2050,365,48,0.14461659570266974,0
2050,365,53,0.08337843529897523,0
