year,period,rep_period,weight,scenario
2050,1,2,0.21511287717860286,0
2050,1,3,0.03794703690499981,0
2050,1,6,0.3423699352892015,0
2050,1,7,0.016189684835296505,0
2050,1,8,0.3257526746314209,0
2050,1,10,0.028698584629159946,0
2050,2,2,0.3483361355046557,0
2050,2,6,0.33053892767887894,0
2050,2,7,0.022829593140089165,0
2050,2,8,0.29470900772717723,0
2050,3,2,0.37726597731733763,0
2050,3,6,0.19081805074620906,0
2050,3,8,0.3422771433198863,0
2050,3,9,0.019563159435085305,0
2050,3,10,0.05973924715951449,0
2050,3,14,0.010336422021967002,0
2050,4,2,0.31771108445324003,0
2050,4,5,0.07169753949463308,0
2050,4,6,0.08420471952562812,0
2050,4,8,0.5212568513406248,0
2050,5,8,1.0,0
2050,6,3,0.10610456910514449,0
2050,6,4,0.25735815602990264,0
2050,6,6,0.12948369066918095,0
2050,6,7,0.03275399091860749,0
2050,6,8,0.27519426317170603,0
2050,6,19,0.056867788573251254,0
2050,6,20,0.08595929137587265,0
2050,7,2,0.06917950325634824,0
2050,7,6,0.3995631514013081,0
2050,7,8,0.3923414999432368,0
2050,7,10,0.0703258459781945,0
2050,8,2,0.368079833083425,0
2050,8,6,0.4037259733784139,0
2050,8,8,0.18063200772276997,0
2050,8,9,0.016191744494750016,0
2050,8,10,0.016500392301343873,0
2050,8,19,0.014870049019297164,0
2050,9,2,0.2508922515204559,0
2050,9,6,0.09321615501612414,0
2050,9,7,0.2903975166725755,0
2050,9,8,0.32091240243950936,0
2050,9,14,0.04458167435133502,0
2050,10,2,0.23850485815895753,0
2050,10,4,0.13195677603400915,0
2050,10,6,0.13912736893567856,0
2050,10,7,0.283289622702097,0
2050,10,8,0.1664242603338341,0
2050,10,9,0.040697113835423716,0
2050,11,2,0.37146919156927577,0
2050,11,6,0.11735555071080507,0
2050,11,7,0.2420885370098219,0
2050,11,8,0.26908672071009726,0
2050,12,2,0.2613692360940536,0
2050,12,6,0.13069911548161992,0
2050,12,7,0.28333950451643136,0
2050,12,8,0.3245921439078951,0
2050,13,2,0.3529012196843738,0
2050,13,6,0.2592712108767444,0
2050,13,7,0.1606921975314235,0
2050,13,8,0.1918991020633314,0
2050,13,10,0.03523626984412666,0
2050,14,2,0.37925614283761405,0
2050,14,6,0.3420689197703667,0
2050,14,7,0.13887336510194112,0
2050,14,8,0.07622254536556208,0
2050,14,10,0.01745117624068261,0
2050,15,2,0.4539390914254695,0
2050,15,6,0.2782668820767438,0
2050,15,7,0.07087437529032756,0
2050,15,9,0.08302100462292725,0
2050,15,14,0.11389864658453171,0
2050,16,2,0.5079774826445522,0
2050,16,4,0.07711438329237263,0
2050,16,5,0.02770238422836454,0
2050,16,6,0.21863135803124517,0
2050,16,8,0.10894014088342877,0
2050,16,10,0.059634250920036665,0
2050,17,2,0.2637137502303098,0
2050,17,3,0.01813475690473674,0
2050,17,4,0.1874365050046998,0
2050,17,5,0.09707107311243535,0
2050,17,6,0.2303748828313491,0
2050,17,8,0.15675501771301673,0
2050,17,10,0.022590244970197376,0
2050,17,18,0.023923769233255163,0
2050,18,2,0.20092534403341278,0
2050,18,5,0.05295570563042394,0
2050,18,6,0.09394965806426954,0
2050,18,8,0.15636695921671626,0
2050,18,11,0.047226175681500136,0
2050,18,15,0.05423720502452884,0
2050,18,16,0.3118011156719066,0
2050,18,17,0.03939889837361985,0
2050,18,19,0.030880893322409387,0
2050,19,16,1.0,0
2050,20,2,0.10735498142186944,0
2050,20,5,0.08320035968718949,0
2050,20,6,0.17192665649928252,0
2050,20,10,0.03884249619971357,0
2050,20,13,0.03724876966278114,0
2050,20,15,0.050803690514123874,0
2050,20,16,0.41533879411576063,0
2050,21,2,0.24831389275866286,0
2050,21,5,0.010946743401954097,0
2050,21,6,0.03187477676538793,0
2050,21,10,0.05205186955763985,0
2050,21,15,0.19577020293212835,0
2050,21,16,0.28226620167385447,0
2050,21,20,0.06833623684022488,0
2050,22,15,1.0,0
2050,23,4,1.0,0
2050,24,2,0.300267943147165,0
2050,24,3,0.04988929216610656,0
2050,24,4,0.3643116761023843,0
2050,24,6,0.13105868093276685,0
2050,24,7,0.06641576161416739,0
2050,24,14,0.06097514912926659,0
2050,24,20,0.025332496942608945,0
2050,25,2,0.17305923126916206,0
2050,25,4,0.36470247857548793,0
2050,25,7,0.038903611940304804,0
2050,25,8,0.043078750251653065,0
2050,25,14,0.13976875371301167,0
2050,25,15,0.1332456219102588,0
2050,25,18,0.04457692208860533,0
2050,25,19,0.06266463025151628,0
2050,26,2,0.34566186141549354,0
2050,26,3,0.04655128646029946,0
2050,26,4,0.13171202939750384,0
2050,26,6,0.19101763718955575,0
2050,26,14,0.036599134898020816,0
2050,26,19,0.1840906772948826,0
2050,26,20,0.0643673733442439,0
2050,27,2,0.29329242280828344,0
2050,27,6,0.12664148689204624,0
2050,27,7,0.15320670264459985,0
2050,27,14,0.05661535214542577,0
2050,27,15,0.19383166836317964,0
2050,27,17,0.13344468435085113,0
2050,28,2,0.41698688824634433,0
2050,28,3,0.036704673675823765,0
2050,28,4,0.08181248143689812,0
2050,28,6,0.19926067295314237,0
2050,28,7,0.15260150700174935,0
2050,28,9,0.03355418499992956,0
2050,28,19,0.06532212952415442,0
2050,29,2,1.0,0
2050,30,2,0.530263679750459,0
2050,30,4,0.3259938836923546,0
2050,30,8,0.1437424365571865,0
2050,31,2,0.36748501440294823,0
2050,31,4,0.25926853336181377,0
2050,31,8,0.14227954220589253,0
2050,31,15,0.02327913206871375,0
2050,31,16,0.18412548754236568,0
2050,31,20,0.023562290418265963,0
2050,32,2,0.45342759510622693,0
2050,32,4,0.17571553498848028,0
2050,32,5,0.016070419576254553,0
2050,32,6,0.10317799378927786,0
2050,32,7,0.023256792789176813,0
2050,32,9,0.06633437203921164,0
2050,32,12,0.025989109594334196,0
2050,32,16,0.0853398709191169,0
2050,32,20,0.05068831119792084,0
2050,33,2,0.2679025189501209,0
2050,33,5,0.04654818760366304,0
2050,33,6,0.06013354173699455,0
2050,33,7,0.013977763905390152,0
2050,33,8,0.033771636066689065,0
2050,33,12,0.1355462994935126,0
2050,33,14,0.1905632750634787,0
2050,33,15,0.2256598846198686,0
2050,33,20,0.015291417939237769,0
2050,34,2,0.13031491732239736,0
2050,34,4,0.2056783634519389,0
2050,34,5,0.01562540817077229,0
2050,34,7,0.02613010319099297,0
2050,34,10,0.026381320628719878,0
2050,34,12,0.06007037557418339,0
2050,34,15,0.2458421089525579,0
2050,34,16,0.0418080824605237,0
2050,34,19,0.04911439784202432,0
2050,34,20,0.17159348232564017,0
2050,35,2,0.015947774728759634,0
2050,35,4,0.3028204135318833,0
2050,35,7,0.1467291205306636,0
2050,35,12,0.03840341676018923,0
2050,35,13,0.1271479692120577,0
2050,35,15,0.3239890899837685,0
2050,35,20,0.010195689716965656,0
2050,36,2,0.061192363706030845,0
2050,36,4,0.34319723052687134,0
2050,36,7,0.17331219772355078,0
2050,36,13,0.03671110915431836,0
2050,36,14,0.015381938502869945,0
2050,36,15,0.26361947306910904,0
2050,36,20,0.10658568731724964,0
2050,37,2,0.37617102445042333,0
2050,37,4,0.2718721292198017,0
2050,37,5,0.036884101395266614,0
2050,37,7,0.16646456837288243,0
2050,37,8,0.1295309569979914,0
2050,37,9,0.010438978363959135,0
2050,38,2,0.3239471238154378,0
2050,38,4,0.12913357331631306,0
2050,38,5,0.18041884669331434,0
2050,38,6,0.21947411448694207,0
2050,38,7,0.05982631998496233,0
2050,38,8,0.020735020490904088,0
2050,38,9,0.06646500121212634,0
2050,39,2,0.4213846166151819,0
2050,39,5,0.11928544225440048,0
2050,39,6,0.05675189303965207,0
2050,39,7,0.1979865288301621,0
2050,39,8,0.19502527802784247,0
2050,40,2,0.08857482415340048,0
2050,40,4,0.10974765093679409,0
2050,40,5,0.01207887152897353,0
2050,40,6,0.05794645018825727,0
2050,40,7,0.19197061763709422,0
2050,40,8,0.27304904080940096,0
2050,40,14,0.16436682413064022,0
2050,40,15,0.09087561557851373,0
2050,41,2,0.03351459373006452,0
2050,41,4,0.08403389205651217,0
2050,41,5,0.18522646021593286,0
2050,41,7,0.11437848242563321,0
2050,41,8,0.23041857180444728,0
2050,41,10,0.026540260102741273,0
2050,41,15,0.14206595813572362,0
2050,41,16,0.1391595313033622,0
2050,41,20,0.04466225022558294,0
2050,42,4,0.07146463612788373,0
2050,42,5,0.17474536186346332,0
2050,42,6,0.015774757199874503,0
2050,42,8,0.13376358801382737,0
2050,42,16,0.3611068986691341,0
2050,42,20,0.18316418248514477,0
2050,43,5,0.23951396109970594,0
2050,43,8,0.27291259288921044,0
2050,43,16,0.34803734900523564,0
2050,43,17,0.10221387430569587,0
2050,43,20,0.03732222270015195,0
2050,44,2,0.05946290575736733,0
2050,44,4,0.08356689090186681,0
2050,44,6,0.0560197828507297,0
2050,44,8,0.05552753625594521,0
2050,44,14,0.32588915791934736,0
2050,44,19,0.2807353060236353,0
2050,44,20,0.12934827747318917,0
2050,45,14,1.0,0
2050,46,2,0.28333163154761887,0
2050,46,5,0.14407240087584816,0
2050,46,6,0.21347976542262193,0
2050,46,8,0.0989334239590879,0
2050,46,10,0.02591287285822661,0
2050,46,11,0.03799663871793435,0
2050,46,12,0.01861687276574188,0
2050,46,14,0.0970873556063923,0
2050,46,16,0.021533854527165025,0
2050,46,20,0.0590351837193631,0
2050,47,2,0.2940507756632957,0
2050,47,4,0.11921210608694024,0
2050,47,5,0.27304502936730835,0
2050,47,6,0.09579643438947102,0
2050,47,8,0.1879659270887222,0
2050,47,16,0.01815781195387401,0
2050,47,20,0.011771915450388533,0
2050,48,2,0.37171084759593875,0
2050,48,4,0.17022985661676623,0
2050,48,5,0.16480851569314728,0
2050,48,6,0.032130509351261126,0
2050,48,8,0.14117394457199048,0
2050,48,10,0.028638907729543174,0
2050,48,16,0.09130741844135284,0
2050,49,2,0.17524341635306975,0
2050,49,4,0.17702103741420278,0
2050,49,5,0.15450729462624008,0
2050,49,6,0.2575505934185609,0
2050,49,7,0.014592968611818984,0
2050,49,8,0.1458043410151131,0
2050,49,10,0.07528034856099422,0
2050,50,2,0.22330423074568684,0
2050,50,3,0.04860084193133997,0
2050,50,5,0.03598088989058118,0
2050,50,6,0.392391398054797,0
2050,50,8,0.1687143533782962,0
2050,50,10,0.060421016545182865,0
2050,50,20,0.06856630756730225,0
2050,51,2,0.34638664255379953,0
2050,51,5,0.14663976108195745,0
2050,51,6,0.15688095149943465,0
2050,51,8,0.11327297626986575,0
2050,51,9,0.026858044483424694,0
2050,51,10,0.0615632768000579,0
2050,51,14,0.137738052057696,0
2050,51,17,0.010660295253764088,0
2050,52,2,0.4452014786745541,0
2050,52,4,0.13892457900390628,0
2050,52,5,0.11705773420921432,0
2050,52,8,0.11372607854728659,0
2050,52,9,0.03349260985718969,0
2050,52,13,0.042466442196900704,0
2050,52,18,0.10913107751094829,0
2050,53,2,0.32711225924130694,0
2050,53,4,0.32536016932840983,0
2050,53,5,0.09139931305021672,0
2050,53,6,0.021172236785042146,0
2050,53,8,0.12870440545563794,0
2050,53,10,0.0926908230878966,0
2050,54,2,0.4536200389161429,0
2050,54,3,0.03876435471688094,0
2050,54,4,0.14751310995928882,0
2050,54,6,0.2279540279560396,0
2050,54,7,0.05364172205578054,0
2050,54,9,0.06369254944782754,0
2050,55,2,0.4151946879784947,0
2050,55,3,0.056086799211128004,0
2050,55,4,0.04583190340648534,0
2050,55,6,0.03886244753602404,0
2050,55,7,0.13786431121914994,0
2050,55,14,0.09132038087842288,0
2050,55,19,0.17894431034578528,0
2050,56,2,0.3387225210289528,0
2050,56,3,0.028029207477098438,0
2050,56,4,0.2894422862081107,0
2050,56,7,0.03750748009899814,0
2050,56,14,0.0,0
2050,56,15,0.01506171269583597,0
2050,56,18,0.14821481384300475,0
2050,57,2,0.15593374051320935,0
2050,57,3,0.07444586745701912,0
2050,57,4,0.2833133327512638,0
2050,57,7,0.07341489503074121,0
2050,57,14,0.04529909606315441,0
2050,57,19,0.27769651146824736,0
2050,57,20,0.08989655671636486,0
2050,58,2,0.24244698354088645,0
2050,58,4,0.0857795179613579,0
2050,58,12,0.12376124594625941,0
2050,58,14,0.07536473400239944,0
2050,58,16,0.13333269364148795,0
2050,58,19,0.19568688950816823,0
2050,58,20,0.13554795747790177,0
2050,59,2,0.1136655751620967,0
2050,59,3,0.054475980635572435,0
2050,59,4,0.18502756575928767,0
2050,59,6,0.10513357084184746,0
2050,59,7,0.016938035344419997,0
2050,59,14,0.07513456944242528,0
2050,59,19,0.3554776244160013,0
2050,59,20,0.09414707839834911,0
2050,60,2,0.4923336951625633,0
2050,60,6,0.24127220389817633,0
2050,60,7,0.03973141766950436,0
2050,60,9,0.12485636568756507,0
2050,60,19,0.09063931253738888,0
2050,61,2,0.40556195843603454,0
2050,61,4,0.05313321846682187,0
2050,61,7,0.3078650436014057,0
2050,61,8,0.14113165916253512,0
2050,61,19,0.0887720365238498,0
2050,62,2,0.12692785407497761,0
2050,62,6,0.0683155961822154,0
2050,62,7,0.394551547210248,0
2050,62,8,0.27606350503864824,0
2050,62,9,0.07082910762253114,0
2050,62,10,0.04621197119721859,0
2050,63,2,0.062425780820627545,0
2050,63,7,0.41518549057575244,0
2050,63,8,0.07005087797340986,0
2050,63,14,0.26962626394722744,0
2050,63,15,0.024284573762583406,0
2050,63,19,0.13416644205101694,0
2050,64,3,0.026406983454939786,0
2050,64,4,0.5079794092947162,0
2050,64,7,0.27581820183605027,0
2050,64,14,0.09767637844624154,0
2050,64,20,0.09177851263975777,0
2050,65,2,0.09289949185242663,0
2050,65,3,0.028697952981010175,0
2050,65,4,0.3092544073086724,0
2050,65,5,0.12568904953606638,0
2050,65,6,0.037012085848001974,0
2050,65,7,0.13850384109411853,0
2050,65,8,0.2679431713797039,0
2050,66,2,0.12157389271500328,0
2050,66,3,0.09486624403884787,0
2050,66,4,0.15991782944812072,0
2050,66,5,0.1077387722994476,0
2050,66,6,0.2609944067252877,0
2050,66,7,0.07322002124294828,0
2050,66,8,0.1816888335303446,0
2050,67,2,0.21237758127033415,0
2050,67,3,0.015605042394128195,0
2050,67,5,0.28566202802014107,0
2050,67,6,0.2333907365267284,0
2050,67,7,0.07073320026843324,0
2050,67,8,0.18223141152023492,0
2050,68,3,0.014150391478803091,0
2050,68,4,0.13596832128737066,0
2050,68,5,0.22937615668488037,0
2050,68,6,0.10655282436179078,0
2050,68,7,0.03660406141374072,0
2050,68,8,0.15838512207652114,0
2050,68,14,0.02738524280300315,0
2050,68,17,0.07261958176063862,0
2050,68,19,0.026397136092595717,0
2050,68,20,0.1842222944829389,0
2050,69,2,0.10943049742488936,0
2050,69,5,0.22929679640315948,0
2050,69,6,0.2835925390522573,0
2050,69,10,0.10512607404343552,0
2050,69,20,0.1655331504110971,0
2050,70,2,0.1880351691361857,0
2050,70,3,0.010829482832426181,0
2050,70,5,0.1851781596180971,0
2050,70,6,0.02052268450045051,0
2050,70,7,0.10150480044826485,0
2050,70,8,0.07364561107859954,0
2050,70,17,0.06659528783044497,0
2050,70,18,0.16908076355100424,0
2050,70,20,0.07661874228799921,0
2050,71,2,0.1304896267323721,0
2050,71,4,0.12245721064656458,0
2050,71,5,0.1585631976793639,0
2050,71,6,0.016995463441107937,0
2050,71,7,0.1831264459225183,0
2050,71,8,0.16034680850029184,0
2050,71,18,0.1094200670525782,0
2050,71,20,0.11122420778227682,0
2050,72,2,0.23594896716456196,0
2050,72,5,0.1919238471419741,0
2050,72,6,0.13643947828245623,0
2050,72,7,0.07533057009740844,0
2050,72,8,0.051201785776837844,0
2050,72,9,0.018414637486443782,0
2050,72,10,0.05005972789341345,0
2050,72,18,0.029518332798608816,0
2050,72,20,0.2111626533582954,0
2050,73,2,0.12956442232945342,0
2050,73,5,0.13329281980696794,0
2050,73,6,0.20754640535589788,0
2050,73,7,0.12341441694595129,0
2050,73,9,0.0661075674273693,0
2050,73,10,0.046281221682985416,0
2050,73,16,0.0723428143391644,0
2050,73,20,0.22145033211221024,0
2050,74,2,0.02262889374861018,0
2050,74,4,0.0602919309170261,0
2050,74,5,0.1554819591439191,0
2050,74,6,0.13209741299512792,0
2050,74,7,0.33013684617128786,0
2050,74,8,0.13044488026512469,0
2050,74,9,0.04178205614098293,0
2050,74,17,0.01876472878941055,0
2050,74,20,0.10837129182851053,0
2050,75,4,0.04112172754430281,0
2050,75,5,0.37593811770549684,0
2050,75,6,0.0529025195725414,0
2050,75,7,0.21861110633674594,0
2050,75,8,0.308039590695484,0
2050,76,5,0.4168456634919931,0
2050,76,7,0.21374324278988524,0
2050,76,8,0.18422501110665668,0
2050,76,10,0.023794633212528456,0
2050,76,16,0.0788799828248261,0
2050,76,18,0.05797104949957298,0
2050,76,20,0.017272351713220824,0
2050,77,5,0.096142375161068,0
2050,77,7,0.19711589248232467,0
2050,77,10,0.015490204186539118,0
2050,77,14,0.019187038689160038,0
2050,77,16,0.054159510850891365,0
2050,77,18,0.15616024312366,0
2050,77,20,0.3993582133459089,0
2050,78,20,1.0,0
2050,79,4,0.14187672053653072,0
2050,79,5,0.20001570156246185,0
2050,79,7,0.044649821900414804,0
2050,79,12,0.02085406198929054,0
2050,79,14,0.01831189030105549,0
2050,79,16,0.31320968277792594,0
2050,79,20,0.25834624815399887,0
2050,80,2,0.09776907146925164,0
2050,80,4,0.021409217293808402,0
2050,80,5,0.13597541558526255,0
2050,80,6,0.11294841372478921,0
2050,80,7,0.08152900651611929,0
2050,80,8,0.09153952797623847,0
2050,80,9,0.05883814616766214,0
2050,80,19,0.04559884480197324,0
2050,80,20,0.3543923564648953,0
2050,81,2,0.2224798362564222,0
2050,81,4,0.13725135491855417,0
2050,81,5,0.08226951395749345,0
2050,81,7,0.021371451411451182,0
2050,81,8,0.023791790087453458,0
2050,81,14,0.018802152780568255,0
2050,81,18,0.16053074412801066,0
2050,81,20,0.33350315646004663,0
2050,82,2,0.15230987505071195,0
2050,82,5,0.3409519457386645,0
2050,82,6,0.1837080330663834,0
2050,82,8,0.08498116259084335,0
2050,82,16,0.11179617395732597,0
2050,82,20,0.12625280959607083,0
2050,83,2,0.14983211095484042,0
2050,83,5,0.17594513731825737,0
2050,83,7,0.028821469792227064,0
2050,83,8,0.029936326459943097,0
2050,83,15,0.07196381011238563,0
2050,83,16,0.17336970126519904,0
2050,83,18,0.22438428578670772,0
2050,83,20,0.1457471583104395,0
2050,84,2,0.03125581118361391,0
2050,84,4,0.22597006618917612,0
2050,84,5,0.11118655885716656,0
2050,84,7,0.21039396199354485,0
2050,84,13,0.07383387287041372,0
2050,84,15,0.08084180854055603,0
2050,84,16,0.06358197506264174,0
2050,84,20,0.1983543329690943,0
2050,85,2,0.24153416437779668,0
2050,85,4,0.0330069677956857,0
2050,85,5,0.08129934167655353,0
2050,85,6,0.1437479074277026,0
2050,85,7,0.03773497004890792,0
2050,85,8,0.22914657008755385,0
2050,85,20,0.2335300785857996,0
2050,86,2,0.14472417596512682,0
2050,86,4,0.01781055215010914,0
2050,86,5,0.11373756490677184,0
2050,86,7,0.12883734109110415,0
2050,86,8,0.17950395472465897,0
2050,86,14,0.052123471806219436,0
2050,86,15,0.10721687872484398,0
2050,86,18,0.028082448308728268,0
2050,86,20,0.22796361232243742,0
2050,87,2,0.06316947532581316,0
2050,87,4,0.28740324877360357,0
2050,87,7,0.3863013351851504,0
2050,87,19,0.1404515362343655,0
2050,87,20,0.12267440448106734,0
2050,88,2,0.3713137369750757,0
2050,88,6,0.1914982350232428,0
2050,88,7,0.235397463913987,0
2050,88,9,0.09637836309978755,0
2050,88,20,0.10541220098790714,0
2050,89,2,0.3007647309912992,0
2050,89,5,0.03075911700489476,0
2050,89,6,0.049434671771791346,0
2050,89,7,0.5342570607408574,0
2050,89,8,0.07760335994495818,0
2050,90,2,0.20579700100030662,0
2050,90,5,0.02496450642217664,0
2050,90,7,0.7069978345462952,0
2050,90,8,0.02145751612250464,0
2050,90,13,0.018052968710804886,0
2050,90,19,0.02216556159140671,0
2050,91,7,1.0,0
2050,92,2,0.05108816360157152,0
2050,92,5,0.10995784644524113,0
2050,92,7,0.525434466350332,0
2050,92,8,0.10358289189464204,0
2050,92,9,0.1172324092885282,0
2050,92,14,0.06863317103115069,0
2050,93,4,0.1335754223646797,0
2050,93,5,0.09919421570738148,0
2050,93,7,0.20302107595117086,0
2050,93,8,0.18938164229629195,0
2050,93,16,0.1259735088274614,0
2050,93,17,0.06263855760468497,0
2050,93,18,0.16814739393966704,0
2050,93,20,0.01128797768485243,0
2050,94,2,0.04212323020766851,0
2050,94,5,0.26118259163758345,0
2050,94,7,0.048214686834617576,0
2050,94,8,0.0807903931119964,0
2050,94,9,0.03499524967800631,0
2050,94,11,0.13188167395830078,0
2050,94,16,0.1052761271841222,0
2050,94,19,0.08164075489117882,0
2050,94,20,0.19630683292206147,0
2050,95,4,0.17581127426242527,0
2050,95,5,0.29987548469995234,0
2050,95,7,0.15598307729982003,0
2050,95,13,0.20019249650490728,0
2050,95,18,0.14786182933253533,0
2050,95,20,0.020275837900359514,0
2050,96,4,0.25275060928228194,0
2050,96,5,0.20658894347822693,0
2050,96,7,0.1005876500012737,0
2050,96,8,0.05359383720593857,0
2050,96,18,0.20231941239751464,0
2050,96,20,0.18415954763476416,0
2050,97,4,0.11886449460161819,0
2050,97,5,0.49805562388885827,0
2050,97,7,0.26255076732411436,0
2050,97,8,0.10280553027223524,0
2050,97,18,0.017723583913173975,0
2050,98,2,0.08464266197774642,0
2050,98,5,0.3445245973484691,0
2050,98,7,0.09176546108667366,0
2050,98,8,0.18296461921130858,0
2050,98,10,0.03795962084730104,0
2050,98,18,0.05011441181330604,0
2050,98,20,0.14393769867658832,0
2050,99,5,0.5198547735313602,0
2050,99,8,0.24595970137071152,0
2050,99,10,0.0191190594060928,0
2050,99,16,0.0786475885041772,0
2050,99,20,0.13641887718765816,0
2050,100,5,0.37049481948703866,0
2050,100,8,0.14498709334136978,0
2050,100,10,0.06877094836118744,0
2050,100,16,0.060412115783644624,0
2050,100,17,0.030995685064894998,0
2050,100,20,0.3243393379618644,0
2050,101,3,0.14201250299870688,0
2050,101,5,0.08238002833635347,0
2050,101,6,0.09076475314497906,0
2050,101,7,0.21003428952766223,0
2050,101,9,0.06048497703192995,0
2050,101,14,0.04258957063872585,0
2050,101,19,0.096085670989035,0
2050,101,20,0.2724467200831006,0
2050,102,2,0.1867254126012206,0
2050,102,3,0.030929664147527666,0
2050,102,5,0.3796532488297392,0
2050,102,6,0.22416786022769267,0
2050,102,7,0.07048632710781862,0
2050,102,10,0.0570502748563196,0
2050,102,20,0.042640536654899565,0
2050,103,2,0.11886316008649114,0
2050,103,5,0.46382823121560635,0
2050,103,6,0.16379109345328463,0
2050,103,7,0.1432878553869586,0
2050,103,8,0.03265850785260298,0
2050,103,10,0.026868223079402113,0
2050,103,12,0.011224730911148343,0
2050,103,16,0.01595846494578038,0
2050,103,18,0.02351973306872528,0
2050,104,2,0.09825388101471524,0
2050,104,3,0.062087271343942665,0
2050,104,5,0.32620571412261073,0
2050,104,6,0.16752833813639204,0
2050,104,7,0.2652477996642617,0
2050,104,10,0.038375699364972524,0
2050,105,5,0.426189306987675,0
2050,105,6,0.0930240541898071,0
2050,105,7,0.31696133057045295,0
2050,105,8,0.012512946343260061,0
2050,105,9,0.013601057905314093,0
2050,105,10,0.055059435539152726,0
2050,106,2,0.05618063275573433,0
2050,106,5,0.6525647249566309,0
2050,106,6,0.01585518148437707,0
2050,106,7,0.13113214249659144,0
2050,106,8,0.05087870532014125,0
2050,106,9,0.03642456615634092,0
2050,106,12,0.02011634021180657,0
2050,106,20,0.03684770661837756,0
2050,107,2,0.0667520337006936,0
2050,107,4,0.144770797812549,0
2050,107,5,0.40464170355786666,0
2050,107,7,0.08836430616266772,0
2050,107,8,0.08049936577313485,0
2050,107,9,0.10220909476288151,0
2050,107,20,0.11094796359836138,0
2050,108,2,0.061194838358210595,0
2050,108,4,0.11606903459860284,0
2050,108,5,0.2849149738492546,0
2050,108,7,0.2987528472722299,0
2050,108,8,0.01957605756535434,0
2050,108,13,0.021782757849187845,0
2050,108,18,0.09732483020809383,0
2050,108,20,0.09964347713590495,0
2050,109,2,0.07778456229405577,0
2050,109,3,0.012943107208413435,0
2050,109,5,0.48842658731917216,0
2050,109,6,0.051852056073537635,0
2050,109,8,0.02323510906844793,0
2050,109,9,0.044180008529239534,0
2050,109,16,0.011214180951375316,0
2050,109,20,0.25020966958173013,0
2050,110,5,0.5197482037520128,0
2050,110,7,0.17004778481244687,0
2050,110,8,0.1615158121790099,0
2050,110,9,0.040086070414648144,0
2050,110,18,0.07885341789707791,0
2050,110,20,0.02974871094480414,0
2050,111,5,0.42329644186777904,0
2050,111,7,0.3288145812033371,0
2050,111,8,0.0330479346487186,0
2050,111,9,0.03708884259947692,0
2050,111,18,0.08431958819865336,0
2050,111,20,0.05314894509176287,0
2050,112,3,0.08676319462567772,0
2050,112,5,0.4013930683749604,0
2050,112,6,0.020429744766991505,0
2050,112,7,0.13728843837142748,0
2050,112,20,0.27590419121684134,0
2050,113,5,1.0,0
2050,114,3,0.018433786135346592,0
2050,114,4,0.01920920984941441,0
2050,114,5,0.5830027559411453,0
2050,114,8,0.03308229121554729,0
2050,114,9,0.04081334120283151,0
2050,114,11,0.06572869806059234,0
2050,114,16,0.016739343838789694,0
2050,114,19,0.2203297053980978,0
2050,115,3,0.13285842425888145,0
2050,115,4,0.07131008084528646,0
2050,115,5,0.12654455576502344,0
2050,115,7,0.10331057116897359,0
2050,115,9,0.15890896561758805,0
2050,115,12,0.02567227348961606,0
2050,115,19,0.11913310789811618,0
2050,115,20,0.2622620209565147,0
2050,116,3,0.05025659137074275,0
2050,116,5,0.35031099979263913,0
2050,116,11,0.022762499910124374,0
2050,116,12,0.09221957532272501,0
2050,116,14,0.012026799501829676,0
2050,116,15,0.21269545489584074,0
2050,116,18,0.07831538025398296,0
2050,116,19,0.021699000961290845,0
2050,116,20,0.13059859706963253,0
2050,117,3,0.07772633055560323,0
2050,117,4,0.14415528765686092,0
2050,117,5,0.15684287575109257,0
2050,117,7,0.16940833338754605,0
2050,117,9,0.06932719092659591,0
2050,117,13,0.18876058768755286,0
2050,117,15,0.06384495528496881,0
2050,117,17,0.014149403536637075,0
2050,117,18,0.0694421858998096,0
2050,117,20,0.026163973421377915,0
2050,118,3,0.13046101345443523,0
2050,118,4,0.16976765669097318,0
2050,118,5,0.12850524768928084,0
2050,118,7,0.2993903172178282,0
2050,118,9,0.03813507804445797,0
2050,118,17,0.0829589379241885,0
2050,118,18,0.04207495134761908,0
2050,119,2,0.03786154415150269,0
2050,119,3,0.16545792002968457,0
2050,119,5,0.2072900534250034,0
2050,119,6,0.03743224089910905,0
2050,119,7,0.2427021601122777,0
2050,119,8,0.06984010406291467,0
2050,119,9,0.10052471830474027,0
2050,119,10,0.03885287274588314,0
2050,119,20,0.01209462243255116,0
2050,120,3,0.27244748780828626,0
2050,120,5,0.024817158383228174,0
2050,120,9,0.23346724030431734,0
2050,120,10,0.25555629838216426,0
2050,120,11,0.11804859857769766,0
2050,120,17,0.018701344785358762,0
2050,120,19,0.019563587297776366,0
2050,120,20,0.047816543773423065,0
2050,121,2,0.013834086937224441,0
2050,121,3,0.09425094188240829,0
2050,121,4,0.09979208998519087,0
2050,121,5,0.09146392012416972,0
2050,121,10,0.4081414648950607,0
2050,121,13,0.29251749617594597,0
2050,122,3,0.18035507391445604,0
2050,122,4,0.15618374762053233,0
2050,122,5,0.05564425627830659,0
2050,122,10,0.33123264285417187,0
2050,122,13,0.0844968004432625,0
2050,122,17,0.18958055797778517,0
2050,123,3,0.4817133927644477,0
2050,123,4,0.03676435416585666,0
2050,123,7,0.04459289580050334,0
2050,123,9,0.08218753651039337,0
2050,123,10,0.021231700181717456,0
2050,123,13,0.06255570465403379,0
2050,123,14,0.1027532423830363,0
2050,123,19,0.16659360253587743,0
2050,124,2,0.16024685458589372,0
2050,124,3,0.2937032981907748,0
2050,124,9,0.10061952091842208,0
2050,124,10,0.24612455716231812,0
2050,124,12,0.19231010330619822,0
2050,125,2,0.030023159735773755,0
2050,125,3,0.42311612649245667,0
2050,125,7,0.16106861593105468,0
2050,125,9,0.2417837935969671,0
2050,125,10,0.1386370980578292,0
2050,126,2,0.12285498183869334,0
2050,126,3,0.32983014417447465,0
2050,126,7,0.18593129617344667,0
2050,126,10,0.325614261188017,0
2050,126,19,0.035769316625368267,0
2050,127,3,0.4490466243074703,0
2050,127,9,0.1005002186895842,0
2050,127,10,0.36122867268947645,0
2050,127,12,0.08922448431346909,0
2050,128,3,0.28094039583508246,0
2050,128,10,0.4493471550818796,0
2050,128,11,0.25463566557514644,0
2050,128,16,0.012329198564362404,0
2050,129,3,0.5210147550687864,0
2050,129,9,0.14544717222491318,0
2050,129,10,0.23482656010870429,0
2050,129,14,0.06225078075663094,0
2050,129,19,0.03646073184096518,0
2050,130,3,0.5612755216556459,0
2050,130,4,0.07503044148180285,0
2050,130,8,0.02815496213755434,0
2050,130,10,0.28035854044503455,0
2050,130,18,0.04635824610447905,0
2050,131,3,1.0,0
2050,132,3,0.3728974597493522,0
2050,132,6,0.010511853198578475,0
2050,132,7,0.0715709706974266,0
2050,132,9,0.03269923922563727,0
2050,132,10,0.5072456892617556,0
2050,133,10,1.0,0
2050,134,3,0.2268700775738479,0
2050,134,4,0.12050177452208526,0
2050,134,5,0.10489901799499445,0
2050,134,10,0.16254705783111795,0
2050,134,12,0.14517153494531176,0
2050,134,16,0.0322554320354356,0
2050,134,17,0.0662478178378995,0
2050,134,18,0.13298040085500235,0
2050,135,3,0.2697630575101825,0
2050,135,4,0.09442430666304659,0
2050,135,5,0.024956839280859563,0
2050,135,9,0.07742830445311558,0
2050,135,10,0.13911964176836047,0
2050,135,13,0.19447990522673925,0
2050,135,15,0.1998279450976961,0
2050,135,17,0.0,0
2050,136,3,0.3856362731766898,0
2050,136,4,0.0880836043899286,0
2050,136,5,0.021057756567259858,0
2050,136,7,0.05481208596946985,0
2050,136,9,0.15104968579684616,0
2050,136,10,0.061316861319430344,0
2050,136,12,0.17250696256851308,0
2050,136,19,0.06297203705056031,0
2050,137,2,0.01792385974764195,0
2050,137,3,0.21525472080451474,0
2050,137,5,0.03447252806401589,0
2050,137,6,0.06105829634836874,0
2050,137,7,0.06320770378787949,0
2050,137,8,0.025153315619044846,0
2050,137,9,0.20106252281253062,0
2050,137,10,0.259992585541093,0
2050,137,11,0.07916256431020052,0
2050,137,17,0.042711902964710065,0
2050,138,3,0.13930190311600524,0
2050,138,4,0.04647759117608365,0
2050,138,7,0.04893309388786655,0
2050,138,9,0.21667006537214403,0
2050,138,10,0.28573637420497483,0
2050,138,13,0.011919184043168447,0
2050,138,19,0.25096178819975706,0
2050,139,2,0.01645557852215141,0
2050,139,3,0.2806820761348609,0
2050,139,7,0.15694147094545252,0
2050,139,9,0.2743896474853777,0
2050,139,10,0.13056620454776718,0
2050,139,12,0.01938980861785846,0
2050,139,19,0.12157521374653193,0
2050,140,3,0.2977714360695603,0
2050,140,4,0.059657128348578364,0
2050,140,7,0.08826849656856775,0
2050,140,9,0.07159013113442315,0
2050,140,10,0.10291543906226523,0
2050,140,13,0.20928042773561148,0
2050,140,15,0.012340757839424668,0
2050,140,16,0.049497245475356624,0
2050,140,18,0.02153942873850866,0
2050,141,3,0.19330766056688248,0
2050,141,4,0.1430603524682847,0
2050,141,5,0.04652782792022758,0
2050,141,7,0.09300694778868314,0
2050,141,9,0.07362993247127707,0
2050,141,10,0.07740639377734385,0
2050,141,13,0.3067184969780153,0
2050,141,18,0.06527065188674284,0
2050,142,3,0.23935669533987708,0
2050,142,4,0.21701108393565846,0
2050,142,5,0.16651182492906208,0
2050,142,7,0.027200919591068462,0
2050,142,9,0.1722690201497524,0
2050,142,10,0.04269687930354893,0
2050,142,13,0.10090661515178598,0
2050,142,18,0.03404696159924657,0
2050,143,2,0.08015655361159245,0
2050,143,3,0.0672891175211804,0
2050,143,5,0.1285294149380693,0
2050,143,7,0.04564723290204255,0
2050,143,9,0.062383853815765916,0
2050,143,10,0.23229063668192784,0
2050,143,12,0.10807194593518198,0
2050,143,13,0.04698002748587425,0
2050,143,15,0.06586193948422613,0
2050,143,16,0.044569173587290276,0
2050,143,17,0.0,0
2050,143,18,0.11822010403684895,0
2050,144,3,0.27400481581743563,0
2050,144,5,0.12160187575477632,0
2050,144,9,0.13872052369677276,0
2050,144,11,0.039522810474637605,0
2050,144,12,0.03942199622219423,0
2050,144,13,0.06399480420552345,0
2050,144,16,0.09089871678289335,0
2050,144,17,0.12275195155736529,0
2050,144,18,0.10120339487008814,0
2050,145,3,0.20668582110803282,0
2050,145,5,0.060562157875259336,0
2050,145,9,0.09625815818581257,0
2050,145,10,0.03938263906984861,0
2050,145,11,0.07554225817587623,0
2050,145,13,0.10709216081542285,0
2050,145,15,0.03285264220332933,0
2050,145,17,0.18881146336151367,0
2050,145,18,0.15418001612776025,0
2050,145,19,0.03863268307714436,0
2050,146,3,0.18185530780024628,0
2050,146,4,0.013126645124326056,0
2050,146,5,0.04675113589859935,0
2050,146,7,0.09309834662630266,0
2050,146,9,0.22813945164436283,0
2050,146,10,0.09120619316983827,0
2050,146,13,0.1090512647785546,0
2050,146,17,0.06796650801391853,0
2050,146,18,0.09983685590226446,0
2050,147,3,0.19654360409778096,0
2050,147,4,0.03162172231247363,0
2050,147,5,0.10218494877733376,0
2050,147,7,0.23400231662500987,0
2050,147,10,0.13895513971164153,0
2050,147,13,0.09742741325038054,0
2050,147,17,0.0,0
2050,147,18,0.15358086324269168,0
2050,148,3,0.5135374864619396,0
2050,148,5,0.034214373759852805,0
2050,148,6,0.015299498355239019,0
2050,148,7,0.08592503362207657,0
2050,148,9,0.15644934339930527,0
2050,148,12,0.1126050405212055,0
2050,148,16,0.04572543573606814,0
2050,148,19,0.03624378814431298,0
2050,149,3,0.3019025907126706,0
2050,149,5,0.04619358853857925,0
2050,149,9,0.15024718760137937,0
2050,149,10,0.1399365623777801,0
2050,149,16,0.0428958997573061,0
2050,149,19,0.31322913026493804,0
2050,150,3,0.1563031328478282,0
2050,150,5,0.07197623711397398,0
2050,150,6,0.11022577638710472,0
2050,150,9,0.3463906280429697,0
2050,150,10,0.3059895556255279,0
2050,151,2,0.0487983448442572,0
2050,151,3,0.2753772492256574,0
2050,151,6,0.16220073771506222,0
2050,151,9,0.2155432999166531,0
2050,151,10,0.22183978389911757,0
2050,151,19,0.0762405843992527,0
2050,152,3,0.22507951790049321,0
2050,152,5,0.10680078691229954,0
2050,152,6,0.21511119178168153,0
2050,152,10,0.3232350522788769,0
2050,152,19,0.12453921862387814,0
2050,153,3,0.44686217046157867,0
2050,153,6,0.1669078040244825,0
2050,153,9,0.30022640256060174,0
2050,153,10,0.037220203885194036,0
2050,153,19,0.04274203522178309,0
2050,154,5,0.11579932541812808,0
2050,154,6,0.16327637213040588,0
2050,154,9,0.1824692803321197,0
2050,154,10,0.5292982200803369,0
2050,155,3,0.08673075055279177,0
2050,155,5,0.29005920276934066,0
2050,155,8,0.010230351546416638,0
2050,155,9,0.05158494410066423,0
2050,155,10,0.37937311778171673,0
2050,155,16,0.017972033636923766,0
2050,155,18,0.16404959961214624,0
2050,156,3,0.417466347345961,0
2050,156,4,0.08555321584621663,0
2050,156,5,0.06035778321975409,0
2050,156,7,0.022618208699913035,0
2050,156,10,0.11834643707888513,0
2050,156,16,0.11799591116181259,0
2050,156,17,0.010574592073004891,0
2050,156,18,0.07616144843668873,0
2050,156,19,0.07389364663223875,0
2050,157,3,0.36064249866379927,0
2050,157,5,0.09229726006071037,0
2050,157,6,0.22640620863915317,0
2050,157,9,0.13228842473145347,0
2050,157,10,0.17918193266397836,0
2050,158,3,0.09600127699856062,0
2050,158,5,0.23605626008477093,0
2050,158,6,0.06813976357406945,0
2050,158,9,0.10310222278936576,0
2050,158,10,0.411849185237194,0
2050,158,12,0.05647977618788134,0
2050,158,16,0.02837151512815784,0
2050,159,3,0.12306325318069503,0
2050,159,5,0.09551912542657419,0
2050,159,9,0.23076274773160657,0
2050,159,10,0.2849731440807666,0
2050,159,18,0.07779585610691386,0
2050,159,19,0.18788587347344357,0
2050,160,3,0.2010894717221028,0
2050,160,9,0.25163694404051096,0
2050,160,10,0.1545466064917376,0
2050,160,13,0.014316500589119926,0
2050,160,18,0.16172628483551157,0
2050,160,19,0.16210240381685012,0
2050,161,3,0.26009634645279767,0
2050,161,5,0.046885507802885557,0
2050,161,9,0.2327048327211465,0
2050,161,10,0.21440904142358266,0
2050,161,18,0.02233124999300636,0
2050,161,19,0.0646272457849282,0
2050,161,20,0.07747162278079071,0
2050,162,3,0.13220443279578842,0
2050,162,5,0.19252080271181787,0
2050,162,9,0.11221569029171534,0
2050,162,10,0.10358716177337511,0
2050,162,12,0.032540744137139324,0
2050,162,18,0.1226179212991708,0
2050,162,19,0.27822198836605216,0
2050,162,20,0.02609125862494072,0
2050,163,3,0.1278506535591823,0
2050,163,5,0.06830852025360389,0
2050,163,9,0.08621816146363634,0
2050,163,10,0.09793345826586597,0
2050,163,13,0.011402611126251107,0
2050,163,18,0.43394287519671565,0
2050,163,19,0.10669761320177466,0
2050,163,20,0.06764610693296991,0
2050,164,3,0.2093794291680541,0
2050,164,5,0.04675551785651837,0
2050,164,9,0.18476269073741994,0
2050,164,13,0.0636905562738553,0
2050,164,18,0.3275732741854979,0
2050,164,19,0.14276080117780013,0
2050,164,20,0.024611356090448594,0
2050,165,3,0.07218044378773752,0
2050,165,5,0.3196728787953969,0
2050,165,9,0.1564252798149537,0
2050,165,10,0.1442645785092568,0
2050,165,11,0.282554910579118,0
2050,166,5,0.18705009526845798,0
2050,166,6,0.028204765858772407,0
2050,166,9,0.167571481811515,0
2050,166,10,0.22196251722221957,0
2050,166,12,0.04680935602051402,0
2050,166,13,0.03799274121631757,0
2050,166,14,0.018320474688791007,0
2050,166,18,0.24835305151035492,0
2050,166,19,0.03392890224384713,0
2050,167,3,0.12594629248805142,0
2050,167,5,0.05182618520902828,0
2050,167,7,0.09922370960664238,0
2050,167,9,0.05072466445554218,0
2050,167,10,0.11941283733533666,0
2050,167,16,0.04849553273050321,0
2050,167,17,0.2440387586664944,0
2050,167,18,0.18600638117447474,0
2050,168,3,0.33143166180846606,0
2050,168,4,0.1318936117421509,0
2050,168,5,0.02951711775824196,0
2050,168,7,0.16344203026514123,0
2050,168,9,0.17186325238703162,0
2050,168,19,0.040085033297496894,0
2050,169,3,0.19165986945795105,0
2050,169,4,0.0347115643623788,0
2050,169,5,0.08879796823801071,0
2050,169,7,0.0771830774997402,0
2050,169,8,0.1312510976304585,0
2050,169,9,0.2610768613240271,0
2050,169,10,0.11008827364095021,0
2050,169,12,0.0690210197009644,0
2050,170,3,0.09446957678873548,0
2050,170,4,0.019951205257604087,0
2050,170,7,0.03345973596551758,0
2050,170,9,0.2461389109890272,0
2050,170,10,0.14144049012443258,0
2050,170,12,0.1261643686556456,0
2050,170,17,0.11392946470276012,0
2050,170,18,0.1338415971571058,0
2050,170,19,0.07856831066604437,0
2050,171,3,0.20474527124544908,0
2050,171,9,0.10056841162687868,0
2050,171,11,0.13581696420137837,0
2050,171,13,0.14554431700544618,0
2050,171,17,0.21931826938477264,0
2050,171,18,0.17036739110579194,0
2050,172,3,0.2419836529095215,0
2050,172,9,0.09502285299759312,0
2050,172,13,0.10883067626771334,0
2050,172,17,0.21412683725530446,0
2050,172,18,0.10323899811122769,0
2050,172,19,0.1962610551843881,0
2050,173,3,0.16750255167574613,0
2050,173,9,0.22675803202517336,0
2050,173,13,0.22035566901122972,0
2050,173,17,0.09108742997050129,0
2050,173,18,0.21690076755242554,0
2050,173,19,0.0601235531717568,0
2050,174,3,0.1576315765749748,0
2050,174,4,0.048330558029573735,0
2050,174,5,0.03790052143860564,0
2050,174,7,0.06332386753385222,0
2050,174,9,0.2528942010558345,0
2050,174,10,0.09833584803966573,0
2050,174,13,0.025551444255697206,0
2050,174,18,0.2160567345348801,0
2050,175,3,0.04964166703268619,0
2050,175,5,0.2103431334566062,0
2050,175,6,0.02148372306448322,0
2050,175,8,0.0711297945263114,0
2050,175,9,0.2068220805057407,0
2050,175,10,0.28834552109550754,0
2050,176,3,0.13494760843705203,0
2050,176,5,0.24606407210532805,0
2050,176,8,0.10476096622133287,0
2050,176,10,0.14040382733368717,0
2050,176,16,0.12828316480196025,0
2050,176,17,0.10714711451820427,0
2050,176,18,0.09559933509563276,0
2050,177,3,0.239827205013412,0
2050,177,5,0.054004708027777036,0
2050,177,8,0.11616357887681383,0
2050,177,11,0.031304156491705294,0
2050,177,13,0.09558874018165614,0
2050,177,16,0.03212794363727125,0
2050,177,17,0.19519187995387013,0
2050,177,18,0.14510913573638914,0
2050,177,19,0.06660928111750336,0
2050,178,3,0.22502441561910222,0
2050,178,4,0.0419560198259019,0
2050,178,9,0.14342175418997002,0
2050,178,13,0.11276335555575215,0
2050,178,16,0.11516018731510629,0
2050,178,17,0.11499168953152546,0
2050,178,18,0.10558423695483742,0
2050,178,19,0.11576317115689665,0
2050,179,3,0.2634208537083247,0
2050,179,4,0.11434435397824982,0
2050,179,9,0.10377099622699049,0
2050,179,17,0.07601124450290517,0
2050,179,18,0.23153267778038739,0
2050,179,19,0.18521681919522623,0
2050,180,3,0.25840983600986484,0
2050,180,5,0.07451670687372042,0
2050,180,9,0.05027673528256515,0
2050,180,11,0.10855056278434336,0
2050,180,16,0.09810990914490628,0
2050,180,17,0.15274306174927138,0
2050,180,18,0.19778765189784284,0
2050,180,19,0.031117796524922473,0
2050,181,3,0.2521018961628249,0
2050,181,5,0.07301945277529612,0
2050,181,9,0.03176561341616211,0
2050,181,11,0.023882513037154177,0
2050,181,17,0.21033931796226896,0
2050,181,18,0.11578325550547014,0
2050,181,19,0.17035650238366487,0
2050,182,3,0.180225331836726,0
2050,182,9,0.20020027776893473,0
2050,182,10,0.0924853423313121,0
2050,182,18,0.11971001846927737,0
2050,182,19,0.2300016272714907,0
2050,182,20,0.04255088228328977,0
2050,183,3,0.21941044581665176,0
2050,183,5,0.054972807882180896,0
2050,183,9,0.1893197640726315,0
2050,183,10,0.0621875610450666,0
2050,183,12,0.029937727165033127,0
2050,183,14,0.04619489309851585,0
2050,183,17,0.0422003692335109,0
2050,183,18,0.20382390967734748,0
2050,183,19,0.11232845320687615,0
2050,184,3,0.2400539025071786,0
2050,184,5,0.0864854902163794,0
2050,184,8,0.032395229946413064,0
2050,184,9,0.03804370238634526,0
2050,184,10,0.03417036184234919,0
2050,184,17,0.1645297666399746,0
2050,184,18,0.14935610921776332,0
2050,184,19,0.021331181033904044,0
2050,184,20,0.21118743445400825,0
2050,185,3,0.23721486349998727,0
2050,185,8,0.06634620528367276,0
2050,185,9,0.020077565123808355,0
2050,185,10,0.05091757474082227,0
2050,185,17,0.0373017339024162,0
2050,185,18,0.19996473837282172,0
2050,185,19,0.22912240762114944,0
2050,185,20,0.14146964513883775,0
2050,186,3,0.12842551501500787,0
2050,186,9,0.13062581413798313,0
2050,186,11,0.2058810073401122,0
2050,186,17,0.04194776375316846,0
2050,186,18,0.247591664513195,0
2050,186,19,0.21733087178215768,0
2050,187,3,0.1478045028338716,0
2050,187,5,0.1159019433678726,0
2050,187,6,0.16977893472058506,0
2050,187,9,0.22155490699381397,0
2050,187,10,0.1531416247253176,0
2050,187,11,0.04592345893376204,0
2050,187,12,0.07896015334401336,0
2050,187,18,0.012477802514608767,0
2050,188,2,0.06639653535356933,0
2050,188,5,0.10709922757507852,0
2050,188,6,0.0440247208385582,0
2050,188,8,0.06528178581574923,0
2050,188,9,0.15969768399108636,0
2050,188,10,0.3260600325262773,0
2050,188,19,0.161447991813162,0
2050,189,3,0.10783368752048196,0
2050,189,6,0.01598736030864039,0
2050,189,7,0.2924215967882201,0
2050,189,9,0.46222888817266006,0
2050,189,10,0.0926787019141709,0
2050,190,2,0.03913701125471367,0
2050,190,5,0.20346277211604302,0
2050,190,6,0.02817923068984509,0
2050,190,7,0.04738139188368168,0
2050,190,8,0.09324032373993535,0
2050,190,9,0.3762326704294049,0
2050,190,10,0.1658955423271319,0
2050,190,18,0.04647105755924449,0
2050,191,3,0.09614670514131116,0
2050,191,5,0.2527100085283359,0
2050,191,7,0.014183519128028154,0
2050,191,8,0.19313921028709252,0
2050,191,9,0.26512032953871745,0
2050,191,10,0.037455746664292286,0
2050,191,12,0.04702879804558904,0
2050,191,17,0.07940153594014966,0
2050,192,5,0.04330204561637484,0
2050,192,8,0.0910050128247295,0
2050,192,9,0.2040116136514287,0
2050,192,10,0.14758545472505652,0
2050,192,16,0.054436754116529255,0
2050,192,17,0.13518399131534922,0
2050,192,18,0.05603784114238518,0
2050,192,19,0.13672039479377335,0
2050,192,20,0.10087905737985071,0
2050,193,3,0.07232958710619186,0
2050,193,9,0.26311237575143503,0
2050,193,10,0.010805599464097568,0
2050,193,11,0.03905320804023898,0
2050,193,12,0.011155483967680173,0
2050,193,13,0.010263444862424512,0
2050,193,18,0.20295233221783576,0
2050,193,19,0.3222203069447261,0
2050,193,20,0.038018231057810055,0
2050,194,3,0.033551384048285664,0
2050,194,4,0.03704590240003132,0
2050,194,7,0.018533525421004195,0
2050,194,9,0.2436207858309068,0
2050,194,13,0.1529438644198169,0
2050,194,15,0.011996432469901874,0
2050,194,18,0.21925866219826748,0
2050,194,19,0.23909593139356924,0
2050,195,3,0.05506573733911198,0
2050,195,7,0.018064353805217596,0
2050,195,9,0.3220604375877231,0
2050,195,12,0.07769453038506212,0
2050,195,15,0.05509631029654883,0
2050,195,16,0.029241059089750512,0
2050,195,18,0.2746661630102801,0
2050,195,19,0.014168688391068877,0
2050,196,3,0.08687146545733045,0
2050,196,5,0.12167359764694595,0
2050,196,9,0.27498159642201125,0
2050,196,11,0.10937438625677724,0
2050,196,12,0.10092853174389672,0
2050,196,16,0.03910554740751637,0
2050,196,18,0.0918798687171556,0
2050,197,3,0.12602640292286335,0
2050,197,5,0.1654529443938572,0
2050,197,9,0.16592417310817303,0
2050,197,11,0.17624035871646784,0
2050,197,16,0.06550550659598262,0
2050,197,17,0.14859765000760572,0
2050,197,18,0.013576349348536508,0
2050,197,19,0.10392040087138839,0
2050,198,3,0.23754064562119945,0
2050,198,5,0.049762845023515925,0
2050,198,6,0.01587901859151331,0
2050,198,8,0.06872599450274314,0
2050,198,9,0.2723851531992878,0
2050,198,19,0.32300867439522196,0
2050,198,20,0.01148354975285709,0
2050,199,3,0.2326514969859561,0
2050,199,5,0.18017364385782184,0
2050,199,6,0.12317133833245839,0
2050,199,9,0.24287148366175065,0
2050,199,11,0.03298403544655126,0
2050,199,12,0.10082545612002349,0
2050,199,18,0.027411058130307635,0
2050,200,3,0.04407992593233089,0
2050,200,5,0.11507019312392779,0
2050,200,8,0.043399157027130125,0
2050,200,9,0.2581027778516786,0
2050,200,10,0.06045895431013348,0
2050,200,17,0.05559321223787384,0
2050,200,18,0.29032635820196473,0
2050,200,19,0.12369529667174638,0
2050,201,3,0.10219522604195623,0
2050,201,5,0.052278152553292545,0
2050,201,8,0.11566055379716413,0
2050,201,9,0.30593709784557227,0
2050,201,11,0.013249374163613848,0
2050,201,17,0.24835340792056038,0
2050,201,18,0.025518976080855214,0
2050,201,19,0.0997155374188914,0
2050,202,3,0.26238887127833804,0
2050,202,5,0.06887196604958566,0
2050,202,6,0.0708241443113517,0
2050,202,9,0.32291677385236456,0
2050,202,12,0.01611335335050891,0
2050,202,19,0.1164211804775335,0
2050,203,5,0.14227672724302226,0
2050,203,8,0.03550015791097105,0
2050,203,9,0.2248079743068066,0
2050,203,10,0.2227089134805152,0
2050,203,13,0.011962089140188564,0
2050,203,16,0.06510715498218358,0
2050,203,17,0.04243365224063846,0
2050,203,18,0.07795266896471802,0
2050,203,19,0.03337830797413707,0
2050,204,3,0.044746589450748026,0
2050,204,5,0.2047359072060737,0
2050,204,9,0.3250770488062307,0
2050,204,10,0.02840931510767927,0
2050,204,11,0.20025212682032803,0
2050,204,16,0.040419788892338236,0
2050,204,17,0.02940043623754814,0
2050,204,18,0.0949046698236375,0
2050,205,5,0.15471312227856948,0
2050,205,9,0.18167510118593355,0
2050,205,10,0.06418746419168993,0
2050,205,11,0.11195208446512857,0
2050,205,12,0.012056596049308721,0
2050,205,13,0.06882403383359383,0
2050,205,17,0.06431908277165012,0
2050,205,18,0.2951907892263738,0
2050,205,19,0.045682395535260364,0
2050,206,9,1.0,0
2050,207,2,0.19484916125755233,0
2050,207,5,0.1821410949011688,0
2050,207,6,0.07417676808228856,0
2050,207,8,0.04572638266587249,0
2050,207,9,0.26948828101325245,0
2050,207,10,0.15845407843699041,0
2050,207,17,0.038451332440556374,0
2050,207,19,0.01458757623730211,0
2050,208,2,0.20120913627686898,0
2050,208,3,0.05719848867321398,0
2050,208,7,0.02817016968250638,0
2050,208,9,0.3670027923729878,0
2050,208,17,0.0569291840296504,0
2050,208,18,0.08216258990863377,0
2050,208,19,0.20630919839158007,0
2050,209,3,0.07813288895755033,0
2050,209,7,0.18638214409451484,0
2050,209,9,0.45664869453233536,0
2050,209,14,0.02522176733137587,0
2050,209,17,0.0627462406451772,0
2050,209,19,0.10201468139147539,0
2050,210,2,0.042254011314447774,0
2050,210,3,0.14860376477859277,0
2050,210,5,0.03689568766685136,0
2050,210,6,0.04917754939217712,0
2050,210,7,0.09651066946868818,0
2050,210,9,0.4713954595773845,0
2050,211,4,0.05540236356221133,0
2050,211,5,0.23538739269473727,0
2050,211,6,0.04466753462539733,0
2050,211,9,0.3254468107079697,0
2050,211,10,0.04923263867712591,0
2050,211,12,0.03885585924887402,0
2050,211,13,0.01789123524525852,0
2050,211,14,0.032021278985981914,0
2050,211,17,0.06731894019297498,0
2050,211,18,0.060510475204967815,0
2050,212,4,0.013898320127938077,0
2050,212,5,0.3331448504078716,0
2050,212,7,0.016314361443344947,0
2050,212,8,0.01891664693895729,0
2050,212,9,0.2391233423349597,0
2050,212,12,0.08848133338197438,0
2050,212,17,0.27034109889083796,0
2050,213,3,0.05288401094413269,0
2050,213,4,0.045289537178336996,0
2050,213,5,0.14525446356712599,0
2050,213,8,0.07607542476203978,0
2050,213,9,0.18193390128815062,0
2050,213,12,0.09520737770260403,0
2050,213,16,0.07411205946209574,0
2050,213,17,0.09500856980199061,0
2050,213,18,0.18220552863404663,0
2050,214,3,0.07375462687914063,0
2050,214,5,0.07833770444717819,0
2050,214,8,0.04039849150338978,0
2050,214,9,0.08465548128488547,0
2050,214,16,0.05462606040597232,0
2050,214,17,0.3524241792915916,0
2050,214,18,0.14457997468918976,0
2050,214,19,0.022662726949503643,0
2050,214,20,0.09137274783394975,0
2050,215,3,0.19000812656203056,0
2050,215,4,0.06892032358296178,0
2050,215,5,0.04216390444891848,0
2050,215,8,0.01848747420591706,0
2050,215,9,0.15146652031139693,0
2050,215,12,0.014651355244069868,0
2050,215,14,0.012976361333160507,0
2050,215,17,0.05881544751165414,0
2050,215,18,0.034751064685031745,0
2050,215,19,0.25901511842171737,0
2050,215,20,0.08880332321480065,0
2050,216,3,0.1692254918728894,0
2050,216,4,0.10234164483946345,0
2050,216,5,0.04009708151429011,0
2050,216,6,0.044293917496989944,0
2050,216,7,0.010469523808995322,0
2050,216,9,0.27643919240400827,0
2050,216,16,0.010631254220721396,0
2050,216,17,0.07254281972210075,0
2050,216,19,0.12406526903856924,0
2050,217,3,0.13745511236093613,0
2050,217,5,0.2049839571395726,0
2050,217,8,0.09258537787762207,0
2050,217,9,0.09485884942187413,0
2050,217,12,0.0347135259823707,0
2050,217,17,0.051488022889138896,0
2050,217,18,0.13523945878834795,0
2050,217,19,0.0703146987351181,0
2050,218,1,0.03999441651381287,0
2050,218,3,0.11791232434845783,0
2050,218,5,0.06059492941391,0
2050,218,9,0.13418451744501603,0
2050,218,16,0.1633150379524674,0
2050,218,17,0.012999815446442083,0
2050,218,18,0.23969117630780942,0
2050,218,19,0.13690411316281834,0
2050,219,3,0.019412335064820294,0
2050,219,5,0.05188635872406945,0
2050,219,9,0.2198565523618252,0
2050,219,11,0.028450492471630087,0
2050,219,12,0.048577513389631885,0
2050,219,13,0.09556490961236219,0
2050,219,16,0.2430034750427263,0
2050,219,18,0.23256849758392906,0
2050,220,3,0.06913089944449345,0
2050,220,4,0.023833544217921204,0
2050,220,5,0.020201285876028558,0
2050,220,7,0.02155519206563532,0
2050,220,9,0.18170828235581454,0
2050,220,16,0.31848290273481056,0
2050,220,17,0.15848417830248643,0
2050,220,18,0.16336688889790013,0
2050,221,3,0.06763005919777826,0
2050,221,4,0.115187967708197,0
2050,221,9,0.12898565578119878,0
2050,221,12,0.05397969727384648,0
2050,221,16,0.15193147823714676,0
2050,221,17,0.21880900643617382,0
2050,221,18,0.10958586621347753,0
2050,221,19,0.08225569108152991,0
2050,222,3,0.0355468236540638,0
2050,222,4,0.06023658963791832,0
2050,222,9,0.14223884398300868,0
2050,222,12,0.02227395650943934,0
2050,222,13,0.019116579865255345,0
2050,222,16,0.055455608065118164,0
2050,222,17,0.26178094241642774,0
2050,222,18,0.17334401874565133,0
2050,222,19,0.14782041313799926,0
2050,223,3,0.03357728324057303,0
2050,223,5,0.08236672138506786,0
2050,223,9,0.12759175269667183,0
2050,223,11,0.0358103524695084,0
2050,223,16,0.04760235653372019,0
2050,223,17,0.21461344310241678,0
2050,223,18,0.18272944101342287,0
2050,223,19,0.08440370765494808,0
2050,223,20,0.01865751131863683,0
2050,224,3,0.05670464187298566,0
2050,224,5,0.056502041756010625,0
2050,224,9,0.17661553191086474,0
2050,224,17,0.0989166356395713,0
2050,224,18,0.15142686443484224,0
2050,224,19,0.17148660310789157,0
2050,224,20,0.10881846325481769,0
2050,225,3,0.048293925510646735,0
2050,225,5,0.021667573586508993,0
2050,225,8,0.02138676835727588,0
2050,225,9,0.32744529290503815,0
2050,225,10,0.04567062542319756,0
2050,225,18,0.12028630869814434,0
2050,225,19,0.13620696594065895,0
2050,225,20,0.23030856003460382,0
2050,226,3,0.04804444795980464,0
2050,226,5,0.0888827917421991,0
2050,226,7,0.03258007605997171,0
2050,226,9,0.3339775730694356,0
2050,226,12,0.32502049615259154,0
2050,226,17,0.051374520418585416,0
2050,226,18,0.09188917719141598,0
2050,226,19,0.02636682399597047,0
2050,227,3,0.013667241666588607,0
2050,227,5,0.1665944040311834,0
2050,227,9,0.2983856246434548,0
2050,227,11,0.18498475113099377,0
2050,227,12,0.05815646564896801,0
2050,227,16,0.01902655837494176,0
2050,227,17,0.14353515755223084,0
2050,227,18,0.0346101065401976,0
2050,227,19,0.015156678350847129,0
2050,228,5,0.21556848946410404,0
2050,228,6,0.019609174590109926,0
2050,228,9,0.2671525954889646,0
2050,228,10,0.030108242497466353,0
2050,228,11,0.2905333579860023,0
2050,228,18,0.1070609304233534,0
2050,229,5,0.1689384965018156,0
2050,229,6,0.07546977065643332,0
2050,229,8,0.06523656613050931,0
2050,229,9,0.37420988889976114,0
2050,229,10,0.07505910063068165,0
2050,229,11,0.06045196926440621,0
2050,229,12,0.11045609977675541,0
2050,230,5,0.11585301011946594,0
2050,230,6,0.06864021164273165,0
2050,230,7,0.04544539333762664,0
2050,230,9,0.3521007980133053,0
2050,230,10,0.10252752610190151,0
2050,230,12,0.19689899723538626,0
2050,231,3,0.06814508722682125,0
2050,231,5,0.11083832721459767,0
2050,231,7,0.09987330982000481,0
2050,231,9,0.14835649586099098,0
2050,231,11,0.06640368017612647,0
2050,231,12,0.15433117526474027,0
2050,231,17,0.19574419138222807,0
2050,231,18,0.012614712007506489,0
2050,232,3,0.12568164199042062,0
2050,232,4,0.11685588353851185,0
2050,232,7,0.04201218566039293,0
2050,232,8,0.0313097422898835,0
2050,232,9,0.07727115988548988,0
2050,232,12,0.010584669118662012,0
2050,232,13,0.16693458819397508,0
2050,232,16,0.08266082399549093,0
2050,232,17,0.1475550781114596,0
2050,232,18,0.10114063930130959,0
2050,232,19,0.044507539919062186,0
2050,233,3,0.16717699957280954,0
2050,233,4,0.19523352373162306,0
2050,233,7,0.014706857901371141,0
2050,233,9,0.06809109904636287,0
2050,233,12,0.15237306517434987,0
2050,233,16,0.0743167331185913,0
2050,233,17,0.1444857566604072,0
2050,233,19,0.11275612700668446,0
2050,234,1,0.01647791017783546,0
2050,234,3,0.12280769151288434,0
2050,234,4,0.07806161904056388,0
2050,234,5,0.0529905590467276,0
2050,234,9,0.20907818913238618,0
2050,234,12,0.08935305666521333,0
2050,234,16,0.08281351007098203,0
2050,234,18,0.07048716691543598,0
2050,234,19,0.2043608308794277,0
2050,235,3,0.13329160332503845,0
2050,235,6,0.03231858818829006,0
2050,235,7,0.09795623126505958,0
2050,235,9,0.352643189452648,0
2050,235,12,0.10216002118313752,0
2050,235,14,0.20905352087378903,0
2050,235,19,0.038252291344862396,0
2050,236,2,0.06367543376947864,0
2050,236,4,0.08438007185270124,0
2050,236,5,0.09911870912274083,0
2050,236,7,0.10344878898999522,0
2050,236,8,0.07480858911935452,0
2050,236,9,0.3296428587490197,0
2050,236,10,0.0997927774074471,0
2050,236,17,0.014839802405266769,0
2050,236,18,0.11185934788054035,0
2050,237,2,0.07621863142169663,0
2050,237,3,0.07106395144342585,0
2050,237,6,0.08371849414118826,0
2050,237,7,0.1726827931944197,0
2050,237,8,0.04117492097404998,0
2050,237,9,0.2970613426135445,0
2050,237,10,0.11348323477031289,0
2050,237,19,0.05838441576712219,0
2050,238,2,0.015870200364750068,0
2050,238,3,0.1109420506058065,0
2050,238,6,0.05326959716554253,0
2050,238,7,0.12983865134688602,0
2050,238,9,0.1963635790893486,0
2050,238,10,0.10312614527793929,0
2050,238,14,0.02185706100591065,0
2050,238,19,0.29071414067076645,0
2050,239,2,0.03456948157856435,0
2050,239,3,0.13596750249627695,0
2050,239,6,0.19045982323498215,0
2050,239,8,0.05309212566544102,0
2050,239,9,0.3511220669403973,0
2050,239,19,0.06594460991956604,0
2050,239,20,0.08406890854397113,0
2050,240,3,0.11094613067634847,0
2050,240,5,0.17109230723813287,0
2050,240,6,0.22911827014271252,0
2050,240,8,0.06727327381994619,0
2050,240,9,0.05567921369545524,0
2050,240,10,0.044058259449972506,0
2050,240,17,0.16235927371291192,0
2050,240,18,0.09207251848023412,0
2050,241,5,0.24340757592551218,0
2050,241,6,0.09169921242716465,0
2050,241,8,0.068758773218464,0
2050,241,10,0.11910801799887122,0
2050,241,17,0.17434303697642062,0
2050,241,18,0.1401306916248555,0
2050,241,19,0.05525702952163909,0
2050,241,20,0.04597502428819801,0
2050,242,3,0.042070680997239984,0
2050,242,5,0.056262983906694014,0
2050,242,9,0.062232488956116584,0
2050,242,11,0.03822961519063396,0
2050,242,12,0.015194222904205544,0
2050,242,16,0.07178101436305427,0
2050,242,18,0.48617488719600516,0
2050,242,19,0.16943327058738405,0
2050,242,20,0.010945940680203528,0
2050,243,3,0.058581498306223626,0
2050,243,5,0.012014993243940503,0
2050,243,9,0.2353306988467768,0
2050,243,13,0.1276470755330856,0
2050,243,14,0.0746778923459264,0
2050,243,18,0.2749549191371662,0
2050,243,19,0.15301162032296847,0
2050,244,2,0.016423470545139898,0
2050,244,3,0.08985362442938569,0
2050,244,5,0.044446266318639224,0
2050,244,6,0.08336260435568554,0
2050,244,7,0.10343830503800047,0
2050,244,9,0.24236543952222137,0
2050,244,10,0.05735526917303601,0
2050,244,13,0.06286190890041936,0
2050,244,14,0.0715000219518833,0
2050,244,18,0.06509888307587183,0
2050,245,5,0.12794452642155027,0
2050,245,6,0.1098575414338039,0
2050,245,7,0.06865063925196552,0
2050,245,8,0.024592172782067885,0
2050,245,9,0.1880908705848011,0
2050,245,10,0.1638250328516652,0
2050,245,12,0.15047791799087584,0
2050,246,3,0.1082117821656405,0
2050,246,4,0.05471493742669902,0
2050,246,9,0.11510994311628629,0
2050,246,12,0.23494589930869142,0
2050,246,17,0.11392146835089081,0
2050,246,19,0.30222049101385856,0
2050,247,3,0.10252997129600123,0
2050,247,7,0.05314783863113001,0
2050,247,9,0.16708655286665475,0
2050,247,12,0.11979540850288752,0
2050,247,13,0.06515650608555666,0
2050,247,19,0.454553111519465,0
2050,248,3,0.10875709479369616,0
2050,248,5,0.010235807104307548,0
2050,248,6,0.11330921546029207,0
2050,248,7,0.0948538000028473,0
2050,248,8,0.10273976250503912,0
2050,248,9,0.32850572987905674,0
2050,248,11,0.06627281437927994,0
2050,248,19,0.11584993429331608,0
2050,249,3,0.07666119097058918,0
2050,249,7,0.2093450031098376,0
2050,249,8,0.1846832136467241,0
2050,249,9,0.23911761074562093,0
2050,249,12,0.14010035668564033,0
2050,249,18,0.14291501583242774,0
2050,250,6,0.040752734744705955,0
2050,250,8,0.18816699564967662,0
2050,250,9,0.3547707186405331,0
2050,250,10,0.10846378071254792,0
2050,250,18,0.1769601829118706,0
2050,250,20,0.07784259577253609,0
2050,251,2,0.056324579796974306,0
2050,251,5,0.14244119218336682,0
2050,251,6,0.010171780304659619,0
2050,251,8,0.14422629793859917,0
2050,251,9,0.09122102373638995,0
2050,251,10,0.17634820649190627,0
2050,251,16,0.05656020255997664,0
2050,251,17,0.0404998502228064,0
2050,251,18,0.10431903152535017,0
2050,252,3,0.10371212378455458,0
2050,252,4,0.07084716062096733,0
2050,252,5,0.051492414225248986,0
2050,252,7,0.05648657734751843,0
2050,252,9,0.03931398483043987,0
2050,252,17,0.2131914844777711,0
2050,252,18,0.11481740911886612,0
2050,252,19,0.17366782218973156,0
2050,253,1,0.027889724461508544,0
2050,253,3,0.08373662813434958,0
2050,253,4,0.23662711953478172,0
2050,253,7,0.13644860239893047,0
2050,253,8,0.04473878641682228,0
2050,253,9,0.0981119857302834,0
2050,253,17,0.10275507116978151,0
2050,253,19,0.13983126247778027,0
2050,254,3,0.099778267316096,0
2050,254,6,0.1552924213452947,0
2050,254,7,0.07310441641639291,0
2050,254,8,0.10928492830347726,0
2050,254,9,0.1354467838696518,0
2050,254,12,0.1035810424608498,0
2050,254,17,0.21196945543903636,0
2050,255,2,0.0640693882193147,0
2050,255,3,0.09349776444832417,0
2050,255,5,0.11700485811704112,0
2050,255,6,0.17946071151413615,0
2050,255,7,0.019819990406924306,0
2050,255,8,0.18027462250052498,0
2050,255,9,0.171966857846069,0
2050,255,12,0.06920035434977594,0
2050,255,19,0.027526532287503628,0
2050,256,2,0.14657025010582228,0
2050,256,4,0.01531113910423625,0
2050,256,5,0.13635498782713215,0
2050,256,7,0.01712132416812862,0
2050,256,8,0.11431518071164509,0
2050,256,9,0.1886449872497836,0
2050,256,10,0.03148028054189958,0
2050,256,12,0.11700778802408887,0
2050,256,16,0.07056945874793628,0
2050,256,18,0.12383922768233487,0
2050,257,2,0.25254686924753444,0
2050,257,5,0.14021691643002313,0
2050,257,7,0.08519704176894503,0
2050,257,8,0.19012037044135843,0
2050,257,9,0.2580248383126043,0
2050,257,10,0.01718016393670118,0
2050,257,18,0.024187408218758203,0
2050,258,2,0.3487227453523303,0
2050,258,5,0.02600092947086771,0
2050,258,7,0.14752311979693655,0
2050,258,9,0.1342844390762251,0
2050,258,10,0.0893479159273657,0
2050,258,12,0.015947688262262595,0
2050,258,18,0.04606602097532228,0
2050,258,19,0.0824184977605597,0
2050,259,2,0.05670176705569774,0
2050,259,4,0.07613398313727124,0
2050,259,7,0.255417027934943,0
2050,259,9,0.166405745290739,0
2050,259,14,0.203752250782673,0
2050,259,18,0.12666351192563727,0
2050,260,2,0.1505296075330477,0
2050,260,5,0.04442843342847525,0
2050,260,7,0.13527092923300768,0
2050,260,8,0.11803921530241322,0
2050,260,9,0.2997734280006041,0
2050,260,10,0.028563711872375507,0
2050,260,14,0.09374099172745869,0
2050,260,18,0.11549065418695091,0
2050,261,2,0.19574852600911002,0
2050,261,5,0.2654952776872535,0
2050,261,6,0.14344892627001168,0
2050,261,9,0.13373917305690486,0
2050,261,10,0.053758002866409346,0
2050,261,12,0.09151117174594983,0
2050,261,18,0.053701080774427874,0
2050,262,2,0.10342174023590829,0
2050,262,5,0.2125592821839406,0
2050,262,6,0.06261606976495405,0
2050,262,9,0.05237641248677489,0
2050,262,10,0.055996606643116044,0
2050,262,12,0.013277477522545716,0
2050,262,16,0.09780799139853515,0
2050,262,18,0.2677636472098459,0
2050,262,20,0.08061329307739352,0
2050,263,4,0.13199520617051405,0
2050,263,7,0.12686088425349265,0
2050,263,8,0.04348457375039593,0
2050,263,17,0.2613553974015773,0
2050,263,18,0.36900799753358604,0
2050,263,19,0.031353629972058206,0
2050,264,3,0.010813811089071972,0
2050,264,4,0.18164938500069644,0
2050,264,8,0.04797568389565412,0
2050,264,9,0.12163132535396733,0
2050,264,11,0.04561964710471015,0
2050,264,13,0.033470521597060716,0
2050,264,17,0.026174256188822288,0
2050,264,18,0.19754558489498017,0
2050,264,19,0.22533093951823743,0
2050,264,20,0.012588027370113492,0
2050,265,2,0.07577562962058572,0
2050,265,7,0.1668129607386992,0
2050,265,9,0.22485887315117575,0
2050,265,12,0.1323660667145592,0
2050,265,16,0.041819249668163035,0
2050,265,17,0.11581460010321232,0
2050,265,18,0.10745174836891927,0
2050,266,2,0.22033916919713736,0
2050,266,4,0.02866804802961905,0
2050,266,7,0.11178910618202474,0
2050,266,9,0.03949775008939197,0
2050,266,13,0.0506628270795147,0
2050,266,17,0.17442834183740974,0
2050,266,18,0.14214855080435848,0
2050,266,19,0.055240510428246785,0
2050,267,2,0.09693199917600452,0
2050,267,3,0.10804682988783611,0
2050,267,4,0.24509924506125497,0
2050,267,7,0.08915728142729759,0
2050,267,9,0.18154462758929193,0
2050,267,17,0.06084924032586604,0
2050,267,18,0.053400006411156026,0
2050,267,19,0.09581105649486499,0
2050,268,2,0.021982214505689372,0
2050,268,3,0.020303306225116554,0
2050,268,4,0.02985548181867334,0
2050,268,5,0.06832061098632974,0
2050,268,7,0.02414837442783734,0
2050,268,8,0.07835567506248847,0
2050,268,9,0.08614204740055618,0
2050,268,12,0.1352475284525518,0
2050,268,14,0.023322693617835545,0
2050,268,17,0.18769181560361523,0
2050,268,18,0.28684150317266927,0
2050,269,2,0.052248103168214266,0
2050,269,4,0.05022214432296855,0
2050,269,5,0.029254114092203916,0
2050,269,7,0.06788040899247266,0
2050,269,8,0.018398632542160096,0
2050,269,9,0.0899462741299552,0
2050,269,17,0.4183078779591526,0
2050,269,18,0.2563780592890985,0
2050,270,2,0.19762962216781235,0
2050,270,4,0.10818736647216366,0
2050,270,5,0.03958493309319793,0
2050,270,7,0.0666574162473567,0
2050,270,9,0.12504880398634657,0
2050,270,13,0.06102499167077475,0
2050,270,17,0.1798348837689609,0
2050,270,18,0.18643311139705196,0
2050,271,2,0.12381094210433093,0
2050,271,4,0.16083831548828004,0
2050,271,5,0.08259666977302607,0
2050,271,7,0.127820365629404,0
2050,271,8,0.1547165337177544,0
2050,271,9,0.0655742620854345,0
2050,271,13,0.15989848253939903,0
2050,271,18,0.08537934687837719,0
2050,272,2,0.027137238682213995,0
2050,272,3,0.020313353396985107,0
2050,272,4,0.19962023418579178,0
2050,272,7,0.3279402561464022,0
2050,272,8,0.01583569707663806,0
2050,272,9,0.01961955842802512,0
2050,272,18,0.29841804086029194,0
2050,273,2,0.06848143269349719,0
2050,273,4,0.1311466161604427,0
2050,273,5,0.09920124760970443,0
2050,273,7,0.238366887641063,0
2050,273,8,0.0642828385806601,0
2050,273,9,0.06344561276202658,0
2050,273,10,0.05624243078065392,0
2050,273,18,0.1626717631094664,0
2050,274,2,0.16220781477021928,0
2050,274,4,0.02143199001388852,0
2050,274,5,0.3074825536586528,0
2050,274,7,0.012932822913967875,0
2050,274,8,0.16997924872458944,0
2050,274,9,0.13363833433941388,0
2050,274,10,0.06511646544073878,0
2050,274,18,0.0397713590126229,0
2050,275,2,0.10015950328192297,0
2050,275,5,0.38176433973222307,0
2050,275,6,0.022004737312956775,0
2050,275,8,0.14928316870783725,0
2050,275,9,0.030028517882207385,0
2050,275,10,0.09940373154630049,0
2050,275,18,0.16181882851217735,0
2050,276,18,1.0,0
2050,277,2,0.035769152336202426,0
2050,277,4,0.05718865110163949,0
2050,277,12,0.14819124771685982,0
2050,277,13,0.25250844033901126,0
2050,277,15,0.07659312700105747,0
2050,277,16,0.032626794893909315,0
2050,277,17,0.04954392472776051,0
2050,277,18,0.27432739146568996,0
2050,277,20,0.06264835081636784,0
2050,278,2,0.026534641403968096,0
2050,278,4,0.05781370061128915,0
2050,278,6,0.06614863388345883,0
2050,278,9,0.17121517508499487,0
2050,278,11,0.0587775642454645,0
2050,278,12,0.1956177280785321,0
2050,278,14,0.024557427736614824,0
2050,278,19,0.18596044500604839,0
2050,278,20,0.17909493152750705,0
2050,279,2,0.21345836661207127,0
2050,279,5,0.04423981075887223,0
2050,279,6,0.13837000402521357,0
2050,279,7,0.04405244882867446,0
2050,279,9,0.1989567100147592,0
2050,279,10,0.11343176960713082,0
2050,279,11,0.0714646924093039,0
2050,279,17,0.04275634907603363,0
2050,280,2,0.09768413349381777,0
2050,280,3,0.03797535550736231,0
2050,280,5,0.10834183732867438,0
2050,280,6,0.10027732527789529,0
2050,280,7,0.18726932975487665,0
2050,280,9,0.19408641546765476,0
2050,280,10,0.01471817904881133,0
2050,280,12,0.05195393366768015,0
2050,280,17,0.0447746081786515,0
2050,281,3,0.034143558083386275,0
2050,281,5,0.04795530965087989,0
2050,281,7,0.02439319915111555,0
2050,281,8,0.04949091381842211,0
2050,281,9,0.011620492161777934,0
2050,281,10,0.04663647272699608,0
2050,281,12,0.20325456009726423,0
2050,281,16,0.10256217591822185,0
2050,281,17,0.4570918143352624,0
2050,282,17,1.0,0
2050,283,3,0.06555711320922192,0
2050,283,4,0.23858399008660036,0
2050,283,7,0.09627810769122469,0
2050,283,9,0.08166927145619791,0
2050,283,13,0.3895177207335399,0
2050,283,17,0.10677612661619638,0
2050,284,3,0.1127923112403279,0
2050,284,4,0.2251950284183826,0
2050,284,7,0.21805762248247829,0
2050,284,8,0.07489853759360612,0
2050,284,9,0.06491458454767543,0
2050,284,13,0.13282424759921005,0
2050,284,18,0.13991799788863915,0
2050,285,3,0.05438563882220182,0
2050,285,7,0.09292272923191809,0
2050,285,8,0.057589401542036456,0
2050,285,9,0.06016441014650546,0
2050,285,10,0.03676578501911687,0
2050,285,11,0.05064577855920531,0
2050,285,12,0.2981618109094965,0
2050,285,16,0.10393745802836499,0
2050,285,17,0.17377461552926662,0
2050,285,18,0.042479539830336636,0
2050,286,3,0.026371314400035952,0
2050,286,4,0.13178449475093118,0
2050,286,7,0.14715882404834274,0
2050,286,9,0.10978710229097831,0
2050,286,10,0.11514490957873161,0
2050,286,12,0.24478260304351115,0
2050,286,13,0.09709915043774152,0
2050,287,2,0.039956362894447955,0
2050,287,3,0.1725122591805909,0
2050,287,4,0.1375675251365521,0
2050,287,7,0.17736107156290243,0
2050,287,9,0.013373277107274767,0
2050,287,10,0.055285790796106626,0
2050,287,12,0.01606536894253321,0
2050,287,13,0.10924892433494142,0
2050,287,17,0.09083767478745819,0
2050,287,18,0.02337993433153717,0
2050,288,2,0.023669738383581634,0
2050,288,3,0.07450192700182733,0
2050,288,4,0.0766579161583108,0
2050,288,5,0.07870476598370273,0
2050,288,6,0.0306874139963654,0
2050,288,7,0.06350780671241793,0
2050,288,8,0.2114226259723096,0
2050,288,9,0.09765354561182492,0
2050,288,10,0.06467118605141726,0
2050,288,11,0.17807608839074934,0
2050,288,17,0.0,0
2050,288,18,0.036925971212079946,0
2050,289,5,0.06575672265433005,0
2050,289,6,0.08146179653159967,0
2050,289,8,0.2103443985534017,0
2050,289,9,0.03098745672859281,0
2050,289,10,0.12863811904335276,0
2050,289,12,0.42812949368958964,0
2050,290,12,1.0,0
2050,291,11,1.0,0
2050,292,13,1.0,0
2050,293,3,0.03625859063829934,0
2050,293,4,0.07386149920870869,0
2050,293,7,0.11913545875210466,0
2050,293,10,0.011950748183777123,0
2050,293,12,0.135721971680322,0
2050,293,13,0.36779450391026,0
2050,293,15,0.04669354242556459,0
2050,293,16,0.09810465872318701,0
2050,294,2,0.11991103420532573,0
2050,294,3,0.19979399648944338,0
2050,294,4,0.1444524515361676,0
2050,294,6,0.06069502385461813,0
2050,294,7,0.06368363035759404,0
2050,294,12,0.054572771801813656,0
2050,294,17,0.11256558542934685,0
2050,294,19,0.06673555674389438,0
2050,295,2,0.2607806327081707,0
2050,295,3,0.19089949617308408,0
2050,295,4,0.12376192585894809,0
2050,295,5,0.037897535502591985,0
2050,295,6,0.15473853929179726,0
2050,295,8,0.08189269328444847,0
2050,295,10,0.049737948334560356,0
2050,296,2,0.0346481533450551,0
2050,296,5,0.06907979004476045,0
2050,296,6,0.060828621956976706,0
2050,296,8,0.45859724012654574,0
2050,296,10,0.1890547135948233,0
2050,296,11,0.024890165052731658,0
2050,296,17,0.11453473734707223,0
2050,297,3,0.23031796881443592,0
2050,297,4,0.11329024908865659,0
2050,297,6,0.10459492245304744,0
2050,297,8,0.09885002639169314,0
2050,297,12,0.10081322282378412,0
2050,297,14,0.05276572361313915,0
2050,297,17,0.11507636391734263,0
2050,297,19,0.13251502905737153,0
2050,298,2,0.11198873314310391,0
2050,298,6,0.20915323672933556,0
2050,298,8,0.09633416861741015,0
2050,298,10,0.19255181817426362,0
2050,298,11,0.14558060882215934,0
2050,298,12,0.046661809977263734,0
2050,298,17,0.15607176051497212,0
2050,299,2,0.20349723946977963,0
2050,299,4,0.013149689159205044,0
2050,299,8,0.12772709623648476,0
2050,299,10,0.1547487176548812,0
2050,299,17,0.22853790711236008,0
2050,299,19,0.2446029462287497,0
2050,300,2,0.13625301531149228,0
2050,300,4,0.0447755410498618,0
2050,300,7,0.019138477358819007,0
2050,300,8,0.08146997910246542,0
2050,300,10,0.18856796847101623,0
2050,300,12,0.030490695629357557,0
2050,300,14,0.1671800520279499,0
2050,300,17,0.06349477911650689,0
2050,300,19,0.1469096614758339,0
2050,301,2,0.09901179591561382,0
2050,301,3,0.08778661679469689,0
2050,301,4,0.05667283915553999,0
2050,301,6,0.06971743510182032,0
2050,301,7,0.14995076663276946,0
2050,301,9,0.011781684013308074,0
2050,301,10,0.08320897920118953,0
2050,301,11,0.023715162490788026,0
2050,301,12,0.18374648783286876,0
2050,301,14,0.06351980758374659,0
2050,301,17,0.051254137261750696,0
2050,302,2,0.057098654487748125,0
2050,302,3,0.018898356106152325,0
2050,302,4,0.13831382902914074,0
2050,302,8,0.1750747704168581,0
2050,302,11,0.07390931485074038,0
2050,302,12,0.017764523725627944,0
2050,302,13,0.0880442340991924,0
2050,302,17,0.1259877649871693,0
2050,302,18,0.022762631581002606,0
2050,302,19,0.2640194988860823,0
2050,303,3,0.0755404861885488,0
2050,303,4,0.26458276012212817,0
2050,303,6,0.05749686861952502,0
2050,303,7,0.04578278628062096,0
2050,303,12,0.017233997399751455,0
2050,303,13,0.054690275598187725,0
2050,303,14,0.08596810100265453,0
2050,303,19,0.39870472478858315,0
2050,304,2,0.07826510600006173,0
2050,304,3,0.06159670332578889,0
2050,304,4,0.15396842588171447,0
2050,304,5,0.14188727066349244,0
2050,304,6,0.1345040546138837,0
2050,304,7,0.09182547359180095,0
2050,304,8,0.14557543568189965,0
2050,304,9,0.013678964810782566,0
2050,304,10,0.020373078132694667,0
2050,304,12,0.047927169842352346,0
2050,304,14,0.0,0
2050,304,16,0.07219617012658183,0
2050,305,2,0.12635120909491587,0
2050,305,5,0.2699275326958729,0
2050,305,8,0.2716277945629462,0
2050,305,10,0.08271536276183165,0
2050,305,16,0.15619210305218517,0
2050,305,18,0.06286073579933188,0
2050,306,2,0.09971425020371888,0
2050,306,5,0.22382058914891326,0
2050,306,6,0.08755471359902582,0
2050,306,8,0.14102202032158678,0
2050,306,10,0.070035806103529,0
2050,306,11,0.08864880031855911,0
2050,306,16,0.16381117681594065,0
2050,306,18,0.042105528199077834,0
2050,306,19,0.05213401342866248,0
2050,307,2,0.03679545472813196,0
2050,307,5,0.10834001439259727,0
2050,307,8,0.028889020382349324,0
2050,307,10,0.022240007662158796,0
2050,307,16,0.05452140820607847,0
2050,307,18,0.2520928600116303,0
2050,307,19,0.3611767316561311,0
2050,307,20,0.07149977381306681,0
2050,308,5,0.05430271038574953,0
2050,308,10,0.0537086073908105,0
2050,308,14,0.044929595767933365,0
2050,308,15,0.11038835607819249,0
2050,308,18,0.03777134530030421,0
2050,308,19,0.5342562171105909,0
2050,308,20,0.035238186640257914,0
2050,309,19,1.0,0
2050,310,2,0.02262225515145911,0
2050,310,3,0.04967786316860505,0
2050,310,6,0.11885670041745511,0
2050,310,7,0.021726504690694197,0
2050,310,14,0.06615864496023345,0
2050,310,19,0.7209580316115531,0
2050,311,2,0.12130593650926849,0
2050,311,6,0.3058062639620102,0
2050,311,8,0.04156796139503714,0
2050,311,9,0.07146603992575648,0
2050,311,10,0.0819860044839169,0
2050,311,14,0.03177877294925262,0
2050,311,19,0.2986917448699623,0
2050,312,2,0.11717153238952172,0
2050,312,6,0.26378982645824056,0
2050,312,7,0.013500610622606832,0
2050,312,8,0.20218099515655275,0
2050,312,10,0.1423998558579716,0
2050,312,19,0.2500015846189833,0
2050,313,2,0.07547234734245338,0
2050,313,3,0.05570156823642304,0
2050,313,6,0.4178771953467942,0
2050,313,7,0.1478831244806948,0
2050,313,8,0.14532078445711766,0
2050,313,9,0.12975349344154266,0
2050,313,19,0.02533290906660469,0
2050,314,2,0.03765488245153735,0
2050,314,3,0.038321147921169266,0
2050,314,6,0.2564720796194487,0
2050,314,7,0.2701087104890729,0
2050,314,8,0.26230775609168316,0
2050,314,9,0.038729165783431274,0
2050,314,10,0.04593058740026089,0
2050,315,6,0.308406341801455,0
2050,315,7,0.18590378793974224,0
2050,315,8,0.2680122366947286,0
2050,315,10,0.12849454715310646,0
2050,316,3,0.03182775156656008,0
2050,316,6,0.32676135056511646,0
2050,316,7,0.014419057754237238,0
2050,316,8,0.1990337620875469,0
2050,316,9,0.09053561580348833,0
2050,316,10,0.08232199999768593,0
2050,316,19,0.20812621696032407,0
2050,317,2,0.175175576400435,0
2050,317,3,0.0814562077070135,0
2050,317,6,0.37516623560987344,0
2050,317,7,0.0333385655346011,0
2050,317,9,0.10513306761102964,0
2050,317,19,0.22599819035926696,0
2050,318,2,0.1972889979332181,0
2050,318,6,0.25035885891980186,0
2050,318,7,0.14764842334520778,0
2050,318,8,0.19970843648903422,0
2050,318,9,0.12318301460536345,0
2050,318,10,0.05109481683468133,0
2050,318,19,0.03071745187269337,0
2050,319,2,0.11380503079998977,0
2050,319,7,0.18838279279344683,0
2050,319,8,0.27174556405633055,0
2050,319,9,0.045317008914270276,0
2050,319,19,0.3745704438693332,0
2050,320,3,0.11880964420602912,0
2050,320,6,0.21100693828717917,0
2050,320,7,0.20835339053560992,0
2050,320,8,0.1335350454443442,0
2050,320,9,0.04110821512149401,0
2050,320,14,0.04405473112953161,0
2050,320,19,0.24313203527581204,0
2050,321,2,0.31751824608105567,0
2050,321,6,0.11375228760864664,0
2050,321,7,0.12843093202232134,0
2050,321,8,0.03832221034349595,0
2050,321,10,0.09100226359029329,0
2050,321,19,0.22424281339994734,0
2050,322,2,0.1044733414596836,0
2050,322,6,0.1270157897850081,0
2050,322,7,0.3375320301552685,0
2050,322,8,0.16824742750219754,0
2050,322,9,0.1791259037547804,0
2050,322,19,0.030808672110472515,0
2050,323,1,0.022335594858567055,0
2050,323,2,0.15315157975867794,0
2050,323,6,0.13785579745749388,0
2050,323,7,0.25369628755166057,0
2050,323,8,0.18161118293280118,0
2050,323,9,0.192341547976726,0
2050,323,19,0.05900800946407334,0
2050,324,2,0.28004449667909986,0
2050,324,3,0.02120624825059325,0
2050,324,4,0.06314207065360306,0
2050,324,7,0.1518553183025574,0
2050,324,8,0.23119151222269582,0
2050,324,13,0.14488996573451715,0
2050,324,19,0.08587550028278973,0
2050,325,2,0.29028430983263526,0
2050,325,3,0.04071541059364684,0
2050,325,4,0.36867354124018104,0
2050,325,7,0.11432340206435809,0
2050,325,8,0.012796685957368345,0
2050,325,12,0.08768444520042813,0
2050,325,19,0.029037432415039824,0
2050,325,20,0.05648477269634242,0
2050,326,2,0.02149770037596884,0
2050,326,4,0.1823099465509063,0
2050,326,6,0.10711676428045103,0
2050,326,7,0.12430788086646563,0
2050,326,8,0.23708030328666233,0
2050,326,12,0.2585743368571075,0
2050,326,14,0.0,0
2050,326,19,0.06535564913923603,0
2050,327,1,0.014930199595714056,0
2050,327,4,0.2723516284197592,0
2050,327,6,0.07732041892425032,0
2050,327,8,0.010079680436620539,0
2050,327,11,0.13331661391231917,0
2050,327,13,0.024068115466192093,0
2050,327,14,0.13954567016334432,0
2050,327,16,0.017856649248142488,0
2050,327,18,0.019731048651311506,0
2050,327,19,0.2846986954046515,0
2050,328,2,0.34338136925790597,0
2050,328,3,0.06241152320536269,0
2050,328,6,0.33899254416204866,0
2050,328,8,0.01862507532881331,0
2050,328,9,0.017451100752223718,0
2050,328,19,0.12299627508679001,0
2050,329,2,0.4280208741220367,0
2050,329,4,0.04309843031009017,0
2050,329,6,0.24431824357763082,0
2050,329,8,0.03967602562145326,0
2050,329,10,0.0702714541832732,0
2050,329,19,0.015647852632811814,0
2050,329,20,0.05318050979178148,0
2050,330,2,0.17253170857148292,0
2050,330,4,0.4089866803514246,0
2050,330,5,0.09260290702563076,0
2050,330,6,0.10024537597618725,0
2050,330,8,0.0372024988869298,0
2050,330,12,0.1366382761633788,0
2050,330,16,0.05179255302496574,0
2050,331,2,0.3006315690379989,0
2050,331,3,0.020473535903327685,0
2050,331,4,0.19761205297782838,0
2050,331,6,0.3297086504294953,0
2050,331,8,0.10599824310057379,0
2050,331,10,0.04557594855077581,0
2050,332,2,0.2841795740893927,0
2050,332,6,0.4057976979070378,0
2050,332,7,0.13678159146412938,0
2050,332,8,0.14917576636060564,0
2050,332,10,0.018304342629261658,0
2050,333,2,0.27604622287502795,0
2050,333,6,0.3317909344607321,0
2050,333,7,0.20491630451955123,0
2050,333,8,0.14756716919520113,0
2050,333,9,0.039679368949487495,0
2050,334,2,0.30587135235584795,0
2050,334,6,0.21423660123630994,0
2050,334,7,0.20141859732507336,0
2050,334,8,0.1955741252949902,0
2050,334,9,0.04049031747629265,0
2050,334,10,0.04240900631148576,0
2050,335,2,0.21424133046813731,0
2050,335,6,0.22970818597537093,0
2050,335,7,0.19361180968450292,0
2050,335,8,0.2695903287040926,0
2050,335,10,0.06379997516070511,0
2050,336,3,0.02497865166576918,0
2050,336,6,0.3586572210648789,0
2050,336,7,0.1924063027824385,0
2050,336,8,0.17321623070749095,0
2050,336,10,0.041331257417207834,0
2050,336,18,0.024569337992501987,0
2050,336,19,0.13236326268065648,0
2050,337,2,0.013110777184004833,0
2050,337,5,0.10262492156998122,0
2050,337,6,0.5453549308031886,0
2050,337,8,0.05510435280976314,0
2050,337,10,0.012338660813432125,0
2050,337,14,0.03565019163636092,0
2050,337,15,0.03480582370379465,0
2050,337,19,0.19525659515156318,0
2050,338,2,0.1544154995410552,0
2050,338,5,0.021639991367253752,0
2050,338,6,0.7188735885316102,0
2050,338,8,0.05240333722899751,0
2050,338,9,0.031316629183369145,0
2050,338,10,0.02135095414771391,0
2050,339,2,0.17053271006972778,0
2050,339,5,0.09472766189895776,0
2050,339,6,0.6528676123012008,0
2050,339,8,0.048877502814937336,0
2050,339,10,0.03299451291517616,0
2050,340,2,0.30036736943547965,0
2050,340,5,0.06169132980484426,0
2050,340,6,0.5878610314011794,0
2050,340,9,0.012444067880844484,0
2050,340,10,0.03763620147765209,0
2050,341,2,0.18310937848523265,0
2050,341,5,0.09195628639154603,0
2050,341,6,0.5434002573922512,0
2050,341,8,0.026914661386823434,0
2050,341,11,0.05508965311587778,0
2050,341,15,0.03765891287035231,0
2050,341,16,0.03846874650768438,0
2050,341,18,0.01653760832649928,0
2050,342,3,0.06704613827488083,0
2050,342,6,0.5352261507075079,0
2050,342,7,0.10235755376899544,0
2050,342,14,0.08888121319543577,0
2050,342,19,0.1321161764577441,0
2050,342,20,0.03679872423444354,0
2050,343,2,0.2166830732424944,0
2050,343,6,0.6325496087911187,0
2050,343,10,0.09101308913395112,0
2050,344,2,0.2581432650577481,0
2050,344,3,0.02772697730022026,0
2050,344,5,0.061614108719670796,0
2050,344,6,0.5364637530699963,0
2050,344,8,0.11605189585236442,0
2050,345,2,0.2574792908896509,0
2050,345,5,0.02076703661794306,0
2050,345,6,0.5122999225245473,0
2050,345,7,0.05668405016536269,0
2050,345,8,0.13290193688007013,0
2050,345,9,0.012219112204090462,0
2050,346,1,0.011124704555638068,0
2050,346,2,0.06674080985125641,0
2050,346,6,0.5185435419365975,0
2050,346,7,0.015974960984039555,0
2050,346,8,0.20055107559057744,0
2050,346,9,0.05399942616452674,0
2050,346,11,0.05041868329131882,0
2050,346,18,0.0826467976260454,0
2050,347,6,0.4415150636562223,0
2050,347,8,0.024799072708282244,0
2050,347,14,0.034784645658506454,0
2050,347,15,0.21043632290879727,0
2050,347,16,0.09138914234662857,0
2050,347,18,0.19707575272156302,0
2050,348,6,0.3580410559292401,0
2050,348,12,0.024523418606592524,0
2050,348,13,0.06150051009080681,0
2050,348,14,0.05056439051058551,0
2050,348,15,0.052926610822866045,0
2050,348,16,0.3944167956920435,0
2050,348,17,0.014090959249964143,0
2050,348,19,0.043936259097901185,0
2050,349,4,0.024693205439764724,0
2050,349,6,0.3759559965772682,0
2050,349,15,0.14088053291609287,0
2050,349,16,0.1567081296012162,0
2050,349,17,0.05845596709178268,0
2050,349,19,0.18712837575751198,0
2050,349,20,0.01286086755047509,0
2050,350,2,0.06392190033926974,0
2050,350,6,0.5089905260933928,0
2050,350,7,0.11355815518284047,0
2050,350,15,0.08479438062516548,0
2050,350,19,0.18960206748358294,0
2050,351,4,0.04735569532315297,0
2050,351,6,0.6774733450001293,0
2050,351,7,0.11702888168656,0
2050,351,14,0.03534302859726512,0
2050,351,19,0.12144500325651186,0
2050,352,6,1.0,0
2050,353,2,0.14876404372881347,0
2050,353,6,0.7802865885422722,0
2050,353,10,0.020766269079975894,0
2050,353,19,0.042096255309071254,0
2050,354,2,0.260726858451335,0
2050,354,6,0.7178995158951429,0
2050,354,10,0.021373625653522244,0
2050,355,2,0.30858184145135814,0
2050,355,6,0.6369647040987831,0
2050,355,7,0.034046517545607315,0
2050,355,10,0.02040693690425135,0
2050,356,2,0.16973198974417836,0
2050,356,6,0.5647480773150404,0
2050,356,7,0.23659023401194074,0
2050,356,10,0.02281646791559115,0
2050,357,2,0.14166301927812483,0
2050,357,6,0.6218934814560906,0
2050,357,7,0.12519742961572156,0
2050,357,8,0.02700048300969387,0
2050,357,10,0.05952046643424866,0
2050,358,2,0.3325187804530504,0
2050,358,6,0.5277144803160762,0
2050,358,10,0.06201836962589424,0
2050,358,19,0.028571939728694047,0
2050,359,2,0.38925775586462097,0
2050,359,6,0.45639131636073776,0
2050,359,10,0.0705275360535139,0
2050,360,2,0.25292884638449264,0
2050,360,6,0.3479264218078069,0
2050,360,7,0.07647684189583252,0
2050,360,8,0.019924878294563877,0
2050,360,14,0.09513826412401694,0
2050,360,15,0.04348249673649847,0
2050,360,18,0.08355019698694205,0
2050,360,20,0.05669708820772615,0
2050,361,2,0.19756895180531087,0
2050,361,6,0.3232647787454973,0
2050,361,7,0.011131857189851633,0
2050,361,9,0.09778286280095067,0
2050,361,12,0.12050579759692476,0
2050,361,14,0.15295121052463576,0
2050,361,16,0.069269891558614,0
2050,361,19,0.025972946936226014,0
2050,362,2,0.1815288261371102,0
2050,362,4,0.03852318919068149,0
2050,362,6,0.3019837782700564,0
2050,362,7,0.02441121294328504,0
2050,362,8,0.02197950243457413,0
2050,362,9,0.025209251486309345,0
2050,362,14,0.07074528794097769,0
2050,362,16,0.07331777735411223,0
2050,362,19,0.26230117424289356,0
2050,363,3,0.017930922697929428,0
2050,363,4,0.05189214963314237,0
2050,363,6,0.4141207686163533,0
2050,363,7,0.13339020814488392,0
2050,363,8,0.06996066113390113,0
2050,363,12,0.10540286266278653,0
2050,363,14,0.14127266839515654,0
2050,363,19,0.0556354266435192,0
2050,364,2,0.17933211804059138,0
2050,364,3,0.030228036906644978,0
2050,364,4,0.1850718145566003,0
2050,364,6,0.33939809747842425,0
2050,364,7,0.18533005677645084,0
2050,364,8,0.07617880857482921,0
2050,365,2,0.11826583080181799,0
2050,365,3,0.056188267362815486,0
2050,365,6,0.44606775222107437,0
2050,365,7,0.03474995721133965,0
2050,365,8,0.2588166781906698,0
2050,365,14,0.08591151421228274,0
