year,period,rep_period,weight,scenario
2050,1,4,0.08988412660653024,0
2050,1,7,0.21669005477326012,0
2050,1,10,0.13209592152074792,0
2050,1,15,0.07723967399734692,0
2050,1,52,0.1850504051155126,0
2050,1,62,0.03629081142458239,0
2050,1,93,0.10107462833647175,0
2050,1,98,0.026575051517073952,0
2050,1,101,0.12183850800193181,0
2050,2,4,0.08280656923610091,0
2050,2,7,0.07989860780138994,0
2050,2,10,0.2693689253473347,0
2050,2,25,0.07689061014130041,0
2050,2,44,0.16688535312436845,0
2050,2,52,0.03246728262202865,0
2050,2,62,0.0968796767966506,0
2050,2,103,0.043059703305894106,0
2050,2,113,0.15098343314926452,0
2050,3,10,1.0,0
2050,4,10,0.26309069720857725,0
2050,4,15,0.2668147924847746,0
2050,4,25,0.08313821344183972,0
2050,4,27,0.041004850128375216,0
2050,4,47,0.16523706921383235,0
2050,4,62,0.04489588178271497,0
2050,4,73,0.13581849573988566,0
2050,5,15,1.0,0
2050,6,98,1.0,0
2050,7,10,0.10635936223709895,0
2050,7,15,0.09339038108782093,0
2050,7,25,0.03982183798406247,0
2050,7,44,0.04272476932255887,0
2050,7,51,0.10522179952988642,0
2050,7,52,0.22926491343628455,0
2050,7,67,0.020701501930426188,0
2050,7,93,0.1953166960305944,0
2050,7,98,0.11638065240008337,0
2050,7,117,0.04091665571764927,0
2050,8,4,0.18156029512733873,0
2050,8,10,0.19171444007328392,0
2050,8,44,0.3245690577078468,0
2050,8,62,0.04744773157773079,0
2050,8,93,0.019866088347850513,0
2050,8,106,0.01338702188839458,0
2050,8,113,0.22145536527755463,0
2050,9,113,1.0,0
2050,10,62,1.0,0
2050,11,3,0.022523156083004724,0
2050,11,6,0.040292444784529806,0
2050,11,7,0.015707963589453443,0
2050,11,10,0.10073941674686782,0
2050,11,25,0.03747266327547195,0
2050,11,47,0.08486044904876985,0
2050,11,62,0.2980870693840583,0
2050,11,77,0.07357713869173821,0
2050,11,101,0.08407519302043914,0
2050,11,113,0.2423761741952805,0
2050,12,6,0.0798651696379152,0
2050,12,10,0.1440753430860531,0
2050,12,15,0.08302289020819151,0
2050,12,21,0.07303010288092368,0
2050,12,62,0.37387967811480194,0
2050,12,77,0.03068035779462705,0
2050,12,101,0.07502516973060955,0
2050,12,113,0.13193240548663546,0
2050,13,4,0.03816921936261379,0
2050,13,6,0.011327999741937933,0
2050,13,10,0.026190020839904904,0
2050,13,25,0.07875707836310708,0
2050,13,44,0.21085075684823854,0
2050,13,47,0.11201833572628728,0
2050,13,52,0.06504288832109513,0
2050,13,62,0.14963692989286043,0
2050,13,77,0.012879041094676108,0
2050,13,103,0.06286984634182652,0
2050,13,113,0.2224918571184493,0
2050,14,4,0.15051534370238956,0
2050,14,10,0.06806236802185728,0
2050,14,18,0.0670827935599551,0
2050,14,25,0.07521580720425962,0
2050,14,44,0.07431736623172658,0
2050,14,50,0.060130751602714624,0
2050,14,62,0.1347431215304155,0
2050,14,67,0.048377591607790066,0
2050,14,77,0.06371448648794904,0
2050,14,103,0.017719745084528598,0
2050,14,109,0.023006616705724573,0
2050,14,113,0.21083938386433215,0
2050,15,4,0.1977937378846945,0
2050,15,10,0.06267186592815915,0
2050,15,47,0.024349355146753647,0
2050,15,62,0.2145249431007679,0
2050,15,72,0.01664429809028696,0
2050,15,77,0.2031124159371226,0
2050,15,81,0.10276261753125995,0
2050,15,97,0.06413132062601604,0
2050,15,106,0.044731401686739884,0
2050,15,111,0.03591597410630231,0
2050,15,113,0.017389702737141285,0
2050,16,47,1.0,0
2050,17,7,0.019079888825769088,0
2050,17,12,0.02464020319544802,0
2050,17,15,0.045181957314902245,0
2050,17,30,0.015255674881529657,0
2050,17,41,0.03453722120379517,0
2050,17,47,0.2701687071182567,0
2050,17,53,0.05700822702076436,0
2050,17,57,0.06521990372822628,0
2050,17,70,0.06620061649469981,0
2050,17,72,0.029230323286236475,0
2050,17,85,0.028612925671499603,0
2050,17,101,0.29662269146046755,0
2050,17,109,0.037686551201455504,0
2050,18,114,1.0,0
2050,19,1,0.08702450603517149,0
2050,19,31,0.13016838107954762,0
2050,19,58,0.045512783601879214,0
2050,19,76,0.16785726258483558,0
2050,19,87,0.1427851763967443,0
2050,19,94,0.3890509531108473,0
2050,20,76,1.0,0
2050,21,17,0.025735156864024684,0
2050,21,20,0.18228385502273833,0
2050,21,58,0.04153410268826812,0
2050,21,61,0.03113681468949265,0
2050,21,76,0.20780489991127984,0
2050,21,81,0.03839499243418541,0
2050,21,94,0.07215494747141749,0
2050,21,100,0.03198350396492866,0
2050,21,103,0.08236435472060075,0
2050,21,108,0.036607886240920144,0
2050,21,114,0.2003781940690602,0
2050,22,94,1.0,0
2050,23,9,1.0,0
2050,24,9,0.11752507068039188,0
2050,24,22,0.11077630330938833,0
2050,24,26,0.027266195274635446,0
2050,24,38,0.08575662688440046,0
2050,24,57,0.03369958250230651,0
2050,24,62,0.09139458761056625,0
2050,24,72,0.4490271219110608,0
2050,24,74,0.06026760630913837,0
2050,24,98,0.011824747997121104,0
2050,25,9,0.2162977389992069,0
2050,25,12,0.014018096993475044,0
2050,25,35,0.10169617050167644,0
2050,25,48,0.12243917069040403,0
2050,25,57,0.07513183677386343,0
2050,25,68,0.052526434979155615,0
2050,25,72,0.14960944563889164,0
2050,25,89,0.06975138821102504,0
2050,25,94,0.1704148376402877,0
2050,25,113,0.028114879572013977,0
2050,26,72,1.0,0
2050,27,4,0.09182670981275738,0
2050,27,6,0.049039568926613715,0
2050,27,14,0.020093204779862636,0
2050,27,22,0.060174176262777476,0
2050,27,27,0.015809535033917795,0
2050,27,35,0.03680140906232249,0
2050,27,51,0.013956581606374684,0
2050,27,67,0.028726703359842558,0
2050,27,72,0.04102937280839411,0
2050,27,77,0.1534403858645264,0
2050,27,79,0.02531935879676027,0
2050,27,84,0.06885157854824675,0
2050,27,89,0.09085021526514596,0
2050,27,94,0.14111871207519142,0
2050,27,105,0.12578149683076345,0
2050,28,2,0.021700431847854553,0
2050,28,6,0.04198842523982178,0
2050,28,7,0.04090008751986636,0
2050,28,18,0.09725285798025783,0
2050,28,62,0.05691044749714551,0
2050,28,67,0.01947494479940867,0
2050,28,72,0.4815741388348857,0
2050,28,74,0.024622999683832917,0
2050,28,77,0.07843809678746365,0
2050,28,106,0.12414953959416196,0
2050,29,77,1.0,0
2050,30,3,1.0,0
2050,31,61,1.0,0
2050,32,37,1.0,0
2050,33,1,0.023544426424256817,0
2050,33,17,0.1235623935506788,0
2050,33,22,0.09200391224574961,0
2050,33,37,0.270065271325636,0
2050,33,63,0.015992639867020694,0
2050,33,77,0.0646263029742451,0
2050,33,83,0.02235538232981569,0
2050,33,87,0.018900730405045196,0
2050,33,94,0.2287811605328662,0
2050,33,103,0.018705946372856233,0
2050,33,111,0.03688685510431976,0
2050,33,118,0.0619186686141249,0
2050,34,9,0.07824882938175122,0
2050,34,14,0.0234743677193717,0
2050,34,18,0.09819972882708547,0
2050,34,20,0.15862954591104578,0
2050,34,52,0.07769747014214073,0
2050,34,61,0.02976386396794308,0
2050,34,72,0.013666369515093106,0
2050,34,76,0.04045626478759143,0
2050,34,87,0.0624293687644758,0
2050,34,93,0.013033985948529805,0
2050,34,94,0.267533793694192,0
2050,34,97,0.013749672976981386,0
2050,34,108,0.09430532126995363,0
2050,34,110,0.013131275173499938,0
2050,35,108,1.0,0
2050,36,39,1.0,0
2050,37,38,1.0,0
2050,38,109,1.0,0
2050,39,6,0.0582878870933449,0
2050,39,10,0.33734362828785625,0
2050,39,17,0.010083019205202007,0
2050,39,22,0.14734394414199234,0
2050,39,38,0.21876773011710118,0
2050,39,43,0.04155595846347711,0
2050,39,47,0.103991502062623,0
2050,39,77,0.08262633062840274,0
2050,40,22,1.0,0
2050,41,12,0.017490890735726693,0
2050,41,22,0.3091905269823356,0
2050,41,31,0.39033303640874567,0
2050,41,38,0.09462514530640906,0
2050,41,40,0.14023098833661934,0
2050,41,66,0.013910605343102931,0
2050,41,80,0.03421880688706058,0
2050,42,31,1.0,0
2050,43,1,0.10178892365007688,0
2050,43,15,0.022695016198162207,0
2050,43,19,0.05562989463038499,0
2050,43,20,0.03786930718631093,0
2050,43,31,0.31858492981099457,0
2050,43,44,0.05522650751162057,0
2050,43,73,0.05351596726557424,0
2050,43,79,0.14534360037605573,0
2050,43,90,0.10707688039786872,0
2050,43,114,0.0905132612017325,0
2050,44,1,0.12454704629438504,0
2050,44,21,0.06238157356793144,0
2050,44,28,0.02939242133834246,0
2050,44,37,0.044484669453350036,0
2050,44,39,0.08503799053490546,0
2050,44,49,0.038523691064708564,0
2050,44,53,0.1270312127655523,0
2050,44,58,0.059560920891576184,0
2050,44,72,0.07283857646056591,0
2050,44,84,0.04326794285465096,0
2050,44,97,0.09809042955575442,0
2050,44,98,0.06138573271350386,0
2050,44,103,0.012777214498364761,0
2050,44,105,0.07412874114980017,0
2050,44,115,0.05206015277449399,0
2050,45,1,0.1769466248891698,0
2050,45,12,0.028377771517837595,0
2050,45,18,0.03193531332895259,0
2050,45,29,0.11344731307028688,0
2050,45,39,0.02245585196240158,0
2050,45,44,0.05298871099704228,0
2050,45,49,0.011670475845430683,0
2050,45,64,0.045353401800823846,0
2050,45,72,0.05702977239822602,0
2050,45,84,0.13548423717047658,0
2050,45,87,0.035127801716967035,0
2050,45,94,0.1418453950038011,0
2050,45,102,0.04633367756749469,0
2050,45,105,0.05466781839566313,0
2050,45,111,0.03414154391786641,0
2050,46,1,0.03738629324584907,0
2050,46,4,0.02899222073310523,0
2050,46,22,0.015612354516267503,0
2050,46,27,0.09066959252952092,0
2050,46,47,0.2010765908173978,0
2050,46,52,0.05386097205479919,0
2050,46,67,0.1887928478514926,0
2050,46,72,0.0320200383348336,0
2050,46,73,0.3000641221176676,0
2050,46,94,0.011327651748070183,0
2050,46,111,0.036707307473106514,0
2050,47,73,1.0,0
2050,48,3,0.11604155486550255,0
2050,48,19,0.11310088508909016,0
2050,48,20,0.010711746918077844,0
2050,48,45,0.020116833788012142,0
2050,48,52,0.3161123032848582,0
2050,48,61,0.09583020150995031,0
2050,48,69,0.027152298797419032,0
2050,48,73,0.24178014515027535,0
2050,48,74,0.035591374187905124,0
2050,48,88,0.023562656408908852,0
2050,49,52,1.0,0
2050,50,4,0.09492783084396822,0
2050,50,7,0.18211054868892457,0
2050,50,10,0.0911939037312331,0
2050,50,21,0.010264951961839283,0
2050,50,44,0.19400246143055258,0
2050,50,52,0.2474778788146868,0
2050,50,59,0.04354810913117534,0
2050,50,93,0.10313447642873746,0
2050,50,117,0.02301222630588661,0
2050,51,44,1.0,0
2050,52,3,0.23184884953758406,0
2050,52,11,0.06197767702196068,0
2050,52,19,0.028940877712711224,0
2050,52,20,0.18467500532488684,0
2050,52,29,0.027653964473923275,0
2050,52,30,0.1150908806432771,0
2050,52,33,0.01758689258169603,0
2050,52,44,0.06573617764003056,0
2050,52,47,0.21117110425292712,0
2050,52,73,0.05251828269342643,0
2050,53,3,0.11779268892987181,0
2050,53,16,0.015204467951958404,0
2050,53,26,0.10227199861108512,0
2050,53,45,0.03586569994197394,0
2050,53,52,0.1905519904183672,0
2050,53,73,0.046730497970519966,0
2050,53,75,0.04567983963082182,0
2050,53,79,0.04407976355054014,0
2050,53,99,0.03900770565556019,0
2050,53,101,0.2807632901791007,0
2050,53,107,0.06694253526358791,0
2050,54,3,0.04046208414448203,0
2050,54,18,0.14048803514878622,0
2050,54,21,0.023186240507402242,0
2050,54,26,0.09432287039212327,0
2050,54,44,0.11377858969552394,0
2050,54,52,0.1371944675014672,0
2050,54,66,0.015459230585040451,0
2050,54,71,0.02183729907767988,0
2050,54,74,0.11037828870350434,0
2050,54,77,0.07851994937207514,0
2050,54,101,0.03913608700873282,0
2050,54,106,0.169558585891595,0
2050,55,18,1.0,0
2050,56,48,1.0,0
2050,57,18,0.045626021012555945,0
2050,57,26,0.0374864666581687,0
2050,57,46,0.025641009960143547,0
2050,57,48,0.06801968303903404,0
2050,57,57,0.18932135245208118,0
2050,57,66,0.016549360511734185,0
2050,57,72,0.17639608539549176,0
2050,57,98,0.1900171080288099,0
2050,57,102,0.11805403424190852,0
2050,57,105,0.1328888787000722,0
2050,58,105,1.0,0
2050,59,7,0.01917172817315572,0
2050,59,18,0.11941968717028542,0
2050,59,21,0.028069898139215566,0
2050,59,46,0.05278936573934232,0
2050,59,49,0.021805650248900632,0
2050,59,57,0.013810091665377881,0
2050,59,72,0.1780546101299322,0
2050,59,97,0.01904588919275943,0
2050,59,98,0.1572945819847707,0
2050,59,102,0.16392436514827688,0
2050,59,105,0.21972125619998661,0
2050,60,10,0.06950344689305403,0
2050,60,18,0.2364165690765247,0
2050,60,44,0.09658285815529981,0
2050,60,62,0.04696425810586302,0
2050,60,67,0.07294912783945703,0
2050,60,71,0.06365266144212078,0
2050,60,72,0.06923078775600547,0
2050,60,77,0.08817122525136041,0
2050,60,106,0.25470295149264793,0
2050,61,6,0.04346636610091889,0
2050,61,7,0.05855973749393559,0
2050,61,18,0.10635427351091192,0
2050,61,25,0.01989963131532321,0
2050,61,30,0.12541006206822922,0
2050,61,38,0.0122763402833003,0
2050,61,50,0.06478660946398243,0
2050,61,62,0.11467665160750998,0
2050,61,77,0.13195193380414083,0
2050,61,84,0.08174525580429969,0
2050,61,113,0.2382116802076372,0
2050,62,6,0.19871329782945116,0
2050,62,7,0.08591062990124426,0
2050,62,10,0.016306034267910934,0
2050,62,15,0.0639890563927499,0
2050,62,21,0.05890932937829491,0
2050,62,25,0.15275991072775158,0
2050,62,44,0.09350161562158607,0
2050,62,55,0.16558985851499292,0
2050,62,84,0.11823170506522349,0
2050,62,113,0.03771051640147328,0
2050,63,84,1.0,0
2050,64,68,1.0,0
2050,65,7,0.4302822720010464,0
2050,65,9,0.09189962679608497,0
2050,65,15,0.10570528704848292,0
2050,65,68,0.11413657420655646,0
2050,65,80,0.13956762354073327,0
2050,65,101,0.11840861640709596,0
2050,66,7,1.0,0
2050,67,7,0.3947562996400624,0
2050,67,52,0.08499136783376138,0
2050,67,67,0.08794687770876924,0
2050,67,73,0.08168168607613802,0
2050,67,77,0.053395101846739734,0
2050,67,79,0.08431611964224986,0
2050,67,96,0.09988201659394352,0
2050,67,101,0.045193109426742456,0
2050,67,118,0.05354894981371808,0
2050,67,120,0.010361981753835597,0
2050,68,79,1.0,0
2050,69,67,1.0,0
2050,70,89,1.0,0
2050,71,30,1.0,0
2050,72,4,0.04826113184851983,0
2050,72,11,0.02801594126849883,0
2050,72,30,0.14803347982972215,0
2050,72,36,0.013063339207522305,0
2050,72,40,0.07944747643644737,0
2050,72,47,0.07306482597051503,0
2050,72,53,0.02117795427442156,0
2050,72,64,0.021532874940634418,0
2050,72,67,0.06782061794594829,0
2050,72,69,0.0726329403212091,0
2050,72,77,0.04415988303871791,0
2050,72,81,0.015352334322326668,0
2050,72,90,0.023352942980429225,0
2050,72,96,0.1780379071783336,0
2050,72,103,0.10671949085139162,0
2050,72,106,0.01745987882880299,0
2050,72,117,0.03013552961462858,0
2050,73,4,0.16225280399982894,0
2050,73,6,0.020476522648928686,0
2050,73,11,0.056736937969184775,0
2050,73,49,0.05763247985067828,0
2050,73,52,0.033608505813319915,0
2050,73,67,0.11851243927063783,0
2050,73,69,0.020199083052730084,0
2050,73,77,0.05071901748117448,0
2050,73,87,0.19317491544209914,0
2050,73,93,0.04702608991848277,0
2050,73,95,0.03720081435362087,0
2050,73,96,0.09690649408266813,0
2050,73,103,0.07990200707798005,0
2050,73,106,0.011618110471918481,0
2050,74,6,0.18420821702333337,0
2050,74,7,0.08879599182104661,0
2050,74,10,0.012303287968702292,0
2050,74,27,0.012836903930109195,0
2050,74,49,0.08419687028998402,0
2050,74,51,0.07531546081865456,0
2050,74,53,0.018865185048032758,0
2050,74,70,0.026039778429890643,0
2050,74,73,0.11556176418798716,0
2050,74,87,0.049898220306987214,0
2050,74,95,0.028937434879712905,0
2050,74,96,0.1336365283876647,0
2050,74,106,0.030483158722940086,0
2050,74,113,0.06866673844357549,0
2050,74,115,0.05103767497443524,0
2050,75,5,0.018601635898016514,0
2050,75,6,0.021530791500176512,0
2050,75,7,0.15670518258557542,0
2050,75,10,0.015826477387090705,0
2050,75,15,0.06188864764172773,0
2050,75,22,0.0804709496497709,0
2050,75,27,0.031739845229219354,0
2050,75,70,0.06654198058305476,0
2050,75,73,0.07810516805684736,0
2050,75,96,0.43852241361768574,0
2050,75,120,0.01336317267558039,0
2050,76,96,1.0,0
2050,77,1,0.04896110258284085,0
2050,77,8,0.014003494533626764,0
2050,77,16,0.02556117915447594,0
2050,77,39,0.06966534906089412,0
2050,77,43,0.06371646378875018,0
2050,77,57,0.03422163993079541,0
2050,77,78,0.03469879938595356,0
2050,77,83,0.10266246222179148,0
2050,77,84,0.07371329910019098,0
2050,77,87,0.17960438092414874,0
2050,77,96,0.23641892742846368,0
2050,77,110,0.0545354453715702,0
2050,77,115,0.01212540756297439,0
2050,78,1,0.08826949534278603,0
2050,78,16,0.09649105240281648,0
2050,78,20,0.04764930354420509,0
2050,78,39,0.05084432362571638,0
2050,78,49,0.1416785908359909,0
2050,78,53,0.10576778764159366,0
2050,78,58,0.017200339422916405,0
2050,78,64,0.12498296485300424,0
2050,78,67,0.01423835848869617,0
2050,78,83,0.03921823638444494,0
2050,78,87,0.10591546095880755,0
2050,78,94,0.14669986877373284,0
2050,78,105,0.013784540474421968,0
2050,79,87,1.0,0
2050,80,53,1.0,0
2050,81,64,1.0,0
2050,82,4,0.07205553429254385,0
2050,82,20,0.12207862409468603,0
2050,82,52,0.026598470668821268,0
2050,82,67,0.33334636010918567,0
2050,82,73,0.2715362817457977,0
2050,82,90,0.13710768084141736,0
2050,82,114,0.0180112459110425,0
2050,83,20,1.0,0
2050,84,45,1.0,0
2050,85,69,1.0,0
2050,86,17,1.0,0
2050,87,57,1.0,0
2050,88,106,1.0,0
2050,89,6,0.3921065913766166,0
2050,89,17,0.04700103141452013,0
2050,89,25,0.07431159388217037,0
2050,89,30,0.017450759230139633,0
2050,89,47,0.04066203722063796,0
2050,89,77,0.12057493654330106,0
2050,89,80,0.024387393583813942,0
2050,89,101,0.02214651383771831,0
2050,89,106,0.15022975135251182,0
2050,89,113,0.09998293425249152,0
2050,90,6,0.5386657759529743,0
2050,90,17,0.05208869206865015,0
2050,90,30,0.021239459424285845,0
2050,90,33,0.0388093727151141,0
2050,90,57,0.01430301919001644,0
2050,90,60,0.0175772632183527,0
2050,90,77,0.05098902444768849,0
2050,90,84,0.07300498825461861,0
2050,90,106,0.06851671303651757,0
2050,90,113,0.12480569169178146,0
2050,91,6,1.0,0
2050,92,6,0.32627298884873346,0
2050,92,10,0.015148497998844962,0
2050,92,11,0.04052591370620205,0
2050,92,17,0.10500019006320983,0
2050,92,22,0.015654756460529107,0
2050,92,35,0.02846528825048572,0
2050,92,41,0.04712512885754933,0
2050,92,43,0.08702136507705852,0
2050,92,49,0.019020495099337162,0
2050,92,62,0.10962135991884424,0
2050,92,63,0.030362278723444693,0
2050,92,80,0.08496878672558925,0
2050,92,110,0.04938543875878169,0
2050,92,112,0.023513386042218372,0
2050,92,113,0.017050960460813287,0
2050,93,56,1.0,0
2050,94,1,0.04883861490479848,0
2050,94,33,0.032611081530684406,0
2050,94,39,0.0596665298238156,0
2050,94,53,0.29240812266476696,0
2050,94,56,0.057534864421911254,0
2050,94,75,0.033515784677404147,0
2050,94,78,0.02479824386688401,0
2050,94,90,0.17789474092373855,0
2050,94,107,0.10752628880285031,0
2050,94,108,0.051963835630363435,0
2050,94,114,0.05103081216768255,0
2050,95,1,0.05409564559481342,0
2050,95,5,0.14065171215882927,0
2050,95,23,0.11785692358426644,0
2050,95,39,0.12350031955863619,0
2050,95,56,0.026955409252548277,0
2050,95,64,0.06949687563934245,0
2050,95,68,0.03161186777861029,0
2050,95,80,0.1741060506495252,0
2050,95,108,0.11840708113239347,0
2050,95,112,0.09935770709353413,0
2050,96,1,0.03163537458194988,0
2050,96,13,0.09670810453892967,0
2050,96,23,0.06770000528466069,0
2050,96,31,0.029078845863958192,0
2050,96,39,0.2201907821346872,0
2050,96,56,0.13237023495994535,0
2050,96,80,0.2741131765007638,0
2050,96,90,0.1482034761351053,0
2050,97,80,1.0,0
2050,98,40,1.0,0
2050,99,90,1.0,0
2050,100,16,0.026205945287176464,0
2050,100,20,0.053067734287879434,0
2050,100,24,0.02805134548610721,0
2050,100,49,0.12357201318509674,0
2050,100,76,0.08478577435175871,0
2050,100,89,0.1060250194004047,0
2050,100,90,0.4076529712760441,0
2050,100,100,0.07482220534044394,0
2050,100,107,0.020357971929779367,0
2050,100,112,0.06892277581778262,0
2050,101,49,1.0,0
2050,102,4,0.06146185395755391,0
2050,102,5,0.04059899214245319,0
2050,102,10,0.05029124588607109,0
2050,102,27,0.16396978912855512,0
2050,102,50,0.027651819103646877,0
2050,102,53,0.04725250309510541,0
2050,102,55,0.0878846760977916,0
2050,102,59,0.018683544179219205,0
2050,102,67,0.08674164865859099,0
2050,102,69,0.13080000658962,0
2050,102,85,0.043797718609305175,0
2050,102,93,0.015989784314173486,0
2050,102,110,0.20422330145615933,0
2050,103,27,1.0,0
2050,104,2,0.02248023774088759,0
2050,104,4,0.1048655454692512,0
2050,104,27,0.1889913722909088,0
2050,104,43,0.0783841719985131,0
2050,104,49,0.03422987615073414,0
2050,104,52,0.11044968584626255,0
2050,104,55,0.22725605568173682,0
2050,104,67,0.022523652200768938,0
2050,104,110,0.19661056074748023,0
2050,105,110,1.0,0
2050,106,5,0.26432902219462845,0
2050,106,10,0.030391391372404687,0
2050,106,25,0.03126577781802372,0
2050,106,27,0.022829876351445653,0
2050,106,53,0.02788524747049449,0
2050,106,73,0.03136203270794851,0
2050,106,80,0.10752072725746152,0
2050,106,96,0.10697007217024883,0
2050,106,107,0.14149907223411048,0
2050,106,110,0.1651369188503161,0
2050,106,112,0.07080986157291752,0
2050,107,5,0.07478702542190811,0
2050,107,7,0.1426019404778602,0
2050,107,23,0.030766273328653147,0
2050,107,25,0.023685129970709654,0
2050,107,39,0.021957745280065718,0
2050,107,45,0.028135222414249903,0
2050,107,53,0.0711951219359362,0
2050,107,64,0.03640112800122547,0
2050,107,90,0.029434179080251133,0
2050,107,96,0.07246397029688594,0
2050,107,107,0.15009325541682839,0
2050,107,112,0.27869614435086837,0
2050,107,119,0.034751407069635365,0
2050,108,112,1.0,0
2050,109,1,0.033190332552170014,0
2050,109,5,0.14197095105730811,0
2050,109,40,0.06854289975022311,0
2050,109,42,0.011197421608846332,0
2050,109,49,0.014605799402556114,0
2050,109,64,0.06567172935701113,0
2050,109,67,0.1430549495228941,0
2050,109,90,0.19933724559356858,0
2050,109,106,0.02700789147267161,0
2050,109,107,0.055695437713464524,0
2050,109,109,0.03506987878844891,0
2050,109,112,0.14198120229513672,0
2050,109,119,0.059934644762668736,0
2050,110,5,0.12575236990236505,0
2050,110,10,0.0760083522844117,0
2050,110,27,0.05006283855863042,0
2050,110,40,0.01669636457746383,0
2050,110,43,0.2775240591622172,0
2050,110,90,0.13158173574882706,0
2050,110,103,0.022026160468160787,0
2050,110,107,0.062445116824087654,0
2050,110,112,0.19579573981665307,0
2050,110,120,0.03669702642185811,0
2050,111,43,1.0,0
2050,112,5,0.05910070342773413,0
2050,112,23,0.043951973361576725,0
2050,112,31,0.08629561692116158,0
2050,112,40,0.07964301727098365,0
2050,112,43,0.21825899199168092,0
2050,112,49,0.14177857087400392,0
2050,112,55,0.046995041871291963,0
2050,112,67,0.039404954000555534,0
2050,112,71,0.05885984797332344,0
2050,112,90,0.0903851412676282,0
2050,112,110,0.025113224222537485,0
2050,112,119,0.08976199377736113,0
2050,113,5,1.0,0
2050,114,107,1.0,0
2050,115,1,0.015508134290203342,0
2050,115,11,0.020186573727424176,0
2050,115,14,0.10940576056647354,0
2050,115,23,0.11349182525039582,0
2050,115,32,0.0919259341561948,0
2050,115,39,0.026787438246135463,0
2050,115,45,0.012555006550570449,0
2050,115,46,0.038355757028796,0
2050,115,49,0.2242829485555125,0
2050,115,58,0.049447963079558524,0
2050,115,59,0.013678777239413376,0
2050,115,72,0.015292706653007667,0
2050,115,102,0.06758143547859846,0
2050,115,107,0.08819702125054703,0
2050,115,110,0.10387141773411639,0
2050,116,1,0.030916654938277624,0
2050,116,5,0.13083382699580048,0
2050,116,14,0.030079314498728933,0
2050,116,20,0.07493830088943762,0
2050,116,23,0.15331528928325386,0
2050,116,24,0.0291215906239794,0
2050,116,83,0.022938409506050417,0
2050,116,94,0.1446931589819694,0
2050,116,104,0.0978375342976832,0
2050,116,105,0.05707983549900509,0
2050,116,107,0.16689741254965887,0
2050,116,112,0.010924545394703401,0
2050,116,119,0.01982251284223818,0
2050,117,23,1.0,0
2050,118,6,0.08489537110258721,0
2050,118,9,0.06517616983295138,0
2050,118,13,0.02228245203653417,0
2050,118,23,0.18858435998549183,0
2050,118,28,0.024460921065861497,0
2050,118,35,0.023714616188418466,0
2050,118,43,0.042349620970619346,0
2050,118,46,0.12231096558412614,0
2050,118,49,0.024078123004606444,0
2050,118,55,0.16124957877140642,0
2050,118,56,0.058999943625293656,0
2050,118,107,0.05293243556218878,0
2050,118,110,0.04912147997872213,0
2050,118,112,0.021237767766668764,0
2050,119,55,1.0,0
2050,120,1,0.013054470481740956,0
2050,120,2,0.07413535771273622,0
2050,120,8,0.07649915158357999,0
2050,120,11,0.09545553237836556,0
2050,120,14,0.16135238866927065,0
2050,120,24,0.12786236802736076,0
2050,120,33,0.08898311323373397,0
2050,120,46,0.03285865870523385,0
2050,120,49,0.07334867682352833,0
2050,120,54,0.1482223999886715,0
2050,120,107,0.05924747816705497,0
2050,120,119,0.0248765203539158,0
2050,121,33,1.0,0
2050,122,9,0.02004593110106954,0
2050,122,14,0.09053768349214204,0
2050,122,24,0.2059532564474584,0
2050,122,25,0.024817927139601976,0
2050,122,33,0.23181844996641077,0
2050,122,34,0.06652831879593507,0
2050,122,42,0.06213831658246721,0
2050,122,56,0.01311430351281995,0
2050,122,82,0.08841740443949697,0
2050,122,104,0.06453432177426097,0
2050,122,107,0.12513654535665178,0
2050,123,46,1.0,0
2050,124,14,1.0,0
2050,125,6,0.032639465725138754,0
2050,125,8,0.1876769689616863,0
2050,125,18,0.01772804295238288,0
2050,125,29,0.054882840473270085,0
2050,125,34,0.010907072744341398,0
2050,125,46,0.10881324691690586,0
2050,125,50,0.14509115750941423,0
2050,125,54,0.11792447384984717,0
2050,125,62,0.05221212579758453,0
2050,125,71,0.27212460506942865,0
2050,126,50,1.0,0
2050,127,54,1.0,0
2050,128,24,1.0,0
2050,129,8,1.0,0
2050,130,34,1.0,0
2050,131,91,1.0,0
2050,132,2,1.0,0
2050,133,36,1.0,0
2050,134,104,1.0,0
2050,135,65,1.0,0
2050,136,8,0.039069762732182156,0
2050,136,18,0.013547439376557727,0
2050,136,34,0.035608530842624594,0
2050,136,45,0.0235842506133673,0
2050,136,46,0.19663611615864077,0
2050,136,49,0.0229985424939504,0
2050,136,65,0.09760583212659009,0
2050,136,82,0.21017837948207604,0
2050,136,88,0.02310742427166915,0
2050,136,91,0.1122995695423669,0
2050,136,102,0.08501916117418411,0
2050,136,111,0.029821141588989793,0
2050,136,116,0.06435441753001336,0
2050,136,118,0.040433804875918175,0
2050,137,11,0.044230914409366814,0
2050,137,14,0.08967263539747608,0
2050,137,27,0.06237692938200019,0
2050,137,32,0.02336002743422899,0
2050,137,34,0.12578010044360327,0
2050,137,36,0.07867365157660179,0
2050,137,42,0.2074856873592483,0
2050,137,47,0.02271163270023334,0
2050,137,54,0.05496311996402056,0
2050,137,59,0.09065775223190184,0
2050,137,70,0.03194480075599092,0
2050,137,82,0.1275687675939482,0
2050,137,110,0.01210949110953606,0
2050,137,116,0.024729560161175314,0
2050,138,82,1.0,0
2050,139,6,0.09497461000086918,0
2050,139,11,0.06602352252426937,0
2050,139,14,0.26204074435596153,0
2050,139,18,0.01815296535132715,0
2050,139,54,0.02462589697884589,0
2050,139,65,0.1278150682925168,0
2050,139,71,0.18700517546335704,0
2050,139,82,0.1943310456876378,0
2050,139,84,0.02228943331470021,0
2050,140,2,0.01462960721432318,0
2050,140,8,0.044433647280414185,0
2050,140,32,0.07570178452042302,0
2050,140,33,0.05716932063532325,0
2050,140,34,0.06234340971202957,0
2050,140,46,0.053659412127866055,0
2050,140,59,0.022537953614368868,0
2050,140,65,0.20868231579369104,0
2050,140,78,0.10620045969076324,0
2050,140,82,0.06505103028735022,0
2050,140,104,0.14793812056310893,0
2050,140,108,0.06842446411703958,0
2050,141,9,0.022356904685412737,0
2050,141,12,0.022863443456030072,0
2050,141,20,0.025455920160453904,0
2050,141,23,0.04238046171914459,0
2050,141,28,0.02093263286604464,0
2050,141,32,0.32015066265025255,0
2050,141,33,0.09367309199430597,0
2050,141,41,0.02018951799573601,0
2050,141,46,0.03654959689716205,0
2050,141,58,0.01105324677957136,0
2050,141,65,0.1677935759924876,0
2050,141,78,0.0815332410765444,0
2050,141,82,0.07947616649463944,0
2050,141,108,0.011958718815243144,0
2050,142,32,1.0,0
2050,143,19,0.04288347588759453,0
2050,143,20,0.10116766319280629,0
2050,143,24,0.019611969483434355,0
2050,143,32,0.25067829232582856,0
2050,143,36,0.15218774838817073,0
2050,143,60,0.18996925893344596,0
2050,143,65,0.035103276421669695,0
2050,143,80,0.055071818524399845,0
2050,143,83,0.03136890528517421,0
2050,143,94,0.021339492264063543,0
2050,143,104,0.06784295664341225,0
2050,143,118,0.023684365264805253,0
2050,144,1,0.02596476864864667,0
2050,144,16,0.04492955443462408,0
2050,144,20,0.02048272741137602,0
2050,144,23,0.02238927543717589,0
2050,144,24,0.12029178516475984,0
2050,144,28,0.06461496319784732,0
2050,144,32,0.29559087546720647,0
2050,144,34,0.04525338963892556,0
2050,144,46,0.018778264319138413,0
2050,144,58,0.09857031342136337,0
2050,144,59,0.04968152474050387,0
2050,144,78,0.06748647373207885,0
2050,144,94,0.02898558220038642,0
2050,144,104,0.06401215096751461,0
2050,145,1,0.07040210426028752,0
2050,145,16,0.035371993890463915,0
2050,145,20,0.030028098388022995,0
2050,145,23,0.0819185345415911,0
2050,145,24,0.22013507138523503,0
2050,145,32,0.16760478498481388,0
2050,145,58,0.07613978615608835,0
2050,145,60,0.03132665023934978,0
2050,145,78,0.13879410755124444,0
2050,145,82,0.10063353923700376,0
2050,145,104,0.012659449639585051,0
2050,146,11,0.05403333915137773,0
2050,146,23,0.11097094605128333,0
2050,146,27,0.04476731017285405,0
2050,146,32,0.1865693510678474,0
2050,146,34,0.15445787397171323,0
2050,146,46,0.04776932727992818,0
2050,146,54,0.01981042241422934,0
2050,146,71,0.02966856024773967,0
2050,146,78,0.23083549568028558,0
2050,146,110,0.06533965387032295,0
2050,147,6,0.04121681373896447,0
2050,147,23,0.14260634961103266,0
2050,147,27,0.020167690273998565,0
2050,147,32,0.1396638729648214,0
2050,147,34,0.2988820165316867,0
2050,147,40,0.03972716895412244,0
2050,147,42,0.16510592343714442,0
2050,147,43,0.08741557931386038,0
2050,148,21,0.05758022699177889,0
2050,148,23,0.059137622347240223,0
2050,148,46,0.016139661484488782,0
2050,148,49,0.010998262473222234,0
2050,148,51,0.044748486332064186,0
2050,148,54,0.06617607535080655,0
2050,148,56,0.02611062876487201,0
2050,148,59,0.15566197934060944,0
2050,148,65,0.024938436242666187,0
2050,148,66,0.04611077192865412,0
2050,148,71,0.13012525383697301,0
2050,148,78,0.10330497784387901,0
2050,148,91,0.24920080785853665,0
2050,149,8,0.04211099824198812,0
2050,149,12,0.013095220648448768,0
2050,149,16,0.22537237929997134,0
2050,149,24,0.13418666625513703,0
2050,149,46,0.05489567826842642,0
2050,149,59,0.04762462925789783,0
2050,149,60,0.04700311476697548,0
2050,149,66,0.03191111220672898,0
2050,149,71,0.14866959542470748,0
2050,149,82,0.1914897563210693,0
2050,149,104,0.0471554047332781,0
2050,149,117,0.015292296099317856,0
2050,150,11,0.2085010512413214,0
2050,150,12,0.08009595544773004,0
2050,150,14,0.08332662272252372,0
2050,150,24,0.07020474276203897,0
2050,150,34,0.01783504412322559,0
2050,150,36,0.13878470120349073,0
2050,150,42,0.019014051267323376,0
2050,150,59,0.1732804308055455,0
2050,150,71,0.07128292771162256,0
2050,150,118,0.13732304854842436,0
2050,151,2,0.06290996528272033,0
2050,151,4,0.1072048478815685,0
2050,151,14,0.01950180238038996,0
2050,151,50,0.15886443963786864,0
2050,151,59,0.07482276296711105,0
2050,151,71,0.26169602594196706,0
2050,151,82,0.14799598601439298,0
2050,151,85,0.044703503529336094,0
2050,151,100,0.11253292224532319,0
2050,152,4,0.059291759530659835,0
2050,152,14,0.019023567172499797,0
2050,152,24,0.03926912528438896,0
2050,152,34,0.03587207280034001,0
2050,152,36,0.0232914436865621,0
2050,152,50,0.16031645358549781,0
2050,152,58,0.01994451168207436,0
2050,152,59,0.14921487008975273,0
2050,152,79,0.020341696962279755,0
2050,152,85,0.09898926152325005,0
2050,152,91,0.07027864767642936,0
2050,152,100,0.19185345158398953,0
2050,152,118,0.10622525448007963,0
2050,153,71,1.0,0
2050,154,118,1.0,0
2050,155,5,0.15960463698174163,0
2050,155,16,0.11242240576856896,0
2050,155,24,0.2603880236515886,0
2050,155,36,0.0917776561651304,0
2050,155,42,0.05417898443344863,0
2050,155,100,0.1864479817427384,0
2050,155,118,0.08141434487083155,0
2050,155,120,0.037750364647600836,0
2050,156,16,0.12751632776025046,0
2050,156,28,0.03806138410849666,0
2050,156,46,0.17129795987154967,0
2050,156,56,0.05224940675094504,0
2050,156,59,0.278076805372233,0
2050,156,78,0.06276849286957702,0
2050,156,91,0.10328744974672667,0
2050,156,104,0.16213317164916735,0
2050,157,59,1.0,0
2050,158,5,0.07135521842742386,0
2050,158,16,0.02394795975475091,0
2050,158,24,0.05024775105099227,0
2050,158,36,0.1608235903743185,0
2050,158,59,0.3075056566155541,0
2050,158,86,0.062299938457645705,0
2050,158,90,0.011749044016953257,0
2050,158,118,0.14237117402152719,0
2050,158,119,0.10136429445339727,0
2050,158,120,0.06833537282743689,0
2050,159,8,0.06942737565834928,0
2050,159,13,0.036939081639547,0
2050,159,24,0.13640782448941832,0
2050,159,50,0.05620552549684447,0
2050,159,60,0.06216731204056201,0
2050,159,63,0.11362709368430984,0
2050,159,82,0.0743219820197599,0
2050,159,100,0.053037485445436204,0
2050,159,107,0.07298815337481768,0
2050,159,115,0.010129502993118093,0
2050,159,118,0.04756914484978198,0
2050,159,119,0.2619109923953804,0
2050,160,8,0.12499473163753377,0
2050,160,13,0.04116556632392094,0
2050,160,33,0.06560973646157665,0
2050,160,35,0.07558327168249798,0
2050,160,41,0.01853815610891811,0
2050,160,46,0.07392831164800809,0
2050,160,50,0.017550468488759616,0
2050,160,78,0.20445092519472555,0
2050,160,119,0.36152788399378416,0
2050,161,119,1.0,0
2050,162,16,0.18258802684749312,0
2050,162,24,0.037644764611822465,0
2050,162,28,0.056452532171551426,0
2050,162,60,0.07807562469301192,0
2050,162,63,0.019214448441480198,0
2050,162,83,0.04401385798673574,0
2050,162,87,0.014058864662815227,0
2050,162,104,0.01370607099223762,0
2050,162,107,0.1568068279281418,0
2050,162,115,0.09668452449725007,0
2050,162,117,0.04144319536088417,0
2050,162,118,0.05845678511835353,0
2050,162,119,0.18624502968545495,0
2050,163,1,0.10072100756421608,0
2050,163,5,0.01910468755047147,0
2050,163,16,0.2110634803822517,0
2050,163,17,0.05808312978351911,0
2050,163,20,0.05462204931406119,0
2050,163,24,0.109849543426826,0
2050,163,28,0.0744054057351112,0
2050,163,33,0.035990183353999707,0
2050,163,41,0.0372348374995222,0
2050,163,78,0.15947777752428008,0
2050,163,119,0.136459513269064,0
2050,164,1,0.07258122680675635,0
2050,164,8,0.07676956381592712,0
2050,164,16,0.0725477544264827,0
2050,164,20,0.022992402736698003,0
2050,164,23,0.05091494729382405,0
2050,164,28,0.10313604761318491,0
2050,164,32,0.061844344261037895,0
2050,164,41,0.2598632859477096,0
2050,164,49,0.010336628833551008,0
2050,164,78,0.08536791557669697,0
2050,164,83,0.08943231169391433,0
2050,164,104,0.030936268555646254,0
2050,164,119,0.04910708418831218,0
2050,165,1,0.05115588348403338,0
2050,165,5,0.18599113885179014,0
2050,165,11,0.017414796580039065,0
2050,165,24,0.06802981571244136,0
2050,165,36,0.09848864090974102,0
2050,165,41,0.05877667465257192,0
2050,165,42,0.15861052128081365,0
2050,165,70,0.03749659013225751,0
2050,165,75,0.03557261290926471,0
2050,165,76,0.03689220955008278,0
2050,165,107,0.03499516656470515,0
2050,165,115,0.10551126513362442,0
2050,165,119,0.0645029648555758,0
2050,166,1,0.01673873910783946,0
2050,166,5,0.17331375400284957,0
2050,166,16,0.06459701093780953,0
2050,166,19,0.016546693986734615,0
2050,166,32,0.07414955730255428,0
2050,166,36,0.11106544720897725,0
2050,166,63,0.07555146585859776,0
2050,166,78,0.20873193824703468,0
2050,166,81,0.016573076690699833,0
2050,166,82,0.07099426354829712,0
2050,166,83,0.06378831744204888,0
2050,166,85,0.013258689287771904,0
2050,166,118,0.048607499140517124,0
2050,166,119,0.03172284127611483,0
2050,167,16,0.14409618929870158,0
2050,167,20,0.09143817686524565,0
2050,167,23,0.034597844417743946,0
2050,167,32,0.11467524413281839,0
2050,167,34,0.011163932199599835,0
2050,167,36,0.05565075856793101,0
2050,167,42,0.05468146761167297,0
2050,167,58,0.04971488603447124,0
2050,167,65,0.028272385749425817,0
2050,167,78,0.1392516161783465,0
2050,167,104,0.08417087190790995,0
2050,167,119,0.11458393672337851,0
2050,168,6,0.058273744530454676,0
2050,168,32,0.3515139846094743,0
2050,168,41,0.01859069160798758,0
2050,168,42,0.05390328347600497,0
2050,168,46,0.042974746129946215,0
2050,168,55,0.03775296857204331,0
2050,168,57,0.0548394213750804,0
2050,168,71,0.11281339820638828,0
2050,168,91,0.07067007715586933,0
2050,168,102,0.06271958582315619,0
2050,168,115,0.017043796808804357,0
2050,168,119,0.010246213661417173,0
2050,169,2,0.03082434018736677,0
2050,169,8,0.07497926065937101,0
2050,169,23,0.05813259565774167,0
2050,169,26,0.05740595285458424,0
2050,169,41,0.12201605836209095,0
2050,169,42,0.12657823371052224,0
2050,169,59,0.13537836773287437,0
2050,169,63,0.10136438838433856,0
2050,169,66,0.01633938637086625,0
2050,169,78,0.017001005260233244,0
2050,169,80,0.017016700366166485,0
2050,169,82,0.019955420403322457,0
2050,169,97,0.02466007869116476,0
2050,169,113,0.020166550198372834,0
2050,169,114,0.06095513596607834,0
2050,169,115,0.021460338935593123,0
2050,169,118,0.0853013232140371,0
2050,170,1,0.08016220687142868,0
2050,170,8,0.14235173253619954,0
2050,170,28,0.046484876300266556,0
2050,170,34,0.04206344397973839,0
2050,170,36,0.018498298096896754,0
2050,170,42,0.06319216021052597,0
2050,170,59,0.03636641948395556,0
2050,170,63,0.06894493787025331,0
2050,170,75,0.11184724204511878,0
2050,170,78,0.25000934877029796,0
2050,170,82,0.023109427394457684,0
2050,170,87,0.04279114961855983,0
2050,170,104,0.0367052311636413,0
2050,170,116,0.030881961812908955,0
2050,171,1,0.14795158326592484,0
2050,171,16,0.14562195743439468,0
2050,171,23,0.08797151995540912,0
2050,171,24,0.02286309423916818,0
2050,171,28,0.01635392418695674,0
2050,171,34,0.11674134938409511,0
2050,171,56,0.020129695808185022,0
2050,171,65,0.05507949798323696,0
2050,171,78,0.31459353983541344,0
2050,171,104,0.029021503135390196,0
2050,171,116,0.0171244884007673,0
2050,172,1,0.1582426637007943,0
2050,172,16,0.15898639392769842,0
2050,172,23,0.15103731148246874,0
2050,172,28,0.08772915741442647,0
2050,172,34,0.060329422922181256,0
2050,172,46,0.031800715673957064,0
2050,172,78,0.16912936720573682,0
2050,172,82,0.0791385987818991,0
2050,172,91,0.06033431799612791,0
2050,173,1,0.11177795010755645,0
2050,173,2,0.010810506564312844,0
2050,173,8,0.024752810756800723,0
2050,173,13,0.02285249611696239,0
2050,173,16,0.05180991304096595,0
2050,173,23,0.06966296465497597,0
2050,173,24,0.10412315797122976,0
2050,173,35,0.05361913765526245,0
2050,173,41,0.04909817085559116,0
2050,173,46,0.060081265458824244,0
2050,173,60,0.01029353881807629,0
2050,173,75,0.018064551923086928,0
2050,173,78,0.3958689597264366,0
2050,173,115,0.017184576349918122,0
2050,174,41,1.0,0
2050,175,5,0.027283921013969845,0
2050,175,36,0.16639260611652673,0
2050,175,41,0.17587360905675994,0
2050,175,42,0.2659952580819984,0
2050,175,55,0.013706247339396046,0
2050,175,85,0.07442594299359388,0
2050,175,118,0.09928189920456211,0
2050,175,119,0.03046400652659931,0
2050,175,120,0.038792973190662765,0
2050,176,1,0.04713121583135602,0
2050,176,5,0.05611287701193271,0
2050,176,16,0.33486727910704905,0
2050,176,24,0.0333105989738024,0
2050,176,31,0.05117697593243478,0
2050,176,36,0.09766549780307633,0
2050,176,42,0.257985776400823,0
2050,176,90,0.09349021066019964,0
2050,177,1,0.13039997161010006,0
2050,177,9,0.04242329827468357,0
2050,177,16,0.2664056193768463,0
2050,177,24,0.01838220549563696,0
2050,177,28,0.1620293833931757,0
2050,177,33,0.013593741641094134,0
2050,177,34,0.055112266665877985,0
2050,177,42,0.16965722591663884,0
2050,177,65,0.02710945491038604,0
2050,177,78,0.01600657865277202,0
2050,177,104,0.03935422410266102,0
2050,177,107,0.015348683201578554,0
2050,178,1,0.0928777179165654,0
2050,178,9,0.0370624709369791,0
2050,178,16,0.15749321488551649,0
2050,178,23,0.022365493751678116,0
2050,178,28,0.20537956065059726,0
2050,178,65,0.09136314783139377,0
2050,178,78,0.3001054242403017,0
2050,178,82,0.044909740606377396,0
2050,178,91,0.03639719318950134,0
2050,178,102,0.010224279527914644,0
2050,179,1,0.08625855815052302,0
2050,179,9,0.0768572800989886,0
2050,179,16,0.18969392161156243,0
2050,179,28,0.20203030455094853,0
2050,179,32,0.04537507411293469,0
2050,179,34,0.1604413727786848,0
2050,179,78,0.22194233758749599,0
2050,180,1,0.12106897458706037,0
2050,180,16,0.35990093439267,0
2050,180,28,0.03568510895852834,0
2050,180,34,0.04156663210642043,0
2050,180,42,0.10173450719210271,0
2050,180,65,0.09407363116556751,0
2050,180,78,0.15969055775514593,0
2050,180,91,0.05196169691714523,0
2050,181,1,0.035706190542104874,0
2050,181,16,0.3833721010749947,0
2050,181,23,0.037012488540548324,0
2050,181,24,0.028481633217493273,0
2050,181,28,0.1026216252227866,0
2050,181,34,0.09546174256735951,0
2050,181,42,0.06386494975860396,0
2050,181,82,0.03174269951856798,0
2050,181,115,0.082286354244713,0
2050,182,8,0.1286223540281893,0
2050,182,28,0.26590564135850936,0
2050,182,41,0.14598557902356807,0
2050,182,78,0.04432807389716817,0
2050,182,115,0.24645074463825478,0
2050,182,119,0.06025744560207024,0
2050,183,1,0.015251032075462481,0
2050,183,16,0.13837930881816718,0
2050,183,27,0.010885871979165834,0
2050,183,28,0.08829507049235694,0
2050,183,36,0.06416853771861838,0
2050,183,63,0.024629292319159023,0
2050,183,71,0.01960988750912259,0
2050,183,78,0.2608905812289155,0
2050,183,91,0.07928685774173228,0
2050,183,115,0.19556136817971062,0
2050,183,116,0.10304219193758907,0
2050,184,16,1.0,0
2050,185,1,0.03042768757057949,0
2050,185,8,0.03321025747123161,0
2050,185,16,0.3535195615033727,0
2050,185,17,0.04110831126796497,0
2050,185,28,0.3948625461642828,0
2050,185,46,0.04624311925439033,0
2050,185,78,0.05179294620963505,0
2050,185,104,0.018186735785438887,0
2050,185,114,0.019727808224441604,0
2050,186,1,0.11081913586012254,0
2050,186,16,0.22358528189317226,0
2050,186,24,0.09763769994245597,0
2050,186,28,0.04350202456128619,0
2050,186,78,0.3034847717198567,0
2050,186,83,0.027907566616903072,0
2050,186,100,0.03625963320823838,0
2050,186,115,0.1439873298170691,0
2050,187,12,0.02722517428460479,0
2050,187,16,0.09412031688249406,0
2050,187,27,0.04812102552213355,0
2050,187,28,0.07004373719175838,0
2050,187,36,0.05142229283879376,0
2050,187,42,0.18234494693418868,0
2050,187,59,0.14653691556230572,0
2050,187,67,0.07324524333600067,0
2050,187,71,0.09587259095124248,0
2050,187,78,0.09202398132432492,0
2050,187,116,0.07287699835596387,0
2050,187,118,0.03581537924639219,0
2050,188,100,1.0,0
2050,189,6,0.19443902332358382,0
2050,189,11,0.26941546768400687,0
2050,189,21,0.012588249831577643,0
2050,189,29,0.013267872115080959,0
2050,189,41,0.033843502553683874,0
2050,189,42,0.011551206647763745,0
2050,189,62,0.024930579605893215,0
2050,189,71,0.2404842317798766,0
2050,189,75,0.056095656276025224,0
2050,189,81,0.03593779645063284,0
2050,189,100,0.06134457491619925,0
2050,189,118,0.046101838815675436,0
2050,190,11,0.036269704177240805,0
2050,190,42,0.13186514278145806,0
2050,190,47,0.06961021300497662,0
2050,190,63,0.1135004453625977,0
2050,190,75,0.12099259820386989,0
2050,190,80,0.029966226736698062,0
2050,190,81,0.017955098788838685,0
2050,190,116,0.30014206525813425,0
2050,190,118,0.16892401795729767,0
2050,190,120,0.010069722765284665,0
2050,191,42,1.0,0
2050,192,1,0.014649494498671034,0
2050,192,16,0.2503555695293572,0
2050,192,20,0.018626378206719106,0
2050,192,28,0.24144644158512124,0
2050,192,42,0.09777428528736357,0
2050,192,60,0.019777258385909654,0
2050,192,65,0.030545202880802917,0
2050,192,76,0.06486287369732695,0
2050,192,78,0.08028157495771607,0
2050,192,100,0.16692104073465913,0
2050,193,1,0.09950789200226973,0
2050,193,28,0.2099924469215101,0
2050,193,39,0.029807547519022294,0
2050,193,60,0.0304222302368837,0
2050,193,78,0.32961169994342937,0
2050,193,82,0.04082012162229499,0
2050,193,100,0.21467376923500237,0
2050,193,115,0.036767313624244576,0
2050,194,1,0.06314685463540103,0
2050,194,9,0.02561366054526653,0
2050,194,16,0.11290143853841109,0
2050,194,28,0.027129865620122103,0
2050,194,35,0.03888308665370669,0
2050,194,39,0.015117060620175328,0
2050,194,57,0.034301036647557875,0
2050,194,60,0.04587451093432173,0
2050,194,78,0.6316171113403389,0
2050,195,78,1.0,0
2050,196,5,0.08242994589597859,0
2050,196,16,0.010448309176876485,0
2050,196,36,0.026140942020747533,0
2050,196,42,0.08006699945765167,0
2050,196,59,0.024359410088898033,0
2050,196,78,0.5718629630863724,0
2050,196,115,0.11731575542554623,0
2050,197,1,0.03382373423564204,0
2050,197,16,0.17834992144040204,0
2050,197,24,0.07159042684286078,0
2050,197,28,0.21045645952215997,0
2050,197,42,0.09591812599461635,0
2050,197,76,0.04517180800398436,0
2050,197,78,0.1117686921554586,0
2050,197,107,0.08872446268506162,0
2050,197,115,0.1327370445551522,0
2050,198,28,1.0,0
2050,199,1,0.018716768076464326,0
2050,199,28,0.29786801313349004,0
2050,199,31,0.018578563233110593,0
2050,199,32,0.05191375271508456,0
2050,199,42,0.14726569412570936,0
2050,199,59,0.06300380782140273,0
2050,199,67,0.10132564823884445,0
2050,199,71,0.07163631710904492,0
2050,199,78,0.019411061668950805,0
2050,199,115,0.1085545968624713,0
2050,199,116,0.013273448194128016,0
2050,199,118,0.07264963872788857,0
2050,200,1,0.10549745774545169,0
2050,200,5,0.058204377244835105,0
2050,200,16,0.08033758737923899,0
2050,200,28,0.16052891447630674,0
2050,200,41,0.04645324970587809,0
2050,200,60,0.10361610751691237,0
2050,200,63,0.05264919147345826,0
2050,200,78,0.08494039074952374,0
2050,200,100,0.2239466390275406,0
2050,200,104,0.05293160741276613,0
2050,200,120,0.013730871241796228,0
2050,201,1,0.0616441379556416,0
2050,201,11,0.04619712629727472,0
2050,201,16,0.14329560436616712,0
2050,201,23,0.054547938916040595,0
2050,201,28,0.17881548979500655,0
2050,201,30,0.01302239396125939,0
2050,201,34,0.04464973978470666,0
2050,201,42,0.16645134089352936,0
2050,201,58,0.02454546920447308,0
2050,201,78,0.0809412696359123,0
2050,201,85,0.12408714204045683,0
2050,201,107,0.03223032762621343,0
2050,202,11,0.02934118527083256,0
2050,202,28,0.2510214905322051,0
2050,202,42,0.037501322219998134,0
2050,202,55,0.01258398141795288,0
2050,202,71,0.2281065906398921,0
2050,202,78,0.024300106290118556,0
2050,202,110,0.02730105883701766,0
2050,202,115,0.22932205223034305,0
2050,202,118,0.07050952635360398,0
2050,203,20,0.10455863977853604,0
2050,203,24,0.014565506994643195,0
2050,203,28,0.20463070305003744,0
2050,203,36,0.03951449222000527,0
2050,203,42,0.02316231968700164,0
2050,203,78,0.09917687610044638,0
2050,203,90,0.025995243563800747,0
2050,203,100,0.32630176687712953,0
2050,203,107,0.01423038668518987,0
2050,203,118,0.04407827532264206,0
2050,204,1,0.046381224459186014,0
2050,204,5,0.08993903017319378,0
2050,204,11,0.13434779554017828,0
2050,204,24,0.03801730843074452,0
2050,204,28,0.018645280856386278,0
2050,204,32,0.03883012325825167,0
2050,204,42,0.12971302360624906,0
2050,204,76,0.05364492211805697,0
2050,204,78,0.1643083454186483,0
2050,204,85,0.10425352752004122,0
2050,204,90,0.022212657911480114,0
2050,204,115,0.07542426037872077,0
2050,204,116,0.033648369006807136,0
2050,205,1,0.08805003337066286,0
2050,205,16,0.1383325620618272,0
2050,205,20,0.14268514599962212,0
2050,205,24,0.08645468802299415,0
2050,205,60,0.07019928707980902,0
2050,205,78,0.1158108108797669,0
2050,205,85,0.11354726629294978,0
2050,205,100,0.10262350521219026,0
2050,205,107,0.07749253038405338,0
2050,205,116,0.01941930549390896,0
2050,206,11,1.0,0
2050,207,85,1.0,0
2050,208,60,1.0,0
2050,209,6,0.08879119133480087,0
2050,209,11,0.16604883628898343,0
2050,209,28,0.017567125969503633,0
2050,209,35,0.012752369924632695,0
2050,209,41,0.018703342360059248,0
2050,209,46,0.06276828159237072,0
2050,209,60,0.42271969145300364,0
2050,209,78,0.09710813761192659,0
2050,209,116,0.06256042002850859,0
2050,210,6,0.014279470871208405,0
2050,210,11,0.20010514811336028,0
2050,210,14,0.023339440623330206,0
2050,210,28,0.07386025748386368,0
2050,210,50,0.03576896047443895,0
2050,210,55,0.11200188030285473,0
2050,210,60,0.11986149081016047,0
2050,210,71,0.045080713304423196,0
2050,210,95,0.07300185186250296,0
2050,210,116,0.2481034835411054,0
2050,211,116,1.0,0
2050,212,1,0.04935784648020074,0
2050,212,5,0.09457100127530979,0
2050,212,16,0.02596865882037675,0
2050,212,42,0.36528234145253463,0
2050,212,85,0.09507783583590498,0
2050,212,108,0.05200685717202691,0
2050,212,116,0.2717657182519932,0
2050,213,1,0.05252797846939741,0
2050,213,16,0.13344401228178934,0
2050,213,20,0.06872961647754523,0
2050,213,28,0.05559306328616274,0
2050,213,42,0.09516991551806252,0
2050,213,56,0.03351428970190249,0
2050,213,59,0.02660909094292297,0
2050,213,61,0.02289869061762925,0
2050,213,78,0.1376274783228679,0
2050,213,79,0.017217945326709803,0
2050,213,90,0.014861064824420211,0
2050,213,107,0.06740038793601709,0
2050,213,115,0.10274967046672191,0
2050,213,116,0.12703320204193902,0
2050,214,1,0.10637269123429842,0
2050,214,16,0.5074735802065766,0
2050,214,20,0.028188219603098197,0
2050,214,23,0.02127321892200058,0
2050,214,28,0.07917860584690418,0
2050,214,31,0.021023361960693814,0
2050,214,61,0.024242911523569256,0
2050,214,107,0.010919605777570035,0
2050,214,116,0.11867718080585875,0
2050,215,1,0.030155946828828845,0
2050,215,16,0.0748073727267196,0
2050,215,23,0.014505417263162875,0
2050,215,28,0.4331084788523406,0
2050,215,49,0.07146547840735457,0
2050,215,60,0.015204988931500931,0
2050,215,102,0.10495626842479394,0
2050,215,115,0.12246006257064355,0
2050,215,116,0.10731324373616721,0
2050,216,16,0.1561849394319466,0
2050,216,28,0.09472290712953796,0
2050,216,42,0.09434279631886251,0
2050,216,49,0.1569652863857471,0
2050,216,59,0.026893037656420666,0
2050,216,60,0.08622624399067277,0
2050,216,71,0.048139870794468145,0
2050,216,95,0.0390523467010128,0
2050,216,115,0.17714066276171486,0
2050,217,5,0.026136484449450326,0
2050,217,16,0.2258166992662106,0
2050,217,28,0.04484488960084105,0
2050,217,56,0.028718013521656687,0
2050,217,59,0.03800723605323772,0
2050,217,60,0.1308503517697572,0
2050,217,79,0.09778007047962582,0
2050,217,85,0.019405938140599894,0
2050,217,100,0.050424894082727656,0
2050,217,107,0.053367338987447555,0
2050,217,115,0.10042304934776651,0
2050,217,116,0.0281865063120837,0
2050,218,1,0.11851067920838078,0
2050,218,16,0.05424565362249361,0
2050,218,28,0.08788577940144247,0
2050,218,31,0.04945747313255775,0
2050,218,78,0.0980624782674999,0
2050,218,104,0.08256015348803211,0
2050,218,115,0.39165096568672864,0
2050,218,116,0.05236559932975866,0
2050,219,1,0.1469564085130794,0
2050,219,16,0.11523577249781436,0
2050,219,32,0.018311577101051163,0
2050,219,42,0.02735403148686181,0
2050,219,65,0.055742062024960924,0
2050,219,78,0.2305695625908983,0
2050,219,87,0.037425934767783504,0
2050,219,90,0.05616160566263557,0
2050,219,107,0.011593423506519743,0
2050,219,115,0.24648050909806113,0
2050,220,1,0.023635737000188325,0
2050,220,16,0.23582678521274572,0
2050,220,20,0.01735648684869802,0
2050,220,42,0.07587109341108361,0
2050,220,59,0.032784895392048374,0
2050,220,60,0.022198525374764428,0
2050,220,61,0.06416967594244298,0
2050,220,78,0.2049275977106828,0
2050,220,87,0.14010947343317795,0
2050,220,94,0.018995292053927394,0
2050,220,102,0.014208699824110736,0
2050,220,115,0.08476291828290747,0
2050,221,1,0.05766005398056403,0
2050,221,9,0.05311260877285024,0
2050,221,16,0.1380103358007884,0
2050,221,28,0.08287967193101795,0
2050,221,56,0.07782580314745562,0
2050,221,78,0.18571726539876068,0
2050,221,87,0.06447766402125878,0
2050,221,104,0.04188198599636076,0
2050,221,105,0.07906379815880171,0
2050,221,115,0.09997280221341039,0
2050,221,116,0.05061642849973457,0
2050,222,1,0.13771898863850254,0
2050,222,9,0.030907356878276084,0
2050,222,16,0.13236920517316964,0
2050,222,23,0.0258810256785435,0
2050,222,28,0.13411229660342408,0
2050,222,56,0.025212548433790758,0
2050,222,78,0.23847082635073077,0
2050,222,87,0.024632713455525306,0
2050,222,104,0.030769573994345805,0
2050,222,108,0.01724524087015041,0
2050,222,115,0.09932375269149261,0
2050,222,116,0.02163351554331813,0
2050,223,1,0.0867047244131676,0
2050,223,5,0.032887415256436514,0
2050,223,16,0.11677628705305172,0
2050,223,24,0.012183388446277489,0
2050,223,31,0.029300620744533063,0
2050,223,78,0.21621723512721192,0
2050,223,83,0.04794717346448826,0
2050,223,104,0.047087995294748115,0
2050,223,115,0.12814807125183122,0
2050,223,116,0.10744630670062995,0
2050,223,119,0.01310353962096665,0
2050,224,1,0.0164780460258416,0
2050,224,16,0.06924846548505896,0
2050,224,28,0.03309068303197377,0
2050,224,60,0.08299200213036094,0
2050,224,78,0.1426515327047647,0
2050,224,83,0.03809564134660668,0
2050,224,87,0.02754255469864134,0
2050,224,107,0.018802331199540667,0
2050,224,115,0.2712671715218096,0
2050,224,119,0.12465320091424617,0
2050,225,1,0.049160343313991904,0
2050,225,11,0.0855879295460633,0
2050,225,16,0.0673140143920676,0
2050,225,20,0.0524363181106358,0
2050,225,28,0.07705095627551062,0
2050,225,53,0.011780607707732435,0
2050,225,60,0.12291879622826922,0
2050,225,63,0.017367214352979457,0
2050,225,81,0.04573243306929905,0
2050,225,83,0.04391138339514433,0
2050,225,115,0.24000674578660966,0
2050,225,116,0.06756280161965615,0
2050,225,119,0.11181039003934219,0
2050,226,1,0.07223366215978912,0
2050,226,11,0.07055708266885123,0
2050,226,16,0.016190893245236326,0
2050,226,34,0.010983346339348212,0
2050,226,42,0.07665945604760349,0
2050,226,54,0.01783423769396425,0
2050,226,63,0.08373561265244484,0
2050,226,75,0.09271143292546719,0
2050,226,78,0.1786175653598471,0
2050,226,85,0.03674600387838125,0
2050,226,87,0.03203249490165564,0
2050,226,111,0.06120318975685001,0
2050,226,115,0.052810944200967935,0
2050,226,116,0.1684345372033396,0
2050,227,1,0.11743041342043871,0
2050,227,5,0.0531318932823042,0
2050,227,11,0.14928160960070436,0
2050,227,16,0.08042895376904163,0
2050,227,24,0.04049416504695171,0
2050,227,42,0.10367356950024452,0
2050,227,75,0.07203734291781917,0
2050,227,76,0.04532816165327996,0
2050,227,83,0.03046514889739691,0
2050,227,85,0.028293697218121718,0
2050,227,95,0.05291805970378521,0
2050,227,115,0.0851211182266482,0
2050,227,119,0.03253315244444849,0
2050,228,1,0.1290727631502676,0
2050,228,5,0.10096391973425396,0
2050,228,11,0.142527658310232,0
2050,228,24,0.017147839091989078,0
2050,228,42,0.017499208955761583,0
2050,228,70,0.023450831329829145,0
2050,228,75,0.03381173761603538,0
2050,228,76,0.09659791421306525,0
2050,228,115,0.10360075540931606,0
2050,228,116,0.08664902822437853,0
2050,228,118,0.023314070191562102,0
2050,228,119,0.06572398939895593,0
2050,228,120,0.06965679627733144,0
2050,229,1,0.06758245633715003,0
2050,229,4,0.03223441570124239,0
2050,229,5,0.05493824228498409,0
2050,229,11,0.17046799588105363,0
2050,229,42,0.06419786859553922,0
2050,229,63,0.10289041994196865,0
2050,229,70,0.08336978912614448,0
2050,229,95,0.08091579805376335,0
2050,229,115,0.13732495515308724,0
2050,229,116,0.04685399619760449,0
2050,229,118,0.12859005939618212,0
2050,230,4,0.019140181770018177,0
2050,230,11,0.13468666456935705,0
2050,230,42,0.15701163199045703,0
2050,230,63,0.04076874557807244,0
2050,230,76,0.03908680613146383,0
2050,230,78,0.12490194763093704,0
2050,230,85,0.014617231617077169,0
2050,230,95,0.13343212333092988,0
2050,230,110,0.03975973098948066,0
2050,230,115,0.09631834870081926,0
2050,230,118,0.12157355886449205,0
2050,231,20,0.01718695524440654,0
2050,231,28,0.011467631261270329,0
2050,231,32,0.04548657512329797,0
2050,231,34,0.010160189399084583,0
2050,231,42,0.20760475917459772,0
2050,231,59,0.033220523955608865,0
2050,231,76,0.0599823759766034,0
2050,231,78,0.22734808146051957,0
2050,231,89,0.05632249642252985,0
2050,231,95,0.05683677928425296,0
2050,231,115,0.1523218912591896,0
2050,232,1,0.03717565047403129,0
2050,232,9,0.07112791693455128,0
2050,232,16,0.15385956221789546,0
2050,232,28,0.10323230422422205,0
2050,232,32,0.04465428234516677,0
2050,232,42,0.0330091775199563,0
2050,232,56,0.14542172349846663,0
2050,232,65,0.018699988115456204,0
2050,232,78,0.0756394922068787,0
2050,232,102,0.057913476309707175,0
2050,232,115,0.19784018017148383,0
2050,233,9,0.06765370653227376,0
2050,233,16,0.1393708030144181,0
2050,233,28,0.07680168665107716,0
2050,233,42,0.03421727306300009,0
2050,233,56,0.09409482843836602,0
2050,233,102,0.13804056923708002,0
2050,233,115,0.4122354803770052,0
2050,234,115,1.0,0
2050,235,8,0.023327919180613693,0
2050,235,11,0.13716009850258784,0
2050,235,18,0.062203803811264446,0
2050,235,21,0.026864627714532796,0
2050,235,28,0.1156610255487811,0
2050,235,49,0.0812319914238086,0
2050,235,63,0.16009039733692945,0
2050,235,75,0.022656410816333288,0
2050,235,81,0.0233289537399768,0
2050,235,111,0.055513791713942134,0
2050,235,115,0.28290838059765455,0
2050,236,75,1.0,0
2050,237,6,0.02028699157749469,0
2050,237,11,0.01782265847701078,0
2050,237,21,0.0528541198634291,0
2050,237,28,0.13917240778418205,0
2050,237,35,0.07546399045449807,0
2050,237,41,0.07034919260814416,0
2050,237,50,0.02526112420938691,0
2050,237,71,0.09331736414012819,0
2050,237,75,0.08697777981679784,0
2050,237,81,0.13651839982066763,0
2050,237,85,0.08534062022684981,0
2050,237,95,0.18528274185504712,0
2050,238,28,0.2248943169838704,0
2050,238,49,0.037825377901615706,0
2050,238,50,0.024146872733023655,0
2050,238,60,0.06344410601226165,0
2050,238,71,0.19484929032357814,0
2050,238,81,0.1940395528407247,0
2050,238,83,0.01207742961864726,0
2050,238,95,0.02763647996130081,0
2050,238,100,0.04251934167896573,0
2050,238,102,0.023988961328287168,0
2050,238,115,0.061319906600943504,0
2050,238,117,0.022045258709471216,0
2050,239,11,0.1715582826098644,0
2050,239,14,0.018919231293386046,0
2050,239,16,0.01518463746340541,0
2050,239,21,0.03861525448490553,0
2050,239,27,0.03593181116103942,0
2050,239,28,0.26233613832128744,0
2050,239,44,0.0532382551435765,0
2050,239,47,0.024609872975563503,0
2050,239,63,0.034491409239586705,0
2050,239,67,0.09149373802378029,0
2050,239,71,0.06381176085977701,0
2050,239,75,0.020909421492185356,0
2050,239,100,0.052131674531601495,0
2050,239,105,0.04946418363165039,0
2050,239,111,0.033691606155706925,0
2050,240,16,0.1429724476738935,0
2050,240,19,0.042623094469528326,0
2050,240,27,0.06064471516517335,0
2050,240,28,0.12392756511460905,0
2050,240,31,0.09713115413099394,0
2050,240,42,0.0558733952513463,0
2050,240,49,0.044714887691213796,0
2050,240,67,0.10621073221101615,0
2050,240,85,0.1623422068462191,0
2050,240,93,0.08112989214975302,0
2050,240,100,0.034385955013690996,0
2050,240,116,0.013281588813409113,0
2050,241,1,0.054764669816776114,0
2050,241,5,0.043319108572485145,0
2050,241,16,0.11346617623707224,0
2050,241,19,0.04170442871842531,0
2050,241,28,0.13300478312097233,0
2050,241,31,0.07917752027381457,0
2050,241,42,0.017710493973520213,0
2050,241,67,0.051615642294874024,0
2050,241,76,0.021474602727934427,0
2050,241,90,0.06472657101741797,0
2050,241,100,0.2112685010492304,0
2050,241,118,0.010911649904226398,0
2050,241,120,0.12146742776603607,0
2050,242,1,0.17338458877355425,0
2050,242,13,0.015597898797621787,0
2050,242,16,0.10944307594993731,0
2050,242,20,0.016387613983259004,0
2050,242,24,0.03259848845064016,0
2050,242,28,0.047305281622687184,0
2050,242,78,0.17859574444219692,0
2050,242,83,0.09473356987231993,0
2050,242,90,0.07938863709574988,0
2050,242,104,0.019789725971544568,0
2050,242,115,0.1597414705698012,0
2050,243,1,0.18533688254002828,0
2050,243,8,0.05165305484608947,0
2050,243,11,0.10091255317883752,0
2050,243,16,0.022373845768904773,0
2050,243,23,0.02699583258916646,0
2050,243,28,0.05028684243188162,0
2050,243,29,0.06956590406413983,0
2050,243,30,0.06493494414852728,0
2050,243,49,0.013215056980339247,0
2050,243,75,0.019522130171916268,0
2050,243,78,0.10406018773243136,0
2050,243,115,0.21142769598833946,0
2050,244,11,0.0956769267600178,0
2050,244,28,0.06075722887208181,0
2050,244,32,0.0848978800411911,0
2050,244,49,0.07022599262134435,0
2050,244,63,0.1152129539591187,0
2050,244,64,0.015658501583783926,0
2050,244,67,0.03279443247448598,0
2050,244,75,0.04723936441739556,0
2050,244,79,0.010809374361368926,0
2050,244,81,0.11107111148977777,0
2050,244,82,0.03732008527614917,0
2050,244,99,0.02803445536661769,0
2050,244,100,0.12814850164614083,0
2050,244,116,0.028426042356390083,0
2050,245,11,0.036911816950790204,0
2050,245,27,0.03141668242108521,0
2050,245,32,0.08136672567576309,0
2050,245,36,0.034733805765376345,0
2050,245,47,0.06044258566215155,0
2050,245,59,0.08004987009980644,0
2050,245,63,0.09664951756442844,0
2050,245,67,0.1347606423659919,0
2050,245,85,0.21267851726811085,0
2050,245,116,0.01771015299971091,0
2050,245,118,0.016206566409680417,0
2050,246,1,0.1225926410144102,0
2050,246,16,0.019100007831161486,0
2050,246,28,0.12044883616975827,0
2050,246,32,0.01912740536067815,0
2050,246,34,0.011789624810035045,0
2050,246,42,0.029885502661740098,0
2050,246,58,0.06443314979314357,0
2050,246,82,0.0999425308527013,0
2050,246,87,0.023834812058161493,0
2050,246,91,0.015278360568349587,0
2050,246,102,0.15976540925245808,0
2050,246,104,0.017161710433859435,0
2050,246,105,0.029101364030754463,0
2050,246,115,0.07934481483738796,0
2050,246,116,0.06903483128835378,0
2050,247,1,0.12126729905323448,0
2050,247,11,0.061437674448598524,0
2050,247,16,0.05408827493242056,0
2050,247,28,0.1925411695231699,0
2050,247,46,0.0115677060144108,0
2050,247,60,0.029583199770043783,0
2050,247,72,0.055984237955880124,0
2050,247,78,0.029195100365190248,0
2050,247,82,0.04390776408856308,0
2050,247,84,0.05373786869857498,0
2050,247,102,0.19587624912578416,0
2050,247,115,0.07308684321290093,0
2050,248,4,0.024712531576201048,0
2050,248,11,0.1240240916825041,0
2050,248,18,0.06421128730987632,0
2050,248,21,0.018316417564094117,0
2050,248,63,0.14607798567791738,0
2050,248,70,0.09757149167594703,0
2050,248,71,0.07587623695973197,0
2050,248,93,0.08952637502001888,0
2050,248,97,0.018289126138442115,0
2050,248,101,0.01847462039419868,0
2050,248,102,0.02290081002910722,0
2050,248,115,0.16527221308687137,0
2050,248,116,0.10683360692148663,0
2050,249,63,1.0,0
2050,250,1,0.06952264834159816,0
2050,250,10,0.10478441232300419,0
2050,250,11,0.16508963025718323,0
2050,250,16,0.06609606708658941,0
2050,250,19,0.01585025968938817,0
2050,250,40,0.05844226242787063,0
2050,250,41,0.03255261168765798,0
2050,250,63,0.19176215259353957,0
2050,250,70,0.05933323295700986,0
2050,250,76,0.011346102567241324,0
2050,250,119,0.0993443144393062,0
2050,250,120,0.09275767696571366,0
2050,251,16,0.15882540228004485,0
2050,251,19,0.10270630030557254,0
2050,251,36,0.05567722191787286,0
2050,251,42,0.17663543554676608,0
2050,251,44,0.0659015781074834,0
2050,251,60,0.04906030565937078,0
2050,251,76,0.048856877525483344,0
2050,251,85,0.022470678544935042,0
2050,251,89,0.01676270493191239,0
2050,251,90,0.04314740323444363,0
2050,251,100,0.06604758120380959,0
2050,251,120,0.029453566652005932,0
2050,252,13,0.07332759942294789,0
2050,252,16,0.2067331909088731,0
2050,252,23,0.0372273039589219,0
2050,252,28,0.06971663895375421,0
2050,252,33,0.030150492776394547,0
2050,252,35,0.0405364966757143,0
2050,252,60,0.011704994935924307,0
2050,252,75,0.024862911826344827,0
2050,252,89,0.02236491572116152,0
2050,252,100,0.08201566186373656,0
2050,252,102,0.1228451186692863,0
2050,252,115,0.07936618467848985,0
2050,253,13,0.1939453398140997,0
2050,253,28,0.0929774780395683,0
2050,253,35,0.024467972307429798,0
2050,253,56,0.12187588789075854,0
2050,253,62,0.0315671359295969,0
2050,253,92,0.02464542805478237,0
2050,253,102,0.18439400488490426,0
2050,253,115,0.28999163654528864,0
2050,254,1,0.024137833959584697,0
2050,254,21,0.25459877825153515,0
2050,254,27,0.030441662087113807,0
2050,254,42,0.18632602904945755,0
2050,254,59,0.03188232482349706,0
2050,254,70,0.017055223232604454,0
2050,254,73,0.01718172502488019,0
2050,254,79,0.020354338633096235,0
2050,254,111,0.010470162609443747,0
2050,254,115,0.2550596261941215,0
2050,254,116,0.06860476687162885,0
2050,255,10,0.09480068948993496,0
2050,255,21,0.07828113544647522,0
2050,255,28,0.10063880606177285,0
2050,255,42,0.07163399290995993,0
2050,255,51,0.029714212768993848,0
2050,255,52,0.08377949495276105,0
2050,255,59,0.056648627292636484,0
2050,255,73,0.05776081403284625,0
2050,255,75,0.012311581423724587,0
2050,255,93,0.028262735125119277,0
2050,255,95,0.06870815095374148,0
2050,255,97,0.03313035250140321,0
2050,255,100,0.10566193147393939,0
2050,255,115,0.1286213383365541,0
2050,256,10,0.02438285145837263,0
2050,256,19,0.01784955035158615,0
2050,256,29,0.14306900198369804,0
2050,256,61,0.01510027283295074,0
2050,256,63,0.07041397633788843,0
2050,256,73,0.04448618712681532,0
2050,256,75,0.29614297280118834,0
2050,256,76,0.10684504949374025,0
2050,256,87,0.06571900567649264,0
2050,256,100,0.050075090620346464,0
2050,256,120,0.1560989962790398,0
2050,257,10,0.018035388811846062,0
2050,257,25,0.15561563162444825,0
2050,257,29,0.033519471082342316,0
2050,257,30,0.03545843982013517,0
2050,257,47,0.02457935179266648,0
2050,257,75,0.3414231105051154,0
2050,257,81,0.14662412128150235,0
2050,257,85,0.03765877776297303,0
2050,257,99,0.04845224192193578,0
2050,257,101,0.016147471768278986,0
2050,257,109,0.04157373674615714,0
2050,257,120,0.08266984266119318,0
2050,258,81,1.0,0
2050,259,29,1.0,0
2050,260,11,0.09464800387954372,0
2050,260,22,0.037382069021914245,0
2050,260,29,0.1729491231637336,0
2050,260,47,0.06831374818644084,0
2050,260,62,0.1382956108384108,0
2050,260,63,0.08998133937032293,0
2050,260,70,0.013043433555808524,0
2050,260,75,0.09035139519210328,0
2050,260,80,0.031288497306622934,0
2050,260,81,0.17933443314541,0
2050,260,120,0.07829215321296454,0
2050,261,10,0.021714635303846833,0
2050,261,11,0.017942884646856627,0
2050,261,44,0.09824121141568057,0
2050,261,67,0.07967093574214991,0
2050,261,76,0.05487077415664673,0
2050,261,81,0.11460138447527073,0
2050,261,85,0.243341205283597,0
2050,261,114,0.08635482313392422,0
2050,261,118,0.06400972324647419,0
2050,261,120,0.21122326398477229,0
2050,262,1,0.052819985088899825,0
2050,262,5,0.012291274133917124,0
2050,262,16,0.04032309386514171,0
2050,262,20,0.15469797741308008,0
2050,262,32,0.01190625617137674,0
2050,262,47,0.04381694396080496,0
2050,262,64,0.011150211864602699,0
2050,262,67,0.08707133406324222,0
2050,262,76,0.012679248394263236,0
2050,262,78,0.011367476130767124,0
2050,262,80,0.03828497870068613,0
2050,262,81,0.03753225895738371,0
2050,262,83,0.09344231093999743,0
2050,262,85,0.03713285417770419,0
2050,262,100,0.07535842831575609,0
2050,262,116,0.045513214458304,0
2050,262,117,0.02893223596201865,0
2050,262,120,0.1679109125760667,0
2050,263,1,0.1623627793806122,0
2050,263,9,0.015149793982754503,0
2050,263,23,0.05088404815356861,0
2050,263,32,0.07590772638133882,0
2050,263,42,0.13235182102688944,0
2050,263,48,0.15849967479766883,0
2050,263,56,0.08480875196026597,0
2050,263,68,0.10551952922919819,0
2050,263,78,0.05771663287673975,0
2050,263,89,0.053577135045454846,0
2050,264,1,0.1540923244740406,0
2050,264,9,0.03539463305769169,0
2050,264,28,0.12829686952437322,0
2050,264,30,0.02447113826394053,0
2050,264,39,0.06978139098665828,0
2050,264,41,0.03838860292092878,0
2050,264,55,0.02149588074555385,0
2050,264,56,0.09404061527143771,0
2050,264,57,0.07564898946805153,0
2050,264,82,0.0221213467683043,0
2050,264,83,0.011456651315232668,0
2050,264,94,0.043002436135635196,0
2050,264,102,0.06644216662379092,0
2050,264,115,0.06885264904437736,0
2050,265,11,0.08157624358201886,0
2050,265,13,0.07671154458577104,0
2050,265,29,0.040493671609498204,0
2050,265,37,0.010097446569106433,0
2050,265,39,0.011936753952721384,0
2050,265,42,0.03894626049802732,0
2050,265,44,0.02454368618598734,0
2050,265,75,0.041275008288746064,0
2050,265,78,0.11738471347822631,0
2050,265,85,0.05884132013472085,0
2050,265,89,0.04573730525970822,0
2050,265,95,0.018440745858452387,0
2050,265,104,0.03552533148500387,0
2050,265,106,0.04878563398109924,0
2050,265,108,0.05401261794111573,0
2050,265,111,0.14394107614070914,0
2050,266,13,0.07528060062881732,0
2050,266,19,0.02817141724866159,0
2050,266,20,0.17163558116113498,0
2050,266,35,0.052243973399023175,0
2050,266,48,0.037997846029715746,0
2050,266,58,0.028343595105561285,0
2050,266,60,0.19647696987409205,0
2050,266,65,0.03957478913108653,0
2050,266,82,0.08225764020791342,0
2050,266,88,0.07410103250344609,0
2050,266,99,0.04016371300505848,0
2050,267,11,0.05000242655019897,0
2050,267,13,0.08895881834467351,0
2050,267,23,0.04810219062276177,0
2050,267,28,0.15077524162219288,0
2050,267,32,0.08341655777979368,0
2050,267,48,0.17576714496786375,0
2050,267,49,0.04406331851150266,0
2050,267,57,0.035716981092592845,0
2050,267,72,0.08970038362942573,0
2050,267,101,0.054807265583112864,0
2050,267,102,0.13164491414309554,0
2050,267,116,0.011772158801233976,0
2050,268,1,0.17676825422444695,0
2050,268,5,0.023077727850051286,0
2050,268,13,0.015927638792192576,0
2050,268,22,0.04275538860939146,0
2050,268,28,0.012296479102288493,0
2050,268,32,0.196794109251741,0
2050,268,48,0.08162222057339212,0
2050,268,63,0.1303268239465069,0
2050,268,70,0.036471152566257714,0
2050,268,85,0.02172939133542343,0
2050,268,89,0.11127873941926043,0
2050,268,105,0.031317035015658995,0
2050,268,116,0.017722419629635715,0
2050,269,1,0.13477356381534136,0
2050,269,13,0.10907162520740372,0
2050,269,23,0.13325364487554708,0
2050,269,30,0.12751821777622488,0
2050,269,32,0.04974356260773698,0
2050,269,42,0.06585476106971432,0
2050,269,70,0.09960364103411416,0
2050,269,75,0.09664198895529305,0
2050,269,89,0.031718813955622746,0
2050,269,94,0.03871932630111607,0
2050,269,112,0.02269218551438295,0
2050,270,1,0.04083290351928296,0
2050,270,11,0.018640788757792202,0
2050,270,13,0.34838790093002586,0
2050,270,23,0.024068106183486305,0
2050,270,30,0.052711758093381925,0
2050,270,32,0.09029018744482867,0
2050,270,42,0.049368135425578046,0
2050,270,64,0.02335923238287119,0
2050,270,65,0.029729114289656425,0
2050,270,75,0.07476350445164916,0
2050,270,77,0.03783421143951535,0
2050,270,89,0.08199753233863066,0
2050,270,99,0.016217567235670985,0
2050,270,112,0.08436259883895504,0
2050,271,3,0.11249083920936244,0
2050,271,13,0.44639221002835994,0
2050,271,16,0.03394364090171601,0
2050,271,23,0.03650287461676211,0
2050,271,25,0.012385278050448978,0
2050,271,30,0.03446169291739432,0
2050,271,33,0.05793136681467967,0
2050,271,42,0.013051444963290859,0
2050,271,75,0.01133572345263299,0
2050,271,99,0.0926431012764642,0
2050,271,112,0.05867002818759566,0
2050,271,120,0.09019179958129266,0
2050,272,13,1.0,0
2050,273,8,0.024509295713895173,0
2050,273,13,0.5521798340763971,0
2050,273,38,0.18393722588583206,0
2050,273,67,0.02459249565388562,0
2050,273,119,0.07266730335215622,0
2050,273,120,0.10461617546421542,0
2050,274,7,0.04365519326694198,0
2050,274,13,0.18410480058724463,0
2050,274,21,0.015185827822175436,0
2050,274,37,0.020933286571994975,0
2050,274,38,0.0985692289733764,0
2050,274,95,0.047139905662283765,0
2050,274,119,0.016728450838483372,0
2050,274,120,0.5608588467826314,0
2050,275,120,1.0,0
2050,276,1,0.21294566921977193,0
2050,276,5,0.019801572232387682,0
2050,276,13,0.018217230074417532,0
2050,276,20,0.13628366666949254,0
2050,276,64,0.015579937277200289,0
2050,276,78,0.17302212202893566,0
2050,276,89,0.037190435836961744,0
2050,276,92,0.043954565634699204,0
2050,276,94,0.05729997889437778,0
2050,276,104,0.0587463821622117,0
2050,276,120,0.11460368518266481,0
2050,277,1,0.12165070838662884,0
2050,277,12,0.03583510340962255,0
2050,277,16,0.0526171948176541,0
2050,277,20,0.23561063644090605,0
2050,277,29,0.047103460411264314,0
2050,277,32,0.06066787825764529,0
2050,277,48,0.028137613639539153,0
2050,277,61,0.012042312819925093,0
2050,277,65,0.11226762491599818,0
2050,277,83,0.03381889906619326,0
2050,277,94,0.15377907599712026,0
2050,278,11,0.0771115939828308,0
2050,278,29,0.03768740444329124,0
2050,278,32,0.027343426040999756,0
2050,278,37,0.010545415549280079,0
2050,278,46,0.03603095945475658,0
2050,278,58,0.18255328278144242,0
2050,278,65,0.06303071039434763,0
2050,278,72,0.04858020920539763,0
2050,278,94,0.015734461591752607,0
2050,278,97,0.1882681828595798,0
2050,278,102,0.07550799535930677,0
2050,278,105,0.05199179099493237,0
2050,278,115,0.049270979918221595,0
2050,278,119,0.042203267117390655,0
2050,279,4,0.07705390279136712,0
2050,279,11,0.03731614471694462,0
2050,279,18,0.0778557393799068,0
2050,279,27,0.031400658827921146,0
2050,279,29,0.020788179484684602,0
2050,279,36,0.042410318238093374,0
2050,279,37,0.04171760565168182,0
2050,279,67,0.057886873570122566,0
2050,279,75,0.17346035571256269,0
2050,279,76,0.026396741538462127,0
2050,279,93,0.026680597766829538,0
2050,279,95,0.2660455349799273,0
2050,279,97,0.027605710525254814,0
2050,279,118,0.031081380404576538,0
2050,280,95,1.0,0
2050,281,1,0.14624731422632964,0
2050,281,14,0.037724307506761263,0
2050,281,24,0.08113565253165188,0
2050,281,31,0.0981015999397366,0
2050,281,42,0.023485102400986366,0
2050,281,54,0.04852965742125174,0
2050,281,56,0.09130351888469848,0
2050,281,70,0.07326409013872898,0
2050,281,94,0.08358698437252195,0
2050,281,95,0.18195447460481262,0
2050,281,116,0.04696843122398233,0
2050,282,1,0.21273577148611214,0
2050,282,14,0.010240631410524207,0
2050,282,16,0.047531783133260466,0
2050,282,24,0.010918255830511666,0
2050,282,33,0.04438272597448705,0
2050,282,34,0.015441806856111535,0
2050,282,36,0.02254054528975058,0
2050,282,42,0.021622504086284182,0
2050,282,46,0.03251788980184033,0
2050,282,58,0.09250385829621263,0
2050,282,65,0.01629949586813559,0
2050,282,70,0.03875956255919459,0
2050,282,89,0.02176970940889857,0
2050,282,94,0.13145829073652357,0
2050,282,95,0.01743642198843451,0
2050,282,102,0.021217860434294106,0
2050,282,104,0.09186761811896951,0
2050,283,1,0.016772235050292246,0
2050,283,9,0.026342543489361478,0
2050,283,33,0.09832249602272615,0
2050,283,39,0.11707867633713576,0
2050,283,45,0.010227360472726564,0
2050,283,65,0.16053262951236785,0
2050,283,68,0.0876947438342614,0
2050,283,92,0.23805509341991613,0
2050,283,94,0.01719829382489499,0
2050,283,102,0.09176116197766643,0
2050,283,108,0.031624834539154593,0
2050,283,120,0.010403080298771579,0
2050,284,92,1.0,0
2050,285,1,0.05633429404292453,0
2050,285,54,0.09331469485655658,0
2050,285,56,0.02328955112257875,0
2050,285,59,0.05719288171770462,0
2050,285,70,0.07405846733069929,0
2050,285,87,0.12191467172340116,0
2050,285,92,0.20030549393355496,0
2050,285,94,0.09930113826810258,0
2050,285,95,0.04457387361465382,0
2050,285,104,0.016313288305747797,0
2050,285,111,0.045361877224373424,0
2050,285,115,0.06533200330340161,0
2050,286,8,0.028393275081316043,0
2050,286,18,0.019646759321536113,0
2050,286,33,0.07448728509949239,0
2050,286,46,0.016514720612991727,0
2050,286,53,0.04440513998639312,0
2050,286,70,0.10572432879363391,0
2050,286,74,0.06888504303582953,0
2050,286,82,0.051716871080541175,0
2050,286,92,0.15717427526255143,0
2050,286,94,0.020923065590462652,0
2050,286,95,0.15787034309268533,0
2050,286,102,0.04051430201233904,0
2050,286,108,0.028072409125264423,0
2050,286,117,0.020031797345322136,0
2050,287,8,0.02663410916040474,0
2050,287,18,0.060107556499175756,0
2050,287,41,0.06419170102761897,0
2050,287,45,0.021416514649289318,0
2050,287,48,0.03870540114924577,0
2050,287,70,0.4027124515174029,0
2050,287,84,0.021179157166810625,0
2050,287,91,0.07343883862378173,0
2050,287,92,0.08860626779285564,0
2050,287,95,0.033604720753420636,0
2050,287,102,0.02180935153563703,0
2050,287,108,0.02012514805456236,0
2050,288,70,1.0,0
2050,289,1,0.13987731541363957,0
2050,289,10,0.05345287177514867,0
2050,289,36,0.09280884022636508,0
2050,289,51,0.012788220314772256,0
2050,289,52,0.022943996380172436,0
2050,289,63,0.03366157423360895,0
2050,289,70,0.3810600069531179,0
2050,289,79,0.059059028470739725,0
2050,289,87,0.011072553308946872,0
2050,289,95,0.07969146328142267,0
2050,289,100,0.010513645440626397,0
2050,289,117,0.04365158202111431,0
2050,290,1,0.23107465013440978,0
2050,290,14,0.07914416008884924,0
2050,290,54,0.07094203797446004,0
2050,290,66,0.04190808287940604,0
2050,290,76,0.01203760373635165,0
2050,290,87,0.052605342241610877,0
2050,290,88,0.011620697920267547,0
2050,290,94,0.1431691458860426,0
2050,290,102,0.013253016099571137,0
2050,290,104,0.06994324641493088,0
2050,290,105,0.04808921511172413,0
2050,290,111,0.07497096330012833,0
2050,291,1,0.3201708749428115,0
2050,291,11,0.0145605778250971,0
2050,291,14,0.036728153901699805,0
2050,291,24,0.1285495115915609,0
2050,291,70,0.07366132808065892,0
2050,291,76,0.03850706936679968,0
2050,291,83,0.056344334543272985,0
2050,291,87,0.01446975993684637,0
2050,291,94,0.15228021111802323,0
2050,292,1,0.2953454204295002,0
2050,292,32,0.06293512962667207,0
2050,292,33,0.1175741904245718,0
2050,292,39,0.012351212764848215,0
2050,292,65,0.03606043230596803,0
2050,292,76,0.033121477572888115,0
2050,292,78,0.017962815159268234,0
2050,292,82,0.013576194283485388,0
2050,292,92,0.019410078414744018,0
2050,292,94,0.13433171913361072,0
2050,292,102,0.02679192748414578,0
2050,292,108,0.08144342790814284,0
2050,293,23,0.05866828302669552,0
2050,293,32,0.07751645498322715,0
2050,293,35,0.038022740515034355,0
2050,293,48,0.05104572269213445,0
2050,293,61,0.126825053351388,0
2050,293,76,0.031150097973172725,0
2050,293,92,0.0716385624514148,0
2050,293,94,0.1808265975694387,0
2050,293,104,0.14201798118546638,0
2050,294,18,0.13423139578040194,0
2050,294,46,0.06611885277641993,0
2050,294,48,0.023218500764209057,0
2050,294,57,0.051695246027074385,0
2050,294,58,0.04767944191139509,0
2050,294,86,0.1267645291574837,0
2050,294,91,0.11918118175584096,0
2050,294,98,0.06848314444706233,0
2050,294,101,0.035760900179488075,0
2050,294,102,0.12779607412897578,0
2050,295,2,0.08434081322560284,0
2050,295,7,0.0886820435016129,0
2050,295,8,0.07029441400664177,0
2050,295,18,0.025854160992487614,0
2050,295,67,0.071464176171311,0
2050,295,70,0.08158736812875741,0
2050,295,86,0.21735923326396492,0
2050,295,101,0.3140019678889032,0
2050,296,2,0.10342021429883558,0
2050,296,15,0.19426188142602618,0
2050,296,19,0.08822454926535396,0
2050,296,25,0.02563354645650324,0
2050,296,34,0.013369269965202027,0
2050,296,42,0.044607139512475004,0
2050,296,52,0.029501172825065286,0
2050,296,70,0.12424004178889894,0
2050,296,73,0.12250695724123274,0
2050,296,93,0.08911038596167803,0
2050,296,101,0.011029336923153282,0
2050,296,114,0.026259451157276684,0
2050,296,120,0.09707012918678631,0
2050,297,1,0.07803119741219959,0
2050,297,21,0.06978430289387996,0
2050,297,52,0.011985691096242182,0
2050,297,63,0.01936372311882674,0
2050,297,70,0.027461872600237847,0
2050,297,79,0.1448507043882091,0
2050,297,86,0.045578580556896627,0
2050,297,91,0.15810492294692002,0
2050,297,98,0.18267347541920462,0
2050,297,102,0.19719694695198847,0
2050,298,1,0.02697091740928541,0
2050,298,2,0.011970049478076852,0
2050,298,16,0.08635134003748406,0
2050,298,19,0.03546508629691936,0
2050,298,21,0.05801803152165992,0
2050,298,34,0.03747623478324563,0
2050,298,36,0.07302158931515369,0
2050,298,44,0.1831326193219371,0
2050,298,67,0.19569737794951006,0
2050,298,70,0.02100010857112113,0
2050,298,73,0.02662005997304895,0
2050,298,76,0.17948805423940994,0
2050,298,93,0.03171542443620155,0
2050,299,19,0.07023163713352248,0
2050,299,20,0.019685049221065346,0
2050,299,35,0.09574244655483292,0
2050,299,46,0.014136336125291051,0
2050,299,50,0.08250888340300438,0
2050,299,58,0.017373813691376278,0
2050,299,61,0.10515433639211635,0
2050,299,79,0.024449624812839393,0
2050,299,93,0.04323233419341118,0
2050,299,97,0.059345062872277914,0
2050,299,100,0.24541613975967308,0
2050,299,102,0.1059297028171271,0
2050,299,114,0.039059186907003565,0
2050,299,120,0.02383749325116034,0
2050,300,10,0.028551488806585392,0
2050,300,19,0.020297275939190042,0
2050,300,26,0.02105620818080457,0
2050,300,29,0.03689268408770065,0
2050,300,34,0.02529244142904523,0
2050,300,36,0.03281896627840053,0
2050,300,50,0.11106094247116409,0
2050,300,58,0.10704957796047475,0
2050,300,61,0.1701391611630356,0
2050,300,83,0.04459893015300491,0
2050,300,86,0.04185420656230932,0
2050,300,100,0.12262352851840284,0
2050,300,102,0.04861944699502125,0
2050,300,103,0.04510167376623926,0
2050,301,18,0.06091697535536606,0
2050,301,29,0.026326377677176972,0
2050,301,34,0.1631103007083024,0
2050,301,47,0.06693046526412916,0
2050,301,70,0.10674812320911455,0
2050,301,75,0.12682513367371165,0
2050,301,76,0.04723482447188889,0
2050,301,98,0.013786356443832014,0
2050,301,102,0.11389946207518979,0
2050,301,111,0.15036079985485512,0
2050,302,1,0.05681434116449362,0
2050,302,9,0.026426970544685655,0
2050,302,15,0.05463793989186013,0
2050,302,19,0.028580145508439573,0
2050,302,20,0.10211833129108047,0
2050,302,35,0.0530850664557975,0
2050,302,69,0.014016452302637743,0
2050,302,70,0.06038637164971677,0
2050,302,79,0.03003082564128043,0
2050,302,82,0.054564137535510336,0
2050,302,93,0.087048880921347,0
2050,302,94,0.030571760557230106,0
2050,302,97,0.010220363097322039,0
2050,302,102,0.2593877750774849,0
2050,302,108,0.06749846390189217,0
2050,303,102,1.0,0
2050,304,86,1.0,0
2050,305,19,1.0,0
2050,306,10,0.011714055258865857,0
2050,306,19,0.4154889137670803,0
2050,306,24,0.04213233811760003,0
2050,306,37,0.010927338236771278,0
2050,306,44,0.02809554302271861,0
2050,306,58,0.018884802585486093,0
2050,306,69,0.028636106913525947,0
2050,306,76,0.06626097994962327,0
2050,306,83,0.18706308773594296,0
2050,306,85,0.0372714250922692,0
2050,306,90,0.11484941494251649,0
2050,306,93,0.03315799766344035,0
2050,307,1,0.01039488734951831,0
2050,307,12,0.014209878052934914,0
2050,307,19,0.1260862434364539,0
2050,307,20,0.013322194352326365,0
2050,307,24,0.028961971852884887,0
2050,307,31,0.03490856751455139,0
2050,307,39,0.021156777579798662,0
2050,307,53,0.054758448354460774,0
2050,307,76,0.012364434518390238,0
2050,307,83,0.522867143788722,0
2050,307,88,0.019283818747182435,0
2050,307,89,0.04183551003350699,0
2050,307,104,0.04813558623213856,0
2050,308,83,1.0,0
2050,309,1,0.14885721092253207,0
2050,309,21,0.05284018801504633,0
2050,309,28,0.059834912601552936,0
2050,309,35,0.01827111807931375,0
2050,309,58,0.07261570279093758,0
2050,309,71,0.038400578423979044,0
2050,309,83,0.38144436391093733,0
2050,309,93,0.010378576193906258,0
2050,309,102,0.2125568366813952,0
2050,310,1,0.07817716402070961,0
2050,310,21,0.15475061190817366,0
2050,310,28,0.07342961603876694,0
2050,310,35,0.11136215884918206,0
2050,310,58,0.09707109755871443,0
2050,310,71,0.06660807193567883,0
2050,310,72,0.041800922463182656,0
2050,310,83,0.15132638798293832,0
2050,310,93,0.021478924934362414,0
2050,310,102,0.20399504430829085,0
2050,311,1,0.04448184092222242,0
2050,311,4,0.01284080915163652,0
2050,311,21,0.10802922405189569,0
2050,311,35,0.06266186679352115,0
2050,311,67,0.13710949888813823,0
2050,311,71,0.10476112038362492,0
2050,311,72,0.04872001979811116,0
2050,311,83,0.08434040169280305,0
2050,311,93,0.28399341506835496,0
2050,311,103,0.02024495466567143,0
2050,311,106,0.02034994259074682,0
2050,311,117,0.06270009424287734,0
2050,312,93,1.0,0
2050,313,4,0.01855534261853687,0
2050,313,7,0.06470553783939287,0
2050,313,21,0.299726266467802,0
2050,313,25,0.07278531742711136,0
2050,313,44,0.01572298954058162,0
2050,313,62,0.13767986010545527,0
2050,313,71,0.07900591245931005,0
2050,313,74,0.04571877042285449,0
2050,313,93,0.17234124597721875,0
2050,313,106,0.0878333012323024,0
2050,314,6,0.028419314761307504,0
2050,314,21,0.1204943338489315,0
2050,314,25,0.19645528926029876,0
2050,314,35,0.14051973876804325,0
2050,314,51,0.08209060382843306,0
2050,314,93,0.13455230162911216,0
2050,314,110,0.08959293934325192,0
2050,314,113,0.12410715335564305,0
2050,314,118,0.08072757513825919,0
2050,315,15,0.05761494609563555,0
2050,315,21,0.07589729443730871,0
2050,315,25,0.09875016656859109,0
2050,315,35,0.08555721607941455,0
2050,315,51,0.24963572242831084,0
2050,315,55,0.030259009362605848,0
2050,315,59,0.06132706722942675,0
2050,315,63,0.019048749748079092,0
2050,315,67,0.047742455563044364,0
2050,315,93,0.19742873143230225,0
2050,315,95,0.04844872608323516,0
2050,316,1,0.037395375215647404,0
2050,316,21,0.19491682987588316,0
2050,316,35,0.05254773831731996,0
2050,316,42,0.02071773496280277,0
2050,316,51,0.03089723813243764,0
2050,316,59,0.0380783171169122,0
2050,316,67,0.13640012087455242,0
2050,316,70,0.0828601625935319,0
2050,316,93,0.3524363404998482,0
2050,316,111,0.03842869699156472,0
2050,317,4,0.1343797717419735,0
2050,317,21,0.35211388598215987,0
2050,317,44,0.06246221085211812,0
2050,317,62,0.04961394512125666,0
2050,317,67,0.07249461090790987,0
2050,317,71,0.10142566806174869,0
2050,317,72,0.11060611459654349,0
2050,317,82,0.01808101798091881,0
2050,317,93,0.09466238222858694,0
2050,318,4,0.03919847202996725,0
2050,318,10,0.17587402693012807,0
2050,318,21,0.17921023893051394,0
2050,318,25,0.1081140882439548,0
2050,318,35,0.11151830318072414,0
2050,318,93,0.11473793247912475,0
2050,318,113,0.17168457167197068,0
2050,318,118,0.09130280984495404,0
2050,319,35,1.0,0
2050,320,21,1.0,0
2050,321,10,0.09583771782956715,0
2050,321,21,0.07166847744211026,0
2050,321,25,0.07307712535812491,0
2050,321,29,0.013743795760312032,0
2050,321,35,0.1926026167948116,0
2050,321,44,0.07611247604413311,0
2050,321,50,0.09296928246060113,0
2050,321,60,0.0617622476614416,0
2050,321,71,0.01906465731709398,0
2050,321,93,0.05072059557079267,0
2050,321,103,0.11240429246710248,0
2050,321,113,0.07502035046467143,0
2050,322,2,0.018467013925841796,0
2050,322,6,0.09619029603836572,0
2050,322,11,0.04242693290297993,0
2050,322,21,0.24089209755056215,0
2050,322,25,0.09473202254614368,0
2050,322,35,0.17373621115314197,0
2050,322,62,0.07687088153018666,0
2050,322,93,0.04167199696895334,0
2050,322,95,0.05058314235633343,0
2050,322,113,0.1592331783467062,0
2050,323,4,0.047258846754892135,0
2050,323,6,0.04324432399990966,0
2050,323,10,0.0895293331618671,0
2050,323,11,0.07947440582223655,0
2050,323,21,0.1184049270507827,0
2050,323,25,0.05305288340895733,0
2050,323,35,0.29354654176732414,0
2050,323,42,0.014848433736952995,0
2050,323,63,0.034952986063791484,0
2050,323,113,0.20966764980975747,0
2050,324,99,1.0,0
2050,325,26,1.0,0
2050,326,66,1.0,0
2050,327,1,0.2052350841757138,0
2050,327,9,0.1154316746540472,0
2050,327,12,0.028562231954686157,0
2050,327,34,0.014567030910750648,0
2050,327,35,0.01859582416782809,0
2050,327,58,0.12493108774751396,0
2050,327,68,0.14857059830452324,0
2050,327,78,0.019265208972453665,0
2050,327,79,0.021087406330926463,0
2050,327,83,0.05654063762072482,0
2050,327,93,0.04679070664183041,0
2050,327,102,0.15978756422403487,0
2050,327,111,0.024129685720828818,0
2050,327,117,0.014768763099800053,0
2050,328,4,0.06310826125121925,0
2050,328,21,0.09613859237516069,0
2050,328,25,0.023521616067639167,0
2050,328,44,0.10912618190855933,0
2050,328,67,0.1206200980924962,0
2050,328,71,0.05001573099129295,0
2050,328,72,0.07079112939863781,0
2050,328,74,0.09057224117037645,0
2050,328,101,0.18450294476214857,0
2050,328,102,0.06221557976826516,0
2050,328,106,0.08898829249916373,0
2050,329,3,0.1311455027672312,0
2050,329,4,0.04002715029811547,0
2050,329,18,0.07092176065122688,0
2050,329,19,0.04907378391597968,0
2050,329,26,0.08628574390398548,0
2050,329,37,0.014637001822996475,0
2050,329,77,0.02666280089676972,0
2050,329,93,0.14593676068798167,0
2050,329,97,0.02764911563140152,0
2050,329,100,0.036122890426824386,0
2050,329,101,0.0935343878822176,0
2050,329,103,0.149601513149813,0
2050,329,106,0.06896110287868573,0
2050,329,118,0.038856861518797775,0
2050,330,88,1.0,0
2050,331,101,1.0,0
2050,332,4,0.13143721061649688,0
2050,332,10,0.028929804663208256,0
2050,332,25,0.02712339963099969,0
2050,332,44,0.07121851163830441,0
2050,332,51,0.013614575725478514,0
2050,332,62,0.017633534309767634,0
2050,332,66,0.06095046848563783,0
2050,332,74,0.0627978239143568,0
2050,332,101,0.24899671582001565,0
2050,332,103,0.06133673348856615,0
2050,332,106,0.11987227995278717,0
2050,332,113,0.14225787580413912,0
2050,333,4,0.017321965356455638,0
2050,333,10,0.14257473187454972,0
2050,333,21,0.03758542249846626,0
2050,333,25,0.17200284391543763,0
2050,333,62,0.2223538649147785,0
2050,333,74,0.039442078415751716,0
2050,333,101,0.030265195742694664,0
2050,333,106,0.20828806089509427,0
2050,333,113,0.11489860850022353,0
2050,333,117,0.014633284099147936,0
2050,334,6,0.04966548641534466,0
2050,334,8,0.011040497017902932,0
2050,334,10,0.3446287269197788,0
2050,334,25,0.36009351344499924,0
2050,334,38,0.02547436500872325,0
2050,334,62,0.07649430403098048,0
2050,334,103,0.03720946375199393,0
2050,334,113,0.07928943628609886,0
2050,334,118,0.01062238888743576,0
2050,335,25,1.0,0
2050,336,51,1.0,0
2050,337,117,1.0,0
2050,338,4,0.3774928770564381,0
2050,338,10,0.09151735851790009,0
2050,338,25,0.18178040020523495,0
2050,338,44,0.021947165029612456,0
2050,338,49,0.03245998057607115,0
2050,338,62,0.04673455903446955,0
2050,338,67,0.029626464024656296,0
2050,338,71,0.030129089516708493,0
2050,338,117,0.1874862113584725,0
2050,339,4,0.3344724519627611,0
2050,339,7,0.015891650025364218,0
2050,339,10,0.13962009505825887,0
2050,339,25,0.11725208050787897,0
2050,339,44,0.117438900018978,0
2050,339,51,0.010012350043083484,0
2050,339,71,0.03797080290890292,0
2050,339,117,0.22413012516866163,0
2050,340,4,0.3783954369408312,0
2050,340,10,0.17414023496197814,0
2050,340,25,0.14332068281605656,0
2050,340,44,0.10383319983290432,0
2050,340,77,0.013283779440116689,0
2050,340,103,0.1039090341491983,0
2050,340,117,0.03877491526722731,0
2050,340,118,0.03895191872565839,0
2050,341,4,0.31855090383596385,0
2050,341,19,0.024960600752637896,0
2050,341,25,0.07767628517681037,0
2050,341,47,0.028029176480934323,0
2050,341,58,0.1412341207354341,0
2050,341,69,0.11848982537555816,0
2050,341,79,0.012764684251055106,0
2050,341,90,0.015350371113691877,0
2050,341,93,0.03217608301241749,0
2050,341,103,0.03890284147563376,0
2050,341,114,0.08044549621005101,0
2050,341,117,0.10688174561275895,0
2050,342,4,0.2726208760119438,0
2050,342,18,0.017146774132253545,0
2050,342,21,0.03827846421360908,0
2050,342,49,0.09757432115035176,0
2050,342,51,0.15381959755087457,0
2050,342,58,0.1492142309226426,0
2050,342,62,0.05305910135865449,0
2050,342,71,0.09090521758556683,0
2050,342,72,0.06214614319116743,0
2050,342,98,0.0463574171764902,0
2050,342,111,0.018877856706445206,0
2050,343,4,0.4402960643032274,0
2050,343,10,0.024868229962932815,0
2050,343,18,0.02136290735096115,0
2050,343,25,0.13861409314470405,0
2050,343,47,0.020786087617481568,0
2050,343,51,0.02780483899490116,0
2050,343,52,0.043293621213546456,0
2050,343,67,0.1475001988161576,0
2050,343,101,0.03240804723140374,0
2050,343,117,0.06786176924917833,0
2050,343,118,0.02133541249104031,0
2050,344,4,0.37793492975810083,0
2050,344,7,0.12422159543904694,0
2050,344,10,0.106792515860435,0
2050,344,25,0.07139947582736265,0
2050,344,47,0.03604670841620695,0
2050,344,67,0.032962809069875997,0
2050,344,101,0.21386047518301224,0
2050,344,117,0.036781490445959256,0
2050,345,4,0.3991894194214289,0
2050,345,10,0.10578942526135174,0
2050,345,15,0.01221334955370672,0
2050,345,25,0.10538877783756193,0
2050,345,35,0.02001810569054401,0
2050,345,37,0.034168976625474454,0
2050,345,44,0.08355287734612775,0
2050,345,51,0.0449210633600673,0
2050,345,62,0.012629457056912098,0
2050,345,103,0.013492703831642036,0
2050,345,106,0.08224818316564424,0
2050,345,113,0.05256246171562292,0
2050,345,117,0.033825199133915906,0
2050,346,1,0.0174802045464196,0
2050,346,4,0.17136451422523902,0
2050,346,10,0.07403710526607034,0
2050,346,12,0.27278700672827666,0
2050,346,15,0.03932299993402823,0
2050,346,25,0.1620528024399698,0
2050,346,35,0.026592147384834227,0
2050,346,93,0.09481316762884602,0
2050,346,106,0.012601235399913955,0
2050,346,110,0.01600511943220356,0
2050,346,117,0.11177705490462816,0
2050,347,12,1.0,0
2050,348,1,0.047802545447459974,0
2050,348,12,0.22107999883859356,0
2050,348,20,0.044398301755152976,0
2050,348,58,0.3280292011564745,0
2050,348,87,0.0359141083440967,0
2050,348,97,0.11050146369914257,0
2050,348,114,0.13016063966855404,0
2050,348,117,0.08088386342556703,0
2050,349,58,1.0,0
2050,350,4,0.3621657858851121,0
2050,350,6,0.03821685998442391,0
2050,350,17,0.0187967221757601,0
2050,350,18,0.025213000408222837,0
2050,350,26,0.0614377306006936,0
2050,350,50,0.021831361868994113,0
2050,350,51,0.013668608715830425,0
2050,350,58,0.31468886103804705,0
2050,350,71,0.019463269406809945,0
2050,350,81,0.011271757828298623,0
2050,350,102,0.03161970926365723,0
2050,350,103,0.07329144924478258,0
2050,351,4,0.46745645611364933,0
2050,351,6,0.040385369749915016,0
2050,351,12,0.16411392298691718,0
2050,351,21,0.03675698252714494,0
2050,351,58,0.06418747725310228,0
2050,351,62,0.0980963055881536,0
2050,351,66,0.01505030739607962,0
2050,351,72,0.01211093745382543,0
2050,351,98,0.04522293154458879,0
2050,351,102,0.021925336652067022,0
2050,351,117,0.03469397273455636,0
2050,352,4,0.6261752318950629,0
2050,352,7,0.07886480663742088,0
2050,352,12,0.11250312015306407,0
2050,352,21,0.04649780415120658,0
2050,352,59,0.02880590421355858,0
2050,352,62,0.0699526715114814,0
2050,352,117,0.027306939371676997,0
2050,353,4,1.0,0
2050,354,4,0.6934831489473481,0
2050,354,10,0.07544225746868091,0
2050,354,25,0.08547636840697323,0
2050,354,50,0.017660716075724454,0
2050,354,62,0.0869943311370446,0
2050,354,106,0.03901876342076103,0
2050,355,4,0.5691288462764935,0
2050,355,10,0.03003914433510036,0
2050,355,25,0.19572823584101542,0
2050,355,62,0.1393479240294363,0
2050,355,77,0.053639834299496626,0
2050,356,4,0.4904358936431845,0
2050,356,6,0.11401769174986559,0
2050,356,10,0.03474662018173317,0
2050,356,25,0.1950857144402073,0
2050,356,50,0.01656645348650649,0
2050,356,62,0.12749687883802954,0
2050,356,103,0.02165074766047346,0
2050,357,4,0.4983658818393167,0
2050,357,6,0.011373426462404714,0
2050,357,25,0.2242325928268086,0
2050,357,51,0.04253712193102809,0
2050,357,62,0.0985094050925237,0
2050,357,103,0.03187593443368176,0
2050,357,110,0.02357310494530475,0
2050,357,118,0.06845648362835889,0
2050,358,4,0.4028016999402872,0
2050,358,7,0.03902005599708487,0
2050,358,10,0.09388258856789279,0
2050,358,18,0.10589415506918914,0
2050,358,25,0.04532604430383108,0
2050,358,44,0.14468116036129688,0
2050,358,50,0.06557759328692346,0
2050,358,62,0.016705376707797676,0
2050,358,67,0.022682971231434642,0
2050,358,103,0.046604205823368855,0
2050,359,4,0.28007137613038535,0
2050,359,10,0.11208486965265776,0
2050,359,25,0.08407864981274667,0
2050,359,67,0.07753599331594022,0
2050,359,77,0.10422346177847415,0
2050,359,103,0.23030973946236402,0
2050,359,118,0.09245343190168084,0
2050,360,103,1.0,0
2050,361,111,1.0,0
2050,362,97,1.0,0
2050,363,4,0.040305170383365764,0
2050,363,7,0.012445740777772725,0
2050,363,18,0.03561700580151355,0
2050,363,21,0.09287174813012927,0
2050,363,51,0.09443389968063351,0
2050,363,68,0.016660112349328245,0
2050,363,74,0.09027986258720291,0
2050,363,95,0.16085730376158286,0
2050,363,97,0.07024251103367554,0
2050,363,98,0.137150824336103,0
2050,363,111,0.15631426821654376,0
2050,363,117,0.08130367712997225,0
2050,364,74,1.0,0
2050,365,7,0.03384551063713074,0
2050,365,10,0.09286979240391349,0
2050,365,15,0.02058395849539301,0
2050,365,21,0.1684958819684042,0
2050,365,25,0.12641215649725226,0
2050,365,44,0.036355194143976706,0
2050,365,52,0.10931103086479191,0
2050,365,74,0.23166173097403422,0
2050,365,103,0.020811987276795514,0
2050,365,111,0.015961455480182934,0
2050,365,117,0.14095670342276165,0
