scenario,year,period,rep_period,weight
0,2030,1,3,1.0
0,2030,2,1,1.0
0,2030,3,1,1.0
0,2030,4,3,1.0
0,2030,5,2,1.0
0,2030,6,2,1.0
0,2030,7,1,1.0
0,2030,8,1,1.0
0,2030,9,3,1.0
0,2030,10,1,1.0
0,2030,11,2,1.0
0,2030,12,6,1.0
0,2030,13,2,1.0
0,2030,14,1,1.0
0,2030,15,1,1.0
0,2030,16,2,1.0
0,2030,17,4,1.0
0,2030,18,6,1.0
0,2030,19,2,1.0
0,2030,20,2,1.0
0,2030,21,2,1.0
0,2030,22,2,1.0
0,2030,23,3,1.0
0,2030,24,4,1.0
0,2030,25,2,1.0
0,2030,26,3,1.0
0,2030,27,2,1.0
0,2030,28,2,1.0
0,2030,29,2,1.0
0,2030,30,1,1.0
0,2030,31,2,1.0
0,2030,32,2,1.0
0,2030,33,1,1.0
0,2030,34,3,1.0
0,2030,35,1,1.0
0,2030,36,1,1.0
0,2030,37,3,1.0
0,2030,38,2,1.0
0,2030,39,2,1.0
0,2030,40,2,1.0
0,2030,41,2,1.0
0,2030,42,2,1.0
0,2030,43,3,1.0
0,2030,44,2,1.0
0,2030,45,6,1.0
0,2030,46,2,1.0
0,2030,47,2,1.0
0,2030,48,3,1.0
0,2030,49,3,1.0
0,2030,50,2,1.0
0,2030,51,2,1.0
0,2030,52,3,1.0
0,2030,53,3,1.0
0,2030,54,2,1.0
0,2030,55,2,1.0
0,2030,56,6,1.0
0,2030,57,6,1.0
0,2030,58,3,1.0
0,2030,59,1,1.0
0,2030,60,3,1.0
0,2030,61,2,1.0
0,2030,62,6,1.0
0,2030,63,4,1.0
0,2030,64,2,1.0
0,2030,65,3,1.0
0,2030,66,2,1.0
0,2030,67,2,1.0
0,2030,68,2,1.0
0,2030,69,2,1.0
0,2030,70,4,1.0
0,2030,71,2,1.0
0,2030,72,2,1.0
0,2030,73,3,1.0
0,2030,74,3,1.0
0,2030,75,3,1.0
0,2030,76,2,1.0
0,2030,77,2,1.0
0,2030,78,2,1.0
0,2030,79,2,1.0
0,2030,80,2,1.0
0,2030,81,3,1.0
0,2030,82,1,1.0
0,2030,83,3,1.0
0,2030,84,2,1.0
0,2030,85,2,1.0
0,2030,86,3,1.0
0,2030,87,1,1.0
0,2030,88,3,1.0
0,2030,89,4,1.0
0,2030,90,2,1.0
0,2030,91,2,1.0
0,2030,92,3,1.0
0,2030,93,1,1.0
0,2030,94,1,1.0
0,2030,95,3,1.0
0,2030,96,2,1.0
0,2030,97,2,1.0
0,2030,98,2,1.0
0,2030,99,2,1.0
0,2030,100,2,1.0
0,2030,101,2,1.0
0,2030,102,2,1.0
0,2030,103,2,1.0
0,2030,104,2,1.0
0,2030,105,2,1.0
0,2030,106,2,1.0
0,2030,107,1,1.0
0,2030,108,1,1.0
0,2030,109,3,1.0
0,2030,110,3,1.0
0,2030,111,3,1.0
0,2030,112,3,1.0
0,2030,113,1,1.0
0,2030,114,1,1.0
0,2030,115,1,1.0
0,2030,116,1,1.0
0,2030,117,3,1.0
0,2030,118,1,1.0
0,2030,119,1,1.0
0,2030,120,1,1.0
0,2030,121,1,1.0
0,2030,122,1,1.0
0,2030,123,1,1.0
0,2030,124,1,1.0
0,2030,125,1,1.0
0,2030,126,1,1.0
0,2030,127,1,1.0
0,2030,128,3,1.0
0,2030,129,3,1.0
0,2030,130,1,1.0
0,2030,131,3,1.0
0,2030,132,6,1.0
0,2030,133,1,1.0
0,2030,134,1,1.0
0,2030,135,3,1.0
0,2030,136,2,1.0
0,2030,137,2,1.0
0,2030,138,3,1.0
0,2030,139,1,1.0
0,2030,140,3,1.0
0,2030,141,2,1.0
0,2030,142,1,1.0
0,2030,143,1,1.0
0,2030,144,3,1.0
0,2030,145,1,1.0
0,2030,146,2,1.0
0,2030,147,2,1.0
0,2030,148,2,1.0
0,2030,149,1,1.0
0,2030,150,3,1.0
0,2030,151,3,1.0
0,2030,152,1,1.0
0,2030,153,3,1.0
0,2030,154,1,1.0
0,2030,155,3,1.0
0,2030,156,2,1.0
0,2030,157,2,1.0
0,2030,158,2,1.0
0,2030,159,2,1.0
0,2030,160,2,1.0
0,2030,161,2,1.0
0,2030,162,3,1.0
0,2030,163,3,1.0
0,2030,164,3,1.0
0,2030,165,2,1.0
0,2030,166,2,1.0
0,2030,167,2,1.0
0,2030,168,1,1.0
0,2030,169,1,1.0
0,2030,170,1,1.0
0,2030,171,1,1.0
0,2030,172,3,1.0
0,2030,173,2,1.0
0,2030,174,2,1.0
0,2030,175,2,1.0
0,2030,176,2,1.0
0,2030,177,2,1.0
0,2030,178,1,1.0
0,2030,179,1,1.0
0,2030,180,1,1.0
0,2030,181,1,1.0
0,2030,182,1,1.0
0,2030,183,1,1.0
0,2030,184,3,1.0
0,2030,185,1,1.0
0,2030,186,3,1.0
0,2030,187,2,1.0
0,2030,188,2,1.0
0,2030,189,3,1.0
0,2030,190,1,1.0
0,2030,191,3,1.0
0,2030,192,3,1.0
0,2030,193,3,1.0
0,2030,194,2,1.0
0,2030,195,2,1.0
0,2030,196,3,1.0
0,2030,197,1,1.0
0,2030,198,1,1.0
0,2030,199,3,1.0
0,2030,200,2,1.0
0,2030,201,1,1.0
0,2030,202,1,1.0
0,2030,203,2,1.0
0,2030,204,2,1.0
0,2030,205,2,1.0
0,2030,206,3,1.0
0,2030,207,3,1.0
0,2030,208,1,1.0
0,2030,209,1,1.0
0,2030,210,1,1.0
0,2030,211,1,1.0
0,2030,212,3,1.0
0,2030,213,3,1.0
0,2030,214,1,1.0
0,2030,215,1,1.0
0,2030,216,1,1.0
0,2030,217,3,1.0
0,2030,218,1,1.0
0,2030,219,1,1.0
0,2030,220,3,1.0
0,2030,221,2,1.0
0,2030,222,1,1.0
0,2030,223,1,1.0
0,2030,224,1,1.0
0,2030,225,3,1.0
0,2030,226,2,1.0
0,2030,227,2,1.0
0,2030,228,2,1.0
0,2030,229,1,1.0
0,2030,230,1,1.0
0,2030,231,1,1.0
0,2030,232,1,1.0
0,2030,233,3,1.0
0,2030,234,3,1.0
0,2030,235,3,1.0
0,2030,236,3,1.0
0,2030,237,1,1.0
0,2030,238,3,1.0
0,2030,239,3,1.0
0,2030,240,2,1.0
0,2030,241,2,1.0
0,2030,242,2,1.0
0,2030,243,2,1.0
0,2030,244,2,1.0
0,2030,245,2,1.0
0,2030,246,1,1.0
0,2030,247,1,1.0
0,2030,248,3,1.0
0,2030,249,6,1.0
0,2030,250,6,1.0
0,2030,251,3,1.0
0,2030,252,2,1.0
0,2030,253,3,1.0
0,2030,254,1,1.0
0,2030,255,3,1.0
0,2030,256,3,1.0
0,2030,257,3,1.0
0,2030,258,3,1.0
0,2030,259,3,1.0
0,2030,260,1,1.0
0,2030,261,3,1.0
0,2030,262,2,1.0
0,2030,263,3,1.0
0,2030,264,3,1.0
0,2030,265,2,1.0
0,2030,266,3,1.0
0,2030,267,3,1.0
0,2030,268,3,1.0
0,2030,269,1,1.0
0,2030,270,1,1.0
0,2030,271,1,1.0
0,2030,272,1,1.0
0,2030,273,1,1.0
0,2030,274,1,1.0
0,2030,275,3,1.0
0,2030,276,2,1.0
0,2030,277,2,1.0
0,2030,278,1,1.0
0,2030,279,2,1.0
0,2030,280,3,1.0
0,2030,281,3,1.0
0,2030,282,3,1.0
0,2030,283,2,1.0
0,2030,284,1,1.0
0,2030,285,1,1.0
0,2030,286,3,1.0
0,2030,287,3,1.0
0,2030,288,1,1.0
0,2030,289,2,1.0
0,2030,290,3,1.0
0,2030,291,3,1.0
0,2030,292,2,1.0
0,2030,293,2,1.0
0,2030,294,3,1.0
0,2030,295,1,1.0
0,2030,296,2,1.0
0,2030,297,2,1.0
0,2030,298,1,1.0
0,2030,299,2,1.0
0,2030,300,3,1.0
0,2030,301,2,1.0
0,2030,302,3,1.0
0,2030,303,3,1.0
0,2030,304,2,1.0
0,2030,305,2,1.0
0,2030,306,3,1.0
0,2030,307,1,1.0
0,2030,308,3,1.0
0,2030,309,1,1.0
0,2030,310,1,1.0
0,2030,311,1,1.0
0,2030,312,3,1.0
0,2030,313,1,1.0
0,2030,314,1,1.0
0,2030,315,4,1.0
0,2030,316,2,1.0
0,2030,317,2,1.0
0,2030,318,2,1.0
0,2030,319,3,1.0
0,2030,320,4,1.0
0,2030,321,3,1.0
0,2030,322,3,1.0
0,2030,323,3,1.0
0,2030,324,2,1.0
0,2030,325,2,1.0
0,2030,326,3,1.0
0,2030,327,1,1.0
0,2030,328,2,1.0
0,2030,329,3,1.0
0,2030,330,3,1.0
0,2030,331,3,1.0
0,2030,332,3,1.0
0,2030,333,3,1.0
0,2030,334,2,1.0
0,2030,335,2,1.0
0,2030,336,3,1.0
0,2030,337,2,1.0
0,2030,338,2,1.0
0,2030,339,3,1.0
0,2030,340,3,1.0
0,2030,341,5,1.0
0,2030,342,1,1.0
0,2030,343,2,1.0
0,2030,344,3,1.0
0,2030,345,3,1.0
0,2030,346,2,1.0
0,2030,347,2,1.0
0,2030,348,2,1.0
0,2030,349,2,1.0
0,2030,350,3,1.0
0,2030,351,3,1.0
0,2030,352,2,1.0
0,2030,353,1,1.0
0,2030,354,3,1.0
0,2030,355,2,1.0
0,2030,356,6,1.0
0,2030,357,6,1.0
0,2030,358,6,1.0
0,2030,359,6,1.0
0,2030,360,6,1.0
0,2030,361,2,1.0
0,2030,362,2,1.0
0,2030,363,2,1.0
0,2030,364,6,1.0
0,2030,365,6,1.0
1,2030,1,9,1.0
1,2030,2,7,1.0
1,2030,3,8,1.0
1,2030,4,8,1.0
1,2030,5,8,1.0
1,2030,6,9,1.0
1,2030,7,8,1.0
1,2030,8,7,1.0
1,2030,9,8,1.0
1,2030,10,8,1.0
1,2030,11,9,1.0
1,2030,12,9,1.0
1,2030,13,9,1.0
1,2030,14,7,1.0
1,2030,15,7,1.0
1,2030,16,10,1.0
1,2030,17,9,1.0
1,2030,18,9,1.0
1,2030,19,9,1.0
1,2030,20,9,1.0
1,2030,21,9,1.0
1,2030,22,9,1.0
1,2030,23,8,1.0
1,2030,24,9,1.0
1,2030,25,9,1.0
1,2030,26,9,1.0
1,2030,27,10,1.0
1,2030,28,9,1.0
1,2030,29,9,1.0
1,2030,30,7,1.0
1,2030,31,10,1.0
1,2030,32,10,1.0
1,2030,33,7,1.0
1,2030,34,10,1.0
1,2030,35,7,1.0
1,2030,36,7,1.0
1,2030,37,8,1.0
1,2030,38,10,1.0
1,2030,39,9,1.0
1,2030,40,9,1.0
1,2030,41,10,1.0
1,2030,42,10,1.0
1,2030,43,8,1.0
1,2030,44,9,1.0
1,2030,45,9,1.0
1,2030,46,9,1.0
1,2030,47,9,1.0
1,2030,48,8,1.0
1,2030,49,8,1.0
1,2030,50,10,1.0
1,2030,51,10,1.0
1,2030,52,8,1.0
1,2030,53,8,1.0
1,2030,54,10,1.0
1,2030,55,9,1.0
1,2030,56,9,1.0
1,2030,57,9,1.0
1,2030,58,8,1.0
1,2030,59,7,1.0
1,2030,60,8,1.0
1,2030,61,9,1.0
1,2030,62,9,1.0
1,2030,63,9,1.0
1,2030,64,9,1.0
1,2030,65,8,1.0
1,2030,66,10,1.0
1,2030,67,9,1.0
1,2030,68,10,1.0
1,2030,69,9,1.0
1,2030,70,9,1.0
1,2030,71,9,1.0
1,2030,72,10,1.0
1,2030,73,8,1.0
1,2030,74,8,1.0
1,2030,75,8,1.0
1,2030,76,10,1.0
1,2030,77,10,1.0
1,2030,78,10,1.0
1,2030,79,10,1.0
1,2030,80,10,1.0
1,2030,81,8,1.0
1,2030,82,7,1.0
1,2030,83,8,1.0
1,2030,84,10,1.0
1,2030,85,10,1.0
1,2030,86,8,1.0
1,2030,87,7,1.0
1,2030,88,8,1.0
1,2030,89,9,1.0
1,2030,90,10,1.0
1,2030,91,10,1.0
1,2030,92,8,1.0
1,2030,93,7,1.0
1,2030,94,8,1.0
1,2030,95,8,1.0
1,2030,96,10,1.0
1,2030,97,10,1.0
1,2030,98,10,1.0
1,2030,99,10,1.0
1,2030,100,10,1.0
1,2030,101,10,1.0
1,2030,102,10,1.0
1,2030,103,9,1.0
1,2030,104,9,1.0
1,2030,105,9,1.0
1,2030,106,9,1.0
1,2030,107,7,1.0
1,2030,108,7,1.0
1,2030,109,8,1.0
1,2030,110,8,1.0
1,2030,111,8,1.0
1,2030,112,8,1.0
1,2030,113,7,1.0
1,2030,114,7,1.0
1,2030,115,7,1.0
1,2030,116,8,1.0
1,2030,117,8,1.0
1,2030,118,7,1.0
1,2030,119,7,1.0
1,2030,120,7,1.0
1,2030,121,7,1.0
1,2030,122,8,1.0
1,2030,123,7,1.0
1,2030,124,7,1.0
1,2030,125,7,1.0
1,2030,126,7,1.0
1,2030,127,7,1.0
1,2030,128,8,1.0
1,2030,129,8,1.0
1,2030,130,7,1.0
1,2030,131,8,1.0
1,2030,132,9,1.0
1,2030,133,7,1.0
1,2030,134,7,1.0
1,2030,135,8,1.0
1,2030,136,9,1.0
1,2030,137,10,1.0
1,2030,138,8,1.0
1,2030,139,7,1.0
1,2030,140,8,1.0
1,2030,141,10,1.0
1,2030,142,7,1.0
1,2030,143,8,1.0
1,2030,144,8,1.0
1,2030,145,7,1.0
1,2030,146,10,1.0
1,2030,147,10,1.0
1,2030,148,10,1.0
1,2030,149,7,1.0
1,2030,150,8,1.0
1,2030,151,8,1.0
1,2030,152,8,1.0
1,2030,153,8,1.0
1,2030,154,7,1.0
1,2030,155,8,1.0
1,2030,156,10,1.0
1,2030,157,10,1.0
1,2030,158,10,1.0
1,2030,159,10,1.0
1,2030,160,10,1.0
1,2030,161,10,1.0
1,2030,162,8,1.0
1,2030,163,8,1.0
1,2030,164,8,1.0
1,2030,165,10,1.0
1,2030,166,10,1.0
1,2030,167,10,1.0
1,2030,168,7,1.0
1,2030,169,7,1.0
1,2030,170,7,1.0
1,2030,171,7,1.0
1,2030,172,8,1.0
1,2030,173,10,1.0
1,2030,174,10,1.0
1,2030,175,10,1.0
1,2030,176,10,1.0
1,2030,177,10,1.0
1,2030,178,7,1.0
1,2030,179,7,1.0
1,2030,180,7,1.0
1,2030,181,7,1.0
1,2030,182,7,1.0
1,2030,183,7,1.0
1,2030,184,8,1.0
1,2030,185,7,1.0
1,2030,186,8,1.0
1,2030,187,10,1.0
1,2030,188,10,1.0
1,2030,189,8,1.0
1,2030,190,7,1.0
1,2030,191,8,1.0
1,2030,192,8,1.0
1,2030,193,8,1.0
1,2030,194,10,1.0
1,2030,195,10,1.0
1,2030,196,10,1.0
1,2030,197,7,1.0
1,2030,198,7,1.0
1,2030,199,8,1.0
1,2030,200,10,1.0
1,2030,201,7,1.0
1,2030,202,7,1.0
1,2030,203,10,1.0
1,2030,204,10,1.0
1,2030,205,10,1.0
1,2030,206,8,1.0
1,2030,207,8,1.0
1,2030,208,7,1.0
1,2030,209,7,1.0
1,2030,210,7,1.0
1,2030,211,7,1.0
1,2030,212,8,1.0
1,2030,213,8,1.0
1,2030,214,7,1.0
1,2030,215,8,1.0
1,2030,216,7,1.0
1,2030,217,8,1.0
1,2030,218,7,1.0
1,2030,219,7,1.0
1,2030,220,8,1.0
1,2030,221,10,1.0
1,2030,222,7,1.0
1,2030,223,7,1.0
1,2030,224,7,1.0
1,2030,225,8,1.0
1,2030,226,9,1.0
1,2030,227,10,1.0
1,2030,228,10,1.0
1,2030,229,7,1.0
1,2030,230,7,1.0
1,2030,231,7,1.0
1,2030,232,7,1.0
1,2030,233,8,1.0
1,2030,234,8,1.0
1,2030,235,8,1.0
1,2030,236,8,1.0
1,2030,237,8,1.0
1,2030,238,8,1.0
1,2030,239,10,1.0
1,2030,240,9,1.0
1,2030,241,10,1.0
1,2030,242,10,1.0
1,2030,243,10,1.0
1,2030,244,10,1.0
1,2030,245,10,1.0
1,2030,246,7,1.0
1,2030,247,7,1.0
1,2030,248,8,1.0
1,2030,249,9,1.0
1,2030,250,12,1.0
1,2030,251,8,1.0
1,2030,252,10,1.0
1,2030,253,8,1.0
1,2030,254,7,1.0
1,2030,255,8,1.0
1,2030,256,8,1.0
1,2030,257,8,1.0
1,2030,258,8,1.0
1,2030,259,8,1.0
1,2030,260,7,1.0
1,2030,261,8,1.0
1,2030,262,9,1.0
1,2030,263,8,1.0
1,2030,264,8,1.0
1,2030,265,10,1.0
1,2030,266,8,1.0
1,2030,267,8,1.0
1,2030,268,8,1.0
1,2030,269,7,1.0
1,2030,270,7,1.0
1,2030,271,8,1.0
1,2030,272,7,1.0
1,2030,273,7,1.0
1,2030,274,7,1.0
1,2030,275,8,1.0
1,2030,276,10,1.0
1,2030,277,10,1.0
1,2030,278,7,1.0
1,2030,279,10,1.0
1,2030,280,8,1.0
1,2030,281,8,1.0
1,2030,282,8,1.0
1,2030,283,10,1.0
1,2030,284,7,1.0
1,2030,285,7,1.0
1,2030,286,8,1.0
1,2030,287,8,1.0
1,2030,288,8,1.0
1,2030,289,10,1.0
1,2030,290,8,1.0
1,2030,291,8,1.0
1,2030,292,10,1.0
1,2030,293,10,1.0
1,2030,294,8,1.0
1,2030,295,7,1.0
1,2030,296,10,1.0
1,2030,297,9,1.0
1,2030,298,7,1.0
1,2030,299,9,1.0
1,2030,300,8,1.0
1,2030,301,10,1.0
1,2030,302,8,1.0
1,2030,303,8,1.0
1,2030,304,10,1.0
1,2030,305,10,1.0
1,2030,306,8,1.0
1,2030,307,7,1.0
1,2030,308,8,1.0
1,2030,309,7,1.0
1,2030,310,7,1.0
1,2030,311,7,1.0
1,2030,312,8,1.0
1,2030,313,7,1.0
1,2030,314,7,1.0
1,2030,315,8,1.0
1,2030,316,9,1.0
1,2030,317,9,1.0
1,2030,318,9,1.0
1,2030,319,8,1.0
1,2030,320,8,1.0
1,2030,321,8,1.0
1,2030,322,8,1.0
1,2030,323,8,1.0
1,2030,324,10,1.0
1,2030,325,10,1.0
1,2030,326,8,1.0
1,2030,327,7,1.0
1,2030,328,10,1.0
1,2030,329,8,1.0
1,2030,330,8,1.0
1,2030,331,8,1.0
1,2030,332,8,1.0
1,2030,333,8,1.0
1,2030,334,10,1.0
1,2030,335,10,1.0
1,2030,336,8,1.0
1,2030,337,10,1.0
1,2030,338,9,1.0
1,2030,339,8,1.0
1,2030,340,8,1.0
1,2030,341,11,1.0
1,2030,342,7,1.0
1,2030,343,10,1.0
1,2030,344,8,1.0
1,2030,345,8,1.0
1,2030,346,10,1.0
1,2030,347,9,1.0
1,2030,348,9,1.0
1,2030,349,9,1.0
1,2030,350,8,1.0
1,2030,351,8,1.0
1,2030,352,10,1.0
1,2030,353,7,1.0
1,2030,354,8,1.0
1,2030,355,10,1.0
1,2030,356,9,1.0
1,2030,357,9,1.0
1,2030,358,9,1.0
1,2030,359,9,1.0
1,2030,360,9,1.0
1,2030,361,9,1.0
1,2030,362,9,1.0
1,2030,363,9,1.0
1,2030,364,9,1.0
1,2030,365,9,1.0
