rep_period,timestep,year,profile_name,value
1,1,2030,demand,0.5227935897103665
1,2,2030,demand,0.5169059393446566
1,3,2030,demand,0.5149973617615566
1,4,2030,demand,0.5061134906781958
1,5,2030,demand,0.525622978051862
1,6,2030,demand,0.5377185988781491
1,7,2030,demand,0.5643736671043879
1,8,2030,demand,0.6051050296455874
1,9,2030,demand,0.6405015127098596
1,10,2030,demand,0.6714337946712968
1,11,2030,demand,0.6984739574884344
1,12,2030,demand,0.724388139053662
1,13,2030,demand,0.7244063943382305
1,14,2030,demand,0.7069647648578642
1,15,2030,demand,0.7035104687236492
1,16,2030,demand,0.708260316586427
1,17,2030,demand,0.7102244850953157
1,18,2030,demand,0.6947455354548763
1,19,2030,demand,0.6847765217631617
1,20,2030,demand,0.6590343292172662
1,21,2030,demand,0.6505752300298193
1,22,2030,demand,0.6088499498120631
1,23,2030,demand,0.5716877263665494
1,24,2030,demand,0.5545280961398082
1,1,2030,solar,0.0
1,2,2030,solar,0.0
1,3,2030,solar,0.0
1,4,2030,solar,0.0
1,5,2030,solar,0.0
1,6,2030,solar,0.00021363822614455468
1,7,2030,solar,0.040773201563685586
1,8,2030,solar,0.16794519495695695
1,9,2030,solar,0.3223519943305505
1,10,2030,solar,0.46981243021881447
1,11,2030,solar,0.5582083810527263
1,12,2030,solar,0.5862017875975942
1,13,2030,solar,0.5608011778064255
1,14,2030,solar,0.5276068539822774
1,15,2030,solar,0.4756716826485106
1,16,2030,solar,0.39242791589747444
1,17,2030,solar,0.3196587583119689
1,18,2030,solar,0.22030616838807346
1,19,2030,solar,0.0998553969713828
1,20,2030,solar,0.012768048899564084
1,21,2030,solar,0.0
1,22,2030,solar,0.0
1,23,2030,solar,0.0
1,24,2030,solar,0.0
1,1,2030,wind_offshore,0.0
1,2,2030,wind_offshore,0.0
1,3,2030,wind_offshore,0.0
1,4,2030,wind_offshore,0.0
1,5,2030,wind_offshore,0.0
1,6,2030,wind_offshore,0.00025113981804633385
1,7,2030,wind_offshore,8.377725816606938e-5
1,8,2030,wind_offshore,0.0
1,9,2030,wind_offshore,0.00018183573305975508
1,10,2030,wind_offshore,0.0005090988627610574
1,11,2030,wind_offshore,0.0
1,12,2030,wind_offshore,0.0
1,13,2030,wind_offshore,0.0
1,14,2030,wind_offshore,0.0
1,15,2030,wind_offshore,0.0001387587907260889
1,16,2030,wind_offshore,0.0010453315472270868
1,17,2030,wind_offshore,0.005669053498422716
1,18,2030,wind_offshore,0.008924422950621564
1,19,2030,wind_offshore,0.017030082680550673
1,20,2030,wind_offshore,0.020167178976600912
1,21,2030,wind_offshore,0.030803605476544184
1,22,2030,wind_offshore,0.033874620473824134
1,23,2030,wind_offshore,0.00713901485900217
1,24,2030,wind_offshore,0.0012748628915278711
1,1,2030,wind_onshore,0.04478530989185362
1,2,2030,wind_onshore,0.041498257616835996
1,3,2030,wind_onshore,0.03752322574965227
1,4,2030,wind_onshore,0.03273285738337142
1,5,2030,wind_onshore,0.027403220416831395
1,6,2030,wind_onshore,0.02436775150989979
1,7,2030,wind_onshore,0.022177610986578136
1,8,2030,wind_onshore,0.012518162678118746
1,9,2030,wind_onshore,0.010899873109906411
1,10,2030,wind_onshore,0.011446498940506785
1,11,2030,wind_onshore,0.012548880597283561
1,12,2030,wind_onshore,0.01830258490493781
1,13,2030,wind_onshore,0.027118858935782385
1,14,2030,wind_onshore,0.03832690149368266
1,15,2030,wind_onshore,0.05198238400841452
1,16,2030,wind_onshore,0.06480042290201254
1,17,2030,wind_onshore,0.07724164715350892
1,18,2030,wind_onshore,0.0903110134927582
1,19,2030,wind_onshore,0.09453723381943184
1,20,2030,wind_onshore,0.06700012598641437
1,21,2030,wind_onshore,0.05734399109131033
1,22,2030,wind_onshore,0.054985000165134995
1,23,2030,wind_onshore,0.05319528930003655
1,24,2030,wind_onshore,0.053441272670326175
2,1,2030,demand,0.44271247270196096
2,2,2030,demand,0.4298990598785865
2,3,2030,demand,0.4212629271334125
2,4,2030,demand,0.40991869130348363
2,5,2030,demand,0.404597974245511
2,6,2030,demand,0.40371120528555887
2,7,2030,demand,0.41658527824030456
2,8,2030,demand,0.440678539694461
2,9,2030,demand,0.4808605456985686
2,10,2030,demand,0.5115911095792715
2,11,2030,demand,0.5286059051311308
2,12,2030,demand,0.5272590221428307
2,13,2030,demand,0.5388105100965014
2,14,2030,demand,0.5305683220397356
2,15,2030,demand,0.5227814996515608
2,16,2030,demand,0.5052328812502227
2,17,2030,demand,0.5075560123297995
2,18,2030,demand,0.5260352037666978
2,19,2030,demand,0.5468805993509742
2,20,2030,demand,0.5587699417504265
2,21,2030,demand,0.5709232696426125
2,22,2030,demand,0.5444385649977709
2,23,2030,demand,0.5067851550568147
2,24,2030,demand,0.49815018211740486
2,1,2030,solar,0.0
2,2,2030,solar,0.0
2,3,2030,solar,0.0
2,4,2030,solar,0.0
2,5,2030,solar,0.0
2,6,2030,solar,0.0
2,7,2030,solar,0.0
2,8,2030,solar,0.0
2,9,2030,solar,0.01159415558887398
2,10,2030,solar,0.06184251961877514
2,11,2030,solar,0.14180912363763254
2,12,2030,solar,0.20847432744649066
2,13,2030,solar,0.23052253525598895
2,14,2030,solar,0.2085824302238254
2,15,2030,solar,0.14647838762080861
2,16,2030,solar,0.08151766864086629
2,17,2030,solar,0.028242441666487254
2,18,2030,solar,0.0
2,19,2030,solar,0.0
2,20,2030,solar,0.0
2,21,2030,solar,0.0
2,22,2030,solar,0.0
2,23,2030,solar,0.0
2,24,2030,solar,0.0
2,1,2030,wind_offshore,1.0600787090388515
2,2,2030,wind_offshore,1.090586151073338
2,3,2030,wind_offshore,1.0764277504421098
2,4,2030,wind_offshore,1.073928416782829
2,5,2030,wind_offshore,1.0735116469229158
2,6,2030,wind_offshore,1.0825930691182355
2,7,2030,wind_offshore,1.073338632299609
2,8,2030,wind_offshore,1.0742430970153587
2,9,2030,wind_offshore,1.065390027017682
2,10,2030,wind_offshore,1.040599119808721
2,11,2030,wind_offshore,1.030608618023538
2,12,2030,wind_offshore,1.0104051392553046
2,13,2030,wind_offshore,0.8322749521888879
2,14,2030,wind_offshore,0.9468129897028251
2,15,2030,wind_offshore,1.089141001320454
2,16,2030,wind_offshore,1.115181243014324
2,17,2030,wind_offshore,1.105535025850466
2,18,2030,wind_offshore,1.0894030182912797
2,19,2030,wind_offshore,1.0645594696791176
2,20,2030,wind_offshore,1.0789127300077312
2,21,2030,wind_offshore,1.0597161566412443
2,22,2030,wind_offshore,1.0477117024878713
2,23,2030,wind_offshore,1.0586075863885707
2,24,2030,wind_offshore,1.0506748985596865
2,1,2030,wind_onshore,0.7802017725682686
2,2,2030,wind_onshore,0.8201225317972911
2,3,2030,wind_onshore,0.8267532691770673
2,4,2030,wind_onshore,0.8269473226098599
2,5,2030,wind_onshore,0.8265529313820176
2,6,2030,wind_onshore,0.8116514494601861
2,7,2030,wind_onshore,0.810264540436552
2,8,2030,wind_onshore,0.8083840274565637
2,9,2030,wind_onshore,0.8059681515191491
2,10,2030,wind_onshore,0.8072878989041247
2,11,2030,wind_onshore,0.7855839668380393
2,12,2030,wind_onshore,0.7805810609953356
2,13,2030,wind_onshore,0.803417506202319
2,14,2030,wind_onshore,0.8497728350794053
2,15,2030,wind_onshore,0.8733873202863109
2,16,2030,wind_onshore,0.8775922128489101
2,17,2030,wind_onshore,0.8674429982082503
2,18,2030,wind_onshore,0.8446382805420614
2,19,2030,wind_onshore,0.840942424005435
2,20,2030,wind_onshore,0.8424537128507601
2,21,2030,wind_onshore,0.8660228919736664
2,22,2030,wind_onshore,0.8551639100706027
2,23,2030,wind_onshore,0.8284663204006489
2,24,2030,wind_onshore,0.8374090821989337
3,1,2030,demand,0.461670811088832
3,2,2030,demand,0.4538124025360768
3,3,2030,demand,0.4442899191197742
3,4,2030,demand,0.4347069411321345
3,5,2030,demand,0.42235095257086475
3,6,2030,demand,0.4276879844812479
3,7,2030,demand,0.44523881027455753
3,8,2030,demand,0.4718768777540241
3,9,2030,demand,0.498742987295169
3,10,2030,demand,0.5184848387956433
3,11,2030,demand,0.5266631785738857
3,12,2030,demand,0.5194440508240106
3,13,2030,demand,0.51666794114249
3,14,2030,demand,0.5124088864241486
3,15,2030,demand,0.5079685509604713
3,16,2030,demand,0.5046461145107457
3,17,2030,demand,0.497964017316718
3,18,2030,demand,0.5184610097906193
3,19,2030,demand,0.5483559844767044
3,20,2030,demand,0.5752440018493433
3,21,2030,demand,0.5682855679479226
3,22,2030,demand,0.5460656989680105
3,23,2030,demand,0.5136452525777735
3,24,2030,demand,0.508139859665504
3,1,2030,solar,0.0
3,2,2030,solar,0.0
3,3,2030,solar,0.0
3,4,2030,solar,0.0
3,5,2030,solar,0.0
3,6,2030,solar,0.0
3,7,2030,solar,0.0006296660420851082
3,8,2030,solar,0.12089205057993892
3,9,2030,solar,0.3890378702162999
3,10,2030,solar,0.6332251909376869
3,11,2030,solar,0.782251431653288
3,12,2030,solar,0.9009381461978386
3,13,2030,solar,0.9283108392077359
3,14,2030,solar,0.9119924551218548
3,15,2030,solar,0.8325209381368451
3,16,2030,solar,0.6954542706916976
3,17,2030,solar,0.49996961563189407
3,18,2030,solar,0.2537975842913604
3,19,2030,solar,0.03886134958657806
3,20,2030,solar,0.0
3,21,2030,solar,0.0
3,22,2030,solar,0.0
3,23,2030,solar,0.0
3,24,2030,solar,0.0
3,1,2030,wind_offshore,0.9928406369724248
3,2,2030,wind_offshore,1.0023785755808845
3,3,2030,wind_offshore,1.0000611914931419
3,4,2030,wind_offshore,0.9928645815914479
3,5,2030,wind_offshore,0.9791321311107294
3,6,2030,wind_offshore,0.9561593372386633
3,7,2030,wind_offshore,0.9165938969789152
3,8,2030,wind_offshore,0.8380103808272723
3,9,2030,wind_offshore,0.7475821622390926
3,10,2030,wind_offshore,0.6330512955284412
3,11,2030,wind_offshore,0.45988893299914924
3,12,2030,wind_offshore,0.25940420559596133
3,13,2030,wind_offshore,0.13096085857479708
3,14,2030,wind_offshore,0.0725054460693475
3,15,2030,wind_offshore,0.054531504863597965
3,16,2030,wind_offshore,0.049089138786691536
3,17,2030,wind_offshore,0.03420893786821435
3,18,2030,wind_offshore,0.013932644670324965
3,19,2030,wind_offshore,0.003987393185112296
3,20,2030,wind_offshore,0.001674183748811725
3,21,2030,wind_offshore,0.0025821925319302486
3,22,2030,wind_offshore,0.0026106387067822896
3,23,2030,wind_offshore,0.0017880946335154203
3,24,2030,wind_offshore,0.006030569964692379
3,1,2030,wind_onshore,0.27838051645449874
3,2,2030,wind_onshore,0.2601650860119012
3,3,2030,wind_onshore,0.23866206753439206
3,4,2030,wind_onshore,0.22131877924848053
3,5,2030,wind_onshore,0.20769556350660887
3,6,2030,wind_onshore,0.1953110157681856
3,7,2030,wind_onshore,0.1850233752822158
3,8,2030,wind_onshore,0.1763932885090021
3,9,2030,wind_onshore,0.13534163579757766
3,10,2030,wind_onshore,0.14224206227558372
3,11,2030,wind_onshore,0.1533843518514816
3,12,2030,wind_onshore,0.1642843174023805
3,13,2030,wind_onshore,0.17359258382782444
3,14,2030,wind_onshore,0.17963486742778595
3,15,2030,wind_onshore,0.18620314999268187
3,16,2030,wind_onshore,0.19351789888890747
3,17,2030,wind_onshore,0.19844532214150737
3,18,2030,wind_onshore,0.2014923481696355
3,19,2030,wind_onshore,0.18834149597123612
3,20,2030,wind_onshore,0.19851812508819533
3,21,2030,wind_onshore,0.18890660299042608
3,22,2030,wind_onshore,0.18297288793264938
3,23,2030,wind_onshore,0.1821406740324757
3,24,2030,wind_onshore,0.16756827178223896
4,1,2030,demand,0.5064380990064281
4,2,2030,demand,0.500502980801989
4,3,2030,demand,0.4933811007038599
4,4,2030,demand,0.4889056487660607
4,5,2030,demand,0.502623082949632
4,6,2030,demand,0.5350853443812968
4,7,2030,demand,0.5838248677724067
4,8,2030,demand,0.6098010772704855
4,9,2030,demand,0.6256489644710476
4,10,2030,demand,0.6412321300709596
4,11,2030,demand,0.6373087376165606
4,12,2030,demand,0.6206863497983198
4,13,2030,demand,0.6064957428626696
4,14,2030,demand,0.5934683394264272
4,15,2030,demand,0.5791113551956885
4,16,2030,demand,0.5763217108649471
4,17,2030,demand,0.5726019182903797
4,18,2030,demand,0.5816375309114643
4,19,2030,demand,0.6155060317219461
4,20,2030,demand,0.6340038369708668
4,21,2030,demand,0.6290554811348446
4,22,2030,demand,0.5835427066128694
4,23,2030,demand,0.5376625211888004
4,24,2030,demand,0.5328167650915743
4,1,2030,solar,0.0
4,2,2030,solar,0.0
4,3,2030,solar,0.0
4,4,2030,solar,0.0
4,5,2030,solar,0.0
4,6,2030,solar,0.0
4,7,2030,solar,0.013772718175153052
4,8,2030,solar,0.1604795272684865
4,9,2030,solar,0.3595799235121935
4,10,2030,solar,0.5285295599174178
4,11,2030,solar,0.6494750933052856
4,12,2030,solar,0.7425522734289081
4,13,2030,solar,0.7714174922493279
4,14,2030,solar,0.7390882221326837
4,15,2030,solar,0.6807961704168565
4,16,2030,solar,0.5627444292759767
4,17,2030,solar,0.4025359030090238
4,18,2030,solar,0.21671791315543756
4,19,2030,solar,0.05875682631224712
4,20,2030,solar,3.185943159938549e-6
4,21,2030,solar,0.0
4,22,2030,solar,0.0
4,23,2030,solar,0.0
4,24,2030,solar,0.0
4,1,2030,wind_offshore,0.0014225267621654151
4,2,2030,wind_offshore,0.00023706709482481373
4,3,2030,wind_offshore,0.00011113859803500199
4,4,2030,wind_offshore,1.0577871143421114e-5
4,5,2030,wind_offshore,0.0
4,6,2030,wind_offshore,0.0
4,7,2030,wind_offshore,0.0
4,8,2030,wind_offshore,0.0
4,9,2030,wind_offshore,0.0
4,10,2030,wind_offshore,0.0
4,11,2030,wind_offshore,0.0
4,12,2030,wind_offshore,0.0
4,13,2030,wind_offshore,0.0007642015356804891
4,14,2030,wind_offshore,0.004688072124670852
4,15,2030,wind_offshore,0.0070265443627106575
4,16,2030,wind_offshore,0.006952739029641583
4,17,2030,wind_offshore,0.006675526103798574
4,18,2030,wind_offshore,0.005935159770495191
4,19,2030,wind_offshore,0.001330915314275717
4,20,2030,wind_offshore,0.0
4,21,2030,wind_offshore,0.0
4,22,2030,wind_offshore,0.0
4,23,2030,wind_offshore,0.0
4,24,2030,wind_offshore,0.006757572462048793
4,1,2030,wind_onshore,0.29284325707959535
4,2,2030,wind_onshore,0.3224613540132611
4,3,2030,wind_onshore,0.3419572340458995
4,4,2030,wind_onshore,0.36087287660990897
4,5,2030,wind_onshore,0.39158401325408904
4,6,2030,wind_onshore,0.4105285722207867
4,7,2030,wind_onshore,0.4463561835415922
4,8,2030,wind_onshore,0.44312593584976645
4,9,2030,wind_onshore,0.49922204756378924
4,10,2030,wind_onshore,0.5503093618610425
4,11,2030,wind_onshore,0.5205558076558441
4,12,2030,wind_onshore,0.562564321766804
4,13,2030,wind_onshore,0.5710924874289698
4,14,2030,wind_onshore,0.5914448869235978
4,15,2030,wind_onshore,0.6072666005117775
4,16,2030,wind_onshore,0.6390289671988654
4,17,2030,wind_onshore,0.6515473284820137
4,18,2030,wind_onshore,0.63618308405602
4,19,2030,wind_onshore,0.6040195103477777
4,20,2030,wind_onshore,0.5699409778274939
4,21,2030,wind_onshore,0.5502446955747688
4,22,2030,wind_onshore,0.5135651916365317
4,23,2030,wind_onshore,0.47449075195303025
4,24,2030,wind_onshore,0.4583304729906177
5,1,2030,demand,0.46913865789248915
5,2,2030,demand,0.4653141155480543
5,3,2030,demand,0.4619983163434524
5,4,2030,demand,0.4550772702107078
5,5,2030,demand,0.4725053681056664
5,6,2030,demand,0.5053882525626191
5,7,2030,demand,0.5369333497162938
5,8,2030,demand,0.5663641162162607
5,9,2030,demand,0.5885838517014513
5,10,2030,demand,0.5965847501364779
5,11,2030,demand,0.6089045717102185
5,12,2030,demand,0.6112535190995474
5,13,2030,demand,0.6083022272981126
5,14,2030,demand,0.6114911679599665
5,15,2030,demand,0.6091679655248102
5,16,2030,demand,0.6104171001778946
5,17,2030,demand,0.6116809458416209
5,18,2030,demand,0.6040447734315717
5,19,2030,demand,0.6058282407805595
5,20,2030,demand,0.612287468358798
5,21,2030,demand,0.5934135421267902
5,22,2030,demand,0.5536963262941991
5,23,2030,demand,0.5117846884223504
5,24,2030,demand,0.5177107078169345
5,1,2030,solar,0.0
5,2,2030,solar,0.0
5,3,2030,solar,0.0
5,4,2030,solar,0.0
5,5,2030,solar,0.0
5,6,2030,solar,0.0
5,7,2030,solar,0.0
5,8,2030,solar,0.07215866193784488
5,9,2030,solar,0.23585166870448818
5,10,2030,solar,0.38743521716806284
5,11,2030,solar,0.48976682925874976
5,12,2030,solar,0.569374220621473
5,13,2030,solar,0.5903254496022111
5,14,2030,solar,0.5762859732859357
5,15,2030,solar,0.4974747467995759
5,16,2030,solar,0.36226695450114466
5,17,2030,solar,0.21248830273748623
5,18,2030,solar,0.07359970359947089
5,19,2030,solar,0.0
5,20,2030,solar,0.0
5,21,2030,solar,0.0
5,22,2030,solar,0.0
5,23,2030,solar,0.0
5,24,2030,solar,0.0
5,1,2030,wind_offshore,0.004559362031406492
5,2,2030,wind_offshore,0.0005461655897075558
5,3,2030,wind_offshore,0.0
5,4,2030,wind_offshore,0.0
5,5,2030,wind_offshore,0.0
5,6,2030,wind_offshore,0.0
5,7,2030,wind_offshore,0.0
5,8,2030,wind_offshore,0.0
5,9,2030,wind_offshore,0.0
5,10,2030,wind_offshore,0.004208039556485207
5,11,2030,wind_offshore,0.023753555324732518
5,12,2030,wind_offshore,0.08139155511867238
5,13,2030,wind_offshore,0.18495870796818253
5,14,2030,wind_offshore,0.348215396612192
5,15,2030,wind_offshore,0.5748969983387676
5,16,2030,wind_offshore,0.7512659312193933
5,17,2030,wind_offshore,0.8410959475665889
5,18,2030,wind_offshore,0.8747054227611335
5,19,2030,wind_offshore,0.8744159679896788
5,20,2030,wind_offshore,0.8825250535961994
5,21,2030,wind_offshore,0.9170928764944052
5,22,2030,wind_offshore,0.8972517846932851
5,23,2030,wind_offshore,0.8981255346625961
5,24,2030,wind_offshore,0.7970691460705199
5,1,2030,wind_onshore,0.08130623893723933
5,2,2030,wind_onshore,0.07772388694268911
5,3,2030,wind_onshore,0.07743623096807041
5,4,2030,wind_onshore,0.08053771123022176
5,5,2030,wind_onshore,0.08301356011176352
5,6,2030,wind_onshore,0.09620612113677342
5,7,2030,wind_onshore,0.10541282805164039
5,8,2030,wind_onshore,0.11666259626658995
5,9,2030,wind_onshore,0.11208581170337964
5,10,2030,wind_onshore,0.1021910357054273
5,11,2030,wind_onshore,0.09799927800958685
5,12,2030,wind_onshore,0.13782725233635407
5,13,2030,wind_onshore,0.20210203991611214
5,14,2030,wind_onshore,0.25699369901364044
5,15,2030,wind_onshore,0.2942239719250395
5,16,2030,wind_onshore,0.2858634848800527
5,17,2030,wind_onshore,0.245840743106193
5,18,2030,wind_onshore,0.18085653494975895
5,19,2030,wind_onshore,0.17083216725252068
5,20,2030,wind_onshore,0.1695487808722168
5,21,2030,wind_onshore,0.17656727388258914
5,22,2030,wind_onshore,0.1798368001520501
5,23,2030,wind_onshore,0.23109500708999484
5,24,2030,wind_onshore,0.22168475424214962
6,1,2030,demand,0.5220980280236989
6,2,2030,demand,0.5121201730460788
6,3,2030,demand,0.49898585294885434
6,4,2030,demand,0.4932700690279055
6,5,2030,demand,0.5043683677144629
6,6,2030,demand,0.5304725913418181
6,7,2030,demand,0.578090524618324
6,8,2030,demand,0.6382518967094738
6,9,2030,demand,0.6797405988096419
6,10,2030,demand,0.701212398638898
6,11,2030,demand,0.7066393264542935
6,12,2030,demand,0.6982787041842015
6,13,2030,demand,0.6831673289415777
6,14,2030,demand,0.6595807457842803
6,15,2030,demand,0.6488496057634918
6,16,2030,demand,0.6436946636366572
6,17,2030,demand,0.6391231060654227
6,18,2030,demand,0.6625956016481214
6,19,2030,demand,0.6924685345213254
6,20,2030,demand,0.7174119734569949
6,21,2030,demand,0.7192341759242333
6,22,2030,demand,0.6734463998574776
6,23,2030,demand,0.6158086584819804
6,24,2030,demand,0.596422760311304
6,1,2030,solar,0.0
6,2,2030,solar,0.0
6,3,2030,solar,0.0
6,4,2030,solar,0.0
6,5,2030,solar,0.0
6,6,2030,solar,0.0
6,7,2030,solar,0.0
6,8,2030,solar,0.0
6,9,2030,solar,0.03311500476810395
6,10,2030,solar,0.10691011730660721
6,11,2030,solar,0.1738190900157341
6,12,2030,solar,0.23352709269180102
6,13,2030,solar,0.25728101568214234
6,14,2030,solar,0.24480797390615078
6,15,2030,solar,0.22363000141470504
6,16,2030,solar,0.19026516904595694
6,17,2030,solar,0.12140040950318699
6,18,2030,solar,0.034729185797007546
6,19,2030,solar,0.0
6,20,2030,solar,0.0
6,21,2030,solar,0.0
6,22,2030,solar,0.0
6,23,2030,solar,0.0
6,24,2030,solar,0.0
6,1,2030,wind_offshore,1.0054835428415418
6,2,2030,wind_offshore,0.8589512727399374
6,3,2030,wind_offshore,0.5295238922033169
6,4,2030,wind_offshore,0.23936556630809094
6,5,2030,wind_offshore,0.10939486717093823
6,6,2030,wind_offshore,0.06524732205450946
6,7,2030,wind_offshore,0.11384081190429307
6,8,2030,wind_offshore,0.14487032210013082
6,9,2030,wind_offshore,0.07357597961121277
6,10,2030,wind_offshore,0.013398094883575922
6,11,2030,wind_offshore,0.006018850982914051
6,12,2030,wind_offshore,0.00013806572172033813
6,13,2030,wind_offshore,0.0
6,14,2030,wind_offshore,0.0
6,15,2030,wind_offshore,0.0
6,16,2030,wind_offshore,0.0010302876706984228
6,17,2030,wind_offshore,0.00031109035981375234
6,18,2030,wind_offshore,0.004981603509095193
6,19,2030,wind_offshore,0.014360409644941391
6,20,2030,wind_offshore,0.03262591580677425
6,21,2030,wind_offshore,0.03781418000683437
6,22,2030,wind_offshore,0.08613434237603028
6,23,2030,wind_offshore,0.20335096033084804
6,24,2030,wind_offshore,0.2841352645028996
6,1,2030,wind_onshore,0.6603945335124796
6,2,2030,wind_onshore,0.6411501199749013
6,3,2030,wind_onshore,0.6289064257052697
6,4,2030,wind_onshore,0.6050596480679826
6,5,2030,wind_onshore,0.5801589903716239
6,6,2030,wind_onshore,0.5393562540799782
6,7,2030,wind_onshore,0.485533303040057
6,8,2030,wind_onshore,0.4426607564580391
6,9,2030,wind_onshore,0.4094249852105364
6,10,2030,wind_onshore,0.40740132806014423
6,11,2030,wind_onshore,0.3844331169911195
6,12,2030,wind_onshore,0.41363677632826623
6,13,2030,wind_onshore,0.4393461313287276
6,14,2030,wind_onshore,0.42499233067886055
6,15,2030,wind_onshore,0.3970989712388408
6,16,2030,wind_onshore,0.36967756133341495
6,17,2030,wind_onshore,0.35139432472755233
6,18,2030,wind_onshore,0.3134788395195339
6,19,2030,wind_onshore,0.2974593269887136
6,20,2030,wind_onshore,0.28734755589606703
6,21,2030,wind_onshore,0.26708590626189116
6,22,2030,wind_onshore,0.23318448837723568
6,23,2030,wind_onshore,0.22085930678599772
6,24,2030,wind_onshore,0.21551366802286478
7,1,2030,demand,0.5129258737174572
7,2,2030,demand,0.49372778537145784
7,3,2030,demand,0.4799375342003399
7,4,2030,demand,0.4684601156196199
7,5,2030,demand,0.46511560573435423
7,6,2030,demand,0.4634626344840914
7,7,2030,demand,0.4814089411155068
7,8,2030,demand,0.514924835826692
7,9,2030,demand,0.5501133130756463
7,10,2030,demand,0.5692825172091187
7,11,2030,demand,0.5876736122478353
7,12,2030,demand,0.5782046978625427
7,13,2030,demand,0.5788940672151577
7,14,2030,demand,0.5824757288795307
7,15,2030,demand,0.5686552767852183
7,16,2030,demand,0.5569824951303322
7,17,2030,demand,0.5593490726584633
7,18,2030,demand,0.5775981059786944
7,19,2030,demand,0.5943549111627855
7,20,2030,demand,0.6161653329624306
7,21,2030,demand,0.6231966436124176
7,22,2030,demand,0.6073920875553326
7,23,2030,demand,0.5695267556079512
7,24,2030,demand,0.5579211785672652
7,1,2030,solar,0.0
7,2,2030,solar,0.0
7,3,2030,solar,0.0
7,4,2030,solar,0.0
7,5,2030,solar,0.0
7,6,2030,solar,0.0
7,7,2030,solar,0.0
7,8,2030,solar,0.0
7,9,2030,solar,0.06681225171217382
7,10,2030,solar,0.1978414589157519
7,11,2030,solar,0.322901515916437
7,12,2030,solar,0.3973695337640394
7,13,2030,solar,0.4314399451512666
7,14,2030,solar,0.4307219261880223
7,15,2030,solar,0.3518284739279179
7,16,2030,solar,0.23059101799525383
7,17,2030,solar,0.10089648876122127
7,18,2030,solar,0.0
7,19,2030,solar,0.0
7,20,2030,solar,0.0
7,21,2030,solar,0.0
7,22,2030,solar,0.0
7,23,2030,solar,0.0
7,24,2030,solar,0.0
7,1,2030,wind_offshore,1.0459840842034245
7,2,2030,wind_offshore,1.0862836398104783
7,3,2030,wind_offshore,1.101465660710969
7,4,2030,wind_offshore,1.108051916960301
7,5,2030,wind_offshore,1.1242233008715132
7,6,2030,wind_offshore,1.126065021528709
7,7,2030,wind_offshore,1.1224208309858954
7,8,2030,wind_offshore,1.1073523344155238
7,9,2030,wind_offshore,1.1082774739821262
7,10,2030,wind_offshore,1.1070725117860905
7,11,2030,wind_offshore,1.0924543308766883
7,12,2030,wind_offshore,1.083930473825819
7,13,2030,wind_offshore,1.0777247946932145
7,14,2030,wind_offshore,1.0877630882143385
7,15,2030,wind_offshore,1.0607270664392674
7,16,2030,wind_offshore,1.0501971270852664
7,17,2030,wind_offshore,1.069766234230341
7,18,2030,wind_offshore,1.0793990895743732
7,19,2030,wind_offshore,1.0265833439385004
7,20,2030,wind_offshore,0.998864420437514
7,21,2030,wind_offshore,1.001568917409798
7,22,2030,wind_offshore,0.9915970120278857
7,23,2030,wind_offshore,0.8896307415960015
7,24,2030,wind_offshore,0.794940036176149
7,1,2030,wind_onshore,0.12877371018982592
7,2,2030,wind_onshore,0.13408689992813336
7,3,2030,wind_onshore,0.13602774431561093
7,4,2030,wind_onshore,0.13338384518307617
7,5,2030,wind_onshore,0.13520733279324648
7,6,2030,wind_onshore,0.13526563258190102
7,7,2030,wind_onshore,0.13553858293260213
7,8,2030,wind_onshore,0.13729573760593994
7,9,2030,wind_onshore,0.1364756182480998
7,10,2030,wind_onshore,0.1265031353811237
7,11,2030,wind_onshore,0.11286792285430276
7,12,2030,wind_onshore,0.10379508705155653
7,13,2030,wind_onshore,0.11889963611679637
7,14,2030,wind_onshore,0.1350288888016925
7,15,2030,wind_onshore,0.1310125990756725
7,16,2030,wind_onshore,0.12149610030040082
7,17,2030,wind_onshore,0.11360536389867246
7,18,2030,wind_onshore,0.12498353057648837
7,19,2030,wind_onshore,0.1363654042682405
7,20,2030,wind_onshore,0.13820213176460738
7,21,2030,wind_onshore,0.1336351498851428
7,22,2030,wind_onshore,0.12241660788209992
7,23,2030,wind_onshore,0.10348680187604987
7,24,2030,wind_onshore,0.10517062785600194
8,1,2030,demand,0.4969226614944497
8,2,2030,demand,0.48428144061057155
8,3,2030,demand,0.4746498644480966
8,4,2030,demand,0.4560064041538632
8,5,2030,demand,0.4360004761555758
8,6,2030,demand,0.4371636763811197
8,7,2030,demand,0.4492288261843428
8,8,2030,demand,0.47811120021067544
8,9,2030,demand,0.5080469865871085
8,10,2030,demand,0.5426105594091212
8,11,2030,demand,0.5600989344169008
8,12,2030,demand,0.5631335867578839
8,13,2030,demand,0.5747746103258173
8,14,2030,demand,0.5707798965378181
8,15,2030,demand,0.5457609985285895
8,16,2030,demand,0.5369881862566187
8,17,2030,demand,0.5359631335785011
8,18,2030,demand,0.5394521949193949
8,19,2030,demand,0.5620778085980775
8,20,2030,demand,0.5774672188905279
8,21,2030,demand,0.579859872642415
8,22,2030,demand,0.5586052136173993
8,23,2030,demand,0.528155830231748
8,24,2030,demand,0.5195969012665071
8,1,2030,solar,0.0
8,2,2030,solar,0.0
8,3,2030,solar,0.0
8,4,2030,solar,0.0
8,5,2030,solar,0.0
8,6,2030,solar,0.0
8,7,2030,solar,0.0
8,8,2030,solar,0.0
8,9,2030,solar,0.05167055142687884
8,10,2030,solar,0.13021850176332622
8,11,2030,solar,0.2087179286047
8,12,2030,solar,0.28584024824389576
8,13,2030,solar,0.31706380776795484
8,14,2030,solar,0.28659488880332357
8,15,2030,solar,0.21318543679636887
8,16,2030,solar,0.12861084489300753
8,17,2030,solar,0.050327360790393585
8,18,2030,solar,0.0
8,19,2030,solar,0.0
8,20,2030,solar,0.0
8,21,2030,solar,0.0
8,22,2030,solar,0.0
8,23,2030,solar,0.0
8,24,2030,solar,0.0
8,1,2030,wind_offshore,0.8578437556084378
8,2,2030,wind_offshore,0.8560219879406367
8,3,2030,wind_offshore,0.7961168789025929
8,4,2030,wind_offshore,0.7038746719271216
8,5,2030,wind_offshore,0.5522747652709766
8,6,2030,wind_offshore,0.43188819967805875
8,7,2030,wind_offshore,0.3343598359898269
8,8,2030,wind_offshore,0.2733955457750326
8,9,2030,wind_offshore,0.1912001417623409
8,10,2030,wind_offshore,0.09483285421950227
8,11,2030,wind_offshore,0.04129890939490588
8,12,2030,wind_offshore,0.004416514977894289
8,13,2030,wind_offshore,2.1960486597401044e-5
8,14,2030,wind_offshore,0.0
8,15,2030,wind_offshore,0.0003028918389877588
8,16,2030,wind_offshore,0.010491682871207648
8,17,2030,wind_offshore,0.041301419107787576
8,18,2030,wind_offshore,0.09838964265427405
8,19,2030,wind_offshore,0.24092139575593727
8,20,2030,wind_offshore,0.4946056877019521
8,21,2030,wind_offshore,0.8265517053518813
8,22,2030,wind_offshore,1.0809697208625717
8,23,2030,wind_offshore,1.111026685129973
8,24,2030,wind_offshore,1.0941284145326153
8,1,2030,wind_onshore,0.44739870245566116
8,2,2030,wind_onshore,0.4596428765065854
8,3,2030,wind_onshore,0.4560837488875312
8,4,2030,wind_onshore,0.45250864483597564
8,5,2030,wind_onshore,0.45129031144552434
8,6,2030,wind_onshore,0.4466645486183177
8,7,2030,wind_onshore,0.44044461444340804
8,8,2030,wind_onshore,0.43420801650189106
8,9,2030,wind_onshore,0.42267102488620534
8,10,2030,wind_onshore,0.414586330613153
8,11,2030,wind_onshore,0.399206785229864
8,12,2030,wind_onshore,0.459894095204516
8,13,2030,wind_onshore,0.5060220132291464
8,14,2030,wind_onshore,0.5329707340553247
8,15,2030,wind_onshore,0.5264417276893647
8,16,2030,wind_onshore,0.4812812653472202
8,17,2030,wind_onshore,0.4071930356480686
8,18,2030,wind_onshore,0.35573526336398403
8,19,2030,wind_onshore,0.3236659466240486
8,20,2030,wind_onshore,0.3205771325268162
8,21,2030,wind_onshore,0.3059202051619291
8,22,2030,wind_onshore,0.3042970264249685
8,23,2030,wind_onshore,0.30676574524614403
8,24,2030,wind_onshore,0.34127006475065397
