year,period,rep_period,weight,scenario
2030,1,302,1.0,1
2030,2,79,1.0,1
2030,3,386,1.0,1
2030,4,419,1.0,1
2030,5,25,1.0,1
2030,6,77,1.0,1
2030,7,334,1.0,1
2030,8,224,1.0,1
2030,9,131,1.0,1
2030,10,153,1.0,1
2030,11,77,1.0,1
2030,12,77,1.0,1
2030,13,30,1.0,1
2030,14,190,1.0,1
2030,15,128,1.0,1
2030,16,266,1.0,1
2030,17,217,1.0,1
2030,18,192,1.0,1
2030,19,103,1.0,1
2030,20,14,1.0,1
2030,21,341,1.0,1
2030,22,231,1.0,1
2030,23,47,1.0,1
2030,24,279,1.0,1
2030,25,98,1.0,1
2030,26,204,1.0,1
2030,27,33,1.0,1
2030,28,10,1.0,1
2030,29,54,1.0,1
2030,30,79,1.0,1
2030,31,249,1.0,1
2030,32,183,1.0,1
2030,33,353,1.0,1
2030,34,14,1.0,1
2030,35,415,1.0,1
2030,36,104,1.0,1
2030,37,164,1.0,1
2030,38,306,1.0,1
2030,39,444,1.0,1
2030,40,366,1.0,1
2030,41,327,1.0,1
2030,42,229,1.0,1
2030,43,204,1.0,1
2030,44,386,1.0,1
2030,45,104,1.0,1
2030,46,31,1.0,1
2030,47,249,1.0,1
2030,48,231,1.0,1
2030,49,345,1.0,1
2030,50,257,1.0,1
2030,51,261,1.0,1
2030,52,114,1.0,1
2030,53,43,1.0,1
2030,54,395,1.0,1
2030,55,405,1.0,1
2030,56,134,1.0,1
2030,57,263,1.0,1
2030,58,50,1.0,1
2030,59,50,1.0,1
2030,60,96,1.0,1
2030,61,346,1.0,1
2030,62,344,1.0,1
2030,63,130,1.0,1
2030,64,224,1.0,1
2030,65,118,1.0,1
2030,66,409,1.0,1
2030,67,346,1.0,1
2030,68,5,1.0,1
2030,69,338,1.0,1
2030,70,414,1.0,1
2030,71,156,1.0,1
2030,72,244,1.0,1
2030,73,12,1.0,1
2030,74,140,1.0,1
2030,75,323,1.0,1
2030,76,272,1.0,1
2030,77,151,1.0,1
2030,78,182,1.0,1
2030,79,369,1.0,1
2030,80,68,1.0,1
2030,81,5,1.0,1
2030,82,263,1.0,1
2030,83,12,1.0,1
2030,84,277,1.0,1
2030,85,359,1.0,1
2030,86,201,1.0,1
2030,87,136,1.0,1
2030,88,240,1.0,1
2030,89,182,1.0,1
2030,90,11,1.0,1
2030,91,436,1.0,1
2030,92,11,1.0,1
2030,93,11,1.0,1
2030,94,87,1.0,1
2030,95,220,1.0,1
2030,96,112,1.0,1
2030,97,331,1.0,1
2030,98,123,1.0,1
2030,99,424,1.0,1
2030,100,181,1.0,1
2030,101,317,1.0,1
2030,102,369,1.0,1
2030,103,272,1.0,1
2030,104,194,1.0,1
2030,105,41,1.0,1
2030,106,49,1.0,1
2030,107,122,1.0,1
2030,108,309,1.0,1
2030,109,232,1.0,1
2030,110,145,1.0,1
2030,111,303,1.0,1
2030,112,263,1.0,1
2030,113,384,1.0,1
2030,114,97,1.0,1
2030,115,86,1.0,1
2030,116,72,1.0,1
2030,117,423,1.0,1
2030,118,256,1.0,1
2030,119,66,1.0,1
2030,120,421,1.0,1
2030,121,88,1.0,1
2030,122,321,1.0,1
2030,123,324,1.0,1
2030,124,144,1.0,1
2030,125,74,1.0,1
2030,126,301,1.0,1
2030,127,242,1.0,1
2030,128,76,1.0,1
2030,129,158,1.0,1
2030,130,21,1.0,1
2030,131,41,1.0,1
2030,132,155,1.0,1
2030,133,280,1.0,1
2030,134,317,1.0,1
2030,135,151,1.0,1
2030,136,11,1.0,1
2030,137,286,1.0,1
2030,138,446,1.0,1
2030,139,16,1.0,1
2030,140,407,1.0,1
2030,141,205,1.0,1
2030,142,111,1.0,1
2030,143,146,1.0,1
2030,144,13,1.0,1
2030,145,233,1.0,1
2030,146,235,1.0,1
2030,147,116,1.0,1
2030,148,242,1.0,1
2030,149,446,1.0,1
2030,150,285,1.0,1
2030,151,21,1.0,1
2030,152,71,1.0,1
2030,153,71,1.0,1
2030,154,87,1.0,1
2030,155,324,1.0,1
2030,156,181,1.0,1
2030,157,198,1.0,1
2030,158,139,1.0,1
2030,159,35,1.0,1
2030,160,51,1.0,1
2030,161,203,1.0,1
2030,162,361,1.0,1
2030,163,85,1.0,1
2030,164,184,1.0,1
2030,165,380,1.0,1
2030,166,389,1.0,1
2030,167,81,1.0,1
2030,168,26,1.0,1
2030,169,117,1.0,1
2030,170,161,1.0,1
2030,171,122,1.0,1
2030,172,21,1.0,1
2030,173,394,1.0,1
2030,174,206,1.0,1
2030,175,299,1.0,1
2030,176,370,1.0,1
2030,177,258,1.0,1
2030,178,177,1.0,1
2030,179,235,1.0,1
2030,180,265,1.0,1
2030,181,245,1.0,1
2030,182,271,1.0,1
2030,183,317,1.0,1
2030,184,8,1.0,1
2030,185,436,1.0,1
2030,186,290,1.0,1
2030,187,137,1.0,1
2030,188,62,1.0,1
2030,189,26,1.0,1
2030,190,117,1.0,1
2030,191,67,1.0,1
2030,192,161,1.0,1
2030,193,241,1.0,1
2030,194,76,1.0,1
2030,195,158,1.0,1
2030,196,397,1.0,1
2030,197,383,1.0,1
2030,198,317,1.0,1
2030,199,179,1.0,1
2030,200,431,1.0,1
2030,201,446,1.0,1
2030,202,446,1.0,1
2030,203,41,1.0,1
2030,204,151,1.0,1
2030,205,446,1.0,1
2030,206,59,1.0,1
2030,207,383,1.0,1
2030,208,146,1.0,1
2030,209,146,1.0,1
2030,210,146,1.0,1
2030,211,158,1.0,1
2030,212,36,1.0,1
2030,213,159,1.0,1
2030,214,74,1.0,1
2030,215,245,1.0,1
2030,216,428,1.0,1
2030,217,26,1.0,1
2030,218,41,1.0,1
2030,219,59,1.0,1
2030,220,59,1.0,1
2030,221,155,1.0,1
2030,222,355,1.0,1
2030,223,97,1.0,1
2030,224,294,1.0,1
2030,225,177,1.0,1
2030,226,290,1.0,1
2030,227,73,1.0,1
2030,228,189,1.0,1
2030,229,21,1.0,1
2030,230,404,1.0,1
2030,231,296,1.0,1
2030,232,381,1.0,1
2030,233,445,1.0,1
2030,234,43,1.0,1
2030,235,68,1.0,1
2030,236,122,1.0,1
2030,237,203,1.0,1
2030,238,291,1.0,1
2030,239,105,1.0,1
2030,240,423,1.0,1
2030,241,123,1.0,1
2030,242,335,1.0,1
2030,243,203,1.0,1
2030,244,302,1.0,1
2030,245,429,1.0,1
2030,246,271,1.0,1
2030,247,219,1.0,1
2030,248,2,1.0,1
2030,249,131,1.0,1
2030,250,151,1.0,1
2030,251,262,1.0,1
2030,252,271,1.0,1
2030,253,337,1.0,1
2030,254,215,1.0,1
2030,255,17,1.0,1
2030,256,252,1.0,1
2030,257,229,1.0,1
2030,258,122,1.0,1
2030,259,388,1.0,1
2030,260,73,1.0,1
2030,261,196,1.0,1
2030,262,371,1.0,1
2030,263,189,1.0,1
2030,264,262,1.0,1
2030,265,273,1.0,1
2030,266,260,1.0,1
2030,267,287,1.0,1
2030,268,80,1.0,1
2030,269,172,1.0,1
2030,270,110,1.0,1
2030,271,344,1.0,1
2030,272,121,1.0,1
2030,273,156,1.0,1
2030,274,99,1.0,1
2030,275,172,1.0,1
2030,276,97,1.0,1
2030,277,156,1.0,1
2030,278,157,1.0,1
2030,279,159,1.0,1
2030,280,35,1.0,1
2030,281,307,1.0,1
2030,282,390,1.0,1
2030,283,313,1.0,1
2030,284,15,1.0,1
2030,285,90,1.0,1
2030,286,215,1.0,1
2030,287,155,1.0,1
2030,288,432,1.0,1
2030,289,419,1.0,1
2030,290,278,1.0,1
2030,291,194,1.0,1
2030,292,155,1.0,1
2030,293,223,1.0,1
2030,294,302,1.0,1
2030,295,173,1.0,1
2030,296,380,1.0,1
2030,297,379,1.0,1
2030,298,160,1.0,1
2030,299,120,1.0,1
2030,300,308,1.0,1
2030,301,110,1.0,1
2030,302,141,1.0,1
2030,303,18,1.0,1
2030,304,52,1.0,1
2030,305,141,1.0,1
2030,306,108,1.0,1
2030,307,48,1.0,1
2030,308,398,1.0,1
2030,309,40,1.0,1
2030,310,375,1.0,1
2030,311,185,1.0,1
2030,312,331,1.0,1
2030,313,222,1.0,1
2030,314,419,1.0,1
2030,315,51,1.0,1
2030,316,210,1.0,1
2030,317,101,1.0,1
2030,318,342,1.0,1
2030,319,443,1.0,1
2030,320,162,1.0,1
2030,321,222,1.0,1
2030,322,29,1.0,1
2030,323,366,1.0,1
2030,324,408,1.0,1
2030,325,137,1.0,1
2030,326,25,1.0,1
2030,327,52,1.0,1
2030,328,9,1.0,1
2030,329,124,1.0,1
2030,330,413,1.0,1
2030,331,52,1.0,1
2030,332,9,1.0,1
2030,333,409,1.0,1
2030,334,104,1.0,1
2030,335,406,1.0,1
2030,336,30,1.0,1
2030,337,131,1.0,1
2030,338,25,1.0,1
2030,339,103,1.0,1
2030,340,148,1.0,1
2030,341,30,1.0,1
2030,342,386,1.0,1
2030,343,240,1.0,1
2030,344,400,1.0,1
2030,345,341,1.0,1
2030,346,253,1.0,1
2030,347,120,1.0,1
2030,348,322,1.0,1
2030,349,113,1.0,1
2030,350,334,1.0,1
2030,351,45,1.0,1
2030,352,352,1.0,1
2030,353,341,1.0,1
2030,354,147,1.0,1
2030,355,217,1.0,1
2030,356,100,1.0,1
2030,357,100,1.0,1
2030,358,101,1.0,1
2030,359,79,1.0,1
2030,360,153,1.0,1
2030,361,330,1.0,1
2030,362,30,1.0,1
2030,363,183,1.0,1
2030,364,29,1.0,1
2030,365,197,1.0,1
2030,1,52,1.0,2
2030,2,102,1.0,2
2030,3,244,1.0,2
2030,4,65,1.0,2
2030,5,143,1.0,2
2030,6,147,1.0,2
2030,7,124,1.0,2
2030,8,149,1.0,2
2030,9,244,1.0,2
2030,10,30,1.0,2
2030,11,112,1.0,2
2030,12,55,1.0,2
2030,13,341,1.0,2
2030,14,25,1.0,2
2030,15,19,1.0,2
2030,16,343,1.0,2
2030,17,330,1.0,2
2030,18,47,1.0,2
2030,19,45,1.0,2
2030,20,103,1.0,2
2030,21,373,1.0,2
2030,22,48,1.0,2
2030,23,31,1.0,2
2030,24,147,1.0,2
2030,25,178,1.0,2
2030,26,193,1.0,2
2030,27,183,1.0,2
2030,28,372,1.0,2
2030,29,199,1.0,2
2030,30,81,1.0,2
2030,31,350,1.0,2
2030,32,413,1.0,2
2030,33,223,1.0,2
2030,34,101,1.0,2
2030,35,278,1.0,2
2030,36,61,1.0,2
2030,37,249,1.0,2
2030,38,249,1.0,2
2030,39,54,1.0,2
2030,40,447,1.0,2
2030,41,98,1.0,2
2030,42,405,1.0,2
2030,43,178,1.0,2
2030,44,398,1.0,2
2030,45,379,1.0,2
2030,46,103,1.0,2
2030,47,345,1.0,2
2030,48,3,1.0,2
2030,49,401,1.0,2
2030,50,92,1.0,2
2030,51,111,1.0,2
2030,52,430,1.0,2
2030,53,334,1.0,2
2030,54,345,1.0,2
2030,55,339,1.0,2
2030,56,187,1.0,2
2030,57,444,1.0,2
2030,58,443,1.0,2
2030,59,133,1.0,2
2030,60,143,1.0,2
2030,61,430,1.0,2
2030,62,345,1.0,2
2030,63,414,1.0,2
2030,64,334,1.0,2
2030,65,334,1.0,2
2030,66,345,1.0,2
2030,67,77,1.0,2
2030,68,52,1.0,2
2030,69,19,1.0,2
2030,70,225,1.0,2
2030,71,111,1.0,2
2030,72,164,1.0,2
2030,73,160,1.0,2
2030,74,239,1.0,2
2030,75,182,1.0,2
2030,76,182,1.0,2
2030,77,311,1.0,2
2030,78,272,1.0,2
2030,79,440,1.0,2
2030,80,372,1.0,2
2030,81,206,1.0,2
2030,82,50,1.0,2
2030,83,263,1.0,2
2030,84,157,1.0,2
2030,85,332,1.0,2
2030,86,272,1.0,2
2030,87,182,1.0,2
2030,88,90,1.0,2
2030,89,267,1.0,2
2030,90,359,1.0,2
2030,91,302,1.0,2
2030,92,362,1.0,2
2030,93,225,1.0,2
2030,94,349,1.0,2
2030,95,312,1.0,2
2030,96,122,1.0,2
2030,97,441,1.0,2
2030,98,371,1.0,2
2030,99,421,1.0,2
2030,100,242,1.0,2
2030,101,119,1.0,2
2030,102,213,1.0,2
2030,103,124,1.0,2
2030,104,448,1.0,2
2030,105,254,1.0,2
2030,106,418,1.0,2
2030,107,283,1.0,2
2030,108,4,1.0,2
2030,109,355,1.0,2
2030,110,212,1.0,2
2030,111,360,1.0,2
2030,112,26,1.0,2
2030,113,418,1.0,2
2030,114,410,1.0,2
2030,115,27,1.0,2
2030,116,434,1.0,2
2030,117,59,1.0,2
2030,118,46,1.0,2
2030,119,418,1.0,2
2030,120,151,1.0,2
2030,121,109,1.0,2
2030,122,73,1.0,2
2030,123,291,1.0,2
2030,124,203,1.0,2
2030,125,116,1.0,2
2030,126,407,1.0,2
2030,127,258,1.0,2
2030,128,314,1.0,2
2030,129,241,1.0,2
2030,130,161,1.0,2
2030,131,385,1.0,2
2030,132,321,1.0,2
2030,133,36,1.0,2
2030,134,302,1.0,2
2030,135,121,1.0,2
2030,136,268,1.0,2
2030,137,198,1.0,2
2030,138,115,1.0,2
2030,139,49,1.0,2
2030,140,154,1.0,2
2030,141,159,1.0,2
2030,142,427,1.0,2
2030,143,2,1.0,2
2030,144,339,1.0,2
2030,145,365,1.0,2
2030,146,172,1.0,2
2030,147,429,1.0,2
2030,148,78,1.0,2
2030,149,105,1.0,2
2030,150,152,1.0,2
2030,151,207,1.0,2
2030,152,317,1.0,2
2030,153,38,1.0,2
2030,154,97,1.0,2
2030,155,28,1.0,2
2030,156,115,1.0,2
2030,157,161,1.0,2
2030,158,155,1.0,2
2030,159,280,1.0,2
2030,160,339,1.0,2
2030,161,144,1.0,2
2030,162,310,1.0,2
2030,163,68,1.0,2
2030,164,424,1.0,2
2030,165,444,1.0,2
2030,166,6,1.0,2
2030,167,362,1.0,2
2030,168,388,1.0,2
2030,169,410,1.0,2
2030,170,117,1.0,2
2030,171,161,1.0,2
2030,172,291,1.0,2
2030,173,161,1.0,2
2030,174,67,1.0,2
2030,175,291,1.0,2
2030,176,316,1.0,2
2030,177,258,1.0,2
2030,178,73,1.0,2
2030,179,21,1.0,2
2030,180,190,1.0,2
2030,181,422,1.0,2
2030,182,34,1.0,2
2030,183,63,1.0,2
2030,184,56,1.0,2
2030,185,290,1.0,2
2030,186,425,1.0,2
2030,187,41,1.0,2
2030,188,291,1.0,2
2030,189,69,1.0,2
2030,190,317,1.0,2
2030,191,155,1.0,2
2030,192,418,1.0,2
2030,193,383,1.0,2
2030,194,397,1.0,2
2030,195,122,1.0,2
2030,196,203,1.0,2
2030,197,73,1.0,2
2030,198,215,1.0,2
2030,199,286,1.0,2
2030,200,90,1.0,2
2030,201,60,1.0,2
2030,202,83,1.0,2
2030,203,41,1.0,2
2030,204,26,1.0,2
2030,205,446,1.0,2
2030,206,446,1.0,2
2030,207,446,1.0,2
2030,208,71,1.0,2
2030,209,68,1.0,2
2030,210,425,1.0,2
2030,211,402,1.0,2
2030,212,296,1.0,2
2030,213,21,1.0,2
2030,214,309,1.0,2
2030,215,66,1.0,2
2030,216,300,1.0,2
2030,217,425,1.0,2
2030,218,122,1.0,2
2030,219,284,1.0,2
2030,220,140,1.0,2
2030,221,99,1.0,2
2030,222,309,1.0,2
2030,223,51,1.0,2
2030,224,90,1.0,2
2030,225,123,1.0,2
2030,226,118,1.0,2
2030,227,242,1.0,2
2030,228,46,1.0,2
2030,229,212,1.0,2
2030,230,139,1.0,2
2030,231,425,1.0,2
2030,232,446,1.0,2
2030,233,390,1.0,2
2030,234,189,1.0,2
2030,235,179,1.0,2
2030,236,87,1.0,2
2030,237,290,1.0,2
2030,238,62,1.0,2
2030,239,428,1.0,2
2030,240,310,1.0,2
2030,241,230,1.0,2
2030,242,82,1.0,2
2030,243,82,1.0,2
2030,244,311,1.0,2
2030,245,64,1.0,2
2030,246,28,1.0,2
2030,247,429,1.0,2
2030,248,429,1.0,2
2030,249,324,1.0,2
2030,250,82,1.0,2
2030,251,37,1.0,2
2030,252,64,1.0,2
2030,253,107,1.0,2
2030,254,288,1.0,2
2030,255,63,1.0,2
2030,256,205,1.0,2
2030,257,141,1.0,2
2030,258,337,1.0,2
2030,259,151,1.0,2
2030,260,197,1.0,2
2030,261,407,1.0,2
2030,262,242,1.0,2
2030,263,136,1.0,2
2030,264,70,1.0,2
2030,265,82,1.0,2
2030,266,397,1.0,2
2030,267,197,1.0,2
2030,268,88,1.0,2
2030,269,389,1.0,2
2030,270,159,1.0,2
2030,271,170,1.0,2
2030,272,258,1.0,2
2030,273,159,1.0,2
2030,274,137,1.0,2
2030,275,286,1.0,2
2030,276,395,1.0,2
2030,277,229,1.0,2
2030,278,231,1.0,2
2030,279,252,1.0,2
2030,280,388,1.0,2
2030,281,390,1.0,2
2030,282,6,1.0,2
2030,283,156,1.0,2
2030,284,308,1.0,2
2030,285,396,1.0,2
2030,286,141,1.0,2
2030,287,292,1.0,2
2030,288,92,1.0,2
2030,289,2,1.0,2
2030,290,63,1.0,2
2030,291,45,1.0,2
2030,292,141,1.0,2
2030,293,184,1.0,2
2030,294,186,1.0,2
2030,295,186,1.0,2
2030,296,63,1.0,2
2030,297,30,1.0,2
2030,298,278,1.0,2
2030,299,114,1.0,2
2030,300,229,1.0,2
2030,301,215,1.0,2
2030,302,286,1.0,2
2030,303,274,1.0,2
2030,304,213,1.0,2
2030,305,213,1.0,2
2030,306,14,1.0,2
2030,307,255,1.0,2
2030,308,131,1.0,2
2030,309,204,1.0,2
2030,310,183,1.0,2
2030,311,131,1.0,2
2030,312,274,1.0,2
2030,313,375,1.0,2
2030,314,306,1.0,2
2030,315,334,1.0,2
2030,316,79,1.0,2
2030,317,196,1.0,2
2030,318,18,1.0,2
2030,319,430,1.0,2
2030,320,334,1.0,2
2030,321,187,1.0,2
2030,322,375,1.0,2
2030,323,147,1.0,2
2030,324,295,1.0,2
2030,325,98,1.0,2
2030,326,278,1.0,2
2030,327,267,1.0,2
2030,328,33,1.0,2
2030,329,278,1.0,2
2030,330,267,1.0,2
2030,331,183,1.0,2
2030,332,386,1.0,2
2030,333,244,1.0,2
2030,334,9,1.0,2
2030,335,236,1.0,2
2030,336,168,1.0,2
2030,337,79,1.0,2
2030,338,353,1.0,2
2030,339,239,1.0,2
2030,340,376,1.0,2
2030,341,147,1.0,2
2030,342,223,1.0,2
2030,343,192,1.0,2
2030,344,110,1.0,2
2030,345,363,1.0,2
2030,346,413,1.0,2
2030,347,178,1.0,2
2030,348,430,1.0,2
2030,349,192,1.0,2
2030,350,85,1.0,2
2030,351,40,1.0,2
2030,352,79,1.0,2
2030,353,405,1.0,2
2030,354,101,1.0,2
2030,355,110,1.0,2
2030,356,39,1.0,2
2030,357,55,1.0,2
2030,358,113,1.0,2
2030,359,45,1.0,2
2030,360,103,1.0,2
2030,361,125,1.0,2
2030,362,295,1.0,2
2030,363,341,1.0,2
2030,364,31,1.0,2
2030,365,341,1.0,2
2030,1,153,1.0,3
2030,2,9,1.0,3
2030,3,19,1.0,3
2030,4,104,1.0,3
2030,5,31,1.0,3
2030,6,372,1.0,3
2030,7,31,1.0,3
2030,8,341,1.0,3
2030,9,135,1.0,3
2030,10,341,1.0,3
2030,11,33,1.0,3
2030,12,98,1.0,3
2030,13,236,1.0,3
2030,14,104,1.0,3
2030,15,210,1.0,3
2030,16,18,1.0,3
2030,17,322,1.0,3
2030,18,247,1.0,3
2030,19,165,1.0,3
2030,20,199,1.0,3
2030,21,401,1.0,3
2030,22,184,1.0,3
2030,23,187,1.0,3
2030,24,409,1.0,3
2030,25,19,1.0,3
2030,26,267,1.0,3
2030,27,376,1.0,3
2030,28,225,1.0,3
2030,29,187,1.0,3
2030,30,343,1.0,3
2030,31,153,1.0,3
2030,32,348,1.0,3
2030,33,356,1.0,3
2030,34,257,1.0,3
2030,35,142,1.0,3
2030,36,395,1.0,3
2030,37,101,1.0,3
2030,38,18,1.0,3
2030,39,437,1.0,3
2030,40,1,1.0,3
2030,41,199,1.0,3
2030,42,168,1.0,3
2030,43,223,1.0,3
2030,44,413,1.0,3
2030,45,14,1.0,3
2030,46,341,1.0,3
2030,47,164,1.0,3
2030,48,55,1.0,3
2030,49,273,1.0,3
2030,50,430,1.0,3
2030,51,52,1.0,3
2030,52,187,1.0,3
2030,53,437,1.0,3
2030,54,298,1.0,3
2030,55,371,1.0,3
2030,56,134,1.0,3
2030,57,9,1.0,3
2030,58,225,1.0,3
2030,59,344,1.0,3
2030,60,414,1.0,3
2030,61,110,1.0,3
2030,62,18,1.0,3
2030,63,88,1.0,3
2030,64,3,1.0,3
2030,65,156,1.0,3
2030,66,156,1.0,3
2030,67,3,1.0,3
2030,68,422,1.0,3
2030,69,111,1.0,3
2030,70,323,1.0,3
2030,71,332,1.0,3
2030,72,118,1.0,3
2030,73,223,1.0,3
2030,74,48,1.0,3
2030,75,123,1.0,3
2030,76,426,1.0,3
2030,77,52,1.0,3
2030,78,219,1.0,3
2030,79,345,1.0,3
2030,80,298,1.0,3
2030,81,182,1.0,3
2030,82,204,1.0,3
2030,83,182,1.0,3
2030,84,335,1.0,3
2030,85,46,1.0,3
2030,86,278,1.0,3
2030,87,210,1.0,3
2030,88,356,1.0,3
2030,89,334,1.0,3
2030,90,437,1.0,3
2030,91,384,1.0,3
2030,92,82,1.0,3
2030,93,424,1.0,3
2030,94,349,1.0,3
2030,95,267,1.0,3
2030,96,425,1.0,3
2030,97,335,1.0,3
2030,98,11,1.0,3
2030,99,212,1.0,3
2030,100,82,1.0,3
2030,101,131,1.0,3
2030,102,335,1.0,3
2030,103,282,1.0,3
2030,104,360,1.0,3
2030,105,155,1.0,3
2030,106,159,1.0,3
2030,107,381,1.0,3
2030,108,429,1.0,3
2030,109,201,1.0,3
2030,110,403,1.0,3
2030,111,180,1.0,3
2030,112,268,1.0,3
2030,113,426,1.0,3
2030,114,2,1.0,3
2030,115,180,1.0,3
2030,116,328,1.0,3
2030,117,188,1.0,3
2030,118,361,1.0,3
2030,119,80,1.0,3
2030,120,208,1.0,3
2030,121,318,1.0,3
2030,122,364,1.0,3
2030,123,158,1.0,3
2030,124,335,1.0,3
2030,125,21,1.0,3
2030,126,274,1.0,3
2030,127,22,1.0,3
2030,128,201,1.0,3
2030,129,159,1.0,3
2030,130,67,1.0,3
2030,131,67,1.0,3
2030,132,53,1.0,3
2030,133,258,1.0,3
2030,134,438,1.0,3
2030,135,282,1.0,3
2030,136,339,1.0,3
2030,137,303,1.0,3
2030,138,78,1.0,3
2030,139,63,1.0,3
2030,140,205,1.0,3
2030,141,380,1.0,3
2030,142,217,1.0,3
2030,143,230,1.0,3
2030,144,158,1.0,3
2030,145,163,1.0,3
2030,146,397,1.0,3
2030,147,64,1.0,3
2030,148,146,1.0,3
2030,149,432,1.0,3
2030,150,188,1.0,3
2030,151,245,1.0,3
2030,152,63,1.0,3
2030,153,410,1.0,3
2030,154,412,1.0,3
2030,155,421,1.0,3
2030,156,181,1.0,3
2030,157,317,1.0,3
2030,158,109,1.0,3
2030,159,62,1.0,3
2030,160,99,1.0,3
2030,161,58,1.0,3
2030,162,194,1.0,3
2030,163,122,1.0,3
2030,164,392,1.0,3
2030,165,205,1.0,3
2030,166,252,1.0,3
2030,167,21,1.0,3
2030,168,41,1.0,3
2030,169,399,1.0,3
2030,170,299,1.0,3
2030,171,181,1.0,3
2030,172,364,1.0,3
2030,173,248,1.0,3
2030,174,314,1.0,3
2030,175,161,1.0,3
2030,176,161,1.0,3
2030,177,161,1.0,3
2030,178,161,1.0,3
2030,179,291,1.0,3
2030,180,369,1.0,3
2030,181,220,1.0,3
2030,182,109,1.0,3
2030,183,26,1.0,3
2030,184,117,1.0,3
2030,185,399,1.0,3
2030,186,228,1.0,3
2030,187,399,1.0,3
2030,188,382,1.0,3
2030,189,58,1.0,3
2030,190,161,1.0,3
2030,191,285,1.0,3
2030,192,425,1.0,3
2030,193,277,1.0,3
2030,194,245,1.0,3
2030,195,355,1.0,3
2030,196,302,1.0,3
2030,197,132,1.0,3
2030,198,285,1.0,3
2030,199,161,1.0,3
2030,200,282,1.0,3
2030,201,181,1.0,3
2030,202,265,1.0,3
2030,203,67,1.0,3
2030,204,195,1.0,3
2030,205,207,1.0,3
2030,206,177,1.0,3
2030,207,203,1.0,3
2030,208,203,1.0,3
2030,209,59,1.0,3
2030,210,399,1.0,3
2030,211,397,1.0,3
2030,212,151,1.0,3
2030,213,446,1.0,3
2030,214,41,1.0,3
2030,215,59,1.0,3
2030,216,59,1.0,3
2030,217,59,1.0,3
2030,218,91,1.0,3
2030,219,80,1.0,3
2030,220,381,1.0,3
2030,221,218,1.0,3
2030,222,189,1.0,3
2030,223,184,1.0,3
2030,224,315,1.0,3
2030,225,87,1.0,3
2030,226,189,1.0,3
2030,227,436,1.0,3
2030,228,97,1.0,3
2030,229,13,1.0,3
2030,230,365,1.0,3
2030,231,394,1.0,3
2030,232,403,1.0,3
2030,233,46,1.0,3
2030,234,91,1.0,3
2030,235,139,1.0,3
2030,236,214,1.0,3
2030,237,285,1.0,3
2030,238,391,1.0,3
2030,239,68,1.0,3
2030,240,91,1.0,3
2030,241,126,1.0,3
2030,242,414,1.0,3
2030,243,429,1.0,3
2030,244,271,1.0,3
2030,245,170,1.0,3
2030,246,144,1.0,3
2030,247,43,1.0,3
2030,248,82,1.0,3
2030,249,140,1.0,3
2030,250,391,1.0,3
2030,251,220,1.0,3
2030,252,245,1.0,3
2030,253,156,1.0,3
2030,254,272,1.0,3
2030,255,92,1.0,3
2030,256,88,1.0,3
2030,257,56,1.0,3
2030,258,294,1.0,3
2030,259,397,1.0,3
2030,260,151,1.0,3
2030,261,446,1.0,3
2030,262,215,1.0,3
2030,263,122,1.0,3
2030,264,369,1.0,3
2030,265,307,1.0,3
2030,266,21,1.0,3
2030,267,286,1.0,3
2030,268,122,1.0,3
2030,269,194,1.0,3
2030,270,359,1.0,3
2030,271,152,1.0,3
2030,272,173,1.0,3
2030,273,338,1.0,3
2030,274,252,1.0,3
2030,275,105,1.0,3
2030,276,391,1.0,3
2030,277,289,1.0,3
2030,278,191,1.0,3
2030,279,447,1.0,3
2030,280,441,1.0,3
2030,281,365,1.0,3
2030,282,215,1.0,3
2030,283,215,1.0,3
2030,284,215,1.0,3
2030,285,286,1.0,3
2030,286,129,1.0,3
2030,287,300,1.0,3
2030,288,196,1.0,3
2030,289,422,1.0,3
2030,290,187,1.0,3
2030,291,409,1.0,3
2030,292,110,1.0,3
2030,293,205,1.0,3
2030,294,380,1.0,3
2030,295,428,1.0,3
2030,296,308,1.0,3
2030,297,99,1.0,3
2030,298,204,1.0,3
2030,299,286,1.0,3
2030,300,29,1.0,3
2030,301,151,1.0,3
2030,302,372,1.0,3
2030,303,31,1.0,3
2030,304,29,1.0,3
2030,305,286,1.0,3
2030,306,204,1.0,3
2030,307,274,1.0,3
2030,308,444,1.0,3
2030,309,290,1.0,3
2030,310,278,1.0,3
2030,311,25,1.0,3
2030,312,444,1.0,3
2030,313,108,1.0,3
2030,314,127,1.0,3
2030,315,110,1.0,3
2030,316,321,1.0,3
2030,317,309,1.0,3
2030,318,377,1.0,3
2030,319,61,1.0,3
2030,320,29,1.0,3
2030,321,318,1.0,3
2030,322,222,1.0,3
2030,323,293,1.0,3
2030,324,409,1.0,3
2030,325,133,1.0,3
2030,326,417,1.0,3
2030,327,409,1.0,3
2030,328,55,1.0,3
2030,329,168,1.0,3
2030,330,275,1.0,3
2030,331,443,1.0,3
2030,332,143,1.0,3
2030,333,234,1.0,3
2030,334,443,1.0,3
2030,335,103,1.0,3
2030,336,141,1.0,3
2030,337,267,1.0,3
2030,338,350,1.0,3
2030,339,47,1.0,3
2030,340,322,1.0,3
2030,341,19,1.0,3
2030,342,178,1.0,3
2030,343,112,1.0,3
2030,344,244,1.0,3
2030,345,187,1.0,3
2030,346,45,1.0,3
2030,347,103,1.0,3
2030,348,103,1.0,3
2030,349,408,1.0,3
2030,350,274,1.0,3
2030,351,149,1.0,3
2030,352,18,1.0,3
2030,353,14,1.0,3
2030,354,127,1.0,3
2030,355,160,1.0,3
2030,356,55,1.0,3
2030,357,110,1.0,3
2030,358,100,1.0,3
2030,359,419,1.0,3
2030,360,112,1.0,3
2030,361,165,1.0,3
2030,362,293,1.0,3
2030,363,178,1.0,3
2030,364,240,1.0,3
2030,365,372,1.0,3
2030,1,326,1.0,4
2030,2,110,1.0,4
2030,3,9,1.0,4
2030,4,223,1.0,4
2030,5,160,1.0,4
2030,6,239,1.0,4
2030,7,372,1.0,4
2030,8,350,1.0,4
2030,9,415,1.0,4
2030,10,110,1.0,4
2030,11,247,1.0,4
2030,12,103,1.0,4
2030,13,375,1.0,4
2030,14,406,1.0,4
2030,15,409,1.0,4
2030,16,39,1.0,4
2030,17,216,1.0,4
2030,18,136,1.0,4
2030,19,172,1.0,4
2030,20,306,1.0,4
2030,21,345,1.0,4
2030,22,433,1.0,4
2030,23,323,1.0,4
2030,24,108,1.0,4
2030,25,267,1.0,4
2030,26,33,1.0,4
2030,27,183,1.0,4
2030,28,400,1.0,4
2030,29,447,1.0,4
2030,30,261,1.0,4
2030,31,33,1.0,4
2030,32,98,1.0,4
2030,33,253,1.0,4
2030,34,19,1.0,4
2030,35,165,1.0,4
2030,36,400,1.0,4
2030,37,430,1.0,4
2030,38,408,1.0,4
2030,39,253,1.0,4
2030,40,354,1.0,4
2030,41,416,1.0,4
2030,42,227,1.0,4
2030,43,313,1.0,4
2030,44,44,1.0,4
2030,45,44,1.0,4
2030,46,249,1.0,4
2030,47,249,1.0,4
2030,48,386,1.0,4
2030,49,415,1.0,4
2030,50,426,1.0,4
2030,51,213,1.0,4
2030,52,19,1.0,4
2030,53,227,1.0,4
2030,54,133,1.0,4
2030,55,25,1.0,4
2030,56,257,1.0,4
2030,57,131,1.0,4
2030,58,267,1.0,4
2030,59,376,1.0,4
2030,60,133,1.0,4
2030,61,392,1.0,4
2030,62,107,1.0,4
2030,63,136,1.0,4
2030,64,305,1.0,4
2030,65,133,1.0,4
2030,66,199,1.0,4
2030,67,199,1.0,4
2030,68,426,1.0,4
2030,69,357,1.0,4
2030,70,123,1.0,4
2030,71,288,1.0,4
2030,72,5,1.0,4
2030,73,344,1.0,4
2030,74,160,1.0,4
2030,75,160,1.0,4
2030,76,20,1.0,4
2030,77,234,1.0,4
2030,78,160,1.0,4
2030,79,391,1.0,4
2030,80,401,1.0,4
2030,81,431,1.0,4
2030,82,6,1.0,4
2030,83,193,1.0,4
2030,84,194,1.0,4
2030,85,286,1.0,4
2030,86,215,1.0,4
2030,87,361,1.0,4
2030,88,379,1.0,4
2030,89,298,1.0,4
2030,90,46,1.0,4
2030,91,291,1.0,4
2030,92,291,1.0,4
2030,93,215,1.0,4
2030,94,359,1.0,4
2030,95,37,1.0,4
2030,96,331,1.0,4
2030,97,177,1.0,4
2030,98,335,1.0,4
2030,99,383,1.0,4
2030,100,301,1.0,4
2030,101,169,1.0,4
2030,102,37,1.0,4
2030,103,180,1.0,4
2030,104,37,1.0,4
2030,105,58,1.0,4
2030,106,117,1.0,4
2030,107,53,1.0,4
2030,108,2,1.0,4
2030,109,37,1.0,4
2030,110,245,1.0,4
2030,111,360,1.0,4
2030,112,76,1.0,4
2030,113,340,1.0,4
2030,114,126,1.0,4
2030,115,242,1.0,4
2030,116,38,1.0,4
2030,117,200,1.0,4
2030,118,424,1.0,4
2030,119,371,1.0,4
2030,120,187,1.0,4
2030,121,187,1.0,4
2030,122,4,1.0,4
2030,123,384,1.0,4
2030,124,115,1.0,4
2030,125,286,1.0,4
2030,126,154,1.0,4
2030,127,140,1.0,4
2030,128,198,1.0,4
2030,129,169,1.0,4
2030,130,235,1.0,4
2030,131,91,1.0,4
2030,132,177,1.0,4
2030,133,117,1.0,4
2030,134,167,1.0,4
2030,135,347,1.0,4
2030,136,242,1.0,4
2030,137,436,1.0,4
2030,138,68,1.0,4
2030,139,117,1.0,4
2030,140,368,1.0,4
2030,141,117,1.0,4
2030,142,235,1.0,4
2030,143,268,1.0,4
2030,144,268,1.0,4
2030,145,235,1.0,4
2030,146,117,1.0,4
2030,147,59,1.0,4
2030,148,117,1.0,4
2030,149,91,1.0,4
2030,150,163,1.0,4
2030,151,314,1.0,4
2030,152,268,1.0,4
2030,153,268,1.0,4
2030,154,337,1.0,4
2030,155,237,1.0,4
2030,156,370,1.0,4
2030,157,300,1.0,4
2030,158,91,1.0,4
2030,159,259,1.0,4
2030,160,373,1.0,4
2030,161,22,1.0,4
2030,162,431,1.0,4
2030,163,285,1.0,4
2030,164,26,1.0,4
2030,165,215,1.0,4
2030,166,241,1.0,4
2030,167,70,1.0,4
2030,168,74,1.0,4
2030,169,21,1.0,4
2030,170,89,1.0,4
2030,171,365,1.0,4
2030,172,235,1.0,4
2030,173,268,1.0,4
2030,174,351,1.0,4
2030,175,97,1.0,4
2030,176,115,1.0,4
2030,177,161,1.0,4
2030,178,59,1.0,4
2030,179,117,1.0,4
2030,180,161,1.0,4
2030,181,404,1.0,4
2030,182,300,1.0,4
2030,183,67,1.0,4
2030,184,117,1.0,4
2030,185,180,1.0,4
2030,186,180,1.0,4
2030,187,235,1.0,4
2030,188,69,1.0,4
2030,189,26,1.0,4
2030,190,282,1.0,4
2030,191,448,1.0,4
2030,192,445,1.0,4
2030,193,32,1.0,4
2030,194,146,1.0,4
2030,195,69,1.0,4
2030,196,64,1.0,4
2030,197,317,1.0,4
2030,198,220,1.0,4
2030,199,403,1.0,4
2030,200,163,1.0,4
2030,201,280,1.0,4
2030,202,292,1.0,4
2030,203,71,1.0,4
2030,204,109,1.0,4
2030,205,176,1.0,4
2030,206,176,1.0,4
2030,207,331,1.0,4
2030,208,122,1.0,4
2030,209,276,1.0,4
2030,210,221,1.0,4
2030,211,78,1.0,4
2030,212,155,1.0,4
2030,213,131,1.0,4
2030,214,74,1.0,4
2030,215,438,1.0,4
2030,216,71,1.0,4
2030,217,90,1.0,4
2030,218,58,1.0,4
2030,219,304,1.0,4
2030,220,59,1.0,4
2030,221,175,1.0,4
2030,222,265,1.0,4
2030,223,23,1.0,4
2030,224,59,1.0,4
2030,225,383,1.0,4
2030,226,175,1.0,4
2030,227,228,1.0,4
2030,228,301,1.0,4
2030,229,338,1.0,4
2030,230,407,1.0,4
2030,231,242,1.0,4
2030,232,229,1.0,4
2030,233,277,1.0,4
2030,234,359,1.0,4
2030,235,438,1.0,4
2030,236,137,1.0,4
2030,237,446,1.0,4
2030,238,194,1.0,4
2030,239,62,1.0,4
2030,240,21,1.0,4
2030,241,122,1.0,4
2030,242,73,1.0,4
2030,243,41,1.0,4
2030,244,425,1.0,4
2030,245,289,1.0,4
2030,246,248,1.0,4
2030,247,76,1.0,4
2030,248,299,1.0,4
2030,249,78,1.0,4
2030,250,109,1.0,4
2030,251,277,1.0,4
2030,252,151,1.0,4
2030,253,151,1.0,4
2030,254,155,1.0,4
2030,255,8,1.0,4
2030,256,196,1.0,4
2030,257,188,1.0,4
2030,258,66,1.0,4
2030,259,60,1.0,4
2030,260,224,1.0,4
2030,261,231,1.0,4
2030,262,219,1.0,4
2030,263,78,1.0,4
2030,264,140,1.0,4
2030,265,208,1.0,4
2030,266,151,1.0,4
2030,267,425,1.0,4
2030,268,425,1.0,4
2030,269,215,1.0,4
2030,270,390,1.0,4
2030,271,6,1.0,4
2030,272,331,1.0,4
2030,273,179,1.0,4
2030,274,392,1.0,4
2030,275,334,1.0,4
2030,276,211,1.0,4
2030,277,131,1.0,4
2030,278,185,1.0,4
2030,279,225,1.0,4
2030,280,157,1.0,4
2030,281,339,1.0,4
2030,282,429,1.0,4
2030,283,213,1.0,4
2030,284,258,1.0,4
2030,285,287,1.0,4
2030,286,290,1.0,4
2030,287,210,1.0,4
2030,288,422,1.0,4
2030,289,408,1.0,4
2030,290,286,1.0,4
2030,291,61,1.0,4
2030,292,229,1.0,4
2030,293,140,1.0,4
2030,294,106,1.0,4
2030,295,99,1.0,4
2030,296,31,1.0,4
2030,297,417,1.0,4
2030,298,319,1.0,4
2030,299,387,1.0,4
2030,300,372,1.0,4
2030,301,106,1.0,4
2030,302,344,1.0,4
2030,303,120,1.0,4
2030,304,308,1.0,4
2030,305,419,1.0,4
2030,306,215,1.0,4
2030,307,286,1.0,4
2030,308,286,1.0,4
2030,309,318,1.0,4
2030,310,185,1.0,4
2030,311,136,1.0,4
2030,312,419,1.0,4
2030,313,112,1.0,4
2030,314,239,1.0,4
2030,315,136,1.0,4
2030,316,387,1.0,4
2030,317,190,1.0,4
2030,318,48,1.0,4
2030,319,40,1.0,4
2030,320,377,1.0,4
2030,321,292,1.0,4
2030,322,318,1.0,4
2030,323,417,1.0,4
2030,324,120,1.0,4
2030,325,52,1.0,4
2030,326,93,1.0,4
2030,327,93,1.0,4
2030,328,108,1.0,4
2030,329,371,1.0,4
2030,330,104,1.0,4
2030,331,327,1.0,4
2030,332,341,1.0,4
2030,333,274,1.0,4
2030,334,322,1.0,4
2030,335,125,1.0,4
2030,336,137,1.0,4
2030,337,372,1.0,4
2030,338,185,1.0,4
2030,339,236,1.0,4
2030,340,295,1.0,4
2030,341,166,1.0,4
2030,342,136,1.0,4
2030,343,178,1.0,4
2030,344,127,1.0,4
2030,345,153,1.0,4
2030,346,45,1.0,4
2030,347,52,1.0,4
2030,348,125,1.0,4
2030,349,255,1.0,4
2030,350,255,1.0,4
2030,351,244,1.0,4
2030,352,148,1.0,4
2030,353,24,1.0,4
2030,354,10,1.0,4
2030,355,79,1.0,4
2030,356,183,1.0,4
2030,357,183,1.0,4
2030,358,147,1.0,4
2030,359,29,1.0,4
2030,360,255,1.0,4
2030,361,439,1.0,4
2030,362,141,1.0,4
2030,363,143,1.0,4
2030,364,244,1.0,4
2030,365,325,1.0,4
2030,1,30,1.0,5
2030,2,236,1.0,5
2030,3,236,1.0,5
2030,4,113,1.0,5
2030,5,343,1.0,5
2030,6,352,1.0,5
2030,7,31,1.0,5
2030,8,406,1.0,5
2030,9,409,1.0,5
2030,10,55,1.0,5
2030,11,327,1.0,5
2030,12,153,1.0,5
2030,13,143,1.0,5
2030,14,187,1.0,5
2030,15,211,1.0,5
2030,16,236,1.0,5
2030,17,443,1.0,5
2030,18,413,1.0,5
2030,19,295,1.0,5
2030,20,14,1.0,5
2030,21,387,1.0,5
2030,22,376,1.0,5
2030,23,108,1.0,5
2030,24,416,1.0,5
2030,25,416,1.0,5
2030,26,199,1.0,5
2030,27,108,1.0,5
2030,28,387,1.0,5
2030,29,278,1.0,5
2030,30,98,1.0,5
2030,31,44,1.0,5
2030,32,293,1.0,5
2030,33,415,1.0,5
2030,34,142,1.0,5
2030,35,260,1.0,5
2030,36,29,1.0,5
2030,37,183,1.0,5
2030,38,183,1.0,5
2030,39,183,1.0,5
2030,40,267,1.0,5
2030,41,183,1.0,5
2030,42,261,1.0,5
2030,43,440,1.0,5
2030,44,261,1.0,5
2030,45,261,1.0,5
2030,46,33,1.0,5
2030,47,261,1.0,5
2030,48,440,1.0,5
2030,49,288,1.0,5
2030,50,377,1.0,5
2030,51,209,1.0,5
2030,52,10,1.0,5
2030,53,156,1.0,5
2030,54,172,1.0,5
2030,55,234,1.0,5
2030,56,375,1.0,5
2030,57,274,1.0,5
2030,58,409,1.0,5
2030,59,19,1.0,5
2030,60,55,1.0,5
2030,61,108,1.0,5
2030,62,31,1.0,5
2030,63,387,1.0,5
2030,64,190,1.0,5
2030,65,239,1.0,5
2030,66,231,1.0,5
2030,67,103,1.0,5
2030,68,187,1.0,5
2030,69,52,1.0,5
2030,70,263,1.0,5
2030,71,3,1.0,5
2030,72,193,1.0,5
2030,73,183,1.0,5
2030,74,372,1.0,5
2030,75,405,1.0,5
2030,76,3,1.0,5
2030,77,272,1.0,5
2030,78,262,1.0,5
2030,79,216,1.0,5
2030,80,251,1.0,5
2030,81,344,1.0,5
2030,82,102,1.0,5
2030,83,344,1.0,5
2030,84,294,1.0,5
2030,85,8,1.0,5
2030,86,92,1.0,5
2030,87,102,1.0,5
2030,88,172,1.0,5
2030,89,299,1.0,5
2030,90,362,1.0,5
2030,91,226,1.0,5
2030,92,115,1.0,5
2030,93,369,1.0,5
2030,94,342,1.0,5
2030,95,152,1.0,5
2030,96,57,1.0,5
2030,97,335,1.0,5
2030,98,359,1.0,5
2030,99,72,1.0,5
2030,100,156,1.0,5
2030,101,207,1.0,5
2030,102,406,1.0,5
2030,103,431,1.0,5
2030,104,68,1.0,5
2030,105,381,1.0,5
2030,106,145,1.0,5
2030,107,233,1.0,5
2030,108,392,1.0,5
2030,109,186,1.0,5
2030,110,258,1.0,5
2030,111,106,1.0,5
2030,112,66,1.0,5
2030,113,219,1.0,5
2030,114,232,1.0,5
2030,115,219,1.0,5
2030,116,365,1.0,5
2030,117,161,1.0,5
2030,118,282,1.0,5
2030,119,181,1.0,5
2030,120,220,1.0,5
2030,121,362,1.0,5
2030,122,49,1.0,5
2030,123,335,1.0,5
2030,124,117,1.0,5
2030,125,97,1.0,5
2030,126,421,1.0,5
2030,127,428,1.0,5
2030,128,319,1.0,5
2030,129,43,1.0,5
2030,130,342,1.0,5
2030,131,186,1.0,5
2030,132,351,1.0,5
2030,133,337,1.0,5
2030,134,67,1.0,5
2030,135,335,1.0,5
2030,136,89,1.0,5
2030,137,242,1.0,5
2030,138,67,1.0,5
2030,139,241,1.0,5
2030,140,208,1.0,5
2030,141,41,1.0,5
2030,142,161,1.0,5
2030,143,117,1.0,5
2030,144,117,1.0,5
2030,145,241,1.0,5
2030,146,80,1.0,5
2030,147,86,1.0,5
2030,148,265,1.0,5
2030,149,383,1.0,5
2030,150,38,1.0,5
2030,151,36,1.0,5
2030,152,403,1.0,5
2030,153,235,1.0,5
2030,154,364,1.0,5
2030,155,314,1.0,5
2030,156,383,1.0,5
2030,157,392,1.0,5
2030,158,303,1.0,5
2030,159,320,1.0,5
2030,160,389,1.0,5
2030,161,259,1.0,5
2030,162,320,1.0,5
2030,163,186,1.0,5
2030,164,258,1.0,5
2030,165,91,1.0,5
2030,166,35,1.0,5
2030,167,423,1.0,5
2030,168,155,1.0,5
2030,169,438,1.0,5
2030,170,75,1.0,5
2030,171,109,1.0,5
2030,172,137,1.0,5
2030,173,151,1.0,5
2030,174,151,1.0,5
2030,175,212,1.0,5
2030,176,23,1.0,5
2030,177,410,1.0,5
2030,178,374,1.0,5
2030,179,187,1.0,5
2030,180,233,1.0,5
2030,181,228,1.0,5
2030,182,265,1.0,5
2030,183,355,1.0,5
2030,184,207,1.0,5
2030,185,106,1.0,5
2030,186,365,1.0,5
2030,187,397,1.0,5
2030,188,359,1.0,5
2030,189,175,1.0,5
2030,190,91,1.0,5
2030,191,108,1.0,5
2030,192,358,1.0,5
2030,193,242,1.0,5
2030,194,438,1.0,5
2030,195,122,1.0,5
2030,196,59,1.0,5
2030,197,446,1.0,5
2030,198,155,1.0,5
2030,199,28,1.0,5
2030,200,391,1.0,5
2030,201,176,1.0,5
2030,202,245,1.0,5
2030,203,248,1.0,5
2030,204,181,1.0,5
2030,205,248,1.0,5
2030,206,158,1.0,5
2030,207,290,1.0,5
2030,208,122,1.0,5
2030,209,425,1.0,5
2030,210,316,1.0,5
2030,211,218,1.0,5
2030,212,307,1.0,5
2030,213,335,1.0,5
2030,214,277,1.0,5
2030,215,203,1.0,5
2030,216,59,1.0,5
2030,217,241,1.0,5
2030,218,175,1.0,5
2030,219,59,1.0,5
2030,220,59,1.0,5
2030,221,161,1.0,5
2030,222,41,1.0,5
2030,223,161,1.0,5
2030,224,11,1.0,5
2030,225,286,1.0,5
2030,226,151,1.0,5
2030,227,425,1.0,5
2030,228,289,1.0,5
2030,229,389,1.0,5
2030,230,397,1.0,5
2030,231,446,1.0,5
2030,232,151,1.0,5
2030,233,390,1.0,5
2030,234,272,1.0,5
2030,235,89,1.0,5
2030,236,60,1.0,5
2030,237,389,1.0,5
2030,238,229,1.0,5
2030,239,176,1.0,5
2030,240,87,1.0,5
2030,241,260,1.0,5
2030,242,229,1.0,5
2030,243,21,1.0,5
2030,244,122,1.0,5
2030,245,179,1.0,5
2030,246,68,1.0,5
2030,247,289,1.0,5
2030,248,56,1.0,5
2030,249,252,1.0,5
2030,250,82,1.0,5
2030,251,429,1.0,5
2030,252,407,1.0,5
2030,253,34,1.0,5
2030,254,82,1.0,5
2030,255,425,1.0,5
2030,256,122,1.0,5
2030,257,68,1.0,5
2030,258,194,1.0,5
2030,259,154,1.0,5
2030,260,425,1.0,5
2030,261,230,1.0,5
2030,262,60,1.0,5
2030,263,157,1.0,5
2030,264,392,1.0,5
2030,265,211,1.0,5
2030,266,420,1.0,5
2030,267,218,1.0,5
2030,268,99,1.0,5
2030,269,17,1.0,5
2030,270,187,1.0,5
2030,271,205,1.0,5
2030,272,380,1.0,5
2030,273,258,1.0,5
2030,274,331,1.0,5
2030,275,262,1.0,5
2030,276,276,1.0,5
2030,277,70,1.0,5
2030,278,396,1.0,5
2030,279,111,1.0,5
2030,280,333,1.0,5
2030,281,111,1.0,5
2030,282,215,1.0,5
2030,283,286,1.0,5
2030,284,390,1.0,5
2030,285,395,1.0,5
2030,286,95,1.0,5
2030,287,151,1.0,5
2030,288,286,1.0,5
2030,289,359,1.0,5
2030,290,215,1.0,5
2030,291,215,1.0,5
2030,292,194,1.0,5
2030,293,95,1.0,5
2030,294,425,1.0,5
2030,295,17,1.0,5
2030,296,319,1.0,5
2030,297,131,1.0,5
2030,298,204,1.0,5
2030,299,286,1.0,5
2030,300,215,1.0,5
2030,301,151,1.0,5
2030,302,309,1.0,5
2030,303,336,1.0,5
2030,304,293,1.0,5
2030,305,61,1.0,5
2030,306,346,1.0,5
2030,307,51,1.0,5
2030,308,197,1.0,5
2030,309,408,1.0,5
2030,310,92,1.0,5
2030,311,275,1.0,5
2030,312,127,1.0,5
2030,313,346,1.0,5
2030,314,244,1.0,5
2030,315,110,1.0,5
2030,316,380,1.0,5
2030,317,380,1.0,5
2030,318,9,1.0,5
2030,319,413,1.0,5
2030,320,409,1.0,5
2030,321,120,1.0,5
2030,322,93,1.0,5
2030,323,433,1.0,5
2030,324,413,1.0,5
2030,325,239,1.0,5
2030,326,405,1.0,5
2030,327,223,1.0,5
2030,328,356,1.0,5
2030,329,143,1.0,5
2030,330,339,1.0,5
2030,331,100,1.0,5
2030,332,413,1.0,5
2030,333,125,1.0,5
2030,334,236,1.0,5
2030,335,341,1.0,5
2030,336,255,1.0,5
2030,337,98,1.0,5
2030,338,164,1.0,5
2030,339,202,1.0,5
2030,340,386,1.0,5
2030,341,267,1.0,5
2030,342,253,1.0,5
2030,343,357,1.0,5
2030,344,196,1.0,5
2030,345,79,1.0,5
2030,346,386,1.0,5
2030,347,18,1.0,5
2030,348,343,1.0,5
2030,349,110,1.0,5
2030,350,409,1.0,5
2030,351,127,1.0,5
2030,352,18,1.0,5
2030,353,14,1.0,5
2030,354,346,1.0,5
2030,355,9,1.0,5
2030,356,79,1.0,5
2030,357,386,1.0,5
2030,358,269,1.0,5
2030,359,330,1.0,5
2030,360,244,1.0,5
2030,361,9,1.0,5
2030,362,2,1.0,5
2030,363,333,1.0,5
2030,364,334,1.0,5
2030,365,247,1.0,5
2030,1,380,1.0,6
2030,2,187,1.0,6
2030,3,52,1.0,6
2030,4,45,1.0,6
2030,5,103,1.0,6
2030,6,143,1.0,6
2030,7,168,1.0,6
2030,8,143,1.0,6
2030,9,341,1.0,6
2030,10,267,1.0,6
2030,11,249,1.0,6
2030,12,33,1.0,6
2030,13,376,1.0,6
2030,14,185,1.0,6
2030,15,210,1.0,6
2030,16,250,1.0,6
2030,17,236,1.0,6
2030,18,293,1.0,6
2030,19,295,1.0,6
2030,20,236,1.0,6
2030,21,240,1.0,6
2030,22,253,1.0,6
2030,23,9,1.0,6
2030,24,247,1.0,6
2030,25,47,1.0,6
2030,26,141,1.0,6
2030,27,47,1.0,6
2030,28,380,1.0,6
2030,29,103,1.0,6
2030,30,322,1.0,6
2030,31,128,1.0,6
2030,32,305,1.0,6
2030,33,103,1.0,6
2030,34,357,1.0,6
2030,35,10,1.0,6
2030,36,104,1.0,6
2030,37,135,1.0,6
2030,38,223,1.0,6
2030,39,223,1.0,6
2030,40,127,1.0,6
2030,41,193,1.0,6
2030,42,183,1.0,6
2030,43,183,1.0,6
2030,44,33,1.0,6
2030,45,33,1.0,6
2030,46,33,1.0,6
2030,47,10,1.0,6
2030,48,114,1.0,6
2030,49,81,1.0,6
2030,50,400,1.0,6
2030,51,356,1.0,6
2030,52,100,1.0,6
2030,53,240,1.0,6
2030,54,17,1.0,6
2030,55,110,1.0,6
2030,56,415,1.0,6
2030,57,156,1.0,6
2030,58,311,1.0,6
2030,59,330,1.0,6
2030,60,42,1.0,6
2030,61,334,1.0,6
2030,62,103,1.0,6
2030,63,77,1.0,6
2030,64,445,1.0,6
2030,65,213,1.0,6
2030,66,162,1.0,6
2030,67,183,1.0,6
2030,68,215,1.0,6
2030,69,288,1.0,6
2030,70,272,1.0,6
2030,71,182,1.0,6
2030,72,182,1.0,6
2030,73,131,1.0,6
2030,74,400,1.0,6
2030,75,165,1.0,6
2030,76,84,1.0,6
2030,77,218,1.0,6
2030,78,339,1.0,6
2030,79,332,1.0,6
2030,80,429,1.0,6
2030,81,320,1.0,6
2030,82,165,1.0,6
2030,83,136,1.0,6
2030,84,371,1.0,6
2030,85,437,1.0,6
2030,86,263,1.0,6
2030,87,332,1.0,6
2030,88,40,1.0,6
2030,89,417,1.0,6
2030,90,43,1.0,6
2030,91,76,1.0,6
2030,92,76,1.0,6
2030,93,76,1.0,6
2030,94,69,1.0,6
2030,95,37,1.0,6
2030,96,11,1.0,6
2030,97,116,1.0,6
2030,98,273,1.0,6
2030,99,426,1.0,6
2030,100,362,1.0,6
2030,101,214,1.0,6
2030,102,324,1.0,6
2030,103,5,1.0,6
2030,104,254,1.0,6
2030,105,203,1.0,6
2030,106,117,1.0,6
2030,107,383,1.0,6
2030,108,245,1.0,6
2030,109,367,1.0,6
2030,110,317,1.0,6
2030,111,418,1.0,6
2030,112,220,1.0,6
2030,113,264,1.0,6
2030,114,260,1.0,6
2030,115,220,1.0,6
2030,116,426,1.0,6
2030,117,34,1.0,6
2030,118,70,1.0,6
2030,119,294,1.0,6
2030,120,241,1.0,6
2030,121,420,1.0,6
2030,122,130,1.0,6
2030,123,349,1.0,6
2030,124,307,1.0,6
2030,125,119,1.0,6
2030,126,86,1.0,6
2030,127,436,1.0,6
2030,128,62,1.0,6
2030,129,109,1.0,6
2030,130,331,1.0,6
2030,131,41,1.0,6
2030,132,369,1.0,6
2030,133,254,1.0,6
2030,134,106,1.0,6
2030,135,13,1.0,6
2030,136,263,1.0,6
2030,137,32,1.0,6
2030,138,58,1.0,6
2030,139,117,1.0,6
2030,140,117,1.0,6
2030,141,117,1.0,6
2030,142,117,1.0,6
2030,143,314,1.0,6
2030,144,446,1.0,6
2030,145,122,1.0,6
2030,146,155,1.0,6
2030,147,265,1.0,6
2030,148,89,1.0,6
2030,149,121,1.0,6
2030,150,319,1.0,6
2030,151,163,1.0,6
2030,152,67,1.0,6
2030,153,91,1.0,6
2030,154,181,1.0,6
2030,155,146,1.0,6
2030,156,248,1.0,6
2030,157,268,1.0,6
2030,158,235,1.0,6
2030,159,235,1.0,6
2030,160,203,1.0,6
2030,161,155,1.0,6
2030,162,347,1.0,6
2030,163,389,1.0,6
2030,164,105,1.0,6
2030,165,201,1.0,6
2030,166,245,1.0,6
2030,167,157,1.0,6
2030,168,169,1.0,6
2030,169,7,1.0,6
2030,170,32,1.0,6
2030,171,314,1.0,6
2030,172,446,1.0,6
2030,173,109,1.0,6
2030,174,203,1.0,6
2030,175,394,1.0,6
2030,176,378,1.0,6
2030,177,122,1.0,6
2030,178,201,1.0,6
2030,179,235,1.0,6
2030,180,171,1.0,6
2030,181,282,1.0,6
2030,182,355,1.0,6
2030,183,161,1.0,6
2030,184,180,1.0,6
2030,185,438,1.0,6
2030,186,180,1.0,6
2030,187,180,1.0,6
2030,188,241,1.0,6
2030,189,69,1.0,6
2030,190,272,1.0,6
2030,191,117,1.0,6
2030,192,335,1.0,6
2030,193,383,1.0,6
2030,194,289,1.0,6
2030,195,219,1.0,6
2030,196,85,1.0,6
2030,197,29,1.0,6
2030,198,446,1.0,6
2030,199,11,1.0,6
2030,200,277,1.0,6
2030,201,46,1.0,6
2030,202,256,1.0,6
2030,203,448,1.0,6
2030,204,338,1.0,6
2030,205,384,1.0,6
2030,206,146,1.0,6
2030,207,319,1.0,6
2030,208,391,1.0,6
2030,209,83,1.0,6
2030,210,446,1.0,6
2030,211,383,1.0,6
2030,212,38,1.0,6
2030,213,258,1.0,6
2030,214,36,1.0,6
2030,215,170,1.0,6
2030,216,434,1.0,6
2030,217,126,1.0,6
2030,218,410,1.0,6
2030,219,291,1.0,6
2030,220,175,1.0,6
2030,221,203,1.0,6
2030,222,119,1.0,6
2030,223,290,1.0,6
2030,224,355,1.0,6
2030,225,66,1.0,6
2030,226,242,1.0,6
2030,227,446,1.0,6
2030,228,446,1.0,6
2030,229,89,1.0,6
2030,230,434,1.0,6
2030,231,71,1.0,6
2030,232,109,1.0,6
2030,233,277,1.0,6
2030,234,163,1.0,6
2030,235,264,1.0,6
2030,236,317,1.0,6
2030,237,335,1.0,6
2030,238,446,1.0,6
2030,239,374,1.0,6
2030,240,434,1.0,6
2030,241,123,1.0,6
2030,242,118,1.0,6
2030,243,365,1.0,6
2030,244,331,1.0,6
2030,245,287,1.0,6
2030,246,254,1.0,6
2030,247,182,1.0,6
2030,248,283,1.0,6
2030,249,60,1.0,6
2030,250,443,1.0,6
2030,251,428,1.0,6
2030,252,271,1.0,6
2030,253,397,1.0,6
2030,254,359,1.0,6
2030,255,21,1.0,6
2030,256,17,1.0,6
2030,257,219,1.0,6
2030,258,56,1.0,6
2030,259,78,1.0,6
2030,260,331,1.0,6
2030,261,286,1.0,6
2030,262,6,1.0,6
2030,263,207,1.0,6
2030,264,446,1.0,6
2030,265,215,1.0,6
2030,266,122,1.0,6
2030,267,176,1.0,6
2030,268,68,1.0,6
2030,269,122,1.0,6
2030,270,390,1.0,6
2030,271,290,1.0,6
2030,272,415,1.0,6
2030,273,174,1.0,6
2030,274,342,1.0,6
2030,275,189,1.0,6
2030,276,215,1.0,6
2030,277,94,1.0,6
2030,278,93,1.0,6
2030,279,136,1.0,6
2030,280,290,1.0,6
2030,281,402,1.0,6
2030,282,15,1.0,6
2030,283,29,1.0,6
2030,284,155,1.0,6
2030,285,185,1.0,6
2030,286,140,1.0,6
2030,287,208,1.0,6
2030,288,289,1.0,6
2030,289,99,1.0,6
2030,290,278,1.0,6
2030,291,278,1.0,6
2030,292,307,1.0,6
2030,293,15,1.0,6
2030,294,288,1.0,6
2030,295,432,1.0,6
2030,296,321,1.0,6
2030,297,229,1.0,6
2030,298,98,1.0,6
2030,299,372,1.0,6
2030,300,95,1.0,6
2030,301,163,1.0,6
2030,302,249,1.0,6
2030,303,199,1.0,6
2030,304,433,1.0,6
2030,305,48,1.0,6
2030,306,110,1.0,6
2030,307,9,1.0,6
2030,308,110,1.0,6
2030,309,428,1.0,6
2030,310,110,1.0,6
2030,311,428,1.0,6
2030,312,29,1.0,6
2030,313,98,1.0,6
2030,314,184,1.0,6
2030,315,329,1.0,6
2030,316,187,1.0,6
2030,317,77,1.0,6
2030,318,187,1.0,6
2030,319,334,1.0,6
2030,320,334,1.0,6
2030,321,187,1.0,6
2030,322,187,1.0,6
2030,323,143,1.0,6
2030,324,366,1.0,6
2030,325,443,1.0,6
2030,326,413,1.0,6
2030,327,19,1.0,6
2030,328,295,1.0,6
2030,329,137,1.0,6
2030,330,353,1.0,6
2030,331,9,1.0,6
2030,332,14,1.0,6
2030,333,98,1.0,6
2030,334,249,1.0,6
2030,335,183,1.0,6
2030,336,400,1.0,6
2030,337,396,1.0,6
2030,338,375,1.0,6
2030,339,386,1.0,6
2030,340,153,1.0,6
2030,341,224,1.0,6
2030,342,183,1.0,6
2030,343,10,1.0,6
2030,344,127,1.0,6
2030,345,18,1.0,6
2030,346,47,1.0,6
2030,347,9,1.0,6
2030,348,25,1.0,6
2030,349,348,1.0,6
2030,350,372,1.0,6
2030,351,31,1.0,6
2030,352,267,1.0,6
2030,353,372,1.0,6
2030,354,249,1.0,6
2030,355,98,1.0,6
2030,356,386,1.0,6
2030,357,413,1.0,6
2030,358,143,1.0,6
2030,359,18,1.0,6
2030,360,100,1.0,6
2030,361,120,1.0,6
2030,362,143,1.0,6
2030,363,239,1.0,6
2030,364,386,1.0,6
2030,365,108,1.0,6
2030,1,352,1.0,7
2030,2,267,1.0,7
2030,3,98,1.0,7
2030,4,33,1.0,7
2030,5,98,1.0,7
2030,6,183,1.0,7
2030,7,405,1.0,7
2030,8,443,1.0,7
2030,9,187,1.0,7
2030,10,270,1.0,7
2030,11,249,1.0,7
2030,12,376,1.0,7
2030,13,225,1.0,7
2030,14,52,1.0,7
2030,15,103,1.0,7
2030,16,143,1.0,7
2030,17,192,1.0,7
2030,18,103,1.0,7
2030,19,103,1.0,7
2030,20,103,1.0,7
2030,21,100,1.0,7
2030,22,210,1.0,7
2030,23,435,1.0,7
2030,24,352,1.0,7
2030,25,442,1.0,7
2030,26,356,1.0,7
2030,27,52,1.0,7
2030,28,334,1.0,7
2030,29,266,1.0,7
2030,30,47,1.0,7
2030,31,77,1.0,7
2030,32,266,1.0,7
2030,33,224,1.0,7
2030,34,33,1.0,7
2030,35,278,1.0,7
2030,36,440,1.0,7
2030,37,440,1.0,7
2030,38,440,1.0,7
2030,39,29,1.0,7
2030,40,288,1.0,7
2030,41,238,1.0,7
2030,42,261,1.0,7
2030,43,376,1.0,7
2030,44,44,1.0,7
2030,45,313,1.0,7
2030,46,261,1.0,7
2030,47,261,1.0,7
2030,48,261,1.0,7
2030,49,15,1.0,7
2030,50,131,1.0,7
2030,51,323,1.0,7
2030,52,50,1.0,7
2030,53,207,1.0,7
2030,54,440,1.0,7
2030,55,8,1.0,7
2030,56,95,1.0,7
2030,57,281,1.0,7
2030,58,361,1.0,7
2030,59,107,1.0,7
2030,60,114,1.0,7
2030,61,160,1.0,7
2030,62,447,1.0,7
2030,63,326,1.0,7
2030,64,19,1.0,7
2030,65,346,1.0,7
2030,66,40,1.0,7
2030,67,110,1.0,7
2030,68,334,1.0,7
2030,69,187,1.0,7
2030,70,205,1.0,7
2030,71,270,1.0,7
2030,72,430,1.0,7
2030,73,103,1.0,7
2030,74,345,1.0,7
2030,75,332,1.0,7
2030,76,193,1.0,7
2030,77,137,1.0,7
2030,78,72,1.0,7
2030,79,207,1.0,7
2030,80,114,1.0,7
2030,81,193,1.0,7
2030,82,231,1.0,7
2030,83,373,1.0,7
2030,84,401,1.0,7
2030,85,281,1.0,7
2030,86,311,1.0,7
2030,87,201,1.0,7
2030,88,21,1.0,7
2030,89,35,1.0,7
2030,90,335,1.0,7
2030,91,291,1.0,7
2030,92,97,1.0,7
2030,93,263,1.0,7
2030,94,393,1.0,7
2030,95,9,1.0,7
2030,96,57,1.0,7
2030,97,250,1.0,7
2030,98,62,1.0,7
2030,99,335,1.0,7
2030,100,335,1.0,7
2030,101,46,1.0,7
2030,102,161,1.0,7
2030,103,161,1.0,7
2030,104,182,1.0,7
2030,105,59,1.0,7
2030,106,161,1.0,7
2030,107,246,1.0,7
2030,108,268,1.0,7
2030,109,367,1.0,7
2030,110,272,1.0,7
2030,111,62,1.0,7
2030,112,66,1.0,7
2030,113,258,1.0,7
2030,114,290,1.0,7
2030,115,359,1.0,7
2030,116,8,1.0,7
2030,117,304,1.0,7
2030,118,243,1.0,7
2030,119,32,1.0,7
2030,120,364,1.0,7
2030,121,299,1.0,7
2030,122,299,1.0,7
2030,123,121,1.0,7
2030,124,367,1.0,7
2030,125,367,1.0,7
2030,126,171,1.0,7
2030,127,282,1.0,7
2030,128,230,1.0,7
2030,129,324,1.0,7
2030,130,371,1.0,7
2030,131,382,1.0,7
2030,132,410,1.0,7
2030,133,41,1.0,7
2030,134,418,1.0,7
2030,135,53,1.0,7
2030,136,365,1.0,7
2030,137,378,1.0,7
2030,138,412,1.0,7
2030,139,169,1.0,7
2030,140,310,1.0,7
2030,141,186,1.0,7
2030,142,351,1.0,7
2030,143,37,1.0,7
2030,144,291,1.0,7
2030,145,76,1.0,7
2030,146,121,1.0,7
2030,147,230,1.0,7
2030,148,188,1.0,7
2030,149,264,1.0,7
2030,150,448,1.0,7
2030,151,382,1.0,7
2030,152,220,1.0,7
2030,153,292,1.0,7
2030,154,26,1.0,7
2030,155,383,1.0,7
2030,156,438,1.0,7
2030,157,176,1.0,7
2030,158,73,1.0,7
2030,159,167,1.0,7
2030,160,423,1.0,7
2030,161,241,1.0,7
2030,162,317,1.0,7
2030,163,176,1.0,7
2030,164,438,1.0,7
2030,165,256,1.0,7
2030,166,28,1.0,7
2030,167,364,1.0,7
2030,168,226,1.0,7
2030,169,121,1.0,7
2030,170,158,1.0,7
2030,171,109,1.0,7
2030,172,425,1.0,7
2030,173,161,1.0,7
2030,174,161,1.0,7
2030,175,154,1.0,7
2030,176,23,1.0,7
2030,177,176,1.0,7
2030,178,87,1.0,7
2030,179,138,1.0,7
2030,180,186,1.0,7
2030,181,414,1.0,7
2030,182,347,1.0,7
2030,183,337,1.0,7
2030,184,359,1.0,7
2030,185,410,1.0,7
2030,186,161,1.0,7
2030,187,91,1.0,7
2030,188,411,1.0,7
2030,189,407,1.0,7
2030,190,144,1.0,7
2030,191,319,1.0,7
2030,192,228,1.0,7
2030,193,37,1.0,7
2030,194,241,1.0,7
2030,195,70,1.0,7
2030,196,254,1.0,7
2030,197,369,1.0,7
2030,198,206,1.0,7
2030,199,315,1.0,7
2030,200,276,1.0,7
2030,201,272,1.0,7
2030,202,425,1.0,7
2030,203,41,1.0,7
2030,204,90,1.0,7
2030,205,26,1.0,7
2030,206,335,1.0,7
2030,207,335,1.0,7
2030,208,46,1.0,7
2030,209,161,1.0,7
2030,210,89,1.0,7
2030,211,26,1.0,7
2030,212,446,1.0,7
2030,213,11,1.0,7
2030,214,161,1.0,7
2030,215,390,1.0,7
2030,216,68,1.0,7
2030,217,41,1.0,7
2030,218,76,1.0,7
2030,219,310,1.0,7
2030,220,188,1.0,7
2030,221,41,1.0,7
2030,222,291,1.0,7
2030,223,304,1.0,7
2030,224,41,1.0,7
2030,225,123,1.0,7
2030,226,38,1.0,7
2030,227,68,1.0,7
2030,228,335,1.0,7
2030,229,215,1.0,7
2030,230,203,1.0,7
2030,231,71,1.0,7
2030,232,122,1.0,7
2030,233,276,1.0,7
2030,234,68,1.0,7
2030,235,46,1.0,7
2030,236,177,1.0,7
2030,237,317,1.0,7
2030,238,265,1.0,7
2030,239,418,1.0,7
2030,240,46,1.0,7
2030,241,383,1.0,7
2030,242,58,1.0,7
2030,243,11,1.0,7
2030,244,11,1.0,7
2030,245,71,1.0,7
2030,246,155,1.0,7
2030,247,66,1.0,7
2030,248,263,1.0,7
2030,249,428,1.0,7
2030,250,429,1.0,7
2030,251,319,1.0,7
2030,252,388,1.0,7
2030,253,280,1.0,7
2030,254,21,1.0,7
2030,255,359,1.0,7
2030,256,311,1.0,7
2030,257,152,1.0,7
2030,258,388,1.0,7
2030,259,337,1.0,7
2030,260,92,1.0,7
2030,261,252,1.0,7
2030,262,156,1.0,7
2030,263,339,1.0,7
2030,264,258,1.0,7
2030,265,425,1.0,7
2030,266,446,1.0,7
2030,267,385,1.0,7
2030,268,133,1.0,7
2030,269,25,1.0,7
2030,270,187,1.0,7
2030,271,56,1.0,7
2030,272,88,1.0,7
2030,273,93,1.0,7
2030,274,333,1.0,7
2030,275,219,1.0,7
2030,276,344,1.0,7
2030,277,124,1.0,7
2030,278,172,1.0,7
2030,279,251,1.0,7
2030,280,380,1.0,7
2030,281,110,1.0,7
2030,282,380,1.0,7
2030,283,187,1.0,7
2030,284,56,1.0,7
2030,285,101,1.0,7
2030,286,339,1.0,7
2030,287,297,1.0,7
2030,288,267,1.0,7
2030,289,359,1.0,7
2030,290,15,1.0,7
2030,291,379,1.0,7
2030,292,339,1.0,7
2030,293,143,1.0,7
2030,294,371,1.0,7
2030,295,56,1.0,7
2030,296,2,1.0,7
2030,297,240,1.0,7
2030,298,98,1.0,7
2030,299,278,1.0,7
2030,300,131,1.0,7
2030,301,419,1.0,7
2030,302,341,1.0,7
2030,303,137,1.0,7
2030,304,372,1.0,7
2030,305,395,1.0,7
2030,306,395,1.0,7
2030,307,199,1.0,7
2030,308,99,1.0,7
2030,309,231,1.0,7
2030,310,334,1.0,7
2030,311,408,1.0,7
2030,312,29,1.0,7
2030,313,417,1.0,7
2030,314,391,1.0,7
2030,315,137,1.0,7
2030,316,267,1.0,7
2030,317,98,1.0,7
2030,318,210,1.0,7
2030,319,101,1.0,7
2030,320,127,1.0,7
2030,321,323,1.0,7
2030,322,185,1.0,7
2030,323,150,1.0,7
2030,324,297,1.0,7
2030,325,353,1.0,7
2030,326,387,1.0,7
2030,327,185,1.0,7
2030,328,441,1.0,7
2030,329,273,1.0,7
2030,330,204,1.0,7
2030,331,386,1.0,7
2030,332,387,1.0,7
2030,333,153,1.0,7
2030,334,295,1.0,7
2030,335,406,1.0,7
2030,336,141,1.0,7
2030,337,224,1.0,7
2030,338,199,1.0,7
2030,339,239,1.0,7
2030,340,400,1.0,7
2030,341,346,1.0,7
2030,342,31,1.0,7
2030,343,441,1.0,7
2030,344,104,1.0,7
2030,345,33,1.0,7
2030,346,250,1.0,7
2030,347,353,1.0,7
2030,348,39,1.0,7
2030,349,47,1.0,7
2030,350,187,1.0,7
2030,351,100,1.0,7
2030,352,396,1.0,7
2030,353,141,1.0,7
2030,354,387,1.0,7
2030,355,372,1.0,7
2030,356,153,1.0,7
2030,357,14,1.0,7
2030,358,267,1.0,7
2030,359,17,1.0,7
2030,360,61,1.0,7
2030,361,312,1.0,7
2030,362,204,1.0,7
2030,363,147,1.0,7
2030,364,141,1.0,7
2030,365,19,1.0,7
