year,period,rep_period,weight,scenario
2030,1,79,1.0,0
2030,2,25,1.0,0
2030,3,182,1.0,0
2030,4,77,1.0,0
2030,5,132,1.0,0
2030,6,30,1.0,0
2030,7,67,1.0,0
2030,8,128,1.0,0
2030,9,129,1.0,0
2030,10,195,1.0,0
2030,11,191,1.0,0
2030,12,54,1.0,0
2030,13,14,1.0,0
2030,14,218,1.0,0
2030,15,218,1.0,0
2030,16,164,1.0,0
2030,17,92,1.0,0
2030,18,103,1.0,0
2030,19,92,1.0,0
2030,20,149,1.0,0
2030,21,12,1.0,0
2030,22,54,1.0,0
2030,23,50,1.0,0
2030,24,134,1.0,0
2030,25,149,1.0,0
2030,26,96,1.0,0
2030,27,168,1.0,0
2030,28,149,1.0,0
2030,29,92,1.0,0
2030,30,163,1.0,0
2030,31,173,1.0,0
2030,32,217,1.0,0
2030,33,196,1.0,0
2030,34,111,1.0,0
2030,35,161,1.0,0
2030,36,4,1.0,0
2030,37,232,1.0,0
2030,38,116,1.0,0
2030,39,16,1.0,0
2030,40,72,1.0,0
2030,41,115,1.0,0
2030,42,180,1.0,0
2030,43,74,1.0,0
2030,44,16,1.0,0
2030,45,103,1.0,0
2030,46,51,1.0,0
2030,47,116,1.0,0
2030,48,13,1.0,0
2030,49,137,1.0,0
2030,50,68,1.0,0
2030,51,68,1.0,0
2030,52,146,1.0,0
2030,53,46,1.0,0
2030,54,164,1.0,0
2030,55,51,1.0,0
2030,56,87,1.0,0
2030,57,103,1.0,0
2030,58,198,1.0,0
2030,59,25,1.0,0
2030,60,203,1.0,0
2030,61,49,1.0,0
2030,62,103,1.0,0
2030,63,206,1.0,0
2030,64,54,1.0,0
2030,65,67,1.0,0
2030,66,3,1.0,0
2030,67,72,1.0,0
2030,68,49,1.0,0
2030,69,179,1.0,0
2030,70,134,1.0,0
2030,71,159,1.0,0
2030,72,116,1.0,0
2030,73,2,1.0,0
2030,74,59,1.0,0
2030,75,21,1.0,0
2030,76,68,1.0,0
2030,77,173,1.0,0
2030,78,68,1.0,0
2030,79,173,1.0,0
2030,80,68,1.0,0
2030,81,146,1.0,0
2030,82,133,1.0,0
2030,83,232,1.0,0
2030,84,3,1.0,0
2030,85,109,1.0,0
2030,86,229,1.0,0
2030,87,192,1.0,0
2030,88,142,1.0,0
2030,89,191,1.0,0
2030,90,116,1.0,0
2030,91,116,1.0,0
2030,92,188,1.0,0
2030,93,100,1.0,0
2030,94,232,1.0,0
2030,95,155,1.0,0
2030,96,173,1.0,0
2030,97,173,1.0,0
2030,98,173,1.0,0
2030,99,68,1.0,0
2030,100,173,1.0,0
2030,101,173,1.0,0
2030,102,68,1.0,0
2030,103,49,1.0,0
2030,104,51,1.0,0
2030,105,141,1.0,0
2030,106,49,1.0,0
2030,107,210,1.0,0
2030,108,63,1.0,0
2030,109,59,1.0,0
2030,110,203,1.0,0
2030,111,124,1.0,0
2030,112,155,1.0,0
2030,113,41,1.0,0
2030,114,181,1.0,0
2030,115,181,1.0,0
2030,116,196,1.0,0
2030,117,215,1.0,0
2030,118,102,1.0,0
2030,119,161,1.0,0
2030,120,212,1.0,0
2030,121,100,1.0,0
2030,122,64,1.0,0
2030,123,36,1.0,0
2030,124,63,1.0,0
2030,125,102,1.0,0
2030,126,102,1.0,0
2030,127,100,1.0,0
2030,128,199,1.0,0
2030,129,65,1.0,0
2030,130,41,1.0,0
2030,131,48,1.0,0
2030,132,30,1.0,0
2030,133,192,1.0,0
2030,134,161,1.0,0
2030,135,137,1.0,0
2030,136,231,1.0,0
2030,137,49,1.0,0
2030,138,129,1.0,0
2030,139,210,1.0,0
2030,140,21,1.0,0
2030,141,189,1.0,0
2030,142,63,1.0,0
2030,143,182,1.0,0
2030,144,27,1.0,0
2030,145,63,1.0,0
2030,146,173,1.0,0
2030,147,173,1.0,0
2030,148,189,1.0,0
2030,149,63,1.0,0
2030,150,142,1.0,0
2030,151,142,1.0,0
2030,152,192,1.0,0
2030,153,59,1.0,0
2030,154,63,1.0,0
2030,155,1,1.0,0
2030,156,49,1.0,0
2030,157,49,1.0,0
2030,158,68,1.0,0
2030,159,236,1.0,0
2030,160,115,1.0,0
2030,161,3,1.0,0
2030,162,27,1.0,0
2030,163,27,1.0,0
2030,164,155,1.0,0
2030,165,3,1.0,0
2030,166,116,1.0,0
2030,167,109,1.0,0
2030,168,100,1.0,0
2030,169,41,1.0,0
2030,170,41,1.0,0
2030,171,4,1.0,0
2030,172,199,1.0,0
2030,173,82,1.0,0
2030,174,116,1.0,0
2030,175,49,1.0,0
2030,176,115,1.0,0
2030,177,82,1.0,0
2030,178,36,1.0,0
2030,179,41,1.0,0
2030,180,4,1.0,0
2030,181,4,1.0,0
2030,182,102,1.0,0
2030,183,63,1.0,0
2030,184,195,1.0,0
2030,185,63,1.0,0
2030,186,21,1.0,0
2030,187,82,1.0,0
2030,188,82,1.0,0
2030,189,146,1.0,0
2030,190,205,1.0,0
2030,191,64,1.0,0
2030,192,188,1.0,0
2030,193,46,1.0,0
2030,194,164,1.0,0
2030,195,116,1.0,0
2030,196,189,1.0,0
2030,197,230,1.0,0
2030,198,230,1.0,0
2030,199,1,1.0,0
2030,200,83,1.0,0
2030,201,205,1.0,0
2030,202,63,1.0,0
2030,203,49,1.0,0
2030,204,139,1.0,0
2030,205,83,1.0,0
2030,206,118,1.0,0
2030,207,65,1.0,0
2030,208,230,1.0,0
2030,209,41,1.0,0
2030,210,213,1.0,0
2030,211,205,1.0,0
2030,212,28,1.0,0
2030,213,28,1.0,0
2030,214,205,1.0,0
2030,215,28,1.0,0
2030,216,64,1.0,0
2030,217,65,1.0,0
2030,218,230,1.0,0
2030,219,63,1.0,0
2030,220,1,1.0,0
2030,221,82,1.0,0
2030,222,36,1.0,0
2030,223,41,1.0,0
2030,224,213,1.0,0
2030,225,1,1.0,0
2030,226,116,1.0,0
2030,227,116,1.0,0
2030,228,83,1.0,0
2030,229,230,1.0,0
2030,230,213,1.0,0
2030,231,213,1.0,0
2030,232,63,1.0,0
2030,233,1,1.0,0
2030,234,223,1.0,0
2030,235,223,1.0,0
2030,236,27,1.0,0
2030,237,27,1.0,0
2030,238,203,1.0,0
2030,239,1,1.0,0
2030,240,49,1.0,0
2030,241,116,1.0,0
2030,242,116,1.0,0
2030,243,236,1.0,0
2030,244,236,1.0,0
2030,245,109,1.0,0
2030,246,63,1.0,0
2030,247,63,1.0,0
2030,248,203,1.0,0
2030,249,225,1.0,0
2030,250,239,1.0,0
2030,251,2,1.0,0
2030,252,3,1.0,0
2030,253,27,1.0,0
2030,254,102,1.0,0
2030,255,125,1.0,0
2030,256,203,1.0,0
2030,257,110,1.0,0
2030,258,215,1.0,0
2030,259,31,1.0,0
2030,260,64,1.0,0
2030,261,125,1.0,0
2030,262,19,1.0,0
2030,263,195,1.0,0
2030,264,223,1.0,0
2030,265,3,1.0,0
2030,266,31,1.0,0
2030,267,64,1.0,0
2030,268,142,1.0,0
2030,269,210,1.0,0
2030,270,100,1.0,0
2030,271,182,1.0,0
2030,272,102,1.0,0
2030,273,212,1.0,0
2030,274,4,1.0,0
2030,275,46,1.0,0
2030,276,3,1.0,0
2030,277,215,1.0,0
2030,278,64,1.0,0
2030,279,68,1.0,0
2030,280,31,1.0,0
2030,281,137,1.0,0
2030,282,46,1.0,0
2030,283,111,1.0,0
2030,284,102,1.0,0
2030,285,102,1.0,0
2030,286,46,1.0,0
2030,287,161,1.0,0
2030,288,64,1.0,0
2030,289,111,1.0,0
2030,290,188,1.0,0
2030,291,46,1.0,0
2030,292,223,1.0,0
2030,293,3,1.0,0
2030,294,31,1.0,0
2030,295,64,1.0,0
2030,296,168,1.0,0
2030,297,149,1.0,0
2030,298,228,1.0,0
2030,299,19,1.0,0
2030,300,184,1.0,0
2030,301,80,1.0,0
2030,302,222,1.0,0
2030,303,64,1.0,0
2030,304,3,1.0,0
2030,305,222,1.0,0
2030,306,129,1.0,0
2030,307,210,1.0,0
2030,308,137,1.0,0
2030,309,161,1.0,0
2030,310,212,1.0,0
2030,311,218,1.0,0
2030,312,184,1.0,0
2030,313,161,1.0,0
2030,314,57,1.0,0
2030,315,214,1.0,0
2030,316,92,1.0,0
2030,317,132,1.0,0
2030,318,58,1.0,0
2030,319,129,1.0,0
2030,320,132,1.0,0
2030,321,195,1.0,0
2030,322,31,1.0,0
2030,323,184,1.0,0
2030,324,115,1.0,0
2030,325,97,1.0,0
2030,326,198,1.0,0
2030,327,196,1.0,0
2030,328,215,1.0,0
2030,329,168,1.0,0
2030,330,97,1.0,0
2030,331,144,1.0,0
2030,332,144,1.0,0
2030,333,91,1.0,0
2030,334,29,1.0,0
2030,335,109,1.0,0
2030,336,222,1.0,0
2030,337,97,1.0,0
2030,338,92,1.0,0
2030,339,122,1.0,0
2030,340,46,1.0,0
2030,341,178,1.0,0
2030,342,56,1.0,0
2030,343,168,1.0,0
2030,344,129,1.0,0
2030,345,67,1.0,0
2030,346,168,1.0,0
2030,347,92,1.0,0
2030,348,115,1.0,0
2030,349,29,1.0,0
2030,350,46,1.0,0
2030,351,144,1.0,0
2030,352,82,1.0,0
2030,353,108,1.0,0
2030,354,168,1.0,0
2030,355,115,1.0,0
2030,356,103,1.0,0
2030,357,103,1.0,0
2030,358,103,1.0,0
2030,359,216,1.0,0
2030,360,216,1.0,0
2030,361,92,1.0,0
2030,362,149,1.0,0
2030,363,92,1.0,0
2030,364,103,1.0,0
2030,365,103,1.0,0
2030,1,165,1.0,1
2030,2,76,1.0,1
2030,3,227,1.0,1
2030,4,112,1.0,1
2030,5,177,1.0,1
2030,6,165,1.0,1
2030,7,198,1.0,1
2030,8,39,1.0,1
2030,9,69,1.0,1
2030,10,203,1.0,1
2030,11,177,1.0,1
2030,12,44,1.0,1
2030,13,194,1.0,1
2030,14,133,1.0,1
2030,15,117,1.0,1
2030,16,158,1.0,1
2030,17,136,1.0,1
2030,18,20,1.0,1
2030,19,123,1.0,1
2030,20,20,1.0,1
2030,21,220,1.0,1
2030,22,220,1.0,1
2030,23,200,1.0,1
2030,24,106,1.0,1
2030,25,20,1.0,1
2030,26,154,1.0,1
2030,27,126,1.0,1
2030,28,160,1.0,1
2030,29,160,1.0,1
2030,30,163,1.0,1
2030,31,88,1.0,1
2030,32,22,1.0,1
2030,33,196,1.0,1
2030,34,7,1.0,1
2030,35,145,1.0,1
2030,36,119,1.0,1
2030,37,183,1.0,1
2030,38,140,1.0,1
2030,39,26,1.0,1
2030,40,160,1.0,1
2030,41,158,1.0,1
2030,42,15,1.0,1
2030,43,5,1.0,1
2030,44,26,1.0,1
2030,45,150,1.0,1
2030,46,220,1.0,1
2030,47,140,1.0,1
2030,48,221,1.0,1
2030,49,5,1.0,1
2030,50,90,1.0,1
2030,51,90,1.0,1
2030,52,166,1.0,1
2030,53,5,1.0,1
2030,54,78,1.0,1
2030,55,220,1.0,1
2030,56,209,1.0,1
2030,57,85,1.0,1
2030,58,69,1.0,1
2030,59,76,1.0,1
2030,60,185,1.0,1
2030,61,73,1.0,1
2030,62,211,1.0,1
2030,63,66,1.0,1
2030,64,157,1.0,1
2030,65,14,1.0,1
2030,66,126,1.0,1
2030,67,140,1.0,1
2030,68,105,1.0,1
2030,69,69,1.0,1
2030,70,106,1.0,1
2030,71,209,1.0,1
2030,72,140,1.0,1
2030,73,40,1.0,1
2030,74,233,1.0,1
2030,75,35,1.0,1
2030,76,90,1.0,1
2030,77,90,1.0,1
2030,78,120,1.0,1
2030,79,90,1.0,1
2030,80,90,1.0,1
2030,81,166,1.0,1
2030,82,24,1.0,1
2030,83,183,1.0,1
2030,84,78,1.0,1
2030,85,32,1.0,1
2030,86,10,1.0,1
2030,87,127,1.0,1
2030,88,52,1.0,1
2030,89,75,1.0,1
2030,90,6,1.0,1
2030,91,6,1.0,1
2030,92,47,1.0,1
2030,93,148,1.0,1
2030,94,226,1.0,1
2030,95,147,1.0,1
2030,96,113,1.0,1
2030,97,6,1.0,1
2030,98,6,1.0,1
2030,99,6,1.0,1
2030,100,6,1.0,1
2030,101,6,1.0,1
2030,102,6,1.0,1
2030,103,105,1.0,1
2030,104,209,1.0,1
2030,105,140,1.0,1
2030,106,105,1.0,1
2030,107,190,1.0,1
2030,108,37,1.0,1
2030,109,193,1.0,1
2030,110,34,1.0,1
2030,111,55,1.0,1
2030,112,172,1.0,1
2030,113,33,1.0,1
2030,114,8,1.0,1
2030,115,8,1.0,1
2030,116,234,1.0,1
2030,117,152,1.0,1
2030,118,119,1.0,1
2030,119,145,1.0,1
2030,120,197,1.0,1
2030,121,148,1.0,1
2030,122,226,1.0,1
2030,123,145,1.0,1
2030,124,37,1.0,1
2030,125,17,1.0,1
2030,126,208,1.0,1
2030,127,119,1.0,1
2030,128,219,1.0,1
2030,129,40,1.0,1
2030,130,208,1.0,1
2030,131,89,1.0,1
2030,132,165,1.0,1
2030,133,127,1.0,1
2030,134,186,1.0,1
2030,135,130,1.0,1
2030,136,138,1.0,1
2030,137,73,1.0,1
2030,138,235,1.0,1
2030,139,190,1.0,1
2030,140,75,1.0,1
2030,141,15,1.0,1
2030,142,37,1.0,1
2030,143,175,1.0,1
2030,144,99,1.0,1
2030,145,37,1.0,1
2030,146,113,1.0,1
2030,147,113,1.0,1
2030,148,32,1.0,1
2030,149,37,1.0,1
2030,150,11,1.0,1
2030,151,11,1.0,1
2030,152,127,1.0,1
2030,153,34,1.0,1
2030,154,37,1.0,1
2030,155,185,1.0,1
2030,156,105,1.0,1
2030,157,140,1.0,1
2030,158,151,1.0,1
2030,159,90,1.0,1
2030,160,151,1.0,1
2030,161,224,1.0,1
2030,162,60,1.0,1
2030,163,204,1.0,1
2030,164,34,1.0,1
2030,165,95,1.0,1
2030,166,151,1.0,1
2030,167,131,1.0,1
2030,168,208,1.0,1
2030,169,202,1.0,1
2030,170,197,1.0,1
2030,171,202,1.0,1
2030,172,45,1.0,1
2030,173,9,1.0,1
2030,174,151,1.0,1
2030,175,151,1.0,1
2030,176,61,1.0,1
2030,177,131,1.0,1
2030,178,145,1.0,1
2030,179,202,1.0,1
2030,180,202,1.0,1
2030,181,17,1.0,1
2030,182,17,1.0,1
2030,183,37,1.0,1
2030,184,124,1.0,1
2030,185,37,1.0,1
2030,186,219,1.0,1
2030,187,9,1.0,1
2030,188,224,1.0,1
2030,189,152,1.0,1
2030,190,37,1.0,1
2030,191,174,1.0,1
2030,192,47,1.0,1
2030,193,45,1.0,1
2030,194,113,1.0,1
2030,195,113,1.0,1
2030,196,15,1.0,1
2030,197,43,1.0,1
2030,198,135,1.0,1
2030,199,162,1.0,1
2030,200,104,1.0,1
2030,201,43,1.0,1
2030,202,37,1.0,1
2030,203,105,1.0,1
2030,204,9,1.0,1
2030,205,143,1.0,1
2030,206,81,1.0,1
2030,207,32,1.0,1
2030,208,145,1.0,1
2030,209,42,1.0,1
2030,210,43,1.0,1
2030,211,86,1.0,1
2030,212,60,1.0,1
2030,213,169,1.0,1
2030,214,86,1.0,1
2030,215,84,1.0,1
2030,216,201,1.0,1
2030,217,40,1.0,1
2030,218,43,1.0,1
2030,219,37,1.0,1
2030,220,130,1.0,1
2030,221,9,1.0,1
2030,222,166,1.0,1
2030,223,197,1.0,1
2030,224,43,1.0,1
2030,225,130,1.0,1
2030,226,105,1.0,1
2030,227,151,1.0,1
2030,228,104,1.0,1
2030,229,43,1.0,1
2030,230,148,1.0,1
2030,231,33,1.0,1
2030,232,86,1.0,1
2030,233,185,1.0,1
2030,234,7,1.0,1
2030,235,7,1.0,1
2030,236,204,1.0,1
2030,237,60,1.0,1
2030,238,185,1.0,1
2030,239,95,1.0,1
2030,240,105,1.0,1
2030,241,151,1.0,1
2030,242,151,1.0,1
2030,243,151,1.0,1
2030,244,151,1.0,1
2030,245,131,1.0,1
2030,246,208,1.0,1
2030,247,208,1.0,1
2030,248,170,1.0,1
2030,249,211,1.0,1
2030,250,85,1.0,1
2030,251,18,1.0,1
2030,252,113,1.0,1
2030,253,38,1.0,1
2030,254,208,1.0,1
2030,255,204,1.0,1
2030,256,185,1.0,1
2030,257,18,1.0,1
2030,258,121,1.0,1
2030,259,71,1.0,1
2030,260,174,1.0,1
2030,261,173,1.0,1
2030,262,140,1.0,1
2030,263,231,1.0,1
2030,264,34,1.0,1
2030,265,78,1.0,1
2030,266,40,1.0,1
2030,267,226,1.0,1
2030,268,93,1.0,1
2030,269,94,1.0,1
2030,270,148,1.0,1
2030,271,99,1.0,1
2030,272,119,1.0,1
2030,273,174,1.0,1
2030,274,187,1.0,1
2030,275,5,1.0,1
2030,276,78,1.0,1
2030,277,121,1.0,1
2030,278,155,1.0,1
2030,279,90,1.0,1
2030,280,166,1.0,1
2030,281,45,1.0,1
2030,282,226,1.0,1
2030,283,224,1.0,1
2030,284,133,1.0,1
2030,285,133,1.0,1
2030,286,5,1.0,1
2030,287,222,1.0,1
2030,288,226,1.0,1
2030,289,113,1.0,1
2030,290,47,1.0,1
2030,291,226,1.0,1
2030,292,7,1.0,1
2030,293,78,1.0,1
2030,294,18,1.0,1
2030,295,189,1.0,1
2030,296,88,1.0,1
2030,297,160,1.0,1
2030,298,110,1.0,1
2030,299,194,1.0,1
2030,300,35,1.0,1
2030,301,114,1.0,1
2030,302,107,1.0,1
2030,303,174,1.0,1
2030,304,207,1.0,1
2030,305,98,1.0,1
2030,306,231,1.0,1
2030,307,145,1.0,1
2030,308,5,1.0,1
2030,309,62,1.0,1
2030,310,64,1.0,1
2030,311,171,1.0,1
2030,312,35,1.0,1
2030,313,62,1.0,1
2030,314,57,1.0,1
2030,315,214,1.0,1
2030,316,160,1.0,1
2030,317,177,1.0,1
2030,318,98,1.0,1
2030,319,58,1.0,1
2030,320,167,1.0,1
2030,321,53,1.0,1
2030,322,69,1.0,1
2030,323,176,1.0,1
2030,324,158,1.0,1
2030,325,138,1.0,1
2030,326,69,1.0,1
2030,327,23,1.0,1
2030,328,121,1.0,1
2030,329,168,1.0,1
2030,330,138,1.0,1
2030,331,98,1.0,1
2030,332,152,1.0,1
2030,333,91,1.0,1
2030,334,70,1.0,1
2030,335,158,1.0,1
2030,336,236,1.0,1
2030,337,138,1.0,1
2030,338,160,1.0,1
2030,339,154,1.0,1
2030,340,199,1.0,1
2030,341,108,1.0,1
2030,342,156,1.0,1
2030,343,88,1.0,1
2030,344,231,1.0,1
2030,345,144,1.0,1
2030,346,88,1.0,1
2030,347,101,1.0,1
2030,348,101,1.0,1
2030,349,158,1.0,1
2030,350,5,1.0,1
2030,351,98,1.0,1
2030,352,61,1.0,1
2030,353,62,1.0,1
2030,354,176,1.0,1
2030,355,101,1.0,1
2030,356,150,1.0,1
2030,357,150,1.0,1
2030,358,150,1.0,1
2030,359,153,1.0,1
2030,360,157,1.0,1
2030,361,160,1.0,1
2030,362,160,1.0,1
2030,363,160,1.0,1
2030,364,150,1.0,1
2030,365,211,1.0,1
