year,period,rep_period,weight,scenario
2050,1,2,0.19418781221047543,0
2050,1,3,0.06488810403105899,0
2050,1,4,0.040987231698627044,0
2050,1,7,0.09865593529817734,0
2050,1,11,0.01104603350615212,0
2050,1,12,0.14497240882220702,0
2050,1,14,0.445262474433302,0
2050,2,2,0.038615588044940544,0
2050,2,3,0.20346376808707972,0
2050,2,12,0.4094645019059691,0
2050,2,14,0.34845614196201075,0
2050,3,1,0.04941424237300385,0
2050,3,2,0.1194159927112077,0
2050,3,4,0.06989336406254523,0
2050,3,9,0.05837931514228787,0
2050,3,12,0.5154711751429406,0
2050,3,14,0.17347457398900026,0
2050,3,16,0.013951336579014496,0
2050,4,1,0.07159883816394243,0
2050,4,2,0.24593760621233296,0
2050,4,3,0.1946723507622018,0
2050,4,4,0.03856885100830086,0
2050,4,9,0.11069842859802907,0
2050,4,12,0.3385239252551929,0
2050,5,2,0.19639724254932864,0
2050,5,3,0.23799224079012385,0
2050,5,4,0.19469013500392307,0
2050,5,12,0.18436174656885587,0
2050,5,16,0.18655863508776857,0
2050,6,2,0.11640026297610874,0
2050,6,3,0.1211305822936668,0
2050,6,4,0.07736112226673485,0
2050,6,7,0.28655526593098046,0
2050,6,12,0.1355647054720654,0
2050,6,13,0.035668631031546556,0
2050,6,15,0.1992473828524623,0
2050,6,16,0.028072047176434987,0
2050,7,2,0.17675216986225287,0
2050,7,4,0.08959883970707673,0
2050,7,6,0.014644036812250927,0
2050,7,7,0.05010554335990487,0
2050,7,12,0.16904777418485473,0
2050,7,14,0.4591005721079002,0
2050,7,15,0.04075106396575977,0
2050,8,3,0.08505560632112319,0
2050,8,12,0.31361112277682185,0
2050,8,14,0.6013332709020549,0
2050,9,3,0.4078292314451911,0
2050,9,9,0.06023671963533462,0
2050,9,12,0.5107857543034676,0
2050,9,13,0.021148294616006782,0
2050,10,3,0.24038723640259174,0
2050,10,7,0.05287347679474104,0
2050,10,9,0.07537743490281852,0
2050,10,12,0.6313618518998488,0
2050,11,2,0.05265154853767164,0
2050,11,3,0.35210051619327026,0
2050,11,9,0.02142465363397409,0
2050,11,12,0.5738232816350841,0
2050,12,2,0.0730269700574808,0
2050,12,3,0.18963854140996733,0
2050,12,4,0.022161831095437755,0
2050,12,9,0.12821880751916134,0
2050,12,12,0.586953849917953,0
2050,13,2,0.0835684963418576,0
2050,13,3,0.26290314548807925,0
2050,13,9,0.010220549091853859,0
2050,13,12,0.27293248133745307,0
2050,13,14,0.37037532774075627,0
2050,14,3,0.32441406138653417,0
2050,14,12,0.14774845126953237,0
2050,14,14,0.5278374873439335,0
2050,15,2,0.046909135324450686,0
2050,15,9,0.08052057991657485,0
2050,15,12,0.36463517279944646,0
2050,15,13,0.0725859761563635,0
2050,15,14,0.4353491358031644,0
2050,16,2,0.3768820399845701,0
2050,16,3,0.07664749926870687,0
2050,16,9,0.23238945663087696,0
2050,16,12,0.0908887664775519,0
2050,16,14,0.22319223763829427,0
2050,17,2,0.2514190464589167,0
2050,17,3,0.15468759451034977,0
2050,17,4,0.03624105766147163,0
2050,17,7,0.10271249746573358,0
2050,17,9,0.20868180448721607,0
2050,17,12,0.029785541347053072,0
2050,17,14,0.1817164792446578,0
2050,17,15,0.017449156643842726,0
2050,17,16,0.017306822180758647,0
2050,18,2,0.1049028269474077,0
2050,18,4,0.017548637919950493,0
2050,18,6,0.16598223192635098,0
2050,18,13,0.2554928145861912,0
2050,18,14,0.2860503978181805,0
2050,18,16,0.17002309080191913,0
2050,19,2,0.08239331055315428,0
2050,19,8,0.2039552194724912,0
2050,19,13,0.42655551175199274,0
2050,19,16,0.2870959582223618,0
2050,20,2,0.07690617882006431,0
2050,20,4,0.16316804636114296,0
2050,20,6,0.18662859227696535,0
2050,20,11,0.01721652623978707,0
2050,20,13,0.37876051948465556,0
2050,20,14,0.07938127358972176,0
2050,20,16,0.0979388632276631,0
2050,21,2,0.07747147990020486,0
2050,21,6,0.1886835895121651,0
2050,21,7,0.0369503369828749,0
2050,21,13,0.5020510265011144,0
2050,21,14,0.13608958448834654,0
2050,21,15,0.01350513915384702,0
2050,21,16,0.04524884346144716,0
2050,22,8,0.017516932615462926,0
2050,22,13,0.6725080686665214,0
2050,22,15,0.013410590071304213,0
2050,22,16,0.2965644086467116,0
2050,23,2,0.10085467955685556,0
2050,23,3,0.1369984431956304,0
2050,23,7,0.0401022179347212,0
2050,23,8,0.09020983823796563,0
2050,23,13,0.5714641089077812,0
2050,23,16,0.060370712167046064,0
2050,24,2,0.05335318679725776,0
2050,24,3,0.19600153806241832,0
2050,24,7,0.04728193743276528,0
2050,24,9,0.11270621206068286,0
2050,24,12,0.2871299361373374,0
2050,24,13,0.23249865875475156,0
2050,24,14,0.012653448082243718,0
2050,24,15,0.058375082672543155,0
2050,25,3,0.30698804425997583,0
2050,25,7,0.04324303632701195,0
2050,25,8,0.015321553430696227,0
2050,25,9,0.026481510486183864,0
2050,25,13,0.4224635410794499,0
2050,25,15,0.060263963140664234,0
2050,25,16,0.1252383512760181,0
2050,26,3,0.11609997760456561,0
2050,26,7,0.07950556633391422,0
2050,26,12,0.13836580781739108,0
2050,26,13,0.22902960331510971,0
2050,26,14,0.30989895242340726,0
2050,26,15,0.1271000925056121,0
2050,27,3,0.1386787609188296,0
2050,27,7,0.016688194972722212,0
2050,27,10,0.15710030475196174,0
2050,27,12,0.02001581350417664,0
2050,27,13,0.4134998755415915,0
2050,27,14,0.25401705031071825,0
2050,28,3,0.21959714394450258,0
2050,28,7,0.09998611771703293,0
2050,28,12,0.20238627700313486,0
2050,28,13,0.13011478182709563,0
2050,28,14,0.3479156795082341,0
2050,29,2,0.2384766703688519,0
2050,29,3,0.4003435274796028,0
2050,29,12,0.1488271722325051,0
2050,29,14,0.21235262991904025,0
2050,30,2,0.5624306887521112,0
2050,30,3,0.2854059652726736,0
2050,30,12,0.06589236579331796,0
2050,30,13,0.08627098018189729,0
2050,31,2,0.457163555242652,0
2050,31,3,0.12141905968363643,0
2050,31,6,0.01407775739139937,0
2050,31,12,0.01633835801202609,0
2050,31,13,0.3910012696702861,0
2050,32,2,0.2944093988809263,0
2050,32,3,0.11859356316053035,0
2050,32,12,0.1494581702858782,0
2050,32,13,0.26602406449194216,0
2050,32,14,0.17151480318072304,0
2050,33,3,0.09330187287613029,0
2050,33,4,0.08207523586895815,0
2050,33,9,0.08889775909849365,0
2050,33,11,0.02235851884063489,0
2050,33,13,0.47429208982917287,0
2050,33,14,0.1576733605495279,0
2050,33,16,0.08140116293708216,0
2050,34,13,1.0,0
2050,35,2,0.025092611498619747,0
2050,35,3,0.039826846753951047,0
2050,35,7,0.03077111201325058,0
2050,35,8,0.19445343993238945,0
2050,35,9,0.02640863811086175,0
2050,35,13,0.6834473516909275,0
2050,36,3,0.10908513520759473,0
2050,36,9,0.26766987814681975,0
2050,36,13,0.5442350797089497,0
2050,36,16,0.07900990693663586,0
2050,37,2,0.2661174452516418,0
2050,37,3,0.2964978656428721,0
2050,37,4,0.06362711900386418,0
2050,37,9,0.16471792982013408,0
2050,37,12,0.20903964028148767,0
2050,38,1,0.033908440533751937,0
2050,38,2,0.13063920766868786,0
2050,38,3,0.08958871594439516,0
2050,38,4,0.22770201433832055,0
2050,38,9,0.08411330492918045,0
2050,38,12,0.20381524148685498,0
2050,38,14,0.23023307509880903,0
2050,39,1,0.08142632432506655,0
2050,39,2,0.18015251255335127,0
2050,39,3,0.229284108737422,0
2050,39,4,0.039051203093843946,0
2050,39,9,0.15328486910001157,0
2050,39,12,0.31680098219030467,0
2050,40,3,0.15708313207475305,0
2050,40,4,0.163778929238447,0
2050,40,9,0.2301704425296624,0
2050,40,12,0.15081716296652503,0
2050,40,13,0.29815033319061257,0
2050,41,2,0.041465739988520024,0
2050,41,3,0.10670774950683332,0
2050,41,4,0.39307128992882356,0
2050,41,7,0.030664440068871923,0
2050,41,9,0.0725428971742095,0
2050,41,12,0.020579160345700325,0
2050,41,13,0.33496872298704145,0
2050,42,2,0.08052574430135505,0
2050,42,4,0.32667909361064035,0
2050,42,7,0.14358244250959917,0
2050,42,8,0.12257827016937105,0
2050,42,13,0.18467704266994317,0
2050,42,16,0.14195740673909132,0
2050,43,1,0.08150914242293347,0
2050,43,2,0.3021762185249708,0
2050,43,4,0.13034373118249712,0
2050,43,6,0.13620326328309637,0
2050,43,13,0.06884156104136721,0
2050,43,16,0.280926083545135,0
2050,44,2,0.11895150699504202,0
2050,44,3,0.08395667603849603,0
2050,44,12,0.0818622272417006,0
2050,44,13,0.15453107816495967,0
2050,44,14,0.01561677513674604,0
2050,44,15,0.4584655984751737,0
2050,44,16,0.08661613794788194,0
2050,45,2,0.03260178488663963,0
2050,45,3,0.07316917148463763,0
2050,45,9,0.2006631764296598,0
2050,45,10,0.04215503599034263,0
2050,45,13,0.24715462834417806,0
2050,45,15,0.2010074892803066,0
2050,45,16,0.20324871358423574,0
2050,46,2,0.37657788357862565,0
2050,46,4,0.029578907049691842,0
2050,46,5,0.046005261527637877,0
2050,46,9,0.1000892795261338,0
2050,46,11,0.054890777283666835,0
2050,46,13,0.12851908634744233,0
2050,46,14,0.2244595550528747,0
2050,46,16,0.03987924963392688,0
2050,47,1,0.13717192291303956,0
2050,47,2,0.58437612257364,0
2050,47,4,0.15857478582638102,0
2050,47,12,0.07799356176619779,0
2050,47,14,0.016553231832372117,0
2050,47,16,0.025330375088369474,0
2050,48,2,1.0,0
2050,49,2,0.6022619309379839,0
2050,49,4,0.061607352760238154,0
2050,49,7,0.010841803403656413,0
2050,49,13,0.044236630817242946,0
2050,49,14,0.2810522820808787,0
2050,50,2,0.2754245101438058,0
2050,50,6,0.06223651768872753,0
2050,50,11,0.02323178543631654,0
2050,50,12,0.07786418086990049,0
2050,50,14,0.5612430058612496,0
2050,51,2,0.0802295371637095,0
2050,51,3,0.045682720285611246,0
2050,51,4,0.08046762122123567,0
2050,51,6,0.19029965926745315,0
2050,51,9,0.04380592670359781,0
2050,51,12,0.11429713268866962,0
2050,51,14,0.44521740266972304,0
2050,52,2,0.44577793832048074,0
2050,52,3,0.22539000604583517,0
2050,52,6,0.09169154117025302,0
2050,52,9,0.10616607954827983,0
2050,52,13,0.13097443491515115,0
2050,53,1,0.01949420191978611,0
2050,53,2,0.5545078824084657,0
2050,53,3,0.13311413525053212,0
2050,53,6,0.023219946706136592,0
2050,53,7,0.0683070600945308,0
2050,53,9,0.0785389479132737,0
2050,53,13,0.06965693341961156,0
2050,53,14,0.053160892287663485,0
2050,54,2,0.21076868345110122,0
2050,54,3,0.14588411503412588,0
2050,54,9,0.05787934087901261,0
2050,54,12,0.1955271152610488,0
2050,54,13,0.06150493665675635,0
2050,54,14,0.32843580871795525,0
2050,55,3,0.30933700312540446,0
2050,55,7,0.21053852366636372,0
2050,55,13,0.18097801548305334,0
2050,55,14,0.29914645772517856,0
2050,56,2,0.13144395680867416,0
2050,56,3,0.0789068043518355,0
2050,56,7,0.22375613831325303,0
2050,56,8,0.02673481703842241,0
2050,56,9,0.2584003563757946,0
2050,56,13,0.2807579271120204,0
2050,57,3,0.2618227855525503,0
2050,57,7,0.38742025985799755,0
2050,57,13,0.17196477228636714,0
2050,57,15,0.17879218230308508,0
2050,58,2,0.047954059338087184,0
2050,58,3,0.18029439931628072,0
2050,58,6,0.12025779903124155,0
2050,58,8,0.08788799697401921,0
2050,58,13,0.2946128246736731,0
2050,58,14,0.050869352930802796,0
2050,58,15,0.21812356773589536,0
2050,59,3,0.17208189181423195,0
2050,59,7,0.30318688114576275,0
2050,59,13,0.08158472859687425,0
2050,59,14,0.11463065843984929,0
2050,59,15,0.3285158400032818,0
2050,60,3,0.32581439890472924,0
2050,60,5,0.017715427898097665,0
2050,60,7,0.020770159531652895,0
2050,60,12,0.17150343030812343,0
2050,60,14,0.4641965833573968,0
2050,61,3,1.0,0
2050,62,1,0.01800009726657337,0
2050,62,3,0.44881211063351056,0
2050,62,4,0.19355201033834749,0
2050,62,10,0.07243555086009144,0
2050,62,12,0.1785446020616664,0
2050,62,14,0.08865562883981085,0
2050,63,2,0.03456435523870078,0
2050,63,3,0.4117013647446946,0
2050,63,7,0.05590104628435165,0
2050,63,10,0.1964264387150623,0
2050,63,13,0.2324196968895857,0
2050,63,15,0.06898709812760503,0
2050,64,2,0.013920278709302923,0
2050,64,3,0.26682919702852104,0
2050,64,7,0.09154320395750727,0
2050,64,8,0.05696269158072763,0
2050,64,9,0.14644439265608789,0
2050,64,13,0.4243002360678533,0
2050,65,1,0.08329718289654851,0
2050,65,2,0.3348650437743593,0
2050,65,3,0.38422758209157953,0
2050,65,4,0.06822671793069912,0
2050,65,9,0.07073442540344918,0
2050,65,13,0.058649047903364386,0
2050,66,1,0.1308699983638548,0
2050,66,2,0.2260569502045459,0
2050,66,3,0.21168361029298957,0
2050,66,4,0.028431094051637164,0
2050,66,7,0.08724588893811389,0
2050,66,12,0.15217643096222075,0
2050,66,14,0.16353602718663798,0
2050,67,1,0.06758966489589754,0
2050,67,2,0.3039875208959391,0
2050,67,3,0.08221537680453175,0
2050,67,4,0.24352160876495751,0
2050,67,14,0.30268582863867416,0
2050,68,1,0.09000326385040781,0
2050,68,2,0.19955179487464547,0
2050,68,3,0.04993852659004112,0
2050,68,4,0.16236049494643756,0
2050,68,6,0.043628753807287125,0
2050,68,7,0.07473923226344326,0
2050,68,8,0.08022190966111992,0
2050,68,13,0.051035034821597276,0
2050,68,14,0.08157517958729854,0
2050,68,15,0.09483682877338227,0
2050,68,16,0.07210898082433972,0
2050,69,1,0.12927891581186673,0
2050,69,4,0.2155141183924231,0
2050,69,5,0.07546095758532384,0
2050,69,7,0.16665238495535042,0
2050,69,11,0.02406274844223632,0
2050,69,14,0.3562811159128967,0
2050,69,16,0.03274975889990286,0
2050,70,1,0.12124354081458533,0
2050,70,3,0.1430494617449888,0
2050,70,4,0.2417868002874664,0
2050,70,6,0.055175490426427706,0
2050,70,7,0.13919684912808003,0
2050,70,8,0.15299881072000607,0
2050,70,13,0.08776087685913064,0
2050,70,14,0.05878817001931506,0
2050,71,1,0.17282385578962267,0
2050,71,3,0.44831489000182295,0
2050,71,4,0.08375511376854256,0
2050,71,6,0.13824134963151807,0
2050,71,13,0.11813529980331226,0
2050,71,16,0.03872949100518139,0
2050,72,1,0.14389818371188157,0
2050,72,2,0.09886591031639803,0
2050,72,3,0.020957437249468202,0
2050,72,4,0.2680744263712045,0
2050,72,5,0.013438409014061074,0
2050,72,9,0.08224431564777791,0
2050,72,11,0.049248440807748387,0
2050,72,13,0.08502747034250478,0
2050,72,14,0.23824540653895548,0
2050,73,1,0.050791172264770285,0
2050,73,2,0.03532304398872857,0
2050,73,4,0.1864463945241323,0
2050,73,5,0.016495756294419465,0
2050,73,6,0.04992745588543079,0
2050,73,11,0.11146637693676636,0
2050,73,13,0.18472734356200052,0
2050,73,14,0.3648224565437517,0
2050,74,1,0.051486600740619635,0
2050,74,3,0.17555712165487847,0
2050,74,4,0.3004382478306748,0
2050,74,7,0.020005864526880694,0
2050,74,11,0.0926424823743202,0
2050,74,12,0.20097838162084553,0
2050,74,13,0.11079067187116334,0
2050,74,14,0.04810062938061716,0
2050,75,1,0.032039233170850084,0
2050,75,2,0.020733078749335377,0
2050,75,3,0.0999886541274283,0
2050,75,4,0.6779998100400034,0
2050,75,9,0.10182556666087453,0
2050,75,12,0.0674136572515082,0
2050,76,4,1.0,0
2050,77,1,0.032760644775367054,0
2050,77,4,0.4214279464806059,0
2050,77,8,0.06688206402059566,0
2050,77,10,0.03757968536926765,0
2050,77,13,0.16413979567794204,0
2050,77,15,0.23519063014838132,0
2050,77,16,0.04201923352784035,0
2050,78,1,0.04751426205161292,0
2050,78,6,0.035318118763377315,0
2050,78,9,0.1303717417931983,0
2050,78,13,0.4474730774599068,0
2050,78,15,0.1725778333462559,0
2050,78,16,0.16674496658564872,0
2050,79,1,0.11494574307278238,0
2050,79,2,0.09491031094962461,0
2050,79,4,0.11294031079057015,0
2050,79,8,0.14538955044161198,0
2050,79,13,0.4012670178602847,0
2050,79,15,0.0154610355936751,0
2050,79,16,0.11508603129145131,0
2050,80,1,0.23183353244058333,0
2050,80,2,0.03748360382505826,0
2050,80,3,0.03415968157295804,0
2050,80,4,0.06501803273891095,0
2050,80,9,0.07187918672714728,0
2050,80,12,0.15243988085012805,0
2050,80,13,0.1432938514952952,0
2050,80,14,0.07430864283340914,0
2050,80,15,0.16938268697070838,0
2050,80,16,0.020200900545801422,0
2050,81,1,0.12212363020308344,0
2050,81,2,0.09337769472836113,0
2050,81,3,0.0975716658163564,0
2050,81,4,0.07792784481484556,0
2050,81,9,0.1899573390947361,0
2050,81,12,0.06302311328882611,0
2050,81,13,0.2460410622527737,0
2050,81,16,0.1099776498010176,0
2050,82,1,0.20044337782277835,0
2050,82,2,0.3371524266552995,0
2050,82,4,0.16410984390347994,0
2050,82,6,0.04216939613254178,0
2050,82,14,0.16687545580616242,0
2050,82,16,0.08924949967973803,0
2050,83,1,0.1396146538823251,0
2050,83,2,0.15781849855656926,0
2050,83,4,0.027845466738094002,0
2050,83,6,0.1488462424469502,0
2050,83,13,0.4814512703973814,0
2050,83,16,0.04442386797868012,0
2050,84,2,0.16932135028120607,0
2050,84,4,0.15425573700456305,0
2050,84,8,0.021646601192106766,0
2050,84,9,0.1882352609495796,0
2050,84,10,0.02557403774991334,0
2050,84,13,0.4409670128226312,0
2050,85,2,0.3953067371944227,0
2050,85,3,0.016289552333094166,0
2050,85,4,0.1305697426577338,0
2050,85,6,0.04029619118020876,0
2050,85,12,0.13280074029400296,0
2050,85,13,0.09372476487070096,0
2050,85,14,0.13165420722433527,0
2050,85,15,0.05935806424550155,0
2050,86,2,0.11096539068983448,0
2050,86,3,0.31903218622184054,0
2050,86,4,0.10458731781503137,0
2050,86,9,0.13856077816385637,0
2050,86,13,0.22462167984364154,0
2050,86,16,0.10223264726579576,0
2050,87,2,0.016128414687458903,0
2050,87,3,0.46027401735602563,0
2050,87,7,0.13634370097430196,0
2050,87,9,0.019847014286301902,0
2050,87,13,0.2090095235125724,0
2050,87,15,0.15839732918333915,0
2050,88,1,0.02373788856972162,0
2050,88,3,0.050921727226842385,0
2050,88,9,0.03042365400348835,0
2050,88,10,0.12415401311812876,0
2050,88,12,0.5171937926955484,0
2050,88,13,0.0705620661986429,0
2050,88,14,0.1830068581876276,0
2050,89,2,0.02519767249410568,0
2050,89,3,0.6146197138442193,0
2050,89,4,0.11869239262747402,0
2050,89,12,0.24149022103420092,0
2050,90,3,0.5963255394577855,0
2050,90,4,0.1079587806326833,0
2050,90,10,0.16927336210693555,0
2050,90,12,0.12644231780259566,0
2050,91,3,0.40658506237361025,0
2050,91,4,0.15976251155827412,0
2050,91,10,0.23769178215098144,0
2050,91,12,0.19596064391713428,0
2050,92,1,0.055102024740875784,0
2050,92,3,0.2735060156384037,0
2050,92,4,0.14494052934312737,0
2050,92,9,0.31403701490734437,0
2050,92,10,0.1273563568320962,0
2050,92,12,0.08505805853815251,0
2050,93,1,0.16219872805862492,0
2050,93,3,0.08557680115558562,0
2050,93,4,0.28511754192209904,0
2050,93,7,0.033487814273368666,0
2050,93,8,0.3409804730807297,0
2050,93,13,0.07710180731443404,0
2050,93,16,0.01553683419515809,0
2050,94,1,0.23082328730401935,0
2050,94,4,0.1930930960528649,0
2050,94,6,0.11451718859268825,0
2050,94,8,0.0456964372308854,0
2050,94,13,0.16949578188842285,0
2050,94,15,0.1760122066828444,0
2050,94,16,0.07036200224827471,0
2050,95,1,0.18043050819276188,0
2050,95,3,0.021139417195530405,0
2050,95,4,0.24485831828834134,0
2050,95,8,0.19071257007659548,0
2050,95,9,0.14120268117848497,0
2050,95,13,0.1433149207940801,0
2050,95,16,0.0783415842742057,0
2050,96,1,0.1653741953208816,0
2050,96,4,0.28257081960691777,0
2050,96,7,0.015603132738841537,0
2050,96,8,0.15530304335589828,0
2050,96,9,0.1417180144863177,0
2050,96,13,0.19047095594057808,0
2050,96,16,0.04895983855056499,0
2050,97,1,0.36728835648704383,0
2050,97,2,0.08579445561211285,0
2050,97,3,0.07558279285488953,0
2050,97,4,0.3444524801490869,0
2050,97,9,0.12688191489686684,0
2050,98,1,0.26363017007771494,0
2050,98,2,0.13913071432082805,0
2050,98,4,0.39541595204661595,0
2050,98,6,0.01931176970772937,0
2050,98,7,0.026646952123967525,0
2050,98,9,0.03336338979525837,0
2050,98,13,0.12250105192788584,0
2050,99,1,0.30406001032095115,0
2050,99,2,0.1604237444524786,0
2050,99,4,0.3663089825208478,0
2050,99,6,0.1692072627057224,0
2050,100,1,0.30089024736160347,0
2050,100,2,0.11647798749768597,0
2050,100,4,0.11369222384074765,0
2050,100,6,0.39406514826108013,0
2050,100,13,0.07487439303888295,0
2050,101,3,0.2542737168175652,0
2050,101,4,0.044084633026518105,0
2050,101,5,0.1218999966038229,0
2050,101,7,0.024815578235537164,0
2050,101,8,0.17549235332889518,0
2050,101,9,0.011268922117799784,0
2050,101,10,0.055772258469741834,0
2050,101,14,0.16314547491066056,0
2050,101,15,0.1492470664894593,0
2050,102,1,0.46781585493590905,0
2050,102,4,0.012561445011262502,0
2050,102,5,0.08079224748273188,0
2050,102,13,0.03777887372833061,0
2050,102,14,0.40105157884176595,0
2050,103,1,0.43454292685425583,0
2050,103,3,0.02862149592246521,0
2050,103,4,0.10982044678857661,0
2050,103,5,0.16308500134541168,0
2050,103,13,0.09712429873804483,0
2050,103,14,0.16680583035124588,0
2050,104,1,0.3683225532499504,0
2050,104,2,0.041064858162877325,0
2050,104,4,0.09100648754444318,0
2050,104,5,0.03626128216232158,0
2050,104,7,0.06863561505682632,0
2050,104,10,0.09935399453544762,0
2050,104,14,0.2953552092881337,0
2050,105,1,0.5206814668061577,0
2050,105,3,0.06976384389145948,0
2050,105,4,0.08759503815908101,0
2050,105,10,0.0984715303960109,0
2050,105,11,0.15480214696002648,0
2050,105,14,0.05356843733477561,0
2050,105,15,0.015117536452488721,0
2050,106,1,1.0,0
2050,107,1,0.5620369445833804,0
2050,107,3,0.14811533009987787,0
2050,107,4,0.09288927378263855,0
2050,107,6,0.07168164676140963,0
2050,107,9,0.05448181221991853,0
2050,107,10,0.028415932108066477,0
2050,107,15,0.026967834363486452,0
2050,107,16,0.015411226081222036,0
2050,108,1,0.39301867207035496,0
2050,108,2,0.045914382811771286,0
2050,108,3,0.1885896997201215,0
2050,108,6,0.2224511377261193,0
2050,108,10,0.10788521874016535,0
2050,108,13,0.04214088893146751,0
2050,109,1,0.4890511739332971,0
2050,109,4,0.13889297924525515,0
2050,109,6,0.21914688311788016,0
2050,109,7,0.05350315915608084,0
2050,109,8,0.026764871648422502,0
2050,109,14,0.04832398050455305,0
2050,109,16,0.024316952394511423,0
2050,110,1,0.6768473893560867,0
2050,110,3,0.08354034559752983,0
2050,110,4,0.08950960172505329,0
2050,110,6,0.15010266332133015,0
2050,111,1,0.49980949144396464,0
2050,111,3,0.0905749766380285,0
2050,111,4,0.07053194277125874,0
2050,111,8,0.06881496057628833,0
2050,111,9,0.08480212670269133,0
2050,111,10,0.1290795114133372,0
2050,111,13,0.056386990454431234,0
2050,112,1,0.42240950549558515,0
2050,112,4,0.09161324567326513,0
2050,112,5,0.03621896723880231,0
2050,112,7,0.1201503847814534,0
2050,112,8,0.1301601852565401,0
2050,112,10,0.06684925142517298,0
2050,112,14,0.037769157530392845,0
2050,112,15,0.09482930259878802,0
2050,113,1,0.7185919992220213,0
2050,113,4,0.09090013606817712,0
2050,113,5,0.11657978896152486,0
2050,113,8,0.07392807574827671,0
2050,114,1,0.5765116495863857,0
2050,114,5,0.03463795904768617,0
2050,114,6,0.10420441328041725,0
2050,114,8,0.14671166671991728,0
2050,114,15,0.12548000543283028,0
2050,114,16,0.012454305932763433,0
2050,115,1,0.21221361670089986,0
2050,115,5,0.1484480959763501,0
2050,115,7,0.11943206757940177,0
2050,115,8,0.0678207240802526,0
2050,115,9,0.05880928273964649,0
2050,115,10,0.10010913608066808,0
2050,115,13,0.09232907579989728,0
2050,115,15,0.20083800104288388,0
2050,116,1,0.353020060023036,0
2050,116,8,0.4076419331231102,0
2050,116,13,0.21546623464388492,0
2050,116,16,0.023871772209969003,0
2050,117,1,0.17830023327538919,0
2050,117,3,0.07238393121479754,0
2050,117,8,0.34219498771673845,0
2050,117,9,0.09560088964688392,0
2050,117,10,0.16020284384240888,0
2050,117,13,0.15131711430378195,0
2050,118,1,0.20878645016940228,0
2050,118,3,0.10926950248802134,0
2050,118,4,0.01607006565785332,0
2050,118,7,0.10279920006071118,0
2050,118,8,0.20451704954071614,0
2050,118,10,0.2862802042624487,0
2050,118,13,0.07227752782084707,0
2050,119,1,0.3682648113194953,0
2050,119,3,0.07542988014729032,0
2050,119,5,0.1897482968451553,0
2050,119,6,0.026723584764569517,0
2050,119,7,0.21258556077804103,0
2050,119,10,0.1272478661454486,0
2050,120,1,0.012415869145131994,0
2050,120,5,0.7270381631656628,0
2050,120,7,0.0812910874534312,0
2050,120,8,0.05175885294826116,0
2050,120,10,0.019095593096426708,0
2050,120,15,0.10840043419108612,0
2050,121,1,0.1171273251037808,0
2050,121,5,0.43761177540351553,0
2050,121,6,0.07193492755153215,0
2050,121,7,0.2242517117271681,0
2050,121,8,0.06913478045256333,0
2050,121,13,0.07993947976144028,0
2050,122,1,0.12600097602027555,0
2050,122,5,0.446575407879696,0
2050,122,6,0.11071731508357548,0
2050,122,7,0.13698236550497542,0
2050,122,8,0.1018927270053589,0
2050,122,13,0.07783120850611866,0
2050,123,3,0.023620890905417496,0
2050,123,5,0.316387817333913,0
2050,123,7,0.2609478616640519,0
2050,123,10,0.26446705008098154,0
2050,123,15,0.13457638001563618,0
2050,124,5,0.7469053441701272,0
2050,124,7,0.03737837624491781,0
2050,124,10,0.047390820981169736,0
2050,124,13,0.16832545860378528,0
2050,125,3,0.24262996024709058,0
2050,125,5,0.5411513208728961,0
2050,125,7,0.09897833004530049,0
2050,125,10,0.11724038883471297,0
2050,126,3,0.23786267680364373,0
2050,126,5,0.49924796954683404,0
2050,126,7,0.14383796761796538,0
2050,126,14,0.11905138603155696,0
2050,127,5,0.9167766783195822,0
2050,127,7,0.08322332168041784,0
2050,128,5,0.7382358197431346,0
2050,128,6,0.10057080304190001,0
2050,128,7,0.04974189050358599,0
2050,128,8,0.09584531334688118,0
2050,128,16,0.015606173364498283,0
2050,129,5,0.6810277529914456,0
2050,129,7,0.13600340159745575,0
2050,129,10,0.13597675643718624,0
2050,129,15,0.046992088973912334,0
2050,130,5,0.770913226231551,0
2050,130,7,0.22908677376844894,0
2050,131,5,0.6777266853879266,0
2050,131,7,0.32227331461207354,0
2050,132,3,0.03134025718490863,0
2050,132,5,0.8475625270518592,0
2050,132,7,0.12109721576323218,0
2050,133,1,0.09723934105069086,0
2050,133,5,0.9027606589493092,0
2050,134,1,0.12849383117187158,0
2050,134,5,0.2405680219741631,0
2050,134,6,0.02537278815188855,0
2050,134,7,0.17800673197556416,0
2050,134,8,0.28375919094127044,0
2050,134,13,0.14379943578524212,0
2050,135,2,0.018038871545373154,0
2050,135,5,0.3134484658097529,0
2050,135,6,0.22366055246922603,0
2050,135,7,0.18071155525106908,0
2050,135,8,0.09444160496829665,0
2050,135,13,0.16969894995628226,0
2050,136,5,0.42310395123731104,0
2050,136,7,0.3215148307354407,0
2050,136,8,0.07840651974128714,0
2050,136,10,0.15676201666254033,0
2050,136,15,0.020212681623420714,0
2050,137,1,0.04770269525683127,0
2050,137,5,0.6289701867399853,0
2050,137,7,0.13732596335722236,0
2050,137,11,0.13823972652510835,0
2050,137,13,0.047761428120852746,0
2050,138,3,0.035890094656621706,0
2050,138,5,0.42204898148668574,0
2050,138,6,0.1986666777394208,0
2050,138,7,0.09562348408401572,0
2050,138,10,0.10497931173462413,0
2050,138,11,0.020619343565928473,0
2050,138,15,0.1221721067327034,0
2050,139,5,0.48934408921053874,0
2050,139,7,0.16672949711411542,0
2050,139,10,0.32737161747927523,0
2050,139,13,0.016554796196070712,0
2050,140,5,0.28285953259037167,0
2050,140,7,0.20224990332189235,0
2050,140,8,0.33876649028693834,0
2050,140,10,0.11765748556523078,0
2050,140,13,0.058466588235566795,0
2050,141,5,0.24623221393648823,0
2050,141,6,0.05900483671946649,0
2050,141,7,0.19646127589900672,0
2050,141,8,0.3185005546752827,0
2050,141,10,0.028474949411789127,0
2050,141,13,0.15132616935796675,0
2050,142,1,0.09834000164408864,0
2050,142,2,0.12297851823155377,0
2050,142,5,0.3108317320218849,0
2050,142,7,0.21670984015495048,0
2050,142,8,0.17714915980897283,0
2050,142,9,0.07399074813854943,0
2050,143,1,0.13486690661233514,0
2050,143,2,0.044035006324820755,0
2050,143,5,0.4078409420792975,0
2050,143,6,0.04430434902864478,0
2050,143,7,0.16880249088822516,0
2050,143,8,0.07111412283768785,0
2050,143,11,0.03501217247327408,0
2050,143,13,0.0940240097557149,0
2050,144,5,0.37529627753865674,0
2050,144,7,0.09906400805957624,0
2050,144,8,0.38552896451794666,0
2050,144,13,0.14011074988382022,0
2050,145,5,0.3145638088514286,0
2050,145,6,0.040275768448806926,0
2050,145,7,0.09285167986354859,0
2050,145,8,0.43128180370151437,0
2050,145,13,0.039144987333744274,0
2050,145,15,0.05465132161533263,0
2050,145,16,0.02723063018562466,0
2050,146,1,0.053855850987804335,0
2050,146,5,0.31358474920027835,0
2050,146,7,0.101120806337278,0
2050,146,8,0.27761341764832104,0
2050,146,10,0.18017850651033318,0
2050,146,11,0.07364666931598526,0
2050,147,1,0.20013435881960345,0
2050,147,4,0.023453096175436727,0
2050,147,5,0.3235034975233917,0
2050,147,7,0.16740932360157226,0
2050,147,8,0.16476212154980327,0
2050,147,10,0.08954147882582059,0
2050,147,13,0.031196123504371922,0
2050,148,3,0.023863476209834797,0
2050,148,5,0.5548312348847184,0
2050,148,7,0.22400379515795332,0
2050,148,8,0.14486633777492344,0
2050,148,10,0.052435155972569876,0
2050,149,5,0.47844116631307915,0
2050,149,6,0.21480533608422242,0
2050,149,7,0.01594737824055394,0
2050,149,8,0.0514531095696045,0
2050,149,15,0.23935300979254004,0
2050,150,5,1.0,0
2050,151,5,0.6540545275544065,0
2050,151,6,0.029602360046836865,0
2050,151,7,0.04827457829947893,0
2050,151,14,0.2680685340992777,0
2050,152,5,0.6107456439216881,0
2050,152,6,0.13626305827617807,0
2050,152,7,0.09308370901188587,0
2050,152,14,0.15990758879024808,0
2050,153,5,0.5527889195379625,0
2050,153,7,0.06727862855844152,0
2050,153,10,0.17609649368581257,0
2050,153,14,0.1690545688522834,0
2050,153,15,0.034781389365500126,0
2050,154,4,0.044799762321367786,0
2050,154,5,0.741089512405736,0
2050,154,11,0.06624864380536818,0
2050,154,14,0.14786208146752794,0
2050,155,1,0.2216956082248205,0
2050,155,2,0.019380748757113805,0
2050,155,5,0.5143943448893615,0
2050,155,6,0.24452929812870416,0
2050,156,5,0.44785034869375545,0
2050,156,6,0.07896761271275808,0
2050,156,7,0.16160120160110686,0
2050,156,8,0.31158083699237965,0
2050,157,2,0.15407798780142956,0
2050,157,5,0.70284945160906,0
2050,157,6,0.09127413159960844,0
2050,157,7,0.01884460333765911,0
2050,157,14,0.032953825652242905,0
2050,158,1,0.2345670710565982,0
2050,158,2,0.06455089857949464,0
2050,158,5,0.583401021827456,0
2050,158,6,0.05999443759289176,0
2050,158,7,0.05748657094355943,0
2050,159,1,0.1303671607277562,0
2050,159,5,0.4692359374448767,0
2050,159,6,0.02863633315136361,0
2050,159,8,0.21694042301823632,0
2050,159,10,0.1000010620004826,0
2050,159,14,0.016391738365085416,0
2050,159,15,0.03842734529219918,0
2050,160,5,0.32078095991333755,0
2050,160,7,0.019608718184639364,0
2050,160,8,0.23793953913926208,0
2050,160,10,0.3151471421713709,0
2050,160,15,0.10652364059139018,0
2050,161,5,0.5626173616510145,0
2050,161,7,0.17367748849488057,0
2050,161,8,0.13060427401985883,0
2050,161,9,0.023224205705732318,0
2050,161,10,0.09609228152230873,0
2050,161,15,0.013784388606205018,0
2050,162,1,0.17150479078602637,0
2050,162,5,0.16477727059130048,0
2050,162,6,0.2503365964618337,0
2050,162,8,0.16224624334707652,0
2050,162,11,0.05825764677576923,0
2050,162,15,0.1928774520379936,0
2050,163,1,0.059064268633692435,0
2050,163,5,0.18711491165849617,0
2050,163,6,0.21678623770570246,0
2050,163,8,0.41792082468663083,0
2050,163,9,0.0510121855397668,0
2050,163,15,0.010015674308057682,0
2050,163,16,0.05808589746765359,0
2050,164,1,0.010832748285939746,0
2050,164,5,0.16639591652129568,0
2050,164,6,0.014580483338053075,0
2050,164,8,0.397705892392237,0
2050,164,9,0.1704121015029925,0
2050,164,10,0.09136765628585061,0
2050,164,15,0.14870520167363135,0
2050,165,1,0.20982807502192827,0
2050,165,5,0.26398246351858395,0
2050,165,6,0.03798123781490286,0
2050,165,8,0.21768007233652018,0
2050,165,11,0.27052815130806485,0
2050,166,1,0.18190560735806027,0
2050,166,5,0.27107488830014725,0
2050,166,8,0.2442368001307236,0
2050,166,9,0.1126859923875176,0
2050,166,11,0.1900967118235512,0
2050,167,1,0.06610522221649054,0
2050,167,5,0.20529904482143027,0
2050,167,6,0.113836246743278,0
2050,167,7,0.23130735598180316,0
2050,167,8,0.3628032144382429,0
2050,167,13,0.02064891579875515,0
2050,168,3,0.028251915455422147,0
2050,168,5,0.2406003774412908,0
2050,168,7,0.4218523053477208,0
2050,168,8,0.15694640170244561,0
2050,168,10,0.1523490000531206,0
2050,169,2,0.01658403179727058,0
2050,169,3,0.17499372653795717,0
2050,169,5,0.3067557161918181,0
2050,169,6,0.10740770435396943,0
2050,169,7,0.05382940109573212,0
2050,169,8,0.10073335531912195,0
2050,169,11,0.23969606470413066,0
2050,170,5,0.29046980456435295,0
2050,170,6,0.046716663374857616,0
2050,170,7,0.024301619927547913,0
2050,170,8,0.3610200070286391,0
2050,170,9,0.05190724491514278,0
2050,170,11,0.17755904197471517,0
2050,170,15,0.048025618214744374,0
2050,171,5,0.2135828225003876,0
2050,171,8,0.7518944930687471,0
2050,171,16,0.03452268443086518,0
2050,172,5,0.05057072122405411,0
2050,172,6,0.110921249710202,0
2050,172,7,0.07096545489739964,0
2050,172,8,0.56397831165997,0
2050,172,10,0.08786593150775608,0
2050,172,15,0.0887911243678688,0
2050,172,16,0.026907206632749238,0
2050,173,5,0.1487561542014639,0
2050,173,6,0.029116646036116557,0
2050,173,8,0.5582130468677293,0
2050,173,10,0.1888608837774582,0
2050,173,16,0.07505326911723202,0
2050,174,5,0.1939917535449566,0
2050,174,7,0.10689354918318014,0
2050,174,8,0.20726047277194454,0
2050,174,9,0.19707496908501457,0
2050,174,10,0.21751318738841724,0
2050,174,11,0.07726606802648701,0
2050,175,1,0.02589709311780343,0
2050,175,4,0.13192865397715564,0
2050,175,5,0.3166341545692501,0
2050,175,6,0.05941293821810649,0
2050,175,7,0.06014019725862007,0
2050,175,8,0.06724272259016978,0
2050,175,11,0.3387442402688945,0
2050,176,1,0.126371071517637,0
2050,176,4,0.03154521442082667,0
2050,176,5,0.17043329177196978,0
2050,176,6,0.434189378896439,0
2050,176,8,0.12559894018825424,0
2050,176,11,0.09643220215119318,0
2050,176,16,0.015429901053680101,0
2050,177,1,0.02686033189825766,0
2050,177,5,0.02891139731211671,0
2050,177,6,0.4829403370949753,0
2050,177,7,0.06430838870010726,0
2050,177,8,0.33874510085288734,0
2050,177,16,0.05823444414165583,0
2050,178,5,0.04988151426502321,0
2050,178,6,0.3877412591618486,0
2050,178,8,0.40435333193036715,0
2050,178,10,0.08465610380657751,0
2050,178,15,0.04476500124901464,0
2050,178,16,0.028602789587168807,0
2050,179,5,0.143808255663819,0
2050,179,6,0.16930621924796618,0
2050,179,7,0.10347331648797532,0
2050,179,8,0.5284581492772242,0
2050,179,15,0.05495405932301545,0
2050,180,5,0.18567453251181498,0
2050,180,6,0.2677292293969517,0
2050,180,7,0.025430882037935275,0
2050,180,8,0.4827236180559591,0
2050,180,16,0.03844173799733902,0
2050,181,5,0.04071138057188892,0
2050,181,6,0.35198756500629313,0
2050,181,7,0.03653069058896551,0
2050,181,8,0.5269634539257252,0
2050,181,15,0.04380690990712731,0
2050,182,5,0.0917404917650997,0
2050,182,6,0.13980714854365742,0
2050,182,8,0.3089486264699731,0
2050,182,10,0.1735311061081192,0
2050,182,11,0.1165269994845315,0
2050,182,15,0.16944562762861917,0
2050,183,5,0.2664357773510387,0
2050,183,6,0.019123940992915818,0
2050,183,8,0.521182233987363,0
2050,183,9,0.08964294627343546,0
2050,183,11,0.10361510139524704,0
2050,184,1,0.03720174600063661,0
2050,184,5,0.08981268868752515,0
2050,184,6,0.5505788895097484,0
2050,184,7,0.06893129372138829,0
2050,184,8,0.2534753820807017,0
2050,185,6,0.584014372213137,0
2050,185,7,0.10636297320886369,0
2050,185,8,0.23187899740761136,0
2050,185,10,0.016254181120571125,0
2050,185,15,0.06148947604981697,0
2050,186,5,0.05709235281732358,0
2050,186,6,0.2523082169917093,0
2050,186,8,0.5439133451878153,0
2050,186,15,0.12722825134096877,0
2050,186,16,0.019457833662183104,0
2050,187,5,0.42470734537015714,0
2050,187,6,0.2574000415140786,0
2050,187,7,0.060181703558302185,0
2050,187,8,0.04928940827045121,0
2050,187,11,0.20842150128701084,0
2050,188,5,0.11641615064329482,0
2050,188,6,0.5732044579185284,0
2050,188,11,0.09559559970357835,0
2050,188,14,0.2147837917345985,0
2050,189,3,0.018497539251080084,0
2050,189,5,0.2276597845948707,0
2050,189,9,0.12440070985966982,0
2050,189,10,0.3907650095421028,0
2050,189,11,0.06973597697366246,0
2050,189,12,0.1689409797786142,0
2050,190,2,0.022653763650938755,0
2050,190,4,0.052643520124056,0
2050,190,5,0.2891383998067056,0
2050,190,9,0.3341108060610019,0
2050,190,11,0.3014535103572978,0
2050,191,1,0.16415704932914996,0
2050,191,2,0.034096759634004846,0
2050,191,4,0.07049937261429608,0
2050,191,5,0.08023551647495103,0
2050,191,6,0.3823009123234814,0
2050,191,11,0.2687103896241168,0
2050,192,6,1.0,0
2050,193,6,0.44393431813098594,0
2050,193,8,0.21219295856919684,0
2050,193,10,0.12714503833240687,0
2050,193,11,0.017513606502406742,0
2050,193,15,0.19921407846500358,0
2050,194,6,0.11073300464830858,0
2050,194,8,0.5171590744527049,0
2050,194,9,0.028523532975487542,0
2050,194,10,0.20395615248142746,0
2050,194,15,0.12111397776361885,0
2050,194,16,0.018514257678452675,0
2050,195,5,0.03416932571655369,0
2050,195,8,0.6040268394820553,0
2050,195,9,0.046090535710782775,0
2050,195,10,0.23216443587307242,0
2050,195,11,0.08354886321753588,0
2050,196,5,0.09332211987368988,0
2050,196,8,0.5854721662374416,0
2050,196,11,0.32120571388886854,0
2050,197,5,0.1290476332861066,0
2050,197,6,0.2870287474662643,0
2050,197,8,0.4692123909622304,0
2050,197,11,0.11471122828539876,0
2050,198,5,0.08685875497136228,0
2050,198,6,0.4622525505753152,0
2050,198,8,0.04790690332895571,0
2050,198,9,0.02877677083172068,0
2050,198,10,0.19554262077400564,0
2050,198,14,0.02713613244186374,0
2050,198,15,0.15152626707677672,0
2050,199,5,0.3130757334174542,0
2050,199,6,0.18117549578362668,0
2050,199,7,0.04534930508637935,0
2050,199,8,0.22113075290630968,0
2050,199,9,0.030801201105880263,0
2050,199,11,0.2084675117003499,0
2050,200,6,0.36270461293169215,0
2050,200,8,0.25071501550448405,0
2050,200,9,0.11675747495179886,0
2050,200,10,0.06440194861521975,0
2050,200,11,0.20542094799680521,0
2050,201,1,0.044480546037861654,0
2050,201,5,0.06090030494660062,0
2050,201,6,0.3794562663922573,0
2050,201,8,0.27438733708199026,0
2050,201,10,0.09817116520451243,0
2050,201,11,0.10793829097506716,0
2050,201,15,0.03466608936171055,0
2050,202,5,0.1899125039338069,0
2050,202,6,0.07711003321737611,0
2050,202,7,0.04669708714861143,0
2050,202,8,0.22371592181429864,0
2050,202,10,0.16399303906795132,0
2050,202,11,0.23896277287335,0
2050,202,15,0.05960864194460578,0
2050,203,1,0.013397497313183956,0
2050,203,5,0.04943780367918965,0
2050,203,6,0.5840451973066385,0
2050,203,8,0.09526011655729806,0
2050,203,11,0.25785938514368995,0
2050,204,1,0.09849845722706672,0
2050,204,5,0.12807034062962416,0
2050,204,6,0.13497114561810392,0
2050,204,8,0.38203660989838895,0
2050,204,11,0.2564234466268164,0
2050,205,1,0.08031979216668449,0
2050,205,6,0.3039064087957913,0
2050,205,8,0.3881443637363844,0
2050,205,11,0.1655638300415255,0
2050,205,13,0.0620656052596143,0
2050,206,5,0.16982108658983658,0
2050,206,9,0.15706742970413826,0
2050,206,10,0.4306082635920584,0
2050,206,11,0.22746652501223777,0
2050,206,12,0.015036695101729034,0
2050,207,1,0.11987750684968869,0
2050,207,2,0.14963870825926176,0
2050,207,5,0.13795308902986694,0
2050,207,6,0.16952674011886582,0
2050,207,9,0.03941892258718427,0
2050,207,10,0.08786513328698052,0
2050,207,11,0.17721520679344616,0
2050,207,14,0.11850469307470583,0
2050,208,3,0.07994376009571114,0
2050,208,6,0.16406414275169418,0
2050,208,10,0.6552770202315152,0
2050,208,14,0.10071507692107949,0
2050,209,10,1.0,0
2050,210,5,0.03439177489370878,0
2050,210,7,0.02186784986082058,0
2050,210,10,0.6099932853089702,0
2050,210,11,0.26366891312056845,0
2050,210,14,0.07007817681593202,0
2050,211,1,0.06907409715349092,0
2050,211,2,0.05254923942912623,0
2050,211,4,0.0331074917199023,0
2050,211,5,0.02145380232376893,0
2050,211,7,0.037053417215232025,0
2050,211,8,0.18693019440208097,0
2050,211,9,0.06659252355838872,0
2050,211,10,0.24004019477637495,0
2050,211,11,0.29319903942163483,0
2050,212,1,0.1552683932004257,0
2050,212,2,0.04956665726572524,0
2050,212,4,0.01905185450608539,0
2050,212,6,0.18368463258830134,0
2050,212,8,0.2862388288718624,0
2050,212,10,0.0782360348458438,0
2050,212,11,0.2279535987217559,0
2050,213,1,0.0835812890020777,0
2050,213,2,0.024030707305008885,0
2050,213,4,0.09043403678032882,0
2050,213,6,0.29609572910294485,0
2050,213,8,0.5058582378096398,0
2050,214,1,0.025896247823791244,0
2050,214,6,0.43133783476033954,0
2050,214,7,0.036855474830020295,0
2050,214,8,0.4582661213670537,0
2050,214,16,0.04764432121879522,0
2050,215,3,0.012373267768582392,0
2050,215,6,0.15777778370650022,0
2050,215,7,0.09897558640356911,0
2050,215,8,0.4950998353612912,0
2050,215,10,0.16361163366591563,0
2050,215,14,0.0386390703320272,0
2050,215,15,0.0335228227621143,0
2050,216,6,0.09626208814613833,0
2050,216,7,0.05189122773347486,0
2050,216,8,0.5346433274390324,0
2050,216,10,0.23642845520807407,0
2050,216,14,0.08077490147328024,0
2050,217,1,0.053360290745278115,0
2050,217,4,0.043033892610409824,0
2050,217,6,0.2990740965758843,0
2050,217,7,0.09486856021830796,0
2050,217,8,0.461469678300537,0
2050,217,11,0.04819348154958281,0
2050,218,1,0.06306190611215651,0
2050,218,6,0.02239692387202254,0
2050,218,8,0.7929755260616133,0
2050,218,11,0.05836591938320816,0
2050,218,16,0.06319972457099948,0
2050,219,4,0.06600350983546352,0
2050,219,6,0.11497454860712852,0
2050,219,8,0.6450639020367519,0
2050,219,11,0.07851960028116267,0
2050,219,16,0.09543843923949344,0
2050,220,2,0.08331025950323154,0
2050,220,6,0.24164861916463093,0
2050,220,8,0.6183159848961477,0
2050,220,13,0.056725136435989816,0
2050,221,6,0.08164204313680196,0
2050,221,7,0.0738887282599975,0
2050,221,8,0.8060659050007699,0
2050,221,13,0.038403323602430546,0
2050,222,8,1.0,0
2050,223,7,0.049066205336477084,0
2050,223,8,0.856002877267908,0
2050,223,11,0.09493091739561484,0
2050,224,1,0.02775299537770916,0
2050,224,7,0.04245953635347096,0
2050,224,8,0.6066787696684715,0
2050,224,10,0.11962967777166542,0
2050,224,11,0.09918734793521383,0
2050,224,15,0.10429167289346916,0
2050,225,6,0.15651622705738158,0
2050,225,8,0.17503537784872503,0
2050,225,9,0.07981293286751273,0
2050,225,10,0.18955342016665386,0
2050,225,11,0.2514673476109258,0
2050,225,13,0.04578757617097414,0
2050,225,15,0.10182711827782677,0
2050,226,5,0.06902746802078091,0
2050,226,7,0.03777118013961043,0
2050,226,8,0.3925835995694415,0
2050,226,9,0.08652710731191883,0
2050,226,10,0.05388544920734228,0
2050,226,11,0.36020519575090615,0
2050,227,1,0.03849746872518177,0
2050,227,5,0.015020662612975542,0
2050,227,6,0.10513301657757741,0
2050,227,7,0.020939681565863195,0
2050,227,8,0.42018171003759475,0
2050,227,10,0.024957164727153414,0
2050,227,11,0.3581639973823806,0
2050,227,15,0.017106298371273334,0
2050,228,1,0.0381671911815496,0
2050,228,6,0.09677115778484469,0
2050,228,8,0.2242030815796098,0
2050,228,11,0.5798568183332771,0
2050,228,16,0.06100175112071876,0
2050,229,11,1.0,0
2050,230,5,0.06965198675999525,0
2050,230,8,0.10510494587197261,0
2050,230,10,0.06527537097750083,0
2050,230,11,0.7599676963905313,0
2050,231,6,0.09841458309392945,0
2050,231,7,0.06859051617183112,0
2050,231,8,0.48682279047455657,0
2050,231,11,0.3461721102596828,0
2050,232,6,0.1470905161983502,0
2050,232,7,0.11799220353785113,0
2050,232,8,0.588958427708788,0
2050,232,11,0.09109060027438573,0
2050,232,13,0.054868252280624814,0
2050,233,2,0.02606689390734661,0
2050,233,6,0.1196681775493689,0
2050,233,7,0.19555419703830493,0
2050,233,8,0.6587107315049796,0
2050,234,4,0.0385785318074561,0
2050,234,6,0.08022405138773081,0
2050,234,8,0.4193485379506262,0
2050,234,11,0.30208063289437825,0
2050,234,15,0.15976824595980854,0
2050,235,5,0.0625076195616947,0
2050,235,8,0.1548348706693242,0
2050,235,9,0.1445504761502413,0
2050,235,10,0.23477630905125801,0
2050,235,11,0.28245308116430384,0
2050,235,14,0.05555215449214999,0
2050,235,15,0.06532548891102793,0
2050,236,2,0.026797420721640198,0
2050,236,4,0.10487272822056919,0
2050,236,6,0.26500441419993565,0
2050,236,8,0.04764332717330749,0
2050,236,9,0.38213437665885114,0
2050,236,10,0.016448562502747763,0
2050,236,11,0.12911701746703771,0
2050,236,12,0.027982153055910907,0
2050,237,5,0.09103412335927576,0
2050,237,6,0.04575335104745739,0
2050,237,7,0.01014230645470296,0
2050,237,9,0.19134638962660883,0
2050,237,10,0.3085312807783598,0
2050,237,11,0.15665272987143372,0
2050,237,14,0.19653981886216154,0
2050,238,5,0.020843234270069094,0
2050,238,6,0.09717047256486354,0
2050,238,7,0.05686306169785908,0
2050,238,9,0.1317554727463587,0
2050,238,10,0.26475297498727146,0
2050,238,11,0.08568662085124487,0
2050,238,14,0.17202148149314375,0
2050,238,15,0.1709066813891895,0
2050,239,5,0.1368063644662293,0
2050,239,6,0.18805139179161726,0
2050,239,7,0.05897197967212159,0
2050,239,8,0.02176538567925547,0
2050,239,9,0.20811344886091218,0
2050,239,10,0.07745888019378748,0
2050,239,11,0.08710895029313281,0
2050,239,14,0.1285306204826443,0
2050,239,15,0.0931929785602996,0
2050,240,1,0.08291741336652333,0
2050,240,2,0.06618744402967117,0
2050,240,5,0.06515539787988305,0
2050,240,6,0.25474224233330167,0
2050,240,7,0.19412975238044025,0
2050,240,8,0.12883631697371342,0
2050,240,11,0.1025662245594395,0
2050,240,14,0.10546520847702752,0
2050,241,1,0.08191025386088398,0
2050,241,2,0.017008408560916354,0
2050,241,4,0.08371007063136726,0
2050,241,6,0.4387389103378391,0
2050,241,7,0.078327240273119,0
2050,241,8,0.15384990867005696,0
2050,241,11,0.10029877384846395,0
2050,241,14,0.046156433817353355,0
2050,242,1,0.010655017607195935,0
2050,242,4,0.07647235958072005,0
2050,242,6,0.1079814618791201,0
2050,242,8,0.5419202297065874,0
2050,242,11,0.04397465906411317,0
2050,242,15,0.07018744812096407,0
2050,242,16,0.14880882404129928,0
2050,243,8,0.4858408906570199,0
2050,243,9,0.11801371862306319,0
2050,243,10,0.04796799264970484,0
2050,243,11,0.15020606305737919,0
2050,243,15,0.10785384367091244,0
2050,243,16,0.09011749134192039,0
2050,244,6,0.1317927610097789,0
2050,244,7,0.18178835580628167,0
2050,244,8,0.1241690032103237,0
2050,244,9,0.23446549371322536,0
2050,244,10,0.07445017213171429,0
2050,244,11,0.233251372632464,0
2050,244,14,0.020082841496212225,0
2050,245,1,0.020110346281566657,0
2050,245,2,0.013660071742379435,0
2050,245,4,0.032529314337143504,0
2050,245,5,0.12792867043156078,0
2050,245,6,0.02867435687926801,0
2050,245,7,0.2574914653524112,0
2050,245,8,0.05291004253902155,0
2050,245,9,0.030780498408011864,0
2050,245,11,0.4359152340286369,0
2050,246,6,0.03045944129565309,0
2050,246,7,0.1505490449393775,0
2050,246,8,0.37626847680693337,0
2050,246,11,0.14998640115464293,0
2050,246,13,0.03675226989843697,0
2050,246,15,0.25598436590495616,0
2050,247,6,0.11944623368587223,0
2050,247,7,0.10105270591080662,0
2050,247,8,0.13772123245238288,0
2050,247,10,0.220144763668243,0
2050,247,15,0.40173284873081555,0
2050,247,16,0.019902215551879775,0
2050,248,3,0.08465849629121128,0
2050,248,7,0.09813950993119702,0
2050,248,9,0.07224924870032579,0
2050,248,10,0.09281988508034122,0
2050,248,11,0.4762673190802043,0
2050,248,12,0.05779446851430232,0
2050,248,14,0.011026508979266447,0
2050,248,15,0.10704456342315154,0
2050,249,3,0.025972909660512005,0
2050,249,4,0.01191531472230366,0
2050,249,8,0.08467794927018679,0
2050,249,9,0.274258619867916,0
2050,249,10,0.10603104676686542,0
2050,249,11,0.364866095940338,0
2050,249,12,0.11102210161796827,0
2050,249,16,0.021255962153909867,0
2050,250,4,0.052004413107257993,0
2050,250,5,0.08242889143178675,0
2050,250,6,0.08462218745271377,0
2050,250,9,0.32218945393406817,0
2050,250,11,0.3164245315965749,0
2050,250,12,0.03820347734512801,0
2050,250,16,0.1041270451324704,0
2050,251,4,0.16364316490474912,0
2050,251,6,0.493071771929711,0
2050,251,7,0.11347184038951831,0
2050,251,11,0.22981322277602154,0
2050,252,6,0.2700985516560013,0
2050,252,7,0.1914365955774674,0
2050,252,8,0.4285740186246071,0
2050,252,10,0.03374013712836695,0
2050,252,15,0.07615069701355724,0
2050,253,3,0.17322351690273383,0
2050,253,7,0.1038707659781366,0
2050,253,8,0.5756964065020524,0
2050,253,10,0.11634340124113979,0
2050,253,12,0.016108004865449155,0
2050,253,16,0.014757904510488343,0
2050,254,6,0.03627167591765647,0
2050,254,7,0.1592404237572276,0
2050,254,8,0.3525272719751553,0
2050,254,11,0.29844064853306546,0
2050,254,12,0.15351997981689508,0
2050,255,2,0.096199727616175,0
2050,255,6,0.19892010029005827,0
2050,255,7,0.07039814513029652,0
2050,255,8,0.05686060483289767,0
2050,255,11,0.29400936592431914,0
2050,255,12,0.14285164664438102,0
2050,255,14,0.14076040956187233,0
2050,256,2,0.21602619343862808,0
2050,256,4,0.11257135727900676,0
2050,256,6,0.130483891484412,0
2050,256,8,0.1322314946871521,0
2050,256,9,0.1892907549469683,0
2050,256,11,0.194651175635891,0
2050,256,12,0.02474513252794167,0
2050,257,1,0.025925034697610684,0
2050,257,2,0.10068152697468005,0
2050,257,3,0.040130805263527254,0
2050,257,4,0.0587847370884855,0
2050,257,6,0.08158512285761374,0
2050,257,9,0.5022540567866955,0
2050,257,11,0.06301828429140029,0
2050,257,12,0.12762043203998685,0
2050,258,2,0.07278595641020147,0
2050,258,9,0.4548312748949098,0
2050,258,10,0.1382529144980271,0
2050,258,11,0.08011120449615397,0
2050,258,13,0.03914642497613535,0
2050,258,14,0.2148722247245722,0
2050,259,9,0.5428420985913051,0
2050,259,10,0.20331432853145492,0
2050,259,13,0.18659062040790553,0
2050,259,15,0.06725295246933453,0
2050,260,9,1.0,0
2050,261,1,0.0807425481981521,0
2050,261,2,0.04184848563098916,0
2050,261,4,0.14871232970823206,0
2050,261,6,0.15958257324204167,0
2050,261,9,0.1797485666365995,0
2050,261,11,0.1819693849561586,0
2050,261,14,0.207396111627827,0
2050,262,1,0.133208896988939,0
2050,262,2,0.1379569036829706,0
2050,262,6,0.181032767258467,0
2050,262,7,0.04971272832699702,0
2050,262,9,0.20027255622522486,0
2050,262,11,0.13707386011993264,0
2050,262,13,0.05067651552338951,0
2050,262,16,0.11006577187407934,0
2050,263,7,0.15936555419617465,0
2050,263,8,0.43292324466656007,0
2050,263,9,0.24092283034550233,0
2050,263,13,0.07078070085317908,0
2050,263,16,0.09600766993858391,0
2050,264,7,0.14519121889159525,0
2050,264,8,0.3537479003366279,0
2050,264,9,0.10074287955029347,0
2050,264,10,0.010098812424059096,0
2050,264,13,0.07963812751636887,0
2050,264,15,0.17998263852460325,0
2050,264,16,0.13059842275645214,0
2050,265,4,0.15817696008570978,0
2050,265,7,0.040412646475852194,0
2050,265,8,0.3462326205482172,0
2050,265,9,0.07849168845474655,0
2050,265,10,0.20206563486009227,0
2050,265,12,0.08753026268118885,0
2050,265,13,0.0345897730768554,0
2050,265,15,0.05250041381733774,0
2050,266,6,0.2588365562906052,0
2050,266,7,0.2918182864552077,0
2050,266,8,0.04394135667986501,0
2050,266,9,0.07410064067154698,0
2050,266,10,0.17391527942331858,0
2050,266,13,0.15738788047945662,0
2050,267,3,0.04681710702367469,0
2050,267,7,0.3915507459017898,0
2050,267,8,0.09704508834986483,0
2050,267,9,0.3140764468226959,0
2050,267,10,0.10677924186018642,0
2050,267,15,0.04373137004178824,0
2050,268,1,0.07843876661432754,0
2050,268,7,0.2035483234216785,0
2050,268,8,0.2816664057398385,0
2050,268,9,0.21965430335780406,0
2050,268,11,0.070761218043821,0
2050,268,16,0.14593098282253028,0
2050,269,1,0.14235831052998227,0
2050,269,3,0.030307842811494207,0
2050,269,7,0.1900009254940598,0
2050,269,8,0.3336732420890005,0
2050,269,9,0.188712749337712,0
2050,269,16,0.1149469297377512,0
2050,270,1,0.1095734860802083,0
2050,270,3,0.13631139924175958,0
2050,270,6,0.13783309949497255,0
2050,270,7,0.17327589641345556,0
2050,270,8,0.1785866653095791,0
2050,270,9,0.23708734117276886,0
2050,270,10,0.02733211228725604,0
2050,271,2,0.17637200013249185,0
2050,271,3,0.2772459328219922,0
2050,271,4,0.026770924763472648,0
2050,271,6,0.20500497362522063,0
2050,271,7,0.01143871891604785,0
2050,271,8,0.18453122837120112,0
2050,271,9,0.11863622136957372,0
2050,272,3,0.2451784158380726,0
2050,272,4,0.08233306121174157,0
2050,272,7,0.21363685127608906,0
2050,272,8,0.2272469890318108,0
2050,272,9,0.10853352613032821,0
2050,272,10,0.12307115651195766,0
2050,273,3,0.18332954586506478,0
2050,273,4,0.2214346708884634,0
2050,273,7,0.15081675269467595,0
2050,273,8,0.13703747207667674,0
2050,273,9,0.179178183936778,0
2050,273,10,0.12820337453834102,0
2050,274,1,0.11815692976322281,0
2050,274,2,0.04511342896832904,0
2050,274,4,0.3332370412108322,0
2050,274,6,0.12954126647682807,0
2050,274,7,0.0895630164396132,0
2050,274,9,0.20689190551501532,0
2050,274,12,0.07749641162615932,0
2050,275,1,0.09638083216638925,0
2050,275,2,0.0713132186947257,0
2050,275,4,0.42870390439138717,0
2050,275,6,0.15379675194453798,0
2050,275,9,0.14599920579606745,0
2050,275,11,0.10380608700689244,0
2050,276,4,0.20251569853971385,0
2050,276,8,0.4188415262601155,0
2050,276,9,0.0653895313316236,0
2050,276,13,0.0302159135618706,0
2050,276,16,0.28303733030667644,0
2050,277,6,0.11929481503035827,0
2050,277,7,0.0946887554450834,0
2050,277,8,0.28889287943538283,0
2050,277,9,0.033103599535774374,0
2050,277,13,0.3093113050884851,0
2050,277,16,0.15470864546491608,0
2050,278,2,0.13697117273674617,0
2050,278,6,0.05659449005977531,0
2050,278,7,0.15728589541876528,0
2050,278,8,0.07285446492656347,0
2050,278,10,0.10823389075261507,0
2050,278,13,0.09057919779302945,0
2050,278,15,0.37748088831250526,0
2050,279,4,0.08179953364397573,0
2050,279,5,0.04113862278192052,0
2050,279,7,0.12588448186694606,0
2050,279,9,0.03139389097866473,0
2050,279,10,0.05825015613375328,0
2050,279,11,0.28222789398715453,0
2050,279,13,0.09462696590384036,0
2050,279,14,0.2846784547037447,0
2050,280,1,0.06885033736490159,0
2050,280,3,0.1141019859708988,0
2050,280,4,0.03830913128348023,0
2050,280,7,0.13635319271892013,0
2050,280,10,0.16858442310261537,0
2050,280,11,0.36006024439957945,0
2050,280,14,0.11374068515960446,0
2050,281,4,0.1243352603191355,0
2050,281,5,0.04749043052115299,0
2050,281,7,0.2401836278413329,0
2050,281,8,0.27029364555044205,0
2050,281,11,0.16586188284034406,0
2050,281,16,0.15183515292759237,0
2050,282,5,0.022570321800863512,0
2050,282,7,0.2550889948193735,0
2050,282,8,0.4069576765114607,0
2050,282,13,0.10763709913947249,0
2050,282,16,0.2077459077288298,0
2050,283,4,0.028524711339835484,0
2050,283,7,0.23731735091902775,0
2050,283,8,0.1356852474890876,0
2050,283,9,0.13600153069742255,0
2050,283,10,0.12111717584670638,0
2050,283,13,0.24784207999127292,0
2050,283,16,0.0935119037166472,0
2050,284,3,0.09453336687874637,0
2050,284,4,0.1657934803574393,0
2050,284,7,0.12147834698642672,0
2050,284,8,0.0651501244720588,0
2050,284,9,0.2682815433645497,0
2050,284,10,0.1316063050501254,0
2050,284,13,0.05656770077924798,0
2050,284,16,0.09658913211140584,0
2050,285,4,0.17342042179314487,0
2050,285,5,0.04284939151155897,0
2050,285,7,0.18876143335209597,0
2050,285,8,0.3018384976205936,0
2050,285,11,0.11457051190641344,0
2050,285,13,0.0707908853562131,0
2050,285,16,0.10776885845998006,0
2050,286,4,0.045581682046130174,0
2050,286,7,0.3895650695190902,0
2050,286,8,0.011057433680974829,0
2050,286,9,0.04358334915959075,0
2050,286,11,0.3390365754255832,0
2050,286,13,0.12492709770762501,0
2050,286,15,0.04624879246100588,0
2050,287,4,0.02134038734988132,0
2050,287,7,0.48575933309448405,0
2050,287,8,0.02760639917792137,0
2050,287,9,0.21404058937145426,0
2050,287,11,0.18334937516458022,0
2050,287,13,0.06790391584167878,0
2050,288,3,0.0316730981298925,0
2050,288,4,0.22088611881621062,0
2050,288,7,0.22074918461184137,0
2050,288,9,0.19341281454539253,0
2050,288,11,0.3126273633778642,0
2050,288,16,0.02065142051879887,0
2050,289,1,0.10420053190173309,0
2050,289,2,0.014989676447543569,0
2050,289,4,0.09279536699586995,0
2050,289,7,0.21647180274843067,0
2050,289,9,0.04070499560492832,0
2050,289,11,0.38112629561165534,0
2050,289,16,0.14971133068983908,0
2050,290,7,0.2022265913671985,0
2050,290,8,0.1889504097640089,0
2050,290,11,0.09847464294466107,0
2050,290,13,0.18235845619173077,0
2050,290,15,0.05519698176610979,0
2050,290,16,0.27279291796629096,0
2050,291,5,0.01739345271386457,0
2050,291,7,0.05935268367825422,0
2050,291,8,0.24542045750253336,0
2050,291,11,0.10473334475147728,0
2050,291,13,0.11011678021088989,0
2050,291,15,0.09971478486786753,0
2050,291,16,0.36326849627511315,0
2050,292,7,0.11823950921127979,0
2050,292,8,0.3378059047345652,0
2050,292,9,0.011808724462106217,0
2050,292,11,0.022921198880486816,0
2050,292,13,0.17303600315578477,0
2050,292,16,0.33618865955577726,0
2050,293,7,0.3921501029259158,0
2050,293,8,0.32293684754821905,0
2050,293,13,0.22138943043857154,0
2050,293,16,0.06352361908729376,0
2050,294,7,1.0,0
2050,295,2,0.1433628556983838,0
2050,295,3,0.02712626068508195,0
2050,295,5,0.03549986513875522,0
2050,295,7,0.34484157394852066,0
2050,295,9,0.1851138254131376,0
2050,295,11,0.036513828032268734,0
2050,295,12,0.14162358416224533,0
2050,295,14,0.08591820692160666,0
2050,296,1,0.018383183374067604,0
2050,296,2,0.18058482752524446,0
2050,296,4,0.20953072700877387,0
2050,296,6,0.0819266627671238,0
2050,296,7,0.17820785134835782,0
2050,296,11,0.19096029465666703,0
2050,296,12,0.14040645331976542,0
2050,297,4,0.06108306637987783,0
2050,297,7,0.4721144551628922,0
2050,297,8,0.120676212989778,0
2050,297,11,0.011482218239912136,0
2050,297,12,0.03934689685894006,0
2050,297,14,0.09745899424618779,0
2050,297,15,0.11812204117554433,0
2050,297,16,0.07971611494686771,0
2050,298,2,0.05739964227373284,0
2050,298,4,0.09556847587169279,0
2050,298,5,0.19558213892562185,0
2050,298,6,0.14196408811510638,0
2050,298,7,0.22659124325537291,0
2050,298,12,0.021465749658397124,0
2050,298,14,0.16076551944395756,0
2050,298,16,0.10066314245611852,0
2050,299,2,0.12115639138444179,0
2050,299,3,0.025805125942242765,0
2050,299,6,0.34397757553719466,0
2050,299,7,0.21984339964920352,0
2050,299,14,0.1670214105827318,0
2050,299,15,0.12219609690418545,0
2050,300,2,0.0913901989040238,0
2050,300,4,0.048038589859227813,0
2050,300,6,0.19303531323225065,0
2050,300,7,0.30800636418134425,0
2050,300,9,0.08386252971604446,0
2050,300,13,0.06900660786640393,0
2050,300,14,0.03708800987959892,0
2050,300,15,0.16957238636110628,0
2050,301,4,0.05517022486995897,0
2050,301,5,0.13299897222378043,0
2050,301,7,0.3227353660631036,0
2050,301,9,0.10483766961830938,0
2050,301,11,0.11600031026210379,0
2050,301,13,0.21734046518286998,0
2050,301,15,0.05091699177987395,0
2050,302,2,0.13146684186616792,0
2050,302,4,0.012032885964140035,0
2050,302,6,0.11280908289205982,0
2050,302,7,0.11045453473604142,0
2050,302,8,0.056557779262475495,0
2050,302,13,0.19924893974266183,0
2050,302,15,0.3301315191477475,0
2050,302,16,0.047298416388705924,0
2050,303,2,0.13546037069596154,0
2050,303,7,0.30959536338798593,0
2050,303,8,0.040133457815074276,0
2050,303,15,0.5148108081009783,0
2050,304,2,0.1728813036300179,0
2050,304,4,0.2819139793789443,0
2050,304,7,0.3651688121535374,0
2050,304,9,0.058465553398988526,0
2050,304,12,0.1215703514385119,0
2050,305,2,0.3632101804216928,0
2050,305,4,0.37025447749088625,0
2050,305,6,0.1370111464749053,0
2050,305,7,0.052103013004982504,0
2050,305,13,0.07742118260753328,0
2050,306,1,0.06318893069452292,0
2050,306,2,0.28590854030440993,0
2050,306,4,0.20198003786025615,0
2050,306,6,0.16073049830927616,0
2050,306,13,0.03772433689905191,0
2050,306,15,0.25046765593248294,0
2050,307,1,0.017038235431146024,0
2050,307,4,0.23080847395854673,0
2050,307,6,0.01965537393147988,0
2050,307,7,0.010582576291011047,0
2050,307,8,0.08601202191218187,0
2050,307,13,0.08922165601042376,0
2050,307,15,0.5466816624652107,0
2050,308,4,0.06267498409969233,0
2050,308,8,0.019416315041193732,0
2050,308,9,0.0896102760497882,0
2050,308,13,0.05631693115253974,0
2050,308,15,0.771981493656786,0
2050,309,15,1.0,0
2050,310,10,0.06418310542641342,0
2050,310,12,0.02089909437065614,0
2050,310,14,0.14133263907385538,0
2050,310,15,0.773585161129075,0
2050,311,5,0.047689140570502976,0
2050,311,7,0.01149315575561918,0
2050,311,9,0.10615448758050244,0
2050,311,11,0.07659680700426877,0
2050,311,12,0.08716664685529674,0
2050,311,14,0.3449389243974415,0
2050,311,15,0.3259608378363684,0
2050,312,2,0.13419845322298907,0
2050,312,6,0.14371570561016336,0
2050,312,11,0.08825083108461228,0
2050,312,12,0.10785065431709481,0
2050,312,14,0.33492492929757084,0
2050,312,15,0.19105942646756963,0
2050,313,5,0.016855461276962518,0
2050,313,7,0.05163650730043395,0
2050,313,9,0.05247886571741009,0
2050,313,10,0.030515543523814474,0
2050,313,11,0.035737486910704795,0
2050,313,12,0.5255981974876675,0
2050,313,14,0.23259242810090353,0
2050,313,15,0.05458550968210314,0
2050,314,3,0.25768028200391724,0
2050,314,7,0.01942746419059053,0
2050,314,11,0.2493305898710556,0
2050,314,12,0.2871323534579377,0
2050,314,14,0.18642931047649897,0
2050,315,1,0.05254702297998306,0
2050,315,7,0.20769270303760512,0
2050,315,11,0.21338213428987576,0
2050,315,12,0.24357121308345614,0
2050,315,14,0.28280692660907997,0
2050,316,1,0.030330465483105654,0
2050,316,5,0.030927588022512425,0
2050,316,7,0.029763642626969813,0
2050,316,11,0.2455763845149869,0
2050,316,12,0.2529474801922673,0
2050,316,14,0.15000866875746732,0
2050,316,15,0.2604457704026906,0
2050,317,5,0.04413418420009687,0
2050,317,7,0.044384594695580426,0
2050,317,11,0.01715374427978059,0
2050,317,12,0.24542905761018022,0
2050,317,14,0.4319746255128566,0
2050,317,15,0.2169237937015053,0
2050,318,3,0.18580644307682273,0
2050,318,11,0.1825492264214954,0
2050,318,12,0.44716773617335603,0
2050,318,14,0.1844765943283259,0
2050,319,3,0.2403249372958912,0
2050,319,6,0.037841495657450507,0
2050,319,10,0.19407805245982565,0
2050,319,12,0.24755252712198056,0
2050,319,15,0.26628858955605733,0
2050,319,16,0.013914397908794758,0
2050,320,7,0.12450713778135045,0
2050,320,10,0.05592342091449278,0
2050,320,12,0.5184447190153589,0
2050,320,15,0.3011247222887979,0
2050,321,3,0.21736016883652376,0
2050,321,7,0.0472078450228307,0
2050,321,9,0.05764074809496983,0
2050,321,10,0.11187389726233754,0
2050,321,12,0.1290184945043614,0
2050,321,14,0.30471147907658996,0
2050,321,15,0.1321873672023869,0
2050,322,3,0.27324205015412484,0
2050,322,10,0.18609662102611474,0
2050,322,11,0.07685778470330168,0
2050,322,12,0.4437289902437975,0
2050,322,15,0.020074553872661213,0
2050,323,3,0.13370303735245453,0
2050,323,9,0.026680645196078212,0
2050,323,10,0.14787102359280432,0
2050,323,11,0.11014881755273563,0
2050,323,12,0.5371230705163527,0
2050,323,15,0.044473405789574635,0
2050,324,3,0.23105630147021014,0
2050,324,6,0.13051034995808256,0
2050,324,7,0.16633380427496064,0
2050,324,12,0.35879587538477625,0
2050,324,13,0.020500058709301085,0
2050,324,16,0.09280361020266929,0
2050,325,2,0.2700872288984783,0
2050,325,3,0.11862948210700247,0
2050,325,7,0.19567405686737174,0
2050,325,9,0.02580345835176915,0
2050,325,12,0.1833230343456973,0
2050,325,13,0.14751687682453615,0
2050,325,15,0.058965862605144886,0
2050,326,2,0.10824340498686788,0
2050,326,3,0.05466820115322174,0
2050,326,4,0.09069985793726328,0
2050,326,12,0.27070448844508277,0
2050,326,13,0.18864714885251846,0
2050,326,15,0.20507495989917926,0
2050,326,16,0.08196193872586653,0
2050,327,2,0.039164509123612946,0
2050,327,7,0.05454592431890914,0
2050,327,8,0.07775751299328702,0
2050,327,12,0.0744312993763598,0
2050,327,13,0.25924211973550626,0
2050,327,15,0.3219890513510223,0
2050,327,16,0.17286958310130265,0
2050,328,2,0.06640884825334763,0
2050,328,7,0.17314773011119053,0
2050,328,11,0.021783638278688674,0
2050,328,12,0.209230860269087,0
2050,328,14,0.4434898069479053,0
2050,328,15,0.08593911613978089,0
2050,329,2,0.31025012103663413,0
2050,329,6,0.1158963352059395,0
2050,329,7,0.028709534397872723,0
2050,329,12,0.1842807862213095,0
2050,329,13,0.09494883716198882,0
2050,329,14,0.26591438597625544,0
2050,330,2,0.476263267576117,0
2050,330,7,0.06754233736982791,0
2050,330,8,0.02266739433069298,0
2050,330,9,0.03954370087912409,0
2050,330,12,0.11312817063493628,0
2050,330,13,0.15865451073304856,0
2050,330,15,0.014102045983967,0
2050,330,16,0.10809857249228631,0
2050,331,2,0.41846285797424787,0
2050,331,7,0.06895360012944231,0
2050,331,9,0.020461277863414416,0
2050,331,12,0.265276709851608,0
2050,331,14,0.22684555418128743,0
2050,332,2,0.11795252274866602,0
2050,332,6,0.011622494135194464,0
2050,332,12,0.5650185976192037,0
2050,332,14,0.30540638549693583,0
2050,333,12,1.0,0
2050,334,1,0.01058074095898009,0
2050,334,3,0.08254071232782273,0
2050,334,4,0.01839204150634549,0
2050,334,9,0.14687538531837482,0
2050,334,12,0.7216918158085169,0
2050,334,14,0.019919304079959864,0
2050,335,1,0.11235047236249232,0
2050,335,3,0.1124116445807085,0
2050,335,4,0.11781725119633592,0
2050,335,12,0.6264639438105094,0
2050,335,14,0.03095668804995392,0
2050,336,1,0.0189477794765655,0
2050,336,4,0.06117239839387722,0
2050,336,7,0.13445735421885108,0
2050,336,11,0.09667778818684837,0
2050,336,12,0.2031885578117908,0
2050,336,14,0.33086339081510685,0
2050,336,15,0.15469273109696022,0
2050,337,1,0.03911999252143741,0
2050,337,12,0.05949496302353374,0
2050,337,13,0.03368830147740291,0
2050,337,14,0.5929268102386257,0
2050,337,15,0.17499455860715601,0
2050,337,16,0.09977537413184422,0
2050,338,5,0.0636030297947238,0
2050,338,12,0.3116335007755746,0
2050,338,14,0.6032044754665626,0
2050,338,16,0.021558993963138963,0
2050,339,1,0.01606540194845015,0
2050,339,12,0.17913138503894355,0
2050,339,14,0.8048032130126063,0
2050,340,1,0.043749935528282345,0
2050,340,9,0.010514080342373352,0
2050,340,12,0.23394332876108298,0
2050,340,14,0.7117926553682613,0
2050,341,2,0.1796936052772444,0
2050,341,6,0.1301845215917523,0
2050,341,13,0.07145024809232474,0
2050,341,14,0.6075059457056359,0
2050,341,16,0.01116567933304269,0
2050,342,7,0.1564541907268445,0
2050,342,12,0.03509519447036725,0
2050,342,14,0.6223118890105296,0
2050,342,15,0.18613872579225882,0
2050,343,2,0.033046960360004755,0
2050,343,4,0.04916977339418127,0
2050,343,12,0.06573576661898756,0
2050,343,13,0.05269365642049301,0
2050,343,14,0.7993538432063334,0
2050,344,1,0.02377704814360513,0
2050,344,2,0.1494303960465407,0
2050,344,12,0.17873836625118594,0
2050,344,14,0.6480541895586683,0
2050,345,3,0.02895839000798498,0
2050,345,4,0.016896035155046122,0
2050,345,11,0.03000176291388188,0
2050,345,12,0.3204173088306638,0
2050,345,14,0.5705938882770503,0
2050,345,16,0.03313261481537289,0
2050,346,4,0.10615403350129479,0
2050,346,11,0.12146860224152622,0
2050,346,12,0.2513280669167917,0
2050,346,13,0.025338675406452384,0
2050,346,14,0.3438592554518111,0
2050,346,16,0.1518513664821238,0
2050,347,4,0.09054356379462362,0
2050,347,5,0.060102685501132944,0
2050,347,8,0.04480684883487769,0
2050,347,12,0.15485904197323022,0
2050,347,13,0.2233596323691887,0
2050,347,14,0.08050170122215794,0
2050,347,15,0.16024897140939862,0
2050,347,16,0.18557755489539038,0
2050,348,2,0.0788775919198845,0
2050,348,6,0.11361510276597411,0
2050,348,13,0.19433022525924962,0
2050,348,14,0.2326441940133213,0
2050,348,15,0.1675349105601835,0
2050,348,16,0.21299797548138705,0
2050,349,6,0.014265067229552217,0
2050,349,7,0.061290149024398714,0
2050,349,13,0.2760390781264388,0
2050,349,14,0.20832721708036234,0
2050,349,15,0.4177060808226809,0
2050,349,16,0.02237240771656714,0
2050,350,7,0.053149968134530684,0
2050,350,13,0.05474280743391713,0
2050,350,14,0.6233357010763557,0
2050,350,15,0.26877152335519655,0
2050,351,12,0.3096249496181854,0
2050,351,13,0.03164751114427222,0
2050,351,14,0.3567795228152709,0
2050,351,15,0.3019480164222714,0
2050,352,5,0.05621467826551002,0
2050,352,12,0.1817572573987337,0
2050,352,14,0.6714499936689952,0
2050,352,15,0.09057807066676116,0
2050,353,11,0.018883345217342595,0
2050,353,13,0.0506515359417956,0
2050,353,14,0.8970485967503847,0
2050,353,15,0.0334165220904771,0
2050,354,12,0.16777765584483095,0
2050,354,14,0.8322223441551689,0
2050,355,12,0.27517077727241845,0
2050,355,14,0.7248292227275817,0
2050,356,12,0.35378950514100704,0
2050,356,14,0.646210494858993,0
2050,357,4,0.044232418547360666,0
2050,357,5,0.014329738530133168,0
2050,357,12,0.13581734630080491,0
2050,357,14,0.8056204966217012,0
2050,358,14,1.0,0
2050,359,4,0.07705283318650342,0
2050,359,11,0.07928513744114235,0
2050,359,12,0.07695600009638037,0
2050,359,14,0.7667060292759738,0
2050,360,2,0.10997416961509414,0
2050,360,3,0.03137011361409528,0
2050,360,10,0.1069826324547415,0
2050,360,12,0.05537249453975388,0
2050,360,13,0.10531183101643524,0
2050,360,14,0.5423243181916576,0
2050,360,15,0.014381884256605824,0
2050,360,16,0.03428255631161663,0
2050,361,10,0.11616356440217865,0
2050,361,12,0.2017158896125935,0
2050,361,13,0.22104538262650314,0
2050,361,14,0.33343700210335275,0
2050,361,15,0.06951617395194193,0
2050,361,16,0.05812198730343009,0
2050,362,2,0.10375461258268667,0
2050,362,12,0.032569145352490544,0
2050,362,13,0.18362791132610262,0
2050,362,14,0.4112507207264997,0
2050,362,15,0.24600718337686686,0
2050,362,16,0.022790426635353685,0
2050,363,1,0.02396918679980303,0
2050,363,7,0.06792483269780614,0
2050,363,12,0.22041751153068417,0
2050,363,13,0.09015408206294045,0
2050,363,14,0.3855254082047994,0
2050,363,15,0.15319829027236193,0
2050,363,16,0.058810688431604884,0
2050,364,2,0.3172389478284603,0
2050,364,9,0.10525092035628844,0
2050,364,12,0.30673102417502385,0
2050,364,13,0.01608429267487355,0
2050,364,14,0.20725234071230722,0
2050,364,15,0.04744247425304659,0
2050,365,2,0.09177953909563799,0
2050,365,4,0.11326072825708233,0
2050,365,12,0.37430915277412574,0
2050,365,14,0.3914280516110484,0
2050,365,16,0.029222528262105633,0
