rep_period,timestep,year,scenario,profile_name,value
1,1,2030,0,demand,0.5178573812773729
1,2,2030,0,demand,0.5114751518973671
1,3,2030,0,demand,0.5135057182215206
1,4,2030,0,demand,0.5003687171438065
1,5,2030,0,demand,0.5148899354141887
1,6,2030,0,demand,0.5243166673305848
1,7,2030,0,demand,0.5426887986295655
1,8,2030,0,demand,0.5854654393227371
1,9,2030,0,demand,0.6166678474007903
1,10,2030,0,demand,0.6480949948142853
1,11,2030,0,demand,0.6658835626213355
1,12,2030,0,demand,0.6999635447794067
1,13,2030,0,demand,0.7022925409034876
1,14,2030,0,demand,0.7039805073591205
1,15,2030,0,demand,0.690415072584923
1,16,2030,0,demand,0.6796443863087681
1,17,2030,0,demand,0.6728630802736657
1,18,2030,0,demand,0.6628911434447283
1,19,2030,0,demand,0.6502658667050977
1,20,2030,0,demand,0.6401862752878554
1,21,2030,0,demand,0.6333700626242813
1,22,2030,0,demand,0.6024618875296769
1,23,2030,0,demand,0.5548015171660857
1,24,2030,0,demand,0.5360772234895573
1,1,2030,0,solar,0.0
1,2,2030,0,solar,0.0
1,3,2030,0,solar,0.0
1,4,2030,0,solar,0.0
1,5,2030,0,solar,0.0
1,6,2030,0,solar,0.00024000685585880038
1,7,2030,0,solar,0.04614468166883614
1,8,2030,0,solar,0.19426583564950234
1,9,2030,0,solar,0.3747782188316441
1,10,2030,0,solar,0.5440012455297257
1,11,2030,0,solar,0.6365464714104497
1,12,2030,0,solar,0.6706085615243238
1,13,2030,0,solar,0.638639324482875
1,14,2030,0,solar,0.6074417683693656
1,15,2030,0,solar,0.5433286934784688
1,16,2030,0,solar,0.45547987295550624
1,17,2030,0,solar,0.35612081526934014
1,18,2030,0,solar,0.2437439282375715
1,19,2030,0,solar,0.10897108345340334
1,20,2030,0,solar,0.013599814976372157
1,21,2030,0,solar,0.0
1,22,2030,0,solar,0.0
1,23,2030,0,solar,0.0
1,24,2030,0,solar,0.0
1,1,2030,0,wind_offshore,0.0
1,2,2030,0,wind_offshore,0.0
1,3,2030,0,wind_offshore,0.0
1,4,2030,0,wind_offshore,0.0
1,5,2030,0,wind_offshore,0.0
1,6,2030,0,wind_offshore,0.00026170939462950713
1,7,2030,0,wind_offshore,8.921888934307507e-5
1,8,2030,0,wind_offshore,0.0
1,9,2030,0,wind_offshore,0.00020011565664267966
1,10,2030,0,wind_offshore,0.0005775590786634289
1,11,2030,0,wind_offshore,0.0
1,12,2030,0,wind_offshore,0.0
1,13,2030,0,wind_offshore,0.0
1,14,2030,0,wind_offshore,0.0
1,15,2030,0,wind_offshore,0.00015783512898301253
1,16,2030,0,wind_offshore,0.0011663452876546558
1,17,2030,0,wind_offshore,0.006259479974939235
1,18,2030,0,wind_offshore,0.009845909118785409
1,19,2030,0,wind_offshore,0.01876150440090974
1,20,2030,0,wind_offshore,0.022486107526804234
1,21,2030,0,wind_offshore,0.03463180826210129
1,22,2030,0,wind_offshore,0.03771144226697215
1,23,2030,0,wind_offshore,0.00783380057181989
1,24,2030,0,wind_offshore,0.0013832881043176742
1,1,2030,0,wind_onshore,0.05467171210940341
1,2,2030,0,wind_onshore,0.05066881923758268
1,3,2030,0,wind_onshore,0.046334329607304194
1,4,2030,0,wind_onshore,0.04014560851248884
1,5,2030,0,wind_onshore,0.03391004410695722
1,6,2030,0,wind_onshore,0.03024173400000232
1,7,2030,0,wind_onshore,0.02780320978421322
1,8,2030,0,wind_onshore,0.015609305068702053
1,9,2030,0,wind_onshore,0.013451807090596403
1,10,2030,0,wind_onshore,0.01421172799427007
1,11,2030,0,wind_onshore,0.015330203230448954
1,12,2030,0,wind_onshore,0.022097418846998694
1,13,2030,0,wind_onshore,0.03304172443949052
1,14,2030,0,wind_onshore,0.046242039950289575
1,15,2030,0,wind_onshore,0.0614764546699239
1,16,2030,0,wind_onshore,0.07529050205323604
1,17,2030,0,wind_onshore,0.08720996629992955
1,18,2030,0,wind_onshore,0.10170880079485782
1,19,2030,0,wind_onshore,0.10628977385581843
1,20,2030,0,wind_onshore,0.0748503151029003
1,21,2030,0,wind_onshore,0.0648092437933047
1,22,2030,0,wind_onshore,0.061040469663441475
1,23,2030,0,wind_onshore,0.05831924629102965
1,24,2030,0,wind_onshore,0.058215717606898296
2,1,2030,1,demand,0.45763527467999704
2,2,2030,1,demand,0.4442535835155489
2,3,2030,1,demand,0.43967059694575095
2,4,2030,1,demand,0.4306349352914423
2,5,2030,1,demand,0.4256497246407756
2,6,2030,1,demand,0.4226628225363295
2,7,2030,1,demand,0.4293076729783634
2,8,2030,1,demand,0.45578548688283427
2,9,2030,1,demand,0.4719233222667096
2,10,2030,1,demand,0.5016156029533422
2,11,2030,1,demand,0.50713999697212
2,12,2030,1,demand,0.5126362079062905
2,13,2030,1,demand,0.5123053826223305
2,14,2030,1,demand,0.5009703613628477
2,15,2030,1,demand,0.49141061906180555
2,16,2030,1,demand,0.48732530729715784
2,17,2030,1,demand,0.4879356150237122
2,18,2030,1,demand,0.49435708968537895
2,19,2030,1,demand,0.5026360390382831
2,20,2030,1,demand,0.5241435862287646
2,21,2030,1,demand,0.5357418711067754
2,22,2030,1,demand,0.5210857836784056
2,23,2030,1,demand,0.48242728160384335
2,24,2030,1,demand,0.4782515731378136
2,1,2030,1,solar,0.0
2,2,2030,1,solar,0.0
2,3,2030,1,solar,0.0
2,4,2030,1,solar,0.0
2,5,2030,1,solar,0.0
2,6,2030,1,solar,0.0
2,7,2030,1,solar,0.0202951507370686
2,8,2030,1,solar,0.1810245800911935
2,9,2030,1,solar,0.40312386072794554
2,10,2030,1,solar,0.5900093552213803
2,11,2030,1,solar,0.692823652260968
2,12,2030,1,solar,0.7576249265162298
2,13,2030,1,solar,0.7865467021669225
2,14,2030,1,solar,0.7762634986905854
2,15,2030,1,solar,0.6933336067061368
2,16,2030,1,solar,0.5675472474175889
2,17,2030,1,solar,0.4133089329582646
2,18,2030,1,solar,0.22952556587343806
2,19,2030,1,solar,0.062295014422076245
2,20,2030,1,solar,0.00022307083187486138
2,21,2030,1,solar,0.0
2,22,2030,1,solar,0.0
2,23,2030,1,solar,0.0
2,24,2030,1,solar,0.0
2,1,2030,1,wind_offshore,0.011446773817191721
2,2,2030,1,wind_offshore,0.018559410096040008
2,3,2030,1,wind_offshore,0.038646845939529974
2,4,2030,1,wind_offshore,0.04676000374848045
2,5,2030,1,wind_offshore,0.042533160952931554
2,6,2030,1,wind_offshore,0.0467979577535803
2,7,2030,1,wind_offshore,0.03950508759637087
2,8,2030,1,wind_offshore,0.016194436955914097
2,9,2030,1,wind_offshore,0.012298568263725117
2,10,2030,1,wind_offshore,0.015697459048930072
2,11,2030,1,wind_offshore,0.0068818084084651
2,12,2030,1,wind_offshore,0.006543345145166718
2,13,2030,1,wind_offshore,0.004513100459374064
2,14,2030,1,wind_offshore,0.002695164533528257
2,15,2030,1,wind_offshore,0.0031011080718256075
2,16,2030,1,wind_offshore,0.0024865707928801864
2,17,2030,1,wind_offshore,0.0014026908880828194
2,18,2030,1,wind_offshore,0.0002713086849774718
2,19,2030,1,wind_offshore,0.0
2,20,2030,1,wind_offshore,0.0
2,21,2030,1,wind_offshore,4.776613313277179e-5
2,22,2030,1,wind_offshore,0.000945191879756752
2,23,2030,1,wind_offshore,0.000886098086919944
2,24,2030,1,wind_offshore,0.002268673162859872
2,1,2030,1,wind_onshore,0.060924738727982604
2,2,2030,1,wind_onshore,0.05329128630865496
2,3,2030,1,wind_onshore,0.04228864349737974
2,4,2030,1,wind_onshore,0.035377791896467226
2,5,2030,1,wind_onshore,0.03191954027490785
2,6,2030,1,wind_onshore,0.030867821914674517
2,7,2030,1,wind_onshore,0.030444128311765097
2,8,2030,1,wind_onshore,0.02839913800661874
2,9,2030,1,wind_onshore,0.022914877531101698
2,10,2030,1,wind_onshore,0.026446087585583228
2,11,2030,1,wind_onshore,0.02138866290578863
2,12,2030,1,wind_onshore,0.02529838487988511
2,13,2030,1,wind_onshore,0.03197837338471429
2,14,2030,1,wind_onshore,0.04258395015159584
2,15,2030,1,wind_onshore,0.053737620493718885
2,16,2030,1,wind_onshore,0.06864239158127707
2,17,2030,1,wind_onshore,0.08395703560337123
2,18,2030,1,wind_onshore,0.10717687015098624
2,19,2030,1,wind_onshore,0.1165186240841399
2,20,2030,1,wind_onshore,0.13165803964008516
2,21,2030,1,wind_onshore,0.1409108498810718
2,22,2030,1,wind_onshore,0.14232145617233008
2,23,2030,1,wind_onshore,0.12133143393349177
2,24,2030,1,wind_onshore,0.12549972322615194
