year,period,rep_period,weight,scenario
2050,1,2,0.03856760312141089,0
2050,1,4,0.3084385568235826,0
2050,1,10,0.2376468786896927,0
2050,1,12,0.41534696136531374,0
2050,2,4,0.47470609988501283,0
2050,2,7,0.04612595951146726,0
2050,2,9,0.03834144143335045,0
2050,2,10,0.2722472918483445,0
2050,2,12,0.16857920732182483,0
2050,3,2,0.048962565794444704,0
2050,3,4,0.3984667070745831,0
2050,3,9,0.07953730302913141,0
2050,3,10,0.3125280317552491,0
2050,3,12,0.07267097934694842,0
2050,3,14,0.04620018030140345,0
2050,3,16,0.041634232698239695,0
2050,4,2,0.03191710455611794,0
2050,4,4,0.24110866111018364,0
2050,4,9,0.1599535529011728,0
2050,4,10,0.48127701753043034,0
2050,4,12,0.08574366390209533,0
2050,5,10,1.0,0
2050,6,3,0.21901104752524125,0
2050,6,4,0.0278079402400887,0
2050,6,5,0.03547546528776167,0
2050,6,10,0.19882205350684481,0
2050,6,12,0.31140147585024247,0
2050,6,14,0.10226176073395644,0
2050,6,15,0.10522025685586464,0
2050,7,2,0.04983956732175372,0
2050,7,4,0.35027924782287356,0
2050,7,6,0.06865436665934907,0
2050,7,10,0.3176655562753947,0
2050,7,12,0.21356126192062896,0
2050,8,4,0.605107057452265,0
2050,8,7,0.028881442821684127,0
2050,8,10,0.2191959063061567,0
2050,8,12,0.08831050625752966,0
2050,8,14,0.058505087162364564,0
2050,9,4,0.2081470148697105,0
2050,9,7,0.2791673290835319,0
2050,9,9,0.01737377978592052,0
2050,9,10,0.25752488262926654,0
2050,9,16,0.23778699363157046,0
2050,10,3,0.04826754236848944,0
2050,10,4,0.17066519996483864,0
2050,10,7,0.24878374783867782,0
2050,10,9,0.032962677079351306,0
2050,10,10,0.059479660497992644,0
2050,10,12,0.12626076803283198,0
2050,10,16,0.3135804042178181,0
2050,11,4,0.2669770537016711,0
2050,11,7,0.21604213584721227,0
2050,11,9,0.14695953867745964,0
2050,11,10,0.1501091676564573,0
2050,11,12,0.09830104196044154,0
2050,11,16,0.12161106215675821,0
2050,12,4,0.2579783523511896,0
2050,12,7,0.26672261637305417,0
2050,12,9,0.05662500645892918,0
2050,12,10,0.2587393418931796,0
2050,12,12,0.05830325570773326,0
2050,12,16,0.10163142721591426,0
2050,13,2,0.026027088912911688,0
2050,13,4,0.4252962106469411,0
2050,13,7,0.1927589920775818,0
2050,13,9,0.0774639935287172,0
2050,13,10,0.1776613694665032,0
2050,13,12,0.07008901943623355,0
2050,13,16,0.030703325931111275,0
2050,14,2,0.0231932580445145,0
2050,14,4,0.48875284371920114,0
2050,14,7,0.18351222027555564,0
2050,14,10,0.0827345443763886,0
2050,14,12,0.09130359017497183,0
2050,14,16,0.13050354340936818,0
2050,15,4,0.4903379779469174,0
2050,15,7,0.1341459314786547,0
2050,15,9,0.18342526576832247,0
2050,15,14,0.19209082480610548,0
2050,16,2,0.04938693282697159,0
2050,16,4,0.40233561201007684,0
2050,16,9,0.23686214135366745,0
2050,16,10,0.0333193615451477,0
2050,16,11,0.11941834978077755,0
2050,16,12,0.10045540714361131,0
2050,16,16,0.05822219533974752,0
2050,17,2,0.053827112765150516,0
2050,17,3,0.12702778525386463,0
2050,17,4,0.24436588158353867,0
2050,17,9,0.04386917314452181,0
2050,17,10,0.08837381349290756,0
2050,17,11,0.06755942154199922,0
2050,17,12,0.2591485919828615,0
2050,17,16,0.11582822023515614,0
2050,18,4,0.24527021852223171,0
2050,18,6,0.06110536144958485,0
2050,18,9,0.07194975439986637,0
2050,18,10,0.11647265222186146,0
2050,18,11,0.24624255666027026,0
2050,18,13,0.25895945674618537,0
2050,19,3,0.21732882292473246,0
2050,19,6,0.06539328734640584,0
2050,19,11,0.11043495645797048,0
2050,19,13,0.49810867001921455,0
2050,19,14,0.07770566152594202,0
2050,19,15,0.03102860172573459,0
2050,20,3,0.031948162670752435,0
2050,20,4,0.13815519395597597,0
2050,20,6,0.17155286727891317,0
2050,20,9,0.1367676367891098,0
2050,20,11,0.07944199070126633,0
2050,20,13,0.44213414860398237,0
2050,21,3,0.028518654224366582,0
2050,21,4,0.16283239513035644,0
2050,21,5,0.031115126148134227,0
2050,21,9,0.07396374666070894,0
2050,21,11,0.42666519135919806,0
2050,21,13,0.2546304636853452,0
2050,21,14,0.02227442279189054,0
2050,22,3,0.2607750892095043,0
2050,22,9,0.026690681638163002,0
2050,22,11,0.11428358482138212,0
2050,22,13,0.36954989063041443,0
2050,22,14,0.22870075370053625,0
2050,23,3,1.0,0
2050,24,3,0.24925427629479707,0
2050,24,4,0.12675531119017447,0
2050,24,7,0.09547469041864749,0
2050,24,9,0.06051780576643652,0
2050,24,12,0.2591390010052839,0
2050,24,14,0.18402463142298575,0
2050,24,16,0.024834283901674734,0
2050,25,3,0.3825740878424363,0
2050,25,4,0.022526689740814704,0
2050,25,7,0.052630883744690826,0
2050,25,8,0.03682361060502496,0
2050,25,10,0.09261057990288322,0
2050,25,11,0.06326155040952425,0
2050,25,14,0.29183433858719804,0
2050,25,16,0.057738259167427836,0
2050,26,3,0.07100117348175106,0
2050,26,4,0.23549806847359422,0
2050,26,8,0.10502655072442363,0
2050,26,9,0.031438564847263116,0
2050,26,12,0.27570706975311754,0
2050,26,14,0.2813285727198505,0
2050,27,4,0.2127195594493468,0
2050,27,7,0.1956910431762054,0
2050,27,8,0.036650756595657155,0
2050,27,9,0.03584379754711967,0
2050,27,10,0.05762616732494061,0
2050,27,11,0.12415619071461297,0
2050,27,13,0.11222277606718627,0
2050,27,14,0.2250897091249313,0
2050,28,4,0.27759961079186546,0
2050,28,7,0.17359942677470167,0
2050,28,8,0.09233967323693719,0
2050,28,9,0.09288451936290246,0
2050,28,12,0.2787399887956575,0
2050,28,14,0.08483678103793585,0
2050,29,2,0.011516213222937777,0
2050,29,4,0.3627508718807863,0
2050,29,7,0.13461346978383437,0
2050,29,9,0.42224448808783793,0
2050,29,14,0.04801564643196962,0
2050,29,16,0.02085931059263399,0
2050,30,9,1.0,0
2050,31,3,0.11376202716604518,0
2050,31,6,0.0838524186222045,0
2050,31,9,0.42922134838051296,0
2050,31,10,0.05789780459137685,0
2050,31,11,0.17921891694700298,0
2050,31,14,0.13604748429285762,0
2050,32,4,0.17098513050889863,0
2050,32,6,0.042406383751732134,0
2050,32,7,0.03671442985151082,0
2050,32,8,0.017398874862462586,0
2050,32,9,0.3570576786687085,0
2050,32,12,0.17164494463801938,0
2050,32,13,0.08932836505078405,0
2050,32,14,0.11446419266788402,0
2050,33,2,0.0341310891812,0
2050,33,4,0.06866190156615083,0
2050,33,6,0.08835681839631497,0
2050,33,7,0.0524689329375685,0
2050,33,9,0.1732447479331954,0
2050,33,10,0.03633300985171793,0
2050,33,13,0.10482351036575305,0
2050,33,14,0.4419799897680993,0
2050,34,3,0.25379575974836405,0
2050,34,7,0.060040614885702656,0
2050,34,9,0.054766939042081006,0
2050,34,11,0.27850330756961456,0
2050,34,12,0.023602912091741687,0
2050,34,13,0.22270170357147823,0
2050,34,14,0.10658876309101778,0
2050,35,3,0.3777834160055254,0
2050,35,5,0.0908356417918838,0
2050,35,7,0.07018048546900542,0
2050,35,9,0.1193019418631216,0
2050,35,11,0.041605630569272155,0
2050,35,13,0.21396957084867096,0
2050,35,14,0.08632331345252053,0
2050,36,3,0.41071837598072475,0
2050,36,5,0.0678820616282701,0
2050,36,7,0.13204698301692624,0
2050,36,9,0.11116507070155275,0
2050,36,13,0.05060290671167157,0
2050,36,14,0.22758460196085453,0
2050,37,3,0.03241105840048466,0
2050,37,6,0.0959194235672607,0
2050,37,7,0.19239117126531258,0
2050,37,9,0.38643549413380285,0
2050,37,10,0.026355451478881173,0
2050,37,12,0.11073891947825205,0
2050,37,14,0.1320543927509207,0
2050,37,16,0.0236940889250853,0
2050,38,2,0.015729619867396457,0
2050,38,4,0.2940774203106249,0
2050,38,6,0.08751415457719465,0
2050,38,7,0.07152246633235107,0
2050,38,9,0.17160274135817766,0
2050,38,12,0.26929860264878697,0
2050,38,13,0.029410836503328094,0
2050,38,14,0.0608441584021403,0
2050,39,2,0.030172862639243615,0
2050,39,4,0.24781409370809734,0
2050,39,6,0.02742083545999426,0
2050,39,7,0.2333460640898898,0
2050,39,9,0.2045975224774174,0
2050,39,10,0.1401311906156716,0
2050,39,12,0.07275463568667297,0
2050,39,14,0.04376279532301306,0
2050,40,3,0.03899866203486804,0
2050,40,5,0.02125058712624255,0
2050,40,7,0.14578334681177854,0
2050,40,9,0.12740998281295499,0
2050,40,10,0.22015083167360142,0
2050,40,12,0.18130204157215762,0
2050,40,14,0.2651045479683969,0
2050,41,2,0.025908584490906453,0
2050,41,3,0.1587078686873626,0
2050,41,5,0.060449741196636556,0
2050,41,6,0.3195956169105612,0
2050,41,7,0.08511995281593689,0
2050,41,9,0.03396534183518117,0
2050,41,10,0.1476732920744624,0
2050,41,12,0.02138161034300845,0
2050,41,14,0.14719799164594427,0
2050,42,3,0.16965187745102034,0
2050,42,6,0.4288281057132709,0
2050,42,12,0.05334681675347789,0
2050,42,13,0.16866165392517687,0
2050,42,14,0.07067727233462154,0
2050,42,15,0.10883427382243246,0
2050,43,1,0.046583279313403836,0
2050,43,3,0.08187943201385246,0
2050,43,4,0.06790473101863624,0
2050,43,6,0.3647406331071899,0
2050,43,10,0.12195088580531692,0
2050,43,11,0.1438011428270298,0
2050,43,13,0.15869765294140528,0
2050,43,15,0.014442242973165539,0
2050,44,3,0.10698326871390765,0
2050,44,4,0.1223365976477515,0
2050,44,8,0.021008537602469204,0
2050,44,12,0.09432814678145234,0
2050,44,13,0.030704444505084784,0
2050,44,14,0.5045276471785506,0
2050,44,15,0.1201113575707839,0
2050,45,14,1.0,0
2050,46,2,0.06293833860603498,0
2050,46,4,0.25962575188761455,0
2050,46,6,0.014262723900281889,0
2050,46,9,0.10309644165868687,0
2050,46,10,0.02348903594732285,0
2050,46,11,0.1588487379368428,0
2050,46,12,0.18676632433286405,0
2050,46,13,0.040760198859252084,0
2050,46,14,0.15021244687109986,0
2050,47,2,0.0425637918280981,0
2050,47,4,0.13660060908382324,0
2050,47,6,0.13313734126700646,0
2050,47,9,0.2423256876488544,0
2050,47,10,0.059144497639762574,0
2050,47,11,0.1802139973303066,0
2050,47,12,0.2060140752021485,0
2050,48,2,0.03938929975648006,0
2050,48,4,0.06054234463918447,0
2050,48,6,0.10351623502018321,0
2050,48,9,0.3692799690402981,0
2050,48,11,0.20766482009831266,0
2050,48,12,0.21960733144554156,0
2050,49,2,0.07548610614514929,0
2050,49,3,0.025931411015554403,0
2050,49,4,0.14479754382271867,0
2050,49,6,0.0914676931519272,0
2050,49,9,0.1516477820553663,0
2050,49,11,0.06445014182199792,0
2050,49,12,0.44621932198728614,0
2050,50,2,0.0580454714474892,0
2050,50,4,0.36652982680779755,0
2050,50,6,0.07408490350282913,0
2050,50,10,0.03901941183847853,0
2050,50,12,0.40076166767542853,0
2050,50,14,0.06155871872797705,0
2050,51,2,0.05858150334738168,0
2050,51,4,0.3753543527020357,0
2050,51,6,0.2346232510958537,0
2050,51,10,0.09464844246890558,0
2050,51,12,0.021961720565229208,0
2050,51,14,0.21483072982059434,0
2050,52,2,0.0429030888538839,0
2050,52,4,0.07704294990063318,0
2050,52,9,0.3577186617989172,0
2050,52,10,0.042836243783507894,0
2050,52,11,0.3019586565637929,0
2050,52,12,0.03552878115428041,0
2050,52,13,0.01414775985614708,0
2050,52,14,0.051948930079601115,0
2050,52,16,0.07591492800923638,0
2050,53,2,0.07146083522246809,0
2050,53,3,0.09015875874922748,0
2050,53,4,0.06151713165444637,0
2050,53,6,0.038433270458285755,0
2050,53,9,0.24602790873593067,0
2050,53,11,0.09272881363992681,0
2050,53,12,0.27100280721009856,0
2050,53,16,0.12867047432961637,0
2050,54,4,0.2700764433211082,0
2050,54,7,0.05634294545010194,0
2050,54,8,0.04564523035300817,0
2050,54,9,0.25431732750946734,0
2050,54,12,0.2744066436708537,0
2050,54,14,0.09921140969546059,0
2050,55,4,0.16471617907095032,0
2050,55,7,0.17846984112206676,0
2050,55,8,0.08648902910286325,0
2050,55,9,0.07844240258278627,0
2050,55,12,0.2085179158133046,0
2050,55,14,0.28336463230802883,0
2050,56,3,0.15814264578523962,0
2050,56,5,0.12804236441913916,0
2050,56,7,0.05162498370833093,0
2050,56,9,0.10050726062445049,0
2050,56,11,0.28338061855995794,0
2050,56,12,0.05162659821800099,0
2050,56,14,0.09677045867336662,0
2050,56,16,0.12990507001151427,0
2050,57,3,0.22209796325704978,0
2050,57,7,0.06514371668151574,0
2050,57,8,0.12428250940576603,0
2050,57,12,0.2596794637650278,0
2050,57,13,0.044512084762880995,0
2050,57,14,0.28428426212775953,0
2050,58,3,0.029908973576857963,0
2050,58,4,0.034624232188583584,0
2050,58,5,0.07305652408363156,0
2050,58,9,0.10166977938193117,0
2050,58,11,0.07075494238178992,0
2050,58,12,0.16829119018693212,0
2050,58,13,0.17525181147143898,0
2050,58,14,0.34644254672883473,0
2050,59,3,0.09742155281409448,0
2050,59,4,0.031715757792702116,0
2050,59,8,0.16315405838385397,0
2050,59,12,0.3260644571858326,0
2050,59,13,0.04923110968969391,0
2050,59,14,0.33241306413382293,0
2050,60,4,0.4250823574356873,0
2050,60,7,0.10985787722164805,0
2050,60,8,0.0488042325206805,0
2050,60,9,0.03034986167433929,0
2050,60,12,0.24907822450069875,0
2050,60,14,0.1368274466469462,0
2050,61,4,0.1454597862925422,0
2050,61,7,0.292606260560354,0
2050,61,8,0.07665202410649383,0
2050,61,9,0.1244585250944309,0
2050,61,10,0.06297040286648137,0
2050,61,12,0.16383980187249217,0
2050,61,14,0.011647308016616582,0
2050,61,16,0.12236589119058894,0
2050,62,2,0.056658315815228656,0
2050,62,4,0.09511540772844156,0
2050,62,7,0.42208830580381,0
2050,62,10,0.2272484039839066,0
2050,62,12,0.19888956666861324,0
2050,63,7,0.36132273053271813,0
2050,63,8,0.09366174127488475,0
2050,63,10,0.0337130710027293,0
2050,63,11,0.06927842103820069,0
2050,63,12,0.0368726217381535,0
2050,63,14,0.28679723754059644,0
2050,63,16,0.11835417687271728,0
2050,64,3,0.4643801140461537,0
2050,64,7,0.22425393640443766,0
2050,64,11,0.06209197506630444,0
2050,64,12,0.08924613132945738,0
2050,64,14,0.12567071569955107,0
2050,64,16,0.03435712745409567,0
2050,65,3,0.17912160302603214,0
2050,65,7,0.05030133197040268,0
2050,65,9,0.0513124740706562,0
2050,65,10,0.12905333423203688,0
2050,65,11,0.031774088004847906,0
2050,65,12,0.5584371686960242,0
2050,66,12,1.0,0
2050,67,2,0.04983403903153664,0
2050,67,4,0.1312121115095109,0
2050,67,6,0.09390725707607078,0
2050,67,7,0.018105145281285172,0
2050,67,10,0.013174858697528422,0
2050,67,11,0.09054264928382832,0
2050,67,12,0.6032239391202399,0
2050,68,3,0.04667801354030912,0
2050,68,4,0.0834064877628404,0
2050,68,6,0.014977071365312114,0
2050,68,8,0.04468895218434605,0
2050,68,10,0.012493892393050347,0
2050,68,11,0.3267771783231638,0
2050,68,12,0.2910811758883795,0
2050,68,14,0.012663764620149332,0
2050,68,15,0.1672334639224495,0
2050,69,2,0.1350552954917154,0
2050,69,4,0.19293384441133285,0
2050,69,6,0.05770574313258263,0
2050,69,11,0.050632801838975665,0
2050,69,12,0.3624580257941646,0
2050,69,13,0.201214289331229,0
2050,70,2,0.03295576990365177,0
2050,70,4,0.1066291587759939,0
2050,70,6,0.0589490420185132,0
2050,70,7,0.1401553543524581,0
2050,70,10,0.03703404460034079,0
2050,70,11,0.29160267405181994,0
2050,70,12,0.10013043348570234,0
2050,70,13,0.20856312918249018,0
2050,70,15,0.02398039362902977,0
2050,71,3,0.08415368781851622,0
2050,71,4,0.05705333707608221,0
2050,71,6,0.11971989329962851,0
2050,71,7,0.14719873023324997,0
2050,71,8,0.04542963031291015,0
2050,71,10,0.07368902982442115,0
2050,71,11,0.21530370299980928,0
2050,71,12,0.12481964366806464,0
2050,71,16,0.13263234476731772,0
2050,72,2,0.06683943012567506,0
2050,72,4,0.21072774577774472,0
2050,72,6,0.22166052145878085,0
2050,72,7,0.11283425217138504,0
2050,72,9,0.07811026652953736,0
2050,72,11,0.1432140781946119,0
2050,72,12,0.06367758980093886,0
2050,72,13,0.021068035493564615,0
2050,72,14,0.08186808044776162,0
2050,73,2,0.04418126593756587,0
2050,73,4,0.2555656111431796,0
2050,73,6,0.16363229688623337,0
2050,73,7,0.1535490687605311,0
2050,73,11,0.030201644034866942,0
2050,73,12,0.09416384159380489,0
2050,73,13,0.11072944391169323,0
2050,73,14,0.14797682773212495,0
2050,74,3,0.016722642985636072,0
2050,74,4,0.10320513909189356,0
2050,74,5,0.04255748661923991,0
2050,74,6,0.10414419694974356,0
2050,74,7,0.32045675131686924,0
2050,74,10,0.04669888120604262,0
2050,74,12,0.22554715775261802,0
2050,74,13,0.0796287881653538,0
2050,74,14,0.061038955912603346,0
2050,75,2,0.06827564591630003,0
2050,75,6,0.2745592486689694,0
2050,75,7,0.20258262535017674,0
2050,75,10,0.20611298561158314,0
2050,75,12,0.23450666917502214,0
2050,75,14,0.01396282527794853,0
2050,76,2,0.05718028228587843,0
2050,76,6,0.483411285052119,0
2050,76,7,0.24720988294675178,0
2050,76,10,0.058923669446219205,0
2050,76,11,0.04722088092084569,0
2050,76,12,0.019428030355160077,0
2050,76,13,0.08662596899302585,0
2050,77,5,0.07579420121705774,0
2050,77,6,0.17491700032257798,0
2050,77,7,0.1864429534067002,0
2050,77,11,0.10099712365323268,0
2050,77,13,0.17733149150107458,0
2050,77,14,0.21555275215628864,0
2050,77,15,0.0689644777430681,0
2050,78,6,0.09450139321184876,0
2050,78,11,0.16387540137348572,0
2050,78,12,0.07840656458763584,0
2050,78,13,0.0949277740756565,0
2050,78,14,0.48563432676201945,0
2050,78,15,0.08265453998935368,0
2050,79,3,0.17354784468047954,0
2050,79,6,0.25853870430542003,0
2050,79,11,0.19229776962638095,0
2050,79,13,0.0739071391034851,0
2050,79,14,0.19830752286416412,0
2050,79,15,0.1034010194200703,0
2050,80,4,0.023420257361237075,0
2050,80,6,0.11534407532121278,0
2050,80,7,0.07929999117659071,0
2050,80,11,0.012189446158852098,0
2050,80,12,0.4198090183421199,0
2050,80,13,0.11574494433849068,0
2050,80,14,0.23419226730149667,0
2050,81,5,0.08099072052258635,0
2050,81,6,0.11241924549344169,0
2050,81,9,0.16789605558505727,0
2050,81,11,0.13313779323270877,0
2050,81,12,0.15753238036560263,0
2050,81,14,0.30484388952088565,0
2050,81,16,0.04317991527971766,0
2050,82,2,0.031164389205813606,0
2050,82,4,0.16980597479403825,0
2050,82,6,0.26014760199040526,0
2050,82,11,0.31070485278766585,0
2050,82,12,0.22817718122207706,0
2050,83,11,1.0,0
2050,84,3,0.23020831102687098,0
2050,84,5,0.08478265433695976,0
2050,84,6,0.06319987189184119,0
2050,84,7,0.12701777020583643,0
2050,84,9,0.058568808759361636,0
2050,84,11,0.2961058300793956,0
2050,84,12,0.05937692767092415,0
2050,84,14,0.08073982602881019,0
2050,85,4,0.23725250879731793,0
2050,85,6,0.13867040341638595,0
2050,85,7,0.023113557834784026,0
2050,85,9,0.23111391083699914,0
2050,85,10,0.03316632955938854,0
2050,85,11,0.199973306395974,0
2050,85,12,0.13670998315915053,0
2050,86,3,0.03250532183498152,0
2050,86,4,0.04201944572681436,0
2050,86,6,0.14960048775038925,0
2050,86,7,0.15127643254676362,0
2050,86,9,0.011660688227313533,0
2050,86,10,0.1166661866544863,0
2050,86,11,0.20127581336933,0
2050,86,12,0.014054232347197156,0
2050,86,14,0.2504683152369512,0
2050,86,16,0.03047307630577302,0
2050,87,3,0.27657449157023667,0
2050,87,4,0.0496384481610479,0
2050,87,7,0.34734218401770456,0
2050,87,8,0.0589172905873977,0
2050,87,11,0.11094844367378043,0
2050,87,12,0.0506717270923808,0
2050,87,14,0.0788087966905586,0
2050,87,16,0.02709861820689335,0
2050,88,4,0.35875226359700024,0
2050,88,7,0.29166525254873016,0
2050,88,9,0.09948422505636342,0
2050,88,11,0.043347414392179116,0
2050,88,12,0.09798357376724906,0
2050,88,14,0.036448653366977266,0
2050,88,16,0.07231861727150073,0
2050,89,2,0.010849196680428823,0
2050,89,4,0.22143372211952947,0
2050,89,7,0.5429514354733803,0
2050,89,9,0.1432295560577784,0
2050,89,10,0.027663160342918623,0
2050,89,12,0.05387292932596443,0
2050,90,4,0.09927786089502799,0
2050,90,7,0.6908535072479921,0
2050,90,9,0.02884972890112633,0
2050,90,11,0.08844269509972684,0
2050,90,16,0.09257620785612658,0
2050,91,7,1.0,0
2050,92,2,0.038205806256920424,0
2050,92,5,0.06680761354808841,0
2050,92,6,0.11835007750018857,0
2050,92,7,0.5449765383049004,0
2050,92,10,0.020033955375866306,0
2050,92,14,0.06323944754349396,0
2050,92,16,0.148386561470542,0
2050,93,3,0.15175361838557286,0
2050,93,5,0.10050518818012694,0
2050,93,6,0.11302374142326282,0
2050,93,7,0.12756084555969535,0
2050,93,10,0.15421398897711466,0
2050,93,11,0.17923095295119912,0
2050,93,15,0.14467847133470532,0
2050,93,16,0.029033193188323012,0
2050,94,5,0.05001270064612724,0
2050,94,6,0.3458337549284626,0
2050,94,7,0.0537585630826839,0
2050,94,8,0.03787010852832947,0
2050,94,11,0.04315188853687591,0
2050,94,12,0.07103811604690391,0
2050,94,13,0.27015329565309976,0
2050,94,14,0.08408126521580142,0
2050,94,16,0.044100307361715815,0
2050,95,3,0.1818513910769006,0
2050,95,5,0.10999835819855996,0
2050,95,6,0.22965677404372908,0
2050,95,7,0.11389432736358689,0
2050,95,11,0.12538498680078283,0
2050,95,13,0.14874782815239254,0
2050,95,16,0.09046633436404798,0
2050,96,3,0.26387716557062185,0
2050,96,5,0.1440455524456714,0
2050,96,6,0.37143808923691357,0
2050,96,7,0.0544912877493358,0
2050,96,11,0.07914829374766987,0
2050,96,16,0.08699961124978756,0
2050,97,2,0.060702273182586315,0
2050,97,3,0.07341100153926136,0
2050,97,6,0.4573147526199248,0
2050,97,7,0.2721412131128234,0
2050,97,9,0.052332250828906475,0
2050,97,11,0.08409850871649759,0
2050,98,2,0.058049765337701155,0
2050,98,5,0.015467442171476036,0
2050,98,6,0.47884824128758124,0
2050,98,7,0.11238367765786375,0
2050,98,9,0.09509904745350292,0
2050,98,11,0.2401518260918749,0
2050,99,6,1.0,0
2050,100,2,0.024594793927829057,0
2050,100,4,0.08135047654560172,0
2050,100,6,0.5545145671684958,0
2050,100,8,0.04713125764299997,0
2050,100,11,0.19747221902223208,0
2050,100,13,0.026505025393583882,0
2050,100,15,0.06843166029925757,0
2050,101,4,0.020130221659897234,0
2050,101,5,0.03396265792189443,0
2050,101,6,0.11300572316414242,0
2050,101,7,0.1442966244041414,0
2050,101,8,0.22246589593587085,0
2050,101,12,0.2254839229446403,0
2050,101,14,0.20676916972385753,0
2050,101,15,0.03388578424555569,0
2050,102,2,0.14263524861010315,0
2050,102,4,0.29413186913860073,0
2050,102,6,0.2891637995537445,0
2050,102,7,0.09985495378210518,0
2050,102,11,0.0293138967927415,0
2050,102,12,0.14490023212270506,0
2050,103,2,0.11505638280588362,0
2050,103,4,0.23169226904219856,0
2050,103,6,0.320361846792475,0
2050,103,7,0.16171802529707563,0
2050,103,11,0.17117147606236713,0
2050,104,2,0.1224418878535751,0
2050,104,4,0.20655747322079218,0
2050,104,6,0.24102232970555046,0
2050,104,7,0.256551852556285,0
2050,104,11,0.05379503321327189,0
2050,104,12,0.0802217226933976,0
2050,104,15,0.03940970075712787,0
2050,105,2,0.14253407591243428,0
2050,105,4,0.10011254107022205,0
2050,105,6,0.23529593490451772,0
2050,105,7,0.3378301377676595,0
2050,105,13,0.051382730577322414,0
2050,105,15,0.13284457976784397,0
2050,106,2,0.12706820149796388,0
2050,106,4,0.0693727849623451,0
2050,106,6,0.39389420984836465,0
2050,106,7,0.14066188388761716,0
2050,106,11,0.10018795757408215,0
2050,106,12,0.08056314583952806,0
2050,106,13,0.036761767992239056,0
2050,106,15,0.051490048397859964,0
2050,107,3,0.010988180803007366,0
2050,107,5,0.0644752537778514,0
2050,107,6,0.3477946261453271,0
2050,107,7,0.07709054049331612,0
2050,107,8,0.08943776942405081,0
2050,107,11,0.0441386701436861,0
2050,107,12,0.21285387984761683,0
2050,107,13,0.026199824746232423,0
2050,107,15,0.02158842873278394,0
2050,107,16,0.10543282588612786,0
2050,108,3,0.029528880437252797,0
2050,108,5,0.04225216093387975,0
2050,108,6,0.25964713294563785,0
2050,108,7,0.23164948170359612,0
2050,108,8,0.09477577547132048,0
2050,108,11,0.15131175047146556,0
2050,108,15,0.022080623964018206,0
2050,108,16,0.16875419407282932,0
2050,109,2,0.02235889350396834,0
2050,109,4,0.10537662820658852,0
2050,109,5,0.05060502920723758,0
2050,109,6,0.4765461994245952,0
2050,109,7,0.02053190264087228,0
2050,109,8,0.04291137053553421,0
2050,109,11,0.03276052089954766,0
2050,109,12,0.09430241446636549,0
2050,109,13,0.08158141074894606,0
2050,109,14,0.01583532386260977,0
2050,109,15,0.057190306503734904,0
2050,110,2,0.06874266838202255,0
2050,110,4,0.049633495968088026,0
2050,110,5,0.059962786907784595,0
2050,110,6,0.4700501363414504,0
2050,110,7,0.17838330894236162,0
2050,110,10,0.030204981897093704,0
2050,110,11,0.12738348992712847,0
2050,110,16,0.015639131634070737,0
2050,111,2,0.060146957090168394,0
2050,111,5,0.1820919448710765,0
2050,111,6,0.3796486825378982,0
2050,111,7,0.3402367328189564,0
2050,111,14,0.01899358223601104,0
2050,111,15,0.01888210044588947,0
2050,112,2,0.02716402609538903,0
2050,112,5,0.1995042012864658,0
2050,112,6,0.4115729698677457,0
2050,112,7,0.0888130978679553,0
2050,112,8,0.07953832376425021,0
2050,112,12,0.13458213285496332,0
2050,112,14,0.037432792423455555,0
2050,112,15,0.021392455839775056,0
2050,113,2,0.22940829501873536,0
2050,113,4,0.04741636769191379,0
2050,113,6,0.4556493175550798,0
2050,113,11,0.17722914000726464,0
2050,113,12,0.011269551908797257,0
2050,113,15,0.07902732781820905,0
2050,114,2,0.042954880333119325,0
2050,114,4,0.031316086401125834,0
2050,114,6,0.37211935087030656,0
2050,114,8,0.12350650437585346,0
2050,114,11,0.120597264399832,0
2050,114,12,0.011768931487395868,0
2050,114,13,0.12205569646760274,0
2050,114,15,0.1756812856647642,0
2050,115,4,0.01662862564161818,0
2050,115,5,0.015040617955353653,0
2050,115,6,0.037815410852458556,0
2050,115,7,0.1283459141886049,0
2050,115,8,0.2529274075572776,0
2050,115,11,0.07425611569349105,0
2050,115,12,0.09139347647853686,0
2050,115,13,0.038911129030181714,0
2050,115,14,0.1487710227785681,0
2050,115,15,0.19591027982390932,0
2050,116,5,0.06329222252639462,0
2050,116,6,0.18757267160880334,0
2050,116,8,0.15238636889938975,0
2050,116,11,0.2588298683850238,0
2050,116,13,0.1594789954531414,0
2050,116,14,0.0370524789409098,0
2050,116,15,0.14138739418633736,0
2050,117,3,0.16815675102321376,0
2050,117,5,0.2635807633779398,0
2050,117,6,0.053711349911805546,0
2050,117,7,0.08965750176110626,0
2050,117,8,0.21942212433110816,0
2050,117,11,0.2054715095948265,0
2050,118,3,0.08156820366972832,0
2050,118,5,0.054670067250731647,0
2050,118,6,0.14098502964459253,0
2050,118,7,0.25848197178661564,0
2050,118,8,0.22859317693482684,0
2050,118,11,0.05241847131978808,0
2050,118,15,0.1832830793937169,0
2050,119,2,0.16393726614775503,0
2050,119,4,0.021446388487545338,0
2050,119,5,0.01441030190752135,0
2050,119,6,0.21937957595788496,0
2050,119,7,0.29120231969549043,0
2050,119,8,0.06192103655024602,0
2050,119,12,0.11771618786694815,0
2050,119,13,0.01679403577280507,0
2050,119,15,0.09319288761380394,0
2050,120,2,0.3045537371833104,0
2050,120,5,0.019554699924374964,0
2050,120,6,0.15107579973990726,0
2050,120,8,0.40335610640939734,0
2050,120,13,0.12145965674301008,0
2050,121,2,0.35582003324251654,0
2050,121,8,0.3494098171974818,0
2050,121,11,0.25682516793926385,0
2050,121,16,0.03794498162073776,0
2050,122,2,0.3545120965147139,0
2050,122,3,0.07224848122441728,0
2050,122,6,0.03609761167189722,0
2050,122,8,0.258958172579339,0
2050,122,9,0.07924633735902362,0
2050,122,11,0.09328337157259217,0
2050,122,13,0.10565392907801671,0
2050,123,8,1.0,0
2050,124,2,0.3881524737926804,0
2050,124,7,0.04169739777482123,0
2050,124,8,0.29720375002321964,0
2050,124,9,0.08049142937966179,0
2050,124,11,0.015520960703988581,0
2050,124,13,0.13096533671341243,0
2050,124,16,0.0459686516122157,0
2050,125,2,0.2833147853843306,0
2050,125,7,0.1954916911436726,0
2050,125,8,0.4861813972366551,0
2050,125,12,0.03501212623534182,0
2050,126,2,0.3789916962697558,0
2050,126,4,0.13325963429796844,0
2050,126,7,0.13587056167320025,0
2050,126,8,0.3518781077590756,0
2050,127,2,0.5805004496835029,0
2050,127,5,0.1345718969968931,0
2050,127,8,0.26446838736314165,0
2050,127,12,0.020459265956462473,0
2050,128,2,0.5582582309368751,0
2050,128,6,0.05541588298935465,0
2050,128,8,0.16929816559790564,0
2050,128,13,0.21702772047586463,0
2050,129,2,0.39119710505104716,0
2050,129,5,0.047578733410580866,0
2050,129,8,0.5612241615383721,0
2050,130,2,0.568543961991436,0
2050,130,3,0.15523443272483245,0
2050,130,8,0.2553959480535647,0
2050,130,10,0.02082565723016688,0
2050,131,2,0.44169463456135294,0
2050,131,8,0.4546459317364994,0
2050,131,12,0.10365943370214759,0
2050,132,2,0.6393550705251789,0
2050,132,7,0.01838518472070691,0
2050,132,8,0.2675465139505481,0
2050,132,9,0.019866966755342042,0
2050,132,12,0.05484626404822405,0
2050,133,2,1.0,0
2050,134,2,0.26968299819905595,0
2050,134,3,0.06811762759763419,0
2050,134,8,0.1571651620217818,0
2050,134,9,0.051396385046575836,0
2050,134,11,0.18026472579629535,0
2050,134,15,0.27337310133865694,0
2050,135,2,0.2146134435835072,0
2050,135,3,0.0942453493254094,0
2050,135,5,0.16874757240836866,0
2050,135,8,0.20201307292702236,0
2050,135,9,0.1416940837322733,0
2050,135,11,0.09017960584697007,0
2050,135,13,0.0885068721764489,0
2050,136,2,0.166677788479555,0
2050,136,3,0.05622493021366701,0
2050,136,4,0.029142543007702124,0
2050,136,5,0.15302427469199514,0
2050,136,8,0.47203742021302675,0
2050,136,11,0.0649692786427691,0
2050,136,12,0.05792376475128485,0
2050,137,2,0.4422888454668656,0
2050,137,4,0.051360197355653635,0
2050,137,7,0.18385310123154094,0
2050,137,8,0.05848113245708887,0
2050,137,12,0.03404119956908701,0
2050,137,13,0.22997552391976392,0
2050,138,2,0.2439958848914258,0
2050,138,4,0.07922500900099302,0
2050,138,5,0.1095371600822549,0
2050,138,8,0.36669468386021914,0
2050,138,11,0.15822385265570663,0
2050,138,15,0.017737775827405513,0
2050,138,16,0.024585633681994894,0
2050,139,2,0.26059328125075176,0
2050,139,4,0.029050157492257717,0
2050,139,5,0.18011263513311424,0
2050,139,7,0.19204021415477623,0
2050,139,8,0.24988853889076054,0
2050,139,16,0.08831517307833942,0
2050,140,2,0.17015154310790453,0
2050,140,3,0.05803608280320599,0
2050,140,5,0.26538300798583747,0
2050,140,8,0.2795593425565573,0
2050,140,11,0.14849162940311908,0
2050,140,15,0.07837839414337558,0
2050,141,2,0.14512424727712228,0
2050,141,3,0.16334259375531165,0
2050,141,5,0.22746149421567843,0
2050,141,8,0.20763680555745564,0
2050,141,11,0.18495411628282304,0
2050,141,15,0.038728142932860345,0
2050,141,16,0.032752599978748714,0
2050,142,2,0.2717834261642466,0
2050,142,3,0.24804981593983969,0
2050,142,5,0.17943379548336486,0
2050,142,7,0.019558608743037702,0
2050,142,8,0.06665743238238085,0
2050,142,9,0.0746014815164793,0
2050,142,11,0.06778738725725773,0
2050,142,15,0.022723443750175317,0
2050,142,16,0.04940460876321791,0
2050,143,2,0.28861755132695927,0
2050,143,4,0.03062614677898169,0
2050,143,5,0.21599195312477332,0
2050,143,6,0.013954905237364743,0
2050,143,8,0.08978386832793937,0
2050,143,9,0.05313516500439315,0
2050,143,11,0.2676565354971831,0
2050,143,16,0.040233874702405345,0
2050,144,2,0.18335985719931922,0
2050,144,3,0.056500871534172034,0
2050,144,5,0.101371590533742,0
2050,144,8,0.1744091889390026,0
2050,144,11,0.17537736262131273,0
2050,144,13,0.1299036477724186,0
2050,144,15,0.179077481400033,0
2050,145,2,0.12588704471754708,0
2050,145,5,0.2143610466802713,0
2050,145,8,0.2014527946865668,0
2050,145,11,0.1914734679255355,0
2050,145,13,0.18704891256482892,0
2050,145,15,0.07977673342525043,0
2050,146,2,0.20161653823336875,0
2050,146,3,0.039699419169330376,0
2050,146,5,0.4088571470066824,0
2050,146,7,0.10833150005946655,0
2050,146,8,0.15357627557683312,0
2050,146,13,0.08791911995431875,0
2050,147,2,0.31949252548217116,0
2050,147,3,0.12763511238768074,0
2050,147,5,0.24444216975087693,0
2050,147,7,0.17531057975354744,0
2050,147,11,0.13311961262572367,0
2050,148,2,0.18523586202800738,0
2050,148,5,0.16878017334745835,0
2050,148,7,0.020963123013109163,0
2050,148,8,0.30592879335871354,0
2050,148,12,0.1902239944397895,0
2050,148,15,0.1288680538129221,0
2050,149,2,0.20709417278963602,0
2050,149,4,0.02684514987812638,0
2050,149,5,0.12402354091131847,0
2050,149,8,0.3221558547770991,0
2050,149,11,0.07692557812552245,0
2050,149,12,0.0403493822886918,0
2050,149,15,0.2026063212296059,0
2050,150,2,0.4289847372933722,0
2050,150,4,0.1748492589012253,0
2050,150,5,0.289668110137721,0
2050,150,8,0.0825494612346044,0
2050,150,12,0.0239484324330772,0
2050,151,2,0.3010949575035851,0
2050,151,4,0.31105943233114774,0
2050,151,5,0.041977807425751815,0
2050,151,8,0.34586780273951534,0
2050,152,2,0.4172581931148553,0
2050,152,4,0.24553736132053522,0
2050,152,8,0.1304799308446687,0
2050,152,11,0.05846294271755549,0
2050,152,15,0.14826157200238538,0
2050,153,2,0.218893883542673,0
2050,153,4,0.197199790476227,0
2050,153,5,0.148200918992449,0
2050,153,8,0.3525309827105455,0
2050,153,12,0.08317442427810535,0
2050,154,2,0.5612758435416958,0
2050,154,4,0.2363038457228328,0
2050,154,5,0.16677978753504002,0
2050,154,6,0.03564052320043135,0
2050,155,2,0.4988988681345397,0
2050,155,4,0.013990851030779737,0
2050,155,5,0.033882615617720734,0
2050,155,6,0.17524209401089477,0
2050,155,11,0.19298866961445316,0
2050,155,15,0.0849969015916119,0
2050,156,2,0.24876424782034026,0
2050,156,3,0.0829833172420303,0
2050,156,6,0.030056140323946243,0
2050,156,8,0.2910081973548319,0
2050,156,15,0.34718809725885125,0
2050,157,2,0.3994848280105169,0
2050,157,4,0.07306577836041903,0
2050,157,8,0.10443265699083537,0
2050,157,9,0.017056442516061452,0
2050,157,12,0.21952589578088436,0
2050,157,15,0.18643439834128278,0
2050,158,2,0.4955717697203355,0
2050,158,4,0.10190651853706197,0
2050,158,6,0.13294742520587957,0
2050,158,12,0.04503409959370016,0
2050,158,15,0.22454018694302283,0
2050,159,2,0.29852359761197045,0
2050,159,4,0.11760955074653989,0
2050,159,5,0.16257582554990524,0
2050,159,8,0.20840958343305038,0
2050,159,15,0.21288144265853406,0
2050,160,2,0.17911869462995644,0
2050,160,5,0.4261911192610301,0
2050,160,8,0.3357954522699072,0
2050,160,15,0.01921218230698772,0
2050,160,16,0.039682551532118505,0
2050,161,2,0.2814202543453062,0
2050,161,4,0.03896080822185782,0
2050,161,5,0.3030039487358771,0
2050,161,6,0.0932426992880429,0
2050,161,8,0.24793127131099021,0
2050,161,12,0.021175162341976663,0
2050,161,15,0.014265855755949111,0
2050,162,2,0.1449441038669644,0
2050,162,4,0.12426149558394561,0
2050,162,5,0.14543366944858163,0
2050,162,6,0.12388501737139905,0
2050,162,8,0.09452639565019828,0
2050,162,15,0.366949318078911,0
2050,163,2,0.17238411518734678,0
2050,163,5,0.26797260720833993,0
2050,163,6,0.030275115387864787,0
2050,163,8,0.05085605672890873,0
2050,163,11,0.18352975238119582,0
2050,163,15,0.29498235310634385,0
2050,164,2,0.07215174957313533,0
2050,164,5,0.3301139107854348,0
2050,164,8,0.2006036999829736,0
2050,164,11,0.12116322781877462,0
2050,164,12,0.017549045952807797,0
2050,164,13,0.02879282795331731,0
2050,164,15,0.18723424945545566,0
2050,164,16,0.04239128847810095,0
2050,165,2,0.272492231730093,0
2050,165,4,0.013483669903150138,0
2050,165,5,0.17078194255043236,0
2050,165,6,0.15875495551423194,0
2050,165,12,0.057001745251992406,0
2050,165,13,0.26710646561213525,0
2050,165,15,0.060378989437964936,0
2050,166,2,0.27990730597995656,0
2050,166,4,0.09552161417924572,0
2050,166,5,0.35860373965794795,0
2050,166,6,0.033230868554649164,0
2050,166,11,0.11729548815050221,0
2050,166,14,0.020924725572793932,0
2050,166,15,0.09451625790490442,0
2050,167,2,0.20397111500370213,0
2050,167,5,0.3426465355486279,0
2050,167,8,0.059867375434489,0
2050,167,11,0.25959292875403367,0
2050,167,15,0.13392204525914725,0
2050,168,2,0.13465024203415163,0
2050,168,3,0.07034683929871784,0
2050,168,5,0.10979993817995269,0
2050,168,7,0.18344789259674388,0
2050,168,8,0.20246923617224674,0
2050,168,12,0.03615147775278299,0
2050,168,15,0.2146641446585168,0
2050,168,16,0.04847022930688757,0
2050,169,2,0.22792343774270357,0
2050,169,4,0.07075119871603511,0
2050,169,5,0.25024836276093565,0
2050,169,7,0.053428451352848634,0
2050,169,8,0.0650896670457717,0
2050,169,9,0.07586761460813209,0
2050,169,10,0.03290845027990246,0
2050,169,12,0.0902353870809041,0
2050,169,15,0.11016687716189473,0
2050,169,16,0.02338055325087209,0
2050,170,2,0.19647091075801232,0
2050,170,3,0.02506093475968375,0
2050,170,4,0.04975412274419039,0
2050,170,5,0.34122084993888147,0
2050,170,7,0.04057507687046798,0
2050,170,8,0.05595566222036622,0
2050,170,10,0.025267511355483618,0
2050,170,13,0.06306573847271107,0
2050,170,15,0.20262919288020292,0
2050,171,2,0.09388993350201559,0
2050,171,3,0.05339036471114453,0
2050,171,5,0.34936585277686233,0
2050,171,8,0.06242310787083963,0
2050,171,11,0.027167020874549728,0
2050,171,13,0.1921303920740848,0
2050,171,15,0.22163332819050346,0
2050,172,5,0.26100553461380094,0
2050,172,8,0.23893881510112272,0
2050,172,11,0.050878617767266265,0
2050,172,13,0.14274641879206812,0
2050,172,15,0.274645181386892,0
2050,172,16,0.031785432338849916,0
2050,173,2,0.01875435078634545,0
2050,173,5,0.47258478436711365,0
2050,173,8,0.19781730768796368,0
2050,173,10,0.022543059285654386,0
2050,173,13,0.09858159692717637,0
2050,173,15,0.1545697862834324,0
2050,173,16,0.03514911466231414,0
2050,174,2,0.1878671127818409,0
2050,174,5,0.4778471816962377,0
2050,174,8,0.10814267437556231,0
2050,174,12,0.031059743019322104,0
2050,174,15,0.024859439097179487,0
2050,174,16,0.17022384902985743,0
2050,175,2,0.3712487544909304,0
2050,175,4,0.05192036226388172,0
2050,175,5,0.24556344504757624,0
2050,175,6,0.05644902668489518,0
2050,175,10,0.02632919080140787,0
2050,175,12,0.06207097904263106,0
2050,175,13,0.06737692404925123,0
2050,175,15,0.11904131761942639,0
2050,176,2,0.2380191296507778,0
2050,176,5,0.10478947759243758,0
2050,176,6,0.22509643329778728,0
2050,176,10,0.059751244396995896,0
2050,176,11,0.047690189119617137,0
2050,176,13,0.0552066648262526,0
2050,176,15,0.26944686111613175,0
2050,177,2,0.11693602966947621,0
2050,177,3,0.048047475049624096,0
2050,177,5,0.10426985041962515,0
2050,177,8,0.038038911708113674,0
2050,177,10,0.08233965003918924,0
2050,177,11,0.1164548041317598,0
2050,177,13,0.07769360012954792,0
2050,177,15,0.40434843096093837,0
2050,177,16,0.01187124789172555,0
2050,178,2,0.03674750179636784,0
2050,178,3,0.07949437987707611,0
2050,178,5,0.3700042689631198,0
2050,178,8,0.13804923249238896,0
2050,178,11,0.04204869634011002,0
2050,178,15,0.29856765702980753,0
2050,178,16,0.03508826350112982,0
2050,179,2,0.0702699481486915,0
2050,179,3,0.14372325277412681,0
2050,179,5,0.314080054781553,0
2050,179,8,0.12287123123316813,0
2050,179,11,0.0719870699008589,0
2050,179,15,0.27706844316160173,0
2050,180,2,0.16469320113150016,0
2050,180,3,0.05125077568955394,0
2050,180,5,0.2370977619069371,0
2050,180,6,0.01570252452514635,0
2050,180,11,0.06984844847155385,0
2050,180,13,0.15250975371600162,0
2050,180,15,0.3088975345593071,0
2050,181,2,0.12632373815837175,0
2050,181,5,0.14979399263212848,0
2050,181,8,0.06090311927186001,0
2050,181,11,0.10227888193716447,0
2050,181,13,0.1550801610102076,0
2050,181,15,0.40562010699026774,0
2050,182,2,0.12288837302259654,0
2050,182,4,0.02761843175870453,0
2050,182,5,0.2879871452138224,0
2050,182,8,0.17192492951498536,0
2050,182,15,0.38958112048989113,0
2050,183,2,0.2082132153226832,0
2050,183,4,0.025365596386843714,0
2050,183,5,0.2706297060993811,0
2050,183,14,0.06065653879137588,0
2050,183,15,0.43513494339971615,0
2050,184,2,0.1708709910136046,0
2050,184,5,0.10981947299915486,0
2050,184,6,0.10002683328949126,0
2050,184,11,0.10616584714262982,0
2050,184,15,0.4074863800411157,0
2050,184,16,0.10563047551400385,0
2050,185,2,0.08124715906849966,0
2050,185,4,0.034591227150806834,0
2050,185,5,0.082220828550868,0
2050,185,8,0.1706637635031913,0
2050,185,10,0.05065367089266135,0
2050,185,11,0.07640447093162213,0
2050,185,15,0.5042188799023506,0
2050,186,2,0.03467885590904907,0
2050,186,5,0.3255731317712981,0
2050,186,8,0.08202690293312,0
2050,186,11,0.021657327397188102,0
2050,186,13,0.20457546563028955,0
2050,186,15,0.33148831635905524,0
2050,187,2,0.2725031404773682,0
2050,187,4,0.1297421170790997,0
2050,187,5,0.30347070024212053,0
2050,187,12,0.14196620307099533,0
2050,187,13,0.023930149329094586,0
2050,187,15,0.12838768980132179,0
2050,188,2,0.3223291003027477,0
2050,188,4,0.21924420489827512,0
2050,188,5,0.07999951376142113,0
2050,188,11,0.15608989253106517,0
2050,188,15,0.22233728850649082,0
2050,189,2,0.17080844108133897,0
2050,189,4,0.1247398732648827,0
2050,189,5,0.2839726709045373,0
2050,189,7,0.34985241062574757,0
2050,189,8,0.07062660412349356,0
2050,190,2,0.24551095765844905,0
2050,190,4,0.1869839384088889,0
2050,190,5,0.3427873253502874,0
2050,190,7,0.0627062382851965,0
2050,190,10,0.051641492551662636,0
2050,190,12,0.11037004774551554,0
2050,191,2,0.20041741752849815,0
2050,191,4,0.08467470659605765,0
2050,191,5,0.13082955294841025,0
2050,191,6,0.023301974495242374,0
2050,191,7,0.04406292425610438,0
2050,191,9,0.04657384465852666,0
2050,191,10,0.12395603825160008,0
2050,191,11,0.06658096929186648,0
2050,191,12,0.03558118057135886,0
2050,191,15,0.2440213914023352,0
2050,192,2,0.12127965147613066,0
2050,192,4,0.06366676777481739,0
2050,192,5,0.23971024830320437,0
2050,192,6,0.05278629397062251,0
2050,192,11,0.1474188145277385,0
2050,192,15,0.2842494618095897,0
2050,192,16,0.09088876213789696,0
2050,193,4,0.085522584568132,0
2050,193,5,0.4142496650744976,0
2050,193,8,0.11033685668733467,0
2050,193,11,0.08093265985881404,0
2050,193,13,0.04455216968716812,0
2050,193,15,0.2644060641240535,0
2050,194,3,0.056120945257876725,0
2050,194,5,0.6878522551964703,0
2050,194,8,0.0363072619002822,0
2050,194,13,0.053592127745819604,0
2050,194,15,0.09224610728285319,0
2050,194,16,0.07388130261669805,0
2050,195,5,1.0,0
2050,196,2,0.08460733864434268,0
2050,196,5,0.6116268822184823,0
2050,196,6,0.02294500162492442,0
2050,196,13,0.1414698943139963,0
2050,196,15,0.13935088319825437,0
2050,197,2,0.13352404093013195,0
2050,197,3,0.035048133271253744,0
2050,197,4,0.023726484145128693,0
2050,197,5,0.19415850183610317,0
2050,197,6,0.05356021313595757,0
2050,197,13,0.19983638395451794,0
2050,197,15,0.36014624272690704,0
2050,198,2,0.05188910671181671,0
2050,198,4,0.1631519904690248,0
2050,198,5,0.15010930231024247,0
2050,198,8,0.1700500533148254,0
2050,198,12,0.06979304513974859,0
2050,198,15,0.3802207326062369,0
2050,198,16,0.01478576944810515,0
2050,199,2,0.19539156927001386,0
2050,199,4,0.08649126496959227,0
2050,199,5,0.22110681616754263,0
2050,199,12,0.17596792556778268,0
2050,199,13,0.041911599475543716,0
2050,199,15,0.2791308245495249,0
2050,200,2,0.11812042241493359,0
2050,200,4,0.09949067374060232,0
2050,200,5,0.20815976374454323,0
2050,200,8,0.027944716251629902,0
2050,200,10,0.02655757997924608,0
2050,200,11,0.1325152577671108,0
2050,200,15,0.38721158610193407,0
2050,201,2,0.10614528441248267,0
2050,201,4,0.0829702165522575,0
2050,201,5,0.275149653028501,0
2050,201,8,0.011857634484957838,0
2050,201,10,0.06345485998894866,0
2050,201,11,0.024754708898432613,0
2050,201,13,0.11034895752292362,0
2050,201,15,0.23820405295762445,0
2050,201,16,0.08711463215387173,0
2050,202,2,0.11557251152311869,0
2050,202,4,0.08905078083517874,0
2050,202,5,0.24841377271575185,0
2050,202,8,0.059813201154489654,0
2050,202,12,0.11496439954776855,0
2050,202,15,0.37218533422369243,0
2050,203,2,0.24174687402874384,0
2050,203,4,0.027759753017966397,0
2050,203,5,0.2416766803544337,0
2050,203,6,0.030808598564462324,0
2050,203,11,0.2264817402266848,0
2050,203,15,0.23152635380770897,0
2050,204,2,0.11710377146369043,0
2050,204,4,0.07471891052570291,0
2050,204,5,0.25665883234784176,0
2050,204,6,0.13821300803190628,0
2050,204,13,0.18804872278392673,0
2050,204,15,0.22525675484693194,0
2050,205,2,0.12722197379588196,0
2050,205,5,0.1402519323504258,0
2050,205,11,0.2880149172234883,0
2050,205,13,0.13733575731427763,0
2050,205,15,0.3071754193159263,0
2050,206,2,0.06659791094322172,0
2050,206,4,0.23108648855935576,0
2050,206,5,0.46660754322726633,0
2050,206,7,0.14741674867855617,0
2050,206,8,0.053236274429378914,0
2050,206,14,0.010415846686082305,0
2050,206,15,0.024639187476138878,0
2050,207,2,0.24244035636531847,0
2050,207,4,0.2284919206716194,0
2050,207,5,0.055809261194675955,0
2050,207,9,0.09378021685382022,0
2050,207,11,0.0946717724129865,0
2050,207,12,0.06022399464857567,0
2050,207,15,0.17435389795174835,0
2050,207,16,0.05022857990125546,0
2050,208,4,0.2181619992098207,0
2050,208,5,0.2847584189548474,0
2050,208,7,0.01948731486659817,0
2050,208,8,0.23130665709324233,0
2050,208,9,0.051823790612052806,0
2050,208,15,0.12665212771138643,0
2050,208,16,0.0678096915520521,0
2050,209,4,0.08475939357374611,0
2050,209,5,0.40236138440466407,0
2050,209,7,0.18526695727553205,0
2050,209,8,0.21417666768112834,0
2050,209,15,0.0777183787824857,0
2050,209,16,0.035717218282443654,0
2050,210,2,0.09758224442234477,0
2050,210,4,0.15801024727293034,0
2050,210,5,0.1868165777848907,0
2050,210,7,0.18273297627541807,0
2050,210,8,0.09717707198113557,0
2050,210,15,0.27768088226328047,0
2050,211,2,0.13742861123431233,0
2050,211,4,0.14315618687571213,0
2050,211,5,0.1370347823387565,0
2050,211,7,0.018726143250620053,0
2050,211,12,0.06204287405985537,0
2050,211,13,0.042500829972638085,0
2050,211,14,0.034981402669440415,0
2050,211,15,0.37953773510056305,0
2050,211,16,0.04459143449810221,0
2050,212,2,0.1423018246331146,0
2050,212,4,0.0708483763718876,0
2050,212,5,0.10182408355948704,0
2050,212,7,0.02150179406009029,0
2050,212,9,0.031031693076377372,0
2050,212,11,0.14713625854512596,0
2050,212,12,0.04828197981547976,0
2050,212,13,0.08298187854313957,0
2050,212,15,0.3540921113952979,0
2050,213,2,0.0416938593395147,0
2050,213,5,0.16025832126309575,0
2050,213,6,0.07331425605092627,0
2050,213,9,0.02790846052139523,0
2050,213,10,0.035217123559974785,0
2050,213,11,0.14546028127764382,0
2050,213,15,0.49985635104078413,0
2050,213,16,0.016291346946665328,0
2050,214,2,0.04495710740317456,0
2050,214,5,0.06468239706469116,0
2050,214,6,0.0773032101176513,0
2050,214,11,0.15209967538122252,0
2050,214,13,0.08491457546223975,0
2050,214,15,0.5329453853336602,0
2050,214,16,0.043097649237360564,0
2050,215,4,0.07167619448394527,0
2050,215,5,0.04095871245716832,0
2050,215,8,0.16140269968960774,0
2050,215,12,0.09263899097715836,0
2050,215,15,0.6333234023921203,0
2050,216,4,0.10637982188935129,0
2050,216,5,0.15509100032196288,0
2050,216,7,0.042882188308431005,0
2050,216,8,0.10206806012987805,0
2050,216,12,0.07280704207957187,0
2050,216,15,0.5207718872708048,0
2050,217,2,0.10437316347765604,0
2050,217,4,0.017056097973164295,0
2050,217,5,0.07376250905118144,0
2050,217,6,0.04030922185105935,0
2050,217,11,0.1276328466593176,0
2050,217,15,0.5826930326312145,0
2050,217,16,0.05417312835640691,0
2050,218,15,1.0,0
2050,219,5,0.19825085011383425,0
2050,219,6,0.08342093298943065,0
2050,219,11,0.0360908349162362,0
2050,219,13,0.16691362094662765,0
2050,219,15,0.5153237610338713,0
2050,220,5,0.22261674368929635,0
2050,220,6,0.016489138796436084,0
2050,220,9,0.06282116226314637,0
2050,220,11,0.17904334188452548,0
2050,220,15,0.5190296133665957,0
2050,221,3,0.11173317791584864,0
2050,221,5,0.1915057062962281,0
2050,221,8,0.03220455242262649,0
2050,221,11,0.08219737654526905,0
2050,221,13,0.0764737124993035,0
2050,221,15,0.5058854743207242,0
2050,222,3,0.06671361944974734,0
2050,222,5,0.24564646239302146,0
2050,222,8,0.013109768207562367,0
2050,222,11,0.02039472146401534,0
2050,222,13,0.17537432620177354,0
2050,222,15,0.47876110228387997,0
2050,223,2,0.010357344979647564,0
2050,223,5,0.2692051331313267,0
2050,223,6,0.027522920739029354,0
2050,223,11,0.01032350534583105,0
2050,223,13,0.2812457812559609,0
2050,223,15,0.4013453145482045,0
2050,224,4,0.021711321325955303,0
2050,224,5,0.3065691079141211,0
2050,224,8,0.03555913727269704,0
2050,224,11,0.045059577043618744,0
2050,224,13,0.1136080475763456,0
2050,224,15,0.4774928088672622,0
2050,225,2,0.028600708914838242,0
2050,225,4,0.1485180870258915,0
2050,225,5,0.18496107227756603,0
2050,225,6,0.027607430540094034,0
2050,225,8,0.0927602362497189,0
2050,225,9,0.024545920167565183,0
2050,225,11,0.04439840405267344,0
2050,225,13,0.014977148695681864,0
2050,225,14,0.07904920327405124,0
2050,225,15,0.3545817888019196,0
2050,226,2,0.07951471316946647,0
2050,226,4,0.09829099421569992,0
2050,226,5,0.23841894072628442,0
2050,226,7,0.07980936854458844,0
2050,226,13,0.1909637435408686,0
2050,226,14,0.05621311495230605,0
2050,226,15,0.25678912485078614,0
2050,227,2,0.06381392660759136,0
2050,227,4,0.09884968131115288,0
2050,227,5,0.21208875202013253,0
2050,227,6,0.08347004539097169,0
2050,227,13,0.3534269629464666,0
2050,227,15,0.18835063172368488,0
2050,228,2,0.07926509321717207,0
2050,228,4,0.09236697945478596,0
2050,228,5,0.20088810260555448,0
2050,228,6,0.15884587808258893,0
2050,228,13,0.3498481492133097,0
2050,228,15,0.11878579742658896,0
2050,229,2,0.15493241124843043,0
2050,229,4,0.189988607262042,0
2050,229,5,0.23112131896438626,0
2050,229,7,0.037007113622922215,0
2050,229,10,0.05020812961943103,0
2050,229,13,0.19939046505335797,0
2050,229,15,0.1373519542294302,0
2050,230,2,0.15573944407721732,0
2050,230,4,0.12734319263545993,0
2050,230,5,0.31983678606530874,0
2050,230,7,0.10585961099781167,0
2050,230,13,0.15987652346878492,0
2050,230,15,0.13134444275541732,0
2050,231,2,0.06980024886404265,0
2050,231,5,0.28462832365036184,0
2050,231,7,0.1101113435272192,0
2050,231,11,0.056662666785409106,0
2050,231,13,0.26186897242917956,0
2050,231,15,0.21692844474378759,0
2050,232,3,0.12063018757862824,0
2050,232,5,0.19055890484993168,0
2050,232,11,0.07293729857949756,0
2050,232,13,0.0828635654862488,0
2050,232,15,0.39356541944512297,0
2050,232,16,0.13944462406057068,0
2050,233,3,0.17239710237082914,0
2050,233,5,0.0726373398842715,0
2050,233,8,0.052065311762702675,0
2050,233,12,0.028806991383803705,0
2050,233,13,0.03655363704538578,0
2050,233,15,0.5872855317798389,0
2050,233,16,0.05025408577316833,0
2050,234,2,0.022528002996226162,0
2050,234,3,0.010863921457820634,0
2050,234,5,0.12033006177133064,0
2050,234,7,0.031386173577070006,0
2050,234,8,0.01802002589393649,0
2050,234,12,0.09574825162472096,0
2050,234,13,0.09983884253436924,0
2050,234,14,0.02332427359003007,0
2050,234,15,0.5779604465544959,0
2050,235,2,0.053318667115482166,0
2050,235,4,0.12869367145148614,0
2050,235,5,0.2593429241947295,0
2050,235,7,0.13664685938649732,0
2050,235,8,0.025845381500772032,0
2050,235,12,0.02112286289884463,0
2050,235,14,0.17031307998990075,0
2050,235,15,0.20471655346228743,0
2050,236,2,0.13670348598966595,0
2050,236,3,0.029430469358208942,0
2050,236,4,0.1671789942988353,0
2050,236,5,0.36158603813628876,0
2050,236,6,0.031047952607207524,0
2050,236,7,0.10055267767170166,0
2050,236,9,0.06888212383041209,0
2050,236,10,0.03403927943766193,0
2050,236,15,0.017424457522141112,0
2050,236,16,0.053154521147876915,0
2050,237,2,0.151459812790306,0
2050,237,4,0.22166281848042818,0
2050,237,5,0.31938256695287165,0
2050,237,7,0.14210022229142794,0
2050,237,12,0.04488379903744835,0
2050,237,16,0.12051078044751795,0
2050,238,2,0.0811024524156025,0
2050,238,4,0.22193051352648935,0
2050,238,5,0.25988050460886974,0
2050,238,7,0.06391872618875548,0
2050,238,8,0.10885866835686593,0
2050,238,12,0.07398257521953648,0
2050,238,15,0.19032655968388046,0
2050,239,2,0.08445662490882673,0
2050,239,4,0.2796561865302977,0
2050,239,5,0.27951860489705327,0
2050,239,12,0.1450355884150933,0
2050,239,13,0.02587068643611564,0
2050,239,15,0.1680958499563393,0
2050,239,16,0.017366458856274063,0
2050,240,2,0.1374672336651396,0
2050,240,4,0.20152425483869246,0
2050,240,6,0.13673190430087334,0
2050,240,11,0.039954404412718775,0
2050,240,12,0.08334310451240877,0
2050,240,13,0.14461287349324367,0
2050,240,15,0.2563662247769234,0
2050,241,2,0.13392334808561626,0
2050,241,4,0.11118185953522902,0
2050,241,6,0.23851599385953895,0
2050,241,11,0.08328515706256867,0
2050,241,13,0.13645270625614583,0
2050,241,15,0.29664093520090135,0
2050,242,5,0.20639218673488746,0
2050,242,6,0.11300497963766894,0
2050,242,11,0.03422967431507292,0
2050,242,13,0.24429896255185987,0
2050,242,14,0.030859298888279478,0
2050,242,15,0.37121489787223133,0
2050,243,2,0.012335084650013494,0
2050,243,5,0.2098604017840127,0
2050,243,7,0.04818715559996963,0
2050,243,8,0.054922505317855794,0
2050,243,13,0.2551620855488097,0
2050,243,14,0.15208634438310278,0
2050,243,15,0.26744642271623587,0
2050,244,2,0.1352629480856789,0
2050,244,4,0.08882673528602052,0
2050,244,5,0.24961151396859027,0
2050,244,7,0.09307363039367074,0
2050,244,11,0.04852649120223188,0
2050,244,12,0.024293183393853595,0
2050,244,13,0.08378729193647762,0
2050,244,14,0.02289810540449756,0
2050,244,15,0.12300913507156844,0
2050,244,16,0.13071096525741036,0
2050,245,2,0.2056109904921534,0
2050,245,4,0.10329745572291392,0
2050,245,5,0.14203107257597514,0
2050,245,7,0.09799691164114019,0
2050,245,11,0.059001084601164884,0
2050,245,12,0.0681208042847721,0
2050,245,13,0.20983288819261797,0
2050,245,15,0.11410879248926246,0
2050,246,3,0.015135725234939716,0
2050,246,4,0.048134040934108654,0
2050,246,7,0.04872554620304881,0
2050,246,8,0.12022959395637355,0
2050,246,11,0.04767845087395692,0
2050,246,13,0.35465509123488986,0
2050,246,14,0.02248398617523969,0
2050,246,15,0.3429575653874427,0
2050,247,4,0.018951187593988134,0
2050,247,5,0.12381462118956907,0
2050,247,7,0.047105184408954844,0
2050,247,8,0.14837982419416476,0
2050,247,13,0.21357762234931651,0
2050,247,14,0.08026009553170625,0
2050,247,15,0.2314135194813173,0
2050,247,16,0.1364979452509833,0
2050,248,2,0.033844535955269484,0
2050,248,4,0.19746188895768582,0
2050,248,5,0.1289650079022173,0
2050,248,7,0.13773847592063942,0
2050,248,8,0.061608133746856905,0
2050,248,12,0.12290315291485483,0
2050,248,13,0.16494309398731988,0
2050,248,15,0.15253571061515636,0
2050,249,2,0.06470572735614337,0
2050,249,4,0.02381795159137339,0
2050,249,5,0.2426356255297651,0
2050,249,7,0.20666800957684728,0
2050,249,10,0.14545884247177504,0
2050,249,14,0.017943092487199688,0
2050,249,15,0.1827272878308627,0
2050,249,16,0.11604346315603338,0
2050,250,2,0.11175441856568108,0
2050,250,4,0.1043984282696659,0
2050,250,5,0.34218062452559656,0
2050,250,6,0.08244536191145907,0
2050,250,10,0.08072150086211931,0
2050,250,12,0.039509469727144746,0
2050,250,13,0.09780624575738495,0
2050,250,16,0.14118395038094844,0
2050,251,2,0.16591537906085857,0
2050,251,4,0.04002167288483871,0
2050,251,5,0.17980358929796636,0
2050,251,6,0.1904115741907738,0
2050,251,10,0.023859039804008268,0
2050,251,11,0.0827379097031828,0
2050,251,13,0.1949114915956472,0
2050,251,15,0.019965239020335677,0
2050,251,16,0.10237410444238854,0
2050,252,2,0.02112172293347687,0
2050,252,5,0.19526975820701098,0
2050,252,8,0.07428010708109628,0
2050,252,11,0.12426682644221815,0
2050,252,13,0.13965285315153067,0
2050,252,15,0.3337490040296172,0
2050,252,16,0.11165972815504986,0
2050,253,3,0.14239862665915595,0
2050,253,5,0.06457284520840437,0
2050,253,7,0.07442174130725224,0
2050,253,8,0.06500867314189343,0
2050,253,15,0.4595332316559656,0
2050,253,16,0.19406488202732847,0
2050,254,4,0.1213504612023701,0
2050,254,5,0.05208076285550964,0
2050,254,7,0.0911420812908136,0
2050,254,12,0.12919959311834067,0
2050,254,13,0.1862855857376275,0
2050,254,15,0.38159359816744143,0
2050,254,16,0.03834791762789712,0
2050,255,2,0.06632051422900563,0
2050,255,4,0.239857759547286,0
2050,255,5,0.0906949389881361,0
2050,255,6,0.05426412097390479,0
2050,255,7,0.016052972479330848,0
2050,255,10,0.06038950685694186,0
2050,255,12,0.12948620444049394,0
2050,255,15,0.261725460374609,0
2050,255,16,0.08120852211029182,0
2050,256,2,0.05469427461904568,0
2050,256,4,0.12727095814239434,0
2050,256,5,0.2648188319206317,0
2050,256,6,0.13415396291270082,0
2050,256,7,0.027535879119804783,0
2050,256,9,0.13870973587722532,0
2050,256,10,0.04603778158433577,0
2050,256,11,0.036947209461145776,0
2050,256,13,0.15502267037660783,0
2050,256,14,0.014808695986107845,0
2050,257,2,0.10403869186096684,0
2050,257,4,0.1588831458469559,0
2050,257,5,0.1299994280991718,0
2050,257,6,0.044581327806176775,0
2050,257,7,0.100611461510518,0
2050,257,9,0.12969403328406087,0
2050,257,10,0.043490020308447785,0
2050,257,12,0.05975099525894416,0
2050,257,16,0.22895089602475757,0
2050,258,2,0.10617227439228309,0
2050,258,4,0.19699123157959875,0
2050,258,5,0.2094774024983787,0
2050,258,7,0.16569918555006818,0
2050,258,9,0.029352259935246556,0
2050,258,11,0.09096246332653428,0
2050,258,12,0.05907925438370785,0
2050,258,14,0.053523722145258246,0
2050,258,16,0.08874220618892427,0
2050,259,5,0.3474435682749974,0
2050,259,7,0.2577269201304389,0
2050,259,9,0.11760116636737356,0
2050,259,13,0.0717679380237269,0
2050,259,14,0.20546040720346334,0
2050,260,2,0.06771335800854196,0
2050,260,4,0.13001231068443236,0
2050,260,5,0.23640403017817463,0
2050,260,7,0.13855769152063976,0
2050,260,10,0.03630132071702019,0
2050,260,12,0.14643912363979922,0
2050,260,14,0.1348323638438,0
2050,260,16,0.10973980140759194,0
2050,261,2,0.09832503049245471,0
2050,261,4,0.2886104880356476,0
2050,261,5,0.1525213111674062,0
2050,261,6,0.22991916629896061,0
2050,261,11,0.0525763475028161,0
2050,261,12,0.05491814978313597,0
2050,261,13,0.12312950671957881,0
2050,262,2,0.0671569803145244,0
2050,262,4,0.1545571245874666,0
2050,262,5,0.1359495788516067,0
2050,262,6,0.19321950067758142,0
2050,262,11,0.23288516731189582,0
2050,262,13,0.2033318332647455,0
2050,262,15,0.012899814992179546,0
2050,263,3,0.13917293071085504,0
2050,263,5,0.1832131058598115,0
2050,263,7,0.04274430079676145,0
2050,263,10,0.05151106413089361,0
2050,263,11,0.15344921582258741,0
2050,263,13,0.2499587926040621,0
2050,263,15,0.11661126111341819,0
2050,263,16,0.0633393289616106,0
2050,264,3,0.14032161903870483,0
2050,264,5,0.11838390979903546,0
2050,264,7,0.030594135174043562,0
2050,264,12,0.025431634881081955,0
2050,264,13,0.35950355854791133,0
2050,264,15,0.21302237305277752,0
2050,264,16,0.11274276950644535,0
2050,265,4,0.08276256547280995,0
2050,265,5,0.23975073717790502,0
2050,265,6,0.05301473625508933,0
2050,265,7,0.2182538196096229,0
2050,265,13,0.29417454353331474,0
2050,265,14,0.013748010180739593,0
2050,265,15,0.09829558777051858,0
2050,266,4,0.03251954279847293,0
2050,266,5,0.2752180079123864,0
2050,266,8,0.07107047621485053,0
2050,266,11,0.3283585193471059,0
2050,266,13,0.06170780199091626,0
2050,266,16,0.23112565173626798,0
2050,267,3,0.13830214429493154,0
2050,267,4,0.047279800674802794,0
2050,267,5,0.22104622665557977,0
2050,267,7,0.05000122243960514,0
2050,267,8,0.15269627236953962,0
2050,267,12,0.17232483018455363,0
2050,267,13,0.07438737284256022,0
2050,267,14,0.025799033892709117,0
2050,267,16,0.11816309664571814,0
2050,268,2,0.03767249767475834,0
2050,268,4,0.025403018872970987,0
2050,268,5,0.1346416912547171,0
2050,268,10,0.09153037904486926,0
2050,268,11,0.069933509036725,0
2050,268,12,0.04255104141176551,0
2050,268,13,0.32914624649956264,0
2050,268,14,0.07797312168612311,0
2050,268,15,0.14009153411196243,0
2050,268,16,0.05105696040654576,0
2050,269,2,0.044318029360832935,0
2050,269,3,0.09042004389947932,0
2050,269,5,0.1752158271670295,0
2050,269,7,0.04164773225159294,0
2050,269,11,0.11912875801152731,0
2050,269,13,0.33745304305093704,0
2050,269,15,0.03157823505585545,0
2050,269,16,0.16023833120274555,0
2050,270,2,0.025283040983907313,0
2050,270,3,0.07081059154630952,0
2050,270,5,0.15367308979577243,0
2050,270,6,0.0710286005956313,0
2050,270,7,0.059160152363423285,0
2050,270,8,0.019090970052743253,0
2050,270,9,0.01313656033130128,0
2050,270,11,0.08322829032421794,0
2050,270,12,0.017135067003147795,0
2050,270,13,0.15017941365497312,0
2050,270,16,0.33727422334857293,0
2050,271,3,0.05565073064037095,0
2050,271,5,0.08041466575474068,0
2050,271,6,0.1794918342432202,0
2050,271,8,0.0536585218382503,0
2050,271,9,0.13175264653258323,0
2050,271,11,0.04041464465111705,0
2050,271,15,0.0722817934748266,0
2050,271,16,0.386335162864891,0
2050,272,3,0.11614262565754103,0
2050,272,5,0.21426843874490542,0
2050,272,6,0.0845573848723065,0
2050,272,7,0.15351054808464212,0
2050,272,8,0.032243787110346984,0
2050,272,15,0.08693265168273089,0
2050,272,16,0.31234456384752707,0
2050,273,5,0.2538278933076564,0
2050,273,6,0.22132375812225807,0
2050,273,7,0.12454196177889246,0
2050,273,8,0.05768011717590117,0
2050,273,12,0.09027685035741498,0
2050,273,15,0.036224894620906806,0
2050,273,16,0.21612452463697004,0
2050,274,2,0.09157531974466455,0
2050,274,4,0.05242418206135073,0
2050,274,5,0.18212851649464237,0
2050,274,6,0.32433941217994877,0
2050,274,12,0.18496544414379645,0
2050,274,16,0.16456712537559706,0
2050,275,2,0.14670502412140357,0
2050,275,4,0.11525297420728167,0
2050,275,5,0.044928518641293505,0
2050,275,6,0.41028400766516426,0
2050,275,10,0.07355308730788705,0
2050,275,12,0.049573607039098216,0
2050,275,13,0.15970278101787166,0
2050,276,5,0.21220818746284922,0
2050,276,6,0.03157138418714482,0
2050,276,10,0.03669567056707124,0
2050,276,11,0.20103978639834466,0
2050,276,13,0.37922181198667165,0
2050,276,14,0.012476860545559472,0
2050,276,15,0.12678629885235893,0
2050,277,3,0.09292626302346899,0
2050,277,5,0.14061734467216916,0
2050,277,11,0.32841001124551533,0
2050,277,13,0.3993682563827248,0
2050,277,14,0.02574033854128855,0
2050,277,16,0.012937786134833188,0
2050,278,4,0.11545829474401903,0
2050,278,5,0.056659110489992136,0
2050,278,8,0.15059060627293303,0
2050,278,9,0.07163801378047267,0
2050,278,11,0.017775077088441203,0
2050,278,12,0.014119285197331187,0
2050,278,13,0.3800740245272788,0
2050,278,14,0.193685587899532,0
2050,279,2,0.143594461244573,0
2050,279,4,0.2857430730586733,0
2050,279,7,0.19700640895640695,0
2050,279,13,0.37365605674034674,0
2050,280,2,0.08180323266367308,0
2050,280,4,0.13613073658660343,0
2050,280,5,0.07034581135218888,0
2050,280,7,0.25549775639382255,0
2050,280,12,0.08602663305876404,0
2050,280,13,0.26758899879083997,0
2050,280,14,0.0,0
2050,280,15,0.06775121119582554,0
2050,280,16,0.034855619958282485,0
2050,281,2,0.10821406278572884,0
2050,281,3,0.043683553542671574,0
2050,281,5,0.06062707238251375,0
2050,281,7,0.03041425425383988,0
2050,281,8,0.014639456093519725,0
2050,281,10,0.04566403920928558,0
2050,281,12,0.061383435271214,0
2050,281,13,0.5227019957560867,0
2050,281,15,0.11267213070513996,0
2050,282,2,0.04660483644073369,0
2050,282,3,0.06590045880131473,0
2050,282,8,0.08653457145478778,0
2050,282,11,0.09756448646781976,0
2050,282,13,0.5710070303800321,0
2050,282,15,0.13238861645531208,0
2050,283,3,0.254717581938839,0
2050,283,5,0.06338727781808781,0
2050,283,7,0.07326867031192275,0
2050,283,8,0.15348367121022372,0
2050,283,9,0.033015304034710695,0
2050,283,11,0.02635176993820097,0
2050,283,13,0.3536912725163125,0
2050,283,16,0.04208445223170255,0
2050,284,2,0.02966042470258046,0
2050,284,3,0.21654775801459783,0
2050,284,5,0.1169288850761692,0
2050,284,7,0.16606933979564448,0
2050,284,8,0.12002706865081506,0
2050,284,10,0.08401046321119639,0
2050,284,13,0.10125721579766653,0
2050,284,15,0.05888540535256011,0
2050,284,16,0.10661343939876992,0
2050,285,2,0.08784172771239492,0
2050,285,3,0.0279809391014708,0
2050,285,7,0.12491938832962456,0
2050,285,9,0.029769454350435924,0
2050,285,10,0.035445023776049495,0
2050,285,13,0.4446979185613727,0
2050,285,14,0.04070796248369188,0
2050,285,15,0.20863758568495971,0
2050,286,2,0.0687129857773533,0
2050,286,7,0.15833278482335914,0
2050,286,8,0.10328654475607617,0
2050,286,12,0.07942736170521976,0
2050,286,13,0.4192191075569146,0
2050,286,15,0.07491735528997849,0
2050,286,16,0.09610386009109848,0
2050,287,2,0.1417360178647197,0
2050,287,3,0.11403365171604554,0
2050,287,5,0.013339257816388443,0
2050,287,7,0.2035610024873985,0
2050,287,8,0.04032103708725235,0
2050,287,12,0.049646872267450695,0
2050,287,13,0.3790246940585182,0
2050,287,16,0.05833746670222668,0
2050,288,2,0.1325189129629536,0
2050,288,7,0.1239942275017346,0
2050,288,9,0.07071165315625141,0
2050,288,10,0.15898932490844214,0
2050,288,12,0.11188108981839877,0
2050,288,13,0.4019047916522195,0
2050,289,2,0.1467987558881287,0
2050,289,4,0.06337125039856428,0
2050,289,7,0.02234747895379224,0
2050,289,10,0.16353438681592772,0
2050,289,12,0.07299467412161235,0
2050,289,13,0.4263465525427134,0
2050,289,15,0.0498277532773042,0
2050,289,16,0.054779148001956955,0
2050,290,2,0.01788189325845983,0
2050,290,5,0.04081461125235018,0
2050,290,8,0.010238542446557487,0
2050,290,11,0.03025645986362706,0
2050,290,12,0.017684982365124228,0
2050,290,13,0.6807858283132093,0
2050,290,14,0.14590978639592864,0
2050,290,15,0.04196030139042844,0
2050,290,16,0.014467594714314845,0
2050,291,13,1.0,0
2050,292,3,0.11642873028413564,0
2050,292,5,0.11361709938041252,0
2050,292,11,0.0181011639833587,0
2050,292,13,0.6643800750092381,0
2050,292,14,0.02907397898050034,0
2050,292,16,0.05839895236235473,0
2050,293,3,0.10115360855154759,0
2050,293,5,0.2350278654752739,0
2050,293,8,0.020599902083520586,0
2050,293,9,0.06316455489838234,0
2050,293,11,0.14549357602947005,0
2050,293,13,0.33814779965866776,0
2050,293,16,0.0964126933031378,0
2050,294,3,0.018860137998998976,0
2050,294,7,0.06262059863901911,0
2050,294,8,0.20893124671551672,0
2050,294,11,0.022788392987483908,0
2050,294,12,0.1885156963637833,0
2050,294,13,0.3001739748866338,0
2050,294,15,0.045417260578643884,0
2050,294,16,0.1526926918299203,0
2050,295,2,0.14235945848248233,0
2050,295,3,0.017280585797905368,0
2050,295,4,0.1222157462642561,0
2050,295,8,0.020991726577478092,0
2050,295,9,0.04415012036366304,0
2050,295,12,0.41575209160560783,0
2050,295,13,0.1589626235415736,0
2050,295,16,0.07828764736703357,0
2050,296,2,0.19080828410485962,0
2050,296,4,0.019243658409383912,0
2050,296,6,0.059557038090089526,0
2050,296,9,0.07815507700492427,0
2050,296,10,0.3443539551003714,0
2050,296,12,0.1336072179098221,0
2050,296,13,0.17427476938054903,0
2050,297,2,0.028632273557164724,0
2050,297,3,0.08108141325776318,0
2050,297,4,0.08136937034599866,0
2050,297,8,0.15433306821614237,0
2050,297,10,0.036063068182428444,0
2050,297,12,0.19514564326067302,0
2050,297,13,0.22274525055270583,0
2050,297,14,0.02446990327019743,0
2050,297,15,0.17616000935692627,0
2050,298,2,0.17785110066681883,0
2050,298,4,0.22592889363545093,0
2050,298,6,0.07666244983710274,0
2050,298,10,0.07387763065829799,0
2050,298,12,0.0771047272368515,0
2050,298,13,0.368575197965478,0
2050,299,2,0.08889200905718865,0
2050,299,4,0.18198394729248207,0
2050,299,8,0.15583343619674359,0
2050,299,9,0.012188425476327118,0
2050,299,10,0.09694054990907401,0
2050,299,11,0.21063357754409123,0
2050,299,13,0.1902526890301728,0
2050,299,16,0.06327536549392061,0
2050,300,2,0.14118381422309642,0
2050,300,4,0.104522105696352,0
2050,300,5,0.15355967002761634,0
2050,300,8,0.05565938983936723,0
2050,300,9,0.03598499386002637,0
2050,300,10,0.06730219411211405,0
2050,300,11,0.14284486315328893,0
2050,300,13,0.11155957029224171,0
2050,300,14,0.16024333999648122,0
2050,300,16,0.027140058799415726,0
2050,301,2,0.15299870846598612,0
2050,301,3,0.06643366523951029,0
2050,301,4,0.057543756464830086,0
2050,301,5,0.03131327768026716,0
2050,301,7,0.24613644915721886,0
2050,301,13,0.34451414121374874,0
2050,301,14,0.10106000177843864,0
2050,302,3,0.1550680690564021,0
2050,302,4,0.020718501204233547,0
2050,302,8,0.0382872615386718,0
2050,302,10,0.11374717881053881,0
2050,302,11,0.11884568827769694,0
2050,302,13,0.3525097667518827,0
2050,302,15,0.05521879314085413,0
2050,302,16,0.1456047412197201,0
2050,303,3,0.21518863291950052,0
2050,303,8,0.142746029020385,0
2050,303,12,0.11926295561983304,0
2050,303,13,0.07470936378976316,0
2050,303,14,0.1904430849535575,0
2050,303,15,0.1564603299434361,0
2050,303,16,0.10118960375352462,0
2050,304,2,0.0422375376881492,0
2050,304,3,0.07273734641851445,0
2050,304,4,0.10891277685124698,0
2050,304,5,0.044531035993414674,0
2050,304,6,0.07809546828691014,0
2050,304,7,0.04547963896125041,0
2050,304,9,0.08898649677187885,0
2050,304,10,0.03443130655141407,0
2050,304,12,0.2482381413177265,0
2050,304,13,0.09912236498398266,0
2050,304,15,0.10742049960691634,0
2050,304,16,0.02980738656859569,0
2050,305,2,0.13691008201107494,0
2050,305,4,0.027467039046848454,0
2050,305,6,0.24919933608028746,0
2050,305,9,0.13315051453375315,0
2050,305,10,0.178163755883571,0
2050,305,11,0.22609556312858284,0
2050,305,13,0.04901370931588209,0
2050,306,2,0.04290902040956727,0
2050,306,4,0.16084239646008983,0
2050,306,6,0.3324594809654798,0
2050,306,9,0.057977739870089355,0
2050,306,10,0.016497184025161565,0
2050,306,11,0.13743908444208452,0
2050,306,13,0.25187509382752776,0
2050,307,4,0.07286337137638164,0
2050,307,5,0.17983360284708405,0
2050,307,6,0.17453575902609006,0
2050,307,11,0.1278480441226934,0
2050,307,13,0.3152895498788251,0
2050,307,14,0.11480671189547782,0
2050,307,15,0.014822960853447795,0
2050,308,4,0.08807303407348552,0
2050,308,5,0.22793911981976026,0
2050,308,6,0.044331942899899016,0
2050,308,8,0.030974771419412742,0
2050,308,11,0.03364874866472846,0
2050,308,13,0.40883723195851907,0
2050,308,14,0.16619515116419492,0
2050,309,3,0.027304261930681202,0
2050,309,4,0.11909825338785779,0
2050,309,5,0.03019307068627027,0
2050,309,8,0.11147568662744259,0
2050,309,13,0.38495249395608344,0
2050,309,14,0.1824290494560779,0
2050,309,15,0.1445471839555868,0
2050,310,1,0.027506978175171354,0
2050,310,4,0.2056791760216584,0
2050,310,5,0.08157041900716636,0
2050,310,8,0.16522815180273587,0
2050,310,12,0.021709717687438818,0
2050,310,13,0.13842602097183304,0
2050,310,14,0.2081858628125338,0
2050,310,15,0.06805415583428426,0
2050,310,16,0.08363951768717819,0
2050,311,2,0.013998414225464134,0
2050,311,4,0.4071232238633934,0
2050,311,5,0.13854519595825937,0
2050,311,8,0.042337651699945314,0
2050,311,12,0.14141353045677776,0
2050,311,13,0.15701241089355,0
2050,311,14,0.07920678476661831,0
2050,311,16,0.0203627881359917,0
2050,312,2,0.10653933122941824,0
2050,312,4,0.3982259258679038,0
2050,312,7,0.023402418174101297,0
2050,312,10,0.1761002721764562,0
2050,312,12,0.022555233081236182,0
2050,312,13,0.16761488804805888,0
2050,312,15,0.018909222534051102,0
2050,312,16,0.08665270888877434,0
2050,313,4,0.3774750404663775,0
2050,313,5,0.09892469136310543,0
2050,313,7,0.08168532208558806,0
2050,313,8,0.026071111666376594,0
2050,313,10,0.01779173082621115,0
2050,313,12,0.26782788772884575,0
2050,313,16,0.13022421586349564,0
2050,314,2,0.07967272184845707,0
2050,314,4,0.3197024626382088,0
2050,314,5,0.03406162564330897,0
2050,314,7,0.2584675066096825,0
2050,314,10,0.26076436393954616,0
2050,314,16,0.047331319320796504,0
2050,315,2,0.1251921562437191,0
2050,315,4,0.2612426559610532,0
2050,315,5,0.02006487248765783,0
2050,315,7,0.11133367933406821,0
2050,315,10,0.20108110500512213,0
2050,315,12,0.06779065233339714,0
2050,315,15,0.0627151758496985,0
2050,315,16,0.15057970278528388,0
2050,316,2,0.062160017923865454,0
2050,316,4,0.3145343615481685,0
2050,316,10,0.07712926930859709,0
2050,316,12,0.14545026648932602,0
2050,316,13,0.20438302585554613,0
2050,316,15,0.08638992437989614,0
2050,316,16,0.10995313449460076,0
2050,317,4,0.41295261091748997,0
2050,317,5,0.11480845825259968,0
2050,317,8,0.11573471607073654,0
2050,317,12,0.22268571260251704,0
2050,317,14,0.06644182881759474,0
2050,317,16,0.06737667333906183,0
2050,318,2,0.05938645724930234,0
2050,318,4,0.4195300961293751,0
2050,318,5,0.020610387659758245,0
2050,318,7,0.16509963076702566,0
2050,318,8,0.016850555753923586,0
2050,318,10,0.17088368052941644,0
2050,318,16,0.14763919191119865,0
2050,319,4,0.11481330052401915,0
2050,319,5,0.12802222465861582,0
2050,319,7,0.051411482095595554,0
2050,319,8,0.12048414259874045,0
2050,319,10,0.1645076206724726,0
2050,319,16,0.42076122945055644,0
2050,320,4,0.17178702055595066,0
2050,320,5,0.16803481419238137,0
2050,320,7,0.0738341286744523,0
2050,320,8,0.08334910695474039,0
2050,320,12,0.21229270376678325,0
2050,320,14,0.05454998626771958,0
2050,320,16,0.23615223958797246,0
2050,321,2,0.05554055304868985,0
2050,321,4,0.3851569039756482,0
2050,321,5,0.17792312019520487,0
2050,321,7,0.09302844341569515,0
2050,321,8,0.03676949879477733,0
2050,321,10,0.03636519301192515,0
2050,321,14,0.03336182169431662,0
2050,321,16,0.18185446586374265,0
2050,322,2,0.02281326707743529,0
2050,322,4,0.22064869160989084,0
2050,322,5,0.04887614869797545,0
2050,322,7,0.3116149250075944,0
2050,322,8,0.04222840343722687,0
2050,322,10,0.07074713917447566,0
2050,322,16,0.28307142499540144,0
2050,323,4,0.2972776013299118,0
2050,323,5,0.06803010620376282,0
2050,323,7,0.22689590386451686,0
2050,323,10,0.07611763409100232,0
2050,323,14,0.01877344005872346,0
2050,323,16,0.31290531445208275,0
2050,324,16,1.0,0
2050,325,3,0.14495568869579492,0
2050,325,5,0.019820264809000877,0
2050,325,8,0.019449687404941733,0
2050,325,9,0.22597830960076856,0
2050,325,12,0.16367986190884676,0
2050,325,14,0.10444540212847037,0
2050,325,16,0.32167078545217653,0
2050,326,3,0.106313430556638,0
2050,326,4,0.012100596892936369,0
2050,326,5,0.020608019592865907,0
2050,326,7,0.08890689639881094,0
2050,326,9,0.08183509420716423,0
2050,326,10,0.18519131944952083,0
2050,326,12,0.1844914051664247,0
2050,326,13,0.1602588276353045,0
2050,326,14,0.11384823346332715,0
2050,326,15,0.046446176637007376,0
2050,327,1,0.013463202192340418,0
2050,327,3,0.300090101605626,0
2050,327,4,0.0650379057671244,0
2050,327,5,0.03556296040763919,0
2050,327,13,0.31853484512797986,0
2050,327,14,0.2139216386590669,0
2050,327,16,0.0533893462402232,0
2050,328,4,0.3687362537676754,0
2050,328,5,0.043119683333620706,0
2050,328,8,0.05645434510651372,0
2050,328,12,0.2928469234336289,0
2050,328,13,0.11155509493880554,0
2050,328,16,0.1272876994197558,0
2050,329,2,0.07937199025056987,0
2050,329,4,0.3319317877257521,0
2050,329,9,0.2548457084498121,0
2050,329,11,0.13254849008880012,0
2050,329,13,0.03135665836327651,0
2050,329,16,0.1699453651217892,0
2050,330,2,0.026235768890785188,0
2050,330,3,0.35058916922076555,0
2050,330,4,0.11867010333170144,0
2050,330,6,0.020454988472303075,0
2050,330,9,0.11377059483364514,0
2050,330,11,0.2271958193873022,0
2050,330,12,0.07910969027351498,0
2050,330,14,0.01983752902572447,0
2050,330,16,0.044136336564258,0
2050,331,2,0.026475961011339158,0
2050,331,3,0.06559392582973697,0
2050,331,4,0.29918723378838497,0
2050,331,9,0.16501554894964746,0
2050,331,12,0.39549684881301184,0
2050,331,16,0.04823048160787966,0
2050,332,4,0.48801374792126495,0
2050,332,7,0.11170096612081275,0
2050,332,9,0.1396545707509045,0
2050,332,10,0.07696413844012613,0
2050,332,12,0.15077642258981547,0
2050,332,16,0.03289015417707615,0
2050,333,4,0.4008222816260419,0
2050,333,7,0.16711040145856004,0
2050,333,9,0.05512365185662456,0
2050,333,10,0.03616508771719679,0
2050,333,12,0.133999896269262,0
2050,333,16,0.20677868107231479,0
2050,334,2,0.036399349119332174,0
2050,334,4,0.40908749299540376,0
2050,334,7,0.2098234039199819,0
2050,334,9,0.034184932019165094,0
2050,334,10,0.152445583452163,0
2050,334,16,0.15805923849395412,0
2050,335,2,0.050676159686419336,0
2050,335,4,0.33295025819195134,0
2050,335,6,0.02523154089120206,0
2050,335,7,0.14656806321918278,0
2050,335,9,0.09778588946303868,0
2050,335,10,0.17357203202307742,0
2050,335,16,0.17321605652512834,0
2050,336,4,0.38264635281268006,0
2050,336,5,0.015774547498147846,0
2050,336,7,0.1124769691544419,0
2050,336,8,0.10423462552555532,0
2050,336,10,0.16679701816872536,0
2050,336,12,0.03715975553888014,0
2050,336,15,0.1580898626036605,0
2050,336,16,0.022820868697908937,0
2050,337,1,0.01911369887329694,0
2050,337,4,0.5441559825470932,0
2050,337,6,0.048785219399153555,0
2050,337,12,0.13266989105473914,0
2050,337,13,0.19336744595650546,0
2050,337,14,0.06190776216921166,0
2050,338,4,0.7610482089269365,0
2050,338,10,0.053894403213027825,0
2050,338,12,0.13018558650312217,0
2050,338,13,0.054871801356913705,0
2050,339,2,0.03435497446635822,0
2050,339,4,0.7487882447260418,0
2050,339,6,0.02063906555926598,0
2050,339,10,0.04571822092284533,0
2050,339,12,0.1370390487029556,0
2050,339,13,0.01346044562253309,0
2050,340,2,0.03677872397808795,0
2050,340,4,0.7993415131319833,0
2050,340,6,0.05274845582572203,0
2050,340,7,0.017339477417782995,0
2050,340,10,0.037222122722890154,0
2050,340,12,0.01941328689972039,0
2050,340,14,0.037156420023813176,0
2050,341,4,0.6319770393084058,0
2050,341,6,0.08364342806142039,0
2050,341,9,0.026883557759958984,0
2050,341,11,0.20245462921680787,0
2050,341,13,0.05504134565340707,0
2050,342,4,0.5675148139276788,0
2050,342,8,0.10935618095911165,0
2050,342,12,0.10867208734575617,0
2050,342,14,0.12267567580398614,0
2050,342,15,0.09178124196346717,0
2050,343,2,0.062447897260585625,0
2050,343,4,0.7157660797800727,0
2050,343,6,0.04300266423071032,0
2050,343,11,0.043075841574722495,0
2050,343,12,0.11192326199455972,0
2050,343,13,0.0237842551593491,0
2050,344,4,0.6333581745777161,0
2050,344,6,0.016697391156787075,0
2050,344,10,0.07429419526080608,0
2050,344,12,0.2756502390046907,0
2050,345,4,0.6939300352447975,0
2050,345,7,0.06423271474578969,0
2050,345,10,0.16851767256434588,0
2050,345,12,0.03391268449548208,0
2050,345,14,0.03940689294958483,0
2050,346,4,0.5234796801201912,0
2050,346,5,0.05318332777753952,0
2050,346,7,0.023517819862392014,0
2050,346,10,0.23908742390858523,0
2050,346,13,0.16073174833129208,0
2050,347,3,0.11005522098168667,0
2050,347,4,0.2977779897212645,0
2050,347,5,0.13489326541262378,0
2050,347,10,0.07911791558927762,0
2050,347,11,0.07188161002043895,0
2050,347,13,0.1610546502298921,0
2050,347,14,0.14521934804481654,0
2050,348,1,0.02569817110981024,0
2050,348,3,0.09679384976513855,0
2050,348,4,0.31970074025104,0
2050,348,11,0.2226179046099171,0
2050,348,13,0.26652582018066523,0
2050,348,14,0.06866351408342887,0
2050,349,3,0.16909518790921696,0
2050,349,4,0.35327402383564055,0
2050,349,11,0.13830494820425387,0
2050,349,13,0.3184457842561321,0
2050,349,14,0.020880055794756457,0
2050,350,3,0.09428127884384278,0
2050,350,4,0.6040675823818307,0
2050,350,5,0.08693324894682876,0
2050,350,7,0.014539020639520828,0
2050,350,8,0.08146206768239071,0
2050,350,11,0.052251051579411276,0
2050,350,14,0.04781391099094522,0
2050,350,15,0.01865183893522963,0
2050,351,3,0.17484717551262788,0
2050,351,4,0.6516651376917162,0
2050,351,5,0.06787229599215429,0
2050,351,7,0.04799026219461741,0
2050,351,14,0.057625128608884246,0
2050,352,3,0.05458606540736518,0
2050,352,4,0.7761357599465979,0
2050,352,12,0.11022168129366676,0
2050,352,13,0.05905649335237032,0
2050,353,4,0.8871430659005544,0
2050,353,11,0.04094936079747997,0
2050,353,13,0.07190757330196557,0
2050,354,4,1.0,0
2050,355,4,0.8617276662135519,0
2050,355,7,0.030723447266785595,0
2050,355,10,0.01827142562615297,0
2050,355,12,0.01628637220900262,0
2050,355,16,0.07299108868450697,0
2050,356,4,0.7279630186188898,0
2050,356,7,0.20395088394057403,0
2050,356,10,0.0176946230530675,0
2050,356,16,0.050391474387468785,0
2050,357,2,0.05136127087887986,0
2050,357,4,0.7362975996858574,0
2050,357,7,0.11291249574895883,0
2050,357,10,0.06763630028914477,0
2050,357,12,0.031792333397159124,0
2050,358,2,0.051497210910335836,0
2050,358,4,0.6829773000311532,0
2050,358,12,0.18423349033459283,0
2050,358,14,0.08129199872391829,0
2050,359,2,0.0679321061360631,0
2050,359,4,0.6520313956089471,0
2050,359,5,0.0463691525942696,0
2050,359,7,0.05321810603533963,0
2050,359,9,0.03653995455511913,0
2050,359,11,0.041248409736896675,0
2050,359,12,0.07851941544639232,0
2050,359,13,0.02414145988697268,0
2050,360,4,0.48450493739768796,0
2050,360,5,0.10838872944531769,0
2050,360,6,0.011874661448942886,0
2050,360,7,0.023545946794705546,0
2050,360,8,0.010263914162840915,0
2050,360,9,0.1247368492523373,0
2050,360,11,0.015235682814440833,0
2050,360,14,0.1800798412528396,0
2050,360,16,0.041369437430887175,0
2050,361,4,0.39782815804011357,0
2050,361,5,0.08687815923824882,0
2050,361,7,0.05069386039154444,0
2050,361,12,0.079645281776369,0
2050,361,13,0.07860495779677347,0
2050,361,14,0.3063495827569508,0
2050,362,3,0.06849869562823958,0
2050,362,4,0.4190621203830676,0
2050,362,7,0.022168709726240597,0
2050,362,8,0.03695336989783936,0
2050,362,9,0.10523400710635725,0
2050,362,13,0.1859596887590356,0
2050,362,14,0.1621234084992201,0
2050,363,3,0.05762150829877498,0
2050,363,4,0.3403423257029864,0
2050,363,5,0.062863820507263,0
2050,363,7,0.0336333046071304,0
2050,363,12,0.20861885284467038,0
2050,363,13,0.03002131398842328,0
2050,363,14,0.1694153540803206,0
2050,363,15,0.04524753345586317,0
2050,363,16,0.052235986514567866,0
2050,364,3,0.10843580386476713,0
2050,364,4,0.282832932652594,0
2050,364,5,0.02306375677276531,0
2050,364,7,0.13624620778414268,0
2050,364,9,0.0510211295776541,0
2050,364,12,0.31994859489517824,0
2050,364,14,0.03566088206107609,0
2050,364,16,0.04279069239182223,0
2050,365,4,0.40775143528295515,0
2050,365,10,0.16876897424633516,0
2050,365,12,0.2575321847526652,0
2050,365,14,0.101886430430158,0
2050,365,16,0.06406097528788653,0
