rep_period,timestep,year,scenario,profile_name,value
1,1,2030,0,demand,0.5152998564666174
1,2,2030,0,demand,0.507427863654097
1,3,2030,0,demand,0.5070583267874493
1,4,2030,0,demand,0.4912344163665584
1,5,2030,0,demand,0.5106762847277455
1,6,2030,0,demand,0.529950261924999
1,7,2030,0,demand,0.5692087535884744
1,8,2030,0,demand,0.59886563722633
1,9,2030,0,demand,0.6211727654289412
1,10,2030,0,demand,0.6466376381425956
1,11,2030,0,demand,0.6637157521818245
1,12,2030,0,demand,0.6619616259201482
1,13,2030,0,demand,0.6733047118079938
1,14,2030,0,demand,0.67544993872872
1,15,2030,0,demand,0.6838027112418754
1,16,2030,0,demand,0.6891011633942893
1,17,2030,0,demand,0.6850088718021823
1,18,2030,0,demand,0.6813767574677125
1,19,2030,0,demand,0.6753753921229186
1,20,2030,0,demand,0.6819564290721469
1,21,2030,0,demand,0.667786151864942
1,22,2030,0,demand,0.6195385188129843
1,23,2030,0,demand,0.5807045845831842
1,24,2030,0,demand,0.5663118444565236
1,1,2030,0,solar,0.0
1,2,2030,0,solar,0.0
1,3,2030,0,solar,0.0
1,4,2030,0,solar,0.0
1,5,2030,0,solar,0.0
1,6,2030,0,solar,0.0
1,7,2030,0,solar,0.0013519472240217042
1,8,2030,0,solar,0.06681936408722464
1,9,2030,0,solar,0.17945955539945926
1,10,2030,0,solar,0.3167712432857327
1,11,2030,0,solar,0.4428769387235056
1,12,2030,0,solar,0.5288489154269542
1,13,2030,0,solar,0.5531750486870648
1,14,2030,0,solar,0.5515949397491627
1,15,2030,0,solar,0.5225332026200682
1,16,2030,0,solar,0.44032119443259515
1,17,2030,0,solar,0.3237803463872759
1,18,2030,0,solar,0.16567857476008865
1,19,2030,0,solar,0.021584985796304135
1,20,2030,0,solar,0.0
1,21,2030,0,solar,0.0
1,22,2030,0,solar,0.0
1,23,2030,0,solar,0.0
1,24,2030,0,solar,0.0
1,1,2030,0,wind_offshore,0.8236847634135486
1,2,2030,0,wind_offshore,0.867919822864566
1,3,2030,0,wind_offshore,0.8930791817499465
1,4,2030,0,wind_offshore,0.8908952479032909
1,5,2030,0,wind_offshore,0.8835155297285847
1,6,2030,0,wind_offshore,0.8845108889665358
1,7,2030,0,wind_offshore,0.877275083009581
1,8,2030,0,wind_offshore,0.8865179515438705
1,9,2030,0,wind_offshore,0.912664635898643
1,10,2030,0,wind_offshore,0.9096035211930298
1,11,2030,0,wind_offshore,0.9115935185135807
1,12,2030,0,wind_offshore,0.9084669590362082
1,13,2030,0,wind_offshore,0.9056510916810847
1,14,2030,0,wind_offshore,0.9017194508792626
1,15,2030,0,wind_offshore,0.8996038759039047
1,16,2030,0,wind_offshore,0.8753793451627668
1,17,2030,0,wind_offshore,0.8871798117418239
1,18,2030,0,wind_offshore,0.8764628098965381
1,19,2030,0,wind_offshore,0.8736545494690198
1,20,2030,0,wind_offshore,0.8772541292265174
1,21,2030,0,wind_offshore,0.8591095026364118
1,22,2030,0,wind_offshore,0.8502656341927096
1,23,2030,0,wind_offshore,0.8444251135984034
1,24,2030,0,wind_offshore,0.8698120691746285
1,1,2030,0,wind_onshore,0.6975967688875987
1,2,2030,0,wind_onshore,0.6942712220839075
1,3,2030,0,wind_onshore,0.6891167766900254
1,4,2030,0,wind_onshore,0.6952207591071867
1,5,2030,0,wind_onshore,0.6970524036000623
1,6,2030,0,wind_onshore,0.6945522112285754
1,7,2030,0,wind_onshore,0.69200660297166
1,8,2030,0,wind_onshore,0.6885684770232908
1,9,2030,0,wind_onshore,0.717643792721314
1,10,2030,0,wind_onshore,0.7627955118661934
1,11,2030,0,wind_onshore,0.7666219726408389
1,12,2030,0,wind_onshore,0.7904865543460534
1,13,2030,0,wind_onshore,0.783601421955192
1,14,2030,0,wind_onshore,0.7684860171281667
1,15,2030,0,wind_onshore,0.775724427211395
1,16,2030,0,wind_onshore,0.7750413466700774
1,17,2030,0,wind_onshore,0.7871402943090299
1,18,2030,0,wind_onshore,0.7768827745817604
1,19,2030,0,wind_onshore,0.7496764497156995
1,20,2030,0,wind_onshore,0.716567073607861
1,21,2030,0,wind_onshore,0.6638130597687322
1,22,2030,0,wind_onshore,0.6491377924317572
1,23,2030,0,wind_onshore,0.6611710435985294
1,24,2030,0,wind_onshore,0.6431905474548316
2,1,2030,0,demand,0.5227935897103665
2,2,2030,0,demand,0.5169059393446566
2,3,2030,0,demand,0.5149973617615566
2,4,2030,0,demand,0.5061134906781958
2,5,2030,0,demand,0.525622978051862
2,6,2030,0,demand,0.5377185988781491
2,7,2030,0,demand,0.5643736671043879
2,8,2030,0,demand,0.6051050296455874
2,9,2030,0,demand,0.6405015127098596
2,10,2030,0,demand,0.6714337946712968
2,11,2030,0,demand,0.6984739574884344
2,12,2030,0,demand,0.724388139053662
2,13,2030,0,demand,0.7244063943382305
2,14,2030,0,demand,0.7069647648578642
2,15,2030,0,demand,0.7035104687236492
2,16,2030,0,demand,0.708260316586427
2,17,2030,0,demand,0.7102244850953157
2,18,2030,0,demand,0.6947455354548763
2,19,2030,0,demand,0.6847765217631617
2,20,2030,0,demand,0.6590343292172662
2,21,2030,0,demand,0.6505752300298193
2,22,2030,0,demand,0.6088499498120631
2,23,2030,0,demand,0.5716877263665494
2,24,2030,0,demand,0.5545280961398082
2,1,2030,0,solar,0.0
2,2,2030,0,solar,0.0
2,3,2030,0,solar,0.0
2,4,2030,0,solar,0.0
2,5,2030,0,solar,0.0
2,6,2030,0,solar,0.00021363822614455468
2,7,2030,0,solar,0.040773201563685586
2,8,2030,0,solar,0.16794519495695695
2,9,2030,0,solar,0.3223519943305505
2,10,2030,0,solar,0.46981243021881447
2,11,2030,0,solar,0.5582083810527263
2,12,2030,0,solar,0.5862017875975942
2,13,2030,0,solar,0.5608011778064255
2,14,2030,0,solar,0.5276068539822774
2,15,2030,0,solar,0.4756716826485106
2,16,2030,0,solar,0.39242791589747444
2,17,2030,0,solar,0.3196587583119689
2,18,2030,0,solar,0.22030616838807346
2,19,2030,0,solar,0.0998553969713828
2,20,2030,0,solar,0.012768048899564084
2,21,2030,0,solar,0.0
2,22,2030,0,solar,0.0
2,23,2030,0,solar,0.0
2,24,2030,0,solar,0.0
2,1,2030,0,wind_offshore,0.0
2,2,2030,0,wind_offshore,0.0
2,3,2030,0,wind_offshore,0.0
2,4,2030,0,wind_offshore,0.0
2,5,2030,0,wind_offshore,0.0
2,6,2030,0,wind_offshore,0.00025113981804633385
2,7,2030,0,wind_offshore,8.377725816606938e-5
2,8,2030,0,wind_offshore,0.0
2,9,2030,0,wind_offshore,0.00018183573305975508
2,10,2030,0,wind_offshore,0.0005090988627610574
2,11,2030,0,wind_offshore,0.0
2,12,2030,0,wind_offshore,0.0
2,13,2030,0,wind_offshore,0.0
2,14,2030,0,wind_offshore,0.0
2,15,2030,0,wind_offshore,0.0001387587907260889
2,16,2030,0,wind_offshore,0.0010453315472270868
2,17,2030,0,wind_offshore,0.005669053498422716
2,18,2030,0,wind_offshore,0.008924422950621564
2,19,2030,0,wind_offshore,0.017030082680550673
2,20,2030,0,wind_offshore,0.020167178976600912
2,21,2030,0,wind_offshore,0.030803605476544184
2,22,2030,0,wind_offshore,0.033874620473824134
2,23,2030,0,wind_offshore,0.00713901485900217
2,24,2030,0,wind_offshore,0.0012748628915278711
2,1,2030,0,wind_onshore,0.04478530989185362
2,2,2030,0,wind_onshore,0.041498257616835996
2,3,2030,0,wind_onshore,0.03752322574965227
2,4,2030,0,wind_onshore,0.03273285738337142
2,5,2030,0,wind_onshore,0.027403220416831395
2,6,2030,0,wind_onshore,0.02436775150989979
2,7,2030,0,wind_onshore,0.022177610986578136
2,8,2030,0,wind_onshore,0.012518162678118746
2,9,2030,0,wind_onshore,0.010899873109906411
2,10,2030,0,wind_onshore,0.011446498940506785
2,11,2030,0,wind_onshore,0.012548880597283561
2,12,2030,0,wind_onshore,0.01830258490493781
2,13,2030,0,wind_onshore,0.027118858935782385
2,14,2030,0,wind_onshore,0.03832690149368266
2,15,2030,0,wind_onshore,0.05198238400841452
2,16,2030,0,wind_onshore,0.06480042290201254
2,17,2030,0,wind_onshore,0.07724164715350892
2,18,2030,0,wind_onshore,0.0903110134927582
2,19,2030,0,wind_onshore,0.09453723381943184
2,20,2030,0,wind_onshore,0.06700012598641437
2,21,2030,0,wind_onshore,0.05734399109131033
2,22,2030,0,wind_onshore,0.054985000165134995
2,23,2030,0,wind_onshore,0.05319528930003655
2,24,2030,0,wind_onshore,0.053441272670326175
3,1,2030,1,demand,0.44271247270196096
3,2,2030,1,demand,0.4298990598785865
3,3,2030,1,demand,0.4212629271334125
3,4,2030,1,demand,0.40991869130348363
3,5,2030,1,demand,0.404597974245511
3,6,2030,1,demand,0.40371120528555887
3,7,2030,1,demand,0.41658527824030456
3,8,2030,1,demand,0.440678539694461
3,9,2030,1,demand,0.4808605456985686
3,10,2030,1,demand,0.5115911095792715
3,11,2030,1,demand,0.5286059051311308
3,12,2030,1,demand,0.5272590221428307
3,13,2030,1,demand,0.5388105100965014
3,14,2030,1,demand,0.5305683220397356
3,15,2030,1,demand,0.5227814996515608
3,16,2030,1,demand,0.5052328812502227
3,17,2030,1,demand,0.5075560123297995
3,18,2030,1,demand,0.5260352037666978
3,19,2030,1,demand,0.5468805993509742
3,20,2030,1,demand,0.5587699417504265
3,21,2030,1,demand,0.5709232696426125
3,22,2030,1,demand,0.5444385649977709
3,23,2030,1,demand,0.5067851550568147
3,24,2030,1,demand,0.49815018211740486
3,1,2030,1,solar,0.0
3,2,2030,1,solar,0.0
3,3,2030,1,solar,0.0
3,4,2030,1,solar,0.0
3,5,2030,1,solar,0.0
3,6,2030,1,solar,0.0
3,7,2030,1,solar,0.0
3,8,2030,1,solar,0.0
3,9,2030,1,solar,0.01159415558887398
3,10,2030,1,solar,0.06184251961877514
3,11,2030,1,solar,0.14180912363763254
3,12,2030,1,solar,0.20847432744649066
3,13,2030,1,solar,0.23052253525598895
3,14,2030,1,solar,0.2085824302238254
3,15,2030,1,solar,0.14647838762080861
3,16,2030,1,solar,0.08151766864086629
3,17,2030,1,solar,0.028242441666487254
3,18,2030,1,solar,0.0
3,19,2030,1,solar,0.0
3,20,2030,1,solar,0.0
3,21,2030,1,solar,0.0
3,22,2030,1,solar,0.0
3,23,2030,1,solar,0.0
3,24,2030,1,solar,0.0
3,1,2030,1,wind_offshore,1.0600787090388515
3,2,2030,1,wind_offshore,1.090586151073338
3,3,2030,1,wind_offshore,1.0764277504421098
3,4,2030,1,wind_offshore,1.073928416782829
3,5,2030,1,wind_offshore,1.0735116469229158
3,6,2030,1,wind_offshore,1.0825930691182355
3,7,2030,1,wind_offshore,1.073338632299609
3,8,2030,1,wind_offshore,1.0742430970153587
3,9,2030,1,wind_offshore,1.065390027017682
3,10,2030,1,wind_offshore,1.040599119808721
3,11,2030,1,wind_offshore,1.030608618023538
3,12,2030,1,wind_offshore,1.0104051392553046
3,13,2030,1,wind_offshore,0.8322749521888879
3,14,2030,1,wind_offshore,0.9468129897028251
3,15,2030,1,wind_offshore,1.089141001320454
3,16,2030,1,wind_offshore,1.115181243014324
3,17,2030,1,wind_offshore,1.105535025850466
3,18,2030,1,wind_offshore,1.0894030182912797
3,19,2030,1,wind_offshore,1.0645594696791176
3,20,2030,1,wind_offshore,1.0789127300077312
3,21,2030,1,wind_offshore,1.0597161566412443
3,22,2030,1,wind_offshore,1.0477117024878713
3,23,2030,1,wind_offshore,1.0586075863885707
3,24,2030,1,wind_offshore,1.0506748985596865
3,1,2030,1,wind_onshore,0.7802017725682686
3,2,2030,1,wind_onshore,0.8201225317972911
3,3,2030,1,wind_onshore,0.8267532691770673
3,4,2030,1,wind_onshore,0.8269473226098599
3,5,2030,1,wind_onshore,0.8265529313820176
3,6,2030,1,wind_onshore,0.8116514494601861
3,7,2030,1,wind_onshore,0.810264540436552
3,8,2030,1,wind_onshore,0.8083840274565637
3,9,2030,1,wind_onshore,0.8059681515191491
3,10,2030,1,wind_onshore,0.8072878989041247
3,11,2030,1,wind_onshore,0.7855839668380393
3,12,2030,1,wind_onshore,0.7805810609953356
3,13,2030,1,wind_onshore,0.803417506202319
3,14,2030,1,wind_onshore,0.8497728350794053
3,15,2030,1,wind_onshore,0.8733873202863109
3,16,2030,1,wind_onshore,0.8775922128489101
3,17,2030,1,wind_onshore,0.8674429982082503
3,18,2030,1,wind_onshore,0.8446382805420614
3,19,2030,1,wind_onshore,0.840942424005435
3,20,2030,1,wind_onshore,0.8424537128507601
3,21,2030,1,wind_onshore,0.8660228919736664
3,22,2030,1,wind_onshore,0.8551639100706027
3,23,2030,1,wind_onshore,0.8284663204006489
3,24,2030,1,wind_onshore,0.8374090821989337
4,1,2030,1,demand,0.54828280231392
4,2,2030,1,demand,0.5453822100986913
4,3,2030,1,demand,0.534732777905366
4,4,2030,1,demand,0.5351877690950436
4,5,2030,1,demand,0.5570692957993505
4,6,2030,1,demand,0.5668947516464478
4,7,2030,1,demand,0.5999954063822085
4,8,2030,1,demand,0.6534231377032151
4,9,2030,1,demand,0.6882492816713527
4,10,2030,1,demand,0.7178585211179213
4,11,2030,1,demand,0.7456757531461671
4,12,2030,1,demand,0.7690081663622604
4,13,2030,1,demand,0.7743835652844707
4,14,2030,1,demand,0.7654769619005384
4,15,2030,1,demand,0.760097773592879
4,16,2030,1,demand,0.7633359002757227
4,17,2030,1,demand,0.7541415900032487
4,18,2030,1,demand,0.7430704319859053
4,19,2030,1,demand,0.736907588580149
4,20,2030,1,demand,0.7203271179523506
4,21,2030,1,demand,0.7094624095791591
4,22,2030,1,demand,0.6602982869359005
4,23,2030,1,demand,0.6100796017592797
4,24,2030,1,demand,0.604082031900103
4,1,2030,1,solar,0.0
4,2,2030,1,solar,0.0
4,3,2030,1,solar,0.0
4,4,2030,1,solar,0.0
4,5,2030,1,solar,0.0
4,6,2030,1,solar,0.0002501304649472288
4,7,2030,1,solar,0.049088280184092004
4,8,2030,1,solar,0.2047789894506455
4,9,2030,1,solar,0.3859968286177037
4,10,2030,1,solar,0.563271199610081
4,11,2030,1,solar,0.6664016480527705
4,12,2030,1,solar,0.7040913537232691
4,13,2030,1,solar,0.6847320712000445
4,14,2030,1,solar,0.6575864416936023
4,15,2030,1,solar,0.5934755144859154
4,16,2030,1,solar,0.4986544935792229
4,17,2030,1,solar,0.3997758106734768
4,18,2030,1,solar,0.2718784864613972
4,19,2030,1,solar,0.12569831294354988
4,20,2030,1,solar,0.015616774608636193
4,21,2030,1,solar,0.0
4,22,2030,1,solar,0.0
4,23,2030,1,solar,0.0
4,24,2030,1,solar,0.0
4,1,2030,1,wind_offshore,0.0
4,2,2030,1,wind_offshore,0.0
4,3,2030,1,wind_offshore,0.0
4,4,2030,1,wind_offshore,0.0
4,5,2030,1,wind_offshore,0.0
4,6,2030,1,wind_offshore,0.0003024591448643339
4,7,2030,1,wind_offshore,0.00010062150912212361
4,8,2030,1,wind_offshore,0.0
4,9,2030,1,wind_offshore,0.00022241223942558473
4,10,2030,1,wind_offshore,0.0006439615451813253
4,11,2030,1,wind_offshore,0.0
4,12,2030,1,wind_offshore,0.0
4,13,2030,1,wind_offshore,0.0
4,14,2030,1,wind_offshore,0.0
4,15,2030,1,wind_offshore,0.000167133978831951
4,16,2030,1,wind_offshore,0.0012636257784151429
4,17,2030,1,wind_offshore,0.006888944064163455
4,18,2030,1,wind_offshore,0.010620613081892237
4,19,2030,1,wind_offshore,0.020381375307312027
4,20,2030,1,wind_offshore,0.024348846805983485
4,21,2030,1,wind_offshore,0.03733778322640394
4,22,2030,1,wind_offshore,0.040892374611221305
4,23,2030,1,wind_offshore,0.008467011522574947
4,24,2030,1,wind_offshore,0.0014924112713942102
4,1,2030,1,wind_onshore,0.059127504694491476
4,2,2030,1,wind_onshore,0.05442928131149709
4,3,2030,1,wind_onshore,0.049230434712904766
4,4,2030,1,wind_onshore,0.04163351768718948
4,5,2030,1,wind_onshore,0.03479710894348707
4,6,2030,1,wind_onshore,0.030439552709043863
4,7,2030,1,wind_onshore,0.027595068341442305
4,8,2030,1,wind_onshore,0.015773104019771767
4,9,2030,1,wind_onshore,0.013475518861968839
4,10,2030,1,wind_onshore,0.014136676997780144
4,11,2030,1,wind_onshore,0.015220769093125787
4,12,2030,1,wind_onshore,0.022178168097076862
4,13,2030,1,wind_onshore,0.03338587158169547
4,14,2030,1,wind_onshore,0.04665870887034957
4,15,2030,1,wind_onshore,0.062330284653895
4,16,2030,1,wind_onshore,0.07801556528040954
4,17,2030,1,wind_onshore,0.09050878082047849
4,18,2030,1,wind_onshore,0.1050913270199145
4,19,2030,1,wind_onshore,0.10841523621536431
4,20,2030,1,wind_onshore,0.0779047065336511
4,21,2030,1,wind_onshore,0.06689567230410809
4,22,2030,1,wind_onshore,0.0640937503065834
4,23,2030,1,wind_onshore,0.060835153769538956
4,24,2030,1,wind_onshore,0.061819848837134574
