scenario,year,period,rep_period,weight
0,2030,1,2,1.0
0,2030,2,1,0.5406561007452076
0,2030,2,2,0.45934389925479235
0,2030,3,1,0.557950651286178
0,2030,3,2,0.4420493487138219
0,2030,4,1,0.29538194251897154
0,2030,4,2,0.7046180574810285
0,2030,5,1,0.1822892272553056
0,2030,5,2,0.8177107727446945
0,2030,6,2,1.0
0,2030,7,1,0.24094480636020357
0,2030,7,2,0.7590551936397965
0,2030,8,1,0.4927081688926853
0,2030,8,2,0.5072918311073148
0,2030,9,1,0.1375813453773493
0,2030,9,2,0.8624186546226508
0,2030,10,1,0.3737484002666331
0,2030,10,2,0.6262515997333669
0,2030,11,1,0.03201515527101809
0,2030,11,2,0.9679848447289819
0,2030,12,2,1.0
0,2030,13,2,1.0
0,2030,14,1,0.6649887027154986
0,2030,14,2,0.33501129728450135
0,2030,15,1,0.7458563366632897
0,2030,15,2,0.2541436633367104
0,2030,16,1,0.07486270160813341
0,2030,16,2,0.9251372983918666
0,2030,17,2,1.0
0,2030,18,2,1.0
0,2030,19,2,1.0
0,2030,20,2,1.0
0,2030,21,2,1.0
0,2030,22,2,1.0
0,2030,23,2,1.0
0,2030,24,1,0.055732183546424056
0,2030,24,2,0.9442678164535759
0,2030,25,2,1.0
0,2030,26,2,1.0
0,2030,27,2,1.0
0,2030,28,2,1.0
0,2030,29,2,1.0
0,2030,30,1,0.4981086766740875
0,2030,30,2,0.5018913233259126
0,2030,31,1,0.13976639617905917
0,2030,31,2,0.8602336038209408
0,2030,32,1,0.1270343498300719
0,2030,32,2,0.872965650169928
0,2030,33,1,0.5790398967987216
0,2030,33,2,0.42096010320127847
0,2030,34,1,0.23900044090228326
0,2030,34,2,0.7609995590977168
0,2030,35,1,0.5561810210000774
0,2030,35,2,0.4438189789999227
0,2030,36,1,0.7668916451950265
0,2030,36,2,0.23310835480497355
0,2030,37,1,0.6193897429986608
0,2030,37,2,0.38061025700133927
0,2030,38,2,1.0
0,2030,39,2,1.0
0,2030,40,2,1.0
0,2030,41,1,0.0744070085392326
0,2030,41,2,0.9255929914607675
0,2030,42,2,1.0
0,2030,43,1,0.43691329337096746
0,2030,43,2,0.5630867066290325
0,2030,44,2,1.0
0,2030,45,2,1.0
0,2030,46,2,1.0
0,2030,47,2,1.0
0,2030,48,1,0.2029681300426993
0,2030,48,2,0.7970318699573006
0,2030,49,1,0.3015417968072116
0,2030,49,2,0.6984582031927885
0,2030,50,1,0.05352351330165072
0,2030,50,2,0.9464764866983492
0,2030,51,1,0.014611121011236463
0,2030,51,2,0.9853888789887636
0,2030,52,1,0.2733507649940646
0,2030,52,2,0.7266492350059354
0,2030,53,1,0.5864953175630422
0,2030,53,2,0.41350468243695776
0,2030,54,1,0.11695916660578723
0,2030,54,2,0.8830408333942128
0,2030,55,2,1.0
0,2030,56,2,1.0
0,2030,57,2,1.0
0,2030,58,1,0.15529419867406966
0,2030,58,2,0.8447058013259303
0,2030,59,1,0.5656271930765253
0,2030,59,2,0.4343728069234747
0,2030,60,1,0.26850561444424553
0,2030,60,2,0.7314943855557544
0,2030,61,2,1.0
0,2030,62,2,1.0
0,2030,63,2,1.0
0,2030,64,2,1.0
0,2030,65,1,0.25796263179792595
0,2030,65,2,0.7420373682020741
0,2030,66,1,0.04844010160238517
0,2030,66,2,0.9515598983976148
0,2030,67,2,1.0
0,2030,68,2,1.0
0,2030,69,2,1.0
0,2030,70,2,1.0
0,2030,71,2,1.0
0,2030,72,2,1.0
0,2030,73,1,0.19021949656538592
0,2030,73,2,0.809780503434614
0,2030,74,1,0.3301672232431989
0,2030,74,2,0.6698327767568011
0,2030,75,1,0.34085391897035566
0,2030,75,2,0.6591460810296444
0,2030,76,1,0.042265025576293094
0,2030,76,2,0.9577349744237069
0,2030,77,2,1.0
0,2030,78,1,0.05241594586172992
0,2030,78,2,0.94758405413827
0,2030,79,1,0.039045852827073936
0,2030,79,2,0.960954147172926
0,2030,80,2,1.0
0,2030,81,1,0.25765317959449047
0,2030,81,2,0.7423468204055096
0,2030,82,1,0.6375184258700974
0,2030,82,2,0.36248157412990256
0,2030,83,1,0.5656001381065875
0,2030,83,2,0.43439986189341245
0,2030,84,2,1.0
0,2030,85,2,1.0
0,2030,86,1,0.3286103820699593
0,2030,86,2,0.6713896179300407
0,2030,87,1,0.42444584861505874
0,2030,87,2,0.5755541513849413
0,2030,88,1,0.24959113878278769
0,2030,88,2,0.7504088612172123
0,2030,89,2,1.0
0,2030,90,2,1.0
0,2030,91,2,1.0
0,2030,92,1,0.264899678493987
0,2030,92,2,0.735100321506013
0,2030,93,1,0.6578254637667329
0,2030,93,2,0.34217453623326705
0,2030,94,1,0.5673750701247207
0,2030,94,2,0.4326249298752793
0,2030,95,1,0.35894020007702654
0,2030,95,2,0.6410597999229736
0,2030,96,1,0.10175192612509638
0,2030,96,2,0.8982480738749036
0,2030,97,1,0.015758289336748537
0,2030,97,2,0.9842417106632515
0,2030,98,2,1.0
0,2030,99,2,1.0
0,2030,100,1,0.03503599485476092
0,2030,100,2,0.9649640051452392
0,2030,101,1,0.10096837938396509
0,2030,101,2,0.8990316206160348
0,2030,102,1,0.014178629474234566
0,2030,102,2,0.9858213705257654
0,2030,103,2,1.0
0,2030,104,2,1.0
0,2030,105,2,1.0
0,2030,106,2,1.0
0,2030,107,1,0.352396921255864
0,2030,107,2,0.647603078744136
0,2030,108,1,0.6265099556786693
0,2030,108,2,0.37349004432133065
0,2030,109,1,0.23829393036672308
0,2030,109,2,0.761706069633277
0,2030,110,1,0.2810475511884412
0,2030,110,2,0.7189524488115587
0,2030,111,1,0.13866025682742758
0,2030,111,2,0.8613397431725723
0,2030,112,1,0.2294932761473946
0,2030,112,2,0.7705067238526054
0,2030,113,1,0.6687799923024413
0,2030,113,2,0.3312200076975587
0,2030,114,1,0.49588808220177266
0,2030,114,2,0.5041119177982274
0,2030,115,1,0.5121571457503411
0,2030,115,2,0.4878428542496589
0,2030,116,1,0.542829426213518
0,2030,116,2,0.457170573786482
0,2030,117,1,0.19087651703692762
0,2030,117,2,0.8091234829630723
0,2030,118,1,0.6439969881980089
0,2030,118,2,0.3560030118019911
0,2030,119,1,0.44481040457317694
0,2030,119,2,0.5551895954268231
0,2030,120,1,0.5955785353865543
0,2030,120,2,0.4044214646134457
0,2030,121,1,0.690992893447371
0,2030,121,2,0.3090071065526289
0,2030,122,1,0.521178390375385
0,2030,122,2,0.4788216096246149
0,2030,123,1,0.5267257494464341
0,2030,123,2,0.4732742505535658
0,2030,124,1,0.5279413194141496
0,2030,124,2,0.4720586805858505
0,2030,125,1,0.5803666988877223
0,2030,125,2,0.41963330111227765
0,2030,126,1,0.6335904125065821
0,2030,126,2,0.36640958749341784
0,2030,127,1,0.7234866754668802
0,2030,127,2,0.2765133245331199
0,2030,128,1,0.37937106651525826
0,2030,128,2,0.6206289334847418
0,2030,129,1,0.3011041323310064
0,2030,129,2,0.6988958676689936
0,2030,130,1,0.6737224673596708
0,2030,130,2,0.32627753264032916
0,2030,131,1,0.041688164234609866
0,2030,131,2,0.9583118357653901
0,2030,132,2,1.0
0,2030,133,1,0.425914241397044
0,2030,133,2,0.5740857586029561
0,2030,134,1,0.44336570590696445
0,2030,134,2,0.5566342940930356
0,2030,135,1,0.22507697479989025
0,2030,135,2,0.7749230252001097
0,2030,136,1,0.0292306706472336
0,2030,136,2,0.9707693293527664
0,2030,137,2,1.0
0,2030,138,1,0.19389900730419965
0,2030,138,2,0.8061009926958004
0,2030,139,1,0.38102860018812584
0,2030,139,2,0.6189713998118742
0,2030,140,1,0.12121315168990189
0,2030,140,2,0.8787868483100981
0,2030,141,1,0.12936910607100072
0,2030,141,2,0.8706308939289993
0,2030,142,1,0.6113595154199062
0,2030,142,2,0.38864048458009387
0,2030,143,1,0.5510580190431567
0,2030,143,2,0.4489419809568433
0,2030,144,1,0.4047318766322641
0,2030,144,2,0.5952681233677359
0,2030,145,1,0.550213292226729
0,2030,145,2,0.449786707773271
0,2030,146,1,0.0372794035924884
0,2030,146,2,0.9627205964075115
0,2030,147,1,0.040392822213834556
0,2030,147,2,0.9596071777861654
0,2030,148,1,0.10890373468314074
0,2030,148,2,0.8910962653168594
0,2030,149,1,0.5234073401443633
0,2030,149,2,0.47659265985563676
0,2030,150,1,0.32328140835650204
0,2030,150,2,0.676718591643498
0,2030,151,1,0.28473241710888636
0,2030,151,2,0.7152675828911136
0,2030,152,1,0.41688433436737726
0,2030,152,2,0.5831156656326227
0,2030,153,1,0.1736890833521152
0,2030,153,2,0.8263109166478848
0,2030,154,1,0.4461535883882326
0,2030,154,2,0.5538464116117675
0,2030,155,1,0.3038761116784905
0,2030,155,2,0.6961238883215095
0,2030,156,2,1.0
0,2030,157,2,1.0
0,2030,158,2,1.0
0,2030,159,1,0.03867581542811489
0,2030,159,2,0.9613241845718851
0,2030,160,2,1.0
0,2030,161,1,0.06347607923217957
0,2030,161,2,0.9365239207678204
0,2030,162,1,0.37401866818543456
0,2030,162,2,0.6259813318145655
0,2030,163,1,0.3791576696924507
0,2030,163,2,0.6208423303075493
0,2030,164,1,0.30967260330187646
0,2030,164,2,0.6903273966981236
0,2030,165,1,0.14169439194470046
0,2030,165,2,0.8583056080552994
0,2030,166,2,1.0
0,2030,167,1,0.07587853449174613
0,2030,167,2,0.9241214655082538
0,2030,168,1,0.6298231668076917
0,2030,168,2,0.3701768331923084
0,2030,169,1,0.7397755700170121
0,2030,169,2,0.26022442998298784
0,2030,170,1,0.6981003485178048
0,2030,170,2,0.3018996514821953
0,2030,171,1,0.7371719013737519
0,2030,171,2,0.2628280986262481
0,2030,172,1,0.5011580435128217
0,2030,172,2,0.49884195648717833
0,2030,173,1,0.10130973380113766
0,2030,173,2,0.8986902661988624
0,2030,174,2,1.0
0,2030,175,2,1.0
0,2030,176,2,1.0
0,2030,177,1,0.05092406695345721
0,2030,177,2,0.9490759330465427
0,2030,178,1,0.5020483010654925
0,2030,178,2,0.49795169893450747
0,2030,179,1,0.7435283283567364
0,2030,179,2,0.2564716716432635
0,2030,180,1,0.8030953801169851
0,2030,180,2,0.19690461988301494
0,2030,181,1,0.7077957811252248
0,2030,181,2,0.2922042188747752
0,2030,182,1,0.6678471647666883
0,2030,182,2,0.3321528352333117
0,2030,183,1,0.572698562581458
0,2030,183,2,0.42730143741854193
0,2030,184,1,0.35908138794459027
0,2030,184,2,0.6409186120554097
0,2030,185,1,0.5917544156690299
0,2030,185,2,0.4082455843309702
0,2030,186,1,0.3046557386356034
0,2030,186,2,0.6953442613643966
0,2030,187,1,0.10552938080930566
0,2030,187,2,0.8944706191906944
0,2030,188,1,0.1038147703038934
0,2030,188,2,0.8961852296961065
0,2030,189,1,0.18952335655462058
0,2030,189,2,0.8104766434453794
0,2030,190,1,0.6190798446574037
0,2030,190,2,0.3809201553425963
0,2030,191,1,0.5427001485341136
0,2030,191,2,0.4572998514658863
0,2030,192,1,0.3297783821090783
0,2030,192,2,0.6702216178909218
0,2030,193,1,0.5094544818897823
0,2030,193,2,0.4905455181102178
0,2030,194,1,0.12236274347225047
0,2030,194,2,0.8776372565277496
0,2030,195,1,0.020203475621254085
0,2030,195,2,0.9797965243787459
0,2030,196,1,0.12422134412366154
0,2030,196,2,0.8757786558763384
0,2030,197,1,0.7612108729251161
0,2030,197,2,0.2387891270748839
0,2030,198,1,0.7696772453692268
0,2030,198,2,0.23032275463077323
0,2030,199,1,0.625819534176702
0,2030,199,2,0.37418046582329806
0,2030,200,1,0.2014581993123483
0,2030,200,2,0.7985418006876517
0,2030,201,1,0.697284612597497
0,2030,201,2,0.302715387402503
0,2030,202,1,0.6133661264012109
0,2030,202,2,0.38663387359878904
0,2030,203,2,1.0
0,2030,204,1,0.10418918318026568
0,2030,204,2,0.8958108168197343
0,2030,205,1,0.21876125289630008
0,2030,205,2,0.7812387471036998
0,2030,206,1,0.2548294533316442
0,2030,206,2,0.7451705466683558
0,2030,207,1,0.2408402155089131
0,2030,207,2,0.7591597844910869
0,2030,208,1,0.6179194905848309
0,2030,208,2,0.3820805094151691
0,2030,209,1,0.5792372045626927
0,2030,209,2,0.42076279543730727
0,2030,210,1,0.691772397151996
0,2030,210,2,0.30822760284800393
0,2030,211,1,0.6541321714092492
0,2030,211,2,0.34586782859075077
0,2030,212,1,0.5351663429485904
0,2030,212,2,0.4648336570514096
0,2030,213,1,0.39525774534757663
0,2030,213,2,0.6047422546524234
0,2030,214,1,0.6885784146066161
0,2030,214,2,0.311421585393384
0,2030,215,1,0.6150231305851042
0,2030,215,2,0.3849768694148958
0,2030,216,1,0.5388072055266264
0,2030,216,2,0.4611927944733735
0,2030,217,1,0.32972361070787476
0,2030,217,2,0.6702763892921253
0,2030,218,1,0.722046328116561
0,2030,218,2,0.27795367188343906
0,2030,219,1,0.638373033558744
0,2030,219,2,0.3616269664412561
0,2030,220,1,0.3926576201945164
0,2030,220,2,0.6073423798054837
0,2030,221,1,0.1188270989345773
0,2030,221,2,0.8811729010654227
0,2030,222,1,0.4914750798490873
0,2030,222,2,0.5085249201509128
0,2030,223,1,0.6850457951323013
0,2030,223,2,0.31495420486769865
0,2030,224,1,0.7023643518396865
0,2030,224,2,0.29763564816031357
0,2030,225,1,0.3591207973863578
0,2030,225,2,0.6408792026136422
0,2030,226,2,1.0
0,2030,227,2,1.0
0,2030,228,1,0.23697196784060046
0,2030,228,2,0.7630280321593995
0,2030,229,1,0.7360691823740928
0,2030,229,2,0.26393081762590725
0,2030,230,1,0.6885528700016508
0,2030,230,2,0.3114471299983493
0,2030,231,1,0.6742221365406244
0,2030,231,2,0.3257778634593756
0,2030,232,1,0.6318094662608119
0,2030,232,2,0.36819053373918803
0,2030,233,1,0.299185277733569
0,2030,233,2,0.7008147222664309
0,2030,234,1,0.28714334904243977
0,2030,234,2,0.7128566509575603
0,2030,235,1,0.3265194719774822
0,2030,235,2,0.6734805280225178
0,2030,236,1,0.36402733382798896
0,2030,236,2,0.6359726661720111
0,2030,237,1,0.4279511624237378
0,2030,237,2,0.5720488375762621
0,2030,238,1,0.2297917498233602
0,2030,238,2,0.7702082501766399
0,2030,239,1,0.2226466832588626
0,2030,239,2,0.7773533167411374
0,2030,240,2,1.0
0,2030,241,2,1.0
0,2030,242,1,0.023856317334634686
0,2030,242,2,0.9761436826653653
0,2030,243,1,0.028551215906104373
0,2030,243,2,0.9714487840938957
0,2030,244,2,1.0
0,2030,245,2,1.0
0,2030,246,1,0.561995195044046
0,2030,246,2,0.4380048049559539
0,2030,247,1,0.6780395670337139
0,2030,247,2,0.32196043296628607
0,2030,248,1,0.24720601511026818
0,2030,248,2,0.7527939848897319
0,2030,249,2,1.0
0,2030,250,2,1.0
0,2030,251,1,0.05228326717722137
0,2030,251,2,0.9477167328227787
0,2030,252,2,1.0
0,2030,253,1,0.27103430911467635
0,2030,253,2,0.7289656908853237
0,2030,254,1,0.6321442826531548
0,2030,254,2,0.36785571734684525
0,2030,255,1,0.4270967924228996
0,2030,255,2,0.5729032075771003
0,2030,256,1,0.25484648607011223
0,2030,256,2,0.7451535139298877
0,2030,257,1,0.25622036157045325
0,2030,257,2,0.7437796384295468
0,2030,258,1,0.16377833571225459
0,2030,258,2,0.8362216642877454
0,2030,259,1,0.22477990702435768
0,2030,259,2,0.7752200929756424
0,2030,260,1,0.5616187129372952
0,2030,260,2,0.4383812870627049
0,2030,261,1,0.42235058749503185
0,2030,261,2,0.5776494125049682
0,2030,262,2,1.0
0,2030,263,1,0.37054727671390075
0,2030,263,2,0.6294527232860992
0,2030,264,1,0.32543322506053873
0,2030,264,2,0.6745667749394613
0,2030,265,1,0.08223048597696214
0,2030,265,2,0.9177695140230379
0,2030,266,1,0.23887580135554967
0,2030,266,2,0.7611241986444504
0,2030,267,1,0.5059785697047192
0,2030,267,2,0.4940214302952808
0,2030,268,1,0.15617769772677834
0,2030,268,2,0.8438223022732217
0,2030,269,1,0.5372912565120215
0,2030,269,2,0.46270874348797847
0,2030,270,1,0.6797195316956409
0,2030,270,2,0.32028046830435913
0,2030,271,1,0.49151745048574386
0,2030,271,2,0.5084825495142561
0,2030,272,1,0.646046571038666
0,2030,272,2,0.353953428961334
0,2030,273,1,0.588133226948622
0,2030,273,2,0.4118667730513779
0,2030,274,1,0.7602426438766122
0,2030,274,2,0.2397573561233878
0,2030,275,1,0.602984653930847
0,2030,275,2,0.39701534606915306
0,2030,276,1,0.08793936769041158
0,2030,276,2,0.9120606323095884
0,2030,277,1,0.04732479398722356
0,2030,277,2,0.9526752060127764
0,2030,278,1,0.6351252810787105
0,2030,278,2,0.3648747189212896
0,2030,279,1,0.05334558918767704
0,2030,279,2,0.9466544108123229
0,2030,280,1,0.26810493524871154
0,2030,280,2,0.7318950647512885
0,2030,281,1,0.2921949617712694
0,2030,281,2,0.7078050382287306
0,2030,282,1,0.3927570355478927
0,2030,282,2,0.6072429644521073
0,2030,283,1,0.13856826288335491
0,2030,283,2,0.8614317371166451
0,2030,284,1,0.6824668225400989
0,2030,284,2,0.317533177459901
0,2030,285,1,0.6743239063017619
0,2030,285,2,0.32567609369823813
0,2030,286,1,0.5428832655815123
0,2030,286,2,0.45711673441848766
0,2030,287,1,0.36455637997565155
0,2030,287,2,0.6354436200243484
0,2030,288,1,0.6151704812085033
0,2030,288,2,0.3848295187914967
0,2030,289,1,0.14491966391964417
0,2030,289,2,0.8550803360803558
0,2030,290,1,0.2798336368390581
0,2030,290,2,0.720166363160942
0,2030,291,1,0.5682940992568094
0,2030,291,2,0.43170590074319065
0,2030,292,1,0.14492402019102568
0,2030,292,2,0.8550759798089743
0,2030,293,1,0.01946850359442578
0,2030,293,2,0.9805314964055742
0,2030,294,1,0.13543169067385974
0,2030,294,2,0.8645683093261404
0,2030,295,1,0.4287572638847538
0,2030,295,2,0.5712427361152462
0,2030,296,1,0.014453819097742132
0,2030,296,2,0.9855461809022578
0,2030,297,2,1.0
0,2030,298,1,0.5042621969112371
0,2030,298,2,0.495737803088763
0,2030,299,2,1.0
0,2030,300,1,0.3843102699826376
0,2030,300,2,0.6156897300173624
0,2030,301,2,1.0
0,2030,302,1,0.26812570738356034
0,2030,302,2,0.7318742926164397
0,2030,303,1,0.5290875971904532
0,2030,303,2,0.47091240280954677
0,2030,304,1,0.09991459173929272
0,2030,304,2,0.9000854082607073
0,2030,305,1,0.18003622196599028
0,2030,305,2,0.8199637780340098
0,2030,306,1,0.29433882619427615
0,2030,306,2,0.7056611738057238
0,2030,307,1,0.3208123577422379
0,2030,307,2,0.6791876422577621
0,2030,308,1,0.3282324835044246
0,2030,308,2,0.6717675164955754
0,2030,309,1,0.44880325400741244
0,2030,309,2,0.5511967459925876
0,2030,310,1,0.6107910591153309
0,2030,310,2,0.3892089408846691
0,2030,311,1,0.7098327722938503
0,2030,311,2,0.2901672277061497
0,2030,312,1,0.43216264840621804
0,2030,312,2,0.5678373515937819
0,2030,313,1,0.5677315040927081
0,2030,313,2,0.43226849590729194
0,2030,314,1,0.5066253233312521
0,2030,314,2,0.49337467666874785
0,2030,315,1,0.2017994841877113
0,2030,315,2,0.7982005158122888
0,2030,316,2,1.0
0,2030,317,1,0.0886912827712527
0,2030,317,2,0.9113087172287474
0,2030,318,1,0.10611104603507851
0,2030,318,2,0.8938889539649215
0,2030,319,1,0.25446413740329094
0,2030,319,2,0.7455358625967091
0,2030,320,1,0.20643440734876878
0,2030,320,2,0.7935655926512313
0,2030,321,1,0.32996673560163986
0,2030,321,2,0.6700332643983601
0,2030,322,1,0.16206746266027966
0,2030,322,2,0.8379325373397204
0,2030,323,1,0.3262281130772448
0,2030,323,2,0.6737718869227552
0,2030,324,1,0.015243363505853749
0,2030,324,2,0.9847566364941462
0,2030,325,1,0.024101895793460535
0,2030,325,2,0.9758981042065394
0,2030,326,1,0.0967370946971227
0,2030,326,2,0.9032629053028773
0,2030,327,1,0.6354526333273189
0,2030,327,2,0.3645473666726811
0,2030,328,1,0.08220808845951089
0,2030,328,2,0.9177919115404891
0,2030,329,1,0.25359445948495196
0,2030,329,2,0.7464055405150481
0,2030,330,1,0.10866433374817872
0,2030,330,2,0.8913356662518214
0,2030,331,1,0.17761706291479346
0,2030,331,2,0.8223829370852066
0,2030,332,1,0.22034965431306133
0,2030,332,2,0.7796503456869387
0,2030,333,1,0.2889792175762332
0,2030,333,2,0.7110207824237669
0,2030,334,1,0.0641346550139414
0,2030,334,2,0.9358653449860587
0,2030,335,1,0.06654952920406122
0,2030,335,2,0.9334504707959387
0,2030,336,1,0.29000799242003716
0,2030,336,2,0.7099920075799628
0,2030,337,1,0.128407995097783
0,2030,337,2,0.871592004902217
0,2030,338,2,1.0
0,2030,339,1,0.1643206545692106
0,2030,339,2,0.8356793454307895
0,2030,340,1,0.5751943286288546
0,2030,340,2,0.42480567137114544
0,2030,341,1,0.6894330207009899
0,2030,341,2,0.3105669792990101
0,2030,342,1,0.5982387545962695
0,2030,342,2,0.4017612454037304
0,2030,343,1,0.09396636590443473
0,2030,343,2,0.9060336340955653
0,2030,344,1,0.22808581590186838
0,2030,344,2,0.7719141840981316
0,2030,345,1,0.29724629104097183
0,2030,345,2,0.7027537089590281
0,2030,346,1,0.1851057845539726
0,2030,346,2,0.8148942154460274
0,2030,347,2,1.0
0,2030,348,2,1.0
0,2030,349,2,1.0
0,2030,350,1,0.48386943835132973
0,2030,350,2,0.5161305616486703
0,2030,351,1,0.18954982194142506
0,2030,351,2,0.810450178058575
0,2030,352,1,0.03282811887764111
0,2030,352,2,0.967171881122359
0,2030,353,1,0.5253998984602213
0,2030,353,2,0.4746001015397788
0,2030,354,1,0.3449281958203436
0,2030,354,2,0.6550718041796564
0,2030,355,2,1.0
0,2030,356,2,1.0
0,2030,357,2,1.0
0,2030,358,2,1.0
0,2030,359,2,1.0
0,2030,360,2,1.0
0,2030,361,2,1.0
0,2030,362,2,1.0
0,2030,363,2,1.0
0,2030,364,2,1.0
0,2030,365,2,1.0
1,2030,1,4,1.0
1,2030,2,3,0.5666998502552636
1,2030,2,4,0.43330014974473646
1,2030,3,3,0.5972542346366849
1,2030,3,4,0.4027457653633151
1,2030,4,3,0.31570489051270356
1,2030,4,4,0.6842951094872964
1,2030,5,3,0.185414374552688
1,2030,5,4,0.814585625447312
1,2030,6,4,1.0
1,2030,7,3,0.29469733289817907
1,2030,7,4,0.705302667101821
1,2030,8,3,0.5428253569304744
1,2030,8,4,0.45717464306952554
1,2030,9,3,0.1639053580097192
1,2030,9,4,0.8360946419902808
1,2030,10,3,0.41502119933786946
1,2030,10,4,0.5849788006621306
1,2030,11,3,0.06418866072783033
1,2030,11,4,0.9358113392721698
1,2030,12,4,1.0
1,2030,13,4,1.0
1,2030,14,3,0.713511823748031
1,2030,14,4,0.286488176251969
1,2030,15,3,0.7821721602991595
1,2030,15,4,0.21782783970084058
1,2030,16,3,0.0455225417593581
1,2030,16,4,0.9544774582406419
1,2030,17,4,1.0
1,2030,18,4,1.0
1,2030,19,4,1.0
1,2030,20,4,1.0
1,2030,21,4,1.0
1,2030,22,4,1.0
1,2030,23,4,1.0
1,2030,24,3,0.08154121340577491
1,2030,24,4,0.918458786594225
1,2030,25,4,1.0
1,2030,26,4,1.0
1,2030,27,3,0.05641091412198037
1,2030,27,4,0.9435890858780197
1,2030,28,4,1.0
1,2030,29,4,1.0
1,2030,30,3,0.5263156336424462
1,2030,30,4,0.4736843663575539
1,2030,31,3,0.17603626107856063
1,2030,31,4,0.8239637389214395
1,2030,32,3,0.16734539877840407
1,2030,32,4,0.832654601221596
1,2030,33,3,0.6289688993827041
1,2030,33,4,0.3710311006172959
1,2030,34,3,0.31114611127780917
1,2030,34,4,0.6888538887221909
1,2030,35,3,0.6048688062534859
1,2030,35,4,0.3951311937465141
1,2030,36,3,0.8129753336335219
1,2030,36,4,0.1870246663664781
1,2030,37,3,0.6703882026591615
1,2030,37,4,0.32961179734083845
1,2030,38,4,1.0
1,2030,39,4,1.0
1,2030,40,4,1.0
1,2030,41,3,0.13090485124990983
1,2030,41,4,0.8690951487500902
1,2030,42,4,1.0
1,2030,43,3,0.48927066633141775
1,2030,43,4,0.5107293336685822
1,2030,44,4,1.0
1,2030,45,4,1.0
1,2030,46,4,1.0
1,2030,47,4,1.0
1,2030,48,3,0.2385381522069533
1,2030,48,4,0.7614618477930467
1,2030,49,3,0.3498777020338146
1,2030,49,4,0.6501222979661854
1,2030,50,3,0.058153831994755614
1,2030,50,4,0.9418461680052443
1,2030,51,3,0.046456964098750414
1,2030,51,4,0.9535430359012496
1,2030,52,3,0.29638439029409036
1,2030,52,4,0.7036156097059096
1,2030,53,3,0.6044307838165712
1,2030,53,4,0.3955692161834287
1,2030,54,3,0.16794062363249027
1,2030,54,4,0.8320593763675098
1,2030,55,4,1.0
1,2030,56,4,1.0
1,2030,57,4,1.0
1,2030,58,3,0.13618189946697096
1,2030,58,4,0.8638181005330291
1,2030,59,3,0.561443028235196
1,2030,59,4,0.43855697176480407
1,2030,60,3,0.3090921748459696
1,2030,60,4,0.6909078251540305
1,2030,61,4,1.0
1,2030,62,4,1.0
1,2030,63,4,1.0
1,2030,64,4,1.0
1,2030,65,3,0.2598869439347921
1,2030,65,4,0.7401130560652079
1,2030,66,3,0.04545508075600747
1,2030,66,4,0.9545449192439924
1,2030,67,4,1.0
1,2030,68,4,1.0
1,2030,69,4,1.0
1,2030,70,3,0.026922623514073634
1,2030,70,4,0.9730773764859264
1,2030,71,4,1.0
1,2030,72,4,1.0
1,2030,73,3,0.2257922766519947
1,2030,73,4,0.7742077233480053
1,2030,74,3,0.39002287726445456
1,2030,74,4,0.6099771227355455
1,2030,75,3,0.38176505700609503
1,2030,75,4,0.618234942993905
1,2030,76,3,0.07086583258436328
1,2030,76,4,0.9291341674156367
1,2030,77,3,0.03399454076820237
1,2030,77,4,0.9660054592317976
1,2030,78,3,0.09196768923050677
1,2030,78,4,0.9080323107694932
1,2030,79,3,0.07776853069175554
1,2030,79,4,0.9222314693082445
1,2030,80,3,0.05194208046521702
1,2030,80,4,0.948057919534783
1,2030,81,3,0.29289164265113965
1,2030,81,4,0.7071083573488605
1,2030,82,3,0.6912890642324105
1,2030,82,4,0.3087109357675894
1,2030,83,3,0.6162733918031312
1,2030,83,4,0.38372660819686877
1,2030,84,4,1.0
1,2030,85,4,1.0
1,2030,86,3,0.3712402318152861
1,2030,86,4,0.6287597681847139
1,2030,87,3,0.5024050146367027
1,2030,87,4,0.4975949853632972
1,2030,88,3,0.3140712120902569
1,2030,88,4,0.6859287879097431
1,2030,89,4,1.0
1,2030,90,4,1.0
1,2030,91,4,1.0
1,2030,92,3,0.30007523110424095
1,2030,92,4,0.699924768895759
1,2030,93,3,0.7133967099185103
1,2030,93,4,0.2866032900814897
1,2030,94,3,0.6114112046538949
1,2030,94,4,0.38858879534610513
1,2030,95,3,0.37548779721622694
1,2030,95,4,0.6245122027837732
1,2030,96,3,0.10469525269259529
1,2030,96,4,0.8953047473074047
1,2030,97,3,0.02354874448562412
1,2030,97,4,0.9764512555143758
1,2030,98,4,1.0
1,2030,99,3,0.020579031021712567
1,2030,99,4,0.9794209689782875
1,2030,100,3,0.06364676544439152
1,2030,100,4,0.9363532345556085
1,2030,101,3,0.11999430983867262
1,2030,101,4,0.8800056901613275
1,2030,102,3,0.013217414980475347
1,2030,102,4,0.9867825850195246
1,2030,103,4,1.0
1,2030,104,4,1.0
1,2030,105,4,1.0
1,2030,106,4,1.0
1,2030,107,3,0.4108173535962817
1,2030,107,4,0.5891826464037183
1,2030,108,3,0.6703274291271937
1,2030,108,4,0.32967257087280627
1,2030,109,3,0.2707246559767451
1,2030,109,4,0.7292753440232549
1,2030,110,3,0.3053847603768092
1,2030,110,4,0.6946152396231909
1,2030,111,3,0.15422714171005983
1,2030,111,4,0.8457728582899402
1,2030,112,3,0.2801351874990666
1,2030,112,4,0.7198648125009335
1,2030,113,3,0.7030501447693598
1,2030,113,4,0.2969498552306402
1,2030,114,3,0.5259715050534501
1,2030,114,4,0.4740284949465498
1,2030,115,3,0.5398560864140025
1,2030,115,4,0.4601439135859975
1,2030,116,3,0.5885023661962894
1,2030,116,4,0.4114976338037106
1,2030,117,3,0.1953498949907693
1,2030,117,4,0.8046501050092307
1,2030,118,3,0.7048337446397586
1,2030,118,4,0.2951662553602414
1,2030,119,3,0.5279723820527502
1,2030,119,4,0.47202761794724973
1,2030,120,3,0.6424929624243974
1,2030,120,4,0.3575070375756026
1,2030,121,3,0.7552252237080571
1,2030,121,4,0.24477477629194289
1,2030,122,3,0.5700442640007811
1,2030,122,4,0.4299557359992189
1,2030,123,3,0.5376342402616596
1,2030,123,4,0.46236575973834043
1,2030,124,3,0.5462269605664004
1,2030,124,4,0.4537730394335996
1,2030,125,3,0.6219246579474589
1,2030,125,4,0.37807534205254106
1,2030,126,3,0.6971864616865414
1,2030,126,4,0.30281353831345853
1,2030,127,3,0.7713639828763319
1,2030,127,4,0.22863601712366818
1,2030,128,3,0.4401134563981679
1,2030,128,4,0.5598865436018322
1,2030,129,3,0.36339912893728754
1,2030,129,4,0.6366008710627126
1,2030,130,3,0.7189843502322772
1,2030,130,4,0.2810156497677228
1,2030,131,3,0.09266676121655064
1,2030,131,4,0.9073332387834493
1,2030,132,4,1.0
1,2030,133,3,0.4673385545038198
1,2030,133,4,0.5326614454961802
1,2030,134,3,0.5054204122582591
1,2030,134,4,0.4945795877417409
1,2030,135,3,0.2802594653411361
1,2030,135,4,0.719740534658864
1,2030,136,3,0.048926143167337954
1,2030,136,4,0.951073856832662
1,2030,137,3,0.026878043377895497
1,2030,137,4,0.9731219566221045
1,2030,138,3,0.20213564612276858
1,2030,138,4,0.7978643538772315
1,2030,139,3,0.429809687313972
1,2030,139,4,0.5701903126860279
1,2030,140,3,0.1736322823368694
1,2030,140,4,0.8263677176631307
1,2030,141,3,0.14571644782290025
1,2030,141,4,0.8542835521770997
1,2030,142,3,0.6430141289484013
1,2030,142,4,0.3569858710515988
1,2030,143,3,0.5669578146802806
1,2030,143,4,0.43304218531971944
1,2030,144,3,0.4509943405162877
1,2030,144,4,0.5490056594837124
1,2030,145,3,0.5920620869650335
1,2030,145,4,0.40793791303496657
1,2030,146,3,0.08509359748783132
1,2030,146,4,0.9149064025121686
1,2030,147,3,0.09121101230460263
1,2030,147,4,0.9087889876953973
1,2030,148,3,0.11495381735605832
1,2030,148,4,0.8850461826439416
1,2030,149,3,0.5486640426548511
1,2030,149,4,0.4513359573451489
1,2030,150,3,0.34926478902746266
1,2030,150,4,0.6507352109725374
1,2030,151,3,0.3276316395930539
1,2030,151,4,0.672368360406946
1,2030,152,3,0.46706725459355425
1,2030,152,4,0.5329327454064458
1,2030,153,3,0.21801246502759916
1,2030,153,4,0.7819875349724009
1,2030,154,3,0.5136460342899094
1,2030,154,4,0.48635396571009065
1,2030,155,3,0.38251472170861683
1,2030,155,4,0.6174852782913832
1,2030,156,4,1.0
1,2030,157,4,1.0
1,2030,158,3,0.01538605968704385
1,2030,158,4,0.9846139403129562
1,2030,159,3,0.02803828154022023
1,2030,159,4,0.9719617184597797
1,2030,160,4,1.0
1,2030,161,3,0.0964738885088112
1,2030,161,4,0.9035261114911889
1,2030,162,3,0.4062598942619841
1,2030,162,4,0.5937401057380159
1,2030,163,3,0.4196038915546701
1,2030,163,4,0.5803961084453299
1,2030,164,3,0.3456887668348652
1,2030,164,4,0.6543112331651348
1,2030,165,3,0.18791153171865393
1,2030,165,4,0.8120884682813461
1,2030,166,3,0.041415250775325034
1,2030,166,4,0.958584749224675
1,2030,167,3,0.12333750767817837
1,2030,167,4,0.8766624923218216
1,2030,168,3,0.6920376365603749
1,2030,168,4,0.3079623634396252
1,2030,169,3,0.7777981898352004
1,2030,169,4,0.22220181016479956
1,2030,170,3,0.7200506721253915
1,2030,170,4,0.2799493278746084
1,2030,171,3,0.7850089120402998
1,2030,171,4,0.21499108795970023
1,2030,172,3,0.5069739961610203
1,2030,172,4,0.49302600383897965
1,2030,173,3,0.05004414412850581
1,2030,173,4,0.9499558558714942
1,2030,174,4,1.0
1,2030,175,4,1.0
1,2030,176,4,1.0
1,2030,177,3,0.0953225387501337
1,2030,177,4,0.9046774612498664
1,2030,178,3,0.5342696705360724
1,2030,178,4,0.4657303294639276
1,2030,179,3,0.7885851423100225
1,2030,179,4,0.21141485768997745
1,2030,180,3,0.8553572772638911
1,2030,180,4,0.14464272273610893
1,2030,181,3,0.7533554485511675
1,2030,181,4,0.2466445514488325
1,2030,182,3,0.7032749516268932
1,2030,182,4,0.2967250483731067
1,2030,183,3,0.580222439991458
1,2030,183,4,0.4197775600085421
1,2030,184,3,0.3716274861379385
1,2030,184,4,0.6283725138620615
1,2030,185,3,0.6348340852005505
1,2030,185,4,0.36516591479944954
1,2030,186,3,0.3682199114319469
1,2030,186,4,0.6317800885680531
1,2030,187,3,0.1529802723896274
1,2030,187,4,0.8470197276103727
1,2030,188,3,0.12838522032379593
1,2030,188,4,0.871614779676204
1,2030,189,3,0.2461044400474452
1,2030,189,4,0.7538955599525549
1,2030,190,3,0.6353231382215629
1,2030,190,4,0.364676861778437
1,2030,191,3,0.5965212136763945
1,2030,191,4,0.4034787863236055
1,2030,192,3,0.39761518414925384
1,2030,192,4,0.6023848158507462
1,2030,193,3,0.5404123095136639
1,2030,193,4,0.45958769048633613
1,2030,194,3,0.13939764903248372
1,2030,194,4,0.8606023509675162
1,2030,195,3,0.053558366564236494
1,2030,195,4,0.9464416334357635
1,2030,196,3,0.14214587389269023
1,2030,196,4,0.8578541261073098
1,2030,197,3,0.8092003098889033
1,2030,197,4,0.19079969011109668
1,2030,198,3,0.8001171088976945
1,2030,198,4,0.19988289110230548
1,2030,199,3,0.6430219982437559
1,2030,199,4,0.356978001756244
1,2030,200,3,0.18848515267536767
1,2030,200,4,0.8115148473246322
1,2030,201,3,0.7149333915416912
1,2030,201,4,0.28506660845830883
1,2030,202,3,0.6388615181517482
1,2030,202,4,0.3611384818482518
1,2030,203,4,1.0
1,2030,204,3,0.13582992428764787
1,2030,204,4,0.8641700757123522
1,2030,205,3,0.22406414984637488
1,2030,205,4,0.7759358501536252
1,2030,206,3,0.22582502548673375
1,2030,206,4,0.7741749745132663
1,2030,207,3,0.24340576688607476
1,2030,207,4,0.7565942331139253
1,2030,208,3,0.6223544633455089
1,2030,208,4,0.3776455366544911
1,2030,209,3,0.6178487779961983
1,2030,209,4,0.38215122200380164
1,2030,210,3,0.7341541823064595
1,2030,210,4,0.2658458176935406
1,2030,211,3,0.6526094343655947
1,2030,211,4,0.34739056563440535
1,2030,212,3,0.5159952506189686
1,2030,212,4,0.4840047493810314
1,2030,213,3,0.4050970362595596
1,2030,213,4,0.5949029637404405
1,2030,214,3,0.6987481709319876
1,2030,214,4,0.3012518290680124
1,2030,215,3,0.6119754602456714
1,2030,215,4,0.38802453975432866
1,2030,216,3,0.5697571737658327
1,2030,216,4,0.4302428262341674
1,2030,217,3,0.3721210334330085
1,2030,217,4,0.6278789665669915
1,2030,218,3,0.732944409690576
1,2030,218,4,0.267055590309424
1,2030,219,3,0.652432428297124
1,2030,219,4,0.34756757170287594
1,2030,220,3,0.42015980470481556
1,2030,220,4,0.5798401952951844
1,2030,221,3,0.10096451946640192
1,2030,221,4,0.8990354805335982
1,2030,222,3,0.4982963563299082
1,2030,222,4,0.5017036436700918
1,2030,223,3,0.7037057513351487
1,2030,223,4,0.2962942486648513
1,2030,224,3,0.7255446426648569
1,2030,224,4,0.2744553573351431
1,2030,225,3,0.37959927356937356
1,2030,225,4,0.6204007264306264
1,2030,226,4,1.0
1,2030,227,4,1.0
1,2030,228,3,0.24191640853038043
1,2030,228,4,0.7580835914696196
1,2030,229,3,0.7295202452191136
1,2030,229,4,0.2704797547808863
1,2030,230,3,0.719935384569778
1,2030,230,4,0.280064615430222
1,2030,231,3,0.7313806732545007
1,2030,231,4,0.26861932674549927
1,2030,232,3,0.64420943913139
1,2030,232,4,0.3557905608686101
1,2030,233,3,0.31268945413229915
1,2030,233,4,0.6873105458677009
1,2030,234,3,0.2962979853905472
1,2030,234,4,0.7037020146094529
1,2030,235,3,0.33686955804481533
1,2030,235,4,0.6631304419551848
1,2030,236,3,0.3812769926172839
1,2030,236,4,0.6187230073827161
1,2030,237,3,0.4480596620464367
1,2030,237,4,0.5519403379535632
1,2030,238,3,0.2656015523406625
1,2030,238,4,0.7343984476593376
1,2030,239,3,0.2224561149007901
1,2030,239,4,0.7775438850992099
1,2030,240,4,1.0
1,2030,241,4,1.0
1,2030,242,3,0.044222666251225715
1,2030,242,4,0.9557773337487743
1,2030,243,3,0.05577240044697416
1,2030,243,4,0.9442275995530258
1,2030,244,3,0.04131195764630435
1,2030,244,4,0.9586880423536956
1,2030,245,3,0.07454958979382932
1,2030,245,4,0.9254504102061706
1,2030,246,3,0.6032149211755578
1,2030,246,4,0.39678507882444225
1,2030,247,3,0.7221521820902455
1,2030,247,4,0.2778478179097546
1,2030,248,3,0.29645483012133417
1,2030,248,4,0.7035451698786658
1,2030,249,4,1.0
1,2030,250,4,1.0
1,2030,251,3,0.10215050841437905
1,2030,251,4,0.897849491585621
1,2030,252,3,0.061760753764514766
1,2030,252,4,0.9382392462354853
1,2030,253,3,0.33227871737990694
1,2030,253,4,0.667721282620093
1,2030,254,3,0.6873194069090036
1,2030,254,4,0.3126805930909964
1,2030,255,3,0.4689222839307699
1,2030,255,4,0.5310777160692302
1,2030,256,3,0.31959298813634207
1,2030,256,4,0.6804070118636579
1,2030,257,3,0.2990974115646341
1,2030,257,4,0.7009025884353659
1,2030,258,3,0.20613485595207212
1,2030,258,4,0.7938651440479279
1,2030,259,3,0.276379675907841
1,2030,259,4,0.7236203240921589
1,2030,260,3,0.5907241610336681
1,2030,260,4,0.40927583896633196
1,2030,261,3,0.45614482249634364
1,2030,261,4,0.5438551775036564
1,2030,262,4,1.0
1,2030,263,3,0.4132834739252331
1,2030,263,4,0.586716526074767
1,2030,264,3,0.3651905079148153
1,2030,264,4,0.6348094920851847
1,2030,265,3,0.1427195527055207
1,2030,265,4,0.8572804472944793
1,2030,266,3,0.30994623791856774
1,2030,266,4,0.6900537620814323
1,2030,267,3,0.5534320937649319
1,2030,267,4,0.4465679062350682
1,2030,268,3,0.18084501156885838
1,2030,268,4,0.8191549884311417
1,2030,269,3,0.5721230448169973
1,2030,269,4,0.4278769551830027
1,2030,270,3,0.726867248228101
1,2030,270,4,0.273132751771899
1,2030,271,3,0.528817861649175
1,2030,271,4,0.47118213835082506
1,2030,272,3,0.7017339271687414
1,2030,272,4,0.29826607283125856
1,2030,273,3,0.6471277186016688
1,2030,273,4,0.3528722813983311
1,2030,274,3,0.7957160673750944
1,2030,274,4,0.20428393262490563
1,2030,275,3,0.6229750570704794
1,2030,275,4,0.37702494292952066
1,2030,276,3,0.09356744856736568
1,2030,276,4,0.9064325514326343
1,2030,277,3,0.08327638424524465
1,2030,277,4,0.9167236157547554
1,2030,278,3,0.6813449040984587
1,2030,278,4,0.31865509590154134
1,2030,279,3,0.08346616938851806
1,2030,279,4,0.916533830611482
1,2030,280,3,0.3306425713050254
1,2030,280,4,0.6693574286949746
1,2030,281,3,0.3070028808950888
1,2030,281,4,0.6929971191049112
1,2030,282,3,0.4430018120595199
1,2030,282,4,0.5569981879404802
1,2030,283,3,0.18524398771472203
1,2030,283,4,0.814756012285278
1,2030,284,3,0.7456744538552376
1,2030,284,4,0.25432554614476244
1,2030,285,3,0.7467202158918778
1,2030,285,4,0.25327978410812224
1,2030,286,3,0.5777755877213517
1,2030,286,4,0.4222244122786483
1,2030,287,3,0.40467479579398163
1,2030,287,4,0.5953252042060184
1,2030,288,3,0.6599420854325833
1,2030,288,4,0.34005791456741674
1,2030,289,3,0.18856627657611072
1,2030,289,4,0.8114337234238893
1,2030,290,3,0.3409085009288761
1,2030,290,4,0.659091499071124
1,2030,291,3,0.5965968914991395
1,2030,291,4,0.40340310850086053
1,2030,292,3,0.2028924123023133
1,2030,292,4,0.7971075876976866
1,2030,293,3,0.0678079406133664
1,2030,293,4,0.9321920593866336
1,2030,294,3,0.16384088338471006
1,2030,294,4,0.83615911661529
1,2030,295,3,0.4957509691421251
1,2030,295,4,0.5042490308578749
1,2030,296,3,0.04875789020733803
1,2030,296,4,0.951242109792662
1,2030,297,4,1.0
1,2030,298,3,0.5419641635686607
1,2030,298,4,0.4580358364313392
1,2030,299,4,1.0
1,2030,300,3,0.4308569167850178
1,2030,300,4,0.5691430832149822
1,2030,301,4,1.0
1,2030,302,3,0.3064613493333101
1,2030,302,4,0.69353865066669
1,2030,303,3,0.5740717684370212
1,2030,303,4,0.4259282315629787
1,2030,304,3,0.17507430335883448
1,2030,304,4,0.8249256966411656
1,2030,305,3,0.20373278387220714
1,2030,305,4,0.7962672161277927
1,2030,306,3,0.3306239420089037
1,2030,306,4,0.6693760579910962
1,2030,307,3,0.35160520834256054
1,2030,307,4,0.6483947916574394
1,2030,308,3,0.3868885106744692
1,2030,308,4,0.6131114893255307
1,2030,309,3,0.5239743052195052
1,2030,309,4,0.4760256947804949
1,2030,310,3,0.6457343536642506
1,2030,310,4,0.3542656463357495
1,2030,311,3,0.7361122618670825
1,2030,311,4,0.2638877381329176
1,2030,312,3,0.449141871682117
1,2030,312,4,0.5508581283178831
1,2030,313,3,0.6025053479892625
1,2030,313,4,0.3974946520107376
1,2030,314,3,0.5505141307613017
1,2030,314,4,0.4494858692386982
1,2030,315,3,0.26223367055021973
1,2030,315,4,0.7377663294497804
1,2030,316,4,1.0
1,2030,317,3,0.10290764926255139
1,2030,317,4,0.8970923507374486
1,2030,318,3,0.1082615656360087
1,2030,318,4,0.8917384343639914
1,2030,319,3,0.28384067865643736
1,2030,319,4,0.7161593213435626
1,2030,320,3,0.20050297943088122
1,2030,320,4,0.7994970205691188
1,2030,321,3,0.34509187953562753
1,2030,321,4,0.6549081204643725
1,2030,322,3,0.21621263966865054
1,2030,322,4,0.7837873603313493
1,2030,323,3,0.38224472385346886
1,2030,323,4,0.6177552761465311
1,2030,324,3,0.05502424740992808
1,2030,324,4,0.9449757525900719
1,2030,325,3,0.045981598411922
1,2030,325,4,0.954018401588078
1,2030,326,3,0.14089105792068043
1,2030,326,4,0.8591089420793195
1,2030,327,3,0.6811508789002277
1,2030,327,4,0.3188491210997723
1,2030,328,3,0.12621004215638595
1,2030,328,4,0.873789957843614
1,2030,329,3,0.3108657444142733
1,2030,329,4,0.6891342555857267
1,2030,330,3,0.15241464850990877
1,2030,330,4,0.8475853514900912
1,2030,331,3,0.17314487794589842
1,2030,331,4,0.8268551220541015
1,2030,332,3,0.24701228086193353
1,2030,332,4,0.7529877191380665
1,2030,333,3,0.3407726462312957
1,2030,333,4,0.6592273537687043
1,2030,334,3,0.1243724978799507
1,2030,334,4,0.8756275021200494
1,2030,335,3,0.07888537351928628
1,2030,335,4,0.9211146264807137
1,2030,336,3,0.35479719272026267
1,2030,336,4,0.6452028072797373
1,2030,337,3,0.14353965951327438
1,2030,337,4,0.8564603404867256
1,2030,338,4,1.0
1,2030,339,3,0.19192080557848024
1,2030,339,4,0.8080791944215199
1,2030,340,3,0.6252995722192116
1,2030,340,4,0.3747004277807883
1,2030,341,3,0.7306492761984636
1,2030,341,4,0.2693507238015364
1,2030,342,3,0.6460813294847851
1,2030,342,4,0.3539186705152148
1,2030,343,3,0.11852708771027849
1,2030,343,4,0.8814729122897215
1,2030,344,3,0.24708882129154466
1,2030,344,4,0.7529111787084554
1,2030,345,3,0.30876356201458144
1,2030,345,4,0.6912364379854186
1,2030,346,3,0.217770934213214
1,2030,346,4,0.782229065786786
1,2030,347,4,1.0
1,2030,348,4,1.0
1,2030,349,4,1.0
1,2030,350,3,0.5148226900459809
1,2030,350,4,0.48517730995401903
1,2030,351,3,0.22535592569220397
1,2030,351,4,0.774644074307796
1,2030,352,3,0.08360112607226605
1,2030,352,4,0.9163988739277339
1,2030,353,3,0.545260350421494
1,2030,353,4,0.454739649578506
1,2030,354,3,0.3874990606728435
1,2030,354,4,0.6125009393271564
1,2030,355,4,1.0
1,2030,356,4,1.0
1,2030,357,4,1.0
1,2030,358,4,1.0
1,2030,359,4,1.0
1,2030,360,4,1.0
1,2030,361,4,1.0
1,2030,362,4,1.0
1,2030,363,4,1.0
1,2030,364,4,1.0
1,2030,365,4,1.0
