year,period,rep_period,weight,scenario
2030,1,1,0.7064398302969341,0
2030,1,2,0.2935601697030658,0
2030,2,2,1.0,0
2030,3,2,0.7251899455723967,0
2030,3,3,0.2748100544276033,0
2030,4,1,0.2127690614036306,0
2030,4,2,0.19370984632112076,0
2030,4,3,0.5935210922752487,0
2030,5,1,0.42333138803622666,0
2030,5,3,0.5766686119637733,0
2030,6,1,0.8438068404555392,0
2030,6,2,0.15619315954446086,0
2030,7,1,0.27058398702515385,0
2030,7,2,0.7294160129748462,0
2030,8,1,0.13623712600655336,0
2030,8,2,0.8637628739934465,0
2030,9,1,0.5656549768053495,0
2030,9,2,0.4343450231946505,0
2030,10,1,0.23680372149064313,0
2030,10,2,0.7631962785093569,0
2030,11,1,0.7309440629789618,0
2030,11,2,0.026303407441006503,0
2030,11,3,0.2427525295800318,0
2030,12,1,1.0,0
2030,13,1,0.8950540103552439,0
2030,13,2,0.09437368958981232,0
2030,13,4,0.01057230005494384,0
2030,14,2,1.0,0
2030,15,2,1.0,0
2030,16,1,0.19986359368330975,0
2030,16,4,0.8001364063166901,0
2030,17,1,1.0,0
2030,18,1,1.0,0
2030,19,1,1.0,0
2030,20,1,1.0,0
2030,21,1,0.8627885075513104,0
2030,21,4,0.13721149244868955,0
2030,22,1,1.0,0
2030,23,1,0.6623141973563047,0
2030,23,2,0.33768580264369535,0
2030,24,1,0.696797021569493,0
2030,24,3,0.303202978430507,0
2030,25,1,0.8878243164519918,0
2030,25,4,0.11217568354800822,0
2030,26,1,0.6876455817398055,0
2030,26,2,0.31235441826019444,0
2030,27,1,0.361801874046084,0
2030,27,4,0.6381981259539161,0
2030,28,1,0.9568233279652008,0
2030,28,4,0.04317667203479926,0
2030,29,1,1.0,0
2030,30,1,0.14383072297029398,0
2030,30,2,0.856169277029706,0
2030,31,3,0.03416727160154828,0
2030,31,4,0.9658327283984518,0
2030,32,1,0.12285833878046493,0
2030,32,2,0.3285030676341813,0
2030,32,4,0.5486385935853538,0
2030,33,1,0.05940642242708651,0
2030,33,2,0.9405935775729135,0
2030,34,2,0.024524871742821683,0
2030,34,3,0.32693192734560683,0
2030,34,4,0.6485432009115716,0
2030,35,2,1.0,0
2030,36,2,1.0,0
2030,37,2,0.24559119573362317,0
2030,37,3,0.7544088042663767,0
2030,38,1,0.280935884097941,0
2030,38,4,0.7190641159020591,0
2030,39,1,0.9158231705987891,0
2030,39,2,0.08417682940121089,0
2030,40,1,0.8676341517613146,0
2030,40,4,0.1323658482386853,0
2030,41,1,0.17015344528757623,0
2030,41,4,0.8298465547124237,0
2030,42,1,0.2553732775840098,0
2030,42,2,0.13463305558457192,0
2030,42,4,0.6099936668314183,0
2030,43,3,1.0,0
2030,44,1,1.0,0
2030,45,1,1.0,0
2030,46,1,0.8923618310121304,0
2030,46,4,0.10763816898786957,0
2030,47,1,0.23924676306881423,0
2030,47,4,0.7607532369311858,0
2030,48,1,0.22834092395862338,0
2030,48,3,0.7716590760413766,0
2030,49,3,1.0,0
2030,50,4,1.0,0
2030,51,1,0.11159686936564828,0
2030,51,4,0.8884031306343516,0
2030,52,1,0.37492926497709606,0
2030,52,2,0.625070735022904,0
2030,53,2,0.10059148631166291,0
2030,53,3,0.8994085136883371,0
2030,54,1,0.1731699855549427,0
2030,54,3,0.09796973969613103,0
2030,54,4,0.7288602747489263,0
2030,55,1,1.0,0
2030,56,1,1.0,0
2030,57,1,1.0,0
2030,58,1,0.4229177096994439,0
2030,58,2,0.577082290300556,0
2030,59,2,1.0,0
2030,60,1,0.19710647756950506,0
2030,60,3,0.8028935224304949,0
2030,61,1,0.7560325112811715,0
2030,61,4,0.24396748871882848,0
2030,62,1,1.0,0
2030,63,1,0.7557953313467205,0
2030,63,2,0.023138138964917152,0
2030,63,3,0.2210665296883624,0
2030,64,1,1.0,0
2030,65,1,0.4029229709734841,0
2030,65,2,0.5970770290265159,0
2030,66,1,0.03565109409929188,0
2030,66,3,0.02973183268802432,0
2030,66,4,0.9346170732126838,0
2030,67,1,0.5927864371327478,0
2030,67,2,0.10153501235126342,0
2030,67,4,0.30567855051598875,0
2030,68,1,0.12285291360359409,0
2030,68,4,0.8771470863964059,0
2030,69,1,0.6988431039263037,0
2030,69,2,0.3011568960736964,0
2030,70,1,0.725836243082611,0
2030,70,3,0.274163756917389,0
2030,71,1,0.9757708079883275,0
2030,71,4,0.024229192011672528,0
2030,72,1,0.28108413807717864,0
2030,72,4,0.7189158619228213,0
2030,73,1,0.30941153570192503,0
2030,73,2,0.512044646378995,0
2030,73,3,0.0,0
2030,73,4,0.17854381791908008,0
2030,74,1,0.16477046600982567,0
2030,74,2,0.45748963626008926,0
2030,74,3,0.3663960826758678,0
2030,74,4,0.011343815054217311,0
2030,75,1,0.033637897932499154,0
2030,75,3,0.9477475006333287,0
2030,75,4,0.018614601434172113,0
2030,76,4,1.0,0
2030,77,4,1.0,0
2030,78,4,1.0,0
2030,79,4,1.0,0
2030,80,4,1.0,0
2030,81,1,0.1706923713056583,0
2030,81,2,0.7212996572193926,0
2030,81,4,0.10800797147494906,0
2030,82,2,1.0,0
2030,83,2,0.13027352580742646,0
2030,83,3,0.8697264741925734,0
2030,84,4,1.0,0
2030,85,4,1.0,0
2030,86,2,0.3683041541763097,0
2030,86,3,0.6316958458236903,0
2030,87,2,0.7849139204920513,0
2030,87,3,0.2150860795079487,0
2030,88,1,0.07697527495677739,0
2030,88,2,0.44551211558153175,0
2030,88,3,0.47751260946169083,0
2030,89,1,0.33116210217326314,0
2030,89,3,0.4117708689831197,0
2030,89,4,0.25706702884361715,0
2030,90,4,1.0,0
2030,91,4,1.0,0
2030,92,2,0.7135597440677244,0
2030,92,4,0.2864402559322757,0
2030,93,2,1.0,0
2030,94,2,0.4174795327234167,0
2030,94,3,0.5825204672765832,0
2030,95,3,0.8629580244721601,0
2030,95,4,0.1370419755278399,0
2030,96,4,1.0,0
2030,97,4,1.0,0
2030,98,4,1.0,0
2030,99,4,1.0,0
2030,100,4,1.0,0
2030,101,4,1.0,0
2030,102,4,1.0,0
2030,103,1,0.14195678284674548,0
2030,103,4,0.8580432171532545,0
2030,104,1,0.6879729220871051,0
2030,104,4,0.3120270779128948,0
2030,105,1,0.2640883878902179,0
2030,105,4,0.7359116121097822,0
2030,106,1,0.3097772212717782,0
2030,106,4,0.6902227787282218,0
2030,107,1,0.017887987754833717,0
2030,107,2,0.8873740785318632,0
2030,107,4,0.09473793371330311,0
2030,108,2,0.9872950129222902,0
2030,108,3,0.012704987077709796,0
2030,109,1,0.15744900154826655,0
2030,109,2,0.7070398589190798,0
2030,109,4,0.13551113953265373,0
2030,110,2,0.0169191002450561,0
2030,110,3,0.869374801643155,0
2030,110,4,0.113706098111789,0
2030,111,2,0.3814866140802031,0
2030,111,4,0.618513385919797,0
2030,112,3,0.6228293046612418,0
2030,112,4,0.37717069533875824,0
2030,113,2,1.0,0
2030,114,2,1.0,0
2030,115,2,1.0,0
2030,116,2,0.6509016962993929,0
2030,116,3,0.3490983037006071,0
2030,117,2,0.365455256791508,0
2030,117,4,0.6345447432084921,0
2030,118,2,1.0,0
2030,119,2,1.0,0
2030,120,2,1.0,0
2030,121,2,1.0,0
2030,122,2,0.6070364905219067,0
2030,122,3,0.39296350947809333,0
2030,123,2,1.0,0
2030,124,2,0.8882129298497617,0
2030,124,3,0.11178707015023832,0
2030,125,2,1.0,0
2030,126,2,1.0,0
2030,127,2,1.0,0
2030,128,3,0.8748039231102293,0
2030,128,4,0.1251960768897708,0
2030,129,2,0.38279804309266174,0
2030,129,3,0.16259885488345427,0
2030,129,4,0.454603102023884,0
2030,130,2,1.0,0
2030,131,1,0.2982277723247828,0
2030,131,2,0.37428090111350654,0
2030,131,4,0.3274913265617107,0
2030,132,1,0.8018666799294052,0
2030,132,2,0.1981333200705949,0
2030,133,2,0.8459826484034473,0
2030,133,3,0.15401735159655278,0
2030,134,2,0.8653608863484584,0
2030,134,4,0.13463911365154158,0
2030,135,1,0.06554544538972437,0
2030,135,3,0.9344545546102756,0
2030,136,1,0.43551279123534425,0
2030,136,2,0.23117319666195946,0
2030,136,4,0.33331401210269623,0
2030,137,3,0.029383467095952475,0
2030,137,4,0.9706165329040476,0
2030,138,1,0.33256363058704125,0
2030,138,2,0.6141851731284399,0
2030,138,4,0.05325119628451874,0
2030,139,2,0.9305164653205268,0
2030,139,4,0.06948353467947324,0
2030,140,3,0.7133231433460807,0
2030,140,4,0.28667685665391934,0
2030,141,2,0.25610334790656797,0
2030,141,4,0.743896652093432,0
2030,142,2,1.0,0
2030,143,2,0.624484089574669,0
2030,143,3,0.3755159104253309,0
2030,144,2,0.6898170724889013,0
2030,144,3,0.12324941509215129,0
2030,144,4,0.18693351241894732,0
2030,145,2,0.9302338367980492,0
2030,145,3,0.06976616320195089,0
2030,146,4,1.0,0
2030,147,4,1.0,0
2030,148,2,0.16207906023603771,0
2030,148,4,0.8379209397639623,0
2030,149,2,0.9867154108672772,0
2030,149,4,0.013284589132722794,0
2030,150,1,0.1886220575654844,0
2030,150,2,0.8001532876973294,0
2030,150,3,0.01122465473718625,0
2030,151,1,0.20547117309296153,0
2030,151,2,0.7945288269070385,0
2030,152,2,0.7413339264282519,0
2030,152,3,0.2586660735717482,0
2030,153,1,0.019970952297538543,0
2030,153,2,0.11666545104035854,0
2030,153,3,0.5929066082029198,0
2030,153,4,0.27045698845918303,0
2030,154,2,0.8900823214789996,0
2030,154,3,0.10991767852100044,0
2030,155,3,1.0,0
2030,156,1,0.16821144705242946,0
2030,156,4,0.8317885529475706,0
2030,157,1,0.13259923385212605,0
2030,157,4,0.867400766147874,0
2030,158,4,1.0,0
2030,159,4,1.0,0
2030,160,1,0.04797237638411663,0
2030,160,4,0.9520276236158834,0
2030,161,2,0.21160822540366664,0
2030,161,4,0.7883917745963334,0
2030,162,1,0.015859406705880454,0
2030,162,2,0.7488316388598945,0
2030,162,3,0.016729751532210718,0
2030,162,4,0.21857920290201444,0
2030,163,2,0.1906932808059271,0
2030,163,3,0.8093067191940729,0
2030,164,2,0.027847719657217895,0
2030,164,3,0.8279861510239636,0
2030,164,4,0.14416612931881853,0
2030,165,3,0.2714991159291223,0
2030,165,4,0.7285008840708777,0
2030,166,4,1.0,0
2030,167,4,1.0,0
2030,168,2,1.0,0
2030,169,2,1.0,0
2030,170,2,1.0,0
2030,171,2,1.0,0
2030,172,3,1.0,0
2030,173,4,1.0,0
2030,174,4,1.0,0
2030,175,1,0.12691443784598122,0
2030,175,4,0.8730855621540188,0
2030,176,1,0.044075963984453896,0
2030,176,4,0.9559240360155461,0
2030,177,4,1.0,0
2030,178,2,0.9008390435091554,0
2030,178,4,0.09916095649084465,0
2030,179,2,1.0,0
2030,180,2,1.0,0
2030,181,2,1.0,0
2030,182,2,1.0,0
2030,183,2,1.0,0
2030,184,1,0.20166693274749253,0
2030,184,2,0.7983330672525074,0
2030,185,2,1.0,0
2030,186,3,0.8801856889820137,0
2030,186,4,0.11981431101798642,0
2030,187,4,1.0,0
2030,188,4,1.0,0
2030,189,1,0.05790034511266472,0
2030,189,2,0.46434779806045534,0
2030,189,3,0.0,0
2030,189,4,0.47775185682688,0
2030,190,2,0.9761261517548937,0
2030,190,3,0.02387384824510638,0
2030,191,2,0.7402488097847891,0
2030,191,3,0.09514270404903032,0
2030,191,4,0.1646084861661806,0
2030,192,2,0.7660826246508783,0
2030,192,4,0.23391737534912177,0
2030,193,3,1.0,0
2030,194,3,0.11382182090164338,0
2030,194,4,0.8861781790983567,0
2030,195,4,1.0,0
2030,196,2,0.3170521187734385,0
2030,196,4,0.6829478812265615,0
2030,197,2,1.0,0
2030,198,2,1.0,0
2030,199,3,1.0,0
2030,200,2,0.04247102530799259,0
2030,200,4,0.9575289746920074,0
2030,201,2,1.0,0
2030,202,2,0.9684884502412234,0
2030,202,3,0.03151154975877659,0
2030,203,1,0.05928910818098897,0
2030,203,4,0.940710891819011,0
2030,204,4,1.0,0
2030,205,2,0.08555325944855925,0
2030,205,4,0.9144467405514408,0
2030,206,1,0.2630381774941695,0
2030,206,2,0.27784654135176545,0
2030,206,3,0.45911528115406514,0
2030,207,2,0.4055782209898955,0
2030,207,4,0.5944217790101045,0
2030,208,2,1.0,0
2030,209,2,0.9897399735323169,0
2030,209,4,0.010260026467683139,0
2030,210,2,1.0,0
2030,211,2,0.9015831213767759,0
2030,211,3,0.09841687862322412,0
2030,212,2,0.3702487862966278,0
2030,212,3,0.6297512137033722,0
2030,213,2,0.12434459152704186,0
2030,213,3,0.701006082042221,0
2030,213,4,0.17464932643073708,0
2030,214,2,0.9770460158919236,0
2030,214,3,0.02295398410807635,0
2030,215,2,0.6052940013687216,0
2030,215,3,0.3947059986312785,0
2030,216,2,0.976140601043966,0
2030,216,4,0.02385939895603393,0
2030,217,2,0.6799628722234025,0
2030,217,4,0.32003712777659754,0
2030,218,2,1.0,0
2030,219,2,1.0,0
2030,220,3,1.0,0
2030,221,4,1.0,0
2030,222,2,0.8607707521113797,0
2030,222,4,0.13922924788862032,0
2030,223,2,1.0,0
2030,224,2,1.0,0
2030,225,1,0.038469224096368854,0
2030,225,3,0.9615307759036311,0
2030,226,1,0.3141252736230952,0
2030,226,4,0.6858747263769047,0
2030,227,4,1.0,0
2030,228,2,0.11879847226674654,0
2030,228,4,0.8812015277332536,0
2030,229,2,1.0,0
2030,230,2,1.0,0
2030,231,2,1.0,0
2030,232,2,0.8133431777250607,0
2030,232,3,0.1866568222749393,0
2030,233,3,0.8273992602287216,0
2030,233,4,0.17260073977127843,0
2030,234,2,0.2058330576357068,0
2030,234,3,0.08016443959014309,0
2030,234,4,0.7140025027741501,0
2030,235,2,0.0171617861113095,0
2030,235,3,0.6658394106832874,0
2030,235,4,0.3169988032054031,0
2030,236,2,0.04902106829767352,0
2030,236,3,0.9509789317023265,0
2030,237,1,0.0388490858940401,0
2030,237,2,0.8579627602644734,0
2030,237,3,0.016550424866591487,0
2030,237,4,0.08663772897489506,0
2030,238,1,0.03957188624001761,0
2030,238,3,0.9087447232936263,0
2030,238,4,0.05168339046635595,0
2030,239,1,0.051444818755387034,0
2030,239,3,0.5582397775342375,0
2030,239,4,0.39031540371037565,0
2030,240,1,0.2733501056617723,0
2030,240,4,0.7266498943382278,0
2030,241,1,0.024367329447682082,0
2030,241,4,0.975632670552318,0
2030,242,4,1.0,0
2030,243,4,1.0,0
2030,244,4,1.0,0
2030,245,4,1.0,0
2030,246,2,1.0,0
2030,247,2,1.0,0
2030,248,1,0.08313912233886621,0
2030,248,3,0.9168608776611338,0
2030,249,1,1.0,0
2030,250,1,1.0,0
2030,251,1,0.39929680599169076,0
2030,251,2,0.43190853255278155,0
2030,251,3,0.03569600039127912,0
2030,251,4,0.13309866106424859,0
2030,252,4,1.0,0
2030,253,1,0.05889380298943965,0
2030,253,2,0.07394634359218762,0
2030,253,3,0.8671598534183727,0
2030,254,2,1.0,0
2030,255,2,0.3921567142387827,0
2030,255,3,0.6078432857612174,0
2030,256,3,1.0,0
2030,257,2,0.355032758440246,0
2030,257,3,0.23577618571633158,0
2030,257,4,0.40919105584342247,0
2030,258,2,0.39233218750589893,0
2030,258,4,0.6076678124941012,0
2030,259,2,0.3430624089313542,0
2030,259,3,0.26221907484726825,0
2030,259,4,0.3947185162213775,0
2030,260,2,0.8371357337225926,0
2030,260,3,0.10214402473552275,0
2030,260,4,0.06072024154188463,0
2030,261,2,0.22282386323088682,0
2030,261,3,0.7771761367691131,0
2030,262,1,0.17760664776173915,0
2030,262,2,0.01532134415455669,0
2030,262,4,0.8070720080837042,0
2030,263,1,0.15296524249081075,0
2030,263,2,0.833814953456772,0
2030,263,3,0.013219804052417138,0
2030,264,2,0.010591585641445566,0
2030,264,3,0.9207626199037993,0
2030,264,4,0.0686457944547552,0
2030,265,3,0.21625001039605515,0
2030,265,4,0.7837499896039449,0
2030,266,1,0.017956852015739225,0
2030,266,2,0.6987696402502754,0
2030,266,4,0.2832735077339853,0
2030,267,2,0.28962052664566607,0
2030,267,3,0.7103794733543339,0
2030,268,1,0.3149575097027162,0
2030,268,2,0.30594983442791546,0
2030,268,3,0.37909265586936836,0
2030,269,2,1.0,0
2030,270,2,1.0,0
2030,271,2,0.6514276733768442,0
2030,271,3,0.34857232662315596,0
2030,272,2,1.0,0
2030,273,2,1.0,0
2030,274,2,1.0,0
2030,275,2,0.0488989183050354,0
2030,275,3,0.9511010816949647,0
2030,276,4,1.0,0
2030,277,1,0.010770284394942495,0
2030,277,2,0.16096749467245564,0
2030,277,4,0.8282622209326018,0
2030,278,2,0.7667688163569729,0
2030,278,3,0.23323118364302708,0
2030,279,4,1.0,0
2030,280,2,0.6469281207259653,0
2030,280,4,0.35307187927403477,0
2030,281,3,1.0,0
2030,282,3,1.0,0
2030,283,2,0.1299655985929868,0
2030,283,3,0.012154663418749096,0
2030,283,4,0.8578797379882641,0
2030,284,2,1.0,0
2030,285,2,1.0,0
2030,286,3,1.0,0
2030,287,2,0.7144472355948477,0
2030,287,4,0.28555276440515226,0
2030,288,2,0.6702780521520839,0
2030,288,3,0.32972194784791614,0
2030,289,3,0.1874647973992584,0
2030,289,4,0.8125352026007415,0
2030,290,2,0.6532572122354307,0
2030,290,4,0.34674278776456946,0
2030,291,2,0.26876286539768834,0
2030,291,3,0.7312371346023117,0
2030,292,2,0.17487549167209893,0
2030,292,4,0.8251245083279011,0
2030,293,3,0.06504621231668156,0
2030,293,4,0.9349537876833185,0
2030,294,2,0.3526804103653342,0
2030,294,4,0.6473195896346657,0
2030,295,2,0.8716238252738983,0
2030,295,4,0.12837617472610166,0
2030,296,1,0.12196350020193795,0
2030,296,3,0.3117568605304202,0
2030,296,4,0.5662796392676419,0
2030,297,1,0.8054129897997059,0
2030,297,4,0.19458701020029415,0
2030,298,1,0.04279481667051905,0
2030,298,2,0.9294648595467432,0
2030,298,4,0.027740323782737785,0
2030,299,1,0.43724072962648175,0
2030,299,2,0.04898178783717068,0
2030,299,4,0.5137774825363476,0
2030,300,2,0.03154009989961901,0
2030,300,3,0.968459900100381,0
2030,301,1,0.21856534068825817,0
2030,301,4,0.7814346593117418,0
2030,302,3,0.7087078450008876,0
2030,302,4,0.2912921549991124,0
2030,303,2,0.7931665011220067,0
2030,303,3,0.034412892400232147,0
2030,303,4,0.17242060647776117,0
2030,304,3,0.09325655707890942,0
2030,304,4,0.9067434429210907,0
2030,305,2,0.24551469438529921,0
2030,305,4,0.7544853056147008,0
2030,306,1,0.3056508442113748,0
2030,306,2,0.6943491557886253,0
2030,307,1,0.11302321473018911,0
2030,307,2,0.8869767852698109,0
2030,308,3,1.0,0
2030,309,2,0.8285727179179121,0
2030,309,4,0.171427282082088,0
2030,310,2,1.0,0
2030,311,2,1.0,0
2030,312,3,1.0,0
2030,313,2,1.0,0
2030,314,2,1.0,0
2030,315,1,0.20932627240438834,0
2030,315,2,0.0586520289082905,0
2030,315,3,0.7320216986873213,0
2030,316,1,0.6643261357457033,0
2030,316,3,0.11090455176394609,0
2030,316,4,0.22476931249035065,0
2030,317,1,0.23703383943753942,0
2030,317,3,0.41326842713477213,0
2030,317,4,0.3496977334276885,0
2030,318,1,0.31066523847793504,0
2030,318,2,0.28653579336427926,0
2030,318,4,0.4027989681577857,0
2030,319,1,0.3341071063947253,0
2030,319,2,0.6658928936052747,0
2030,320,1,0.24636948214608276,0
2030,320,3,0.7536305178539173,0
2030,321,1,0.2507593255439444,0
2030,321,2,0.7492406744560557,0
2030,322,1,0.3026547487128334,0
2030,322,2,0.6200523966457759,0
2030,322,4,0.07729285464139067,0
2030,323,3,0.8093477822081506,0
2030,323,4,0.19065221779184943,0
2030,324,4,1.0,0
2030,325,1,0.23547114728727542,0
2030,325,2,0.10762610402847683,0
2030,325,4,0.6569027486842478,0
2030,326,1,0.3968100850660267,0
2030,326,2,0.6031899149339733,0
2030,327,2,0.8714559496245595,0
2030,327,3,0.12854405037544056,0
2030,328,2,0.2199376189239365,0
2030,328,4,0.7800623810760635,0
2030,329,1,0.05367342557520109,0
2030,329,3,0.946326574424799,0
2030,330,1,0.22652693042960173,0
2030,330,3,0.6948564227006973,0
2030,330,4,0.07861664686970112,0
2030,331,1,0.20695507005125252,0
2030,331,2,0.20367566525302774,0
2030,331,3,0.32565713135626007,0
2030,331,4,0.26371213333945964,0
2030,332,1,0.15046876728872555,0
2030,332,2,0.45398259110683603,0
2030,332,3,0.08420703854710072,0
2030,332,4,0.31134160305733777,0
2030,333,1,0.2751866967356715,0
2030,333,2,0.7248133032643285,0
2030,334,1,0.19617634014697508,0
2030,334,2,0.15280755124114023,0
2030,334,4,0.6510161086118846,0
2030,335,4,1.0,0
2030,336,2,0.06930239995141098,0
2030,336,3,0.5859884110202604,0
2030,336,4,0.34470918902832864,0
2030,337,1,0.22931305492741583,0
2030,337,2,0.21141520703067646,0
2030,337,3,0.07840845869891498,0
2030,337,4,0.4808632793429927,0
2030,338,1,0.7433878807501396,0
2030,338,4,0.2566121192498604,0
2030,339,1,0.4017931046157626,0
2030,339,2,0.5982068953842373,0
2030,340,2,0.06322952944408336,0
2030,340,3,0.9367704705559167,0
2030,341,2,1.0,0
2030,342,2,1.0,0
2030,343,1,0.14228340351718213,0
2030,343,3,0.28523903124332706,0
2030,343,4,0.5724775652394909,0
2030,344,1,0.4298385130069989,0
2030,344,2,0.5701614869930012,0
2030,344,3,0.0,0
2030,345,1,0.2958162390246849,0
2030,345,2,0.7041837609753151,0
2030,346,3,0.2649214190505658,0
2030,346,4,0.7350785809494341,0
2030,347,1,0.32553378097164914,0
2030,347,4,0.6744662190283509,0
2030,348,1,0.2317938775345822,0
2030,348,4,0.7682061224654179,0
2030,349,1,0.28908726703934023,0
2030,349,4,0.7109127329606598,0
2030,350,3,1.0,0
2030,351,1,0.08492874720199277,0
2030,351,2,0.3271061419446331,0
2030,351,4,0.5879651108533741,0
2030,352,4,1.0,0
2030,353,1,0.028987381251994238,0
2030,353,2,0.9476652037985079,0
2030,353,4,0.023347414949497738,0
2030,354,1,0.024050584163923593,0
2030,354,3,0.908161199871773,0
2030,354,4,0.06778821596430341,0
2030,355,1,0.20067961871404966,0
2030,355,4,0.7993203812859504,0
2030,356,1,1.0,0
2030,357,1,1.0,0
2030,358,1,1.0,0
2030,359,1,1.0,0
2030,360,1,0.9653092725053047,0
2030,360,2,0.03469072749469521,0
2030,361,1,0.7102074574457603,0
2030,361,4,0.28979254255423975,0
2030,362,1,0.7855839062706361,0
2030,362,4,0.21441609372936385,0
2030,363,1,0.7077059289270521,0
2030,363,4,0.29229407107294797,0
2030,364,1,1.0,0
2030,365,1,1.0,0
2030,1,1,0.6990977538404979,1
2030,1,2,0.3009022461595022,1
2030,2,2,1.0,1
2030,3,2,0.7058284213981885,1
2030,3,3,0.2941715786018116,1
2030,4,1,0.2295355301016766,1
2030,4,2,0.1996020191360348,1
2030,4,3,0.5708624507622887,1
2030,5,1,0.42896724991653873,1
2030,5,3,0.5710327500834612,1
2030,6,1,0.8293282293827314,1
2030,6,2,0.17067177061726863,1
2030,7,1,0.3001576358007539,1
2030,7,2,0.6998423641992461,1
2030,8,1,0.14143557648634658,1
2030,8,2,0.8585644235136534,1
2030,9,1,0.5755132489546245,1
2030,9,2,0.42448675104537553,1
2030,10,1,0.22693194384678608,1
2030,10,2,0.773068056153214,1
2030,11,1,0.7901876676879376,1
2030,11,2,0.10438406249130106,1
2030,11,3,0.1054282698207614,1
2030,12,1,1.0,1
2030,13,1,0.8921656186726613,1
2030,13,2,0.10783438132733861,1
2030,14,2,1.0,1
2030,15,2,1.0,1
2030,16,1,0.18495428031756853,1
2030,16,4,0.8150457196824314,1
2030,17,1,1.0,1
2030,18,1,1.0,1
2030,19,1,1.0,1
2030,20,1,1.0,1
2030,21,1,0.898256579623861,1
2030,21,4,0.1017434203761391,1
2030,22,1,1.0,1
2030,23,1,0.6346710941244782,1
2030,23,2,0.3653289058755218,1
2030,24,1,0.6888321551937525,1
2030,24,3,0.3111678448062475,1
2030,25,1,0.9217029325885637,1
2030,25,4,0.07829706741143623,1
2030,26,1,0.707397289837333,1
2030,26,2,0.29260271016266703,1
2030,27,1,0.301929104301598,1
2030,27,3,0.03621026336349702,1
2030,27,4,0.661860632334905,1
2030,28,1,0.9076722553253432,1
2030,28,4,0.09232774467465675,1
2030,29,1,1.0,1
2030,30,1,0.14502253415599192,1
2030,30,2,0.854977465844008,1
2030,31,3,0.03318226381669053,1
2030,31,4,0.9668177361833095,1
2030,32,1,0.19514927417120048,1
2030,32,2,0.3253974093205351,1
2030,32,4,0.4794533165082644,1
2030,33,1,0.0779322898758552,1
2030,33,2,0.9220677101241448,1
2030,34,3,0.2971338345011777,1
2030,34,4,0.7028661654988223,1
2030,35,2,1.0,1
2030,36,2,1.0,1
2030,37,2,0.14760342368478582,1
2030,37,3,0.8523965763152141,1
2030,38,1,0.26526296100022806,1
2030,38,4,0.7347370389997719,1
2030,39,1,0.9207649351053903,1
2030,39,2,0.07923506489460973,1
2030,40,1,0.8199009798607239,1
2030,40,4,0.18009902013927612,1
2030,41,1,0.16971758020182426,1
2030,41,4,0.8302824197981757,1
2030,42,1,0.25144942859996056,1
2030,42,2,0.14920639439561698,1
2030,42,4,0.5993441770044224,1
2030,43,3,1.0,1
2030,44,1,0.9643252229910941,1
2030,44,4,0.03567477700890585,1
2030,45,1,1.0,1
2030,46,1,0.8664581708060518,1
2030,46,4,0.13354182919394816,1
2030,47,1,0.27732234792294425,1
2030,47,4,0.7226776520770557,1
2030,48,1,0.25304630336371325,1
2030,48,3,0.7469536966362867,1
2030,49,3,1.0,1
2030,50,4,1.0,1
2030,51,1,0.10652177251395886,1
2030,51,4,0.8934782274860412,1
2030,52,1,0.35689174491758385,1
2030,52,2,0.6431082550824162,1
2030,53,2,0.12600259649986462,1
2030,53,3,0.8739974035001354,1
2030,54,1,0.13068432433412489,1
2030,54,3,0.09340513564973105,1
2030,54,4,0.775910540016144,1
2030,55,1,1.0,1
2030,56,1,1.0,1
2030,57,1,1.0,1
2030,58,1,0.42014867206427203,1
2030,58,2,0.579851327935728,1
2030,59,2,1.0,1
2030,60,1,0.20606999911890284,1
2030,60,3,0.7939300008810972,1
2030,61,1,0.7565009555206755,1
2030,61,3,0.020989852049579483,1
2030,61,4,0.22250919242974493,1
2030,62,1,1.0,1
2030,63,1,0.7819294366608529,1
2030,63,2,0.05860187835198861,1
2030,63,3,0.15946868498715855,1
2030,64,1,1.0,1
2030,65,1,0.3899198062776022,1
2030,65,2,0.6100801937223979,1
2030,66,1,0.08043213333181673,1
2030,66,3,0.03795048297164438,1
2030,66,4,0.881617383696539,1
2030,67,1,0.6339261123350117,1
2030,67,2,0.04607564228334744,1
2030,67,4,0.3199982453816408,1
2030,68,1,0.14049631929222486,1
2030,68,4,0.8595036807077752,1
2030,69,1,0.6845169371722064,1
2030,69,2,0.31548306282779354,1
2030,70,1,0.6757942742262644,1
2030,70,3,0.3242057257737356,1
2030,71,1,0.9730643295943155,1
2030,71,4,0.026935670405684443,1
2030,72,1,0.25395396677266235,1
2030,72,4,0.7460460332273376,1
2030,73,1,0.2980170968135243,1
2030,73,2,0.48946268602955567,1
2030,73,3,0.0,1
2030,73,4,0.21252021715692004,1
2030,74,1,0.13942836824165147,1
2030,74,2,0.38198560958272015,1
2030,74,3,0.44094054460204607,1
2030,74,4,0.03764547757358247,1
2030,75,1,0.06181393988089093,1
2030,75,3,0.8458843444867566,1
2030,75,4,0.09230171563235236,1
2030,76,4,1.0,1
2030,77,4,1.0,1
2030,78,4,1.0,1
2030,79,4,1.0,1
2030,80,4,1.0,1
2030,81,1,0.150007391930785,1
2030,81,2,0.7346226507669864,1
2030,81,4,0.1153699573022286,1
2030,82,2,1.0,1
2030,83,2,0.18238204516484846,1
2030,83,3,0.8176179548351517,1
2030,84,4,1.0,1
2030,85,4,1.0,1
2030,86,2,0.3569390072421536,1
2030,86,3,0.6430609927578465,1
2030,87,2,0.7776259322888427,1
2030,87,3,0.22237406771115736,1
2030,88,1,0.0946054566369414,1
2030,88,2,0.40330295194537924,1
2030,88,3,0.5020915914176795,1
2030,89,1,0.3360928044241446,1
2030,89,3,0.3442698954541413,1
2030,89,4,0.31963730012171404,1
2030,90,4,1.0,1
2030,91,4,1.0,1
2030,92,2,0.7314079002973013,1
2030,92,4,0.2685920997026987,1
2030,93,2,1.0,1
2030,94,2,0.5983417386046689,1
2030,94,3,0.4016582613953311,1
2030,95,3,0.889709416130825,1
2030,95,4,0.11029058386917506,1
2030,96,4,1.0,1
2030,97,4,1.0,1
2030,98,4,1.0,1
2030,99,4,1.0,1
2030,100,4,1.0,1
2030,101,3,0.09241910486692592,1
2030,101,4,0.907580895133074,1
2030,102,4,1.0,1
2030,103,1,0.24403440003346194,1
2030,103,4,0.755965599966538,1
2030,104,1,0.7269132847272125,1
2030,104,4,0.27308671527278755,1
2030,105,1,0.33300664203381347,1
2030,105,4,0.6669933579661865,1
2030,106,1,0.34248366285668125,1
2030,106,4,0.6575163371433188,1
2030,107,1,0.01912433651582833,1
2030,107,2,0.8616309783311128,1
2030,107,4,0.11924468515305885,1
2030,108,2,0.9539707751226122,1
2030,108,3,0.046029224877387837,1
2030,109,1,0.16700343176518193,1
2030,109,2,0.6765277935019737,1
2030,109,4,0.15646877473284448,1
2030,110,2,0.015428217399253041,1
2030,110,3,0.9043332754890108,1
2030,110,4,0.08023850711173625,1
2030,111,2,0.37365620914154074,1
2030,111,4,0.6263437908584593,1
2030,112,3,0.6879584040882609,1
2030,112,4,0.31204159591173897,1
2030,113,2,1.0,1
2030,114,2,1.0,1
2030,115,2,1.0,1
2030,116,2,0.6861081280852762,1
2030,116,3,0.31389187191472373,1
2030,117,2,0.4023946313177154,1
2030,117,4,0.5976053686822845,1
2030,118,2,1.0,1
2030,119,2,0.9859137713128874,1
2030,119,4,0.014086228687112613,1
2030,120,2,1.0,1
2030,121,2,1.0,1
2030,122,2,0.6086897056917978,1
2030,122,3,0.3913102943082022,1
2030,123,2,1.0,1
2030,124,2,0.8616793964243531,1
2030,124,3,0.13832060357564682,1
2030,125,2,1.0,1
2030,126,2,1.0,1
2030,127,2,1.0,1
2030,128,3,0.9183099617414735,1
2030,128,4,0.0816900382585265,1
2030,129,2,0.35619565159032024,1
2030,129,3,0.16399655960673884,1
2030,129,4,0.479807788802941,1
2030,130,2,1.0,1
2030,131,1,0.3013707405249946,1
2030,131,2,0.3665676864974767,1
2030,131,4,0.3320615729775288,1
2030,132,1,0.8495913085566221,1
2030,132,2,0.1504086914433779,1
2030,133,2,0.8723236048265163,1
2030,133,3,0.12767639517348373,1
2030,134,2,0.8677199295771852,1
2030,134,4,0.13228007042281487,1
2030,135,1,0.06733920893524847,1
2030,135,3,0.9326607910647515,1
2030,136,1,0.3851302544721527,1
2030,136,2,0.19715213692384634,1
2030,136,4,0.4177176086040009,1
2030,137,3,0.04120879734930718,1
2030,137,4,0.9587912026506928,1
2030,138,1,0.32180377340655303,1
2030,138,2,0.6601547593449208,1
2030,138,4,0.01804146724852623,1
2030,139,2,0.9557697082567186,1
2030,139,4,0.04423029174328141,1
2030,140,3,0.6902157618572365,1
2030,140,4,0.3097842381427635,1
2030,141,2,0.25873702144471267,1
2030,141,4,0.7412629785552874,1
2030,142,2,1.0,1
2030,143,2,0.6791820205806107,1
2030,143,3,0.32081797941938933,1
2030,144,2,0.6775192070513731,1
2030,144,3,0.16423324494391192,1
2030,144,4,0.15824754800471502,1
2030,145,2,0.9169226223428252,1
2030,145,3,0.08307737765717484,1
2030,146,4,1.0,1
2030,147,4,1.0,1
2030,148,2,0.1306227761944981,1
2030,148,4,0.8693772238055019,1
2030,149,2,0.965048497204226,1
2030,149,4,0.034951502795774005,1
2030,150,1,0.1868288800561388,1
2030,150,2,0.7891921907330077,1
2030,150,3,0.023978929210853313,1
2030,151,1,0.192847255209071,1
2030,151,2,0.807152744790929,1
2030,152,2,0.784365600257146,1
2030,152,3,0.21563439974285412,1
2030,153,1,0.04032009218010428,1
2030,153,2,0.13746275250889314,1
2030,153,3,0.6422795695918381,1
2030,153,4,0.17993758571916463,1
2030,154,2,0.8848284470372114,1
2030,154,3,0.11517155296278857,1
2030,155,3,1.0,1
2030,156,1,0.21150706171707429,1
2030,156,4,0.7884929382829257,1
2030,157,1,0.18078823462654503,1
2030,157,4,0.819211765373455,1
2030,158,4,1.0,1
2030,159,4,1.0,1
2030,160,1,0.04738971251770389,1
2030,160,4,0.9526102874822961,1
2030,161,2,0.16734178328253357,1
2030,161,4,0.8326582167174664,1
2030,162,1,0.03688740890164179,1
2030,162,2,0.7260384679675737,1
2030,162,3,0.022298625075368863,1
2030,162,4,0.21477549805541576,1
2030,163,2,0.2363389985058012,1
2030,163,3,0.7636610014941989,1
2030,164,2,0.016796365505728154,1
2030,164,3,0.8599887918109845,1
2030,164,4,0.1232148426832874,1
2030,165,3,0.3695801776793565,1
2030,165,4,0.6304198223206434,1
2030,166,4,1.0,1
2030,167,2,0.011319774565380974,1
2030,167,4,0.9886802254346191,1
2030,168,2,1.0,1
2030,169,2,1.0,1
2030,170,2,1.0,1
2030,171,2,1.0,1
2030,172,3,1.0,1
2030,173,4,1.0,1
2030,174,4,1.0,1
2030,175,1,0.14227855659105282,1
2030,175,4,0.8577214434089472,1
2030,176,1,0.05743214725544402,1
2030,176,4,0.942567852744556,1
2030,177,4,1.0,1
2030,178,2,0.8824207339100705,1
2030,178,4,0.11757926608992951,1
2030,179,2,1.0,1
2030,180,2,1.0,1
2030,181,2,1.0,1
2030,182,2,1.0,1
2030,183,2,1.0,1
2030,184,1,0.19500605227699705,1
2030,184,2,0.8049939477230029,1
2030,185,2,1.0,1
2030,186,3,0.8675477565137217,1
2030,186,4,0.13245224348627832,1
2030,187,4,1.0,1
2030,188,4,1.0,1
2030,189,1,0.04349792154941133,1
2030,189,2,0.5016343378094517,1
2030,189,3,0.0,1
2030,189,4,0.45486774064113705,1
2030,190,2,0.9590879122550994,1
2030,190,3,0.04091208774490067,1
2030,191,2,0.7246152822688685,1
2030,191,3,0.06915080044784655,1
2030,191,4,0.20623391728328502,1
2030,192,2,0.7548730999113354,1
2030,192,4,0.24512690008866453,1
2030,193,3,1.0,1
2030,194,3,0.10051078575640485,1
2030,194,4,0.8994892142435952,1
2030,195,4,1.0,1
2030,196,2,0.2604870798963508,1
2030,196,4,0.7395129201036492,1
2030,197,2,1.0,1
2030,198,2,1.0,1
2030,199,3,1.0,1
2030,200,2,0.03186811374975851,1
2030,200,4,0.9681318862502414,1
2030,201,2,1.0,1
2030,202,2,0.9774520885663678,1
2030,202,3,0.02254791143363233,1
2030,203,1,0.057687433284039066,1
2030,203,4,0.942312566715961,1
2030,204,4,1.0,1
2030,205,2,0.03134734195003308,1
2030,205,4,0.9686526580499669,1
2030,206,1,0.25052563396839295,1
2030,206,2,0.17578347611472972,1
2030,206,3,0.5578480229332691,1
2030,206,4,0.015842866983608386,1
2030,207,2,0.34483139836189497,1
2030,207,4,0.655168601638105,1
2030,208,2,1.0,1
2030,209,2,1.0,1
2030,210,2,1.0,1
2030,211,2,0.9417914919573888,1
2030,211,3,0.05820850804261124,1
2030,212,2,0.4154844460468911,1
2030,212,3,0.584515553953109,1
2030,213,2,0.06786478548226708,1
2030,213,3,0.7740721003294575,1
2030,213,4,0.15806311418827557,1
2030,214,2,0.9379153079640823,1
2030,214,3,0.06208469203591775,1
2030,215,2,0.39281850210274033,1
2030,215,3,0.6071814978972596,1
2030,216,2,0.9428055409757102,1
2030,216,4,0.057194459024289726,1
2030,217,2,0.6611568280533763,1
2030,217,4,0.33884317194662367,1
2030,218,2,1.0,1
2030,219,2,1.0,1
2030,220,3,1.0,1
2030,221,4,1.0,1
2030,222,2,0.8549361579597794,1
2030,222,4,0.1450638420402206,1
2030,223,2,1.0,1
2030,224,2,1.0,1
2030,225,1,0.025425823936084262,1
2030,225,3,0.9745741760639157,1
2030,226,1,0.3216347251634771,1
2030,226,4,0.678365274836523,1
2030,227,4,1.0,1
2030,228,2,0.15844588565055678,1
2030,228,4,0.8415541143494433,1
2030,229,2,1.0,1
2030,230,2,1.0,1
2030,231,2,1.0,1
2030,232,2,0.8610039241909261,1
2030,232,3,0.13899607580907397,1
2030,233,3,0.8873254170286703,1
2030,233,4,0.11267458297132968,1
2030,234,3,0.5828778088616234,1
2030,234,4,0.4171221911383765,1
2030,235,2,0.04558956213172979,1
2030,235,3,0.7185791469969447,1
2030,235,4,0.23583129087132537,1
2030,236,2,0.14091644127372538,1
2030,236,3,0.8590835587262746,1
2030,237,1,0.028120091955956276,1
2030,237,2,0.8242402181823645,1
2030,237,3,0.04953508577911618,1
2030,237,4,0.09810460408256323,1
2030,238,1,0.04003643640571498,1
2030,238,3,0.8715174265861731,1
2030,238,4,0.08844613700811196,1
2030,239,3,0.37254940916464657,1
2030,239,4,0.6274505908353534,1
2030,240,1,0.3084680275896167,1
2030,240,4,0.6915319724103832,1
2030,241,4,1.0,1
2030,242,4,1.0,1
2030,243,4,1.0,1
2030,244,4,1.0,1
2030,245,4,1.0,1
2030,246,2,1.0,1
2030,247,2,1.0,1
2030,248,1,0.10560289949368706,1
2030,248,3,0.8943971005063129,1
2030,249,1,0.9727796969824303,1
2030,249,4,0.02722030301756968,1
2030,250,1,1.0,1
2030,251,1,0.4588269517285968,1
2030,251,2,0.3985442575696534,1
2030,251,3,0.052562437818678316,1
2030,251,4,0.09006635288307142,1
2030,252,4,1.0,1
2030,253,1,0.022051964017346187,1
2030,253,3,0.9779480359826538,1
2030,254,2,1.0,1
2030,255,2,0.3588941388699689,1
2030,255,3,0.6411058611300311,1
2030,256,1,0.016664875824463694,1
2030,256,3,0.9833351241755364,1
2030,257,2,0.3857543300786629,1
2030,257,3,0.21711208324709694,1
2030,257,4,0.39713358667424015,1
2030,258,2,0.4680219169449,1
2030,258,3,0.0,1
2030,258,4,0.5319780830551,1
2030,259,2,0.31903002995575874,1
2030,259,3,0.2727952458445848,1
2030,259,4,0.40817472419965634,1
2030,260,2,0.8514961833274992,1
2030,260,3,0.08454813977060183,1
2030,260,4,0.06395567690189903,1
2030,261,2,0.23177726286858386,1
2030,261,3,0.7682227371314162,1
2030,262,1,0.24759724969067717,1
2030,262,4,0.7524027503093228,1
2030,263,1,0.17650666356630573,1
2030,263,2,0.8234933364336943,1
2030,264,3,0.949693480848313,1
2030,264,4,0.05030651915168703,1
2030,265,3,0.2430824750203101,1
2030,265,4,0.7569175249796899,1
2030,266,1,0.049106345777764474,1
2030,266,2,0.6851738044200585,1
2030,266,4,0.26571984980217705,1
2030,267,2,0.33908163919971473,1
2030,267,3,0.6609183608002852,1
2030,268,1,0.3130286965225786,1
2030,268,2,0.3700778114124842,1
2030,268,3,0.3168934920649372,1
2030,269,2,1.0,1
2030,270,2,1.0,1
2030,271,2,0.597191987764555,1
2030,271,3,0.40280801223544516,1
2030,272,2,1.0,1
2030,273,2,1.0,1
2030,274,2,1.0,1
2030,275,3,1.0,1
2030,276,3,0.05767356840980297,1
2030,276,4,0.9423264315901969,1
2030,277,1,0.054212889790646424,1
2030,277,2,0.2132554520033655,1
2030,277,4,0.7325316582059882,1
2030,278,2,0.7834498627787861,1
2030,278,3,0.2165501372212139,1
2030,279,4,1.0,1
2030,280,2,0.6346106618384971,1
2030,280,4,0.3653893381615029,1
2030,281,1,0.04167168089559529,1
2030,281,3,0.9583283191044047,1
2030,282,3,1.0,1
2030,283,2,0.02725179338834647,1
2030,283,3,0.011671839966933271,1
2030,283,4,0.9610763666447203,1
2030,284,2,1.0,1
2030,285,2,1.0,1
2030,286,3,1.0,1
2030,287,2,0.6856262305737673,1
2030,287,4,0.3143737694262328,1
2030,288,2,0.6397867376795581,1
2030,288,3,0.36021326232044193,1
2030,289,3,0.0961961483410297,1
2030,289,4,0.9038038516589703,1
2030,290,2,0.6375898451866419,1
2030,290,4,0.36241015481335803,1
2030,291,2,0.25428083819586483,1
2030,291,3,0.7457191618041351,1
2030,292,2,0.11837865221163292,1
2030,292,4,0.8816213477883671,1
2030,293,4,1.0,1
2030,294,2,0.35554716125888974,1
2030,294,4,0.6444528387411103,1
2030,295,2,0.8881344647566772,1
2030,295,4,0.11186553524332277,1
2030,296,1,0.12439495494817832,1
2030,296,3,0.30024553850495506,1
2030,296,4,0.5753595065468666,1
2030,297,1,0.79826223643189,1
2030,297,4,0.20173776356811002,1
2030,298,1,0.05329291227804241,1
2030,298,2,0.9195236392092947,1
2030,298,4,0.027183448512662866,1
2030,299,1,0.5729236297617722,1
2030,299,2,0.06575214916737952,1
2030,299,4,0.36132422107084833,1
2030,300,3,1.0,1
2030,301,1,0.2322021927823432,1
2030,301,4,0.7677978072176568,1
2030,302,2,0.021043886317077442,1
2030,302,3,0.783203489702153,1
2030,302,4,0.19575262398076956,1
2030,303,2,0.819186901323784,1
2030,303,3,0.03579142522838643,1
2030,303,4,0.14502167344782968,1
2030,304,3,0.19420779131424823,1
2030,304,4,0.8057922086857516,1
2030,305,2,0.265070894337666,1
2030,305,4,0.7349291056623339,1
2030,306,1,0.284454858472994,1
2030,306,2,0.715545141527006,1
2030,307,1,0.10705358709964165,1
2030,307,2,0.8929464129003584,1
2030,308,3,1.0,1
2030,309,2,0.8453390590552706,1
2030,309,4,0.15466094094472932,1
2030,310,2,1.0,1
2030,311,2,1.0,1
2030,312,3,1.0,1
2030,313,2,1.0,1
2030,314,2,1.0,1
2030,315,1,0.1915154894459736,1
2030,315,3,0.8084845105540265,1
2030,316,1,0.6221381100548179,1
2030,316,3,0.07409677151052813,1
2030,316,4,0.303765118434654,1
2030,317,1,0.2164024690017729,1
2030,317,3,0.34938519591936074,1
2030,317,4,0.4342123350788664,1
2030,318,1,0.31121507678796556,1
2030,318,2,0.2566597245013033,1
2030,318,4,0.432125198710731,1
2030,319,1,0.3149763492205931,1
2030,319,2,0.6850236507794069,1
2030,320,1,0.21666514453013097,1
2030,320,3,0.7833348554698691,1
2030,321,1,0.2257679196374927,1
2030,321,2,0.7742320803625072,1
2030,322,1,0.2864306036651037,1
2030,322,2,0.6604210694136642,1
2030,322,4,0.05314832692123207,1
2030,323,3,0.8805078731832069,1
2030,323,4,0.11949212681679305,1
2030,324,4,1.0,1
2030,325,1,0.2328369442344835,1
2030,325,2,0.1128315529234794,1
2030,325,4,0.6543315028420371,1
2030,326,1,0.43869339415608993,1
2030,326,2,0.5613066058439101,1
2030,327,2,0.8920601184051973,1
2030,327,3,0.10793988159480276,1
2030,328,2,0.27005467972498176,1
2030,328,4,0.7299453202750182,1
2030,329,1,0.07529956106566875,1
2030,329,3,0.9247004389343313,1
2030,330,1,0.13466893165309632,1
2030,330,2,0.19020803739223624,1
2030,330,3,0.09175696123522324,1
2030,330,4,0.5833660697194442,1
2030,331,1,0.11711713584232257,1
2030,331,2,0.3144254069750247,1
2030,331,4,0.5684574571826528,1
2030,332,1,0.16732227778998782,1
2030,332,2,0.4508192388254485,1
2030,332,3,0.08933135480485015,1
2030,332,4,0.29252712857971364,1
2030,333,1,0.2655511318011272,1
2030,333,2,0.7344488681988728,1
2030,334,1,0.19953127811454477,1
2030,334,2,0.09704130139597968,1
2030,334,4,0.7034274204894756,1
2030,335,4,1.0,1
2030,336,2,0.062481436833952464,1
2030,336,3,0.6407929372354371,1
2030,336,4,0.2967256259306104,1
2030,337,1,0.2570065385248352,1
2030,337,2,0.20419736491578783,1
2030,337,3,0.08644915127830191,1
2030,337,4,0.45234694528107516,1
2030,338,1,0.7460238111149747,1
2030,338,4,0.25397618888502527,1
2030,339,1,0.4049887631488152,1
2030,339,2,0.5950112368511848,1
2030,340,2,0.042126431246851836,1
2030,340,3,0.9578735687531481,1
2030,341,2,1.0,1
2030,342,2,1.0,1
2030,343,1,0.1101396040664754,1
2030,343,3,0.1570806053048111,1
2030,343,4,0.7327797906287135,1
2030,344,1,0.4389925602535434,1
2030,344,2,0.5498515364947795,1
2030,344,3,0.01115590325167715,1
2030,345,1,0.29606646946661275,1
2030,345,2,0.7039335305333873,1
2030,346,3,0.29510592495941657,1
2030,346,4,0.7048940750405834,1
2030,347,1,0.3657641623356558,1
2030,347,4,0.6342358376643442,1
2030,348,1,0.23030274330705464,1
2030,348,4,0.7696972566929454,1
2030,349,1,0.3048050503869132,1
2030,349,4,0.6951949496130868,1
2030,350,3,1.0,1
2030,351,1,0.2111213843596691,1
2030,351,2,0.27641757666976496,1
2030,351,3,0.20802972617761523,1
2030,351,4,0.3044313127929509,1
2030,352,4,1.0,1
2030,353,1,0.03276330994638409,1
2030,353,2,0.9415984495201556,1
2030,353,4,0.025638240533460366,1
2030,354,3,0.9093692188517841,1
2030,354,4,0.09063078114821581,1
2030,355,1,0.16511871337585995,1
2030,355,4,0.8348812866241401,1
2030,356,1,1.0,1
2030,357,1,1.0,1
2030,358,1,1.0,1
2030,359,1,0.980583444143806,1
2030,359,2,0.01941655585619394,1
2030,360,1,0.9499449195484897,1
2030,360,2,0.05005508045151028,1
2030,361,1,0.621525505775408,1
2030,361,4,0.378474494224592,1
2030,362,1,0.7592232253402756,1
2030,362,4,0.24077677465972433,1
2030,363,1,0.7443904789577797,1
2030,363,4,0.25560952104222034,1
2030,364,1,1.0,1
2030,365,1,1.0,1
