year,period,rep_period,weight,scenario
2030,1,79,1.0,1
2030,2,77,1.0,1
2030,3,25,1.0,1
2030,4,275,1.0,1
2030,5,267,1.0,1
2030,6,30,1.0,1
2030,7,158,1.0,1
2030,8,128,1.0,1
2030,9,279,1.0,1
2030,10,54,1.0,1
2030,11,14,1.0,1
2030,12,30,1.0,1
2030,13,417,1.0,1
2030,14,164,1.0,1
2030,15,366,1.0,1
2030,16,50,1.0,1
2030,17,12,1.0,1
2030,18,444,1.0,1
2030,19,255,1.0,1
2030,20,72,1.0,1
2030,21,220,1.0,1
2030,22,134,1.0,1
2030,23,317,1.0,1
2030,24,96,1.0,1
2030,25,244,1.0,1
2030,26,6,1.0,1
2030,27,163,1.0,1
2030,28,53,0.9151850005721412,1
2030,28,80,0.06094780455944287,1
2030,28,136,0.02386719486841586,1
2030,29,377,1.0,1
2030,30,232,1.0,1
2030,31,201,0.01352264137028717,1
2030,31,311,0.9864773586297129,1
2030,32,411,1.0,1
2030,33,309,1.0,1
2030,34,72,1.0,1
2030,35,46,0.012215107704974531,1
2030,35,80,0.012715877676608112,1
2030,35,134,0.015755187832453686,1
2030,35,313,0.011952702387401641,1
2030,35,421,0.947361124398562,1
2030,36,5,1.0,1
2030,37,16,1.0,1
2030,38,13,1.0,1
2030,39,66,0.9190853379823148,1
2030,39,201,0.028898952222437935,1
2030,39,250,0.01362151296613722,1
2030,39,353,0.03839419682910988,1
2030,40,309,1.0,1
2030,41,74,1.0,1
2030,42,51,1.0,1
2030,43,106,1.0,1
2030,44,25,1.0,1
2030,45,250,0.0140917191119895,1
2030,45,421,0.9859082808880105,1
2030,46,51,1.0,1
2030,47,146,1.0,1
2030,48,80,0.027265587739204282,1
2030,48,134,0.9727344122607957,1
2030,49,209,1.0,1
2030,50,198,1.0,1
2030,51,87,1.0,1
2030,52,245,1.0,1
2030,53,181,1.0,1
2030,54,203,1.0,1
2030,55,140,1.0,1
2030,56,2,1.0,1
2030,57,355,1.0,1
2030,58,67,1.0,1
2030,59,67,1.0,1
2030,60,206,1.0,1
2030,61,404,1.0,1
2030,62,381,1.0,1
2030,63,59,1.0,1
2030,64,253,1.0,1
2030,65,296,1.0,1
2030,66,179,1.0,1
2030,67,159,1.0,1
2030,68,278,1.0,1
2030,69,388,1.0,1
2030,70,68,1.0,1
2030,71,271,1.0,1
2030,72,425,1.0,1
2030,73,262,1.0,1
2030,74,229,1.0,1
2030,75,348,1.0,1
2030,76,287,1.0,1
2030,77,432,1.0,1
2030,78,152,1.0,1
2030,79,238,1.0,1
2030,80,217,0.9848599327708886,1
2030,80,386,0.015140067229111404,1
2030,81,419,1.0,1
2030,82,155,1.0,1
2030,83,408,1.0,1
2030,84,173,1.0,1
2030,85,190,1.0,1
2030,86,141,1.0,1
2030,87,340,1.0,1
2030,88,274,1.0,1
2030,89,152,1.0,1
2030,90,386,1.0,1
2030,91,210,1.0,1
2030,92,386,1.0,1
2030,93,124,1.0,1
2030,94,426,1.0,1
2030,95,87,0.024489883629757812,1
2030,95,99,0.012706220360387018,1
2030,95,152,0.011122680250833288,1
2030,95,244,0.12490631062839605,1
2030,95,266,0.8042427493663896,1
2030,95,350,0.022532155764236107,1
2030,96,86,0.9439249542856735,1
2030,96,87,0.029436334275630655,1
2030,96,164,0.014691005402098258,1
2030,96,382,0.011947706036597599,1
2030,97,322,1.0,1
2030,98,360,1.0,1
2030,99,330,1.0,1
2030,100,48,1.0,1
2030,101,217,1.0,1
2030,102,373,1.0,1
2030,103,187,1.0,1
2030,104,350,1.0,1
2030,105,100,1.0,1
2030,106,3,1.0,1
2030,107,152,1.0,1
2030,108,447,1.0,1
2030,109,65,1.0,1
2030,110,102,1.0,1
2030,111,155,1.0,1
2030,112,398,1.0,1
2030,113,249,1.0,1
2030,114,42,0.9727134316635098,1
2030,114,116,0.01183285014359795,1
2030,114,389,0.015453718192892292,1
2030,115,199,1.0,1
2030,116,372,1.0,1
2030,117,71,1.0,1
2030,118,349,1.0,1
2030,119,414,1.0,1
2030,120,239,1.0,1
2030,121,430,1.0,1
2030,122,272,1.0,1
2030,123,38,0.01043477878606576,1
2030,123,46,0.01064416999743677,1
2030,123,88,0.04092149807436656,1
2030,123,307,0.9379995531421309,1
2030,124,441,1.0,1
2030,125,182,1.0,1
2030,126,288,1.0,1
2030,127,4,1.0,1
2030,128,254,1.0,1
2030,129,41,1.0,1
2030,130,418,1.0,1
2030,131,448,1.0,1
2030,132,27,1.0,1
2030,133,49,1.0,1
2030,134,436,1.0,1
2030,135,434,1.0,1
2030,136,36,1.0,1
2030,137,434,1.0,1
2030,138,331,1.0,1
2030,139,283,1.0,1
2030,140,314,1.0,1
2030,141,99,1.0,1
2030,142,268,1.0,1
2030,143,362,1.0,1
2030,144,116,1.0,1
2030,145,109,1.0,1
2030,146,302,1.0,1
2030,147,21,1.0,1
2030,148,427,1.0,1
2030,149,331,1.0,1
2030,150,115,1.0,1
2030,151,180,1.0,1
2030,152,138,0.013932422110950993,1
2030,152,360,0.986067577889049,1
2030,153,332,1.0,1
2030,154,361,1.0,1
2030,155,242,1.0,1
2030,156,316,1.0,1
2030,157,380,1.0,1
2030,158,337,1.0,1
2030,159,132,1.0,1
2030,160,34,0.043368541036023465,1
2030,160,300,0.9566314589639765,1
2030,161,448,1.0,1
2030,162,230,1.0,1
2030,163,189,1.0,1
2030,164,83,1.0,1
2030,165,429,1.0,1
2030,166,139,1.0,1
2030,167,28,1.0,1
2030,168,284,1.0,1
2030,169,162,1.0,1
2030,170,205,1.0,1
2030,171,118,1.0,1
2030,172,418,1.0,1
2030,173,31,1.0,1
2030,174,310,1.0,1
2030,175,64,1.0,1
2030,176,63,1.0,1
2030,177,208,0.017231587838391887,1
2030,177,262,0.024130433261444675,1
2030,177,268,0.015132231080467436,1
2030,177,337,0.928980791845224,1
2030,177,408,0.014524955974472049,1
2030,178,43,1.0,1
2030,179,320,1.0,1
2030,180,286,1.0,1
2030,181,295,1.0,1
2030,182,82,1.0,1
2030,183,202,1.0,1
2030,184,43,0.9839149003308355,1
2030,184,250,0.01608509966916455,1
2030,185,213,1.0,1
2030,186,424,1.0,1
2030,187,84,1.0,1
2030,188,367,1.0,1
2030,189,284,1.0,1
2030,190,162,1.0,1
2030,191,306,1.0,1
2030,192,1,1.0,1
2030,193,363,1.0,1
2030,194,223,1.0,1
2030,195,21,0.033381998130284744,1
2030,195,71,0.9089602622897636,1
2030,195,80,0.01412117540954288,1
2030,195,194,0.01293705451936238,1
2030,195,248,0.030599509651046398,1
2030,196,23,0.03212243118167972,1
2030,196,85,0.9403721628083855,1
2030,196,88,0.02750540600993481,1
2030,197,31,1.0,1
2030,198,18,0.010768466385150074,1
2030,198,217,0.98923153361485,1
2030,199,119,0.8950944598868472,1
2030,199,219,0.06486892355502712,1
2030,199,295,0.01060805463677851,1
2030,199,343,0.016642495252689817,1
2030,199,365,0.012786066668657416,1
2030,200,192,1.0,1
2030,201,331,1.0,1
2030,202,448,1.0,1
2030,203,448,1.0,1
2030,204,3,1.0,1
2030,205,331,1.0,1
2030,206,1,1.0,1
2030,207,31,1.0,1
2030,208,236,0.9865372437250943,1
2030,208,258,0.013462756274905608,1
2030,209,236,1.0,1
2030,210,236,1.0,1
2030,211,19,1.0,1
2030,212,348,1.0,1
2030,213,225,1.0,1
2030,214,125,1.0,1
2030,215,137,1.0,1
2030,216,376,1.0,1
2030,217,110,1.0,1
2030,218,356,1.0,1
2030,219,1,1.0,1
2030,220,1,1.0,1
2030,221,27,1.0,1
2030,222,257,1.0,1
2030,223,346,1.0,1
2030,224,28,1.0,1
2030,225,426,1.0,1
2030,226,424,1.0,1
2030,227,273,1.0,1
2030,228,298,1.0,1
2030,229,169,1.0,1
2030,230,46,1.0,1
2030,231,142,1.0,1
2030,232,345,1.0,1
2030,233,212,1.0,1
2030,234,58,1.0,1
2030,235,115,0.05892987403760716,1
2030,235,175,0.010893075109621703,1
2030,235,187,0.8921623911674376,1
2030,235,364,0.038014659685333595,1
2030,236,360,1.0,1
2030,237,235,1.0,1
2030,238,31,1.0,1
2030,239,361,1.0,1
2030,240,71,0.9782519485646554,1
2030,240,205,0.011158424007347179,1
2030,240,386,0.010589627427997454,1
2030,241,332,1.0,1
2030,242,180,1.0,1
2030,243,111,1.0,1
2030,244,80,0.023052375074852558,1
2030,244,410,0.9769476249251474,1
2030,245,328,1.0,1
2030,246,442,1.0,1
2030,247,63,1.0,1
2030,248,270,1.0,1
2030,249,125,1.0,1
2030,250,399,1.0,1
2030,251,299,1.0,1
2030,252,437,1.0,1
2030,253,303,1.0,1
2030,254,434,1.0,1
2030,255,80,1.0,1
2030,256,188,1.0,1
2030,257,424,1.0,1
2030,258,399,1.0,1
2030,259,85,1.0,1
2030,260,450,1.0,1
2030,261,252,1.0,1
2030,262,20,0.016985032992982176,1
2030,262,60,0.03029470648656883,1
2030,262,83,0.9190414417514237,1
2030,262,231,0.013391472759243926,1
2030,262,265,0.02028734600978132,1
2030,263,228,1.0,1
2030,264,299,1.0,1
2030,265,58,0.9323117164905361,1
2030,265,88,0.020260403911808597,1
2030,265,150,0.01288029934303653,1
2030,265,265,0.0345475802546188,1
2030,266,23,0.01376175128010983,1
2030,266,187,0.9862382487198902,1
2030,267,219,0.01815602062411088,1
2030,267,299,0.7109052423015866,1
2030,267,302,0.05758104736622116,1
2030,267,330,0.03286943185263068,1
2030,267,349,0.166131291264217,1
2030,267,373,0.01435696659123372,1
2030,268,58,1.0,1
2030,269,121,0.010301358506232098,1
2030,269,166,0.022071883932696327,1
2030,269,197,0.9676267575610715,1
2030,270,99,0.05547678334541324,1
2030,270,120,0.019699421297921193,1
2030,270,158,0.02644399704168066,1
2030,270,285,0.8983797983149849,1
2030,271,391,1.0,1
2030,272,195,1.0,1
2030,273,161,1.0,1
2030,274,218,1.0,1
2030,275,197,1.0,1
2030,276,132,1.0,1
2030,277,369,1.0,1
2030,278,184,1.0,1
2030,279,214,1.0,1
2030,280,315,1.0,1
2030,281,428,1.0,1
2030,282,134,0.021845971417054886,1
2030,282,136,0.015426313990753967,1
2030,282,313,0.012415702455504395,1
2030,282,374,0.9503120121366867,1
2030,283,180,1.0,1
2030,284,238,1.0,1
2030,285,443,1.0,1
2030,286,214,1.0,1
2030,287,56,1.0,1
2030,288,97,1.0,1
2030,289,191,1.0,1
2030,290,215,1.0,1
2030,291,399,1.0,1
2030,292,56,1.0,1
2030,293,92,1.0,1
2030,294,91,1.0,1
2030,295,29,1.0,1
2030,296,144,1.0,1
2030,297,122,1.0,1
2030,298,92,1.0,1
2030,299,196,1.0,1
2030,300,406,1.0,1
2030,301,416,1.0,1
2030,302,289,1.0,1
2030,303,99,0.01212824772273009,1
2030,303,222,0.9878717522772699,1
2030,304,129,1.0,1
2030,305,415,1.0,1
2030,306,196,1.0,1
2030,307,108,1.0,1
2030,308,168,1.0,1
2030,309,178,1.0,1
2030,310,77,1.0,1
2030,311,359,1.0,1
2030,312,6,1.0,1
2030,313,240,1.0,1
2030,314,99,0.013359886003848086,1
2030,314,158,0.017610545611412325,1
2030,314,275,0.9690295683847396,1
2030,315,136,0.028531778255286844,1
2030,315,300,0.9714682217447131,1
2030,316,326,1.0,1
2030,317,381,1.0,1
2030,318,216,1.0,1
2030,319,149,1.0,1
2030,320,103,1.0,1
2030,321,240,1.0,1
2030,322,354,1.0,1
2030,323,18,0.970056856673312,1
2030,323,80,0.014308738548367618,1
2030,323,134,0.01563440477832042,1
2030,324,39,1.0,1
2030,325,76,1.0,1
2030,326,21,0.010521257787128266,1
2030,326,52,0.010266229748003388,1
2030,326,351,0.020059354895952074,1
2030,326,392,0.9591531575689162,1
2030,327,129,1.0,1
2030,328,112,1.0,1
2030,329,165,1.0,1
2030,330,211,1.0,1
2030,331,44,1.0,1
2030,332,379,1.0,1
2030,333,227,1.0,1
2030,334,5,1.0,1
2030,335,280,1.0,1
2030,336,253,1.0,1
2030,337,4,0.010792953566099057,1
2030,337,34,0.020219638544693493,1
2030,337,53,0.934876237090247,1
2030,337,60,0.012085714524687515,1
2030,337,145,0.011543236919372112,1
2030,337,195,0.010482219354900799,1
2030,338,267,1.0,1
2030,339,183,1.0,1
2030,340,20,1.0,1
2030,341,246,1.0,1
2030,342,70,1.0,1
2030,343,133,1.0,1
2030,344,326,1.0,1
2030,345,305,1.0,1
2030,346,136,1.0,1
2030,347,177,1.0,1
2030,348,123,1.0,1
2030,349,194,1.0,1
2030,350,183,1.0,1
2030,351,292,1.0,1
2030,352,368,1.0,1
2030,353,403,1.0,1
2030,354,340,1.0,1
2030,355,370,1.0,1
2030,356,126,1.0,1
2030,357,200,1.0,1
2030,358,154,1.0,1
2030,359,445,1.0,1
2030,360,54,1.0,1
2030,361,22,1.0,1
2030,362,407,1.0,1
2030,363,163,1.0,1
2030,364,438,1.0,1
2030,365,309,1.0,1
2030,1,129,1.0,2
2030,2,117,1.0,2
2030,3,425,1.0,2
2030,4,26,1.0,2
2030,5,255,1.0,2
2030,6,237,1.0,2
2030,7,259,1.0,2
2030,8,39,1.0,2
2030,9,69,1.0,2
2030,10,417,1.0,2
2030,11,422,1.0,2
2030,12,323,1.0,2
2030,13,220,1.0,2
2030,14,392,1.0,2
2030,15,221,1.0,2
2030,16,159,1.0,2
2030,17,90,1.0,2
2030,18,317,1.0,2
2030,19,292,1.0,2
2030,20,183,1.0,2
2030,21,265,1.0,2
2030,22,73,1.0,2
2030,23,76,1.0,2
2030,24,280,1.0,2
2030,25,66,1.0,2
2030,26,6,1.0,2
2030,27,411,1.0,2
2030,28,276,1.0,2
2030,29,304,1.0,2
2030,30,301,1.0,2
2030,31,177,1.0,2
2030,32,211,1.0,2
2030,33,185,1.0,2
2030,34,157,1.0,2
2030,35,214,1.0,2
2030,36,413,1.0,2
2030,37,106,1.0,2
2030,38,106,1.0,2
2030,39,377,1.0,2
2030,40,5,1.0,2
2030,41,311,1.0,2
2030,42,140,1.0,2
2030,43,66,0.9886014649288507,2
2030,43,267,0.011398535071149372,2
2030,44,439,1.0,2
2030,45,52,1.0,2
2030,46,183,1.0,2
2030,47,255,1.0,2
2030,48,24,1.0,2
2030,49,47,1.0,2
2030,50,10,1.0,2
2030,51,409,1.0,2
2030,52,352,1.0,2
2030,53,120,1.0,2
2030,54,409,1.0,2
2030,55,308,1.0,2
2030,56,127,1.0,2
2030,57,66,1.0,2
2030,58,327,1.0,2
2030,59,339,1.0,2
2030,60,318,1.0,2
2030,61,166,1.0,2
2030,62,127,1.0,2
2030,63,68,1.0,2
2030,64,120,1.0,2
2030,65,183,1.0,2
2030,66,255,1.0,2
2030,67,325,1.0,2
2030,68,129,1.0,2
2030,69,33,1.0,2
2030,70,113,1.0,2
2030,71,148,1.0,2
2030,72,8,1.0,2
2030,73,147,1.0,2
2030,74,375,1.0,2
2030,75,386,1.0,2
2030,76,124,1.0,2
2030,77,88,0.010442815065203104,2
2030,77,126,0.012080212053134748,2
2030,77,265,0.02117555544258887,2
2030,77,320,0.9563014174390733,2
2030,78,234,1.0,2
2030,79,173,1.0,2
2030,80,55,1.0,2
2030,81,431,1.0,2
2030,82,344,1.0,2
2030,83,209,1.0,2
2030,84,449,1.0,2
2030,85,147,0.9484953452472487,2
2030,85,201,0.02119105685952928,2
2030,85,208,0.010587618717695407,2
2030,85,353,0.01972597917552663,2
2030,86,234,1.0,2
2030,87,152,1.0,2
2030,88,263,1.0,2
2030,89,274,1.0,2
2030,90,190,1.0,2
2030,91,60,0.015500882855338105,2
2030,91,410,0.9844991171446619,2
2030,92,342,1.0,2
2030,93,393,1.0,2
2030,94,172,1.0,2
2030,95,193,1.0,2
2030,96,152,1.0,2
2030,97,226,1.0,2
2030,98,61,1.0,2
2030,99,351,1.0,2
2030,100,145,1.0,2
2030,101,219,1.0,2
2030,102,171,1.0,2
2030,103,89,1.0,2
2030,104,282,1.0,2
2030,105,208,1.0,2
2030,106,364,1.0,2
2030,107,143,1.0,2
2030,108,186,1.0,2
2030,109,397,1.0,2
2030,110,365,1.0,2
2030,111,75,1.0,2
2030,112,235,1.0,2
2030,113,241,1.0,2
2030,114,11,1.0,2
2030,115,258,1.0,2
2030,116,358,1.0,2
2030,117,1,1.0,2
2030,118,233,1.0,2
2030,119,175,1.0,2
2030,120,434,1.0,2
2030,121,45,0.022856998073391803,2
2030,121,115,0.01630183482760881,2
2030,121,215,0.9608411670989994,2
2030,122,450,1.0,2
2030,123,363,1.0,2
2030,124,448,1.0,2
2030,125,248,1.0,2
2030,126,389,1.0,2
2030,127,34,0.9201006562685115,2
2030,127,88,0.0476408856149006,2
2030,127,117,0.032258458116587924,2
2030,128,34,0.04707054293124458,2
2030,128,162,0.8727071944465846,2
2030,128,198,0.02206890549864544,2
2030,128,208,0.03207451504515094,2
2030,128,402,0.02607884207837431,2
2030,129,363,1.0,2
2030,130,205,1.0,2
2030,131,21,0.04364300042253934,2
2030,131,80,0.9358225986352732,2
2030,131,302,0.020534400942187486,2
2030,132,60,1.0,2
2030,133,277,1.0,2
2030,134,9,1.0,2
2030,135,405,1.0,2
2030,136,1,0.010663559045575076,2
2030,136,162,0.010502580682409715,2
2030,136,205,0.05959457028121155,2
2030,136,236,0.8691291522417374,2
2030,136,357,0.0347605769609706,2
2030,136,358,0.015349560788095667,2
2030,137,380,1.0,2
2030,138,40,1.0,2
2030,139,131,1.0,2
2030,140,23,0.01811958249665001,2
2030,140,151,0.98188041750335,2
2030,141,95,1.0,2
2030,142,29,0.0571965181297418,2
2030,142,35,0.01734014684057953,2
2030,142,119,0.8545642209477955,2
2030,142,258,0.03554626121361812,2
2030,142,430,0.03535285286826506,2
2030,143,204,1.0,2
2030,144,61,1.0,2
2030,145,336,1.0,2
2030,146,197,1.0,2
2030,147,346,1.0,2
2030,148,88,0.03786129234578581,2
2030,148,117,0.036670426259818784,2
2030,148,337,0.9254682813943954,2
2030,149,293,1.0,2
2030,150,184,1.0,2
2030,151,341,1.0,2
2030,152,202,1.0,2
2030,153,23,0.025479657009104522,2
2030,153,38,0.010750763335122007,2
2030,153,88,0.0699629402307069,2
2030,153,217,0.8631771146143513,2
2030,153,265,0.0306295248107153,2
2030,154,45,1.0,2
2030,155,343,1.0,2
2030,156,34,0.8916206637363009,2
2030,156,115,0.027461991759453838,2
2030,156,208,0.07062131034609341,2
2030,156,286,0.010296034158151817,2
2030,157,205,1.0,2
2030,158,56,1.0,2
2030,159,242,1.0,2
2030,160,446,1.0,2
2030,161,247,1.0,2
2030,162,269,1.0,2
2030,163,192,1.0,2
2030,164,295,1.0,2
2030,165,189,1.0,2
2030,166,42,0.9866518692113007,2
2030,166,80,0.013348130788699435,2
2030,167,135,1.0,2
2030,168,104,1.0,2
2030,169,357,1.0,2
2030,170,162,1.0,2
2030,171,205,1.0,2
2030,172,134,0.01308965201414692,2
2030,172,136,0.023815008187072415,2
2030,172,162,0.9630953397987807,2
2030,173,205,1.0,2
2030,174,306,1.0,2
2030,175,162,1.0,2
2030,176,19,0.01317364920272111,2
2030,176,41,0.013123900605139953,2
2030,176,80,0.02617406044059507,2
2030,176,143,0.9317117528269268,2
2030,176,254,0.015816636924617065,2
2030,177,40,1.0,2
2030,178,43,1.0,2
2030,179,418,1.0,2
2030,180,299,1.0,2
2030,181,37,1.0,2
2030,182,81,1.0,2
2030,183,94,1.0,2
2030,184,420,1.0,2
2030,185,60,0.013795614303872304,2
2030,185,71,0.9566438360875084,2
2030,185,88,0.011574324467200728,2
2030,185,150,0.01798622514141861,2
2030,186,34,0.026969819551712453,2
2030,186,208,0.01368866092343831,2
2030,186,399,0.9593415195248493,2
2030,187,332,1.0,2
2030,188,363,1.0,2
2030,189,320,1.0,2
2030,190,436,1.0,2
2030,191,118,1.0,2
2030,192,32,1.0,2
2030,193,324,1.0,2
2030,194,23,0.012399736151287769,2
2030,194,88,0.01161529115588855,2
2030,194,418,0.9759849726928237,2
2030,195,399,1.0,2
2030,196,448,1.0,2
2030,197,84,1.0,2
2030,198,434,1.0,2
2030,199,3,1.0,2
2030,200,367,1.0,2
2030,201,264,1.0,2
2030,202,294,1.0,2
2030,203,1,1.0,2
2030,204,180,1.0,2
2030,205,331,1.0,2
2030,206,130,1.0,2
2030,207,130,1.0,2
2030,208,110,0.01050880928733309,2
2030,208,208,0.013597123066748203,2
2030,208,284,0.03324172505257873,2
2030,208,357,0.02729660779205325,2
2030,208,374,0.9153557348012867,2
2030,209,273,1.0,2
2030,210,85,1.0,2
2030,211,151,0.930024438154721,2
2030,211,219,0.0212991824239277,2
2030,211,302,0.010658605804866063,2
2030,211,349,0.03801777361648521,2
2030,212,394,1.0,2
2030,213,169,1.0,2
2030,214,86,1.0,2
2030,215,446,1.0,2
2030,216,201,1.0,2
2030,217,85,0.9865432564969355,2
2030,217,248,0.013456743503064472,2
2030,218,383,1.0,2
2030,219,105,1.0,2
2030,220,7,0.9027578071419187,2
2030,220,80,0.055756863106670176,2
2030,220,219,0.022752000678944014,2
2030,220,258,0.018733329072467178,2
2030,221,201,0.02653519634891361,2
2030,221,268,0.022114259612013982,2
2030,221,338,0.9513505440390724,2
2030,222,86,1.0,2
2030,223,384,1.0,2
2030,224,443,1.0,2
2030,225,256,1.0,2
2030,226,38,1.0,2
2030,227,319,1.0,2
2030,228,170,1.0,2
2030,229,93,0.9848929742821093,2
2030,229,258,0.015107025717890663,2
2030,230,402,1.0,2
2030,231,85,1.0,2
2030,232,331,1.0,2
2030,233,374,1.0,2
2030,234,359,1.0,2
2030,235,119,1.0,2
2030,236,242,1.0,2
2030,237,71,0.9867317546685539,2
2030,237,158,0.01326824533144606,2
2030,238,7,0.9892489424913675,2
2030,238,77,0.010751057508632486,2
2030,239,390,1.0,2
2030,240,17,1.0,2
2030,241,17,1.0,2
2030,242,174,1.0,2
2030,243,260,1.0,2
2030,244,15,1.0,2
2030,245,433,1.0,2
2030,246,290,1.0,2
2030,247,78,1.0,2
2030,248,78,1.0,2
2030,249,53,0.02297631477104011,2
2030,249,75,0.057850723241689196,2
2030,249,258,0.012288809800898389,2
2030,249,307,0.8860139008567698,2
2030,249,428,0.02087025132960257,2
2030,250,260,1.0,2
2030,251,80,0.020029105681514232,2
2030,251,180,0.9799708943184857,2
2030,252,288,1.0,2
2030,253,321,1.0,2
2030,254,23,0.010335151964391116,2
2030,254,88,0.018161443477656955,2
2030,254,93,0.9715034045579519,2
2030,255,94,1.0,2
2030,256,99,1.0,2
2030,257,231,1.0,2
2030,258,187,1.0,2
2030,259,432,1.0,2
2030,260,18,1.0,2
2030,261,329,1.0,2
2030,262,353,1.0,2
2030,263,396,1.0,2
2030,264,338,1.0,2
2030,265,266,1.0,2
2030,266,23,0.018389503922628406,2
2030,266,173,0.9561341894288214,2
2030,266,201,0.015244997478927796,2
2030,266,353,0.01023130916962243,2
2030,267,18,1.0,2
2030,268,224,1.0,2
2030,269,442,1.0,2
2030,270,435,1.0,2
2030,271,285,1.0,2
2030,272,440,1.0,2
2030,273,225,1.0,2
2030,274,173,1.0,2
2030,275,401,1.0,2
2030,276,34,0.0824229244159193,2
2030,276,105,0.08526545749017128,2
2030,276,241,0.01596751974785763,2
2030,276,266,0.7900984282148368,2
2030,276,287,0.026245670131215086,2
2030,277,266,1.0,2
2030,278,313,1.0,2
2030,279,188,1.0,2
2030,280,261,1.0,2
2030,281,238,1.0,2
2030,282,278,1.0,2
2030,283,160,1.0,2
2030,284,42,0.9771695523746032,2
2030,284,164,0.01227047658795802,2
2030,284,422,0.010559971037438786,2
2030,285,281,1.0,2
2030,286,289,1.0,2
2030,287,114,1.0,2
2030,288,107,1.0,2
2030,289,270,1.0,2
2030,290,393,1.0,2
2030,291,207,1.0,2
2030,292,231,1.0,2
2030,293,83,0.961618391596637,2
2030,293,138,0.015628332977347566,2
2030,293,258,0.02275327542601542,2
2030,294,412,1.0,2
2030,295,285,1.0,2
2030,296,35,1.0,2
2030,297,246,1.0,2
2030,298,103,0.012022799464482576,2
2030,298,215,0.9879772005355174,2
2030,299,57,1.0,2
2030,300,203,1.0,2
2030,301,423,1.0,2
2030,302,382,1.0,2
2030,303,62,1.0,2
2030,304,171,1.0,2
2030,305,171,1.0,2
2030,306,378,1.0,2
2030,307,243,1.0,2
2030,308,23,0.03306448622606494,2
2030,308,77,0.017895121417608427,2
2030,308,119,0.8595719082619628,2
2030,308,163,0.012878973933260157,2
2030,308,354,0.02049106961961099,2
2030,308,400,0.022395827717895743,2
2030,308,411,0.02261124166826325,2
2030,308,445,0.0110913711553336,2
2030,309,274,1.0,2
2030,310,411,1.0,2
2030,311,53,1.0,2
2030,312,46,0.04001915947741505,2
2030,312,134,0.05245490862309472,2
2030,312,283,0.014867285133577038,2
2030,312,326,0.8758248587923989,2
2030,312,349,0.016833787973514227,2
2030,313,167,1.0,2
2030,314,347,1.0,2
2030,315,158,1.0,2
2030,316,176,1.0,2
2030,317,18,1.0,2
2030,318,222,1.0,2
2030,319,121,1.0,2
2030,320,183,1.0,2
2030,321,30,1.0,2
2030,322,23,1.0,2
2030,323,138,1.0,2
2030,324,335,1.0,2
2030,325,276,1.0,2
2030,326,215,1.0,2
2030,327,411,1.0,2
2030,328,382,1.0,2
2030,329,173,1.0,2
2030,330,208,0.014295440432061818,2
2030,330,411,0.9857045595679381,2
2030,331,411,1.0,2
2030,332,25,1.0,2
2030,333,69,0.9849846058738104,2
2030,333,80,0.015015394126189583,2
2030,334,112,1.0,2
2030,335,70,1.0,2
2030,336,291,1.0,2
2030,337,445,1.0,2
2030,338,385,1.0,2
2030,339,156,1.0,2
2030,340,311,1.0,2
2030,341,280,1.0,2
2030,342,92,1.0,2
2030,343,333,1.0,2
2030,344,30,1.0,2
2030,345,88,1.0,2
2030,346,251,1.0,2
2030,347,339,0.9843738244519005,2
2030,347,370,0.015626175548099582,2
2030,348,371,1.0,2
2030,349,297,1.0,2
2030,350,98,1.0,2
2030,351,395,1.0,2
2030,352,334,1.0,2
2030,353,140,1.0,2
2030,354,101,1.0,2
2030,355,30,1.0,2
2030,356,150,1.0,2
2030,357,323,1.0,2
2030,358,153,1.0,2
2030,359,387,1.0,2
2030,360,60,0.025973290140145412,2
2030,360,183,0.9740267098598545,2
2030,361,250,1.0,2
2030,362,400,1.0,2
2030,363,312,1.0,2
2030,364,312,1.0,2
2030,365,64,0.013503747419678146,2
2030,365,106,0.9709554160118906,2
2030,365,161,0.015540836568431174,2
