scenario,year,period,rep_period,weight
0,2030,1,25,1.0
0,2030,2,4,1.0
0,2030,3,77,1.0
0,2030,4,30,1.0
0,2030,5,2,0.016465586337398044
0,2030,5,48,0.012054081284851435
0,2030,5,54,0.02324152252946945
0,2030,5,65,0.021165248249502517
0,2030,5,79,0.8811348676085764
0,2030,5,80,0.04593869399020217
0,2030,6,54,1.0
0,2030,7,14,1.0
0,2030,8,4,0.9550711574837781
0,2030,8,13,0.02611161658571287
0,2030,8,71,0.018817225930508986
0,2030,9,52,0.020015861761767288
0,2030,9,53,0.9134063450787755
0,2030,9,69,0.012639750224708713
0,2030,9,76,0.01334756699388699
0,2030,9,80,0.04059047594086161
0,2030,10,50,1.0
0,2030,11,13,0.03567660529488535
0,2030,11,26,0.11219536718459051
0,2030,11,38,0.7585347892270613
0,2030,11,48,0.01196616477931369
0,2030,11,85,0.08162707351414909
0,2030,12,12,1.0
0,2030,13,41,0.9554792082323588
0,2030,13,54,0.01203521625865619
0,2030,13,80,0.03248557550898507
0,2030,14,46,0.9478950095157718
0,2030,14,90,0.052104990484228175
0,2030,15,26,0.029434954571448818
0,2030,15,44,0.9402324751519023
0,2030,15,71,0.03033257027664887
0,2030,16,68,0.9785433849671726
0,2030,16,90,0.02145661503282742
0,2030,17,13,0.03786563184042233
0,2030,17,31,0.026100178103983084
0,2030,17,85,0.048403651002445654
0,2030,17,89,0.8876305390531488
0,2030,18,65,0.1610608965469589
0,2030,18,72,0.7773083169359687
0,2030,18,88,0.0616307865170724
0,2030,19,8,0.02864071752357839
0,2030,19,12,0.9314405890777275
0,2030,19,47,0.01162519852790305
0,2030,19,82,0.028293494870791063
0,2030,20,45,0.013870094982779557
0,2030,20,62,0.014103420423097935
0,2030,20,72,0.9720264845941226
0,2030,21,16,1.0
0,2030,22,12,1.0
0,2030,23,2,0.9333315150257644
0,2030,23,65,0.0262982745672951
0,2030,23,88,0.04037021040694057
0,2030,24,13,0.9810089298918944
0,2030,24,90,0.018991070108105548
0,2030,25,72,1.0
0,2030,26,74,1.0
0,2030,27,51,1.0
0,2030,28,42,1.0
0,2030,29,89,1.0
0,2030,30,87,1.0
0,2030,31,7,1.0
0,2030,32,67,1.0
0,2030,33,28,0.8786476758956522
0,2030,33,62,0.027614295000691083
0,2030,33,90,0.09373802910365678
0,2030,34,47,1.0
0,2030,35,59,1.0
0,2030,36,44,1.0
0,2030,37,26,0.08563034944891652
0,2030,37,81,0.9143696505510834
0,2030,38,68,1.0
0,2030,39,2,0.06793555184706843
0,2030,39,38,0.8492531330121205
0,2030,39,54,0.013811681901925875
0,2030,39,65,0.015073123415063549
0,2030,39,74,0.04132035248322695
0,2030,39,88,0.012606157340594755
0,2030,40,42,1.0
0,2030,41,18,1.0
0,2030,42,34,1.0
0,2030,43,3,0.03650996770733872
0,2030,43,32,0.699327266818172
0,2030,43,85,0.1496218508557289
0,2030,43,90,0.1145409146187603
0,2030,44,38,1.0
0,2030,45,13,0.018668846465946323
0,2030,45,65,0.1373794147367352
0,2030,45,80,0.03070692952834095
0,2030,45,88,0.056690651328431964
0,2030,45,89,0.7565541579405456
0,2030,46,72,1.0
0,2030,47,13,0.01770616663087924
0,2030,47,14,0.026435034468287186
0,2030,47,55,0.8539804809035524
0,2030,47,65,0.010926603941783046
0,2030,47,85,0.033445118940969694
0,2030,47,87,0.01225533553757006
0,2030,47,88,0.045251259576958414
0,2030,48,3,1.0
0,2030,49,32,0.8741225619103161
0,2030,49,37,0.04573932891561098
0,2030,49,45,0.05230968698440061
0,2030,49,87,0.0278284221896723
0,2030,50,82,0.9887313681031322
0,2030,50,90,0.011268631896867696
0,2030,51,54,0.02054221662525451
0,2030,51,76,0.012026692405641812
0,2030,51,82,0.9674310909691036
0,2030,52,13,0.021694334780845946
0,2030,52,63,0.950326069231085
0,2030,52,88,0.014401406108967766
0,2030,52,89,0.013578189879101359
0,2030,53,61,0.9892583037994885
0,2030,53,87,0.010741696200511519
0,2030,54,58,1.0
0,2030,55,16,0.7872938436993301
0,2030,55,48,0.010797886287607595
0,2030,55,65,0.12141770768934772
0,2030,55,88,0.08049056232371464
0,2030,56,48,1.0
0,2030,57,65,1.0
0,2030,58,2,0.8950475305838732
0,2030,58,6,0.03617966272327852
0,2030,58,22,0.039564875858843065
0,2030,58,24,0.011371741434549654
0,2030,58,44,0.017836189399455516
0,2030,59,4,1.0
0,2030,60,1,0.9250510226519114
0,2030,60,13,0.019098643289493674
0,2030,60,65,0.025150278378460546
0,2030,60,85,0.03070005568013437
0,2030,61,3,0.018145549592602152
0,2030,61,52,0.9818544504073978
0,2030,62,65,1.0
0,2030,63,64,1.0
0,2030,64,12,0.9016019278999853
0,2030,64,74,0.02416423277727594
0,2030,64,80,0.07423383932273882
0,2030,65,8,0.018429748274774508
0,2030,65,14,0.9055165499570346
0,2030,65,18,0.021957765650690825
0,2030,65,67,0.016693718648520813
0,2030,65,69,0.02705294556542718
0,2030,65,82,0.010349271903552091
0,2030,66,27,1.0
0,2030,67,41,1.0
0,2030,68,39,1.0
0,2030,69,36,0.9878939582698383
0,2030,69,48,0.012106041730161752
0,2030,70,13,1.0
0,2030,71,42,0.9309638394364746
0,2030,71,48,0.026632801082092112
0,2030,71,65,0.016893511778692468
0,2030,71,80,0.0255098477027408
0,2030,72,2,0.013699355170873248
0,2030,72,55,0.9102204159743688
0,2030,72,74,0.026828080390914142
0,2030,72,80,0.049252148463843876
0,2030,73,2,0.017630315442498882
0,2030,73,4,0.012888037969022012
0,2030,73,11,0.9099056704359352
0,2030,73,14,0.023929401911970242
0,2030,73,80,0.035646574240573624
0,2030,74,10,0.8752704810787245
0,2030,74,13,0.024032746236375618
0,2030,74,31,0.05453132339471678
0,2030,74,83,0.030508543999349595
0,2030,74,85,0.015656905290833526
0,2030,75,49,1.0
0,2030,76,82,1.0
0,2030,77,82,1.0
0,2030,78,22,0.025933952418543623
0,2030,78,34,0.020794167665356942
0,2030,78,36,0.036070566590203086
0,2030,78,63,0.034694457090290946
0,2030,78,67,0.05378718048754627
0,2030,78,82,0.8287196757480592
0,2030,79,8,0.012875455705024796
0,2030,79,21,0.9871245442949752
0,2030,80,82,1.0
0,2030,81,54,0.011226944108229126
0,2030,81,63,0.9585659632925272
0,2030,81,65,0.01535479570286679
0,2030,81,80,0.014852296896376868
0,2030,82,46,1.0
0,2030,83,64,0.01049631465447928
0,2030,83,81,0.9895036853455207
0,2030,84,21,1.0
0,2030,85,56,1.0
0,2030,86,83,1.0
0,2030,87,28,0.96082015149892
0,2030,87,48,0.014820944557077765
0,2030,87,80,0.024358903944002284
0,2030,88,28,0.025315322617736745
0,2030,88,29,0.8493436851316967
0,2030,88,64,0.035533747945008486
0,2030,88,85,0.08980724430555802
0,2030,89,7,0.02745201578700417
0,2030,89,21,0.02539628467596165
0,2030,89,27,0.06189184278909033
0,2030,89,64,0.8276750060751823
0,2030,89,82,0.0575848506727614
0,2030,90,55,1.0
0,2030,91,21,0.9404001165700077
0,2030,91,65,0.04328433093747115
0,2030,91,80,0.016315552492521212
0,2030,92,63,1.0
0,2030,93,46,1.0
0,2030,94,81,1.0
0,2030,95,9,0.012851297867729355
0,2030,95,24,0.023413792287638135
0,2030,95,28,0.015573051198272106
0,2030,95,44,0.015050886067919315
0,2030,95,47,0.9331109725784411
0,2030,96,26,0.05225121399125492
0,2030,96,82,0.9127298925904788
0,2030,96,83,0.03501889341826632
0,2030,97,82,1.0
0,2030,98,48,0.017489861980605453
0,2030,98,82,0.9825101380193946
0,2030,99,82,1.0
0,2030,100,82,1.0
0,2030,101,20,0.012897603123422162
0,2030,101,26,0.03482073020415868
0,2030,101,61,0.02478195217222832
0,2030,101,82,0.9274997145001909
0,2030,102,48,0.01676996867353167
0,2030,102,82,0.9832300313264682
0,2030,103,39,0.87927576112715
0,2030,103,48,0.09369910176029092
0,2030,103,80,0.027025137112559095
0,2030,104,16,1.0
0,2030,105,5,0.022758642740729525
0,2030,105,16,0.9406349694483508
0,2030,105,45,0.025545908352179104
0,2030,105,46,0.011060479458740608
0,2030,106,16,0.887310731204147
0,2030,106,26,0.02126842999002423
0,2030,106,69,0.04320722961107598
0,2030,106,76,0.048213609194752635
0,2030,107,19,1.0
0,2030,108,24,1.0
0,2030,109,29,0.8158145632632657
0,2030,109,34,0.02006361207759802
0,2030,109,56,0.01490904614299819
0,2030,109,62,0.010396342345384628
0,2030,109,63,0.011311271278707404
0,2030,109,67,0.09600220161639404
0,2030,109,69,0.019913489374627204
0,2030,109,83,0.011589473901024723
0,2030,110,1,1.0
0,2030,111,11,0.8247873368086066
0,2030,111,27,0.017578973268559013
0,2030,111,48,0.026737698122092982
0,2030,111,76,0.13089599180074143
0,2030,112,47,0.9564575674597569
0,2030,112,77,0.012793891559591531
0,2030,112,83,0.03074854098065155
0,2030,113,9,0.9641191797012496
0,2030,113,76,0.035880820298750435
0,2030,114,31,1.0
0,2030,115,31,1.0
0,2030,116,28,1.0
0,2030,117,11,0.72018739804334
0,2030,117,18,0.055262007410361816
0,2030,117,67,0.09205775559076455
0,2030,117,74,0.10815497359854752
0,2030,117,90,0.024337865356986156
0,2030,118,46,1.0
0,2030,119,59,1.0
0,2030,120,5,1.0
0,2030,121,9,1.0
0,2030,122,80,0.018644353809092448
0,2030,122,81,0.9813556461909075
0,2030,123,19,0.9651980325497317
0,2030,123,90,0.034801967450268284
0,2030,124,31,0.034613690342926995
0,2030,124,60,0.9653863096570731
0,2030,125,46,0.9327270577753606
0,2030,125,80,0.06727294222463942
0,2030,126,46,1.0
0,2030,127,9,1.0
0,2030,128,18,0.0268638761506761
0,2030,128,20,0.9466810225228439
0,2030,128,82,0.02645510132648008
0,2030,129,8,0.0236650199517508
0,2030,129,10,0.9477324011736046
0,2030,129,18,0.012901372996776884
0,2030,129,69,0.015701205877867656
0,2030,130,9,0.9872780756333754
0,2030,130,74,0.012721924366624499
0,2030,131,27,0.10810380156624659
0,2030,131,34,0.03253366859488618
0,2030,131,39,0.05394342789638824
0,2030,131,48,0.027713648862314234
0,2030,131,67,0.052892101666287536
0,2030,131,76,0.024091526691239783
0,2030,131,80,0.14593215940343301
0,2030,131,83,0.06067793879109778
0,2030,131,86,0.4941117265281067
0,2030,132,80,1.0
0,2030,133,28,0.9630275305841931
0,2030,133,80,0.036972469415806904
0,2030,134,59,1.0
0,2030,135,32,0.9431205316303283
0,2030,135,52,0.02803287942939605
0,2030,135,65,0.02884658894027559
0,2030,136,2,0.014196488380448185
0,2030,136,17,0.7415168526286504
0,2030,136,48,0.06551301422199561
0,2030,136,64,0.09793185805318372
0,2030,136,65,0.017230281571134307
0,2030,136,76,0.039784815034004904
0,2030,136,80,0.023826690110582773
0,2030,137,48,0.01429637513677801
0,2030,137,58,0.9459187992175998
0,2030,137,65,0.017486006083845648
0,2030,137,80,0.022298819561776657
0,2030,138,2,0.021893494512454682
0,2030,138,22,0.04330097908452012
0,2030,138,41,0.03476449633449083
0,2030,138,86,0.9000410300685343
0,2030,139,19,1.0
0,2030,140,27,0.864738081759367
0,2030,140,28,0.06393058823685549
0,2030,140,32,0.012321301103631638
0,2030,140,46,0.026633920509693945
0,2030,140,61,0.032376108390451956
0,2030,141,56,1.0
0,2030,142,33,1.0
0,2030,143,60,1.0
0,2030,144,34,0.012962350556275612
0,2030,144,60,0.9486797257641246
0,2030,144,80,0.03835792367959976
0,2030,145,60,1.0
0,2030,146,82,0.9687635660408346
0,2030,146,83,0.03123643395916541
0,2030,147,82,1.0
0,2030,148,26,0.03432800500198588
0,2030,148,52,0.01642775285224957
0,2030,148,56,0.9180634908907155
0,2030,148,76,0.03118075125504918
0,2030,149,33,0.9888046627648485
0,2030,149,39,0.011195337235151587
0,2030,150,29,1.0
0,2030,151,29,1.0
0,2030,152,28,0.9565728970605063
0,2030,152,48,0.010600924175886506
0,2030,152,65,0.01035834363024948
0,2030,152,80,0.022467835133357764
0,2030,153,1,0.7935726325032645
0,2030,153,21,0.016658959732711028
0,2030,153,34,0.02686429450458776
0,2030,153,48,0.011435763424182744
0,2030,153,56,0.09597750832120448
0,2030,153,80,0.0554908415140495
0,2030,154,60,1.0
0,2030,155,1,0.7734676238684264
0,2030,155,26,0.2038206547285736
0,2030,155,64,0.02271172140299997
0,2030,156,39,1.0
0,2030,157,39,1.0
0,2030,158,55,1.0
0,2030,159,48,0.01609777538145514
0,2030,159,65,0.010378140322754806
0,2030,159,82,0.9735240842957901
0,2030,160,18,0.010509077373878295
0,2030,160,37,0.012071389192404592
0,2030,160,39,0.9370126423884185
0,2030,160,45,0.04040689104529857
0,2030,161,2,0.011996654812761862
0,2030,161,19,0.03351730323716124
0,2030,161,21,0.8331145264440998
0,2030,161,22,0.016623286593706276
0,2030,161,46,0.021525113947249225
0,2030,161,63,0.019458381850112214
0,2030,161,78,0.034187673131717174
0,2030,161,87,0.029577059983192287
0,2030,162,57,0.012649677254498136
0,2030,162,60,0.9189943558442901
0,2030,162,65,0.018174705905639937
0,2030,162,74,0.02780956366374233
0,2030,162,78,0.012023100614328347
0,2030,162,88,0.010348596717501156
0,2030,163,1,1.0
0,2030,164,1,0.9643550029592575
0,2030,164,8,0.01976517634690606
0,2030,164,69,0.01587982069383652
0,2030,165,58,1.0
0,2030,166,55,1.0
0,2030,167,45,0.06819145864300616
0,2030,167,56,0.027240116520638354
0,2030,167,62,0.022925247280386807
0,2030,167,67,0.030447480390018135
0,2030,167,82,0.8511956971659504
0,2030,168,5,1.0
0,2030,169,44,1.0
0,2030,170,6,1.0
0,2030,171,44,1.0
0,2030,172,20,1.0
0,2030,173,8,1.0
0,2030,174,39,0.9802061229977906
0,2030,174,90,0.019793877002209356
0,2030,175,39,1.0
0,2030,176,55,1.0
0,2030,177,8,0.043010148726772605
0,2030,177,18,0.9135496892234196
0,2030,177,69,0.043440162049807836
0,2030,178,59,0.9279743884404845
0,2030,178,69,0.03382377348905508
0,2030,178,76,0.038201838070460375
0,2030,179,44,1.0
0,2030,180,44,1.0
0,2030,181,9,0.9893200385475038
0,2030,181,90,0.010679961452496197
0,2030,182,9,0.9867887250720204
0,2030,182,80,0.013211274927979605
0,2030,183,13,0.0374841414786285
0,2030,183,33,0.9503710455285656
0,2030,183,75,0.012144812992805978
0,2030,184,29,0.8813220624859963
0,2030,184,70,0.03157128643592214
0,2030,184,90,0.08710665107808159
0,2030,185,33,1.0
0,2030,186,49,1.0
0,2030,187,8,1.0
0,2030,188,69,0.029076692146145312
0,2030,188,82,0.9065214857398696
0,2030,188,90,0.064401822113985
0,2030,189,11,0.9453396031922068
0,2030,189,69,0.015390898727782315
0,2030,189,90,0.03926949808001087
0,2030,190,66,1.0
0,2030,191,8,0.04145537231770792
0,2030,191,60,0.7950441425136843
0,2030,191,69,0.07844164128029915
0,2030,191,90,0.08505884388830874
0,2030,192,22,0.9728531997597184
0,2030,192,48,0.012091294083307487
0,2030,192,80,0.01505550615697411
0,2030,193,6,0.022988951183299952
0,2030,193,20,0.9139663208097495
0,2030,193,31,0.01965975907501303
0,2030,193,44,0.010924891786247948
0,2030,193,90,0.03246007714568964
0,2030,194,58,0.9882580770014174
0,2030,194,76,0.011741922998582632
0,2030,195,58,1.0
0,2030,196,56,1.0
0,2030,197,6,1.0
0,2030,198,6,1.0
0,2030,199,26,0.9323235492013083
0,2030,199,44,0.02259106293827169
0,2030,199,90,0.04508538786041995
0,2030,200,69,1.0
0,2030,201,66,0.9407367613405411
0,2030,201,90,0.059263238659458976
0,2030,202,24,0.9834962907575054
0,2030,202,65,0.016503709242494523
0,2030,203,39,1.0
0,2030,204,8,0.9682029287418461
0,2030,204,69,0.03179707125815385
0,2030,205,69,1.0
0,2030,206,76,1.0
0,2030,207,56,0.01214239754080515
0,2030,207,73,0.9878576024591949
0,2030,208,6,0.7100714831722112
0,2030,208,22,0.23524584566042542
0,2030,208,69,0.05468267116736345
0,2030,209,5,0.8891487069240167
0,2030,209,26,0.026691614037051094
0,2030,209,66,0.018236151006147654
0,2030,209,69,0.06592352803278462
0,2030,210,24,1.0
0,2030,211,66,0.9839618077695138
0,2030,211,85,0.016038192230486196
0,2030,212,8,0.05945750572557648
0,2030,212,18,0.021951725966217923
0,2030,212,55,0.021643399627312918
0,2030,212,66,0.8181048077290514
0,2030,212,68,0.013559899482685916
0,2030,212,69,0.025676285738327836
0,2030,212,82,0.03960637573082752
0,2030,213,26,0.19617749863215847
0,2030,213,73,0.780134777144131
0,2030,213,90,0.023687724223710512
0,2030,214,66,1.0
0,2030,215,26,0.2199337580029337
0,2030,215,60,0.6962726965143566
0,2030,215,90,0.08379354548270959
0,2030,216,22,0.0177271181516034
0,2030,216,60,0.9822728818483966
0,2030,217,10,1.0
0,2030,218,6,1.0
0,2030,219,24,0.9791572293529761
0,2030,219,80,0.020842770647023896
0,2030,220,12,0.019957265431708393
0,2030,220,20,0.8953847470173697
0,2030,220,48,0.01728272864955143
0,2030,220,65,0.033973037682849865
0,2030,220,85,0.018481031703780054
0,2030,220,88,0.014921189514740724
0,2030,221,8,0.9809224019795096
0,2030,221,88,0.019077598020490347
0,2030,222,22,0.960073644635743
0,2030,222,90,0.039926355364257024
0,2030,223,6,1.0
0,2030,224,24,1.0
0,2030,225,26,0.9163837422793623
0,2030,225,48,0.03407864129210247
0,2030,225,65,0.030220317655842235
0,2030,225,88,0.019317298772693177
0,2030,226,52,0.9388153008227139
0,2030,226,69,0.06118469917728612
0,2030,227,55,1.0
0,2030,228,45,0.023868306888570293
0,2030,228,62,0.013057444966766644
0,2030,228,69,0.963074248144663
0,2030,229,6,1.0
0,2030,230,24,1.0
0,2030,231,9,1.0
0,2030,232,24,1.0
0,2030,233,13,0.010787918282748794
0,2030,233,49,0.9297176724814961
0,2030,233,65,0.036960861463789844
0,2030,233,76,0.022533547771965343
0,2030,234,47,1.0
0,2030,235,47,0.8248843777861788
0,2030,235,66,0.02855350702753105
0,2030,235,69,0.055415783239940716
0,2030,235,76,0.018917882521623852
0,2030,235,90,0.07222844942472559
0,2030,236,1,0.9593117425914157
0,2030,236,90,0.040688257408584214
0,2030,237,2,0.0585400450453474
0,2030,237,15,0.024253690359763977
0,2030,237,54,0.014567798642563065
0,2030,237,60,0.8728552837794437
0,2030,237,65,0.01716734630187606
0,2030,237,74,0.012615835871005773
0,2030,238,1,0.8394148632575477
0,2030,238,3,0.015059784011458646
0,2030,238,13,0.040022308375942624
0,2030,238,48,0.040567628546030826
0,2030,238,64,0.048102708805157414
0,2030,238,65,0.01683270700386277
0,2030,239,4,0.018005454498509273
0,2030,239,26,0.16702576352300716
0,2030,239,58,0.7133739580024916
0,2030,239,65,0.01082294285310299
0,2030,239,66,0.054162069928887085
0,2030,239,87,0.01841454800588
0,2030,239,90,0.018195263188121955
0,2030,240,52,1.0
0,2030,241,55,1.0
0,2030,242,55,0.985216529613047
0,2030,242,69,0.014783470386953114
0,2030,243,55,1.0
0,2030,244,82,1.0
0,2030,245,82,1.0
0,2030,246,33,1.0
0,2030,247,46,0.9051957229501313
0,2030,247,76,0.035153229662595625
0,2030,247,90,0.05965104738727309
0,2030,248,1,0.8306469242619549
0,2030,248,13,0.03408181036520009
0,2030,248,25,0.04186560458894573
0,2030,248,51,0.053480092142234856
0,2030,248,89,0.03992556864166433
0,2030,249,48,0.021802785915776435
0,2030,249,65,0.013257201640361645
0,2030,249,80,0.048550713384747
0,2030,249,89,0.9163892990591149
0,2030,250,65,1.0
0,2030,251,9,0.022578215544633358
0,2030,251,19,0.010297562356143607
0,2030,251,28,0.018212175872612122
0,2030,251,41,0.8248464580636621
0,2030,251,44,0.03501483832032431
0,2030,251,46,0.0441091375470848
0,2030,251,87,0.0449416122955397
0,2030,252,21,0.030634272358460272
0,2030,252,27,0.7106282674351869
0,2030,252,34,0.016138750947890593
0,2030,252,45,0.022433012179564907
0,2030,252,56,0.03242348145022142
0,2030,252,82,0.18774221562867593
0,2030,253,75,1.0
0,2030,254,9,1.0
0,2030,255,13,0.030468422005790394
0,2030,255,48,0.021825782560606844
0,2030,255,60,0.9343670231318402
0,2030,255,89,0.01333877230176268
0,2030,256,2,0.030741912581146006
0,2030,256,22,0.030275244467802054
0,2030,256,32,0.8666927433316086
0,2030,256,57,0.010941436461670059
0,2030,256,74,0.012401307106615902
0,2030,256,76,0.011983673490050894
0,2030,256,80,0.03696368256110646
0,2030,257,11,0.8304194412818914
0,2030,257,15,0.07578084684653953
0,2030,257,26,0.06311356028027405
0,2030,257,61,0.015095433204112425
0,2030,257,84,0.015590718387182479
0,2030,258,11,1.0
0,2030,259,11,0.9377794799243534
0,2030,259,27,0.013746797081332767
0,2030,259,35,0.014945220097957347
0,2030,259,43,0.010555880464912818
0,2030,259,83,0.022972622431443625
0,2030,260,45,0.05313681980554087
0,2030,260,60,0.8349205637560229
0,2030,260,62,0.09462598456024147
0,2030,260,90,0.017316631878194853
0,2030,261,1,0.7572849490141271
0,2030,261,45,0.029663016081688018
0,2030,261,62,0.11684514103462229
0,2030,261,70,0.02462527953736612
0,2030,261,90,0.0715816143321965
0,2030,262,7,0.04372211565440956
0,2030,262,20,0.022817210914509077
0,2030,262,27,0.01700456723222306
0,2030,262,38,0.7978889075866472
0,2030,262,47,0.03597415403061641
0,2030,262,82,0.08259304458159472
0,2030,263,9,0.02835254235530943
0,2030,263,35,0.028867751984515782
0,2030,263,44,0.02891338601311251
0,2030,263,46,0.020989969735170897
0,2030,263,61,0.024038794319514393
0,2030,263,81,0.022995975247449476
0,2030,263,86,0.8458415803449275
0,2030,264,2,0.020810655867304472
0,2030,264,22,0.01940562026674256
0,2030,264,36,0.013941028086672884
0,2030,264,49,0.9157660872533417
0,2030,264,63,0.030076608525938377
0,2030,265,7,0.8774005342507956
0,2030,265,19,0.014984144484921335
0,2030,265,31,0.02518330112277355
0,2030,265,46,0.02226388097715826
0,2030,265,80,0.017921642253769392
0,2030,265,83,0.0422464969105819
0,2030,266,9,0.025462891127786977
0,2030,266,11,0.8166886481666912
0,2030,266,31,0.06195028812162234
0,2030,266,46,0.08338118074589213
0,2030,266,87,0.012516991838007386
0,2030,267,81,1.0
0,2030,268,29,0.9014680197193081
0,2030,268,48,0.02506513095127517
0,2030,268,65,0.03192455647873761
0,2030,268,72,0.01091039098610207
0,2030,268,88,0.019574958044348813
0,2030,268,89,0.011056943820228185
0,2030,269,19,0.9505693381128415
0,2030,269,44,0.020568645389064336
0,2030,269,90,0.028862016498094233
0,2030,270,9,1.0
0,2030,271,77,1.0
0,2030,272,9,1.0
0,2030,273,5,1.0
0,2030,274,44,1.0
0,2030,275,61,1.0
0,2030,276,7,0.9409496887868871
0,2030,276,48,0.020253419651417703
0,2030,276,65,0.02670535264571589
0,2030,276,80,0.012091538915979246
0,2030,277,15,0.03269623186172649
0,2030,277,28,0.01363316290610752
0,2030,277,34,0.953670605232166
0,2030,278,70,0.037407435893616656
0,2030,278,81,0.9094174985899137
0,2030,278,87,0.012181545642984458
0,2030,278,90,0.040993519873485186
0,2030,279,35,0.01331702469508031
0,2030,279,62,0.016063225762383976
0,2030,279,82,0.9706197495425357
0,2030,280,35,0.012997670057964723
0,2030,280,63,0.9870023299420353
0,2030,281,32,0.9883601712325247
0,2030,281,69,0.011639828767475274
0,2030,282,49,1.0
0,2030,283,47,1.0
0,2030,284,46,0.9692359026038404
0,2030,284,70,0.011260149247975179
0,2030,284,90,0.01950394814818443
0,2030,285,46,1.0
0,2030,286,61,1.0
0,2030,287,45,1.0
0,2030,288,81,0.9537657898071484
0,2030,288,90,0.046234210192851566
0,2030,289,7,1.0
0,2030,290,63,1.0
0,2030,291,13,0.024991070228971
0,2030,291,81,0.975008929771029
0,2030,292,36,0.012992039799995888
0,2030,292,47,0.9137013683101254
0,2030,292,54,0.014615315297245747
0,2030,292,74,0.02453189860987972
0,2030,292,80,0.034159377982753335
0,2030,293,21,0.9858750585620343
0,2030,293,35,0.014124941437965704
0,2030,294,11,1.0
0,2030,295,13,0.02123226829098391
0,2030,295,30,0.06975742467816672
0,2030,295,59,0.8472060904237423
0,2030,295,83,0.061804216607107186
0,2030,296,13,0.14855205114290826
0,2030,296,27,0.8284135808155555
0,2030,296,65,0.023034368041536333
0,2030,297,42,1.0
0,2030,298,84,1.0
0,2030,299,34,0.06100677271650089
0,2030,299,38,0.8075115374308747
0,2030,299,56,0.10154956973963239
0,2030,299,67,0.02993212011299207
0,2030,300,43,1.0
0,2030,301,40,1.0
0,2030,302,37,1.0
0,2030,303,22,0.04830610152914867
0,2030,303,63,0.0317471439854275
0,2030,303,67,0.08226867783645596
0,2030,303,81,0.8376780766489679
0,2030,304,7,0.9098242188285328
0,2030,304,15,0.014129014342612356
0,2030,304,54,0.012570620374324434
0,2030,304,74,0.04199234855679178
0,2030,304,88,0.021483797897738615
0,2030,305,37,1.0
0,2030,306,86,1.0
0,2030,307,2,0.05949651116538287
0,2030,307,19,0.7763310912304228
0,2030,307,25,0.025129685964206363
0,2030,307,54,0.03993757877205618
0,2030,307,74,0.05865218905750218
0,2030,307,80,0.040452943810429666
0,2030,308,32,1.0
0,2030,309,59,1.0
0,2030,310,5,1.0
0,2030,311,9,0.8526763688357213
0,2030,311,18,0.01689911555790864
0,2030,311,35,0.0119928587613818
0,2030,311,70,0.025183397336902353
0,2030,311,71,0.016424130612890282
0,2030,311,90,0.07682412889519565
0,2030,312,49,0.848967460943824
0,2030,312,62,0.11250401203676669
0,2030,312,90,0.038528527019409224
0,2030,313,59,0.9271234152875987
0,2030,313,70,0.01564476121599593
0,2030,313,90,0.05723182349640538
0,2030,314,30,0.012288227372430469
0,2030,314,31,0.8975322837555414
0,2030,314,35,0.013438205568911064
0,2030,314,51,0.03139366963859207
0,2030,314,62,0.03181055561277328
0,2030,314,79,0.013537058051751807
0,2030,315,85,1.0
0,2030,316,38,1.0
0,2030,317,8,0.038282688229618646
0,2030,317,39,0.01741391287225955
0,2030,317,55,0.019090311431106212
0,2030,317,69,0.010486706440668077
0,2030,317,71,0.883643968483399
0,2030,317,82,0.031082412542948447
0,2030,318,17,1.0
0,2030,319,53,0.9754686635305369
0,2030,319,87,0.024531336469463243
0,2030,320,71,1.0
0,2030,321,15,1.0
0,2030,322,78,1.0
0,2030,323,49,1.0
0,2030,324,18,0.9526916257315761
0,2030,324,48,0.025659812447887037
0,2030,324,83,0.021648561820536906
0,2030,325,40,0.9863568814916869
0,2030,325,90,0.013643118508313139
0,2030,326,36,0.9696504611256036
0,2030,326,90,0.030349538874396384
0,2030,327,28,0.8280604821853511
0,2030,327,90,0.1719395178146488
0,2030,328,11,0.8866415119038065
0,2030,328,18,0.05632603004701758
0,2030,328,34,0.013488779049729527
0,2030,328,68,0.04354367899944648
0,2030,329,13,0.018426284114384583
0,2030,329,18,0.06420012850864978
0,2030,329,32,0.7219242444629835
0,2030,329,35,0.01489643051987445
0,2030,329,51,0.10820865431485065
0,2030,329,62,0.07234425807925707
0,2030,330,13,0.04645655094127314
0,2030,330,17,0.8937644231959343
0,2030,330,27,0.02109328445288109
0,2030,330,76,0.012858959596507276
0,2030,330,83,0.025826781813404275
0,2030,331,17,0.9892658121650737
0,2030,331,90,0.010734187834926271
0,2030,332,25,0.03574460638615453
0,2030,332,36,0.011598872686878486
0,2030,332,73,0.8354509204745787
0,2030,332,74,0.05871030611818936
0,2030,332,78,0.03160431352180865
0,2030,332,88,0.026890980812390174
0,2030,333,31,0.07151565164154927
0,2030,333,85,0.1305768782141175
0,2030,333,86,0.7979074701443333
0,2030,334,17,0.8614616124628087
0,2030,334,18,0.08304828761882224
0,2030,334,41,0.023484813973059127
0,2030,334,72,0.032005285945309964
0,2030,335,18,1.0
0,2030,336,35,0.010276979577362799
0,2030,336,45,0.09825660032822855
0,2030,336,47,0.7510098559476919
0,2030,336,62,0.07514691032218149
0,2030,336,70,0.024637288695224628
0,2030,336,78,0.040672365129310634
0,2030,337,17,0.9876523884135232
0,2030,337,26,0.012347611586476763
0,2030,338,8,0.02014681319654431
0,2030,338,56,0.01322222120878765
0,2030,338,69,0.04167438072441311
0,2030,338,89,0.9249565848702549
0,2030,339,57,1.0
0,2030,340,35,1.0
0,2030,341,44,0.010620095675836407
0,2030,341,70,0.8290141606399258
0,2030,341,90,0.16036574368423773
0,2030,342,62,1.0
0,2030,343,51,1.0
0,2030,344,53,1.0
0,2030,345,57,0.08524936869886196
0,2030,345,70,0.035844250164203416
0,2030,345,74,0.05245283909191851
0,2030,345,86,0.6872336292657334
0,2030,345,87,0.11346169401175317
0,2030,345,90,0.025758218767529668
0,2030,346,7,0.9852378419816636
0,2030,346,90,0.014762158018336326
0,2030,347,23,1.0
0,2030,348,23,1.0
0,2030,349,18,0.7347804364736655
0,2030,349,25,0.023270662745794157
0,2030,349,74,0.14939946203043747
0,2030,349,80,0.05105281336266449
0,2030,349,88,0.04149662538743833
0,2030,350,35,0.9801936999921709
0,2030,350,65,0.019806300007829156
0,2030,351,17,0.9324259644486597
0,2030,351,22,0.010967316861837897
0,2030,351,62,0.012217589666739513
0,2030,351,70,0.015451779704388208
0,2030,351,90,0.02893734931837483
0,2030,352,18,0.9144983817353234
0,2030,352,26,0.07251901776911662
0,2030,352,52,0.012982600495560066
0,2030,353,70,1.0
0,2030,354,79,0.9847838916800367
0,2030,354,90,0.01521610831996337
0,2030,355,68,0.9213691963810197
0,2030,355,72,0.01525803679345332
0,2030,355,74,0.011919901716051378
0,2030,355,88,0.05145286510947572
0,2030,356,88,1.0
0,2030,357,88,1.0
0,2030,358,88,1.0
0,2030,359,15,0.05895184731525225
0,2030,359,78,0.02699828761873635
0,2030,359,87,0.015082784818849474
0,2030,359,88,0.8989670802471619
0,2030,360,75,0.09030387111018424
0,2030,360,80,0.07564054992183061
0,2030,360,87,0.059884194826698794
0,2030,360,88,0.7741713841412864
0,2030,361,62,0.01044584896890259
0,2030,361,89,0.9895541510310973
0,2030,362,42,1.0
0,2030,363,45,0.013942668619902437
0,2030,363,62,0.013161421053051525
0,2030,363,89,0.972895910327046
0,2030,364,88,1.0
0,2030,365,45,0.01634007161869401
0,2030,365,65,0.983659928381306
1,2030,1,94,0.02711936405098353
1,2030,1,122,0.08085568172281592
1,2030,1,129,0.022034011989440327
1,2030,1,133,0.04412343546765875
1,2030,1,135,0.7712229464436536
1,2030,1,171,0.02803127427616813
1,2030,1,180,0.026613286049279622
1,2030,2,129,1.0
1,2030,3,122,0.03760693433814737
1,2030,3,129,0.02778290691944921
1,2030,3,133,0.025017769154460853
1,2030,3,144,0.7154186897455089
1,2030,3,154,0.011598934070046215
1,2030,3,165,0.12055236301037678
1,2030,3,180,0.06202240276201062
1,2030,4,165,1.0
1,2030,5,99,0.012834622834159157
1,2030,5,101,0.01336666634812991
1,2030,5,102,0.8502062684393575
1,2030,5,153,0.06279076870760734
1,2030,5,154,0.06080167367074603
1,2030,6,133,0.12067540742714222
1,2030,6,135,0.8793245925728578
1,2030,7,97,0.01648243579097335
1,2030,7,112,0.24192749351908394
1,2030,7,116,0.6984394974727463
1,2030,7,129,0.02040800769323691
1,2030,7,154,0.022742565523959635
1,2030,8,97,1.0
1,2030,9,94,0.016319397429784128
1,2030,9,107,0.049822026039623546
1,2030,9,128,0.015956526544238497
1,2030,9,133,0.22488918685872236
1,2030,9,139,0.6700021222775568
1,2030,9,163,0.0230107408500747
1,2030,10,122,0.01075755249284865
1,2030,10,155,0.9049661717224213
1,2030,10,180,0.08427627578472996
1,2030,11,95,0.8460130393091233
1,2030,11,105,0.023987564386535435
1,2030,11,117,0.026225542158888355
1,2030,11,153,0.010849676389479137
1,2030,11,160,0.09292417775597372
1,2030,12,97,0.030164803981596815
1,2030,12,99,0.11673737621847873
1,2030,12,101,0.6935092421598122
1,2030,12,117,0.03637522581716089
1,2030,12,139,0.08670853113503682
1,2030,12,147,0.03650482068791461
1,2030,13,92,0.8680314705691639
1,2030,13,94,0.06330127651977675
1,2030,13,133,0.03676705886365783
1,2030,13,163,0.03190019404740144
1,2030,14,162,0.9856531011803408
1,2030,14,180,0.0143468988196592
1,2030,15,141,0.010632812130148146
1,2030,15,148,0.02218370097464612
1,2030,15,167,0.059765184551919884
1,2030,15,174,0.8550275353784832
1,2030,15,180,0.05239076696480265
1,2030,16,107,0.15328110444132437
1,2030,16,110,0.0911175100374204
1,2030,16,125,0.6921467901582452
1,2030,16,156,0.06345459536300999
1,2030,17,119,0.017988559872063332
1,2030,17,146,0.021055049509585685
1,2030,17,147,0.9489561161883281
1,2030,17,180,0.012000274430022788
1,2030,18,99,0.2214667526639347
1,2030,18,153,0.015183034270931985
1,2030,18,168,0.7633502130651334
1,2030,19,101,0.9579281366277728
1,2030,19,128,0.014405295147030936
1,2030,19,175,0.01610381863253827
1,2030,19,180,0.011562749592657897
1,2030,20,168,1.0
1,2030,21,101,0.8846007912826327
1,2030,21,108,0.023119873272499016
1,2030,21,130,0.023761436817370543
1,2030,21,142,0.01444063520131463
1,2030,21,145,0.0540772634261832
1,2030,22,101,1.0
1,2030,23,94,0.9247826141494696
1,2030,23,117,0.07521738585053038
1,2030,24,160,0.9846490725472372
1,2030,24,180,0.015350927452762722
1,2030,25,113,0.050320226364555784
1,2030,25,137,0.01527510450604982
1,2030,25,156,0.010567720542003601
1,2030,25,166,0.020856829272220736
1,2030,25,168,0.9029801193151701
1,2030,26,94,0.935388093901177
1,2030,26,99,0.01795720287463005
1,2030,26,157,0.04665470322419296
1,2030,27,110,0.8599557720382719
1,2030,27,151,0.10327663744673862
1,2030,27,157,0.03676759051498946
1,2030,28,168,1.0
1,2030,29,168,1.0
1,2030,30,106,0.9766461946636898
1,2030,30,112,0.012650678391743591
1,2030,30,180,0.01070312694456654
1,2030,31,145,0.01201293941520208
1,2030,31,156,0.987987060584798
1,2030,32,94,0.030390330376331567
1,2030,32,96,0.8410240538177816
1,2030,32,163,0.12858561580588682
1,2030,33,133,0.010824807007265444
1,2030,33,154,0.036882210170249445
1,2030,33,160,0.050454914035814744
1,2030,33,174,0.9018380687866704
1,2030,34,98,0.05874516580182581
1,2030,34,113,0.048673393220084134
1,2030,34,130,0.06625673117568026
1,2030,34,142,0.7861490547171469
1,2030,34,156,0.04017565508526286
1,2030,35,123,0.9022472481678744
1,2030,35,180,0.09775275183212559
1,2030,36,119,0.015754051417552532
1,2030,36,148,0.8269917645161352
1,2030,36,174,0.07858770362547018
1,2030,36,180,0.07866648044084205
1,2030,37,119,0.9000338659188774
1,2030,37,122,0.03796263439910131
1,2030,37,175,0.03371026604986481
1,2030,37,180,0.028293233632156543
1,2030,38,101,0.026018635849395476
1,2030,38,125,0.9098075151266185
1,2030,38,153,0.06417384902398615
1,2030,39,99,0.011137738757397184
1,2030,39,101,0.02449856983873674
1,2030,39,135,0.6642682649116374
1,2030,39,137,0.07515647373686427
1,2030,39,151,0.07942085896081358
1,2030,39,153,0.048566358536919436
1,2030,39,168,0.05301574186099379
1,2030,39,172,0.043935993396637556
1,2030,40,98,0.022376608909642316
1,2030,40,130,0.020323679240253755
1,2030,40,156,0.06700862559777677
1,2030,40,168,0.8664198590875508
1,2030,40,172,0.0238712271647763
1,2030,41,108,0.6285506009544779
1,2030,41,122,0.03643729360081154
1,2030,41,151,0.10006367433548571
1,2030,41,157,0.13080581393234483
1,2030,41,161,0.10414261717687999
1,2030,42,96,0.8238923195089152
1,2030,42,131,0.023161370809348845
1,2030,42,133,0.09716801667886096
1,2030,42,145,0.021597711894669264
1,2030,42,160,0.034180581108205835
1,2030,43,102,0.014258184884644845
1,2030,43,120,0.823533625125999
1,2030,43,160,0.04201620029343977
1,2030,43,177,0.02826061067599444
1,2030,43,180,0.09193137901992207
1,2030,44,117,0.01063340103223669
1,2030,44,133,0.16486049817065432
1,2030,44,135,0.09921974330342037
1,2030,44,157,0.16005993417628828
1,2030,44,168,0.5652264233174004
1,2030,45,99,0.01668525678695273
1,2030,45,147,0.8921291293174286
1,2030,45,153,0.02060967467773182
1,2030,45,154,0.07057593921788696
1,2030,46,101,0.9783005895805191
1,2030,46,154,0.021699410419480952
1,2030,47,117,0.011742447179382701
1,2030,47,125,0.8758021875953703
1,2030,47,154,0.1124553652252471
1,2030,48,105,0.025873101276863913
1,2030,48,117,0.8421703012942383
1,2030,48,134,0.013716627418836476
1,2030,48,177,0.07619102176091877
1,2030,48,180,0.04204894824914255
1,2030,49,104,0.04966448317685578
1,2030,49,113,0.02865941025491408
1,2030,49,120,0.7168523736273212
1,2030,49,121,0.046689952481556926
1,2030,49,141,0.06130623986354176
1,2030,49,176,0.09682754059581032
1,2030,50,113,1.0
1,2030,51,99,0.01270741038939508
1,2030,51,113,0.937891637801701
1,2030,51,151,0.014660080221363572
1,2030,51,153,0.011974467087203103
1,2030,51,157,0.022766404500337185
1,2030,52,94,0.0176090578972096
1,2030,52,103,0.7593994504479791
1,2030,52,123,0.020589910816253377
1,2030,52,128,0.02867879929131491
1,2030,52,161,0.011258347127579638
1,2030,52,163,0.04134851845545296
1,2030,52,171,0.07888491689241232
1,2030,52,175,0.04223099907179823
1,2030,53,97,0.024194863636007674
1,2030,53,136,0.9171355232622885
1,2030,53,174,0.020717091542071468
1,2030,53,180,0.03795252155963236
1,2030,54,108,0.011963408928474053
1,2030,54,151,0.03266519029047958
1,2030,54,173,0.9553714007810463
1,2030,55,101,0.889662462605628
1,2030,55,153,0.11033753739437197
1,2030,56,153,1.0
1,2030,57,153,1.0
1,2030,58,94,0.5915075044370915
1,2030,58,112,0.11188004965034899
1,2030,58,123,0.057703489064847686
1,2030,58,128,0.047807661160711896
1,2030,58,163,0.017368445237953473
1,2030,58,179,0.17373285044904643
1,2030,59,121,0.013340276878195566
1,2030,59,129,0.96854691110768
1,2030,59,141,0.018112812014124475
1,2030,60,98,0.01054942230769584
1,2030,60,114,0.01870390508850564
1,2030,60,119,0.03898282139942837
1,2030,60,120,0.09813071428271442
1,2030,60,138,0.728685154567295
1,2030,60,160,0.10494798235436081
1,2030,61,102,0.030268505776526226
1,2030,61,111,0.8530078098646678
1,2030,61,117,0.07921748029553405
1,2030,61,154,0.022399796251680478
1,2030,61,160,0.015106407811591435
1,2030,62,99,0.07625231347929014
1,2030,62,151,0.10600440826937257
1,2030,62,153,0.7828788832853654
1,2030,62,157,0.0348643949659719
1,2030,63,99,0.028636200894970373
1,2030,63,117,0.844825672650992
1,2030,63,153,0.12653812645403778
1,2030,64,94,0.08258352305947188
1,2030,64,99,0.7798696728970165
1,2030,64,107,0.01989652007232576
1,2030,64,133,0.11765028397118578
1,2030,65,107,0.045413233547718236
1,2030,65,116,0.8380700647228032
1,2030,65,133,0.0221085095325817
1,2030,65,157,0.04199262208626331
1,2030,65,165,0.05241557011063358
1,2030,66,98,0.04901141575991335
1,2030,66,110,0.8976086445497411
1,2030,66,111,0.012800531996152005
1,2030,66,127,0.01584022458416139
1,2030,66,134,0.011419843786012622
1,2030,66,141,0.013319339324019498
1,2030,67,92,0.7878889814701825
1,2030,67,101,0.03273021807574152
1,2030,67,113,0.017907424865002103
1,2030,67,166,0.02622780333098684
1,2030,67,179,0.13524557225808698
1,2030,68,111,0.9771361343487336
1,2030,68,141,0.010745440016893025
1,2030,68,167,0.01211842563437337
1,2030,69,94,0.5965225992836994
1,2030,69,96,0.08522578726338194
1,2030,69,133,0.3002048320832901
1,2030,69,165,0.01804678136962842
1,2030,70,117,0.02789552175695682
1,2030,70,154,0.034992776825124014
1,2030,70,160,0.9371117014179191
1,2030,71,101,1.0
1,2030,72,92,0.015411197501126385
1,2030,72,94,0.037549622448981496
1,2030,72,133,0.013068820694641856
1,2030,72,157,0.07598783277399075
1,2030,72,166,0.8579825265812595
1,2030,73,94,0.024806203763419056
1,2030,73,106,0.030694767462263132
1,2030,73,112,0.029434952959404168
1,2030,73,129,0.04355025317349014
1,2030,73,158,0.8143811155259619
1,2030,73,161,0.01411562505037496
1,2030,73,171,0.04301708206508671
1,2030,74,93,0.7964050725061801
1,2030,74,100,0.011966192471182257
1,2030,74,107,0.028302812375059685
1,2030,74,110,0.03310572185924721
1,2030,74,126,0.013049849039038275
1,2030,74,128,0.041488081037607843
1,2030,74,161,0.011290836064401157
1,2030,74,163,0.014319297448578032
1,2030,74,172,0.050072137198705347
1,2030,75,128,0.03934564179876424
1,2030,75,154,0.013412642071962395
1,2030,75,163,0.03353053642629579
1,2030,75,164,0.8891416434959908
1,2030,75,179,0.024569536206986847
1,2030,76,113,0.9604777507714805
1,2030,76,131,0.013292985639633721
1,2030,76,147,0.01036497416391934
1,2030,76,160,0.015864289424966507
1,2030,77,113,1.0
1,2030,78,145,0.9620887281368636
1,2030,78,161,0.012122537942804006
1,2030,78,179,0.025788733920332443
1,2030,79,97,0.012902765135021876
1,2030,79,98,0.028760933191912207
1,2030,79,105,0.02467579848209079
1,2030,79,113,0.8882063218824879
1,2030,79,114,0.018903633176752473
1,2030,79,160,0.026550548131734714
1,2030,80,113,0.987072014644725
1,2030,80,163,0.012927985355274929
1,2030,81,112,0.051230879919272186
1,2030,81,140,0.9487691200807278
1,2030,82,97,0.03380314919720165
1,2030,82,112,0.16503191490000133
1,2030,82,148,0.801164935902797
1,2030,83,119,1.0
1,2030,84,125,1.0
1,2030,85,94,0.029772595444162577
1,2030,85,96,0.019330180528544478
1,2030,85,145,0.8915166451725228
1,2030,85,157,0.027773893233282367
1,2030,85,163,0.031606685621487766
1,2030,86,93,0.9082044916712292
1,2030,86,98,0.058194495785797065
1,2030,86,112,0.03360101254297379
1,2030,87,97,0.1332531019677092
1,2030,87,109,0.6241435454357931
1,2030,87,112,0.020777980720359693
1,2030,87,117,0.09671751732964956
1,2030,87,120,0.020950963564212593
1,2030,87,143,0.10415689098227596
1,2030,88,117,0.1173630178744439
1,2030,88,143,0.2993848357804792
1,2030,88,155,0.5832521463450769
1,2030,89,98,0.26584243938011703
1,2030,89,117,0.25345093343820424
1,2030,89,153,0.0662972987628294
1,2030,89,154,0.05076612509553705
1,2030,89,173,0.3636432033233123
1,2030,90,166,1.0
1,2030,91,163,0.03485162727624853
1,2030,91,166,0.9651483727237514
1,2030,92,112,0.043344039579007586
1,2030,92,163,0.9566559604209924
1,2030,93,148,1.0
1,2030,94,169,1.0
1,2030,95,119,0.04316934806610882
1,2030,95,134,0.04004997822012335
1,2030,95,136,0.030413657649567227
1,2030,95,138,0.8622383697511271
1,2030,95,142,0.01152566328796707
1,2030,95,177,0.01260298302510654
1,2030,96,130,1.0
1,2030,97,113,1.0
1,2030,98,113,1.0
1,2030,99,98,0.019987983704775412
1,2030,99,113,0.9800120162952246
1,2030,100,113,1.0
1,2030,101,130,1.0
1,2030,102,113,1.0
1,2030,103,111,1.0
1,2030,104,101,1.0
1,2030,105,104,0.13693659323265256
1,2030,105,111,0.7304153933427306
1,2030,105,133,0.11917232293729445
1,2030,105,166,0.013475690487322434
1,2030,106,111,0.9611857310620965
1,2030,106,133,0.03881426893790357
1,2030,107,107,0.03944634938094632
1,2030,107,111,0.021783038954179254
1,2030,107,123,0.8744241911047526
1,2030,107,133,0.021948631879519308
1,2030,107,153,0.012663433616733971
1,2030,107,158,0.013755420283777166
1,2030,107,166,0.015978934780091446
1,2030,108,109,1.0
1,2030,109,112,0.01774875626065277
1,2030,109,121,0.012895636602018654
1,2030,109,126,0.866671328184422
1,2030,109,141,0.011792600175478339
1,2030,109,148,0.04318956669817722
1,2030,109,162,0.012453466683986125
1,2030,109,167,0.03524864539526483
1,2030,110,138,1.0
1,2030,111,92,0.010963282062797966
1,2030,111,104,0.0449599523847209
1,2030,111,113,0.023560664437301548
1,2030,111,133,0.09039679864074401
1,2030,111,138,0.5708558913167893
1,2030,111,163,0.23579482832239118
1,2030,111,166,0.023468582835255148
1,2030,112,98,0.15257347017526027
1,2030,112,145,0.012445612750418023
1,2030,112,149,0.8349809170743218
1,2030,113,148,1.0
1,2030,114,112,1.0
1,2030,115,112,1.0
1,2030,116,143,1.0
1,2030,117,103,0.8644966094480703
1,2030,117,157,0.12290253058934043
1,2030,117,163,0.012600859962589389
1,2030,118,122,0.015954963144813827
1,2030,118,123,0.03606068262826135
1,2030,118,148,0.02845428396572199
1,2030,118,162,0.05903530095032441
1,2030,118,174,0.8472749962668527
1,2030,118,175,0.013219773044025803
1,2030,119,122,0.022900688691532646
1,2030,119,123,0.9770993113084673
1,2030,120,112,0.056476312442424056
1,2030,120,148,0.028771815260147073
1,2030,120,152,0.9007130266926892
1,2030,120,167,0.014038845604739801
1,2030,121,148,1.0
1,2030,122,169,1.0
1,2030,123,112,0.05186686795110095
1,2030,123,123,0.8676267505428762
1,2030,123,143,0.02697537118108114
1,2030,123,180,0.05353101032494175
1,2030,124,91,0.8984686386629555
1,2030,124,98,0.030632285562751927
1,2030,124,104,0.01424674363949136
1,2030,124,126,0.016675158600387006
1,2030,124,133,0.03997717353441426
1,2030,125,112,0.07527894963111688
1,2030,125,127,0.04876779663501189
1,2030,125,133,0.033398667868839806
1,2030,125,162,0.8425545858650314
1,2030,126,162,1.0
1,2030,127,119,0.02475118725982188
1,2030,127,120,0.018288963619570116
1,2030,127,136,0.01002123598058255
1,2030,127,143,0.01151321867855599
1,2030,127,148,0.901401494821156
1,2030,127,177,0.03402389964031362
1,2030,128,98,0.022179379464897342
1,2030,128,130,0.0748532158615224
1,2030,128,134,0.022065048240717994
1,2030,128,156,0.17662523059270094
1,2030,128,164,0.6669697153148345
1,2030,128,177,0.03730741052532684
1,2030,129,107,0.061384292034210836
1,2030,129,108,0.025175131795200735
1,2030,129,113,0.0651394295110876
1,2030,129,132,0.8483011466595008
1,2030,130,162,1.0
1,2030,131,99,0.022241163501767743
1,2030,131,126,0.8277485750960554
1,2030,131,133,0.059095803958085905
1,2030,131,147,0.033202068681517864
1,2030,131,151,0.05771238876257317
1,2030,132,133,1.0
1,2030,133,112,0.09010603474609416
1,2030,133,123,0.030185313114251645
1,2030,133,133,0.015051506018279103
1,2030,133,143,0.864657146121375
1,2030,134,128,0.058947706357893655
1,2030,134,148,0.020217576296309915
1,2030,134,152,0.06521022332210974
1,2030,134,163,0.13232191711775682
1,2030,134,178,0.7130077494846933
1,2030,134,180,0.010294827421236585
1,2030,135,105,1.0
1,2030,136,111,0.010108623075252468
1,2030,136,117,0.012704666027496207
1,2030,136,159,0.8887801483849688
1,2030,136,179,0.0884065625122825
1,2030,137,111,0.02789403599654954
1,2030,137,113,0.024397808094426335
1,2030,137,145,0.012217676120807429
1,2030,137,153,0.08647922006858284
1,2030,137,166,0.056157482153127034
1,2030,137,173,0.7928537775665069
1,2030,138,179,1.0
1,2030,139,123,0.9233042286247755
1,2030,139,126,0.013801333658688898
1,2030,139,133,0.051495568439320745
1,2030,139,145,0.0113988692772149
1,2030,140,98,1.0
1,2030,141,96,0.8029511347578759
1,2030,141,107,0.09558350010442757
1,2030,141,145,0.012017350682362237
1,2030,141,163,0.08944801445533428
1,2030,142,112,0.20176158712033918
1,2030,142,117,0.028088862287825613
1,2030,142,143,0.08214987433244858
1,2030,142,148,0.6761242963894135
1,2030,142,154,0.011875379869973104
1,2030,143,112,0.04471645332450808
1,2030,143,117,0.02698373988336386
1,2030,143,127,0.023982131565857573
1,2030,143,169,0.9043176752262705
1,2030,144,93,0.9877872583921979
1,2030,144,154,0.012212741607802068
1,2030,145,109,1.0
1,2030,146,98,0.12152377955118458
1,2030,146,110,0.046806356143502995
1,2030,146,130,0.017725495050586987
1,2030,146,145,0.8139443692547255
1,2030,147,130,1.0
1,2030,148,107,0.11338989931657088
1,2030,148,111,0.014876484510486935
1,2030,148,113,0.06044403825762853
1,2030,148,145,0.07838496086671391
1,2030,148,158,0.6888017549804943
1,2030,148,166,0.04410286206810541
1,2030,149,94,0.0247965605395995
1,2030,149,109,0.8877083658073168
1,2030,149,128,0.024773973797295366
1,2030,149,133,0.019408273656902533
1,2030,149,140,0.010683763375629193
1,2030,149,163,0.032629062823256554
1,2030,150,98,0.027821144576985406
1,2030,150,121,0.011704475859825637
1,2030,150,141,0.026786961215071004
1,2030,150,155,0.933687418348118
1,2030,151,112,0.06455960157002523
1,2030,151,121,0.019586495820300056
1,2030,151,126,0.02476140499850354
1,2030,151,127,0.04276656457259077
1,2030,151,133,0.05139150687937942
1,2030,151,155,0.76508296252396
1,2030,151,158,0.03185146363524112
1,2030,152,109,0.6207829209942376
1,2030,152,112,0.03535283458911597
1,2030,152,117,0.03766773352165723
1,2030,152,143,0.2642951541087288
1,2030,152,153,0.041901356786260356
1,2030,153,93,0.03426976530050677
1,2030,153,117,0.04146121435062614
1,2030,153,133,0.04726573574624556
1,2030,153,138,0.7847040355796883
1,2030,153,145,0.0819659623150761
1,2030,153,158,0.010333286707857211
1,2030,154,109,0.9567644515596757
1,2030,154,154,0.01699655693126358
1,2030,154,157,0.026238991509060693
1,2030,155,98,0.035065316959401106
1,2030,155,114,0.13331734934993975
1,2030,155,119,0.030031893637014584
1,2030,155,141,0.013587821709432015
1,2030,155,143,0.17731446186230168
1,2030,155,164,0.6106831564819108
1,2030,156,111,1.0
1,2030,157,99,0.02039214601673425
1,2030,157,133,0.013887310893971327
1,2030,157,154,0.027517986630592316
1,2030,157,166,0.9382025564587022
1,2030,158,113,1.0
1,2030,159,113,0.9860208641302752
1,2030,159,180,0.013979135869724709
1,2030,160,115,0.0157427767242207
1,2030,160,120,0.013776559443156594
1,2030,160,166,0.9461347116931471
1,2030,160,177,0.02434595213947574
1,2030,161,104,1.0
1,2030,162,99,0.019104175148736097
1,2030,162,151,0.01707882728267
1,2030,162,153,0.010725773613849635
1,2030,162,178,0.9530912239547442
1,2030,163,148,0.015899545935200956
1,2030,163,150,0.9543761987535982
1,2030,163,167,0.012304259189019045
1,2030,163,180,0.017419996122181737
1,2030,164,119,0.02440782166053289
1,2030,164,138,0.9575482792472536
1,2030,164,144,0.01804389909221352
1,2030,165,148,0.014797217063193143
1,2030,165,163,0.018908841790521252
1,2030,165,173,0.9363999602770204
1,2030,165,174,0.018056615998583582
1,2030,165,178,0.011837364870681613
1,2030,166,99,0.02774573546426306
1,2030,166,113,0.9363799828814977
1,2030,166,153,0.035874281654239164
1,2030,167,107,0.06642271209571521
1,2030,167,108,0.7287476595872368
1,2030,167,145,0.204829628317048
1,2030,168,128,0.05554199017785653
1,2030,168,162,0.875410580570596
1,2030,168,163,0.0690474292515476
1,2030,169,122,0.019986977017248973
1,2030,169,167,0.9800130229827511
1,2030,170,167,1.0
1,2030,171,148,0.8048007989672536
1,2030,171,172,0.02081598903944133
1,2030,171,180,0.17438321199330514
1,2030,172,134,1.0
1,2030,173,107,0.027241808316417176
1,2030,173,113,0.916765877747808
1,2030,173,114,0.05599231393577472
1,2030,174,114,0.018145480235181727
1,2030,174,166,0.9818545197648183
1,2030,175,99,0.025566556010745103
1,2030,175,151,0.03347907077297097
1,2030,175,166,0.940954373216284
1,2030,176,121,0.010909557805999956
1,2030,176,123,0.01234526975399726
1,2030,176,137,0.9767451724400028
1,2030,177,108,1.0
1,2030,178,117,0.013683278860463447
1,2030,178,124,0.9578144317997294
1,2030,178,157,0.0285022893398072
1,2030,179,148,0.9077686627878582
1,2030,179,180,0.09223133721214187
1,2030,180,148,0.885553797946507
1,2030,180,180,0.11444620205349301
1,2030,181,148,1.0
1,2030,182,148,1.0
1,2030,183,127,1.0
1,2030,184,96,0.024687501583907378
1,2030,184,107,0.05058539324084503
1,2030,184,122,0.017372674107320643
1,2030,184,128,0.041482139686176575
1,2030,184,133,0.04415697802967057
1,2030,184,155,0.752873601412881
1,2030,184,180,0.06884171193919886
1,2030,185,109,0.9402639483862406
1,2030,185,167,0.015657563357334352
1,2030,185,180,0.04407848825642501
1,2030,186,98,0.07558031366779645
1,2030,186,113,0.02702352217742311
1,2030,186,130,0.021620348439716833
1,2030,186,164,0.8757758157150636
1,2030,187,113,0.9474551872886775
1,2030,187,119,0.014814078969574589
1,2030,187,134,0.014200633652222527
1,2030,187,141,0.023530100089525385
1,2030,188,113,0.8951225289364267
1,2030,188,128,0.0215607006061198
1,2030,188,148,0.013068185620080752
1,2030,188,163,0.016323353776328525
1,2030,188,167,0.016577198635463447
1,2030,188,180,0.037348032425580796
1,2030,189,98,0.04221514297170327
1,2030,189,103,0.9445615197541349
1,2030,189,145,0.013223337274161747
1,2030,190,91,1.0
1,2030,191,118,1.0
1,2030,192,128,0.9825159524784349
1,2030,192,133,0.017484047521565085
1,2030,193,128,0.013820010433884216
1,2030,193,134,0.9691679999165572
1,2030,193,163,0.017011989649558648
1,2030,194,107,0.07305332497463993
1,2030,194,134,0.018916340472554347
1,2030,194,165,0.01765054461754724
1,2030,194,173,0.8903797899352585
1,2030,195,107,0.0777300091430199
1,2030,195,113,0.030921010291596697
1,2030,195,145,0.011422233649365425
1,2030,195,166,0.019619004773901074
1,2030,195,173,0.8603077421421169
1,2030,196,96,0.9370815070123535
1,2030,196,107,0.06291849298764651
1,2030,197,119,0.03098831145965269
1,2030,197,136,0.015875736045817542
1,2030,197,167,0.9285819301460274
1,2030,197,177,0.024554022348502402
1,2030,198,167,0.9837519477811404
1,2030,198,180,0.016248052218859665
1,2030,199,114,0.23393358199036868
1,2030,199,119,0.7660664180096314
1,2030,200,107,0.9780145069945215
1,2030,200,153,0.021985493005478494
1,2030,201,107,0.09457375424618279
1,2030,201,141,0.013542309022140386
1,2030,201,167,0.8918839367316769
1,2030,202,109,0.9578789457040656
1,2030,202,128,0.01659132924666253
1,2030,202,180,0.025529725049271847
1,2030,203,166,1.0
1,2030,204,107,0.13756228698410508
1,2030,204,113,0.8624377130158949
1,2030,205,107,1.0
1,2030,206,94,0.023522283248456802
1,2030,206,112,0.0825572478669608
1,2030,206,133,0.03617447057922775
1,2030,206,138,0.8088445380842897
1,2030,206,153,0.01552770822523845
1,2030,206,179,0.03337375199582652
1,2030,207,141,0.01051850739406137
1,2030,207,158,0.9522563515280655
1,2030,207,167,0.023851068805539413
1,2030,207,180,0.01337407227233369
1,2030,208,124,0.614444807288282
1,2030,208,128,0.07511151095352314
1,2030,208,167,0.31044368175819487
1,2030,209,98,0.026806237537883405
1,2030,209,107,0.018344080598518928
1,2030,209,141,0.03149137199981478
1,2030,209,152,0.9109241346731306
1,2030,209,167,0.01243417519065233
1,2030,210,167,1.0
1,2030,211,91,0.9485775955034176
1,2030,211,114,0.03614725302954486
1,2030,211,143,0.015275151467037494
1,2030,212,107,0.0824811176230438
1,2030,212,114,0.0506977399947266
1,2030,212,118,0.7921762697945246
1,2030,212,141,0.05883204591022244
1,2030,212,167,0.015812826677482513
1,2030,213,107,0.18596347728080562
1,2030,213,114,0.0895346486889678
1,2030,213,127,0.18666092421109717
1,2030,213,149,0.46586451455382427
1,2030,213,158,0.022907701652811942
1,2030,213,167,0.049068733612493205
1,2030,214,91,0.8229254162747133
1,2030,214,119,0.03684435824604676
1,2030,214,141,0.12609540036651531
1,2030,214,180,0.014134825112724672
1,2030,215,141,1.0
1,2030,216,121,1.0
1,2030,217,112,0.01448897971025536
1,2030,217,127,0.023270862576572866
1,2030,217,132,0.9306925710509439
1,2030,217,141,0.012488117143015868
1,2030,217,167,0.019059469519211947
1,2030,218,167,1.0
1,2030,219,91,0.9374120624137328
1,2030,219,112,0.01169711709293177
1,2030,219,163,0.022134429485023234
1,2030,219,171,0.02875639100831225
1,2030,220,114,0.1594370974768499
1,2030,220,119,0.1255134008902712
1,2030,220,143,0.013021902582127669
1,2030,220,164,0.7020275990507513
1,2030,221,113,0.9027432130993028
1,2030,221,151,0.015317910976380812
1,2030,221,157,0.035775106961186215
1,2030,221,172,0.025556428309933064
1,2030,221,180,0.020607340653197113
1,2030,222,128,0.9457267395900784
1,2030,222,180,0.05427326040992159
1,2030,223,91,0.6230394623151241
1,2030,223,93,0.011267168009753102
1,2030,223,148,0.027136637324468423
1,2030,223,152,0.28056093045115865
1,2030,223,167,0.028877739220842066
1,2030,223,180,0.02911806267865376
1,2030,224,114,0.06232086247516693
1,2030,224,119,0.0175909164212164
1,2030,224,141,0.012506104248915469
1,2030,224,148,0.9075821168547014
1,2030,225,114,1.0
1,2030,226,99,0.02827962760744183
1,2030,226,107,0.10729808115209928
1,2030,226,111,0.7749313400378834
1,2030,226,137,0.01716947318736015
1,2030,226,147,0.04208785566087388
1,2030,226,153,0.01935003191520177
1,2030,226,168,0.010883590439139742
1,2030,227,166,1.0
1,2030,228,107,0.9483839631506086
1,2030,228,122,0.01593864174810633
1,2030,228,162,0.013576745318968523
1,2030,228,174,0.010906808881135618
1,2030,228,175,0.011193840901180988
1,2030,229,154,0.01204635840949675
1,2030,229,167,0.9879536415905033
1,2030,230,148,1.0
1,2030,231,104,0.010573639171073816
1,2030,231,148,0.9894263608289261
1,2030,232,91,0.8751525370394236
1,2030,232,102,0.03260949060106752
1,2030,232,119,0.012431249500299692
1,2030,232,120,0.027493123938982802
1,2030,232,151,0.011115670269875526
1,2030,232,177,0.041197928650350844
1,2030,233,94,0.015322362187456025
1,2030,233,99,0.019666125384261393
1,2030,233,107,0.01669522383909669
1,2030,233,153,0.01112876748272729
1,2030,233,157,0.020486165827404507
1,2030,233,164,0.9167013552790542
1,2030,234,113,0.04988820790958799
1,2030,234,137,0.04481633866490665
1,2030,234,149,0.8773740860558588
1,2030,234,166,0.027921367369646538
1,2030,235,149,0.980347086811772
1,2030,235,180,0.019652913188228125
1,2030,236,107,0.10009035017072862
1,2030,236,141,0.02214690331089178
1,2030,236,150,0.8639360884909055
1,2030,236,180,0.013826658027474195
1,2030,237,112,0.03234518175242721
1,2030,237,117,0.042147365553576614
1,2030,237,120,0.02122985343310037
1,2030,237,143,0.04434930622065781
1,2030,237,178,0.859928293040238
1,2030,238,98,0.03966752361813143
1,2030,238,105,0.020281567224578297
1,2030,238,112,0.011867449520977904
1,2030,238,117,0.08710885168067127
1,2030,238,133,0.08595375759117954
1,2030,238,164,0.7551208503644616
1,2030,239,114,0.01854144642761851
1,2030,239,119,0.033685703997736335
1,2030,239,136,0.017866039977992753
1,2030,239,141,0.0205119979680817
1,2030,239,173,0.8832868948290891
1,2030,239,180,0.02610791679948165
1,2030,240,111,1.0
1,2030,241,166,1.0
1,2030,242,99,0.01170645511927452
1,2030,242,113,0.932680401669706
1,2030,242,153,0.055613143211019504
1,2030,243,99,0.02034850666060765
1,2030,243,113,0.9593072929571586
1,2030,243,151,0.020344200382233828
1,2030,244,113,1.0
1,2030,245,96,0.051660006376509054
1,2030,245,113,0.8594821102768221
1,2030,245,157,0.0709230874023524
1,2030,245,163,0.01793479594431657
1,2030,246,112,0.08167081816048723
1,2030,246,128,0.029233775735963436
1,2030,246,141,0.07853857575503055
1,2030,246,162,0.6660877382712427
1,2030,246,179,0.14446909207727607
1,2030,247,112,0.10886603927685679
1,2030,247,162,0.8183579453293095
1,2030,247,180,0.0727760153938338
1,2030,248,146,1.0
1,2030,249,151,0.09837486250628269
1,2030,249,153,0.8719593321317712
1,2030,249,180,0.0296658053619461
1,2030,250,133,0.0207925470787827
1,2030,250,153,0.9792074529212174
1,2030,251,112,0.018738877030489952
1,2030,251,133,0.08349041718360878
1,2030,251,154,0.058583085513554685
1,2030,251,176,0.8391876202723465
1,2030,252,110,0.11306668085385939
1,2030,252,130,0.8561929718159117
1,2030,252,133,0.018268876653946598
1,2030,252,153,0.012471470676282313
1,2030,253,105,0.16706044416270716
1,2030,253,117,0.11083643236035402
1,2030,253,127,0.16957041142092694
1,2030,253,150,0.38618541896155545
1,2030,253,154,0.13693346704550907
1,2030,253,158,0.02941382604894733
1,2030,254,119,0.02561774270818497
1,2030,254,136,0.014039178983715872
1,2030,254,162,0.8910885525186244
1,2030,254,177,0.06925452578947476
1,2030,255,119,0.05970526202419937
1,2030,255,141,0.074735558911984
1,2030,255,146,0.11260884068057768
1,2030,255,148,0.09177312552826354
1,2030,255,150,0.5832711209444534
1,2030,255,167,0.07790609191052197
1,2030,256,98,0.04785204058966044
1,2030,256,105,0.020669216457263315
1,2030,256,111,0.03921425246003522
1,2030,256,119,0.03157384060573742
1,2030,256,143,0.3188762560067901
1,2030,256,150,0.3928695868062175
1,2030,256,153,0.11746037239365494
1,2030,256,173,0.03148443468064111
1,2030,257,128,0.02372036307865982
1,2030,257,141,0.13165150321502045
1,2030,257,176,0.822710823764328
1,2030,257,179,0.021917309941991637
1,2030,258,96,0.8499884058068932
1,2030,258,143,0.042809664861743875
1,2030,258,161,0.024783011329789665
1,2030,258,174,0.027224735185420398
1,2030,258,175,0.02012896942338364
1,2030,258,179,0.03506521339276926
1,2030,259,98,0.053142706518534664
1,2030,259,110,0.06328272675424908
1,2030,259,131,0.06118332763018229
1,2030,259,132,0.7909147735876105
1,2030,259,133,0.03147646550942351
1,2030,260,112,0.04920194093468166
1,2030,260,118,0.745065871876683
1,2030,260,122,0.030092062528951143
1,2030,260,129,0.03897381654795765
1,2030,260,148,0.03550090577049234
1,2030,260,162,0.0732004796570654
1,2030,260,180,0.027964922684168704
1,2030,261,110,0.019207196335470703
1,2030,261,118,0.8838949197472313
1,2030,261,131,0.012341608171964828
1,2030,261,147,0.028200267734312903
1,2030,261,151,0.05635600801102036
1,2030,262,92,0.8072968000018705
1,2030,262,98,0.03701137299039737
1,2030,262,110,0.03926329347173442
1,2030,262,113,0.011545531677799087
1,2030,262,130,0.030330905104949863
1,2030,262,131,0.05542309948989402
1,2030,262,156,0.01912899726335479
1,2030,263,106,0.06960048313320172
1,2030,263,122,0.017483242110032823
1,2030,263,142,0.04977267281571919
1,2030,263,155,0.6893564182685569
1,2030,263,172,0.027088282601064002
1,2030,263,175,0.08191044750260479
1,2030,263,177,0.04224628516738487
1,2030,263,180,0.022542168401435816
1,2030,264,120,0.039466899619392176
1,2030,264,136,0.015336214938472703
1,2030,264,143,0.05738196364947512
1,2030,264,149,0.827237414913056
1,2030,264,174,0.04938326648810438
1,2030,264,177,0.011194240391499589
1,2030,265,97,0.011179006733718426
1,2030,265,115,0.03356109314770921
1,2030,265,120,0.017733608751088665
1,2030,265,129,0.019751153639962275
1,2030,265,130,0.873187827437521
1,2030,265,160,0.014620561714819477
1,2030,265,177,0.029966748575180894
1,2030,266,112,0.056748145483531985
1,2030,266,129,0.01735399047243637
1,2030,266,132,0.8330651267561442
1,2030,266,163,0.03281781519560805
1,2030,266,171,0.060014922092279294
1,2030,267,151,0.013949323651215519
1,2030,267,169,0.9860506763487845
1,2030,268,94,0.04709911840119079
1,2030,268,133,0.1569589403230578
1,2030,268,135,0.05459716825290786
1,2030,268,150,0.7195025843839965
1,2030,268,153,0.021842188638847033
1,2030,269,107,0.012621267130416386
1,2030,269,133,0.07161979574270594
1,2030,269,158,0.017540353698108562
1,2030,269,162,0.872271809767614
1,2030,269,163,0.02594677366115514
1,2030,270,98,0.017838233982548506
1,2030,270,148,0.9821617660174515
1,2030,271,93,0.9063779041607158
1,2030,271,148,0.022271622487296285
1,2030,271,174,0.012922362554926453
1,2030,271,180,0.058428110797061346
1,2030,272,109,0.6689474288425837
1,2030,272,148,0.06739565324462375
1,2030,272,162,0.05342600307763724
1,2030,272,174,0.1443349828775529
1,2030,272,180,0.0658959319576024
1,2030,273,152,0.9691551617367336
1,2030,273,177,0.030844838263266516
1,2030,274,148,0.9205222229640124
1,2030,274,175,0.035538691960782604
1,2030,274,180,0.04393908507520494
1,2030,275,136,1.0
1,2030,276,105,0.020000211521562297
1,2030,276,119,0.015216938830133964
1,2030,276,125,0.9144233390959888
1,2030,276,134,0.0294255006640964
1,2030,276,136,0.010428881504846792
1,2030,276,160,0.010505128383371684
1,2030,277,96,0.8457640020342236
1,2030,277,101,0.019373353691005735
1,2030,277,153,0.04427193772497695
1,2030,277,154,0.016963505831363107
1,2030,277,159,0.012994534969277653
1,2030,277,172,0.015814025482965687
1,2030,277,179,0.04481864026618733
1,2030,278,106,0.010678171049658274
1,2030,278,144,0.9628782913500024
1,2030,278,161,0.011620118068262393
1,2030,278,175,0.014823419532076984
1,2030,279,113,0.9451453619875843
1,2030,279,122,0.027561156584573084
1,2030,279,177,0.027293481427842593
1,2030,280,108,0.022640887919622325
1,2030,280,140,0.9773591120803776
1,2030,281,105,0.9894240343633227
1,2030,281,180,0.010575965636677362
1,2030,282,104,0.01576174401018055
1,2030,282,107,0.030864592560245357
1,2030,282,111,0.018103755849307193
1,2030,282,113,0.0425896982704718
1,2030,282,136,0.814735977908176
1,2030,282,145,0.015548592700933634
1,2030,282,154,0.014696562414566166
1,2030,282,166,0.036200017529028836
1,2030,282,176,0.011499058757090555
1,2030,283,108,0.8232348003984081
1,2030,283,113,0.012026446466387902
1,2030,283,130,0.027769690916497863
1,2030,283,134,0.03259209504505962
1,2030,283,141,0.09122202831106938
1,2030,283,145,0.013154938862577096
1,2030,284,162,0.8655012417589989
1,2030,284,180,0.13449875824100113
1,2030,285,162,1.0
1,2030,286,127,0.010698287141764629
1,2030,286,136,0.9535999149265582
1,2030,286,165,0.03570179793167728
1,2030,287,122,0.07199960669378828
1,2030,287,132,0.6010499988165201
1,2030,287,161,0.08788421674741265
1,2030,287,172,0.05545899117327576
1,2030,287,175,0.1718123540983994
1,2030,287,180,0.011794832470603868
1,2030,288,144,1.0
1,2030,289,102,0.010787919430634644
1,2030,289,130,0.9388962208401928
1,2030,289,177,0.018822327548803
1,2030,289,180,0.031493532180369536
1,2030,290,107,0.02856206024254293
1,2030,290,157,0.02224238063675853
1,2030,290,163,0.9491955591206985
1,2030,291,98,0.09997500803047299
1,2030,291,119,0.05866956558503621
1,2030,291,143,0.057930101655605436
1,2030,291,144,0.7834253247288854
1,2030,292,96,0.01722432937715237
1,2030,292,108,0.05644126768589782
1,2030,292,113,0.06828429020031604
1,2030,292,137,0.05457572503002625
1,2030,292,149,0.5657017049656686
1,2030,292,151,0.08975950176114916
1,2030,292,157,0.04274558614888975
1,2030,292,163,0.10526759483090001
1,2030,293,119,0.013235065183028357
1,2030,293,125,0.9867649348169716
1,2030,294,96,0.02657934652454327
1,2030,294,108,0.0884150511881797
1,2030,294,145,0.010095578131794826
1,2030,294,156,0.014656122573425294
1,2030,294,157,0.030211765444098992
1,2030,294,163,0.10226180503246106
1,2030,294,165,0.016952927660330446
1,2030,294,176,0.7108274034451665
1,2030,295,96,0.042084459092864096
1,2030,295,103,0.022626398002179738
1,2030,295,133,0.022519559360311258
1,2030,295,151,0.02610686516967475
1,2030,295,152,0.8211852462373437
1,2030,295,157,0.03839593763124508
1,2030,295,163,0.02708153450638152
1,2030,296,98,0.08214490206035616
1,2030,296,111,0.04271084016321023
1,2030,296,114,0.02636859050124053
1,2030,296,126,0.03863482684516564
1,2030,296,131,0.8101408404300274
1,2030,297,168,1.0
1,2030,298,106,0.9023610992143092
1,2030,298,113,0.03887049044604232
1,2030,298,130,0.03988599452557124
1,2030,298,145,0.018882415814077135
1,2030,299,92,0.8747196136909868
1,2030,299,133,0.06016089181570669
1,2030,299,157,0.06511949449330645
1,2030,300,98,0.057936739705577646
1,2030,300,131,0.09789506044810482
1,2030,300,143,0.04236632101342539
1,2030,300,144,0.01768932193047687
1,2030,300,150,0.22596922637323277
1,2030,300,156,0.16326282365643188
1,2030,300,174,0.37281119693429843
1,2030,300,177,0.022069309938452162
1,2030,301,99,0.11354065831424118
1,2030,301,125,0.7748708415521096
1,2030,301,151,0.07438820638234413
1,2030,301,161,0.03720029375130517
1,2030,302,106,0.04562435156748134
1,2030,302,112,0.03191027945165951
1,2030,302,142,0.8855439187733948
1,2030,302,154,0.03692145020746448
1,2030,303,118,1.0
1,2030,304,108,0.020364229009352006
1,2030,304,113,0.02265780931754488
1,2030,304,163,0.06762337142458863
1,2030,304,170,0.8893545902485145
1,2030,305,104,0.030302310418201393
1,2030,305,142,0.8411965094975332
1,2030,305,151,0.011533415656075505
1,2030,305,153,0.014244044985562077
1,2030,305,161,0.055577660286892636
1,2030,305,163,0.0172690212065504
1,2030,305,166,0.015284256453559039
1,2030,305,172,0.014592781495625614
1,2030,306,98,0.026890906995728058
1,2030,306,105,0.022294040474893636
1,2030,306,112,0.03396479289753416
1,2030,306,127,0.059134717283175715
1,2030,306,134,0.03892233836440861
1,2030,306,139,0.7920695830717446
1,2030,306,148,0.012911525822860828
1,2030,306,165,0.013812095089654431
1,2030,307,171,1.0
1,2030,308,98,0.12347763727822822
1,2030,308,119,0.01341636749638261
1,2030,308,120,0.8400618755457515
1,2030,308,134,0.023044119679637598
1,2030,309,124,0.7837888760532397
1,2030,309,151,0.01133240034992508
1,2030,309,157,0.014077526754473742
1,2030,309,161,0.08834575912623185
1,2030,309,163,0.05180711689248432
1,2030,309,172,0.030312808358886598
1,2030,309,175,0.020335512464758763
1,2030,310,106,0.02175332415243345
1,2030,310,152,0.8403218500190872
1,2030,310,154,0.023829350864502365
1,2030,310,180,0.114095474963977
1,2030,311,156,0.012235563540049794
1,2030,311,162,0.7044755767180343
1,2030,311,177,0.09887663560373434
1,2030,311,180,0.1844122241381815
1,2030,312,122,0.14560128778032108
1,2030,312,156,0.08897440065671054
1,2030,312,164,0.6601199151141028
1,2030,312,165,0.02782886831138301
1,2030,312,177,0.03681644074392523
1,2030,312,180,0.04065908739355748
1,2030,313,127,0.022975820619280166
1,2030,313,148,0.042294447689233
1,2030,313,152,0.01808132245930267
1,2030,313,167,0.027955467005244775
1,2030,313,175,0.8886929422269394
1,2030,314,122,0.011451295180444944
1,2030,314,129,0.9217287897916907
1,2030,314,151,0.01215545357609501
1,2030,314,160,0.02574083594636697
1,2030,314,180,0.028923625505402444
1,2030,315,99,0.04635349360899529
1,2030,315,120,0.8918105728509637
1,2030,315,129,0.015821100131752763
1,2030,315,147,0.011640589047221707
1,2030,315,154,0.034374244361066585
1,2030,316,96,0.02764258113288473
1,2030,316,103,0.014394655400506304
1,2030,316,107,0.031229633880081625
1,2030,316,140,0.011397552266926566
1,2030,316,158,0.012366380255788489
1,2030,316,168,0.872275579930633
1,2030,316,180,0.030693617133179297
1,2030,317,114,0.018425666035775393
1,2030,317,117,0.10377833969240437
1,2030,317,160,0.07653756309885885
1,2030,317,170,0.8012584311729615
1,2030,318,100,1.0
1,2030,319,94,0.19252747815716398
1,2030,319,139,0.7241678093677759
1,2030,319,180,0.08330471247505997
1,2030,320,115,0.9469020238952711
1,2030,320,154,0.042932097875551536
1,2030,320,160,0.010165878229177276
1,2030,321,120,0.042209698980263104
1,2030,321,139,0.7840741054000308
1,2030,321,143,0.09610943639030257
1,2030,321,174,0.07760675922940347
1,2030,322,161,1.0
1,2030,323,115,0.0135031069632739
1,2030,323,119,0.06120043518208185
1,2030,323,120,0.05329799236527867
1,2030,323,131,0.013000061261297996
1,2030,323,142,0.6032399641463737
1,2030,323,156,0.0372767208849349
1,2030,323,160,0.08049563655528982
1,2030,323,177,0.13798608264146933
1,2030,324,99,0.025126838694395782
1,2030,324,108,0.8953655738302461
1,2030,324,135,0.013695596602640355
1,2030,324,147,0.02719295951116915
1,2030,324,154,0.013426752687234261
1,2030,324,160,0.025192278674314422
1,2030,325,95,0.9382268108905578
1,2030,325,128,0.019955923608860525
1,2030,325,163,0.041817265500581735
1,2030,326,94,0.8808280703232813
1,2030,326,106,0.015729112905194482
1,2030,326,122,0.02459303048551861
1,2030,326,162,0.01521856270060304
1,2030,326,175,0.03408673398662271
1,2030,326,180,0.029544489598779956
1,2030,327,120,0.10497866215179351
1,2030,327,174,0.8950213378482065
1,2030,328,96,0.8783016975167582
1,2030,328,151,0.047329818044212026
1,2030,328,157,0.02055456171088667
1,2030,328,159,0.034756011087148986
1,2030,328,177,0.019057911640994175
1,2030,329,115,0.8018985149973135
1,2030,329,122,0.029551372547644963
1,2030,329,146,0.020541471221153573
1,2030,329,156,0.0200453021461918
1,2030,329,163,0.041516988193900546
1,2030,329,177,0.0864463508937956
1,2030,330,131,0.024510360385788986
1,2030,330,156,0.016688492731859652
1,2030,330,157,0.0600665132417859
1,2030,330,159,0.7648788086345015
1,2030,330,160,0.010424402350882768
1,2030,330,165,0.12343142265518113
1,2030,331,98,0.02241152570313799
1,2030,331,100,0.8424163069046676
1,2030,331,131,0.012643967494162791
1,2030,331,133,0.011661591307661897
1,2030,331,145,0.016351138962012245
1,2030,331,156,0.015919079389247245
1,2030,331,165,0.07859639023911019
1,2030,332,97,0.012620357945388523
1,2030,332,102,0.028474430182893584
1,2030,332,103,0.8755580651200346
1,2030,332,115,0.021515548211353895
1,2030,332,147,0.014359324694471773
1,2030,332,160,0.04747227384585755
1,2030,333,99,0.0589353460599965
1,2030,333,139,0.014827560455865443
1,2030,333,147,0.041721001112721104
1,2030,333,154,0.030881023096582656
1,2030,333,155,0.7592478588485972
1,2030,333,180,0.09438721042623698
1,2030,334,172,1.0
1,2030,335,108,0.9763716529819787
1,2030,335,151,0.023628347018021367
1,2030,336,142,0.8889316322994331
1,2030,336,161,0.027018656349676626
1,2030,336,163,0.03981075108719534
1,2030,336,175,0.04423896026369503
1,2030,337,147,0.016294314680165293
1,2030,337,151,0.04463611700860403
1,2030,337,159,0.9145142193436863
1,2030,337,180,0.02455534896754439
1,2030,338,111,0.013256471281591036
1,2030,338,168,0.9867435287184089
1,2030,339,94,0.8278837565215171
1,2030,339,157,0.02001233146072362
1,2030,339,163,0.1521039120177593
1,2030,340,177,1.0
1,2030,341,106,0.11785901034561487
1,2030,341,122,0.7748000809401135
1,2030,341,180,0.10734090871427156
1,2030,342,98,0.01900723039461125
1,2030,342,110,0.01999278996743962
1,2030,342,122,0.9503160728378586
1,2030,342,131,0.010683906800090577
1,2030,343,131,0.9537646864655159
1,2030,343,157,0.04623531353448412
1,2030,344,108,0.015843432399364688
1,2030,344,113,0.017250782882949477
1,2030,344,137,0.012136260273046
1,2030,344,139,0.9095437273875105
1,2030,344,151,0.027035717296977235
1,2030,344,157,0.018190079760152113
1,2030,345,116,0.7272887395869861
1,2030,345,161,0.09371999363824624
1,2030,345,172,0.07655253402205088
1,2030,345,175,0.08719773742958944
1,2030,345,180,0.01524099532312738
1,2030,346,154,0.013552730329198069
1,2030,346,156,0.9719833064211167
1,2030,346,180,0.014463963249685189
1,2030,347,101,0.8976245802830631
1,2030,347,107,0.02699582648929565
1,2030,347,108,0.023116761938777146
1,2030,347,156,0.03395359114670807
1,2030,347,157,0.01830924014215602
1,2030,348,99,0.015160459785394332
1,2030,348,137,0.8445753015519342
1,2030,348,153,0.14026423866267151
1,2030,349,157,1.0
1,2030,350,177,1.0
1,2030,351,100,0.958799713241692
1,2030,351,161,0.021478235068894895
1,2030,351,175,0.01972205168941319
1,2030,352,110,0.017056148085244763
1,2030,352,137,0.737515037990805
1,2030,352,156,0.24542881392395025
1,2030,353,154,0.015489148997410187
1,2030,353,175,0.9845108510025898
1,2030,354,102,0.8416423368167161
1,2030,354,177,0.15835766318328393
1,2030,355,99,0.02139431919081495
1,2030,355,137,0.8471267127035974
1,2030,355,151,0.10541509919672913
1,2030,355,157,0.026063868908858596
1,2030,356,99,1.0
1,2030,357,99,0.9174989092705728
1,2030,357,108,0.01186512096770943
1,2030,357,137,0.020975236345915648
1,2030,357,157,0.03304235913747018
1,2030,357,172,0.01661837427833191
1,2030,358,99,1.0
1,2030,359,99,0.9380052547235047
1,2030,359,106,0.022041354464111495
1,2030,359,143,0.02195681645369632
1,2030,359,174,0.017996574358687505
1,2030,360,154,1.0
1,2030,361,151,1.0
1,2030,362,161,0.020657107381604787
1,2030,362,168,0.960757734635404
1,2030,362,171,0.018585157982991127
1,2030,363,151,1.0
1,2030,364,99,1.0
1,2030,365,99,0.8159115204729745
1,2030,365,153,0.1605382447138477
1,2030,365,166,0.023550234813177685
