year,period,rep_period,weight,scenario
2030,1,79,1.0,0
2030,2,25,1.0,0
2030,3,77,1.0,0
2030,4,30,1.0,0
2030,5,87,1.0,0
2030,6,69,1.0,0
2030,7,128,1.0,0
2030,8,14,1.0,0
2030,9,54,1.0,0
2030,10,14,1.0,0
2030,11,147,1.0,0
2030,12,73,1.0,0
2030,13,164,1.0,0
2030,14,74,1.0,0
2030,15,74,1.0,0
2030,16,50,1.0,0
2030,17,12,1.0,0
2030,18,90,1.0,0
2030,19,73,1.0,0
2030,20,6,1.0,0
2030,21,134,1.0,0
2030,22,166,1.0,0
2030,23,76,1.0,0
2030,24,66,1.0,0
2030,25,6,1.0,0
2030,26,96,1.0,0
2030,27,157,1.0,0
2030,28,6,1.0,0
2030,29,6,1.0,0
2030,30,25,1.0,0
2030,31,157,1.0,0
2030,32,72,1.0,0
2030,33,14,1.0,0
2030,34,157,1.0,0
2030,35,16,1.0,0
2030,36,74,1.0,0
2030,37,13,1.0,0
2030,38,140,1.0,0
2030,39,69,1.0,0
2030,40,51,1.0,0
2030,41,140,1.0,0
2030,42,106,1.0,0
2030,43,146,1.0,0
2030,44,179,1.0,0
2030,45,52,1.0,0
2030,46,24,1.0,0
2030,47,10,1.0,0
2030,48,178,1.0,0
2030,49,47,1.0,0
2030,50,67,1.0,0
2030,51,67,1.0,0
2030,52,120,1.0,0
2030,53,2,1.0,0
2030,54,50,1.0,0
2030,55,166,1.0,0
2030,56,166,1.0,0
2030,57,59,1.0,0
2030,58,127,1.0,0
2030,59,26,1.0,0
2030,60,148,1.0,0
2030,61,147,1.0,0
2030,62,68,1.0,0
2030,63,33,1.0,0
2030,64,179,1.0,0
2030,65,159,1.0,0
2030,66,113,1.0,0
2030,67,3,1.0,0
2030,68,8,1.0,0
2030,69,79,1.0,0
2030,70,55,1.0,0
2030,71,166,1.0,0
2030,72,140,1.0,0
2030,73,141,1.0,0
2030,74,148,1.0,0
2030,75,148,1.0,0
2030,76,174,1.0,0
2030,77,174,1.0,0
2030,78,155,1.0,0
2030,79,174,1.0,0
2030,80,174,1.0,0
2030,81,141,1.0,0
2030,82,38,1.0,0
2030,83,172,1.0,0
2030,84,173,1.0,0
2030,85,145,1.0,0
2030,86,61,1.0,0
2030,87,124,1.0,0
2030,88,115,1.0,0
2030,89,151,1.0,0
2030,90,89,1.0,0
2030,91,89,1.0,0
2030,92,48,1.0,0
2030,93,38,1.0,0
2030,94,58,1.0,0
2030,95,65,1.0,0
2030,96,89,1.0,0
2030,97,89,1.0,0
2030,98,173,1.0,0
2030,99,89,1.0,0
2030,100,89,1.0,0
2030,101,100,1.0,0
2030,102,89,1.0,0
2030,103,64,1.0,0
2030,104,102,1.0,0
2030,105,3,1.0,0
2030,106,102,1.0,0
2030,107,131,1.0,0
2030,108,75,1.0,0
2030,109,162,1.0,0
2030,110,65,1.0,0
2030,111,93,1.0,0
2030,112,15,1.0,0
2030,113,4,1.0,0
2030,114,11,1.0,0
2030,115,11,1.0,0
2030,116,165,1.0,0
2030,117,81,1.0,0
2030,118,53,1.0,0
2030,119,131,1.0,0
2030,120,175,1.0,0
2030,121,63,1.0,0
2030,122,58,1.0,0
2030,123,34,1.0,0
2030,124,95,1.0,0
2030,125,4,1.0,0
2030,126,4,1.0,0
2030,127,63,1.0,0
2030,128,41,1.0,0
2030,129,27,1.0,0
2030,130,4,1.0,0
2030,131,60,1.0,0
2030,132,49,1.0,0
2030,133,124,1.0,0
2030,134,36,1.0,0
2030,135,178,1.0,0
2030,136,9,1.0,0
2030,137,18,1.0,0
2030,138,88,1.0,0
2030,139,131,1.0,0
2030,140,151,1.0,0
2030,141,116,1.0,0
2030,142,104,1.0,0
2030,143,109,1.0,0
2030,144,61,1.0,0
2030,145,95,1.0,0
2030,146,78,1.0,0
2030,147,100,1.0,0
2030,148,145,1.0,0
2030,149,21,1.0,0
2030,150,115,1.0,0
2030,151,115,1.0,0
2030,152,124,1.0,0
2030,153,65,1.0,0
2030,154,85,1.0,0
2030,155,45,1.0,0
2030,156,64,1.0,0
2030,157,64,1.0,0
2030,158,119,1.0,0
2030,159,89,1.0,0
2030,160,64,1.0,0
2030,161,107,1.0,0
2030,162,85,1.0,0
2030,163,46,1.0,0
2030,164,65,1.0,0
2030,165,100,1.0,0
2030,166,89,1.0,0
2030,167,180,1.0,0
2030,168,4,1.0,0
2030,169,139,1.0,0
2030,170,83,1.0,0
2030,171,139,1.0,0
2030,172,1,1.0,0
2030,173,89,1.0,0
2030,174,64,1.0,0
2030,175,64,1.0,0
2030,176,118,1.0,0
2030,177,135,1.0,0
2030,178,131,1.0,0
2030,179,63,1.0,0
2030,180,63,1.0,0
2030,181,63,1.0,0
2030,182,38,1.0,0
2030,183,143,1.0,0
2030,184,162,1.0,0
2030,185,104,1.0,0
2030,186,82,1.0,0
2030,187,40,1.0,0
2030,188,40,1.0,0
2030,189,93,1.0,0
2030,190,43,1.0,0
2030,191,122,1.0,0
2030,192,37,1.0,0
2030,193,1,1.0,0
2030,194,18,1.0,0
2030,195,64,1.0,0
2030,196,116,1.0,0
2030,197,137,1.0,0
2030,198,137,1.0,0
2030,199,84,1.0,0
2030,200,31,1.0,0
2030,201,32,1.0,0
2030,202,95,1.0,0
2030,203,64,1.0,0
2030,204,119,1.0,0
2030,205,31,1.0,0
2030,206,130,1.0,0
2030,207,116,1.0,0
2030,208,34,1.0,0
2030,209,110,1.0,0
2030,210,137,1.0,0
2030,211,142,1.0,0
2030,212,7,1.0,0
2030,213,169,1.0,0
2030,214,142,1.0,0
2030,215,19,1.0,0
2030,216,86,1.0,0
2030,217,132,1.0,0
2030,218,137,1.0,0
2030,219,125,1.0,0
2030,220,1,1.0,0
2030,221,135,1.0,0
2030,222,37,1.0,0
2030,223,83,1.0,0
2030,224,137,1.0,0
2030,225,105,1.0,0
2030,226,71,1.0,0
2030,227,119,1.0,0
2030,228,31,1.0,0
2030,229,170,1.0,0
2030,230,38,1.0,0
2030,231,38,1.0,0
2030,232,142,1.0,0
2030,233,82,1.0,0
2030,234,97,1.0,0
2030,235,65,1.0,0
2030,236,46,1.0,0
2030,237,85,1.0,0
2030,238,82,1.0,0
2030,239,82,1.0,0
2030,240,71,1.0,0
2030,241,119,1.0,0
2030,242,119,1.0,0
2030,243,174,1.0,0
2030,244,174,1.0,0
2030,245,180,1.0,0
2030,246,111,1.0,0
2030,247,38,1.0,0
2030,248,46,1.0,0
2030,249,156,1.0,0
2030,250,156,1.0,0
2030,251,17,1.0,0
2030,252,78,1.0,0
2030,253,61,1.0,0
2030,254,28,1.0,0
2030,255,46,1.0,0
2030,256,94,1.0,0
2030,257,80,1.0,0
2030,258,93,1.0,0
2030,259,15,1.0,0
2030,260,122,1.0,0
2030,261,99,1.0,0
2030,262,35,1.0,0
2030,263,168,1.0,0
2030,264,65,1.0,0
2030,265,100,1.0,0
2030,266,132,1.0,0
2030,267,58,1.0,0
2030,268,46,1.0,0
2030,269,4,1.0,0
2030,270,63,1.0,0
2030,271,61,1.0,0
2030,272,28,1.0,0
2030,273,161,1.0,0
2030,274,63,1.0,0
2030,275,136,1.0,0
2030,276,18,1.0,0
2030,277,116,1.0,0
2030,278,144,1.0,0
2030,279,40,1.0,0
2030,280,93,1.0,0
2030,281,178,1.0,0
2030,282,160,1.0,0
2030,283,40,1.0,0
2030,284,4,1.0,0
2030,285,28,1.0,0
2030,286,58,1.0,0
2030,287,132,1.0,0
2030,288,144,1.0,0
2030,289,100,1.0,0
2030,290,114,1.0,0
2030,291,58,1.0,0
2030,292,97,1.0,0
2030,293,18,1.0,0
2030,294,107,1.0,0
2030,295,56,1.0,0
2030,296,91,1.0,0
2030,297,29,1.0,0
2030,298,167,1.0,0
2030,299,35,1.0,0
2030,300,58,1.0,0
2030,301,92,1.0,0
2030,302,57,1.0,0
2030,303,122,1.0,0
2030,304,62,1.0,0
2030,305,107,1.0,0
2030,306,168,1.0,0
2030,307,129,1.0,0
2030,308,136,1.0,0
2030,309,42,1.0,0
2030,310,161,1.0,0
2030,311,4,1.0,0
2030,312,171,1.0,0
2030,313,42,1.0,0
2030,314,11,1.0,0
2030,315,108,1.0,0
2030,316,176,1.0,0
2030,317,158,1.0,0
2030,318,149,1.0,0
2030,319,177,1.0,0
2030,320,103,1.0,0
2030,321,23,1.0,0
2030,322,138,1.0,0
2030,323,121,1.0,0
2030,324,135,1.0,0
2030,325,112,1.0,0
2030,326,39,1.0,0
2030,327,53,1.0,0
2030,328,97,1.0,0
2030,329,70,1.0,0
2030,330,133,1.0,0
2030,331,44,1.0,0
2030,332,44,1.0,0
2030,333,168,1.0,0
2030,334,44,1.0,0
2030,335,135,1.0,0
2030,336,27,1.0,0
2030,337,133,1.0,0
2030,338,29,1.0,0
2030,339,39,1.0,0
2030,340,136,1.0,0
2030,341,5,1.0,0
2030,342,5,1.0,0
2030,343,91,1.0,0
2030,344,123,1.0,0
2030,345,123,1.0,0
2030,346,154,1.0,0
2030,347,20,1.0,0
2030,348,20,1.0,0
2030,349,98,1.0,0
2030,350,136,1.0,0
2030,351,44,1.0,0
2030,352,154,1.0,0
2030,353,126,1.0,0
2030,354,101,1.0,0
2030,355,20,1.0,0
2030,356,22,1.0,0
2030,357,150,1.0,0
2030,358,22,1.0,0
2030,359,163,1.0,0
2030,360,153,1.0,0
2030,361,117,1.0,0
2030,362,29,1.0,0
2030,363,117,1.0,0
2030,364,22,1.0,0
2030,365,90,1.0,0
2030,1,79,1.0,1
2030,2,25,1.0,1
2030,3,77,1.0,1
2030,4,30,1.0,1
2030,5,87,1.0,1
2030,6,69,1.0,1
2030,7,128,1.0,1
2030,8,14,1.0,1
2030,9,54,1.0,1
2030,10,14,1.0,1
2030,11,147,1.0,1
2030,12,73,1.0,1
2030,13,164,1.0,1
2030,14,74,1.0,1
2030,15,74,1.0,1
2030,16,50,1.0,1
2030,17,12,1.0,1
2030,18,90,1.0,1
2030,19,73,1.0,1
2030,20,6,1.0,1
2030,21,134,1.0,1
2030,22,73,1.0,1
2030,23,76,1.0,1
2030,24,66,1.0,1
2030,25,6,1.0,1
2030,26,96,1.0,1
2030,27,157,1.0,1
2030,28,6,1.0,1
2030,29,90,1.0,1
2030,30,25,1.0,1
2030,31,157,1.0,1
2030,32,72,1.0,1
2030,33,14,1.0,1
2030,34,157,1.0,1
2030,35,16,1.0,1
2030,36,74,1.0,1
2030,37,13,1.0,1
2030,38,140,1.0,1
2030,39,179,1.0,1
2030,40,51,1.0,1
2030,41,140,1.0,1
2030,42,106,1.0,1
2030,43,146,1.0,1
2030,44,24,1.0,1
2030,45,52,1.0,1
2030,46,24,1.0,1
2030,47,10,1.0,1
2030,48,146,1.0,1
2030,49,47,1.0,1
2030,50,67,1.0,1
2030,51,67,1.0,1
2030,52,120,1.0,1
2030,53,2,1.0,1
2030,54,50,1.0,1
2030,55,166,1.0,1
2030,56,166,1.0,1
2030,57,59,1.0,1
2030,58,127,1.0,1
2030,59,26,1.0,1
2030,60,148,1.0,1
2030,61,147,1.0,1
2030,62,68,1.0,1
2030,63,33,1.0,1
2030,64,179,1.0,1
2030,65,159,1.0,1
2030,66,113,1.0,1
2030,67,3,1.0,1
2030,68,8,1.0,1
2030,69,79,1.0,1
2030,70,55,1.0,1
2030,71,166,1.0,1
2030,72,140,1.0,1
2030,73,141,1.0,1
2030,74,46,1.0,1
2030,75,148,1.0,1
2030,76,174,1.0,1
2030,77,174,1.0,1
2030,78,155,1.0,1
2030,79,174,1.0,1
2030,80,89,1.0,1
2030,81,141,1.0,1
2030,82,38,1.0,1
2030,83,172,1.0,1
2030,84,152,1.0,1
2030,85,145,1.0,1
2030,86,46,1.0,1
2030,87,124,1.0,1
2030,88,115,1.0,1
2030,89,158,1.0,1
2030,90,89,1.0,1
2030,91,89,1.0,1
2030,92,48,1.0,1
2030,93,38,1.0,1
2030,94,58,1.0,1
2030,95,65,1.0,1
2030,96,100,1.0,1
2030,97,89,1.0,1
2030,98,89,1.0,1
2030,99,89,1.0,1
2030,100,89,1.0,1
2030,101,100,1.0,1
2030,102,89,1.0,1
2030,103,102,1.0,1
2030,104,102,1.0,1
2030,105,3,1.0,1
2030,106,102,1.0,1
2030,107,131,1.0,1
2030,108,75,1.0,1
2030,109,162,1.0,1
2030,110,65,1.0,1
2030,111,93,1.0,1
2030,112,15,1.0,1
2030,113,4,1.0,1
2030,114,11,1.0,1
2030,115,11,1.0,1
2030,116,165,1.0,1
2030,117,81,1.0,1
2030,118,53,1.0,1
2030,119,131,1.0,1
2030,120,175,1.0,1
2030,121,63,1.0,1
2030,122,58,1.0,1
2030,123,34,1.0,1
2030,124,43,1.0,1
2030,125,4,1.0,1
2030,126,28,1.0,1
2030,127,63,1.0,1
2030,128,41,1.0,1
2030,129,27,1.0,1
2030,130,4,1.0,1
2030,131,60,1.0,1
2030,132,49,1.0,1
2030,133,124,1.0,1
2030,134,36,1.0,1
2030,135,178,1.0,1
2030,136,9,1.0,1
2030,137,18,1.0,1
2030,138,88,1.0,1
2030,139,131,1.0,1
2030,140,151,1.0,1
2030,141,116,1.0,1
2030,142,104,1.0,1
2030,143,109,1.0,1
2030,144,61,1.0,1
2030,145,95,1.0,1
2030,146,78,1.0,1
2030,147,100,1.0,1
2030,148,145,1.0,1
2030,149,21,1.0,1
2030,150,115,1.0,1
2030,151,115,1.0,1
2030,152,124,1.0,1
2030,153,46,1.0,1
2030,154,85,1.0,1
2030,155,45,1.0,1
2030,156,64,1.0,1
2030,157,64,1.0,1
2030,158,89,1.0,1
2030,159,89,1.0,1
2030,160,64,1.0,1
2030,161,97,1.0,1
2030,162,85,1.0,1
2030,163,46,1.0,1
2030,164,65,1.0,1
2030,165,100,1.0,1
2030,166,89,1.0,1
2030,167,180,1.0,1
2030,168,4,1.0,1
2030,169,139,1.0,1
2030,170,83,1.0,1
2030,171,139,1.0,1
2030,172,41,1.0,1
2030,173,40,1.0,1
2030,174,64,1.0,1
2030,175,64,1.0,1
2030,176,118,1.0,1
2030,177,135,1.0,1
2030,178,42,1.0,1
2030,179,63,1.0,1
2030,180,139,1.0,1
2030,181,63,1.0,1
2030,182,38,1.0,1
2030,183,143,1.0,1
2030,184,162,1.0,1
2030,185,104,1.0,1
2030,186,82,1.0,1
2030,187,40,1.0,1
2030,188,40,1.0,1
2030,189,93,1.0,1
2030,190,43,1.0,1
2030,191,122,1.0,1
2030,192,37,1.0,1
2030,193,41,1.0,1
2030,194,18,1.0,1
2030,195,89,1.0,1
2030,196,116,1.0,1
2030,197,137,1.0,1
2030,198,137,1.0,1
2030,199,84,1.0,1
2030,200,31,1.0,1
2030,201,32,1.0,1
2030,202,142,1.0,1
2030,203,64,1.0,1
2030,204,119,1.0,1
2030,205,31,1.0,1
2030,206,130,1.0,1
2030,207,116,1.0,1
2030,208,34,1.0,1
2030,209,110,1.0,1
2030,210,38,1.0,1
2030,211,142,1.0,1
2030,212,7,1.0,1
2030,213,169,1.0,1
2030,214,142,1.0,1
2030,215,19,1.0,1
2030,216,86,1.0,1
2030,217,132,1.0,1
2030,218,137,1.0,1
2030,219,125,1.0,1
2030,220,1,1.0,1
2030,221,118,1.0,1
2030,222,37,1.0,1
2030,223,83,1.0,1
2030,224,137,1.0,1
2030,225,105,1.0,1
2030,226,71,1.0,1
2030,227,119,1.0,1
2030,228,31,1.0,1
2030,229,170,1.0,1
2030,230,38,1.0,1
2030,231,38,1.0,1
2030,232,142,1.0,1
2030,233,82,1.0,1
2030,234,97,1.0,1
2030,235,65,1.0,1
2030,236,46,1.0,1
2030,237,85,1.0,1
2030,238,82,1.0,1
2030,239,82,1.0,1
2030,240,71,1.0,1
2030,241,119,1.0,1
2030,242,119,1.0,1
2030,243,174,1.0,1
2030,244,174,1.0,1
2030,245,180,1.0,1
2030,246,111,1.0,1
2030,247,38,1.0,1
2030,248,46,1.0,1
2030,249,24,1.0,1
2030,250,156,1.0,1
2030,251,17,1.0,1
2030,252,78,1.0,1
2030,253,178,1.0,1
2030,254,28,1.0,1
2030,255,46,1.0,1
2030,256,94,1.0,1
2030,257,80,1.0,1
2030,258,93,1.0,1
2030,259,15,1.0,1
2030,260,122,1.0,1
2030,261,99,1.0,1
2030,262,20,1.0,1
2030,263,168,1.0,1
2030,264,65,1.0,1
2030,265,100,1.0,1
2030,266,132,1.0,1
2030,267,58,1.0,1
2030,268,168,1.0,1
2030,269,4,1.0,1
2030,270,63,1.0,1
2030,271,61,1.0,1
2030,272,28,1.0,1
2030,273,161,1.0,1
2030,274,63,1.0,1
2030,275,136,1.0,1
2030,276,18,1.0,1
2030,277,116,1.0,1
2030,278,144,1.0,1
2030,279,40,1.0,1
2030,280,93,1.0,1
2030,281,178,1.0,1
2030,282,160,1.0,1
2030,283,40,1.0,1
2030,284,4,1.0,1
2030,285,28,1.0,1
2030,286,58,1.0,1
2030,287,132,1.0,1
2030,288,58,1.0,1
2030,289,100,1.0,1
2030,290,114,1.0,1
2030,291,58,1.0,1
2030,292,97,1.0,1
2030,293,18,1.0,1
2030,294,107,1.0,1
2030,295,56,1.0,1
2030,296,91,1.0,1
2030,297,29,1.0,1
2030,298,167,1.0,1
2030,299,35,1.0,1
2030,300,171,1.0,1
2030,301,92,1.0,1
2030,302,57,1.0,1
2030,303,122,1.0,1
2030,304,62,1.0,1
2030,305,107,1.0,1
2030,306,168,1.0,1
2030,307,129,1.0,1
2030,308,136,1.0,1
2030,309,42,1.0,1
2030,310,161,1.0,1
2030,311,63,1.0,1
2030,312,171,1.0,1
2030,313,42,1.0,1
2030,314,11,1.0,1
2030,315,108,1.0,1
2030,316,176,1.0,1
2030,317,158,1.0,1
2030,318,149,1.0,1
2030,319,177,1.0,1
2030,320,103,1.0,1
2030,321,23,1.0,1
2030,322,138,1.0,1
2030,323,121,1.0,1
2030,324,135,1.0,1
2030,325,112,1.0,1
2030,326,39,1.0,1
2030,327,53,1.0,1
2030,328,93,1.0,1
2030,329,70,1.0,1
2030,330,133,1.0,1
2030,331,44,1.0,1
2030,332,44,1.0,1
2030,333,168,1.0,1
2030,334,44,1.0,1
2030,335,135,1.0,1
2030,336,27,1.0,1
2030,337,133,1.0,1
2030,338,29,1.0,1
2030,339,39,1.0,1
2030,340,136,1.0,1
2030,341,5,1.0,1
2030,342,5,1.0,1
2030,343,91,1.0,1
2030,344,123,1.0,1
2030,345,123,1.0,1
2030,346,62,1.0,1
2030,347,20,1.0,1
2030,348,20,1.0,1
2030,349,98,1.0,1
2030,350,136,1.0,1
2030,351,44,1.0,1
2030,352,154,1.0,1
2030,353,126,1.0,1
2030,354,101,1.0,1
2030,355,20,1.0,1
2030,356,163,1.0,1
2030,357,150,1.0,1
2030,358,22,1.0,1
2030,359,163,1.0,1
2030,360,153,1.0,1
2030,361,117,1.0,1
2030,362,29,1.0,1
2030,363,117,1.0,1
2030,364,22,1.0,1
2030,365,90,1.0,1
