year,period,rep_period,weight,scenario
2050,1,10,0.06758172740692064,0
2050,1,12,0.19206625572310498,0
2050,1,33,0.03452442120941453,0
2050,1,56,0.039408076714557455,0
2050,1,58,0.201995651706183,0
2050,1,111,0.14072958692833443,0
2050,1,120,0.323694280311485,0
2050,2,120,1.0,0
2050,3,4,0.01469633643237732,0
2050,3,18,0.04182295205666695,0
2050,3,40,0.3188259183238831,0
2050,3,65,0.1027680148768867,0
2050,3,92,0.04623744818868138,0
2050,3,112,0.05338641658064821,0
2050,3,120,0.42226291354085643,0
2050,4,10,0.258081381303483,0
2050,4,18,0.04198338735126335,0
2050,4,34,0.029594507340846656,0
2050,4,40,0.11432739730976085,0
2050,4,41,0.06775973783759756,0
2050,4,59,0.02091213026410574,0
2050,4,112,0.198792313533087,0
2050,4,120,0.26854914505985583,0
2050,5,10,1.0,0
2050,6,56,1.0,0
2050,7,10,0.11453559138003996,0
2050,7,19,0.014475992281883742,0
2050,7,29,0.07889838976590396,0
2050,7,56,0.13662209440086134,0
2050,7,58,0.1872617686663994,0
2050,7,60,0.03338801278811925,0
2050,7,111,0.15677849085270434,0
2050,7,120,0.278039659864088,0
2050,8,4,0.11965009934145496,0
2050,8,16,0.016033437998831647,0
2050,8,18,0.01597307624998246,0
2050,8,39,0.013280745817580725,0
2050,8,51,0.21993961268534387,0
2050,8,111,0.0691942956913535,0
2050,8,120,0.5459287322154528,0
2050,9,7,0.07208441142438755,0
2050,9,10,0.05295251877798103,0
2050,9,18,0.2534667233630943,0
2050,9,39,0.2332532953046931,0
2050,9,40,0.19587899845541254,0
2050,9,54,0.03168855895752436,0
2050,9,120,0.1606754937169071,0
2050,10,18,1.0,0
2050,11,7,0.07416143279322622,0
2050,11,9,0.0756313649058637,0
2050,11,18,0.32681602707938956,0
2050,11,23,0.021291209017586507,0
2050,11,40,0.12757095522526266,0
2050,11,41,0.036105797266116034,0
2050,11,120,0.3384232137125553,0
2050,12,7,0.11213359687741635,0
2050,12,10,0.09998455384099413,0
2050,12,18,0.42326238324210214,0
2050,12,40,0.04170126986809464,0
2050,12,56,0.01140606257460285,0
2050,12,120,0.31151213359679003,0
2050,13,4,0.08251802088269142,0
2050,13,7,0.08772131938000259,0
2050,13,18,0.138855693949247,0
2050,13,22,0.02704605256547991,0
2050,13,40,0.07133532796809716,0
2050,13,41,0.03860014156573253,0
2050,13,51,0.13865216544999356,0
2050,13,58,0.02766557535082763,0
2050,13,120,0.38760570288792817,0
2050,14,4,0.16185421234445593,0
2050,14,7,0.041627542227616596,0
2050,14,16,0.11234654894929699,0
2050,14,18,0.10268274552229636,0
2050,14,27,0.03547992485632993,0
2050,14,36,0.013846366746348164,0
2050,14,41,0.047704870091208836,0
2050,14,47,0.04205005957061007,0
2050,14,51,0.010541077753028358,0
2050,14,120,0.43186665193880874,0
2050,15,4,0.21517907939241937,0
2050,15,9,0.032074335491742816,0
2050,15,16,0.029469009120564,0
2050,15,18,0.18582470019943376,0
2050,15,36,0.13775915856187979,0
2050,15,40,0.08314863108086602,0
2050,15,51,0.025548203695369108,0
2050,15,54,0.10138373449231888,0
2050,15,107,0.11185651581032602,0
2050,15,120,0.07775663215508029,0
2050,16,4,0.22951974598060065,0
2050,16,9,0.10765658506818804,0
2050,16,16,0.029971435790039476,0
2050,16,22,0.03247149451005484,0
2050,16,23,0.01934620546233286,0
2050,16,36,0.08851393962394868,0
2050,16,40,0.20078883182273635,0
2050,16,52,0.05868235076435318,0
2050,16,109,0.044456878889382476,0
2050,16,111,0.06869000324981844,0
2050,16,112,0.11990252883854494,0
2050,17,4,0.12116562328425452,0
2050,17,10,0.07990554208017801,0
2050,17,12,0.13234930550316157,0
2050,17,22,0.05000933856354109,0
2050,17,23,0.05870868556363398,0
2050,17,33,0.06318613339712872,0
2050,17,36,0.0632870009787056,0
2050,17,41,0.055693634782767246,0
2050,17,48,0.09665514995533718,0
2050,17,49,0.03446601830467976,0
2050,17,55,0.027707868523515207,0
2050,17,107,0.08304796254629283,0
2050,17,109,0.010176781435696705,0
2050,17,112,0.12364095508110769,0
2050,18,4,0.13504148859817336,0
2050,18,10,0.0832836147933586,0
2050,18,11,0.18252264491848605,0
2050,18,23,0.058763206916625614,0
2050,18,26,0.01361630342448905,0
2050,18,27,0.021990025543967576,0
2050,18,35,0.2517354856992015,0
2050,18,36,0.010949620119229701,0
2050,18,51,0.16574934033149455,0
2050,18,106,0.051763678126894,0
2050,18,111,0.02458459152807986,0
2050,19,35,1.0,0
2050,20,6,0.02689983363063544,0
2050,20,9,0.05371583167686359,0
2050,20,22,0.12930365860932408,0
2050,20,28,0.02782559565573005,0
2050,20,35,0.3612773096884415,0
2050,20,60,0.047880001252912606,0
2050,20,61,0.054360324896649534,0
2050,20,62,0.015707336010709203,0
2050,20,81,0.0600134512420871,0
2050,20,106,0.0199489213358397,0
2050,20,110,0.048080738211288325,0
2050,20,111,0.15498699778951897,0
2050,21,11,0.2684216933900122,0
2050,21,31,0.02561111767808088,0
2050,21,35,0.1840309406423727,0
2050,21,36,0.08700414096680965,0
2050,21,106,0.13258450540661,0
2050,21,111,0.12503748354109298,0
2050,21,114,0.1773101183750216,0
2050,22,106,1.0,0
2050,23,3,1.0,0
2050,24,3,0.12961699010330593,0
2050,24,12,0.027952088515101142,0
2050,24,18,0.12471189245673305,0
2050,24,20,0.12016622884472203,0
2050,24,23,0.06131095059199255,0
2050,24,40,0.0282208704121807,0
2050,24,48,0.02930394704611415,0
2050,24,52,0.01687188997104652,0
2050,24,56,0.011319707983982978,0
2050,24,107,0.45052543407482104,0
2050,25,3,0.24014489686519375,0
2050,25,13,0.011351130907707762,0
2050,25,28,0.046217273685930566,0
2050,25,39,0.10634266576917484,0
2050,25,48,0.08220029083807454,0
2050,25,52,0.11480131262513188,0
2050,25,72,0.034754537144421616,0
2050,25,77,0.07432511219131314,0
2050,25,106,0.12789215549341795,0
2050,25,107,0.16197062447963398,0
2050,26,107,1.0,0
2050,27,7,0.08453424095047649,0
2050,27,16,0.020823671853323233,0
2050,27,20,0.05242296433045347,0
2050,27,28,0.07199249662816773,0
2050,27,30,0.04229871298431267,0
2050,27,34,0.04851777660359888,0
2050,27,39,0.10100726784005964,0
2050,27,52,0.07987029980039063,0
2050,27,60,0.02312910071530525,0
2050,27,72,0.013421008411975712,0
2050,27,106,0.17312490335807323,0
2050,27,107,0.13112198090566365,0
2050,27,111,0.15773557561819934,0
2050,28,4,0.04527701945291306,0
2050,28,7,0.09378129723537663,0
2050,28,12,0.03274564445790562,0
2050,28,16,0.11226990287015415,0
2050,28,18,0.0584074929845266,0
2050,28,31,0.019178511238567827,0
2050,28,47,0.02043954127904625,0
2050,28,60,0.02882559424844451,0
2050,28,107,0.5217676078065124,0
2050,28,120,0.06730738842655289,0
2050,29,4,0.12702399019342367,0
2050,29,7,0.03221653528954248,0
2050,29,9,0.289779726131084,0
2050,29,16,0.07979631643974912,0
2050,29,40,0.15210734598912876,0
2050,29,51,0.14836484073333353,0
2050,29,107,0.11879785860101437,0
2050,29,120,0.05191338662272401,0
2050,30,9,1.0,0
2050,31,3,0.08621722284524444,0
2050,31,9,0.4051046132619848,0
2050,31,11,0.09688589353703153,0
2050,31,22,0.05667854996676448,0
2050,31,23,0.018385806796706435,0
2050,31,24,0.10594011660694132,0
2050,31,35,0.07550645296933187,0
2050,31,51,0.07740862591925178,0
2050,31,87,0.01642861563495487,0
2050,31,114,0.03817498076017127,0
2050,31,116,0.023269121701617167,0
2050,32,31,1.0,0
2050,33,20,0.0922951653738167,0
2050,33,24,0.13765909033493098,0
2050,33,31,0.2936026662184779,0
2050,33,36,0.022251017282888544,0
2050,33,51,0.0334917384211036,0
2050,33,64,0.08479588625455256,0
2050,33,72,0.130207813194249,0
2050,33,94,0.02104250681598886,0
2050,33,106,0.15870002956614876,0
2050,33,120,0.02595408653784312,0
2050,34,3,0.10638112660880088,0
2050,34,11,0.18023908916651574,0
2050,34,16,0.08384523283269688,0
2050,34,30,0.01941603956825729,0
2050,34,31,0.032550334328322814,0
2050,34,58,0.11052786396227937,0
2050,34,69,0.036101610579407785,0
2050,34,73,0.012302538754640931,0
2050,34,79,0.03793700604069608,0
2050,34,86,0.08830897428905007,0
2050,34,106,0.29239018386933224,0
2050,35,3,0.11010091197382821,0
2050,35,23,0.030778637859202266,0
2050,35,31,0.07175764990249973,0
2050,35,37,0.26328141409849065,0
2050,35,52,0.13259221549712244,0
2050,35,61,0.04003366492283472,0
2050,35,64,0.048606143003230996,0
2050,35,83,0.01462827595970241,0
2050,35,101,0.10003652606432784,0
2050,35,106,0.17523219246024987,0
2050,35,113,0.012952368258510746,0
2050,36,37,1.0,0
2050,37,9,0.1689018018533371,0
2050,37,14,0.0983571173720622,0
2050,37,18,0.09437309076219101,0
2050,37,23,0.06004928122003943,0
2050,37,24,0.11162338129086861,0
2050,37,37,0.0965619343658928,0
2050,37,40,0.3355410227642958,0
2050,37,59,0.03459237037131289,0
2050,38,4,0.1023252522652312,0
2050,38,12,0.04415739030589711,0
2050,38,18,0.10482012642491834,0
2050,38,31,0.12485709291495142,0
2050,38,40,0.1245288574872595,0
2050,38,41,0.06089086908516934,0
2050,38,58,0.11089032457949538,0
2050,38,59,0.052512173634928334,0
2050,38,60,0.02266719534961221,0
2050,38,107,0.05965518909075255,0
2050,38,109,0.036968357320492286,0
2050,38,112,0.05058689728441764,0
2050,38,119,0.10514027425687472,0
2050,39,40,1.0,0
2050,40,20,1.0,0
2050,41,6,0.1839617360652536,0
2050,41,13,0.03931873095698213,0
2050,41,20,0.3279633780198993,0
2050,41,35,0.039758546744426804,0
2050,41,40,0.02409697823616746,0
2050,41,52,0.022970234298311423,0
2050,41,56,0.13092897673830722,0
2050,41,59,0.12135217431971633,0
2050,41,106,0.1096492446209358,0
2050,42,6,0.3121853243235805,0
2050,42,28,0.07643699545170514,0
2050,42,35,0.3033991544593492,0
2050,42,56,0.22763277678074967,0
2050,42,60,0.01495105758738256,0
2050,42,100,0.031807862864990204,0
2050,42,106,0.03358682853224292,0
2050,43,6,0.23036350548127116,0
2050,43,10,0.09414896734812879,0
2050,43,11,0.027504869319017806,0
2050,43,22,0.021774319732409512,0
2050,43,35,0.23929778152460002,0
2050,43,44,0.010647507549464948,0
2050,43,51,0.07095880409630792,0
2050,43,60,0.031526228384787386,0
2050,43,68,0.05030433107893614,0
2050,43,82,0.04956468688168715,0
2050,43,91,0.08476993294210411,0
2050,43,112,0.08913906566128507,0
2050,44,82,1.0,0
2050,45,72,1.0,0
2050,46,4,0.012786076049070364,0
2050,46,20,0.021697141965320375,0
2050,46,34,0.11224133102673951,0
2050,46,58,0.07206099971302571,0
2050,46,60,0.1547878158547948,0
2050,46,72,0.10596309190928677,0
2050,46,107,0.0540740191609368,0
2050,46,111,0.10420947277121868,0
2050,46,112,0.362180051549607,0
2050,47,112,1.0,0
2050,48,9,0.1700901025883263,0
2050,48,11,0.04381431139909382,0
2050,48,22,0.12916501788478213,0
2050,48,23,0.026721217681023795,0
2050,48,46,0.026106392598062467,0
2050,48,58,0.3556982980433608,0
2050,48,112,0.24840465980535054,0
2050,49,58,1.0,0
2050,50,4,0.058455682213632135,0
2050,50,12,0.11680877829648255,0
2050,50,19,0.0730820099742804,0
2050,50,51,0.1291445956063592,0
2050,50,58,0.2553156630680979,0
2050,50,60,0.02805697124040339,0
2050,50,82,0.05157584569291548,0
2050,50,111,0.06317910011093396,0
2050,50,116,0.012566059530032328,0
2050,50,120,0.21181529426686266,0
2050,51,51,1.0,0
2050,52,9,0.2935923136369142,0
2050,52,11,0.14455876440316062,0
2050,52,16,0.010544809260706552,0
2050,52,21,0.03620853567905079,0
2050,52,22,0.012460559778403987,0
2050,52,36,0.03514083175703321,0
2050,52,40,0.040453984355403275,0
2050,52,41,0.05316094781562834,0
2050,52,50,0.01715180751452929,0
2050,52,51,0.10496999869793391,0
2050,52,87,0.13740218759137138,0
2050,52,112,0.11435525950986444,0
2050,53,9,0.12517634573055042,0
2050,53,12,0.024384608351300602,0
2050,53,23,0.22610488791985175,0
2050,53,33,0.052780897369659366,0
2050,53,36,0.017779685226886152,0
2050,53,44,0.07146645454948268,0
2050,53,50,0.015430933822493243,0
2050,53,58,0.30277751331298014,0
2050,53,101,0.01763515640191293,0
2050,53,111,0.01642873659639385,0
2050,53,112,0.1300347807184888,0
2050,54,4,0.0211659275955341,0
2050,54,9,0.08861428806692677,0
2050,54,12,0.023427847434649336,0
2050,54,16,0.16196655953665712,0
2050,54,23,0.1278803509485904,0
2050,54,30,0.016197586776595257,0
2050,54,31,0.011767287779553883,0
2050,54,36,0.043335080222990215,0
2050,54,51,0.0992777538595034,0
2050,54,58,0.09126068374212895,0
2050,54,107,0.05221100131520571,0
2050,54,111,0.021328496513559832,0
2050,54,116,0.040977306655158044,0
2050,54,120,0.20058982955294694,0
2050,55,16,1.0,0
2050,56,52,1.0,0
2050,57,20,0.010594127550761338,0
2050,57,23,0.07779400213306421,0
2050,57,48,0.1318991866439333,0
2050,57,52,0.09466761556873786,0
2050,57,56,0.06610614889043764,0
2050,57,70,0.028225453736513327,0
2050,57,107,0.028294716783297456,0
2050,57,116,0.5624187486932548,0
2050,58,16,0.042542713002727064,0
2050,58,32,0.040123637407477895,0
2050,58,35,0.12344298743163788,0
2050,58,51,0.16882703523481196,0
2050,58,52,0.17238913707156264,0
2050,58,64,0.021239985216249434,0
2050,58,85,0.021694801077269087,0
2050,58,86,0.022234001564315417,0
2050,58,106,0.09431778781492442,0
2050,58,116,0.2931879141790243,0
2050,59,116,1.0,0
2050,60,4,0.12240275335328596,0
2050,60,16,0.278517710919709,0
2050,60,18,0.05811767222449385,0
2050,60,21,0.03343970735528629,0
2050,60,51,0.10877581075475136,0
2050,60,60,0.07512712589136057,0
2050,60,107,0.12497921261357597,0
2050,60,120,0.19864000688753689,0
2050,61,7,0.1056929086772697,0
2050,61,9,0.04814525432891212,0
2050,61,12,0.01653907498229457,0
2050,61,14,0.03471443801404866,0
2050,61,16,0.14630239680711607,0
2050,61,18,0.1340005587269793,0
2050,61,25,0.014725004687225254,0
2050,61,39,0.056512149162375666,0
2050,61,40,0.06721104652338838,0
2050,61,41,0.01672427053951181,0
2050,61,47,0.04725282131246871,0
2050,61,48,0.088720111684621,0
2050,61,120,0.2234599645537888,0
2050,62,7,0.31438896874473754,0
2050,62,10,0.06531473453324732,0
2050,62,12,0.13889786081840946,0
2050,62,21,0.019912340279911366,0
2050,62,39,0.044910469730191825,0
2050,62,41,0.12105456518050028,0
2050,62,43,0.05015774039798632,0
2050,62,47,0.011607543363303994,0
2050,62,51,0.10331061873885736,0
2050,62,120,0.1304451582128544,0
2050,63,7,0.2925390484230521,0
2050,63,8,0.0313491413407927,0
2050,63,10,0.05120931557758637,0
2050,63,11,0.024870699906431478,0
2050,63,16,0.20444739194142675,0
2050,63,23,0.030684723811152968,0
2050,63,29,0.014431960096560654,0
2050,63,39,0.02695347848504649,0
2050,63,48,0.04471970043287084,0
2050,63,70,0.02757793100212232,0
2050,63,72,0.1679995435053867,0
2050,63,74,0.08321706547757067,0
2050,64,3,0.2673712160145094,0
2050,64,7,0.15140174800971024,0
2050,64,12,0.0663303701528409,0
2050,64,20,0.03767201370524329,0
2050,64,23,0.03133397068272887,0
2050,64,37,0.1214788620917343,0
2050,64,52,0.08947619037839646,0
2050,64,69,0.1412874085363615,0
2050,64,77,0.013653099290309197,0
2050,64,101,0.07999512113816573,0
2050,65,3,0.1462847773463459,0
2050,65,9,0.01352286591220498,0
2050,65,10,0.1062479898220704,0
2050,65,12,0.49657586429558714,0
2050,65,48,0.032557909373529856,0
2050,65,52,0.021783924742905462,0
2050,65,58,0.0387282384969343,0
2050,65,59,0.14429843001042209,0
2050,66,12,1.0,0
2050,67,12,0.40263765167699994,0
2050,67,22,0.084004432852441,0
2050,67,29,0.02595434243762182,0
2050,67,40,0.031926867753857814,0
2050,67,58,0.10807604808802844,0
2050,67,60,0.17947796819796583,0
2050,67,112,0.12822724530522378,0
2050,67,120,0.039695443687861445,0
2050,68,3,0.011369085305621467,0
2050,68,11,0.15724908246778638,0
2050,68,12,0.0905310486068279,0
2050,68,28,0.08080756251891887,0
2050,68,43,0.035219183571750516,0
2050,68,44,0.12144620590293125,0
2050,68,58,0.132294970737208,0
2050,68,60,0.13246769679632392,0
2050,68,69,0.11986414573719112,0
2050,68,97,0.11875101835544052,0
2050,69,60,1.0,0
2050,70,28,1.0,0
2050,71,6,0.025350927902383427,0
2050,71,9,0.08186554751896022,0
2050,71,10,0.022125236799541714,0
2050,71,12,0.07214278600719912,0
2050,71,28,0.24265216731520098,0
2050,71,39,0.051781584610920736,0
2050,71,40,0.01686852108955968,0
2050,71,41,0.016352070614063036,0
2050,71,44,0.06038516475245766,0
2050,71,48,0.2502969730843188,0
2050,71,59,0.020268039038925243,0
2050,71,78,0.12895891903069967,0
2050,71,101,0.010952062235769592,0
2050,72,6,0.06368335109169947,0
2050,72,9,0.0634714260265742,0
2050,72,11,0.08770404280717284,0
2050,72,36,0.05845839481693625,0
2050,72,40,0.17476836687717298,0
2050,72,44,0.027278247173562094,0
2050,72,48,0.021727905766723437,0
2050,72,55,0.03556976420771063,0
2050,72,60,0.07073775434080232,0
2050,72,86,0.04065443311342908,0
2050,72,94,0.0715779144185895,0
2050,72,107,0.029043260776711374,0
2050,72,111,0.11922149148122793,0
2050,72,112,0.023708098835357107,0
2050,72,119,0.1123955482663308,0
2050,73,4,0.05258654611369912,0
2050,73,6,0.014044247144242362,0
2050,73,7,0.08864958232232752,0
2050,73,21,0.02353376274040775,0
2050,73,31,0.03864654055927381,0
2050,73,34,0.02456689119385657,0
2050,73,44,0.01863033046445034,0
2050,73,51,0.04847576963702069,0
2050,73,54,0.06725564734177097,0
2050,73,58,0.12363179380221952,0
2050,73,60,0.08711723140100341,0
2050,73,86,0.19203816559432374,0
2050,73,94,0.11538640725414487,0
2050,73,111,0.09147606489218182,0
2050,73,112,0.013961019539077442,0
2050,74,7,0.23529717914893933,0
2050,74,12,0.0799697707536707,0
2050,74,20,0.021826560312085633,0
2050,74,24,0.026218102722397135,0
2050,74,29,0.06586818830509086,0
2050,74,34,0.03554089677241022,0
2050,74,40,0.017025217589971307,0
2050,74,42,0.07090748047478976,0
2050,74,55,0.04450158932525601,0
2050,74,89,0.0641702711978899,0
2050,74,94,0.030574368167179636,0
2050,74,95,0.01942923293724459,0
2050,74,112,0.19095411011504304,0
2050,74,113,0.052196668793222135,0
2050,74,120,0.04552036338480979,0
2050,75,6,0.0792530082788109,0
2050,75,7,0.04534307982924904,0
2050,75,10,0.07655411680104943,0
2050,75,12,0.12081901215682962,0
2050,75,20,0.06888708386127136,0
2050,75,34,0.06428035943889526,0
2050,75,40,0.06877691351343149,0
2050,75,57,0.07412855157284139,0
2050,75,59,0.10020142145143278,0
2050,75,60,0.022454948743906352,0
2050,75,101,0.010889057379812358,0
2050,75,109,0.024066488820743172,0
2050,75,112,0.24434595815172683,0
2050,76,6,0.20861154576485122,0
2050,76,7,0.09355081302648138,0
2050,76,22,0.14974592777906143,0
2050,76,43,0.06116517343769927,0
2050,76,59,0.18309924322673604,0
2050,76,60,0.052013390979868776,0
2050,76,94,0.09092691353711273,0
2050,76,112,0.16088699224818911,0
2050,77,7,0.08560802039694446,0
2050,77,11,0.018276881923545606,0
2050,77,25,0.11866802399612013,0
2050,77,27,0.042543897273256116,0
2050,77,43,0.016853032800843867,0
2050,77,44,0.02097073083001717,0
2050,77,59,0.04500753548466071,0
2050,77,63,0.09380703769643547,0
2050,77,65,0.012375577767460181,0
2050,77,82,0.057367202629352056,0
2050,77,86,0.336043461014063,0
2050,77,89,0.010812614804366452,0
2050,77,95,0.03638524152247386,0
2050,77,96,0.010453441479740836,0
2050,77,100,0.01972613231335929,0
2050,77,110,0.03843890246208546,0
2050,77,113,0.036662265605275295,0
2050,78,86,1.0,0
2050,79,3,0.08272634558959148,0
2050,79,6,0.15902982885808592,0
2050,79,11,0.11311767846548104,0
2050,79,31,0.017203336887819713,0
2050,79,35,0.2283865547205931,0
2050,79,44,0.04101691639244555,0
2050,79,54,0.03768361567415065,0
2050,79,55,0.03593837347350834,0
2050,79,58,0.024668108321655956,0
2050,79,72,0.02373735160646655,0
2050,79,76,0.02993267060317828,0
2050,79,83,0.011525726736026249,0
2050,79,86,0.14934178997525996,0
2050,79,99,0.04569170269573737,0
2050,80,55,1.0,0
2050,81,9,0.10477500961819347,0
2050,81,13,0.0413102657485685,0
2050,81,18,0.03851438243987142,0
2050,81,20,0.06808530062874653,0
2050,81,24,0.017640291495208103,0
2050,81,26,0.017150909360150627,0
2050,81,28,0.0467599151542073,0
2050,81,42,0.0527625954049453,0
2050,81,46,0.15071876058090186,0
2050,81,51,0.07846313552709511,0
2050,81,63,0.01871893340804096,0
2050,81,86,0.18147212082768166,0
2050,81,101,0.12113455209376761,0
2050,81,119,0.0624938277126215,0
2050,82,6,0.11488935314178939,0
2050,82,11,0.14208004115507164,0
2050,82,17,0.018515221733454604,0
2050,82,44,0.013294991237739404,0
2050,82,58,0.06322397045174923,0
2050,82,60,0.35957605726735997,0
2050,82,112,0.2884203650128357,0
2050,83,11,1.0,0
2050,84,46,1.0,0
2050,85,4,0.14193782004706554,0
2050,85,6,0.1371197811438957,0
2050,85,9,0.1780661268555887,0
2050,85,10,0.02015233014977587,0
2050,85,11,0.07828886515295017,0
2050,85,23,0.013489602342169558,0
2050,85,31,0.05154685852095528,0
2050,85,48,0.13082224537470416,0
2050,85,54,0.0593596173250785,0
2050,85,55,0.09932671257298634,0
2050,85,58,0.08989004051483018,0
2050,86,24,1.0,0
2050,87,48,1.0,0
2050,88,4,0.2060670306719045,0
2050,88,7,0.2293799131300607,0
2050,88,9,0.05347251009704022,0
2050,88,18,0.08116548996669125,0
2050,88,21,0.03159241848076734,0
2050,88,24,0.01672635460925877,0
2050,88,30,0.011413852694525136,0
2050,88,41,0.02252244330762507,0
2050,88,46,0.015608670333074478,0
2050,88,51,0.1777506295369942,0
2050,88,55,0.09059442082887656,0
2050,88,107,0.06370626634318192,0
2050,88,120,0.0,0
2050,89,4,0.08860511751248049,0
2050,89,7,0.4629878002327725,0
2050,89,9,0.057220593849103815,0
2050,89,24,0.06434679557929908,0
2050,89,40,0.13273581144117982,0
2050,89,41,0.07330012770716919,0
2050,89,47,0.010899882657078842,0
2050,89,120,0.1099038710209162,0
2050,90,4,0.03211844934585151,0
2050,90,7,0.6235455706710691,0
2050,90,9,0.010331081927723548,0
2050,90,16,0.03464155185045253,0
2050,90,24,0.09356122284053413,0
2050,90,36,0.026072946231306245,0
2050,90,39,0.03607365846877309,0
2050,90,41,0.05399442030343868,0
2050,90,48,0.0548775219047162,0
2050,90,50,0.03478357645613495,0
2050,91,7,1.0,0
2050,92,7,0.3371393872373512,0
2050,92,18,0.059158997467731414,0
2050,92,24,0.06518568285402135,0
2050,92,25,0.09438605225873602,0
2050,92,39,0.05014971932622171,0
2050,92,40,0.07474335314525025,0
2050,92,42,0.03957100105245374,0
2050,92,43,0.026015164303876178,0
2050,92,57,0.04236870249930041,0
2050,92,59,0.06636544822019069,0
2050,92,109,0.14491649163486714,0
2050,93,43,1.0,0
2050,94,6,0.12956133328360572,0
2050,94,35,0.04343766949261356,0
2050,94,37,0.025304420857696575,0
2050,94,43,0.027249519076817094,0
2050,94,44,0.04127700961188166,0
2050,94,50,0.020252000813573572,0
2050,94,55,0.2626092417205368,0
2050,94,62,0.0913663030948672,0
2050,94,75,0.02849732230890404,0
2050,94,82,0.052483670132466985,0
2050,94,90,0.05954449426398869,0
2050,94,101,0.06914177050670159,0
2050,94,113,0.018026275922196147,0
2050,94,119,0.13124896891415033,0
2050,95,101,1.0,0
2050,96,3,0.01828749097664155,0
2050,96,6,0.1241364428742571,0
2050,96,14,0.09420093449554882,0
2050,96,37,0.13422026116683455,0
2050,96,43,0.10783966843968533,0
2050,96,59,0.20843725800341406,0
2050,96,86,0.07167355479408573,0
2050,96,101,0.24120438924953294,0
2050,97,59,1.0,0
2050,98,6,0.2990984151931555,0
2050,98,9,0.03424913746003377,0
2050,98,11,0.08959981791133399,0
2050,98,22,0.014479290010939366,0
2050,98,25,0.015177583981494344,0
2050,98,26,0.021197488021322434,0
2050,98,28,0.1314293548620488,0
2050,98,34,0.034752964873836084,0
2050,98,52,0.061530741510707795,0
2050,98,59,0.26394022145028667,0
2050,98,92,0.03454498472484131,0
2050,99,6,1.0,0
2050,100,6,0.3787898789239892,0
2050,100,11,0.07327237367270062,0
2050,100,28,0.09925945437217443,0
2050,100,34,0.022161532924444144,0
2050,100,42,0.10445387494461636,0
2050,100,53,0.02232880419824026,0
2050,100,91,0.13798648524864227,0
2050,100,117,0.033653111528650165,0
2050,100,119,0.12809448418654248,0
2050,101,42,1.0,0
2050,102,6,0.04367500822939392,0
2050,102,19,0.03776947932050087,0
2050,102,25,0.0721338511752993,0
2050,102,34,0.2407587185906616,0
2050,102,40,0.02468113724606579,0
2050,102,44,0.05990370869279336,0
2050,102,47,0.06866327347542617,0
2050,102,55,0.14039181864474737,0
2050,102,58,0.01692679681321603,0
2050,102,60,0.09319518528166511,0
2050,102,111,0.20190102253023046,0
2050,103,34,1.0,0
2050,104,4,0.0408070007874833,0
2050,104,7,0.07603022160170073,0
2050,104,19,0.06848779838302374,0
2050,104,25,0.171195812759615,0
2050,104,29,0.07895791779442173,0
2050,104,34,0.251348219754351,0
2050,104,42,0.06146153756467422,0
2050,104,44,0.01042544370913613,0
2050,104,47,0.01916239265968464,0
2050,104,58,0.09339767103612226,0
2050,104,60,0.1287259839497873,0
2050,105,2,0.040490159800206524,0
2050,105,7,0.09568759204115473,0
2050,105,25,0.21455537185418525,0
2050,105,29,0.1566945198884831,0
2050,105,34,0.16575965013427274,0
2050,105,42,0.013490818847258241,0
2050,105,44,0.08104461453303814,0
2050,105,59,0.05172077486134967,0
2050,105,60,0.07782210622838115,0
2050,105,94,0.10273439181167038,0
2050,106,2,0.03081633053455623,0
2050,106,25,0.019636721272018348,0
2050,106,34,0.10934828478550984,0
2050,106,40,0.08225041763460209,0
2050,106,44,0.2792314681161571,0
2050,106,55,0.01573604179094028,0
2050,106,59,0.21939345796174833,0
2050,106,94,0.013602461335372469,0
2050,106,112,0.05279919335711351,0
2050,106,119,0.17718562321198175,0
2050,107,9,0.012621282233752727,0
2050,107,12,0.1410820185165373,0
2050,107,13,0.010513985161342873,0
2050,107,25,0.08110928781387185,0
2050,107,41,0.05937418707128244,0
2050,107,44,0.1667946379540976,0
2050,107,46,0.0773976837528606,0
2050,107,50,0.027890583208061485,0
2050,107,55,0.045220075764426895,0
2050,107,101,0.0953837469974738,0
2050,107,109,0.048160491541556334,0
2050,107,119,0.23445201998473617,0
2050,108,7,0.12324420758447184,0
2050,108,9,0.07554261554204517,0
2050,108,11,0.0351031187912891,0
2050,108,14,0.029718921655183198,0
2050,108,25,0.11075857702283332,0
2050,108,32,0.044938545894285836,0
2050,108,39,0.03038429776813544,0
2050,108,42,0.04738055165971454,0
2050,108,43,0.06479329438823708,0
2050,108,50,0.05910148076967346,0
2050,108,78,0.030827638226062177,0
2050,108,98,0.021546593811865366,0
2050,108,101,0.1392852670056877,0
2050,108,119,0.18737488988051576,0
2050,109,119,1.0,0
2050,110,6,0.1747349124495699,0
2050,110,11,0.04071021780409037,0
2050,110,25,0.2973712361724481,0
2050,110,34,0.06226897083557615,0
2050,110,39,0.010188225147384348,0
2050,110,40,0.12567356442126096,0
2050,110,41,0.023869179010835583,0
2050,110,44,0.1497836235364545,0
2050,110,59,0.018437046644504046,0
2050,110,92,0.03856178943074607,0
2050,110,119,0.05840123454712993,0
2050,111,25,1.0,0
2050,112,6,0.07119472024806076,0
2050,112,19,0.016253943805587683,0
2050,112,25,0.2865976834320115,0
2050,112,27,0.0666555842966779,0
2050,112,42,0.152255626650761,0
2050,112,60,0.04245871597726923,0
2050,112,100,0.024244995882198316,0
2050,112,118,0.026582721530603832,0
2050,112,119,0.3137560081768297,0
2050,113,2,0.11732941151549393,0
2050,113,6,0.1564316178110809,0
2050,113,17,0.10261233188282023,0
2050,113,34,0.08153867960445933,0
2050,113,44,0.2863518474570928,0
2050,113,59,0.14266680687187805,0
2050,113,101,0.01601168951108618,0
2050,113,119,0.09705761534608864,0
2050,114,44,1.0,0
2050,115,8,0.08497916523117681,0
2050,115,25,0.045604275909248884,0
2050,115,30,0.08567130698212816,0
2050,115,42,0.1658982131067407,0
2050,115,44,0.12498696171294003,0
2050,115,46,0.04135124025171494,0
2050,115,49,0.10540178668069793,0
2050,115,76,0.024287452493694055,0
2050,115,86,0.13274710262469197,0
2050,115,115,0.1169179282380406,0
2050,115,116,0.07215456676892593,0
2050,116,11,0.0631491224934073,0
2050,116,25,0.06116697644295188,0
2050,116,30,0.06079279926119983,0
2050,116,44,0.19921382377670244,0
2050,116,50,0.048738569938985433,0
2050,116,71,0.08009171772267724,0
2050,116,86,0.017607312288152724,0
2050,116,87,0.10511456442885515,0
2050,116,100,0.06828347495541945,0
2050,116,106,0.1365411092404722,0
2050,116,118,0.03781016093729656,0
2050,116,119,0.12149036851387977,0
2050,117,8,0.0932341623262613,0
2050,117,25,0.14390384520101826,0
2050,117,26,0.034764599256330755,0
2050,117,42,0.01633371404614284,0
2050,117,43,0.07265431351235944,0
2050,117,46,0.1288134773684121,0
2050,117,48,0.039019795642016186,0
2050,117,50,0.011117023518172545,0
2050,117,52,0.02622661637577472,0
2050,117,75,0.21005964305900146,0
2050,117,78,0.05795339571843408,0
2050,117,87,0.01236191158313524,0
2050,117,101,0.15355750239294108,0
2050,118,3,0.04075306065610722,0
2050,118,7,0.17132808662100996,0
2050,118,8,0.1173811362082186,0
2050,118,14,0.034190231091247206,0
2050,118,25,0.12089026380101682,0
2050,118,42,0.07655980659631331,0
2050,118,43,0.08641931423413411,0
2050,118,44,0.11831688255744861,0
2050,118,50,0.022785223905999658,0
2050,118,75,0.11855339496459662,0
2050,118,91,0.09282259936390791,0
2050,119,2,0.08500371858193297,0
2050,119,6,0.06959330650943311,0
2050,119,7,0.19779076513723004,0
2050,119,12,0.035975686874324724,0
2050,119,19,0.017074115809282968,0
2050,119,25,0.045564041322853126,0
2050,119,32,0.0379259397460726,0
2050,119,42,0.02214532002031084,0
2050,119,43,0.04359449200050459,0
2050,119,44,0.1533667043057471,0
2050,119,47,0.03930942819456427,0
2050,119,60,0.10295505624164153,0
2050,119,70,0.039933325928250205,0
2050,119,75,0.037838133914860815,0
2050,119,115,0.07192996541299101,0
2050,120,6,0.04481411361506306,0
2050,120,8,0.06114407475299451,0
2050,120,21,0.10615885103480627,0
2050,120,30,0.19917049832943107,0
2050,120,38,0.15656989929965145,0
2050,120,42,0.054889998646048495,0
2050,120,44,0.04768497648139901,0
2050,120,50,0.08498867786416765,0
2050,120,53,0.19082457919103002,0
2050,120,108,0.053754330785408394,0
2050,121,50,1.0,0
2050,122,15,0.10529961230499787,0
2050,122,26,0.025371452087165104,0
2050,122,30,0.12992257817987432,0
2050,122,41,0.04573725555341078,0
2050,122,43,0.030998745123260077,0
2050,122,44,0.17209183307859052,0
2050,122,50,0.23955590515592812,0
2050,122,53,0.20166749331229852,0
2050,122,68,0.017720649285537158,0
2050,122,93,0.03163447591893754,0
2050,123,8,1.0,0
2050,124,30,1.0,0
2050,125,2,0.01814305584268175,0
2050,125,7,0.03525281774394883,0
2050,125,8,0.13694002735096572,0
2050,125,15,0.058711098243294145,0
2050,125,16,0.07022678757402381,0
2050,125,18,0.059910387696614616,0
2050,125,21,0.10037426229615042,0
2050,125,38,0.3036788128848628,0
2050,125,47,0.21676275036745796,0
2050,126,47,1.0,0
2050,127,2,0.2497415024702123,0
2050,127,15,0.11454595678400308,0
2050,127,19,0.021099213097654276,0
2050,127,30,0.16054774851207917,0
2050,127,38,0.2719367399342433,0
2050,127,49,0.08792588721031071,0
2050,127,53,0.0568966516488917,0
2050,127,96,0.03730630034260549,0
2050,128,53,1.0,0
2050,129,38,1.0,0
2050,130,15,1.0,0
2050,131,8,0.04072941682981974,0
2050,131,12,0.021429655364493396,0
2050,131,15,0.4123290764926843,0
2050,131,19,0.1726514726371289,0
2050,131,38,0.2650690681415335,0
2050,131,47,0.022145660449247383,0
2050,131,53,0.017073053410490365,0
2050,131,56,0.010606571481022382,0
2050,131,97,0.03796602519358009,0
2050,132,2,0.2738663379311634,0
2050,132,15,0.1993773337602964,0
2050,132,19,0.2356050672309191,0
2050,132,38,0.02937198662197962,0
2050,132,47,0.20165661180823452,0
2050,132,53,0.06012266264740711,0
2050,133,2,1.0,0
2050,134,11,0.09444586066192094,0
2050,134,15,0.11736701846299738,0
2050,134,26,0.09757129179231075,0
2050,134,47,0.04564009681643965,0
2050,134,49,0.15161567064588488,0
2050,134,50,0.09302128686551288,0
2050,134,53,0.14063260945604109,0
2050,134,64,0.011547502317950126,0
2050,134,76,0.20201823660988086,0
2050,134,99,0.04614042637106152,0
2050,134,118,0.0,0
2050,135,26,1.0,0
2050,136,8,0.2560331737700678,0
2050,136,15,0.09571973068866697,0
2050,136,16,0.019391117086619263,0
2050,136,17,0.10908572865739159,0
2050,136,19,0.0173049790272955,0
2050,136,26,0.1345151608026569,0
2050,136,38,0.12276243830759795,0
2050,136,42,0.03662990862059215,0
2050,136,54,0.05091214348567592,0
2050,136,58,0.03189109467828921,0
2050,136,79,0.12575452487514666,0
2050,137,2,0.10270861861203599,0
2050,137,15,0.16699461472358132,0
2050,137,17,0.04883965985306732,0
2050,137,19,0.11114558943350787,0
2050,137,21,0.04229145073154484,0
2050,137,30,0.09140322794043199,0
2050,137,33,0.019392524510435414,0
2050,137,34,0.09306652590412702,0
2050,137,49,0.03399053777249507,0
2050,137,74,0.049989543798555,0
2050,137,77,0.02098058430960705,0
2050,137,94,0.05386004213485437,0
2050,137,105,0.017821747372827615,0
2050,137,108,0.11941689125610687,0
2050,137,112,0.028098441646822164,0
2050,138,2,0.10171939214051519,0
2050,138,8,0.09887327473160591,0
2050,138,15,0.04510569461256,0
2050,138,19,0.02143901285711213,0
2050,138,21,0.056509734374740765,0
2050,138,26,0.05250328375538156,0
2050,138,32,0.15195170400754787,0
2050,138,44,0.08122192319409047,0
2050,138,47,0.1273069907229331,0
2050,138,53,0.03097620992761754,0
2050,138,54,0.1343369058927538,0
2050,138,75,0.09805587378314169,0
2050,139,7,0.09939392319817521,0
2050,139,16,0.023106807452802886,0
2050,139,19,0.085190887975611,0
2050,139,21,0.139052203541546,0
2050,139,26,0.15224954379816258,0
2050,139,30,0.287401603235565,0
2050,139,32,0.011435915937783828,0
2050,139,38,0.04189767595750461,0
2050,139,47,0.10120236781332145,0
2050,139,74,0.05906907108952745,0
2050,140,5,0.07852620433789188,0
2050,140,7,0.014144702280874473,0
2050,140,8,0.05668502665416027,0
2050,140,14,0.051102719765088164,0
2050,140,15,0.061672201775415554,0
2050,140,26,0.23730253523525532,0
2050,140,38,0.05703145078595456,0
2050,140,49,0.0256156937238246,0
2050,140,50,0.12241438508971694,0
2050,140,90,0.07717339783984122,0
2050,140,103,0.029300690560649347,0
2050,140,110,0.06836297882225581,0
2050,140,118,0.12066801312907188,0
2050,141,7,0.04240364963537556,0
2050,141,8,0.03060068782545249,0
2050,141,14,0.03690546000067538,0
2050,141,26,0.16879226152453852,0
2050,141,49,0.2501895714440319,0
2050,141,50,0.10966113994196106,0
2050,141,57,0.014254482826007725,0
2050,141,80,0.03724144191312893,0
2050,141,83,0.04029897092261456,0
2050,141,87,0.06623490531539519,0
2050,141,103,0.12743725022897215,0
2050,141,118,0.07598017842184646,0
2050,142,49,1.0,0
2050,143,2,0.09706239953600246,0
2050,143,11,0.07283469132519918,0
2050,143,20,0.011398466763437884,0
2050,143,22,0.05572509407493816,0
2050,143,26,0.06816363217753245,0
2050,143,27,0.019167222221058648,0
2050,143,47,0.06966853341813976,0
2050,143,49,0.13589756569026357,0
2050,143,59,0.06167124615537531,0
2050,143,67,0.076827908391582,0
2050,143,87,0.054926291169032485,0
2050,143,108,0.08923654654096713,0
2050,143,118,0.18742040253647096,0
2050,144,118,1.0,0
2050,145,5,0.055844927890553925,0
2050,145,11,0.05006332938098888,0
2050,145,27,0.012409016938327059,0
2050,145,49,0.023557503668031717,0
2050,145,53,0.15978387150848397,0
2050,145,67,0.13003153673323717,0
2050,145,68,0.011639366663580482,0
2050,145,75,0.20042767325317232,0
2050,145,84,0.019966482912657558,0
2050,145,118,0.33627629105096685,0
2050,146,5,0.25483070627515875,0
2050,146,8,0.06001230729863122,0
2050,146,15,0.12052873113678132,0
2050,146,21,0.05600694042210265,0
2050,146,25,0.04377986207900184,0
2050,146,33,0.04300459163378657,0
2050,146,34,0.06303180339940272,0
2050,146,49,0.08822037277155724,0
2050,146,78,0.019765939465106155,0
2050,146,118,0.2508187455184714,0
2050,147,7,0.0503344670792717,0
2050,147,15,0.2912503414230888,0
2050,147,17,0.022443865020975676,0
2050,147,25,0.12031252947166425,0
2050,147,33,0.03362853124368047,0
2050,147,34,0.05088752258257472,0
2050,147,49,0.10326640838822927,0
2050,147,59,0.01573297896452024,0
2050,147,77,0.016577527252711423,0
2050,147,78,0.14080963679331798,0
2050,147,93,0.07677843366495751,0
2050,147,110,0.07797775811500805,0
2050,147,118,0.0,0
2050,148,8,0.016276413819825135,0
2050,148,12,0.011018367047630808,0
2050,148,19,0.26845757679709403,0
2050,148,29,0.08054561738414186,0
2050,148,30,0.0709798229069085,0
2050,148,38,0.19342069472670956,0
2050,148,42,0.05993442799964252,0
2050,148,49,0.03336193020675702,0
2050,148,56,0.018957059686676592,0
2050,148,75,0.1672385801748812,0
2050,148,98,0.0244011093474846,0
2050,148,102,0.03705015822711054,0
2050,148,105,0.018358241675137613,0
2050,149,8,0.05902387108785461,0
2050,149,19,0.1736316255178226,0
2050,149,26,0.020854645441672644,0
2050,149,38,0.09075276692312897,0
2050,149,45,0.08900755418712288,0
2050,149,47,0.10974924327348885,0
2050,149,53,0.08398470214348873,0
2050,149,73,0.06318909059922763,0
2050,149,84,0.23007544329866794,0
2050,149,90,0.01567152088940031,0
2050,149,99,0.02394680131730599,0
2050,149,108,0.04011273532081893,0
2050,149,118,0.0,0
2050,150,108,1.0,0
2050,151,4,0.10481043763280884,0
2050,151,8,0.0519499409335484,0
2050,151,19,0.14425834132631501,0
2050,151,32,0.06769431317878327,0
2050,151,47,0.3124578087673989,0
2050,151,85,0.03187281495639682,0
2050,151,108,0.2869563432047487,0
2050,152,2,0.1087533089564614,0
2050,152,4,0.032438233997436415,0
2050,152,19,0.17320223969885443,0
2050,152,45,0.0949741838991392,0
2050,152,47,0.2544499537453724,0
2050,152,79,0.07932869444908235,0
2050,152,108,0.14992621173174736,0
2050,152,111,0.07700619772291477,0
2050,152,118,0.029920975798991733,0
2050,153,4,0.025006663607901432,0
2050,153,16,0.025824093084279073,0
2050,153,19,0.17987760066140793,0
2050,153,21,0.06688498769417787,0
2050,153,38,0.23062305236961403,0
2050,153,42,0.06351078777482294,0
2050,153,47,0.15500078859826333,0
2050,153,85,0.0811636412090657,0
2050,153,108,0.11505662066469821,0
2050,153,115,0.05705176433576949,0
2050,154,2,0.3735413418958376,0
2050,154,19,0.10941877031789277,0
2050,154,36,0.18425386001774563,0
2050,154,60,0.025719036626969453,0
2050,154,108,0.2366399501752179,0
2050,154,111,0.07042704096633663,0
2050,155,2,0.2518084656450537,0
2050,155,6,0.031315757763994485,0
2050,155,11,0.036639105639661676,0
2050,155,19,0.021898648461502287,0
2050,155,22,0.06625572389945902,0
2050,155,34,0.027492408810801665,0
2050,155,44,0.12774187477018678,0
2050,155,45,0.2017476794450416,0
2050,155,53,0.15984683245633627,0
2050,155,81,0.010022634826095712,0
2050,155,108,0.06523086828186678,0
2050,156,2,0.037530666798785556,0
2050,156,8,0.19100894246968342,0
2050,156,15,0.054327208610902636,0
2050,156,19,0.3222112896180332,0
2050,156,45,0.07194493977435526,0
2050,156,76,0.11420880795457601,0
2050,156,80,0.11809449926870784,0
2050,156,98,0.06237638642496273,0
2050,156,103,0.028297259079993274,0
2050,157,19,1.0,0
2050,158,2,0.31912245577480985,0
2050,158,4,0.019593772447976523,0
2050,158,6,0.04408289539553923,0
2050,158,19,0.3593604182867791,0
2050,158,47,0.016762360603375836,0
2050,158,59,0.014016934901515723,0
2050,158,76,0.0246234986048277,0
2050,158,81,0.03895373740177788,0
2050,158,90,0.07399045409375535,0
2050,158,112,0.01187738582956717,0
2050,158,119,0.07761608666007576,0
2050,159,2,0.04768367538093735,0
2050,159,4,0.018027978605504424,0
2050,159,14,0.06643095753191337,0
2050,159,19,0.05976853187997025,0
2050,159,21,0.0842755961014608,0
2050,159,38,0.05081865547083266,0
2050,159,44,0.036460492766051664,0
2050,159,47,0.21202587403978757,0
2050,159,53,0.16146139879806973,0
2050,159,76,0.11178686434574166,0
2050,159,84,0.025080378920675744,0
2050,159,88,0.11326658820736034,0
2050,159,94,0.012913007951694462,0
2050,159,108,0.0,0
2050,160,5,0.049579941490782584,0
2050,160,8,0.017645470411255325,0
2050,160,14,0.036549192736897884,0
2050,160,21,0.016176017446656393,0
2050,160,27,0.08025492725807797,0
2050,160,38,0.15325523096264,0
2050,160,47,0.16878383459810392,0
2050,160,50,0.04293109369754101,0
2050,160,57,0.025287232121913937,0
2050,160,88,0.3508441884356696,0
2050,160,100,0.058692870840461216,0
2050,161,2,0.04569359265407498,0
2050,161,14,0.02308493681414608,0
2050,161,19,0.05716333043237035,0
2050,161,27,0.13623745092939535,0
2050,161,38,0.14209406729396815,0
2050,161,45,0.08200785944795166,0
2050,161,47,0.1189105863158378,0
2050,161,49,0.06884686176750368,0
2050,161,53,0.06911178377840942,0
2050,161,92,0.08449618598393085,0
2050,161,100,0.05804659685580293,0
2050,161,104,0.0446349480461208,0
2050,161,108,0.06967179968048809,0
2050,162,4,0.02762709716242768,0
2050,162,19,0.05533970379192854,0
2050,162,27,0.039639603684666326,0
2050,162,29,0.030302475813632386,0
2050,162,38,0.051859927736590455,0
2050,162,44,0.1262013054929577,0
2050,162,45,0.16282052311905296,0
2050,162,47,0.09399722174202864,0
2050,162,53,0.03179215378018234,0
2050,162,71,0.18494741871245005,0
2050,162,76,0.06712946889848534,0
2050,162,93,0.021603856108835372,0
2050,162,100,0.026954116609641997,0
2050,162,104,0.07978512734712022,0
2050,163,24,0.04610423979280595,0
2050,163,36,0.010208408844889947,0
2050,163,38,0.049656118335890995,0
2050,163,45,0.14999516898510987,0
2050,163,49,0.01082708538491149,0
2050,163,50,0.06948564608400003,0
2050,163,53,0.05584752223298547,0
2050,163,57,0.01112983449943854,0
2050,163,63,0.05107226920396014,0
2050,163,71,0.32251970155730725,0
2050,163,88,0.10073100957276067,0
2050,163,91,0.010781734689074694,0
2050,163,102,0.030496765980608596,0
2050,163,104,0.03420200327763541,0
2050,163,118,0.04694249155862101,0
2050,164,27,0.03912921801094491,0
2050,164,32,0.01541922643947046,0
2050,164,36,0.040282106821054244,0
2050,164,38,0.08623056789204532,0
2050,164,42,0.02985872469653767,0
2050,164,49,0.06178174075088214,0
2050,164,57,0.2146464021170958,0
2050,164,63,0.026019152973753103,0
2050,164,71,0.08350435347542881,0
2050,164,75,0.1865858576756557,0
2050,164,84,0.06816225975752606,0
2050,164,87,0.07001141031999318,0
2050,164,88,0.019297508634307098,0
2050,164,104,0.05907147043530554,0
2050,165,2,0.16212718730599066,0
2050,165,44,0.08327875447050273,0
2050,165,57,0.06040469229590511,0
2050,165,59,0.08272563401789725,0
2050,165,81,0.26262339162925014,0
2050,165,94,0.05004792243165617,0
2050,165,102,0.12069540382872884,0
2050,165,117,0.16695079785220038,0
2050,165,119,0.011146216167868745,0
2050,166,2,0.1772217478523261,0
2050,166,5,0.1060124233465791,0
2050,166,22,0.03221994140333465,0
2050,166,25,0.059449500899493864,0
2050,166,27,0.041919227372277275,0
2050,166,36,0.029257630509983524,0
2050,166,45,0.04049254413039556,0
2050,166,49,0.06289225954218128,0
2050,166,63,0.056560112373328864,0
2050,166,67,0.02908824479556866,0
2050,166,78,0.01767850158260988,0
2050,166,80,0.05563057731377025,0
2050,166,81,0.045133670786883844,0
2050,166,94,0.11745512461632523,0
2050,166,102,0.0505339728229241,0
2050,166,108,0.022433216000298097,0
2050,166,109,0.05602130465171976,0
2050,167,2,0.08076715772291887,0
2050,167,5,0.07590070748105629,0
2050,167,11,0.04291313676340967,0
2050,167,26,0.03901446623633677,0
2050,167,27,0.013767140803369137,0
2050,167,45,0.10976136386232331,0
2050,167,47,0.021537451870012683,0
2050,167,49,0.01284649304422548,0
2050,167,52,0.030869805347519076,0
2050,167,78,0.1393557950624418,0
2050,167,80,0.060886706321355843,0
2050,167,100,0.06145736876744823,0
2050,167,110,0.10988749867504384,0
2050,167,118,0.20103490804253898,0
2050,168,7,0.06590397981970021,0
2050,168,8,0.05611624901264855,0
2050,168,16,0.030688017861566157,0
2050,168,19,0.06312974519829538,0
2050,168,33,0.09922405521641438,0
2050,168,47,0.02631511021481736,0
2050,168,49,0.30733942206247816,0
2050,168,57,0.03011834643859872,0
2050,168,74,0.07505460882460696,0
2050,168,98,0.06170154861289681,0
2050,168,103,0.13862732774897263,0
2050,168,110,0.04578158898900465,0
2050,169,2,0.035737489165340586,0
2050,169,19,0.18468762658376894,0
2050,169,20,0.017820706559444996,0
2050,169,21,0.023444017196107912,0
2050,169,23,0.05914119241351449,0
2050,169,36,0.01656862654410649,0
2050,169,38,0.018260687413748804,0
2050,169,47,0.0631413690111424,0
2050,169,54,0.021560351868778475,0
2050,169,57,0.09975368880058533,0
2050,169,59,0.07121771272236697,0
2050,169,75,0.11818372111460308,0
2050,169,80,0.09418909722751906,0
2050,169,94,0.11992718435856545,0
2050,169,99,0.02107406156213912,0
2050,169,120,0.03529246745826795,0
2050,170,2,0.041066227374952705,0
2050,170,5,0.057746418036678335,0
2050,170,19,0.02297564155406055,0
2050,170,21,0.033346512808629596,0
2050,170,38,0.09762895639326649,0
2050,170,40,0.028856334330453825,0
2050,170,51,0.027400871634791945,0
2050,170,75,0.021901136929490538,0
2050,170,79,0.030558238269165247,0
2050,170,80,0.3212443642896381,0
2050,170,88,0.05309214696401215,0
2050,170,94,0.12767921130863344,0
2050,170,99,0.024109681233973713,0
2050,170,103,0.09766874328147576,0
2050,170,113,0.014725515590777468,0
2050,171,80,1.0,0
2050,172,75,1.0,0
2050,173,88,1.0,0
2050,174,57,1.0,0
2050,175,2,0.24049684819200307,0
2050,175,17,0.20520537828757204,0
2050,175,57,0.19479544405280017,0
2050,175,60,0.0639247997341897,0
2050,175,80,0.028816110246978385,0
2050,175,81,0.09564893809180953,0
2050,175,92,0.024816786529554474,0
2050,175,93,0.019526767209477606,0
2050,175,94,0.12676892765561493,0
2050,176,2,0.11149022015396517,0
2050,176,6,0.16107939811251717,0
2050,176,17,0.013014222644561422,0
2050,176,22,0.026600876329657595,0
2050,176,45,0.0782487777964259,0
2050,176,81,0.026757373660791804,0
2050,176,93,0.21669658651971743,0
2050,176,94,0.016601987780961593,0
2050,176,102,0.30602527123926504,0
2050,176,117,0.04348528576213691,0
2050,177,93,1.0,0
2050,178,5,0.11795009497256509,0
2050,178,26,0.03294060832815726,0
2050,178,32,0.09241013804573142,0
2050,178,35,0.011795014762082704,0
2050,178,38,0.010283209380184217,0
2050,178,75,0.22011447745849955,0
2050,178,84,0.041779141551852646,0
2050,178,93,0.09174076262639974,0
2050,178,98,0.0617043271497441,0
2050,178,99,0.022968716245668663,0
2050,178,102,0.16265553462474147,0
2050,178,103,0.13365797485437314,0
2050,179,103,1.0,0
2050,180,102,1.0,0
2050,181,15,0.03886737139645458,0
2050,181,45,0.12849850961771914,0
2050,181,75,0.17244320241896444,0
2050,181,84,0.07916673264257096,0
2050,181,91,0.014942955933744857,0
2050,181,93,0.18977852859350652,0
2050,181,100,0.12063852172897409,0
2050,181,102,0.12810375389160228,0
2050,181,110,0.08533939993518301,0
2050,181,117,0.04222102384127992,0
2050,182,5,0.01922708331752761,0
2050,182,32,0.17174744702949649,0
2050,182,38,0.1113636976082779,0
2050,182,57,0.15717690611103616,0
2050,182,76,0.04155774026930734,0
2050,182,84,0.12152742961964151,0
2050,182,89,0.09492371085498956,0
2050,182,100,0.09859217549590855,0
2050,182,104,0.183883809693815,0
2050,183,2,0.0975227760350139,0
2050,183,5,0.08593503577218439,0
2050,183,32,0.037402070595569624,0
2050,183,38,0.033016337922033,0
2050,183,76,0.1747866464850007,0
2050,183,80,0.17972645603192342,0
2050,183,89,0.10571122820548595,0
2050,183,102,0.09346548599459999,0
2050,183,103,0.034190415568794756,0
2050,183,105,0.05700219745866465,0
2050,183,109,0.04035945634509464,0
2050,183,115,0.060881893585634915,0
2050,184,45,1.0,0
2050,185,8,0.014468306196821053,0
2050,185,24,0.050200662440281894,0
2050,185,32,0.3069534844103003,0
2050,185,38,0.04770552073756206,0
2050,185,45,0.2330565550660622,0
2050,185,71,0.03004411045458018,0
2050,185,75,0.049216870741340596,0
2050,185,76,0.14654199448036498,0
2050,185,93,0.09057320079347056,0
2050,185,103,0.031239294679216118,0
2050,186,84,1.0,0
2050,187,2,0.03819396004861693,0
2050,187,17,0.06932169659034397,0
2050,187,19,0.10927145126530827,0
2050,187,34,0.03867454020869977,0
2050,187,60,0.031546100775954836,0
2050,187,92,0.07192334171936593,0
2050,187,102,0.14365945024428958,0
2050,187,105,0.09545422573113617,0
2050,187,108,0.2011270815275835,0
2050,187,115,0.1166436347809151,0
2050,187,117,0.08418451710778593,0
2050,188,2,0.1400257443316162,0
2050,188,17,0.03570134830210939,0
2050,188,22,0.02909047102661726,0
2050,188,32,0.1226335871283235,0
2050,188,36,0.10239624965147338,0
2050,188,45,0.1011795273504446,0
2050,188,47,0.10350094885991297,0
2050,188,58,0.01810903355896381,0
2050,188,84,0.095575510595935,0
2050,188,91,0.02726187967785895,0
2050,188,93,0.053962360470586314,0
2050,188,111,0.09881975656396935,0
2050,188,115,0.026516342260351388,0
2050,188,117,0.045227240221837724,0
2050,189,5,0.016114633998849458,0
2050,189,7,0.17784913083683454,0
2050,189,18,0.04807092136971688,0
2050,189,19,0.0941123162548057,0
2050,189,21,0.3699730261856693,0
2050,189,36,0.06389794185004855,0
2050,189,47,0.1330536020527815,0
2050,189,57,0.060207465634201505,0
2050,189,110,0.036720961817092515,0
2050,190,2,0.01588742239980262,0
2050,190,17,0.1446382361431752,0
2050,190,22,0.04252166841565095,0
2050,190,34,0.026447196450223965,0
2050,190,36,0.013750025999830226,0
2050,190,40,0.0469320635760105,0
2050,190,57,0.025087254466461796,0
2050,190,59,0.01783957526509267,0
2050,190,92,0.039327914220535394,0
2050,190,94,0.16618952091717767,0
2050,190,108,0.22503163974328663,0
2050,190,109,0.23634748240275255,0
2050,191,17,0.4040905100370765,0
2050,191,19,0.0882589343204328,0
2050,191,22,0.04426731086299267,0
2050,191,34,0.07631468201125126,0
2050,191,41,0.04030870147267406,0
2050,191,43,0.05067642670930642,0
2050,191,59,0.015780789412530787,0
2050,191,93,0.12521753769308988,0
2050,191,94,0.05056812678380337,0
2050,191,105,0.05530134114054355,0
2050,191,108,0.04921563955629874,0
2050,192,11,0.01602158414710577,0
2050,192,22,0.026976865203158246,0
2050,192,26,0.020818221435133195,0
2050,192,32,0.2218165539551124,0
2050,192,45,0.09487707247301697,0
2050,192,51,0.09301822519821192,0
2050,192,84,0.10879550247879495,0
2050,192,91,0.1969120462255231,0
2050,192,93,0.16848406408484576,0
2050,192,108,0.05227986479909762,0
2050,193,5,0.151930925375435,0
2050,193,31,0.029952712117895106,0
2050,193,32,0.18520480764829508,0
2050,193,36,0.026259297400396026,0
2050,193,54,0.03573118035570564,0
2050,193,74,0.08063133139096919,0
2050,193,84,0.3918536692159791,0
2050,193,103,0.038975951224960385,0
2050,193,104,0.05946012527036458,0
2050,194,5,0.4985684394498908,0
2050,194,14,0.010881109914563177,0
2050,194,37,0.014426760555892565,0
2050,194,39,0.04354282364487249,0
2050,194,45,0.013745324017890276,0
2050,194,48,0.0237041163410841,0
2050,194,70,0.03934899928390499,0
2050,194,74,0.0980795751027792,0
2050,194,75,0.011677529987985066,0
2050,194,83,0.011499611409190511,0
2050,194,84,0.16689595457289952,0
2050,194,88,0.06762975571904731,0
2050,195,5,1.0,0
2050,196,2,0.01505485257883098,0
2050,196,5,0.4539076863290366,0
2050,196,59,0.013925024113256879,0
2050,196,84,0.053737149151192286,0
2050,196,94,0.08597405538093889,0
2050,196,100,0.06516093599034739,0
2050,196,110,0.12941276245012187,0
2050,196,117,0.18282753400627522,0
2050,197,117,1.0,0
2050,198,32,1.0,0
2050,199,19,0.09980369648296586,0
2050,199,32,0.17453513771512175,0
2050,199,49,0.016979995923955177,0
2050,199,60,0.0909763187813101,0
2050,199,81,0.06739733015054415,0
2050,199,102,0.07882687921408608,0
2050,199,105,0.08338423264432167,0
2050,199,108,0.07009240485538776,0
2050,199,115,0.11310958783286629,0
2050,199,117,0.20489441639944114,0
2050,200,11,0.0324138641010723,0
2050,200,17,0.0178707512847561,0
2050,200,21,0.036916593100228975,0
2050,200,32,0.155522514154275,0
2050,200,36,0.06057108178140718,0
2050,200,45,0.04440612389903016,0
2050,200,47,0.0822750939386055,0
2050,200,71,0.26810980883471597,0
2050,200,81,0.013194087033709716,0
2050,200,84,0.07963992159222022,0
2050,200,88,0.09957209324249959,0
2050,200,91,0.02951032770892402,0
2050,200,93,0.014494110227868139,0
2050,200,94,0.06550362910068713,0
2050,201,21,0.07371454882554747,0
2050,201,34,0.0224121856377451,0
2050,201,41,0.12993349958342304,0
2050,201,70,0.023459550926377703,0
2050,201,75,0.21427575673402138,0
2050,201,91,0.013794248838236343,0
2050,201,93,0.060507371864048184,0
2050,201,117,0.46190283759060086,0
2050,202,5,0.027334023937013386,0
2050,202,19,0.052985167692099794,0
2050,202,21,0.07249687449095563,0
2050,202,29,0.05076690007319614,0
2050,202,32,0.2033825465132562,0
2050,202,33,0.019842563774670793,0
2050,202,38,0.041636496586061604,0
2050,202,42,0.0366807352189641,0
2050,202,57,0.01516694856652753,0
2050,202,60,0.012404700214035023,0
2050,202,76,0.13953300442636452,0
2050,202,89,0.0500099583353997,0
2050,202,94,0.04783388675224145,0
2050,202,105,0.03445046442870998,0
2050,202,110,0.02087592984606241,0
2050,202,115,0.050455199668737,0
2050,202,117,0.12414459947570469,0
2050,203,2,0.15205846080491048,0
2050,203,5,0.016223165719793032,0
2050,203,11,0.11392620107420666,0
2050,203,22,0.03311784376387755,0
2050,203,32,0.24653263541323872,0
2050,203,36,0.03326384030779588,0
2050,203,81,0.03593455000534023,0
2050,203,90,0.14348541383792576,0
2050,203,91,0.087170723999999,0
2050,203,110,0.02751673958619392,0
2050,203,117,0.1107704254867188,0
2050,204,2,0.031837565550558,0
2050,204,6,0.04989631637438537,0
2050,204,17,0.11550778498173717,0
2050,204,21,0.14136486190567124,0
2050,204,34,0.013691628339327232,0
2050,204,67,0.08940289466988904,0
2050,204,71,0.010861372920554554,0
2050,204,81,0.09222334583599891,0
2050,204,90,0.11851698158302601,0
2050,204,92,0.011518523752983107,0
2050,204,103,0.013022262107521424,0
2050,204,110,0.07441617708159365,0
2050,204,117,0.1770290477252784,0
2050,204,118,0.060711237171475835,0
2050,205,11,0.1466710485582402,0
2050,205,17,0.04473023519378929,0
2050,205,36,0.01844565358898152,0
2050,205,44,0.022447535859982944,0
2050,205,53,0.09055892259262155,0
2050,205,63,0.022393776124547665,0
2050,205,71,0.06496937597022588,0
2050,205,81,0.03304040378451585,0
2050,205,84,0.11108581522881104,0
2050,205,90,0.07650288896808627,0
2050,205,91,0.15366732002598005,0
2050,205,94,0.022336744287768575,0
2050,205,100,0.02115944951304336,0
2050,205,104,0.14161487786156654,0
2050,205,117,0.03037595244183932,0
2050,206,21,1.0,0
2050,207,2,0.0446077138968344,0
2050,207,4,0.062183207988320645,0
2050,207,17,0.3218573458341928,0
2050,207,21,0.0749525383401833,0
2050,207,30,0.0587460077132173,0
2050,207,41,0.14469254207287463,0
2050,207,45,0.04149759353883394,0
2050,207,47,0.04753233729135844,0
2050,207,49,0.026372492974153953,0
2050,207,58,0.013779103983263853,0
2050,207,92,0.07529456273185237,0
2050,207,112,0.07373548397061931,0
2050,207,117,0.014749069664294987,0
2050,208,8,0.05133748097386953,0
2050,208,14,0.047487931997813,0
2050,208,16,0.07353664795701935,0
2050,208,21,0.18927259277104125,0
2050,208,32,0.01759207127240091,0
2050,208,36,0.042249917638645704,0
2050,208,38,0.07743566727623598,0
2050,208,39,0.12265924666102286,0
2050,208,47,0.04503280575521835,0
2050,208,51,0.029232660210030178,0
2050,208,91,0.12419248512500013,0
2050,208,104,0.16044869145830964,0
2050,208,107,0.019521800903393217,0
2050,209,5,0.1450096794302421,0
2050,209,7,0.09196563630052401,0
2050,209,8,0.12216091240426519,0
2050,209,14,0.0158834760033038,0
2050,209,17,0.02669701766776202,0
2050,209,21,0.29048675124946655,0
2050,209,32,0.05334346225933053,0
2050,209,39,0.09199225220468357,0
2050,209,74,0.07623487340822405,0
2050,209,98,0.037712029279083105,0
2050,209,100,0.048513909793115075,0
2050,210,7,0.04649195363221655,0
2050,210,17,0.07081501288775008,0
2050,210,21,0.2901638992733368,0
2050,210,32,0.10561698127905401,0
2050,210,47,0.12664436779975013,0
2050,210,54,0.019898644234940005,0
2050,210,57,0.0966432823399057,0
2050,210,74,0.036908056472667386,0
2050,210,94,0.05079907104160156,0
2050,210,100,0.04075940327414841,0
2050,210,105,0.07197173282283137,0
2050,210,110,0.04328759494179807,0
2050,211,4,0.017437817960132235,0
2050,211,17,0.3417268925496662,0
2050,211,21,0.010535862072533694,0
2050,211,34,0.020923684035161,0
2050,211,40,0.01885542798684398,0
2050,211,57,0.2796042211003447,0
2050,211,58,0.014195110555101581,0
2050,211,60,0.038399752875283244,0
2050,211,76,0.049343174866211995,0
2050,211,81,0.030192331668918354,0
2050,211,92,0.0276669541350838,0
2050,211,94,0.04389176709061489,0
2050,211,104,0.022879147208460664,0
2050,211,105,0.08434785589564377,0
2050,212,17,1.0,0
2050,213,5,0.056841524352435446,0
2050,213,10,0.038192666993572516,0
2050,213,11,0.03502483922689304,0
2050,213,17,0.1094909808175693,0
2050,213,19,0.06509381138314109,0
2050,213,32,0.02353156022175995,0
2050,213,43,0.03732869183724057,0
2050,213,44,0.030306168853041573,0
2050,213,59,0.013626702204923112,0
2050,213,76,0.14219089594561019,0
2050,213,83,0.020934691185503,0
2050,213,90,0.12219093118727066,0
2050,213,91,0.3052465357910396,0
2050,214,91,1.0,0
2050,215,17,0.018761729334630273,0
2050,215,32,0.3523156990442733,0
2050,215,42,0.07756540204282318,0
2050,215,76,0.2915722181300803,0
2050,215,79,0.07114164692247167,0
2050,215,91,0.04392079191822579,0
2050,215,98,0.03027677429596664,0
2050,215,103,0.04431937184004136,0
2050,215,105,0.03533477202890392,0
2050,215,116,0.03479159444258353,0
2050,216,16,0.011999364872810695,0
2050,216,19,0.04263582188476414,0
2050,216,21,0.010326325999552171,0
2050,216,42,0.1326927384676106,0
2050,216,45,0.017743170534223106,0
2050,216,76,0.04325569143468125,0
2050,216,83,0.18838061749774931,0
2050,216,98,0.09779145646886188,0
2050,216,105,0.03726164049693604,0
2050,216,110,0.16645664205149377,0
2050,216,115,0.06659253365599019,0
2050,216,117,0.18486399663532688,0
2050,217,14,0.019957931986242728,0
2050,217,19,0.03947220473698167,0
2050,217,28,0.05165906611962157,0
2050,217,29,0.028077723630519927,0
2050,217,44,0.015139596448624863,0
2050,217,47,0.06690610377129497,0
2050,217,59,0.018294814952631726,0
2050,217,76,0.21119923456501677,0
2050,217,91,0.2569810580415442,0
2050,217,100,0.1643434938335688,0
2050,217,110,0.12796877191395273,0
2050,218,76,1.0,0
2050,219,90,1.0,0
2050,220,5,0.019896726796636146,0
2050,220,11,0.03517203968837674,0
2050,220,19,0.06057861579636697,0
2050,220,35,0.05286509750513332,0
2050,220,79,0.03203862574482816,0
2050,220,83,0.05218701323429376,0
2050,220,87,0.027763923429805864,0
2050,220,90,0.3670101390287329,0
2050,220,91,0.26013679274925,0
2050,220,98,0.0923510260265762,0
2050,221,9,0.019032592369089985,0
2050,221,14,0.01960442707155243,0
2050,221,35,0.04507678179469597,0
2050,221,43,0.02534254847660785,0
2050,221,76,0.07152597429552758,0
2050,221,79,0.09524534737594136,0
2050,221,80,0.04446487633118444,0
2050,221,83,0.5270565963931101,0
2050,221,91,0.10954707055852562,0
2050,221,98,0.019236930615778646,0
2050,221,110,0.02386685471798606,0
2050,222,83,1.0,0
2050,223,100,1.0,0
2050,224,5,0.05920771967975727,0
2050,224,14,0.057342583812431895,0
2050,224,73,0.04895315753828065,0
2050,224,76,0.10411590085999872,0
2050,224,89,0.015603206209878227,0
2050,224,100,0.5302942006608593,0
2050,224,104,0.18448323123879395,0
2050,225,104,1.0,0
2050,226,17,0.028802122155872998,0
2050,226,21,0.1091633844803271,0
2050,226,64,0.04600830797951648,0
2050,226,72,0.03694248821740721,0
2050,226,79,0.07266395824804642,0
2050,226,80,0.20513617986487181,0
2050,226,92,0.028160180100522143,0
2050,226,94,0.11994658945316274,0
2050,226,104,0.04351624547329492,0
2050,226,105,0.1472271117639548,0
2050,226,109,0.02701498219923277,0
2050,226,110,0.13541845006379058,0
2050,227,17,0.02567695031082838,0
2050,227,21,0.08087959440366463,0
2050,227,28,0.04171427503784457,0
2050,227,45,0.01895470493956077,0
2050,227,54,0.029732818239575364,0
2050,227,64,0.010500029614866459,0
2050,227,75,0.017066634100765362,0
2050,227,81,0.40802542556380866,0
2050,227,95,0.010705193963702238,0
2050,227,100,0.2407324186057183,0
2050,227,110,0.11601195521966506,0
2050,228,81,1.0,0
2050,229,94,1.0,0
2050,230,2,0.022570207645933225,0
2050,230,7,0.012899243188798754,0
2050,230,21,0.07953430676986453,0
2050,230,33,0.021656553145920025,0
2050,230,94,0.4737704481882355,0
2050,230,108,0.026014976417732868,0
2050,230,110,0.3635542646435152,0
2050,231,110,1.0,0
2050,232,3,0.05021563465390364,0
2050,232,43,0.012500268280869989,0
2050,232,45,0.03677328527976886,0
2050,232,61,0.0255068286185376,0
2050,232,74,0.026017827820317176,0
2050,232,83,0.04770136111570445,0
2050,232,87,0.021226743193208233,0
2050,232,91,0.027368292132007165,0
2050,232,93,0.0745880370642768,0
2050,232,98,0.23285869571834106,0
2050,232,103,0.06757705866584389,0
2050,232,110,0.37766596745722114,0
2050,233,3,0.062367605027128396,0
2050,233,19,0.013623411672932196,0
2050,233,76,0.09080373828144968,0
2050,233,79,0.09746238856566558,0
2050,233,83,0.04333661533004713,0
2050,233,89,0.17237323863867413,0
2050,233,98,0.17354759340144132,0
2050,233,102,0.03271375285873213,0
2050,233,103,0.15830232975975475,0
2050,233,105,0.02510200119680102,0
2050,233,110,0.13036732526737374,0
2050,234,89,1.0,0
2050,235,7,0.026210435700266287,0
2050,235,16,0.045556149258043147,0
2050,235,21,0.13505779360212408,0
2050,235,32,0.06014365562868978,0
2050,235,36,0.05917614334868501,0
2050,235,38,0.044956397217222756,0
2050,235,42,0.07881433956992953,0
2050,235,72,0.04505097483855171,0
2050,235,89,0.2229140889834272,0
2050,235,94,0.039841970347766424,0
2050,235,104,0.07236526697245772,0
2050,235,105,0.14654193938174667,0
2050,235,115,0.023370845151089704,0
2050,236,7,0.030942671388548313,0
2050,236,15,0.05419647400887579,0
2050,236,17,0.08498407876174705,0
2050,236,18,0.017474421648200567,0
2050,236,21,0.09020007021972556,0
2050,236,22,0.09613281638042802,0
2050,236,45,0.02837969159857523,0
2050,236,49,0.011929782657988096,0
2050,236,51,0.08451440659035264,0
2050,236,78,0.01774876710901544,0
2050,236,88,0.05754230275542415,0
2050,236,89,0.05915770298976522,0
2050,236,101,0.011991974779298637,0
2050,236,109,0.24848772393036336,0
2050,236,110,0.08559435799017247,0
2050,236,112,0.020722757191519583,0
2050,237,4,0.011008337588713299,0
2050,237,7,0.05170205221482595,0
2050,237,21,0.06616905311822523,0
2050,237,29,0.03891759873724585,0
2050,237,32,0.1033617803148331,0
2050,237,33,0.013557964446390305,0
2050,237,36,0.12190930959817346,0
2050,237,39,0.06583779713428213,0
2050,237,41,0.048852448752435856,0
2050,237,42,0.01219911977425568,0
2050,237,47,0.09801756950737388,0
2050,237,57,0.10258496504113063,0
2050,237,94,0.10740419952543855,0
2050,237,109,0.014853668085713877,0
2050,237,115,0.1436241361609623,0
2050,238,16,0.012666499168009429,0
2050,238,27,0.040068446540369985,0
2050,238,32,0.16936938646612418,0
2050,238,36,0.1801291353056164,0
2050,238,38,0.015335571036846716,0
2050,238,47,0.13121281352592332,0
2050,238,85,0.0987418171013527,0
2050,238,89,0.12259274120205042,0
2050,238,115,0.22988358965370675,0
2050,239,115,1.0,0
2050,240,2,0.027929408904333323,0
2050,240,6,0.0246655029150575,0
2050,240,17,0.04240126826365119,0
2050,240,22,0.06569848897115338,0
2050,240,34,0.054215277292489567,0
2050,240,45,0.08123371787494543,0
2050,240,58,0.03184876983585313,0
2050,240,60,0.10098183204876666,0
2050,240,79,0.02577790292807282,0
2050,240,81,0.014556154023140911,0
2050,240,91,0.11669726932744029,0
2050,240,97,0.07068182381585665,0
2050,240,105,0.03733470424530193,0
2050,240,111,0.046338939726603044,0
2050,240,115,0.14992707282592152,0
2050,240,117,0.09220185858250186,0
2050,240,120,0.017510008418910844,0
2050,241,2,0.04702402851472057,0
2050,241,6,0.0774614918512195,0
2050,241,22,0.10042052777556165,0
2050,241,32,0.07031135713737675,0
2050,241,51,0.02588840083147996,0
2050,241,60,0.14763806677457642,0
2050,241,71,0.18689633590040589,0
2050,241,81,0.04509909341802645,0
2050,241,91,0.1915680569005581,0
2050,241,102,0.05790943155103924,0
2050,241,112,0.01515119357975767,0
2050,241,115,0.034632015765277975,0
2050,242,71,1.0,0
2050,243,66,1.0,0
2050,244,2,0.019752565520570614,0
2050,244,7,0.011864932387970796,0
2050,244,21,0.04150368168492535,0
2050,244,36,0.1332800902737938,0
2050,244,41,0.028590203093208044,0
2050,244,47,0.02864150778021244,0
2050,244,57,0.036663037083208116,0
2050,244,60,0.01886084365146651,0
2050,244,66,0.06874011703218208,0
2050,244,78,0.03199434044596434,0
2050,244,79,0.20896402823967739,0
2050,244,81,0.02586606786235334,0
2050,244,94,0.013057141367418035,0
2050,244,100,0.021502504168904053,0
2050,244,109,0.08937600453125676,0
2050,244,110,0.0802077157701997,0
2050,244,114,0.028172350999634218,0
2050,244,115,0.11296286810705426,0
2050,245,2,0.0862983186697792,0
2050,245,34,0.024541184208443007,0
2050,245,36,0.05653551616542532,0
2050,245,41,0.024127442512407272,0
2050,245,49,0.011621204460054829,0
2050,245,59,0.022990385375772755,0
2050,245,60,0.15294633127139143,0
2050,245,67,0.02971612299100271,0
2050,245,79,0.2711207715683175,0
2050,245,92,0.0960092665283738,0
2050,245,94,0.08659693083352189,0
2050,245,110,0.13749652541551033,0
2050,246,79,1.0,0
2050,247,74,1.0,0
2050,248,16,0.04952035515024109,0
2050,248,18,0.014850002575623873,0
2050,248,21,0.09029972993375175,0
2050,248,33,0.06730896010604848,0
2050,248,36,0.017218365383430648,0
2050,248,38,0.010356501377460265,0
2050,248,57,0.01133934941661665,0
2050,248,74,0.11309133049735096,0
2050,248,85,0.020225282043891145,0
2050,248,89,0.10199489354213294,0
2050,248,94,0.23384502909594596,0
2050,248,105,0.1070507461475485,0
2050,248,113,0.024110092636941534,0
2050,248,120,0.13878936209301618,0
2050,249,5,0.06315955080830223,0
2050,249,7,0.060795619543346696,0
2050,249,20,0.18938082597267866,0
2050,249,29,0.034236064565767436,0
2050,249,38,0.010752812137928044,0
2050,249,39,0.08569977371748819,0
2050,249,65,0.04082593434734423,0
2050,249,76,0.04362220723840102,0
2050,249,92,0.15956994334879468,0
2050,249,94,0.14084903689083225,0
2050,249,98,0.057076394971090315,0
2050,249,105,0.04729892813154778,0
2050,249,109,0.06673290832647849,0
2050,250,92,1.0,0
2050,251,2,0.06677842176981959,0
2050,251,22,0.15254498998955482,0
2050,251,28,0.05624125819266926,0
2050,251,41,0.034029709657579184,0
2050,251,45,0.06012931525207866,0
2050,251,51,0.01627385485660727,0
2050,251,60,0.025304708660542897,0
2050,251,78,0.020050682367518696,0
2050,251,81,0.20720039488815042,0
2050,251,91,0.12319946147240433,0
2050,251,92,0.1090455483459818,0
2050,251,93,0.023333544256268775,0
2050,251,102,0.04548825983961905,0
2050,251,110,0.06037985045120517,0
2050,252,14,0.04475048016951539,0
2050,252,27,0.02639554889816125,0
2050,252,28,0.05713795155809613,0
2050,252,39,0.027255682712486587,0
2050,252,50,0.05113457371398391,0
2050,252,68,0.02943502798891919,0
2050,252,83,0.0,0
2050,252,84,0.10302605911639715,0
2050,252,85,0.03211502947103533,0
2050,252,91,0.12795655985367935,0
2050,252,98,0.22787757928575514,0
2050,252,100,0.1574440531572845,0
2050,252,110,0.07241037419414953,0
2050,252,117,0.04306107988053657,0
2050,253,98,1.0,0
2050,254,105,1.0,0
2050,255,6,0.018648094418618612,0
2050,255,19,0.0664647999031715,0
2050,255,31,0.01881037954866021,0
2050,255,32,0.052540569406409075,0
2050,255,36,0.07999074057444132,0
2050,255,54,0.026929371495496346,0
2050,255,58,0.0798459015259372,0
2050,255,65,0.010902255007520935,0
2050,255,89,0.06402695212395917,0
2050,255,94,0.04193962879177822,0
2050,255,105,0.2906754353805129,0
2050,255,112,0.026214655414592523,0
2050,255,115,0.09604468736781759,0
2050,255,120,0.1269665290410844,0
2050,256,5,0.08297880503374513,0
2050,256,22,0.12264396646710016,0
2050,256,31,0.0573669004082634,0
2050,256,34,0.01323313761600277,0
2050,256,36,0.0791757963335552,0
2050,256,41,0.020882767856922273,0
2050,256,59,0.021243070218715247,0
2050,256,66,0.07374042444998861,0
2050,256,81,0.10447234758896154,0
2050,256,84,0.015659668881792328,0
2050,256,89,0.012886618736045243,0
2050,256,92,0.06906099871824213,0
2050,256,109,0.05005020351572716,0
2050,256,112,0.1639054301346188,0
2050,256,114,0.04258983402406809,0
2050,256,117,0.07011003001625203,0
2050,257,9,0.055394483946850016,0
2050,257,14,0.019799929989192857,0
2050,257,17,0.06646150811666042,0
2050,257,22,0.03216337219411714,0
2050,257,36,0.15982556334050604,0
2050,257,41,0.23043320556482513,0
2050,257,57,0.020798920577918083,0
2050,257,92,0.093804549748346,0
2050,257,101,0.027366815595266377,0
2050,257,109,0.2732185815305946,0
2050,257,112,0.020733069395723443,0
2050,258,36,1.0,0
2050,259,5,0.15919133421698403,0
2050,259,7,0.02465736907065587,0
2050,259,14,0.022127596423120652,0
2050,259,16,0.01725229210779335,0
2050,259,27,0.06356469259472448,0
2050,259,33,0.042460620770527584,0
2050,259,36,0.26542529544640775,0
2050,259,37,0.16409528926968733,0
2050,259,46,0.048263301934613465,0
2050,259,48,0.015731384781841502,0
2050,259,109,0.177230823383644,0
2050,260,109,1.0,0
2050,261,4,0.03054353332888303,0
2050,261,6,0.05335383613692457,0
2050,261,17,0.10201734116390068,0
2050,261,22,0.04502241977806344,0
2050,261,36,0.18688809495353392,0
2050,261,51,0.16115469633068896,0
2050,261,60,0.13294562211419547,0
2050,261,65,0.027395019126080295,0
2050,261,81,0.14660695089250556,0
2050,261,92,0.046180257393316625,0
2050,261,109,0.02758852783596795,0
2050,261,112,0.017224663273421845,0
2050,261,119,0.023079037672517597,0
2050,262,6,0.06599069884109614,0
2050,262,11,0.12871913654388087,0
2050,262,22,0.04995642649351182,0
2050,262,35,0.013076758016770024,0
2050,262,36,0.10544929262517563,0
2050,262,60,0.1571572606310107,0
2050,262,63,0.07198325133075946,0
2050,262,67,0.06202975283288008,0
2050,262,78,0.03439143660502918,0
2050,262,79,0.012474839167147991,0
2050,262,81,0.16895290941871638,0
2050,262,87,0.03422711415868262,0
2050,262,91,0.01908181200416389,0
2050,262,109,0.06349481949073543,0
2050,262,118,0.013014491840439943,0
2050,263,77,1.0,0
2050,264,70,1.0,0
2050,265,5,0.10135336766259105,0
2050,265,7,0.04646221600571919,0
2050,265,14,0.09363524886012377,0
2050,265,16,0.053348927948868564,0
2050,265,21,0.0961665786724772,0
2050,265,28,0.05435503878206357,0
2050,265,41,0.017781098761931294,0
2050,265,51,0.07853233953864949,0
2050,265,64,0.09714991200698468,0
2050,265,66,0.09025177266841862,0
2050,265,77,0.024949075736261577,0
2050,265,96,0.07851065992610824,0
2050,265,100,0.06047519123545726,0
2050,265,110,0.062275366905525174,0
2050,265,119,0.04475320528882034,0
2050,266,11,0.09917321975778479,0
2050,266,14,0.11198621689850015,0
2050,266,16,0.031074117178114466,0
2050,266,26,0.02959413682480407,0
2050,266,27,0.056272018817131036,0
2050,266,28,0.051787322216564374,0
2050,266,32,0.014279062321603137,0
2050,266,36,0.08294870144152816,0
2050,266,39,0.10099654822638103,0
2050,266,50,0.040739405052248726,0
2050,266,52,0.01801032629836901,0
2050,266,70,0.06811345868761287,0
2050,266,87,0.19586813639088355,0
2050,266,110,0.09915732988847459,0
2050,267,8,0.06252264313064554,0
2050,267,14,0.03647071451615261,0
2050,267,32,0.04569977352167772,0
2050,267,48,0.05100228005505868,0
2050,267,49,0.0329049939597585,0
2050,267,52,0.11342527040195352,0
2050,267,67,0.05463728855674144,0
2050,267,77,0.16393194642499684,0
2050,267,98,0.05971013797501732,0
2050,267,107,0.05261620266446594,0
2050,267,109,0.10531010534469173,0
2050,267,115,0.13586548723608197,0
2050,267,116,0.0859031562127581,0
2050,268,67,1.0,0
2050,269,78,1.0,0
2050,270,14,0.27168441951676675,0
2050,270,17,0.015378017170286607,0
2050,270,26,0.023523831717047975,0
2050,270,28,0.019859846307313283,0
2050,270,41,0.043925887657329826,0
2050,270,49,0.07068226005934745,0
2050,270,51,0.043955486771397594,0
2050,270,78,0.43957838369517555,0
2050,270,101,0.05613321671900267,0
2050,270,107,0.015278650386332322,0
2050,271,9,0.15471867463256453,0
2050,271,14,0.3940549251786263,0
2050,271,22,0.010189690904611854,0
2050,271,41,0.06350821147130632,0
2050,271,50,0.06956878825679526,0
2050,271,78,0.0941040607336576,0
2050,271,91,0.025802354779323904,0
2050,271,98,0.1158231533595645,0
2050,271,101,0.07223014068354981,0
2050,272,14,1.0,0
2050,273,2,0.021790323943491854,0
2050,273,6,0.0655100839152569,0
2050,273,14,0.701787915454047,0
2050,273,23,0.01951118722899761,0
2050,273,38,0.03673432198109785,0
2050,273,40,0.024981231393834256,0
2050,273,55,0.027117441723428483,0
2050,273,60,0.09135284372123004,0
2050,273,109,0.011214650638616232,0
2050,274,2,0.06380364831191278,0
2050,274,6,0.14156055535945042,0
2050,274,12,0.04184577369941784,0
2050,274,14,0.31935059226178847,0
2050,274,22,0.10663160533190254,0
2050,274,31,0.07991326742651181,0
2050,274,51,0.018072696771244307,0
2050,274,60,0.11892352197687432,0
2050,274,81,0.027285805990878383,0
2050,274,92,0.021352881213308524,0
2050,274,109,0.06125965165671059,0
2050,274,119,0.0,0
2050,275,2,0.06123694043499527,0
2050,275,6,0.15269791331057098,0
2050,275,14,0.014495796970242402,0
2050,275,22,0.28966606108319426,0
2050,275,36,0.022498824564547767,0
2050,275,60,0.09411193214829851,0
2050,275,63,0.052151940057137025,0
2050,275,81,0.0898913987230963,0
2050,275,92,0.03237830382817089,0
2050,275,109,0.08169978420832126,0
2050,275,112,0.020336191932129235,0
2050,275,119,0.0673663554293304,0
2050,275,120,0.02146855730996569,0
2050,276,63,1.0,0
2050,277,87,1.0,0
2050,278,21,0.030436643718075623,0
2050,278,26,0.01558944644985533,0
2050,278,54,0.17960742342403482,0
2050,278,62,0.0598983340833256,0
2050,278,64,0.05706541517826523,0
2050,278,74,0.014544178177606963,0
2050,278,85,0.03818266234392244,0
2050,278,86,0.044508425235571226,0
2050,278,87,0.11422124263520755,0
2050,278,104,0.13063600473431652,0
2050,278,107,0.03561197136220971,0
2050,278,114,0.10257156317888996,0
2050,278,116,0.10447394431933343,0
2050,278,118,0.07265274515938558,0
2050,279,2,0.05260790369469819,0
2050,279,4,0.06856827201727672,0
2050,279,16,0.14509004414089255,0
2050,279,21,0.12358283184824548,0
2050,279,31,0.042019777987985084,0
2050,279,33,0.11809535247398369,0
2050,279,34,0.03869656948726822,0
2050,279,41,0.011318798503558587,0
2050,279,54,0.04501220279812545,0
2050,279,60,0.047952968123934396,0
2050,279,81,0.11948712070437803,0
2050,279,94,0.046291502127455836,0
2050,279,95,0.08433169713669796,0
2050,279,111,0.056944958955499746,0
2050,280,7,0.04400482163928529,0
2050,280,16,0.09120543047241657,0
2050,280,21,0.09498607883408244,0
2050,280,29,0.07594147045025057,0
2050,280,33,0.12864122987225624,0
2050,280,41,0.1114367749882151,0
2050,280,65,0.07480287719463143,0
2050,280,94,0.12875405147256347,0
2050,280,95,0.09934536486689029,0
2050,280,110,0.016621911756988707,0
2050,280,113,0.13425998845242001,0
2050,281,95,1.0,0
2050,282,68,1.0,0
2050,283,3,0.06481135763080127,0
2050,283,8,0.03114674110462106,0
2050,283,14,0.0303825891642343,0
2050,283,23,0.057430399270684315,0
2050,283,26,0.08312223423641356,0
2050,283,33,0.09957838077665979,0
2050,283,37,0.1454135435079753,0
2050,283,46,0.023513414460467605,0
2050,283,50,0.040912898683308774,0
2050,283,57,0.03819582410135412,0
2050,283,61,0.20791683077087017,0
2050,283,68,0.07184230725147739,0
2050,283,77,0.04619724115203152,0
2050,283,98,0.01510054497843722,0
2050,283,101,0.013258480298303243,0
2050,283,113,0.03117721261236049,0
2050,284,3,0.07659804864834331,0
2050,284,7,0.019393854843798887,0
2050,284,14,0.12456262062844181,0
2050,284,18,0.03174149249434735,0
2050,284,20,0.051359556764079606,0
2050,284,33,0.12245177625959291,0
2050,284,37,0.05877556887837955,0
2050,284,38,0.022606252786252747,0
2050,284,57,0.13985290887777826,0
2050,284,59,0.021829528990280813,0
2050,284,96,0.1921920952845919,0
2050,284,98,0.07837012394180043,0
2050,284,99,0.06026617160231245,0
2050,285,96,1.0,0
2050,286,113,1.0,0
2050,287,33,1.0,0
2050,288,33,0.3893970094585141,0
2050,288,41,0.07005664874309608,0
2050,288,59,0.04691558993425242,0
2050,288,65,0.3211121195113733,0
2050,288,81,0.015121263710114421,0
2050,288,92,0.07864697780910944,0
2050,288,112,0.07875039083354025,0
2050,289,65,1.0,0
2050,290,64,1.0,0
2050,291,62,1.0,0
2050,292,61,1.0,0
2050,293,14,0.07989748635480838,0
2050,293,15,0.014475672775730574,0
2050,293,35,0.082245808511993,0
2050,293,52,0.07082688311019418,0
2050,293,61,0.24892284403301437,0
2050,293,64,0.05675937565427672,0
2050,293,78,0.04660031385744747,0
2050,293,87,0.23091378681561034,0
2050,293,96,0.059266899004866425,0
2050,293,114,0.11009092988205851,0
2050,294,14,0.055896608006848106,0
2050,294,16,0.05779407880688168,0
2050,294,33,0.20384996443358566,0
2050,294,49,0.016078721329490096,0
2050,294,50,0.028486564192110354,0
2050,294,52,0.012076302070378162,0
2050,294,68,0.05868779848427242,0
2050,294,74,0.023040369963055415,0
2050,294,97,0.23053776916650598,0
2050,294,114,0.114592987644762,0
2050,294,116,0.19895883590211008,0
2050,295,12,0.18362722357442426,0
2050,295,22,0.06642604057299868,0
2050,295,23,0.13455036182447083,0
2050,295,33,0.1405062071342993,0
2050,295,38,0.08939839656133787,0
2050,295,60,0.1476943338509876,0
2050,295,97,0.06759467965031647,0
2050,295,112,0.015427355108929862,0
2050,295,120,0.15477540172223508,0
2050,296,2,0.041845566384597355,0
2050,296,10,0.18899294003737224,0
2050,296,15,0.04631008892847673,0
2050,296,22,0.1655360519940106,0
2050,296,41,0.1018892081492894,0
2050,296,53,0.026940912435949933,0
2050,296,58,0.031048690766883394,0
2050,296,65,0.12210557196989953,0
2050,296,97,0.12134263711476838,0
2050,296,105,0.012363288797880059,0
2050,296,112,0.14162504342087248,0
2050,297,97,1.0,0
2050,298,2,0.07020761525772391,0
2050,298,15,0.019104993552860952,0
2050,298,22,0.07312002105070242,0
2050,298,45,0.03882794142363645,0
2050,298,51,0.1902298194689086,0
2050,298,60,0.19050512682615522,0
2050,298,62,0.14292725489512148,0
2050,298,97,0.09104397976350519,0
2050,298,105,0.06571429567747507,0
2050,298,111,0.03323293086383654,0
2050,298,112,0.0347269492318341,0
2050,298,114,0.050359071988239995,0
2050,299,11,0.03469683019761085,0
2050,299,22,0.08925525540780997,0
2050,299,32,0.07603049868486232,0
2050,299,39,0.08338757830368813,0
2050,299,47,0.040128482649835824,0
2050,299,50,0.02680034943968607,0
2050,299,54,0.0810933036738296,0
2050,299,68,0.03029485562847661,0
2050,299,97,0.06959914318906525,0
2050,299,111,0.023918559888543446,0
2050,299,114,0.4211929007183523,0
2050,299,120,0.023602242218239543,0
2050,300,114,1.0,0
2050,301,7,0.01577540209795797,0
2050,301,13,0.0493131197549951,0
2050,301,15,0.042931527278605615,0
2050,301,16,0.04890210255358279,0
2050,301,33,0.2729090491858805,0
2050,301,34,0.04191684150361449,0
2050,301,46,0.03701719082997258,0
2050,301,97,0.06761346653515136,0
2050,301,110,0.09182328481824827,0
2050,301,114,0.25609390599409,0
2050,301,115,0.0757041094479015,0
2050,302,3,0.07752596240197872,0
2050,302,9,0.023621713036911372,0
2050,302,10,0.03478201323407196,0
2050,302,11,0.03908661518992199,0
2050,302,22,0.10283022572987031,0
2050,302,23,0.027653513655037782,0
2050,302,33,0.04388127563988891,0
2050,302,39,0.07799312636342201,0
2050,302,54,0.06504788908244527,0
2050,302,61,0.01193263076945669,0
2050,302,62,0.04966703559646033,0
2050,302,65,0.01253342456958123,0
2050,302,68,0.038856924462996136,0
2050,302,70,0.1304836024763016,0
2050,302,73,0.10513630384786692,0
2050,302,79,0.12884244608896753,0
2050,302,93,0.030125297854821254,0
2050,303,3,0.1260076376891487,0
2050,303,23,0.12573065263391922,0
2050,303,37,0.014269710578455061,0
2050,303,69,0.03323146600773494,0
2050,303,73,0.03623788357163966,0
2050,303,74,0.05333642750435998,0
2050,303,79,0.04709450088613309,0
2050,303,85,0.23671942032126,0
2050,303,97,0.10780838577624893,0
2050,303,98,0.10216941621763118,0
2050,303,113,0.04588961013325852,0
2050,303,116,0.07150488868021067,0
2050,304,12,0.13183478100745552,0
2050,304,14,0.013712729939281996,0
2050,304,18,0.10979177189110961,0
2050,304,22,0.3504110211341703,0
2050,304,23,0.06757622084847797,0
2050,304,46,0.011808266477412946,0
2050,304,49,0.01790704231951527,0
2050,304,57,0.02675943677396328,0
2050,304,97,0.09930829339304922,0
2050,304,98,0.03638647932906319,0
2050,304,99,0.05226566943825429,0
2050,304,105,0.08223828744824635,0
2050,305,22,1.0,0
2050,306,4,0.061953027875829146,0
2050,306,6,0.1321982103971821,0
2050,306,11,0.01375734454092202,0
2050,306,22,0.4525093381337216,0
2050,306,27,0.17331308661083641,0
2050,306,31,0.0329936312359135,0
2050,306,51,0.021909711727748787,0
2050,306,53,0.04557785788555484,0
2050,306,62,0.0514325902236574,0
2050,306,81,0.014355201368634166,0
2050,307,6,0.026360097750177933,0
2050,307,22,0.13198621990844575,0
2050,307,27,0.4559519068177208,0
2050,307,28,0.023069954510230486,0
2050,307,53,0.013107730424463943,0
2050,307,55,0.04903252329920882,0
2050,307,63,0.14126709832790738,0
2050,307,71,0.04695389760806394,0
2050,307,73,0.06492928367398254,0
2050,307,114,0.047341287679798415,0
2050,308,27,1.0,0
2050,309,73,1.0,0
2050,310,85,1.0,0
2050,311,2,0.019978145204927415,0
2050,311,4,0.07910221103493323,0
2050,311,60,0.09246772405905586,0
2050,311,85,0.4214478897587793,0
2050,311,92,0.11921325987144611,0
2050,311,94,0.013785857921885414,0
2050,311,111,0.06247538393401578,0
2050,311,114,0.03129262001815417,0
2050,311,120,0.1602369081968029,0
2050,312,2,0.06371656126572536,0
2050,312,4,0.08649398527992112,0
2050,312,10,0.017797235526175962,0
2050,312,22,0.03981071574021315,0
2050,312,34,0.05391037029515761,0
2050,312,39,0.043718546288027654,0
2050,312,41,0.09799786025902314,0
2050,312,54,0.10905565465960514,0
2050,312,58,0.09601204160018069,0
2050,312,65,0.02071281751478491,0
2050,312,85,0.19568935698001896,0
2050,312,105,0.014699592079282524,0
2050,312,111,0.02962390700352724,0
2050,312,117,0.03767007491104495,0
2050,312,120,0.09309128059731156,0
2050,313,4,0.040011996635383296,0
2050,313,12,0.029610673079962884,0
2050,313,18,0.2177175650251781,0
2050,313,19,0.12014706910626542,0
2050,313,41,0.058543660827217285,0
2050,313,85,0.1676959096274194,0
2050,313,115,0.0352866639288643,0
2050,313,120,0.33098646176970925,0
2050,314,7,0.08176423931423815,0
2050,314,15,0.01679811102833771,0
2050,314,29,0.14959152645070012,0
2050,314,33,0.05019794802024936,0
2050,314,39,0.18931484402133036,0
2050,314,41,0.17079686965447863,0
2050,314,47,0.01896507910661647,0
2050,314,94,0.053534214313950446,0
2050,314,120,0.26903716809009887,0
2050,315,10,0.04531712652903891,0
2050,315,19,0.09767681207273263,0
2050,315,29,0.28421670697449797,0
2050,315,39,0.17170603257589823,0
2050,315,41,0.13638319367864177,0
2050,315,60,0.09324955901165946,0
2050,315,65,0.06679752140631547,0
2050,315,105,0.05431294996855691,0
2050,315,120,0.05034009778265868,0
2050,316,4,0.10040807750562344,0
2050,316,19,0.02882217691179432,0
2050,316,29,0.013615083278604527,0
2050,316,34,0.0175061017073237,0
2050,316,39,0.04937933809885433,0
2050,316,41,0.041872548792979046,0
2050,316,60,0.06416160864170128,0
2050,316,65,0.08737382186627714,0
2050,316,85,0.14158960212422786,0
2050,316,105,0.3402816403081466,0
2050,316,120,0.11499000076446769,0
2050,317,4,0.09852935283839265,0
2050,317,18,0.10131443922133794,0
2050,317,19,0.11430164042178366,0
2050,317,60,0.023541453546032313,0
2050,317,85,0.28035373028730587,0
2050,317,105,0.04489345426917818,0
2050,317,107,0.11067077506090535,0
2050,317,115,0.03076254676022488,0
2050,317,120,0.1956326075948393,0
2050,318,4,0.10843494116213505,0
2050,318,18,0.02273070735926574,0
2050,318,19,0.04576991278710778,0
2050,318,21,0.013271512048572414,0
2050,318,29,0.05073740260363981,0
2050,318,39,0.21239021459951912,0
2050,318,40,0.10907670870768789,0
2050,318,41,0.12161633964862714,0
2050,318,105,0.07634998625901752,0
2050,318,120,0.2396222748244274,0
2050,319,39,1.0,0
2050,320,18,0.3623844126259797,0
2050,320,19,0.03773843571452986,0
2050,320,29,0.10209774778302684,0
2050,320,38,0.02456262080332214,0
2050,320,56,0.11689600127909737,0
2050,320,85,0.2575845620544785,0
2050,320,105,0.09873621973956558,0
2050,321,4,0.03753815197274961,0
2050,321,27,0.11080339440924958,0
2050,321,36,0.047821574166782975,0
2050,321,38,0.040471838550378884,0
2050,321,39,0.23223422731631538,0
2050,321,41,0.07544847260989927,0
2050,321,47,0.06780659575127639,0
2050,321,85,0.0267471639441371,0
2050,321,114,0.05521768455560743,0
2050,321,120,0.30591089672360344,0
2050,322,7,0.11817452476880139,0
2050,322,18,0.21653488600244503,0
2050,322,21,0.07318955042220283,0
2050,322,29,0.019872549732697788,0
2050,322,33,0.021310963317085773,0
2050,322,39,0.27612356027402346,0
2050,322,41,0.10805529543605842,0
2050,322,47,0.033173442659184656,0
2050,322,105,0.04803981934380797,0
2050,322,120,0.08552540804369262,0
2050,323,4,0.09717656959303779,0
2050,323,7,0.0899057123925042,0
2050,323,18,0.12732358389224968,0
2050,323,21,0.08791161229818867,0
2050,323,39,0.3784073263829871,0
2050,323,41,0.05995728706265093,0
2050,323,65,0.017739374170117957,0
2050,323,105,0.03930702555462957,0
2050,323,120,0.10227150865363421,0
2050,324,9,0.03556327440594323,0
2050,324,14,0.03093892992064152,0
2050,324,18,0.13001444042299953,0
2050,324,23,0.2752875945120872,0
2050,324,39,0.38387447574041167,0
2050,324,41,0.060759289655358484,0
2050,324,43,0.012019665882246209,0
2050,324,50,0.04303922904404802,0
2050,324,101,0.028503100416264412,0
2050,325,23,1.0,0
2050,326,99,1.0,0
2050,327,69,1.0,0
2050,328,4,0.07871974241453843,0
2050,328,12,0.048468086774702726,0
2050,328,18,0.05067156687042822,0
2050,328,19,0.01806552622355146,0
2050,328,23,0.06146461461897829,0
2050,328,36,0.03544839178924121,0
2050,328,41,0.07908647392267039,0
2050,328,51,0.09525826989130934,0
2050,328,54,0.024021658515428427,0
2050,328,58,0.01700014542675476,0
2050,328,60,0.14805034939292233,0
2050,328,85,0.11426319190233664,0
2050,328,107,0.1260708696729277,0
2050,328,111,0.07673783682592311,0
2050,328,113,0.026673275758286964,0
2050,329,9,0.1612305365046786,0
2050,329,16,0.03677346701596152,0
2050,329,22,0.06689618319332719,0
2050,329,23,0.11702475939015486,0
2050,329,31,0.03639508092296775,0
2050,329,36,0.0686971901608763,0
2050,329,54,0.0894920606066093,0
2050,329,111,0.29009234501929154,0
2050,329,114,0.12301007606364654,0
2050,329,120,0.010388301122486327,0
2050,330,3,0.21377958233880126,0
2050,330,11,0.01190479987692505,0
2050,330,13,0.04148307369496676,0
2050,330,16,0.06928156963689235,0
2050,330,22,0.14263094200391468,0
2050,330,23,0.1676117398966287,0
2050,330,24,0.15929395025046206,0
2050,330,26,0.051063673477848626,0
2050,330,35,0.014342705216891943,0
2050,330,58,0.01678769873634067,0
2050,330,111,0.02645711599042423,0
2050,330,112,0.08536314887990373,0
2050,331,4,0.09527569501725287,0
2050,331,12,0.17921757470367328,0
2050,331,23,0.2556979977209106,0
2050,331,41,0.07789576971933808,0
2050,331,58,0.19992872005378204,0
2050,331,111,0.14239945102457585,0
2050,331,112,0.04958479176046712,0
2050,332,4,0.13124596688534443,0
2050,332,7,0.03223037117104085,0
2050,332,9,0.010657682918401605,0
2050,332,23,0.10465350025141525,0
2050,332,99,0.1484837207235252,0
2050,332,111,0.18770654874020667,0
2050,332,120,0.38502220931006603,0
2050,333,4,0.14947857606083306,0
2050,333,18,0.3318855524081559,0
2050,333,19,0.02672279812042393,0
2050,333,40,0.09009910503246654,0
2050,333,41,0.18613873185198532,0
2050,333,99,0.020113515736256374,0
2050,333,120,0.19556172078987902,0
2050,334,4,0.07163970828334923,0
2050,334,18,0.12990433536228121,0
2050,334,29,0.020172805961910616,0
2050,334,40,0.2006671911834552,0
2050,334,41,0.37339349967251584,0
2050,334,109,0.04682671780496965,0
2050,334,120,0.1573957417315182,0
2050,335,41,1.0,0
2050,336,29,1.0,0
2050,337,4,0.1729527455157105,0
2050,337,27,0.10448263249735912,0
2050,337,29,0.1597548058204258,0
2050,337,35,0.02386220851632225,0
2050,337,44,0.05154128663603914,0
2050,337,54,0.1501348863686604,0
2050,337,55,0.047847120439479314,0
2050,337,73,0.02156294763469996,0
2050,337,111,0.26786136657130344,0
2050,338,4,0.34419261272836776,0
2050,338,13,0.04184895769473344,0
2050,338,29,0.026212116613801784,0
2050,338,42,0.029167768457221206,0
2050,338,108,0.02467665362512044,0
2050,338,111,0.34295930598503754,0
2050,338,115,0.011365661886917663,0
2050,338,120,0.17957692300880013,0
2050,339,4,0.42850188690921753,0
2050,339,12,0.019961340273152828,0
2050,339,29,0.11650364047017892,0
2050,339,51,0.11501150382715221,0
2050,339,55,0.0161203565363053,0
2050,339,111,0.19865773432136113,0
2050,339,120,0.10524353766263204,0
2050,340,4,0.5201355853228954,0
2050,340,29,0.09883944896510165,0
2050,340,40,0.0922673819348937,0
2050,340,41,0.02584879777192708,0
2050,340,51,0.11516872860836921,0
2050,340,109,0.014001559079726819,0
2050,340,111,0.10835647672964348,0
2050,340,120,0.025382021587442755,0
2050,341,4,0.3023109365683405,0
2050,341,11,0.14510311654966843,0
2050,341,22,0.07665772718054728,0
2050,341,44,0.010607870242763164,0
2050,341,45,0.015373753788152528,0
2050,341,54,0.12964479845293678,0
2050,341,111,0.3203017972175912,0
2050,342,4,0.20575859324070112,0
2050,342,29,0.080865509468373,0
2050,342,42,0.10202773696672476,0
2050,342,56,0.0400170383354807,0
2050,342,85,0.13795813480164365,0
2050,342,107,0.03479208158783718,0
2050,342,111,0.3062842049181355,0
2050,342,116,0.09229670068110409,0
2050,343,111,1.0,0
2050,344,4,0.34974499463829817,0
2050,344,10,0.04857009766390557,0
2050,344,12,0.20267666585802893,0
2050,344,48,0.022130537200070372,0
2050,344,111,0.35021444109874056,0
2050,344,112,0.026663263540956494,0
2050,345,4,0.40258229882882457,0
2050,345,10,0.018265069762056368,0
2050,345,29,0.04697044027754758,0
2050,345,31,0.05924780321182756,0
2050,345,39,0.026256678064108634,0
2050,345,54,0.016312762274612414,0
2050,345,88,0.01581031074751453,0
2050,345,99,0.025358070445664873,0
2050,345,111,0.1324922974869845,0
2050,345,120,0.2567042689008589,0
2050,346,4,0.19080408935819168,0
2050,346,10,0.08316910729040644,0
2050,346,13,0.3064076240742758,0
2050,346,31,0.029140620040295835,0
2050,346,39,0.05210112022550152,0
2050,346,41,0.11083908941193059,0
2050,346,94,0.07795030657339329,0
2050,346,111,0.1495880430260048,0
2050,347,13,1.0,0
2050,348,4,0.09438219502045371,0
2050,348,11,0.07847047758693776,0
2050,348,13,0.2741394888927484,0
2050,348,35,0.272581777742978,0
2050,348,54,0.24455800273454273,0
2050,348,87,0.035868058022339465,0
2050,349,4,0.1500225527293332,0
2050,349,11,0.03200959535261956,0
2050,349,13,0.09060994434282076,0
2050,349,27,0.010045394469522212,0
2050,349,35,0.1778909141673241,0
2050,349,54,0.03984179176741897,0
2050,349,69,0.05528703957981619,0
2050,349,73,0.20838019809389416,0
2050,349,87,0.09805710624646723,0
2050,349,106,0.016829294319214632,0
2050,349,111,0.12102616893156899,0
2050,350,4,0.2914230036769453,0
2050,350,7,0.011366321957829115,0
2050,350,23,0.1134067851070344,0
2050,350,27,0.05125257845252006,0
2050,350,85,0.23927926227687898,0
2050,350,106,0.05360326102746773,0
2050,350,111,0.23966878750132437,0
2050,351,4,0.4109700890788179,0
2050,351,7,0.03823733872668231,0
2050,351,13,0.22006850845343204,0
2050,351,54,0.1118591884194011,0
2050,351,56,0.027883575002156664,0
2050,351,85,0.08219285212109588,0
2050,351,99,0.05170576120670217,0
2050,351,107,0.05708268699171185,0
2050,352,4,0.5216189585130426,0
2050,352,12,0.0635537424929207,0
2050,352,13,0.1877734017186006,0
2050,352,19,0.0503991004272682,0
2050,352,107,0.019163280277191302,0
2050,352,111,0.15749151657097663,0
2050,353,4,0.621523873329151,0
2050,353,13,0.041203242175523194,0
2050,353,54,0.1960865683357108,0
2050,353,111,0.1411863161596149,0
2050,354,4,1.0,0
2050,355,4,0.7803120192766594,0
2050,355,18,0.045805597526168855,0
2050,355,41,0.1142680207666735,0
2050,355,120,0.059614362430498224,0
2050,356,4,0.6313197798668323,0
2050,356,7,0.16391222621610285,0
2050,356,18,0.027974779617200168,0
2050,356,29,0.02584146867261005,0
2050,356,41,0.10656059973233997,0
2050,356,111,0.04439114589491468,0
2050,357,4,0.4637446319610404,0
2050,357,7,0.05069160573573171,0
2050,357,29,0.06631382965809873,0
2050,357,41,0.07569414926671839,0
2050,357,57,0.026285071258616188,0
2050,357,111,0.24064348644567043,0
2050,357,120,0.07662722567412432,0
2050,358,4,0.3910127216048864,0
2050,358,12,0.01969165211868465,0
2050,358,16,0.09469279105229551,0
2050,358,36,0.03573904920247955,0
2050,358,47,0.0369417750340472,0
2050,358,51,0.10604641571583671,0
2050,358,54,0.028730181713091173,0
2050,358,60,0.014847004976622983,0
2050,358,107,0.03785140052520526,0
2050,358,111,0.14723366822016026,0
2050,358,120,0.0872133398366904,0
2050,359,4,0.3107643510153376,0
2050,359,36,0.17087389590807336,0
2050,359,40,0.04908265341041585,0
2050,359,41,0.0587490457705522,0
2050,359,51,0.043885972826429226,0
2050,359,54,0.03393572432110749,0
2050,359,60,0.07629966763430424,0
2050,359,111,0.20448492493342296,0
2050,359,120,0.051923764180357254,0
2050,360,4,0.22912872455914762,0
2050,360,9,0.050367305322853474,0
2050,360,24,0.052184959028092254,0
2050,360,27,0.054236754552809165,0
2050,360,29,0.17230810213903713,0
2050,360,36,0.13621758457790112,0
2050,360,54,0.1071801593313915,0
2050,360,86,0.049932482197168636,0
2050,360,106,0.04132600604683963,0
2050,360,111,0.0,0
2050,360,120,0.1071179222447595,0
2050,361,4,0.08200463129509837,0
2050,361,13,0.23653736003792883,0
2050,361,16,0.12234855316065785,0
2050,361,18,0.026617528580342456,0
2050,361,21,0.060955429483809144,0
2050,361,51,0.11190486249453302,0
2050,361,54,0.1521664906304139,0
2050,361,64,0.04438478090736368,0
2050,361,99,0.049887318698921206,0
2050,361,107,0.11319304471093164,0
2050,362,54,1.0,0
2050,363,4,0.10131535368732525,0
2050,363,12,0.031540970257933995,0
2050,363,13,0.05342019426628595,0
2050,363,16,0.0957241431660919,0
2050,363,18,0.049794730912199194,0
2050,363,29,0.15600119370253618,0
2050,363,54,0.12322043023237672,0
2050,363,56,0.11633642817973541,0
2050,363,65,0.013593216758399477,0
2050,363,95,0.022355296000414613,0
2050,363,96,0.02302044465867247,0
2050,363,99,0.01944032148734449,0
2050,363,105,0.06276186058477025,0
2050,363,111,0.05030425478910296,0
2050,363,116,0.08117116131681094,0
2050,364,4,0.09313118040226738,0
2050,364,7,0.03804124449937896,0
2050,364,12,0.1537588621808551,0
2050,364,18,0.04926257898938054,0
2050,364,23,0.11219172876313922,0
2050,364,36,0.06739594532387808,0
2050,364,40,0.08066074346392806,0
2050,364,54,0.01257042263596556,0
2050,364,56,0.04759580706111304,0
2050,364,58,0.04600623340172132,0
2050,364,99,0.12062060296168729,0
2050,364,111,0.1176216193670077,0
2050,364,113,0.022119897699464357,0
2050,364,116,0.039023133250213324,0
2050,365,4,0.2117015987995639,0
2050,365,12,0.0710043344706831,0
2050,365,18,0.025601975705943678,0
2050,365,19,0.03245352603263729,0
2050,365,20,0.010309339390584258,0
2050,365,29,0.012679463298221208,0
2050,365,41,0.07398398516994203,0
2050,365,56,0.12138270035977047,0
2050,365,58,0.04200388871488293,0
2050,365,99,0.14374556073606776,0
2050,365,111,0.06251726124250902,0
2050,365,115,0.02054670143250081,0
2050,365,120,0.17206966464669338,0
