year,period,rep_period,weight,scenario
2050,1,2,0.030888514338516655,0
2050,1,4,0.2765998188108586,0
2050,1,10,0.2356127929441756,0
2050,1,12,0.3792973537486224,0
2050,1,16,0.07760152015782691,0
2050,2,4,0.44959949298425755,0
2050,2,7,0.019432502821030085,0
2050,2,9,0.018469779757415376,0
2050,2,10,0.2868052675323174,0
2050,2,12,0.14070367388951055,0
2050,2,16,0.08498928301546914,0
2050,3,2,0.05452807826402492,0
2050,3,4,0.40492499413012034,0
2050,3,9,0.08958401640802754,0
2050,3,10,0.34160507867913487,0
2050,3,12,0.06425222555309507,0
2050,3,16,0.04510560696559728,0
2050,4,2,0.031919944179248996,0
2050,4,4,0.2411111822458954,0
2050,4,9,0.15990772517005136,0
2050,4,10,0.48140037825477333,0
2050,4,12,0.085660770150031,0
2050,5,10,1.0,0
2050,6,1,0.0249498011749483,0
2050,6,3,0.23895908198458635,0
2050,6,4,0.034879892354603814,0
2050,6,5,0.10800721421460321,0
2050,6,6,0.023172440452157172,0
2050,6,10,0.1824292423022798,0
2050,6,12,0.3108610536188669,0
2050,6,14,0.03628720384249877,0
2050,6,16,0.04045407005545576,0
2050,7,2,0.04389427706917008,0
2050,7,4,0.32205013663460746,0
2050,7,6,0.0707311903866455,0
2050,7,10,0.3155733378418825,0
2050,7,12,0.1823933875810179,0
2050,7,16,0.06535767048667647,0
2050,8,4,0.5472818298933064,0
2050,8,10,0.24141720031634545,0
2050,8,16,0.21130096979034824,0
2050,9,4,0.2040455172124958,0
2050,9,7,0.29035195069799874,0
2050,9,9,0.0406627458240036,0
2050,9,10,0.3399089653713323,0
2050,9,16,0.12503082089416967,0
2050,10,3,0.055920234456784804,0
2050,10,4,0.23845662042349142,0
2050,10,7,0.26311878225757174,0
2050,10,9,0.0795977053370204,0
2050,10,10,0.11906785007667871,0
2050,10,12,0.11857377673824522,0
2050,10,14,0.12526503071020784,0
2050,11,4,0.27710589108928685,0
2050,11,7,0.23291287380214892,0
2050,11,9,0.1661168149033124,0
2050,11,10,0.1945156544471348,0
2050,11,12,0.08908209615691194,0
2050,11,16,0.040266669601205334,0
2050,12,4,0.2755790917762978,0
2050,12,7,0.29176611261624213,0
2050,12,9,0.08008526705524055,0
2050,12,10,0.2897749997634525,0
2050,12,12,0.06279452878876718,0
2050,13,2,0.018684716043827907,0
2050,13,4,0.3969779502633768,0
2050,13,7,0.16225357694489254,0
2050,13,9,0.05563541686733586,0
2050,13,10,0.2099869792946446,0
2050,13,12,0.031733281863422676,0
2050,13,16,0.12472807872249943,0
2050,14,2,0.013694049088030853,0
2050,14,4,0.4438952740278173,0
2050,14,7,0.13608169103662834,0
2050,14,10,0.15452999799532047,0
2050,14,12,0.017673144005090017,0
2050,14,16,0.23412584384711305,0
2050,15,4,0.4679929961275607,0
2050,15,5,0.027490959957623833,0
2050,15,7,0.0929740281590998,0
2050,15,9,0.18344883039457577,0
2050,15,16,0.22809318536114004,0
2050,16,2,0.045055181341936965,0
2050,16,4,0.3536732960376377,0
2050,16,9,0.21181858037044582,0
2050,16,10,0.09157158503794326,0
2050,16,11,0.0801000657099714,0
2050,16,12,0.03397956807775533,0
2050,16,16,0.18380172342430956,0
2050,17,2,0.05649095502652583,0
2050,17,3,0.13230215865824665,0
2050,17,4,0.2449640160139125,0
2050,17,9,0.059926280640680334,0
2050,17,10,0.13177903437276067,0
2050,17,11,0.058190093255830126,0
2050,17,12,0.24417036645638687,0
2050,17,13,0.01133781460059412,0
2050,17,16,0.060839280975062825,0
2050,18,1,0.12495334133498093,0
2050,18,3,0.01631773504552385,0
2050,18,4,0.2633661348656738,0
2050,18,5,0.04648883711630455,0
2050,18,6,0.10516975014648146,0
2050,18,9,0.062351741991868215,0
2050,18,10,0.07846160077775456,0
2050,18,11,0.30289085872141275,0
2050,19,1,0.21563205190373164,0
2050,19,3,0.22629576676475693,0
2050,19,5,0.13548070436037418,0
2050,19,6,0.10274724356622626,0
2050,19,11,0.18421055271473705,0
2050,19,13,0.1356336806901738,0
2050,20,1,0.10664475697632633,0
2050,20,2,0.06163947875726895,0
2050,20,3,0.09729385800215627,0
2050,20,4,0.11034472952316418,0
2050,20,5,0.08572036567956973,0
2050,20,6,0.19310064987211178,0
2050,20,9,0.06874793121323525,0
2050,20,11,0.17751919155701135,0
2050,20,13,0.098989038419156,0
2050,21,1,0.07025307257179675,0
2050,21,2,0.0273868356607763,0
2050,21,3,0.05572108101696408,0
2050,21,4,0.13126882681341365,0
2050,21,5,0.09947645631567537,0
2050,21,6,0.0283167050283697,0
2050,21,9,0.01850365693166202,0
2050,21,11,0.47642321190546305,0
2050,21,16,0.09265015375587901,0
2050,22,1,0.18679332281848746,0
2050,22,3,0.3028366588619483,0
2050,22,5,0.163124411968752,0
2050,22,9,0.03728668598958734,0
2050,22,11,0.20632739111031703,0
2050,22,13,0.1036315292509079,0
2050,23,3,1.0,0
2050,24,3,0.32629575615462697,0
2050,24,4,0.1401380380740769,0
2050,24,7,0.0843876634328816,0
2050,24,9,0.03441812577286658,0
2050,24,10,0.02632195949545451,0
2050,24,12,0.19745548393329002,0
2050,24,16,0.1909829731368034,0
2050,25,1,0.04646213274157838,0
2050,25,3,0.40636052804162104,0
2050,25,7,0.0750834560833274,0
2050,25,8,0.0568167061082607,0
2050,25,10,0.0742401079517731,0
2050,25,11,0.08388092579793689,0
2050,25,13,0.12047778022205254,0
2050,25,15,0.02254159729335087,0
2050,25,16,0.11413676576009889,0
2050,26,1,0.0577627535553214,0
2050,26,3,0.1360035760634037,0
2050,26,4,0.24193808684394522,0
2050,26,8,0.11891316960886282,0
2050,26,9,0.019852250674512285,0
2050,26,12,0.20922385761816273,0
2050,26,16,0.21630630563579195,0
2050,27,1,0.012674887615356872,0
2050,27,3,0.02142583623975069,0
2050,27,4,0.18022101215425929,0
2050,27,5,0.08625117059206262,0
2050,27,7,0.11355453814227996,0
2050,27,8,0.05776316545029326,0
2050,27,10,0.07805997694548826,0
2050,27,11,0.18088329038262652,0
2050,27,13,0.05594342519519763,0
2050,27,16,0.2132226972826848,0
2050,28,4,0.23463825528180968,0
2050,28,7,0.12561552604542792,0
2050,28,8,0.07212423123975907,0
2050,28,9,0.07385920235750573,0
2050,28,12,0.22158622331552053,0
2050,28,16,0.272176561759977,0
2050,29,4,0.3111653079111553,0
2050,29,7,0.08072313896393638,0
2050,29,9,0.39695841488555605,0
2050,29,16,0.2111531382393523,0
2050,30,9,1.0,0
2050,31,3,0.13675145495628993,0
2050,31,6,0.08543268162592613,0
2050,31,9,0.41620509965481284,0
2050,31,10,0.04383751987294052,0
2050,31,11,0.1986436004582043,0
2050,31,13,0.06884170798213515,0
2050,31,16,0.05028793544969121,0
2050,32,1,0.035459327086551376,0
2050,32,4,0.1534182164332552,0
2050,32,6,0.12143448261834519,0
2050,32,7,0.015821634943705087,0
2050,32,8,0.046773814019277854,0
2050,32,9,0.33271019180773187,0
2050,32,12,0.0966416366073178,0
2050,32,16,0.19774069648381565,0
2050,33,1,0.1532533898881259,0
2050,33,2,0.03980252084963675,0
2050,33,4,0.030313329634605472,0
2050,33,5,0.06396711661457505,0
2050,33,6,0.10559477695148384,0
2050,33,7,0.06210101659882044,0
2050,33,9,0.18888481352545877,0
2050,33,11,0.023680924103159327,0
2050,33,13,0.08881120599233813,0
2050,33,16,0.2435909058417963,0
2050,34,1,0.04398657424996591,0
2050,34,2,0.030397440170276208,0
2050,34,3,0.2933069476107243,0
2050,34,5,0.0562283434814001,0
2050,34,11,0.34145606807368173,0
2050,34,13,0.028917238393439636,0
2050,34,16,0.2057073880205122,0
2050,35,3,0.41137571254762284,0
2050,35,5,0.18515365057029615,0
2050,35,9,0.05147274954775057,0
2050,35,11,0.1288865671174092,0
2050,35,14,0.10298256510786703,0
2050,35,16,0.12012875510905413,0
2050,36,1,0.03752690530976298,0
2050,36,3,0.42011642794509346,0
2050,36,5,0.07140128431376848,0
2050,36,7,0.09320440984197235,0
2050,36,9,0.09209631550147727,0
2050,36,11,0.03008078483348723,0
2050,36,14,0.22912266545421356,0
2050,36,16,0.02645120680022469,0
2050,37,3,0.020197693608231867,0
2050,37,4,0.06944119759445927,0
2050,37,6,0.05164174363923952,0
2050,37,7,0.11201499582359442,0
2050,37,9,0.3905555344146532,0
2050,37,12,0.11392938435771653,0
2050,37,14,0.2422194505621052,0
2050,38,2,0.018547940517440298,0
2050,38,4,0.3261278212438253,0
2050,38,6,0.08147682816911475,0
2050,38,7,0.03305281292332248,0
2050,38,9,0.16345758437251268,0
2050,38,12,0.2627665373818652,0
2050,38,14,0.1145704753919194,0
2050,39,2,0.018844478235142893,0
2050,39,4,0.22070771621145,0
2050,39,6,0.04909775578741917,0
2050,39,7,0.20145318165656587,0
2050,39,9,0.17171133276750764,0
2050,39,10,0.16848565465298418,0
2050,39,12,0.021526701939052834,0
2050,39,16,0.14817317874987748,0
2050,40,3,0.09037292575524457,0
2050,40,5,0.09299775025061675,0
2050,40,7,0.11151875438069066,0
2050,40,9,0.11547037089236682,0
2050,40,10,0.239719915006029,0
2050,40,12,0.1392568056136989,0
2050,40,13,0.03671017602895457,0
2050,40,16,0.1739533020723988,0
2050,41,2,0.01564480765917861,0
2050,41,3,0.1657522744178529,0
2050,41,5,0.06883226971641,0
2050,41,6,0.3304744933900239,0
2050,41,7,0.0642931405806853,0
2050,41,9,0.017663959444655167,0
2050,41,10,0.13279575091816076,0
2050,41,13,0.10561302581696344,0
2050,41,16,0.09893027805606999,0
2050,42,1,0.08104840124619148,0
2050,42,3,0.19884654968034907,0
2050,42,5,0.11879823098968605,0
2050,42,6,0.47089454570245637,0
2050,42,12,0.06337455511453488,0
2050,42,13,0.0670377172667822,0
2050,43,1,0.16102511280880413,0
2050,43,3,0.10064361542102214,0
2050,43,4,0.08485121247917969,0
2050,43,6,0.40371940646183346,0
2050,43,10,0.07935191668853844,0
2050,43,11,0.17040873614062205,0
2050,44,1,0.1921554324290191,0
2050,44,3,0.2013921743297994,0
2050,44,4,0.16927324244302402,0
2050,44,5,0.07797634807818142,0
2050,44,6,0.02846931068396305,0
2050,44,7,0.043651257457098726,0
2050,44,8,0.08037931174733878,0
2050,44,12,0.04851852351796361,0
2050,44,14,0.015489748254902746,0
2050,44,16,0.14269465105870896,0
2050,45,1,0.18393167960283296,0
2050,45,3,0.08092885417647716,0
2050,45,5,0.11265576880553967,0
2050,45,7,0.022933407953160928,0
2050,45,8,0.07503210808157601,0
2050,45,11,0.08519431715510274,0
2050,45,13,0.15122021825777388,0
2050,45,16,0.2881036459675367,0
2050,46,1,0.053463852072100165,0
2050,46,2,0.07302056861376828,0
2050,46,4,0.2698207674498302,0
2050,46,6,0.021094190171544094,0
2050,46,9,0.10638715287965085,0
2050,46,10,0.021430871714120846,0
2050,46,11,0.20734686833076035,0
2050,46,12,0.17728634211391286,0
2050,46,16,0.07014938665431251,0
2050,47,2,0.04264608886892739,0
2050,47,4,0.13646779821713556,0
2050,47,6,0.13293300264841287,0
2050,47,9,0.2425301220767869,0
2050,47,10,0.05898967134281964,0
2050,47,11,0.18025995268061407,0
2050,47,12,0.20617336416530366,0
2050,48,2,0.03186819939542016,0
2050,48,4,0.04175665256845585,0
2050,48,6,0.1277756824806132,0
2050,48,9,0.35503901405890925,0
2050,48,11,0.18326898659593144,0
2050,48,12,0.1873091668442934,0
2050,48,16,0.07298229805637677,0
2050,49,2,0.051526333312783335,0
2050,49,4,0.08372697759849138,0
2050,49,6,0.1557475142750853,0
2050,49,9,0.1058341976779708,0
2050,49,10,0.037448032423259565,0
2050,49,12,0.35250759836526296,0
2050,49,16,0.21320934634714667,0
2050,50,2,0.0547342013224663,0
2050,50,4,0.35572655741367737,0
2050,50,6,0.09054472762984367,0
2050,50,10,0.050286496282836324,0
2050,50,12,0.36874727821249076,0
2050,50,16,0.07996073913868537,0
2050,51,2,0.046643134728106286,0
2050,51,4,0.3314889094380765,0
2050,51,5,0.023664577273695336,0
2050,51,6,0.25782552831719385,0
2050,51,10,0.10658423154789334,0
2050,51,13,0.02417606835342155,0
2050,51,16,0.20961755034161317,0
2050,52,2,0.04251932095601989,0
2050,52,4,0.032591770401892796,0
2050,52,6,0.0138905749447264,0
2050,52,9,0.3465935849457247,0
2050,52,10,0.07910347097960134,0
2050,52,11,0.27976221384510425,0
2050,52,13,0.062075173890162094,0
2050,52,16,0.14346389003676863,0
2050,53,2,0.06653777355639208,0
2050,53,3,0.09470897186026513,0
2050,53,4,0.045927416205190454,0
2050,53,6,0.06299493460523183,0
2050,53,9,0.25576321188992274,0
2050,53,10,0.018815345938293638,0
2050,53,11,0.06781895070579959,0
2050,53,12,0.22481419299191352,0
2050,53,16,0.16261920224699114,0
2050,54,4,0.2136676417759317,0
2050,54,8,0.012985747057584223,0
2050,54,9,0.2282144827284683,0
2050,54,12,0.2024013702420031,0
2050,54,16,0.3427307581960126,0
2050,55,16,1.0,0
2050,56,3,0.1382948686723886,0
2050,56,5,0.05351236330870518,0
2050,56,9,0.057324313224621705,0
2050,56,11,0.2799805400265559,0
2050,56,14,0.1714177890915847,0
2050,56,15,0.04137734202862557,0
2050,56,16,0.2580927836475185,0
2050,57,1,0.05760341222728216,0
2050,57,3,0.2716297536053438,0
2050,57,5,0.05696557641435089,0
2050,57,8,0.10907289649477389,0
2050,57,12,0.1606169806132652,0
2050,57,16,0.3441113806449841,0
2050,58,1,0.10347994333100567,0
2050,58,3,0.09724013557593061,0
2050,58,5,0.11535614347401897,0
2050,58,6,0.0772861282305075,0
2050,58,9,0.015261849542543778,0
2050,58,11,0.08633175422239972,0
2050,58,12,0.014538319389612503,0
2050,58,13,0.08942018760681447,0
2050,58,16,0.4010855386271667,0
2050,59,1,0.12953675395481287,0
2050,59,3,0.13091386786441495,0
2050,59,8,0.1569532787599302,0
2050,59,12,0.21130221032083943,0
2050,59,16,0.3712938891000026,0
2050,60,4,0.3619069528162466,0
2050,60,7,0.03937648695175111,0
2050,60,8,0.02155434186938108,0
2050,60,12,0.1655832814799274,0
2050,60,16,0.41157893688269376,0
2050,61,4,0.1179000495147942,0
2050,61,7,0.23500479212433534,0
2050,61,8,0.028969806306214367,0
2050,61,9,0.088325432195588,0
2050,61,10,0.12622512684421636,0
2050,61,12,0.09088325357616678,0
2050,61,14,0.07056745614663035,0
2050,61,16,0.2421240832920547,0
2050,62,2,0.05391352820274095,0
2050,62,4,0.08915539317184462,0
2050,62,7,0.4038719227124852,0
2050,62,10,0.22524860604400732,0
2050,62,12,0.1888639544162421,0
2050,62,14,0.013822678885047252,0
2050,62,16,0.025123916567632538,0
2050,63,1,0.017276347287687843,0
2050,63,5,0.05190078001940998,0
2050,63,7,0.30787000008332427,0
2050,63,8,0.10842151699888618,0
2050,63,10,0.10160842976536633,0
2050,63,11,0.10278100542553846,0
2050,63,14,0.012852572999175237,0
2050,63,16,0.2972893474206118,0
2050,64,1,0.023753602450767762,0
2050,64,3,0.48918153778632417,0
2050,64,7,0.22570862442738213,0
2050,64,11,0.07940006278052454,0
2050,64,12,0.06520581159767248,0
2050,64,14,0.018544547019584374,0
2050,64,16,0.09820581393774447,0
2050,65,3,0.17874236733353638,0
2050,65,7,0.04882344551488317,0
2050,65,9,0.05240027680055714,0
2050,65,10,0.1287925945954769,0
2050,65,11,0.03025365446600216,0
2050,65,12,0.5609876612895442,0
2050,66,12,1.0,0
2050,67,2,0.04983403903153663,0
2050,67,4,0.1312121115095109,0
2050,67,6,0.09390725707607073,0
2050,67,7,0.018105145281285137,0
2050,67,10,0.013174858697528422,0
2050,67,11,0.09054264928382824,0
2050,67,12,0.6032239391202399,0
2050,68,1,0.06773238737035975,0
2050,68,3,0.05099167709652325,0
2050,68,4,0.0687034400075191,0
2050,68,6,0.0639029773232868,0
2050,68,8,0.09574189933620815,0
2050,68,11,0.3373579834790844,0
2050,68,12,0.30460853422101897,0
2050,68,14,0.010961101165999576,0
2050,69,1,0.07767368129649578,0
2050,69,2,0.1682036965478581,0
2050,69,4,0.19156104179442962,0
2050,69,5,0.044646682484572556,0
2050,69,6,0.06176308264126461,0
2050,69,11,0.09719999937967055,0
2050,69,12,0.3589518158557088,0
2050,70,1,0.030878017500449773,0
2050,70,4,0.1180096917549022,0
2050,70,5,0.047917050771515174,0
2050,70,6,0.07502112463296748,0
2050,70,7,0.017345169904615727,0
2050,70,10,0.016431401547863423,0
2050,70,11,0.32326435289468664,0
2050,70,12,0.07017706639006571,0
2050,70,14,0.09735614387305033,0
2050,70,15,0.12243658027277055,0
2050,70,16,0.08116340045711311,0
2050,71,3,0.053934110714899924,0
2050,71,4,0.09232193128892084,0
2050,71,6,0.040230726558211666,0
2050,71,7,0.09819928742908057,0
2050,71,9,0.026826210822154892,0
2050,71,10,0.08693939791099392,0
2050,71,11,0.22717664290788758,0
2050,71,12,0.1590071832438466,0
2050,71,14,0.15195232269403813,0
2050,71,15,0.06341218642996577,0
2050,72,2,0.06793841647004581,0
2050,72,4,0.2234870154587295,0
2050,72,5,0.017164426464051946,0
2050,72,6,0.22475590697413927,0
2050,72,7,0.11286096178613292,0
2050,72,9,0.07666080272921817,0
2050,72,11,0.1826874636470196,0
2050,72,12,0.06620146064771155,0
2050,72,16,0.02824354582295125,0
2050,73,1,0.059319984111657426,0
2050,73,2,0.05018501475176369,0
2050,73,4,0.25611027562020383,0
2050,73,5,0.053061539941722725,0
2050,73,6,0.18630877154886738,0
2050,73,7,0.13198890502742566,0
2050,73,11,0.07080329057585763,0
2050,73,12,0.0619522224903304,0
2050,73,16,0.13026999593217128,0
2050,74,1,0.010954576867061031,0
2050,74,3,0.03765381430188566,0
2050,74,4,0.11331943011802091,0
2050,74,5,0.10144146639286843,0
2050,74,6,0.11208904211951828,0
2050,74,7,0.2904426672710334,0
2050,74,10,0.04667471271582417,0
2050,74,11,0.021364348371264764,0
2050,74,12,0.2157348797735755,0
2050,74,16,0.05032506206894773,0
2050,75,2,0.06426273177170105,0
2050,75,6,0.26347524164558533,0
2050,75,7,0.19170733652855415,0
2050,75,10,0.18626342676767155,0
2050,75,12,0.23998383952788535,0
2050,75,13,0.05430742375860245,0
2050,76,2,0.07322307568544964,0
2050,76,5,0.015582172393095936,0
2050,76,6,0.4821426312399344,0
2050,76,7,0.22637564243062525,0
2050,76,10,0.0551175363868739,0
2050,76,11,0.07721526058383008,0
2050,76,12,0.025798910608647037,0
2050,76,13,0.044544770671543645,0
2050,77,1,0.11839094894916993,0
2050,77,5,0.21266043563514464,0
2050,77,6,0.2074806699078303,0
2050,77,7,0.21602240937444664,0
2050,77,8,0.04767627383187892,0
2050,77,11,0.19776926230152958,0
2050,78,1,0.16675144138442635,0
2050,78,3,0.04168994490503853,0
2050,78,5,0.11880230753497212,0
2050,78,6,0.106958250277774,0
2050,78,8,0.06648888525578404,0
2050,78,11,0.25387958497126173,0
2050,78,12,0.07270160095526838,0
2050,78,13,0.015173638459524096,0
2050,78,16,0.15755434625595074,0
2050,79,1,0.08282492815521866,0
2050,79,3,0.22093307099751736,0
2050,79,5,0.0998842544041412,0
2050,79,6,0.2753710287098229,0
2050,79,11,0.24389206570421118,0
2050,79,12,0.021100655818070177,0
2050,79,16,0.05599399621101861,0
2050,80,1,0.10656912853838127,0
2050,80,4,0.03995741538174378,0
2050,80,5,0.05087387465125938,0
2050,80,6,0.13019226041037912,0
2050,80,7,0.08885732085996398,0
2050,80,8,0.01756174912983211,0
2050,80,11,0.07155865016613452,0
2050,80,12,0.39953850175013295,0
2050,80,16,0.09489109911217275,0
2050,81,1,0.028570000457550936,0
2050,81,5,0.11212499095946375,0
2050,81,6,0.08954128906698645,0
2050,81,9,0.172226574844493,0
2050,81,11,0.155178977460412,0
2050,81,12,0.14811094951587805,0
2050,81,13,0.14040605910159318,0
2050,81,14,0.0336148941186578,0
2050,81,16,0.12022626447496482,0
2050,82,2,0.03192984918970412,0
2050,82,4,0.17002573491376802,0
2050,82,6,0.2612618629680997,0
2050,82,11,0.3081764911163918,0
2050,82,12,0.2286060618120364,0
2050,83,11,1.0,0
2050,84,3,0.2485815001061327,0
2050,84,5,0.10554211620039584,0
2050,84,6,0.06779583151775276,0
2050,84,7,0.11823095200772303,0
2050,84,9,0.052081770046095155,0
2050,84,11,0.306621150845582,0
2050,84,12,0.046028450582263264,0
2050,84,16,0.05511822869405521,0
2050,85,4,0.23725791588813663,0
2050,85,6,0.13865673854489577,0
2050,85,7,0.02312132677266185,0
2050,85,9,0.23104754391730656,0
2050,85,10,0.03321536843882295,0
2050,85,11,0.20000132658034403,0
2050,85,12,0.13669977985783238,0
2050,86,3,0.02769520344210131,0
2050,86,6,0.13655499954005884,0
2050,86,7,0.10983031214186716,0
2050,86,10,0.11176467930056908,0
2050,86,11,0.213128492293619,0
2050,86,13,0.15505992763744653,0
2050,86,14,0.08296788857503316,0
2050,86,16,0.162998497069305,0
2050,87,3,0.2995146055187894,0
2050,87,4,0.053325555170667754,0
2050,87,7,0.3435853696733747,0
2050,87,8,0.06466062187116665,0
2050,87,11,0.12758620907558094,0
2050,87,12,0.02994108316954746,0
2050,87,16,0.08138655552087312,0
2050,88,4,0.3650183621175542,0
2050,88,5,0.015370155826078032,0
2050,88,7,0.29148467357935776,0
2050,88,9,0.11973529826969705,0
2050,88,11,0.05158789568579345,0
2050,88,12,0.0941243034944603,0
2050,88,16,0.06267931102705922,0
2050,89,2,0.010849196680428845,0
2050,89,4,0.22143372211952947,0
2050,89,7,0.5429514354733805,0
2050,89,9,0.14322955605777835,0
2050,89,10,0.027663160342918647,0
2050,89,12,0.053872929325964374,0
2050,90,4,0.09457804798241033,0
2050,90,7,0.6901754865992077,0
2050,90,9,0.045998827089830184,0
2050,90,11,0.0886663816213594,0
2050,90,16,0.08058125670719249,0
2050,91,7,1.0,0
2050,92,2,0.03727489291215667,0
2050,92,5,0.11331471067216324,0
2050,92,6,0.10750284103275831,0
2050,92,7,0.5735800262037256,0
2050,92,10,0.09200882331939948,0
2050,92,16,0.07631870585979666,0
2050,93,3,0.1657232231130358,0
2050,93,5,0.17353935637708243,0
2050,93,6,0.13314210616643987,0
2050,93,7,0.10596812673183977,0
2050,93,10,0.1592740585046557,0
2050,93,11,0.18143117057656358,0
2050,93,13,0.013625246768758748,0
2050,93,14,0.037394828060694954,0
2050,93,15,0.029901883700929065,0
2050,94,1,0.11672308863063549,0
2050,94,5,0.13224489003469947,0
2050,94,6,0.36281077002143736,0
2050,94,7,0.023774082266376062,0
2050,94,8,0.0882088178920692,0
2050,94,11,0.11843960195857162,0
2050,94,12,0.07485205179137785,0
2050,94,14,0.04330182665377743,0
2050,94,16,0.03964487075105541,0
2050,95,1,0.05843210436927322,0
2050,95,2,0.010586923533624214,0
2050,95,3,0.16279984732815786,0
2050,95,5,0.08830075485007358,0
2050,95,6,0.20484324674934382,0
2050,95,7,0.07175974594572174,0
2050,95,11,0.1770631788301232,0
2050,95,14,0.22621419839368237,0
2050,96,3,0.21644638075866746,0
2050,96,5,0.052442772618338115,0
2050,96,6,0.33065475556064905,0
2050,96,11,0.10746570736132126,0
2050,96,14,0.29299038370102404,0
2050,97,2,0.05521042556253728,0
2050,97,3,0.04027711781914981,0
2050,97,6,0.43421828251788885,0
2050,97,7,0.23535832140037524,0
2050,97,9,0.05733130995340452,0
2050,97,11,0.08191073720672144,0
2050,97,12,0.013137165147791528,0
2050,97,14,0.08255664039213129,0
2050,98,2,0.041182151371027084,0
2050,98,6,0.4907657040128042,0
2050,98,7,0.11002758964243961,0
2050,98,9,0.08905548079523223,0
2050,98,11,0.2437074353805756,0
2050,98,15,0.02526163879792117,0
2050,99,6,1.0,0
2050,100,1,0.025405833952602166,0
2050,100,4,0.0768145755126313,0
2050,100,6,0.5826774324259453,0
2050,100,8,0.05961030662353093,0
2050,100,11,0.2058510560091213,0
2050,100,14,0.01217351059992359,0
2050,100,15,0.037467284876245496,0
2050,101,5,0.0887923375073204,0
2050,101,6,0.12857100305140318,0
2050,101,7,0.10998179853725971,0
2050,101,8,0.24290530261240342,0
2050,101,12,0.20525706079321349,0
2050,101,13,0.08378025472185699,0
2050,101,16,0.14071224277654273,0
2050,102,2,0.14257663185057223,0
2050,102,4,0.2940455383438086,0
2050,102,6,0.2889433279818768,0
2050,102,7,0.09979627708665832,0
2050,102,11,0.02976744411774711,0
2050,102,12,0.14487078061933692,0
2050,103,2,0.050659026804308525,0
2050,103,4,0.15209984696117823,0
2050,103,6,0.3145132927038517,0
2050,103,7,0.12240928468162665,0
2050,103,11,0.06719108355298181,0
2050,103,13,0.1824833510836976,0
2050,103,15,0.09012689477452515,0
2050,103,16,0.02051721943783017,0
2050,104,2,0.11927849221383362,0
2050,104,4,0.20084214290583885,0
2050,104,6,0.25486120709692306,0
2050,104,7,0.2535853549667341,0
2050,104,8,0.02892751247887325,0
2050,104,11,0.0622882228719873,0
2050,104,12,0.08021706746580971,0
2050,105,1,0.0473962985651767,0
2050,105,2,0.169365692939975,0
2050,105,4,0.06126594616341828,0
2050,105,5,0.049185880120614825,0
2050,105,6,0.2530976386802672,0
2050,105,7,0.34175712212827153,0
2050,105,12,0.022386554036306613,0
2050,105,13,0.05554486736596982,0
2050,106,1,0.011545174369469637,0
2050,106,2,0.14698322609949369,0
2050,106,4,0.04442724906903752,0
2050,106,6,0.40214970421930274,0
2050,106,7,0.14094264041859791,0
2050,106,11,0.11294638223610096,0
2050,106,12,0.09548325329008224,0
2050,106,13,0.04552237029791532,0
2050,107,5,0.04640572077999504,0
2050,107,6,0.3262631936536845,0
2050,107,7,0.059413998623458766,0
2050,107,8,0.10544080567802802,0
2050,107,9,0.012286736630902167,0
2050,107,11,0.039857869325683325,0
2050,107,12,0.2317164551083642,0
2050,107,13,0.10413403142911604,0
2050,107,14,0.07448118877076788,0
2050,108,6,0.23496316280508456,0
2050,108,7,0.2276367340144735,0
2050,108,8,0.10642500016017603,0
2050,108,9,0.022670116681113312,0
2050,108,11,0.1576988446912913,0
2050,108,13,0.07025813843547396,0
2050,108,14,0.18034800321238725,0
2050,109,1,0.014466436494747584,0
2050,109,2,0.02986909942211701,0
2050,109,4,0.10970629376824505,0
2050,109,5,0.10455148652896816,0
2050,109,6,0.4773926783341909,0
2050,109,8,0.05049837326324961,0
2050,109,11,0.05718854921037774,0
2050,109,12,0.09543692227515707,0
2050,109,14,0.06089016070294675,0
2050,110,2,0.0727293622293792,0
2050,110,4,0.05624481160386485,0
2050,110,5,0.03755898566590646,0
2050,110,6,0.4544466748596552,0
2050,110,7,0.1578079896516273,0
2050,110,10,0.026763517478868105,0
2050,110,11,0.12798110145365515,0
2050,110,14,0.0664675570570439,0
2050,111,2,0.031261198140747896,0
2050,111,5,0.1858037324100474,0
2050,111,6,0.38204287511639556,0
2050,111,7,0.3258908592520573,0
2050,111,14,0.02715537156559692,0
2050,111,15,0.0478459635151549,0
2050,112,2,0.019157795581843842,0
2050,112,5,0.22166464657650103,0
2050,112,6,0.42681370352595566,0
2050,112,7,0.06533464056016389,0
2050,112,8,0.08081456623236771,0
2050,112,12,0.11347612484709761,0
2050,112,16,0.07273852267607031,0
2050,113,2,0.23802951600057667,0
2050,113,4,0.01808913198179788,0
2050,113,5,0.03264865377941131,0
2050,113,6,0.46109771206511624,0
2050,113,11,0.17172926625865387,0
2050,113,12,0.030719814608691803,0
2050,113,13,0.04768590530575233,0
2050,114,1,0.08945712963908752,0
2050,114,2,0.04687789706155071,0
2050,114,4,0.01229556460923743,0
2050,114,5,0.07134643142564963,0
2050,114,6,0.4245770896848679,0
2050,114,8,0.17390733027177463,0
2050,114,11,0.146998000925724,0
2050,114,12,0.02100506832463903,0
2050,114,15,0.013535488057469335,0
2050,115,5,0.16693126478073023,0
2050,115,6,0.056622350711606664,0
2050,115,7,0.05868035733545731,0
2050,115,8,0.3074546101682005,0
2050,115,11,0.0970846216924537,0
2050,115,12,0.1250318337646181,0
2050,115,13,0.12686812470913908,0
2050,115,16,0.06132683683779446,0
2050,116,1,0.041783900769586754,0
2050,116,5,0.19346782973452567,0
2050,116,6,0.22150436157957937,0
2050,116,8,0.19450233878547118,0
2050,116,11,0.2913649694768981,0
2050,116,13,0.03591681935106922,0
2050,116,14,0.021459780302869817,0
2050,117,3,0.1495901467417483,0
2050,117,5,0.24253411788107973,0
2050,117,6,0.04114287531485196,0
2050,117,7,0.06536956263739016,0
2050,117,8,0.21076994897326984,0
2050,117,11,0.2078247045241901,0
2050,117,14,0.08276864392746992,0
2050,118,3,0.08828691355935435,0
2050,118,5,0.14381858352845403,0
2050,118,6,0.16673484058792898,0
2050,118,7,0.212908923802706,0
2050,118,8,0.2363360536426094,0
2050,118,11,0.05771874288063116,0
2050,118,14,0.07380372905765165,0
2050,118,15,0.020392212940664414,0
2050,119,2,0.15384692288318688,0
2050,119,4,0.02297485437248949,0
2050,119,5,0.0893309897402136,0
2050,119,6,0.2437585438157323,0
2050,119,7,0.26907467457796097,0
2050,119,8,0.0846653354478501,0
2050,119,12,0.13634867916256654,0
2050,120,1,0.02051011271475284,0
2050,120,2,0.2826556961472854,0
2050,120,5,0.07127318956310416,0
2050,120,6,0.17556808325895434,0
2050,120,8,0.4052434563893925,0
2050,120,15,0.04474946192651072,0
2050,121,2,0.3209586869409297,0
2050,121,8,0.3052046703332791,0
2050,121,11,0.23660304320620687,0
2050,121,14,0.07418475148951403,0
2050,121,15,0.06304884803007041,0
2050,122,1,0.011702833366941544,0
2050,122,2,0.19844596004160164,0
2050,122,3,0.03310439254604895,0
2050,122,6,0.10201209056867201,0
2050,122,8,0.22882587765297874,0
2050,122,9,0.033552643558150325,0
2050,122,11,0.13156541563397287,0
2050,122,14,0.016803594179804496,0
2050,122,15,0.24398719245182954,0
2050,123,8,1.0,0
2050,124,2,0.34675650420199294,0
2050,124,5,0.031160552039081985,0
2050,124,8,0.2821210497816114,0
2050,124,9,0.054697951598858305,0
2050,124,11,0.04130380605064797,0
2050,124,13,0.0795905701021139,0
2050,124,15,0.08837858558386862,0
2050,124,16,0.07599098064182501,0
2050,125,2,0.2009854160908228,0
2050,125,7,0.10564325856465029,0
2050,125,8,0.3837756303564103,0
2050,125,15,0.1444086334873676,0
2050,125,16,0.1651870615007489,0
2050,126,2,0.31920529585734003,0
2050,126,4,0.1085706298766501,0
2050,126,7,0.06889014270689646,0
2050,126,8,0.2757846379075923,0
2050,126,14,0.019279979801435265,0
2050,126,15,0.10813384575743364,0
2050,126,16,0.1001354680926524,0
2050,127,2,0.4354528977736817,0
2050,127,5,0.10849501668857309,0
2050,127,8,0.17227151953137598,0
2050,127,12,0.02097235908018564,0
2050,127,15,0.2628082069261836,0
2050,128,1,0.0759607725910951,0
2050,128,2,0.3961661343984647,0
2050,128,6,0.10697584962216469,0
2050,128,8,0.09932208759542646,0
2050,128,15,0.32157515579284907,0
2050,129,2,0.271450922178975,0
2050,129,5,0.026182545850497917,0
2050,129,8,0.4831396274284647,0
2050,129,15,0.2192269045420623,0
2050,130,15,1.0,0
2050,131,2,0.13863692607071512,0
2050,131,8,0.23776834033228594,0
2050,131,12,0.09708408141042339,0
2050,131,15,0.5265106521865757,0
2050,132,2,0.46256812550519527,0
2050,132,4,0.03872869041548182,0
2050,132,8,0.1494534296466197,0
2050,132,12,0.05180671046844653,0
2050,132,15,0.29744304396425675,0
2050,133,2,1.0,0
2050,134,2,0.16200322364956268,0
2050,134,3,0.05749806265320998,0
2050,134,5,0.11219986909464422,0
2050,134,6,0.010814915318578349,0
2050,134,8,0.11020411140629324,0
2050,134,11,0.22213997349439402,0
2050,134,14,0.11455652824646703,0
2050,134,15,0.21058331613685038,0
2050,135,2,0.11515771900456807,0
2050,135,3,0.07740470682450362,0
2050,135,5,0.20001250173525814,0
2050,135,6,0.025141125528622375,0
2050,135,8,0.17315493680187413,0
2050,135,9,0.1140381785144963,0
2050,135,11,0.12653596449436552,0
2050,135,15,0.16855486709631176,0
2050,136,2,0.067616270937087,0
2050,136,5,0.13932519827525153,0
2050,136,8,0.3837677466708378,0
2050,136,11,0.04325995050219011,0
2050,136,12,0.02527988291515259,0
2050,136,15,0.18029550471409225,0
2050,136,16,0.16045544598538866,0
2050,137,1,0.0222745480474414,0
2050,137,2,0.2679492897954177,0
2050,137,4,0.11493312967199061,0
2050,137,5,0.1096845409544532,0
2050,137,7,0.07009296370331027,0
2050,137,11,0.04351356929982104,0
2050,137,12,0.06186168119589901,0
2050,137,15,0.28945259457331785,0
2050,137,16,0.020237682758349057,0
2050,138,2,0.18711106898483934,0
2050,138,4,0.10077828957497294,0
2050,138,5,0.12161224672621414,0
2050,138,8,0.33837383766194085,0
2050,138,11,0.15909939379464025,0
2050,138,15,0.09302516325739238,0
2050,139,2,0.24076168627662967,0
2050,139,5,0.17803441192196728,0
2050,139,7,0.1438424253690814,0
2050,139,8,0.19964749640544754,0
2050,139,15,0.042715792672863635,0
2050,139,16,0.19499818735401042,0
2050,140,2,0.05257260077639903,0
2050,140,5,0.26935057986350036,0
2050,140,8,0.21621652980950717,0
2050,140,11,0.15216832923042475,0
2050,140,14,0.10124600369653732,0
2050,140,15,0.2084459566236314,0
2050,141,2,0.06601911228999384,0
2050,141,3,0.11258154904905715,0
2050,141,5,0.20506460653039157,0
2050,141,8,0.16764182260273863,0
2050,141,11,0.186220430579839,0
2050,141,13,0.019542125273996794,0
2050,141,14,0.10324609618940922,0
2050,141,15,0.13968425748457386,0
2050,142,2,0.17918123063719607,0
2050,142,3,0.19015022327567643,0
2050,142,5,0.11796285317065056,0
2050,142,9,0.03197166914301034,0
2050,142,11,0.07696423368907715,0
2050,142,13,0.01876516484879391,0
2050,142,14,0.1661674794548814,0
2050,142,15,0.17292903944093294,0
2050,142,16,0.045908106339781214,0
2050,143,2,0.2785988876585624,0
2050,143,4,0.035002339339797864,0
2050,143,5,0.20216365416886653,0
2050,143,8,0.06747908763625242,0
2050,143,9,0.04419344795167135,0
2050,143,11,0.26890474880535964,0
2050,143,14,0.042517653754553374,0
2050,143,15,0.03473344096707613,0
2050,143,16,0.026406739717860336,0
2050,144,1,0.012704610614835802,0
2050,144,2,0.06166529231521234,0
2050,144,3,0.026026166459357514,0
2050,144,5,0.2502468601531735,0
2050,144,6,0.06567398669318647,0
2050,144,8,0.17652112150205776,0
2050,144,11,0.20049389275655624,0
2050,144,13,0.02433980365941804,0
2050,144,15,0.18232826584620238,0
2050,145,1,0.06156837578305538,0
2050,145,2,0.046224818992600405,0
2050,145,5,0.3069247538772348,0
2050,145,6,0.04117565473960013,0
2050,145,8,0.17512806556853772,0
2050,145,11,0.21028667163682202,0
2050,145,15,0.1586916594021497,0
2050,146,2,0.08938627121796205,0
2050,146,5,0.41881003971403596,0
2050,146,7,0.06445087105404988,0
2050,146,8,0.12462795238424215,0
2050,146,11,0.02616337135014953,0
2050,146,13,0.08400534357653736,0
2050,146,15,0.1925561507030231,0
2050,147,2,0.04770460896531651,0
2050,147,5,0.16009886623316966,0
2050,147,7,0.11640019106495832,0
2050,147,11,0.1573885725090049,0
2050,147,13,0.031711036391375576,0
2050,147,14,0.09576165175080248,0
2050,147,15,0.39093507308537256,0
2050,148,2,0.07713165117754768,0
2050,148,5,0.2455606493412419,0
2050,148,8,0.25603521428316056,0
2050,148,12,0.22688938710051565,0
2050,148,15,0.19438309809753432,0
2050,149,2,0.11574211256414853,0
2050,149,5,0.22056891438446108,0
2050,149,6,0.06026022984018222,0
2050,149,8,0.3148290600991475,0
2050,149,11,0.05183034698619135,0
2050,149,12,0.05683486052847536,0
2050,149,13,0.04146957747491983,0
2050,149,15,0.13846489812247428,0
2050,150,2,0.3916982073552648,0
2050,150,4,0.1424305533252865,0
2050,150,5,0.23921913448619672,0
2050,150,8,0.060615038337203546,0
2050,150,12,0.016730657753412405,0
2050,150,13,0.07012509088621757,0
2050,150,15,0.0791813178564186,0
2050,151,2,0.26391752951873454,0
2050,151,4,0.31433489833351047,0
2050,151,5,0.034040196898442725,0
2050,151,8,0.31999641955035313,0
2050,151,15,0.06771095569895924,0
2050,152,2,0.3328067804502078,0
2050,152,4,0.255610416091718,0
2050,152,5,0.0103139281474689,0
2050,152,8,0.12523287522134247,0
2050,152,11,0.10431117468026287,0
2050,152,15,0.17172482540899991,0
2050,153,2,0.19374221986294288,0
2050,153,4,0.16938486939358174,0
2050,153,5,0.12616399452070728,0
2050,153,8,0.3042684489434401,0
2050,153,12,0.046998859738380874,0
2050,153,15,0.06084656887348855,0
2050,153,16,0.09859503866745846,0
2050,154,2,0.5618496489947796,0
2050,154,4,0.2196222947158274,0
2050,154,5,0.1581837357926394,0
2050,154,6,0.032684172951138096,0
2050,154,16,0.027660147545615535,0
2050,155,2,0.40174021355260725,0
2050,155,4,0.014069947933331332,0
2050,155,5,0.06268967459344121,0
2050,155,6,0.2163207245232869,0
2050,155,11,0.17248418788637154,0
2050,155,15,0.1326952515109617,0
2050,156,2,0.11379461107349263,0
2050,156,3,0.041066362683243145,0
2050,156,5,0.19718320543242934,0
2050,156,6,0.13397165698316918,0
2050,156,8,0.32171643407530215,0
2050,156,12,0.04201283963295179,0
2050,156,15,0.15025489011941182,0
2050,157,2,0.29160218504173824,0
2050,157,4,0.07635278220219621,0
2050,157,5,0.07680460734474426,0
2050,157,6,0.07561373701294019,0
2050,157,8,0.10147210799273731,0
2050,157,12,0.22873974222928606,0
2050,157,15,0.14941483817635776,0
2050,158,2,0.4708283016561326,0
2050,158,4,0.08768838327650788,0
2050,158,5,0.07543192631977039,0
2050,158,6,0.21779868368505537,0
2050,158,8,0.0893798488810752,0
2050,158,12,0.058872856181458634,0
2050,159,2,0.3195226733740194,0
2050,159,4,0.09338488659060018,0
2050,159,5,0.22346913200060065,0
2050,159,8,0.19348557557516766,0
2050,159,14,0.17013773245961208,0
2050,160,2,0.18594592983085426,0
2050,160,5,0.3521223395598764,0
2050,160,8,0.29177709269796576,0
2050,160,14,0.17015463791130356,0
2050,161,2,0.30963489431709457,0
2050,161,4,0.0327493727571355,0
2050,161,5,0.2561204437942144,0
2050,161,6,0.059695553557472095,0
2050,161,8,0.2100032083937473,0
2050,161,14,0.13179652718033608,0
2050,162,1,0.043764198982937666,0
2050,162,2,0.13670853391942397,0
2050,162,4,0.10248304815323979,0
2050,162,5,0.3103508001428536,0
2050,162,6,0.20029679048122406,0
2050,162,8,0.1409817699548677,0
2050,162,14,0.06541485836545323,0
2050,163,1,0.09452646267335002,0
2050,163,2,0.12540256412000977,0
2050,163,5,0.3625822689346248,0
2050,163,6,0.09588061996535824,0
2050,163,8,0.05157439913472215,0
2050,163,11,0.1419746684952852,0
2050,163,14,0.04507082226982287,0
2050,163,15,0.08298819440682682,0
2050,164,1,0.05513123200690048,0
2050,164,2,0.04328584885052275,0
2050,164,5,0.40206034262891666,0
2050,164,6,0.025883774964601498,0
2050,164,8,0.19190736109069692,0
2050,164,11,0.11354518676744559,0
2050,164,12,0.03459205855295445,0
2050,164,14,0.06660422261881421,0
2050,164,15,0.06698997251914748,0
2050,165,1,0.11562857654079634,0
2050,165,2,0.28368577099660125,0
2050,165,4,0.019184369314422786,0
2050,165,5,0.28920314573434974,0
2050,165,6,0.20429214198885745,0
2050,165,12,0.05246267940363383,0
2050,165,15,0.035543316021338534,0
2050,166,2,0.2839720924768774,0
2050,166,4,0.09581968383588924,0
2050,166,5,0.42483846322656865,0
2050,166,6,0.055414986713088706,0
2050,166,11,0.12031049552437904,0
2050,166,13,0.01964427822319704,0
2050,167,2,0.16651029037475987,0
2050,167,5,0.39318140759855374,0
2050,167,8,0.02193673319417289,0
2050,167,11,0.24918160754056382,0
2050,167,14,0.07455759050003798,0
2050,167,15,0.08413764776251305,0
2050,167,16,0.010494723029398646,0
2050,168,2,0.04346925720508464,0
2050,168,3,0.03237365155591564,0
2050,168,5,0.25031327838878253,0
2050,168,7,0.07846696136519407,0
2050,168,8,0.15897287067253402,0
2050,168,12,0.08389702214466778,0
2050,168,14,0.06921396528977504,0
2050,168,15,0.15230082295182062,0
2050,168,16,0.13099217042622555,0
2050,169,2,0.1806009487742458,0
2050,169,4,0.07893884046892181,0
2050,169,5,0.3327095923588361,0
2050,169,7,0.0216330485965631,0
2050,169,8,0.05186213410299992,0
2050,169,9,0.06261598953150231,0
2050,169,10,0.04261630773237222,0
2050,169,12,0.12381925237037178,0
2050,169,15,0.0765688402869219,0
2050,169,16,0.028635045777265205,0
2050,170,1,0.08001223680819312,0
2050,170,2,0.13498293299498113,0
2050,170,4,0.037297895780231384,0
2050,170,5,0.46681217139237,0
2050,170,10,0.010385976835271284,0
2050,170,12,0.020237585006715703,0
2050,170,15,0.15635737119728693,0
2050,170,16,0.09391382998495043,0
2050,171,1,0.13438129113388864,0
2050,171,3,0.037000616435376596,0
2050,171,5,0.4920435688616523,0
2050,171,8,0.02626684785022085,0
2050,171,11,0.0781383887906879,0
2050,171,15,0.23216928692817373,0
2050,172,1,0.16792784324038293,0
2050,172,5,0.3660616657394751,0
2050,172,8,0.16262872938696332,0
2050,172,11,0.0617363176757884,0
2050,172,14,0.04841731866432146,0
2050,172,15,0.19322812529306865,0
2050,173,1,0.11278804333375717,0
2050,173,5,0.5015982412292627,0
2050,173,8,0.14030925064492,0
2050,173,14,0.11341853989702672,0
2050,173,15,0.13188592489503345,0
2050,174,2,0.185780118302467,0
2050,174,5,0.42259757572234724,0
2050,174,8,0.09246945162210399,0
2050,174,10,0.030300240392379017,0
2050,174,12,0.035876303713380714,0
2050,174,14,0.2038919314550641,0
2050,174,15,0.02908437879225803,0
2050,175,1,0.03184971450262255,0
2050,175,2,0.37909411916740016,0
2050,175,4,0.04823838909057725,0
2050,175,5,0.35228922125465667,0
2050,175,6,0.0863175139872159,0
2050,175,10,0.017118459531416264,0
2050,175,12,0.08509258246611129,0
2050,176,1,0.10684334236846428,0
2050,176,2,0.17905329352730717,0
2050,176,5,0.22911145489823984,0
2050,176,6,0.3270404975902842,0
2050,176,10,0.014324577164789262,0
2050,176,11,0.033534178493441306,0
2050,176,15,0.11009265595747397,0
2050,177,1,0.1521144880810234,0
2050,177,3,0.03437538878686739,0
2050,177,5,0.27917607778460496,0
2050,177,6,0.14144010814001975,0
2050,177,8,0.019171720262412314,0
2050,177,11,0.10378558846325005,0
2050,177,14,0.026236645067845916,0
2050,177,15,0.24369998341397628,0
2050,178,1,0.08568983986567179,0
2050,178,3,0.08325239732341956,0
2050,178,5,0.4995125883748076,0
2050,178,6,0.03578077450961399,0
2050,178,8,0.1400419110835179,0
2050,178,11,0.04060956862316687,0
2050,178,12,0.015531929959185887,0
2050,178,15,0.09958099026061643,0
2050,179,1,0.08594809635192885,0
2050,179,3,0.13618643570101652,0
2050,179,5,0.414309892487812,0
2050,179,8,0.02283953297055133,0
2050,179,11,0.06665211498970229,0
2050,179,15,0.274063927498989,0
2050,180,1,0.14716931391057714,0
2050,180,2,0.02084368690054163,0
2050,180,5,0.39708510655025736,0
2050,180,6,0.1293086150604856,0
2050,180,11,0.06054019003930697,0
2050,180,12,0.010359206498846509,0
2050,180,15,0.23469388103998468,0
2050,181,1,0.1327968540082773,0
2050,181,5,0.3658129347130372,0
2050,181,6,0.05422537904260942,0
2050,181,8,0.025048089357542363,0
2050,181,11,0.11402000250191455,0
2050,181,14,0.04860987001161042,0
2050,181,15,0.25948687036500867,0
2050,182,1,0.06961826919307279,0
2050,182,2,0.14288165563169478,0
2050,182,4,0.017625275398954903,0
2050,182,5,0.5141112685700141,0
2050,182,8,0.21014384699627656,0
2050,182,12,0.02942140572093414,0
2050,182,16,0.01619827848905286,0
2050,183,1,0.0803390174758903,0
2050,183,2,0.20572122995182135,0
2050,183,5,0.5560372408246087,0
2050,183,12,0.11313682023737777,0
2050,183,13,0.010667601179176922,0
2050,183,15,0.03409809033112495,0
2050,184,1,0.06651772269437722,0
2050,184,2,0.05303710980005979,0
2050,184,5,0.30888396314856736,0
2050,184,6,0.1985402474462308,0
2050,184,11,0.09726838392129239,0
2050,184,12,0.039218855034749305,0
2050,184,14,0.051915827788987706,0
2050,184,15,0.18461789016573527,0
2050,185,1,0.04999441459348176,0
2050,185,2,0.02041105124920699,0
2050,185,4,0.014517779523486528,0
2050,185,5,0.35693481394028864,0
2050,185,6,0.14115414062404874,0
2050,185,8,0.24301489685235922,0
2050,185,10,0.02759175741202225,0
2050,185,11,0.06673531099781632,0
2050,185,12,0.03180159571441963,0
2050,185,15,0.04784423909286993,0
2050,186,1,0.14114271245520565,0
2050,186,2,0.02074622277165263,0
2050,186,5,0.5421853558267198,0
2050,186,6,0.060460033717686136,0
2050,186,8,0.12323823810471883,0
2050,186,11,0.05387842952289329,0
2050,186,15,0.05834900760112366,0
2050,187,1,0.01781989022495268,0
2050,187,2,0.24159319674489999,0
2050,187,4,0.10560751768257107,0
2050,187,5,0.36751942646675023,0
2050,187,12,0.16823739762489526,0
2050,187,13,0.03389737532308759,0
2050,187,15,0.0653251959328432,0
2050,188,2,0.3269325081020301,0
2050,188,4,0.2047480006476773,0
2050,188,5,0.21673018802826088,0
2050,188,6,0.03304479048864341,0
2050,188,11,0.1613855076733392,0
2050,188,14,0.025996388137278642,0
2050,188,16,0.031162616922770624,0
2050,189,2,0.17720602192359974,0
2050,189,4,0.07565678441996873,0
2050,189,5,0.2701424386275195,0
2050,189,7,0.30701869755703404,0
2050,189,8,0.04042270401424372,0
2050,189,16,0.12955335345763416,0
2050,190,2,0.24649966070833776,0
2050,190,4,0.17728769507244965,0
2050,190,5,0.3355680677368973,0
2050,190,7,0.05489623429682415,0
2050,190,10,0.056507291055719014,0
2050,190,12,0.09824276886455831,0
2050,190,16,0.03099828226521387,0
2050,191,2,0.10659623175757992,0
2050,191,4,0.10367377874741855,0
2050,191,5,0.2880915739299853,0
2050,191,6,0.09375632522822953,0
2050,191,10,0.1093861071725582,0
2050,191,11,0.08760581731324242,0
2050,191,12,0.09474093501718332,0
2050,191,15,0.11614923083380292,0
2050,192,1,0.029399794540299312,0
2050,192,2,0.11322926950869458,0
2050,192,4,0.11064485606451446,0
2050,192,5,0.4473492850031901,0
2050,192,6,0.13113229231780782,0
2050,192,11,0.1682445025654937,0
2050,193,1,0.059474219670264554,0
2050,193,4,0.07696018437510098,0
2050,193,5,0.5693385804031816,0
2050,193,6,0.01635247680919787,0
2050,193,8,0.1533176215699398,0
2050,193,11,0.10963591808361585,0
2050,193,12,0.014920999088699458,0
2050,194,1,0.04243723595995229,0
2050,194,3,0.05960956013636583,0
2050,194,5,0.7247396952816267,0
2050,194,8,0.0641142967565483,0
2050,194,10,0.012358360288260267,0
2050,194,13,0.035238744787648144,0
2050,194,14,0.061502106789598485,0
2050,195,5,1.0,0
2050,196,1,0.03670827321060818,0
2050,196,2,0.09983597043701929,0
2050,196,5,0.7796174129966358,0
2050,196,6,0.08383834335573692,0
2050,197,1,0.13924948455048244,0
2050,197,2,0.10549675334417875,0
2050,197,3,0.044478241876170006,0
2050,197,5,0.4446053164242124,0
2050,197,6,0.1464375948756135,0
2050,197,12,0.026119820107365726,0
2050,197,15,0.0936127888219772,0
2050,198,1,0.02232069046725193,0
2050,198,2,0.05112470794120216,0
2050,198,4,0.13568411218382512,0
2050,198,5,0.41229224516073176,0
2050,198,8,0.20653285893668089,0
2050,198,12,0.17204538531030808,0
2050,199,1,0.05819991722835347,0
2050,199,2,0.18322043663126336,0
2050,199,4,0.06436369496502983,0
2050,199,5,0.3977546692203251,0
2050,199,6,0.015016312474978241,0
2050,199,12,0.23560634324203478,0
2050,199,15,0.04583862623801517,0
2050,200,1,0.09640223192726699,0
2050,200,2,0.12787166465114555,0
2050,200,4,0.0877119737199765,0
2050,200,5,0.3581189775235229,0
2050,200,6,0.04761929009680524,0
2050,200,8,0.053110462206345944,0
2050,200,11,0.12802394595625297,0
2050,200,14,0.08446698003263574,0
2050,200,15,0.016674473886048275,0
2050,201,1,0.10562042909464495,0
2050,201,4,0.11609646848687273,0
2050,201,5,0.38405695845427706,0
2050,201,6,0.08054989586426622,0
2050,201,10,0.0120053532878067,0
2050,201,11,0.03004764067567243,0
2050,201,12,0.016824078399001397,0
2050,201,14,0.04406002332556197,0
2050,201,15,0.21073915241189667,0
2050,202,2,0.11343784578074462,0
2050,202,4,0.05323518165852955,0
2050,202,5,0.5169243918862845,0
2050,202,8,0.08815846131336685,0
2050,202,12,0.2059865470741151,0
2050,202,16,0.02225757228695937,0
2050,203,2,0.23900069309443617,0
2050,203,4,0.033753321099840285,0
2050,203,5,0.4057712005236556,0
2050,203,6,0.0891830776413349,0
2050,203,11,0.23229170764073298,0
2050,204,1,0.08656315099962586,0
2050,204,2,0.12834126880370186,0
2050,204,4,0.06293608322922613,0
2050,204,5,0.45861281588640845,0
2050,204,6,0.19297970993400165,0
2050,204,11,0.022761000617638038,0
2050,204,12,0.021242243411683938,0
2050,204,15,0.026563727117714153,0
2050,205,1,0.10568414140242252,0
2050,205,2,0.14837528683246706,0
2050,205,5,0.3453703184977028,0
2050,205,6,0.054422531231724504,0
2050,205,8,0.029262905026997174,0
2050,205,11,0.3168848170086858,0
2050,206,2,0.06848512476573612,0
2050,206,4,0.2166638948002627,0
2050,206,5,0.48687053287201687,0
2050,206,7,0.1261539079253519,0
2050,206,8,0.047395197183162,0
2050,206,16,0.054431342453470546,0
2050,207,2,0.24748919854802395,0
2050,207,4,0.23440354710432232,0
2050,207,5,0.1397565165503276,0
2050,207,9,0.05879598823550291,0
2050,207,11,0.1259158482318012,0
2050,207,12,0.10000352736297959,0
2050,207,14,0.09363537396704263,0
2050,208,4,0.1992859689774441,0
2050,208,5,0.32582296167303426,0
2050,208,8,0.21052456506878933,0
2050,208,14,0.12100143114239424,0
2050,208,16,0.1433650731383381,0
2050,209,4,0.07975585384482814,0
2050,209,5,0.4446644737588397,0
2050,209,7,0.14937620929411266,0
2050,209,8,0.20972813971549756,0
2050,209,14,0.04609789218634961,0
2050,209,16,0.07037743120037232,0
2050,210,2,0.10072253292116361,0
2050,210,4,0.13671055850814748,0
2050,210,5,0.37719911866146383,0
2050,210,7,0.09762392716152302,0
2050,210,8,0.10891883839318098,0
2050,210,12,0.055661790847982125,0
2050,210,14,0.039657410169916356,0
2050,210,16,0.08350582333662274,0
2050,211,1,0.12215022246544983,0
2050,211,2,0.1640518441707127,0
2050,211,4,0.11254559200117353,0
2050,211,5,0.32428972123196387,0
2050,211,6,0.024009925014749394,0
2050,211,8,0.010749554273133956,0
2050,211,12,0.12148584776244235,0
2050,211,14,0.07374891731202021,0
2050,211,16,0.046968375768354,0
2050,212,1,0.08329465846845989,0
2050,212,2,0.1856953055796036,0
2050,212,5,0.30069765418094974,0
2050,212,11,0.18188030572131367,0
2050,212,12,0.14129254033282823,0
2050,212,13,0.06931935126163163,0
2050,212,14,0.03782018445521325,0
2050,213,1,0.08810485307553341,0
2050,213,2,0.028958760012049785,0
2050,213,3,0.01963600071239242,0
2050,213,5,0.40431554363998856,0
2050,213,6,0.1944069383577975,0
2050,213,8,0.019163829735167295,0
2050,213,11,0.13624387328936835,0
2050,213,12,0.02033043966584367,0
2050,213,14,0.058910490735336676,0
2050,213,15,0.029929270776522264,0
2050,214,1,0.1738107377435257,0
2050,214,2,0.01866416603607343,0
2050,214,5,0.324230201440308,0
2050,214,6,0.20346694875162433,0
2050,214,11,0.1321607527266371,0
2050,214,14,0.05472553577972123,0
2050,214,15,0.09294165752211023,0
2050,215,1,0.09895540686171678,0
2050,215,5,0.40048870511087836,0
2050,215,8,0.21535988588007426,0
2050,215,11,0.021765857464481644,0
2050,215,12,0.22464676155495517,0
2050,215,16,0.03878338312789354,0
2050,216,1,0.043566973681932866,0
2050,216,4,0.05707892691380141,0
2050,216,5,0.44831973996055224,0
2050,216,6,0.022771877703497014,0
2050,216,8,0.10133134437341983,0
2050,216,12,0.16478354874335366,0
2050,216,14,0.05856256210100559,0
2050,216,15,0.0649593006130752,0
2050,216,16,0.038625725909362134,0
2050,217,1,0.06864896484335835,0
2050,217,2,0.11487004121188366,0
2050,217,5,0.36614013138229023,0
2050,217,6,0.11505278864144133,0
2050,217,11,0.12175066779264981,0
2050,217,12,0.05272574283850331,0
2050,217,14,0.14780168295476834,0
2050,217,15,0.013009980335104986,0
2050,218,1,0.18378126017451457,0
2050,218,5,0.4693494406300073,0
2050,218,6,0.1471871635245881,0
2050,218,8,0.09300548258583427,0
2050,218,12,0.06496194801783248,0
2050,218,14,0.04171470506722322,0
2050,219,1,0.16242382017787768,0
2050,219,5,0.539623528501867,0
2050,219,6,0.22475394320270337,0
2050,219,8,0.02495173591116801,0
2050,219,11,0.048246972206383854,0
2050,220,1,0.04541207963298751,0
2050,220,3,0.07270790424695106,0
2050,220,5,0.4854554624368093,0
2050,220,6,0.1548302315336015,0
2050,220,8,0.06881551934552638,0
2050,220,11,0.17277880280412436,0
2050,221,1,0.09533362476528838,0
2050,221,3,0.13905119970252694,0
2050,221,5,0.4675008176804501,0
2050,221,6,0.07638776065373441,0
2050,221,8,0.09784816729163894,0
2050,221,11,0.08925447709349005,0
2050,221,14,0.03462395281287113,0
2050,222,1,0.15303423058776677,0
2050,222,3,0.09181510917302725,0
2050,222,5,0.5299073838916828,0
2050,222,6,0.06337015644465818,0
2050,222,8,0.09109652425085694,0
2050,222,11,0.05064034460272146,0
2050,222,14,0.020136251049286617,0
2050,223,1,0.16600765531344894,0
2050,223,2,0.05200521128210658,0
2050,223,5,0.5511367285652998,0
2050,223,6,0.10996765936925101,0
2050,223,8,0.01779090212134417,0
2050,223,11,0.04507249771003788,0
2050,223,14,0.05801934563851164,0
2050,224,1,0.09520385811402628,0
2050,224,2,0.01250001073876204,0
2050,224,5,0.5477983102532946,0
2050,224,6,0.08218141256239135,0
2050,224,8,0.07214821822498586,0
2050,224,11,0.034123420220454885,0
2050,224,14,0.12382363707551751,0
2050,224,16,0.032221132810567606,0
2050,225,1,0.08092067471120346,0
2050,225,4,0.11634938290839236,0
2050,225,5,0.37284736999676527,0
2050,225,6,0.1381982504610343,0
2050,225,8,0.1571153872696952,0
2050,225,11,0.03992714852166817,0
2050,225,16,0.09464178613124126,0
2050,226,1,0.11329543099810728,0
2050,226,2,0.08504921795904857,0
2050,226,4,0.09550728306489885,0
2050,226,5,0.4815346155324005,0
2050,226,7,0.010636149595561495,0
2050,226,11,0.012825271628495756,0
2050,226,15,0.05588512909970696,0
2050,226,16,0.14526690212178062,0
2050,227,1,0.15555971578970648,0
2050,227,2,0.11762947285248916,0
2050,227,4,0.05898588557793834,0
2050,227,5,0.42070761185335415,0
2050,227,6,0.13466014387955044,0
2050,227,11,0.045271057117303025,0
2050,227,16,0.06718611292965852,0
2050,228,1,0.18279352924432635,0
2050,228,2,0.13388774896667538,0
2050,228,4,0.09470942227510626,0
2050,228,5,0.3722055455629938,0
2050,228,6,0.21640375395089828,0
2050,229,1,0.12093889417860385,0
2050,229,2,0.19014710055030318,0
2050,229,4,0.18811153799614558,0
2050,229,5,0.37593799147082024,0
2050,229,6,0.026585805495425777,0
2050,229,7,0.027541273200914877,0
2050,229,10,0.028872310480608405,0
2050,229,12,0.041865086627178166,0
2050,230,1,0.02282886006863883,0
2050,230,2,0.17761080353084394,0
2050,230,4,0.16710880512407902,0
2050,230,5,0.5405594869010153,0
2050,230,6,0.011702444562798705,0
2050,230,7,0.060731316241573886,0
2050,230,12,0.019458283571050332,0
2050,231,1,0.029866479651136528,0
2050,231,2,0.01961404685009168,0
2050,231,4,0.052804859618227874,0
2050,231,5,0.567235212080968,0
2050,231,6,0.048281087894241674,0
2050,231,11,0.14290615008361165,0
2050,231,15,0.09970205834784265,0
2050,231,16,0.03959010547388006,0
2050,232,1,0.09344771975382599,0
2050,232,3,0.16616485402922673,0
2050,232,5,0.40435982872915904,0
2050,232,6,0.02505359827191638,0
2050,232,8,0.020460182028074855,0
2050,232,11,0.11589724655528118,0
2050,232,12,0.03450859383469755,0
2050,232,14,0.04409906990370749,0
2050,232,15,0.09600890689411098,0
2050,233,1,0.0913012363983691,0
2050,233,3,0.18719254653865056,0
2050,233,5,0.4084446223419876,0
2050,233,6,0.022841151250505873,0
2050,233,8,0.07447910482628656,0
2050,233,11,0.018016947493002707,0
2050,233,12,0.1250379077150965,0
2050,233,14,0.016716594759348183,0
2050,233,15,0.05596988867675306,0
2050,234,1,0.1450737535939868,0
2050,234,2,0.03582508478813309,0
2050,234,3,0.021032236391248172,0
2050,234,5,0.442777824128092,0
2050,234,6,0.054309720584871754,0
2050,234,8,0.07711938712123852,0
2050,234,12,0.17010307349500134,0
2050,234,14,0.0537589198974283,0
2050,235,4,0.12960340669890055,0
2050,235,5,0.48876384679376916,0
2050,235,7,0.043444409316999444,0
2050,235,8,0.03773666901510167,0
2050,235,12,0.060425986919312696,0
2050,235,15,0.043916921193112995,0
2050,235,16,0.19610876006280353,0
2050,236,2,0.08239046416695182,0
2050,236,4,0.19096958080104906,0
2050,236,5,0.3187033763430048,0
2050,236,6,0.033290098798376806,0
2050,236,7,0.054823638239464775,0
2050,236,9,0.050341099576578716,0
2050,236,10,0.03637208995220098,0
2050,236,14,0.13473380812209917,0
2050,236,15,0.07429629503539002,0
2050,236,16,0.024079548964883762,0
2050,237,2,0.15211172180620444,0
2050,237,4,0.23037119532458455,0
2050,237,5,0.2896874937580956,0
2050,237,7,0.12243253049049999,0
2050,237,12,0.021519600581082984,0
2050,237,14,0.08638982764366437,0
2050,237,16,0.09748763039586811,0
2050,238,2,0.09815975562100024,0
2050,238,4,0.155586934834322,0
2050,238,5,0.37977990424255614,0
2050,238,8,0.08649587163709775,0
2050,238,12,0.06889674849220238,0
2050,238,16,0.21108078517282156,0
2050,239,2,0.09464670218079803,0
2050,239,4,0.24793792464831474,0
2050,239,5,0.4095267099525589,0
2050,239,12,0.1688419954059326,0
2050,239,16,0.07904666781239575,0
2050,240,1,0.10736451394576824,0
2050,240,2,0.13971440170144758,0
2050,240,4,0.16483545757750548,0
2050,240,5,0.15766407585242417,0
2050,240,6,0.2018145753618868,0
2050,240,11,0.04353518981034211,0
2050,240,12,0.09154143893009106,0
2050,240,15,0.039938762865545895,0
2050,240,16,0.05359158395498869,0
2050,241,1,0.12473920750497504,0
2050,241,2,0.171691134861446,0
2050,241,4,0.08730908817714324,0
2050,241,5,0.1702024706468858,0
2050,241,6,0.31120237610685014,0
2050,241,11,0.09792057945645913,0
2050,241,16,0.03693514324624069,0
2050,242,1,0.21125026468059155,0
2050,242,5,0.43031996260144906,0
2050,242,6,0.19283815482882571,0
2050,242,11,0.04749535055572677,0
2050,242,14,0.08982554663718116,0
2050,242,15,0.02827072069622573,0
2050,243,1,0.20964737157906055,0
2050,243,2,0.010233619762330034,0
2050,243,4,0.014999047228723672,0
2050,243,5,0.41527626194259215,0
2050,243,6,0.103355729471363,0
2050,243,7,0.033557536727773105,0
2050,243,8,0.13620347219544732,0
2050,243,14,0.05965155586440455,0
2050,243,15,0.017075405228305664,0
2050,244,1,0.039488073512183745,0
2050,244,2,0.1466667539245443,0
2050,244,4,0.08689716170636555,0
2050,244,5,0.35865258269380845,0
2050,244,7,0.044179612790293026,0
2050,244,11,0.08233316548004396,0
2050,244,12,0.03914978255718111,0
2050,244,14,0.05173931184335809,0
2050,244,16,0.1508935554922217,0
2050,245,1,0.032295752021465875,0
2050,245,2,0.2280314513185044,0
2050,245,4,0.08118625432790817,0
2050,245,5,0.32266348341741785,0
2050,245,11,0.11864499573781875,0
2050,245,12,0.07994792913648893,0
2050,245,16,0.137230134040396,0
2050,246,1,0.22439336840014026,0
2050,246,3,0.011894035476914476,0
2050,246,5,0.2672989857230999,0
2050,246,8,0.1137700617278156,0
2050,246,11,0.10425319495458339,0
2050,246,12,0.013029891917676567,0
2050,246,15,0.08258320106259334,0
2050,246,16,0.18277726073717646,0
2050,247,1,0.22649782788815767,0
2050,247,4,0.012710886871890627,0
2050,247,5,0.3025447538186225,0
2050,247,7,0.06546849288328666,0
2050,247,8,0.18888454460046028,0
2050,247,11,0.010725898774102044,0
2050,247,12,0.03344595089089061,0
2050,247,15,0.01624177687927902,0
2050,247,16,0.14347986739331062,0
2050,248,1,0.11739377942525148,0
2050,248,2,0.06099762041465581,0
2050,248,4,0.1555995158349781,0
2050,248,5,0.24230563449920928,0
2050,248,7,0.09447122177595377,0
2050,248,8,0.04484106779281179,0
2050,248,12,0.12750704079415848,0
2050,248,15,0.031412075237552184,0
2050,248,16,0.12547204422542912,0
2050,249,1,0.060400087237227756,0
2050,249,2,0.06206295804226253,0
2050,249,4,0.05232445872857437,0
2050,249,5,0.3261021181429475,0
2050,249,7,0.221764620817825,0
2050,249,10,0.17112396370655353,0
2050,249,12,0.013105152569720013,0
2050,249,14,0.06492141723979414,0
2050,249,15,0.028195223515095156,0
2050,250,1,0.0751417597744516,0
2050,250,2,0.13630274536461634,0
2050,250,4,0.1323134176882429,0
2050,250,5,0.36337794286443087,0
2050,250,6,0.053726527600508084,0
2050,250,9,0.035232163136485584,0
2050,250,10,0.09981074664727523,0
2050,250,12,0.05514195381559354,0
2050,250,14,0.0489527431083959,0
2050,251,1,0.05826888077220484,0
2050,251,2,0.1898122621197884,0
2050,251,4,0.07363123508698555,0
2050,251,5,0.2744648331204284,0
2050,251,6,0.18414395833450065,0
2050,251,10,0.051362435501314516,0
2050,251,11,0.14324016599163536,0
2050,251,14,0.025076229073142324,0
2050,252,1,0.12101239589727991,0
2050,252,2,0.03407780672628054,0
2050,252,5,0.31575749766152084,0
2050,252,8,0.05837095402562442,0
2050,252,11,0.153575036026379,0
2050,252,14,0.24839838443389708,0
2050,252,15,0.06880792522901827,0
2050,253,1,0.1205252733051054,0
2050,253,3,0.10804885623206147,0
2050,253,5,0.22215662414938467,0
2050,253,7,0.018262007938964618,0
2050,253,8,0.1021896797906076,0
2050,253,12,0.11378637022925245,0
2050,253,14,0.3150311883546238,0
2050,254,1,0.15085774837797394,0
2050,254,4,0.1193601428812158,0
2050,254,5,0.3478233512510364,0
2050,254,6,0.013862634838414035,0
2050,254,7,0.04993596056064393,0
2050,254,12,0.2422719662076236,0
2050,254,15,0.07588819588309234,0
2050,255,1,0.016012367981469957,0
2050,255,2,0.06700691831400439,0
2050,255,4,0.21185389565998564,0
2050,255,5,0.2644207620252699,0
2050,255,6,0.09382228957808297,0
2050,255,10,0.09437091237422664,0
2050,255,12,0.15594370686661216,0
2050,255,16,0.09656914720034855,0
2050,256,2,0.059424463158269034,0
2050,256,4,0.11046929039797207,0
2050,256,5,0.33531004920345814,0
2050,256,6,0.1471098817198619,0
2050,256,9,0.09482084768083363,0
2050,256,10,0.06342227738735982,0
2050,256,11,0.0839780348263686,0
2050,256,14,0.018808789207226985,0
2050,256,16,0.08665636641864989,0
2050,257,2,0.11392117118291976,0
2050,257,4,0.22462519019190447,0
2050,257,5,0.06160830239505947,0
2050,257,7,0.05974198732538289,0
2050,257,9,0.14545632154666005,0
2050,257,10,0.08369232640009898,0
2050,257,12,0.048124899072152866,0
2050,257,14,0.2628298018858215,0
2050,258,2,0.10501064421553129,0
2050,258,4,0.13835246353601466,0
2050,258,5,0.18583277838660736,0
2050,258,7,0.08783644814630587,0
2050,258,11,0.07569736543915088,0
2050,258,14,0.051313392838075275,0
2050,258,16,0.3559569074383147,0
2050,259,5,0.38597213928561,0
2050,259,7,0.11428998142869709,0
2050,259,9,0.057140123220966926,0
2050,259,11,0.03427099108715671,0
2050,259,14,0.14417890691542776,0
2050,259,16,0.2641478580621414,0
2050,260,2,0.053710143358022974,0
2050,260,4,0.19052608822031208,0
2050,260,5,0.2580782226238553,0
2050,260,7,0.10650697918078982,0
2050,260,10,0.06094101570669257,0
2050,260,12,0.13302504354846156,0
2050,260,14,0.14891259292560768,0
2050,260,16,0.048299914436258105,0
2050,261,1,0.014241997769296825,0
2050,261,2,0.10860275540243079,0
2050,261,4,0.279656032188133,0
2050,261,5,0.20387794584900384,0
2050,261,6,0.24463119969838645,0
2050,261,11,0.07556423903673802,0
2050,261,12,0.03589758521995624,0
2050,261,16,0.037528244836054936,0
2050,262,1,0.09344457721967615,0
2050,262,2,0.09958728987257312,0
2050,262,4,0.12114929636744165,0
2050,262,5,0.18110591960010133,0
2050,262,6,0.1971621383965861,0
2050,262,11,0.2559767382985828,0
2050,262,16,0.05157404024503874,0
2050,263,1,0.1461666740122308,0
2050,263,3,0.13082127904030033,0
2050,263,5,0.24064985998768526,0
2050,263,10,0.02609820004642166,0
2050,263,11,0.20964134860224634,0
2050,263,14,0.15220007384050707,0
2050,263,15,0.07668783435799972,0
2050,263,16,0.017734730112608833,0
2050,264,1,0.2115043050372473,0
2050,264,3,0.1325833172012653,0
2050,264,5,0.3006910629401175,0
2050,264,8,0.021068801456797667,0
2050,264,11,0.09847119192366922,0
2050,264,12,0.0942040084856512,0
2050,264,14,0.14147731295525184,0
2050,265,4,0.07402843461751127,0
2050,265,5,0.4208885557687345,0
2050,265,6,0.06941523178368446,0
2050,265,7,0.014767037278382293,0
2050,265,11,0.054956577846553646,0
2050,265,13,0.05126135002717038,0
2050,265,14,0.15245220300727833,0
2050,265,16,0.16223060967068523,0
2050,266,4,0.04582292147963101,0
2050,266,5,0.2458724277291081,0
2050,266,8,0.038928964842831384,0
2050,266,11,0.3269087952653745,0
2050,266,14,0.2229080811454535,0
2050,266,16,0.11955880953760156,0
2050,267,1,0.023324572246524712,0
2050,267,3,0.12461723840328962,0
2050,267,4,0.05985841546582673,0
2050,267,5,0.19940257235051614,0
2050,267,8,0.13087625552942345,0
2050,267,11,0.012707493837434006,0
2050,267,12,0.12379617198750667,0
2050,267,14,0.17854913669573003,0
2050,267,16,0.14686814348374863,0
2050,268,1,0.18572305150210852,0
2050,268,2,0.04954410413381823,0
2050,268,4,0.036128361451150226,0
2050,268,5,0.20179740345445205,0
2050,268,6,0.01348358029740407,0
2050,268,11,0.13485725105151447,0
2050,268,12,0.05059103452083808,0
2050,268,13,0.03208714246456035,0
2050,268,14,0.20908091472629392,0
2050,268,15,0.07139933444631871,0
2050,268,16,0.015307821951541194,0
2050,269,1,0.1731356469838811,0
2050,269,2,0.05013353563782028,0
2050,269,3,0.021191997904739246,0
2050,269,4,0.01864346553701047,0
2050,269,5,0.1165298086554946,0
2050,269,11,0.15689922211043952,0
2050,269,13,0.06263194548811174,0
2050,269,14,0.32165766232188153,0
2050,269,15,0.07917671536062158,0
2050,270,1,0.063405978099819,0
2050,270,2,0.059904485402524695,0
2050,270,4,0.04442104084907725,0
2050,270,9,0.015474674502613113,0
2050,270,11,0.1094399865489977,0
2050,270,12,0.013049404361936289,0
2050,270,13,0.09230441826775382,0
2050,270,14,0.563105359159593,0
2050,270,15,0.023284322200237326,0
2050,270,16,0.015610330607447761,0
2050,271,2,0.04719386068725501,0
2050,271,6,0.042373985495168597,0
2050,271,9,0.15992888277910774,0
2050,271,10,0.05961889838381352,0
2050,271,11,0.07749015063185787,0
2050,271,14,0.6133942220227974,0
2050,272,14,1.0,0
2050,273,2,0.06911472494041376,0
2050,273,5,0.038931587458469044,0
2050,273,6,0.08068396952567332,0
2050,273,12,0.0866256256084779,0
2050,273,14,0.7246440924669659,0
2050,274,2,0.11915605143607622,0
2050,274,4,0.08653559306804659,0
2050,274,5,0.014376128174829162,0
2050,274,6,0.25926705623280877,0
2050,274,12,0.12754960801267376,0
2050,274,14,0.3931155630755656,0
2050,275,1,0.07816714370306853,0
2050,275,2,0.18373626351105107,0
2050,275,4,0.11960349227471244,0
2050,275,6,0.418444103223909,0
2050,275,10,0.023525746056306973,0
2050,275,14,0.17652325123095203,0
2050,276,1,0.23648503038918933,0
2050,276,2,0.04093246114431418,0
2050,276,5,0.28845952152057786,0
2050,276,6,0.04919314304672275,0
2050,276,11,0.23675584368950725,0
2050,276,14,0.12967028023308666,0
2050,276,15,0.018503719976601857,0
2050,277,1,0.13918997827311397,0
2050,277,3,0.07808772426542777,0
2050,277,5,0.23614549234803534,0
2050,277,8,0.03429265619090864,0
2050,277,11,0.4023340054985174,0
2050,277,13,0.04719051398591741,0
2050,277,14,0.06275962943807951,0
2050,278,1,0.12882488223903557,0
2050,278,3,0.03585602852729661,0
2050,278,4,0.0913347979602261,0
2050,278,5,0.21623696536789444,0
2050,278,8,0.17540204044250626,0
2050,278,11,0.1382011882419649,0
2050,278,16,0.2141440972210761,0
2050,279,2,0.14923473459976516,0
2050,279,4,0.24953412868780536,0
2050,279,5,0.2354295205393919,0
2050,279,6,0.07144822927740253,0
2050,279,16,0.294353386895635,0
2050,280,1,0.056823726533364274,0
2050,280,2,0.11974550687800782,0
2050,280,4,0.13351829597423084,0
2050,280,5,0.20578104024085872,0
2050,280,7,0.12175307810246054,0
2050,280,12,0.06210489692136419,0
2050,280,14,0.11811736498114773,0
2050,280,16,0.1821560903685658,0
2050,281,1,0.21678955229836133,0
2050,281,2,0.1957443579376133,0
2050,281,3,0.10338817377324472,0
2050,281,5,0.23332820941328153,0
2050,281,6,0.026944702584880343,0
2050,281,8,0.026733232609243096,0
2050,281,11,0.036628294545741395,0
2050,281,12,0.05147065625192854,0
2050,281,13,0.04470355499581045,0
2050,281,14,0.06426926558989528,0
2050,282,1,0.285305075446442,0
2050,282,2,0.13648679143521925,0
2050,282,3,0.08313745157982401,0
2050,282,5,0.16667614339214223,0
2050,282,8,0.0972215042739875,0
2050,282,11,0.17458038630780465,0
2050,282,14,0.05659264756458034,0
2050,283,1,0.09093542837293593,0
2050,283,2,0.010322398608558681,0
2050,283,3,0.24369337003361283,0
2050,283,5,0.11978188330170604,0
2050,283,8,0.14123895722518506,0
2050,283,11,0.10581491140645465,0
2050,283,14,0.1932271878293679,0
2050,283,15,0.04130413123477386,0
2050,283,16,0.0536817319874051,0
2050,284,1,0.05149869659596834,0
2050,284,2,0.04749608846014625,0
2050,284,3,0.19853494313349218,0
2050,284,5,0.08929989580288056,0
2050,284,7,0.11789014116774038,0
2050,284,8,0.0948942854721877,0
2050,284,10,0.07928594801894889,0
2050,284,14,0.2847206400974762,0
2050,284,15,0.03637936125115937,0
2050,285,1,0.15777092980350593,0
2050,285,2,0.15453623680043285,0
2050,285,3,0.1027387859792604,0
2050,285,5,0.20917180209222716,0
2050,285,6,0.07250721082483812,0
2050,285,7,0.033139522970434945,0
2050,285,8,0.047413788734152716,0
2050,285,13,0.08830254775691772,0
2050,285,14,0.1344191750382302,0
2050,286,1,0.13803820356072463,0
2050,286,2,0.16182652576982018,0
2050,286,3,0.06603323524779621,0
2050,286,5,0.14256529534690898,0
2050,286,7,0.030085364816805446,0
2050,286,8,0.0708146723295343,0
2050,286,12,0.03239164997094522,0
2050,286,14,0.17293187879908134,0
2050,286,16,0.1853131741583836,0
2050,287,1,0.09781994759008998,0
2050,287,2,0.13397815334708985,0
2050,287,3,0.12680399412572213,0
2050,287,5,0.12456013996561847,0
2050,287,7,0.06367346375882345,0
2050,287,12,0.01843471191623464,0
2050,287,14,0.14181321504715172,0
2050,287,15,0.11832083144469108,0
2050,287,16,0.17459554280457876,0
2050,288,1,0.11015253024641317,0
2050,288,2,0.14455094095690235,0
2050,288,3,0.05675283252133668,0
2050,288,4,0.06271311590347932,0
2050,288,5,0.12140217402283016,0
2050,288,7,0.022387779179407288,0
2050,288,9,0.06874994835817144,0
2050,288,10,0.13276185904907686,0
2050,288,12,0.10157888327141579,0
2050,288,14,0.10006152385063062,0
2050,288,15,0.07888841264033623,0
2050,289,1,0.2554897950813138,0
2050,289,2,0.2367106233897379,0
2050,289,4,0.05937409175261286,0
2050,289,5,0.06822132502721145,0
2050,289,6,0.061910149894225254,0
2050,289,7,0.0598503216893542,0
2050,289,10,0.14176340685078903,0
2050,289,12,0.05062265206240149,0
2050,289,14,0.013570600811726882,0
2050,289,16,0.05248703344062729,0
2050,290,1,0.3145077888944903,0
2050,290,2,0.09303055979286495,0
2050,290,5,0.24831547972519305,0
2050,290,8,0.03505979920321599,0
2050,290,11,0.14095016047925596,0
2050,290,13,0.023521103006920233,0
2050,290,16,0.14461510889805948,0
2050,291,1,0.40805295283221427,0
2050,291,2,0.13368677738695792,0
2050,291,3,0.040426731938365656,0
2050,291,5,0.2376951408892283,0
2050,291,8,0.02376388787858482,0
2050,291,11,0.14499070489098143,0
2050,291,13,0.011383804183667494,0
2050,292,1,0.32186730159312255,0
2050,292,2,0.074351474366776,0
2050,292,3,0.13714784115766582,0
2050,292,5,0.2380142398350909,0
2050,292,8,0.03975139863298197,0
2050,292,11,0.13003064439265227,0
2050,292,14,0.05883710002171058,0
2050,293,1,0.09053027217933651,0
2050,293,2,0.03310864538737222,0
2050,293,3,0.1315174157759191,0
2050,293,5,0.28691907364522057,0
2050,293,8,0.011598592190283223,0
2050,293,9,0.023170084036008797,0
2050,293,11,0.23237081770474077,0
2050,293,14,0.1565354431904826,0
2050,293,15,0.034249655890636145,0
2050,294,1,0.09933298929272204,0
2050,294,2,0.06247196821304364,0
2050,294,3,0.05044664613844127,0
2050,294,5,0.03664492915926064,0
2050,294,8,0.15005672385033123,0
2050,294,11,0.0465843501640652,0
2050,294,12,0.0828158010257359,0
2050,294,14,0.1751645596282731,0
2050,294,15,0.02226982693621829,0
2050,294,16,0.2742122055919088,0
2050,295,1,0.06519261068238762,0
2050,295,2,0.13828966533742418,0
2050,295,3,0.02788737663067538,0
2050,295,4,0.10609823893308444,0
2050,295,9,0.02633702358200721,0
2050,295,12,0.36786597882730415,0
2050,295,14,0.0437451317415371,0
2050,295,15,0.06697282086804808,0
2050,295,16,0.15761115339753184,0
2050,296,1,0.05552608825620677,0
2050,296,2,0.1598073637796345,0
2050,296,4,0.04418456314378552,0
2050,296,6,0.11922873429294824,0
2050,296,9,0.06247765376130243,0
2050,296,10,0.333494916423259,0
2050,296,11,0.019430018084251998,0
2050,296,12,0.11920259979000024,0
2050,296,15,0.08664806246861133,0
2050,297,1,0.19703231300724555,0
2050,297,2,0.07181605024372469,0
2050,297,3,0.10638508964390196,0
2050,297,4,0.04315078666787336,0
2050,297,5,0.042269302084889625,0
2050,297,8,0.12835219889089708,0
2050,297,12,0.18871766956454464,0
2050,297,14,0.03902742487659195,0
2050,297,15,0.072726718828109,0
2050,297,16,0.11052244619222215,0
2050,298,1,0.18004063499845416,0
2050,298,2,0.22687766616617483,0
2050,298,4,0.1878413863184446,0
2050,298,6,0.1551414854048477,0
2050,298,10,0.03743884883714426,0
2050,298,12,0.027574589380049426,0
2050,298,13,0.05642725600593563,0
2050,298,15,0.037188307426167196,0
2050,298,16,0.09146982546278222,0
2050,299,1,0.08008494187166644,0
2050,299,2,0.12745680620407554,0
2050,299,4,0.16731068877195956,0
2050,299,8,0.13886454876324658,0
2050,299,10,0.08139385273698967,0
2050,299,11,0.24198901996954184,0
2050,299,14,0.09963788770704123,0
2050,299,16,0.06326225397547923,0
2050,300,2,0.13588137403990194,0
2050,300,3,0.022356124983634193,0
2050,300,4,0.07461332039215839,0
2050,300,5,0.23924735936769892,0
2050,300,8,0.05156558077534191,0
2050,300,10,0.08117398224897544,0
2050,300,11,0.19299301083306752,0
2050,300,14,0.018019942142065103,0
2050,300,16,0.18414930521715653,0
2050,301,1,0.011826681438102806,0
2050,301,2,0.0799123714537456,0
2050,301,3,0.04148563075213827,0
2050,301,4,0.014683489172446152,0
2050,301,5,0.22542411295617343,0
2050,301,7,0.04059203953657859,0
2050,301,10,0.031810385011208336,0
2050,301,11,0.045992670001807484,0
2050,301,13,0.09328079174940636,0
2050,301,15,0.13542792819955887,0
2050,301,16,0.2795638997288341,0
2050,302,1,0.15018532611535532,0
2050,302,2,0.027774308541942065,0
2050,302,3,0.18524990561408178,0
2050,302,4,0.01707955185691549,0
2050,302,5,0.08978094580332191,0
2050,302,8,0.07073657958176299,0
2050,302,10,0.13088662796749215,0
2050,302,11,0.199755765781318,0
2050,302,14,0.021552422741321308,0
2050,302,15,0.016041402567353334,0
2050,302,16,0.09095716342913578,0
2050,303,1,0.12151526837920774,0
2050,303,3,0.27448253415256224,0
2050,303,5,0.12731143502130687,0
2050,303,8,0.17721262135639446,0
2050,303,12,0.12609089155810282,0
2050,303,16,0.17338724953242582,0
2050,304,2,0.06831821480972528,0
2050,304,3,0.06435065506606108,0
2050,304,4,0.07055678874517045,0
2050,304,5,0.04646620612462473,0
2050,304,6,0.09511937464079966,0
2050,304,9,0.02504685611518529,0
2050,304,10,0.03197568159241053,0
2050,304,12,0.2464408769323808,0
2050,304,13,0.11037902412260639,0
2050,304,14,0.19040454902592813,0
2050,304,16,0.05094177282510755,0
2050,305,2,0.14498577607218407,0
2050,305,6,0.24732924873877,0
2050,305,9,0.12104051686558084,0
2050,305,10,0.1597522873585935,0
2050,305,11,0.2149692636566923,0
2050,305,13,0.07125507819189549,0
2050,305,14,0.04066782911628386,0
2050,306,1,0.06523341749113652,0
2050,306,2,0.09054080865964924,0
2050,306,4,0.14755468917544595,0
2050,306,5,0.032619688679407476,0
2050,306,6,0.3537728768202265,0
2050,306,9,0.036604633398856994,0
2050,306,11,0.21904537479401415,0
2050,306,13,0.03935905539850002,0
2050,306,16,0.015269455582762997,0
2050,307,1,0.10828663761797094,0
2050,307,2,0.032350227006042544,0
2050,307,5,0.2336957398437571,0
2050,307,6,0.1576262064387434,0
2050,307,11,0.15485219548423687,0
2050,307,13,0.11136584122120699,0
2050,307,14,0.08385886914662227,0
2050,307,16,0.11796428324141993,0
2050,308,1,0.16359123451230537,0
2050,308,5,0.3281227532466123,0
2050,308,6,0.07358079257108417,0
2050,308,8,0.08411035284311001,0
2050,308,11,0.0870839048795353,0
2050,308,13,0.09686745436842968,0
2050,308,14,0.011755373352022612,0
2050,308,16,0.15488813422690065,0
2050,309,1,0.2818395157670118,0
2050,309,3,0.015505661143211618,0
2050,309,4,0.0417036251362994,0
2050,309,5,0.18156359963345206,0
2050,309,8,0.1830759209452627,0
2050,309,13,0.10453156767743575,0
2050,309,16,0.19178010969732678,0
2050,310,1,0.22381619853035972,0
2050,310,3,0.015486377772588527,0
2050,310,4,0.2152616547090576,0
2050,310,5,0.16083367761277587,0
2050,310,8,0.19738092839438542,0
2050,310,12,0.019064504481333608,0
2050,310,16,0.16815665849949937,0
2050,311,1,0.12703070548439738,0
2050,311,2,0.03809054240848845,0
2050,311,4,0.41587349068052415,0
2050,311,5,0.17984652150119065,0
2050,311,8,0.055197823186212885,0
2050,311,12,0.1400887179634743,0
2050,311,16,0.04387219877571222,0
2050,312,1,0.037632203905692246,0
2050,312,2,0.10358725292234677,0
2050,312,3,0.032969009111529515,0
2050,312,4,0.4226268781511302,0
2050,312,5,0.08402845578714978,0
2050,312,10,0.20441971574135437,0
2050,312,11,0.011315438292458574,0
2050,312,12,0.01680600188053691,0
2050,312,15,0.04161807254652268,0
2050,312,16,0.04499697166127874,0
2050,313,4,0.40873665234532486,0
2050,313,5,0.08480897423335369,0
2050,313,7,0.08949797355735922,0
2050,313,8,0.018112350263725475,0
2050,313,10,0.046564874112127744,0
2050,313,12,0.26611178890642867,0
2050,313,14,0.0632147222464108,0
2050,313,15,0.02295266433526967,0
2050,314,2,0.028606674831421146,0
2050,314,4,0.31286145654694897,0
2050,314,5,0.019657454472412187,0
2050,314,7,0.23207083359831845,0
2050,314,10,0.26843069096723715,0
2050,314,15,0.06976505097851193,0
2050,314,16,0.06860783860515024,0
2050,315,2,0.12049968364804402,0
2050,315,4,0.29127006881639267,0
2050,315,5,0.09944894538581561,0
2050,315,7,0.13166909474802366,0
2050,315,10,0.25687099327991875,0
2050,315,12,0.10024121412180532,0
2050,316,1,0.12831040371026148,0
2050,316,2,0.05206728694905839,0
2050,316,4,0.3229387785038803,0
2050,316,5,0.1012924038893833,0
2050,316,7,0.01747121324737063,0
2050,316,10,0.07502327833664867,0
2050,316,12,0.1911274967708111,0
2050,316,13,0.03581045511600629,0
2050,316,15,0.07595868347657972,0
2050,317,1,0.02925465969684423,0
2050,317,4,0.40898353433870094,0
2050,317,5,0.12397452161325381,0
2050,317,8,0.11011529165336502,0
2050,317,12,0.20784531500395395,0
2050,317,16,0.11982667769388215,0
2050,318,2,0.050032371614919656,0
2050,318,4,0.42812031082105995,0
2050,318,5,0.022791278435886967,0
2050,318,7,0.17041254749081522,0
2050,318,8,0.02972571734956117,0
2050,318,10,0.22367704202513908,0
2050,318,14,0.01799468902817194,0
2050,318,16,0.057246043234446,0
2050,319,1,0.08751216802962657,0
2050,319,4,0.1803017833911076,0
2050,319,5,0.020543375071814595,0
2050,319,7,0.1377882606556588,0
2050,319,8,0.1403861733050445,0
2050,319,10,0.23455292046498077,0
2050,319,13,0.012003450472578572,0
2050,319,14,0.18691186860918865,0
2050,320,1,0.013554073687888087,0
2050,320,4,0.1985451657026765,0
2050,320,5,0.14422624030488146,0
2050,320,7,0.10087799199398298,0
2050,320,8,0.1093764051014456,0
2050,320,10,0.06931425739058678,0
2050,320,12,0.2030762357372772,0
2050,320,13,0.04045673184925771,0
2050,320,14,0.08261026607184217,0
2050,320,16,0.03796263216016166,0
2050,321,2,0.05756650316616419,0
2050,321,4,0.39142155653345984,0
2050,321,5,0.1376610176102223,0
2050,321,7,0.03272576263934886,0
2050,321,10,0.06099123957384741,0
2050,321,14,0.17392456832688977,0
2050,321,16,0.14570935215006772,0
2050,322,4,0.28664643067473766,0
2050,322,5,0.03134261122305012,0
2050,322,7,0.33003557691976093,0
2050,322,8,0.06482450465047425,0
2050,322,10,0.14855751496781147,0
2050,322,14,0.12114023092500274,0
2050,322,15,0.017453130639162727,0
2050,323,1,0.09849082455106294,0
2050,323,4,0.3397694952059634,0
2050,323,5,0.010982506615474175,0
2050,323,7,0.3350882688208428,0
2050,323,8,0.02057638223364717,0
2050,323,10,0.13901325224748906,0
2050,323,14,0.05607927032552037,0
2050,324,1,0.08174330711848557,0
2050,324,4,0.15314819443757624,0
2050,324,7,0.07996284830229503,0
2050,324,8,0.019502280309059584,0
2050,324,9,0.17447407532528061,0
2050,324,10,0.15475979246014848,0
2050,324,14,0.288355113638338,0
2050,324,16,0.04805438840881642,0
2050,325,1,0.018864078843445976,0
2050,325,3,0.16410215701052902,0
2050,325,5,0.02892122553610945,0
2050,325,9,0.27881860010821946,0
2050,325,12,0.12556880002792947,0
2050,325,14,0.12389444705978854,0
2050,325,16,0.259830691413978,0
2050,326,1,0.06513110977891794,0
2050,326,3,0.12214577460598952,0
2050,326,5,0.10905558200450277,0
2050,326,7,0.01888095331419992,0
2050,326,8,0.010929344516126859,0
2050,326,9,0.0577314399064419,0
2050,326,10,0.20081086608067292,0
2050,326,12,0.14639872582775232,0
2050,326,13,0.0781934637279268,0
2050,326,16,0.19072274023746916,0
2050,327,1,0.22678548068510188,0
2050,327,3,0.29625444743067814,0
2050,327,4,0.015759492400407714,0
2050,327,5,0.09281997662247293,0
2050,327,8,0.05932218750264767,0
2050,327,13,0.14100407742585194,0
2050,327,15,0.021207234979247327,0
2050,327,16,0.14684710295359246,0
2050,328,1,0.0511216519940138,0
2050,328,2,0.02802925804557009,0
2050,328,4,0.35961160730406405,0
2050,328,5,0.056151011878960815,0
2050,328,8,0.03307752491498588,0
2050,328,12,0.25909942593823276,0
2050,328,14,0.0609957319426804,0
2050,328,16,0.1519137879814922,0
2050,329,2,0.07718174510492386,0
2050,329,4,0.2868474112520215,0
2050,329,5,0.0163681790173424,0
2050,329,9,0.26347398392314464,0
2050,329,11,0.12791481652807915,0
2050,329,16,0.22821386417448827,0
2050,330,2,0.010173504777186388,0
2050,330,3,0.2921649214589571,0
2050,330,4,0.017829979761263763,0
2050,330,6,0.06185334669331008,0
2050,330,9,0.11074873463424832,0
2050,330,11,0.15612741831471338,0
2050,330,12,0.03314236631067993,0
2050,330,13,0.10554647659639395,0
2050,330,16,0.21241325145324702,0
2050,331,2,0.02833886846107234,0
2050,331,3,0.07274890424709671,0
2050,331,4,0.3033677672408394,0
2050,331,9,0.17582705345930336,0
2050,331,12,0.3923938057723495,0
2050,331,16,0.027323600819338673,0
2050,332,4,0.462249159852432,0
2050,332,7,0.08570312834049923,0
2050,332,9,0.1226162332689687,0
2050,332,10,0.1050242345130512,0
2050,332,12,0.11725039056388481,0
2050,332,16,0.10715685346116408,0
2050,333,4,0.4413566787985674,0
2050,333,7,0.1961995042523672,0
2050,333,9,0.0958180077298193,0
2050,333,10,0.08737423749452461,0
2050,333,12,0.13686686895425848,0
2050,333,14,0.042384702770462974,0
2050,334,2,0.03061336927309884,0
2050,334,4,0.44542824297682493,0
2050,334,7,0.2112134143019164,0
2050,334,9,0.056660633693119855,0
2050,334,10,0.1797940977744102,0
2050,334,14,0.07629024198062989,0
2050,335,2,0.04771384224463116,0
2050,335,4,0.3759606042345683,0
2050,335,7,0.13028712067631265,0
2050,335,9,0.12543538283665306,0
2050,335,10,0.20439989873109002,0
2050,335,14,0.11620315127674462,0
2050,336,4,0.34648512297081385,0
2050,336,5,0.0834671329132035,0
2050,336,7,0.06753749766808102,0
2050,336,8,0.12197311271717334,0
2050,336,10,0.16598048773887888,0
2050,336,12,0.07045130464787258,0
2050,336,13,0.06396313557918787,0
2050,336,14,0.0458215460393929,0
2050,336,16,0.034320659725396004,0
2050,337,1,0.13308821672215176,0
2050,337,4,0.5380565865654785,0
2050,337,5,0.025150679159624968,0
2050,337,6,0.08655602022275523,0
2050,337,8,0.05956022877174164,0
2050,337,12,0.11946861829984452,0
2050,337,13,0.038119650258403436,0
2050,338,1,0.02116095583127844,0
2050,338,2,0.01669309828283695,0
2050,338,4,0.7193399704199108,0
2050,338,10,0.0316513683814345,0
2050,338,12,0.13891737496116538,0
2050,338,13,0.07223723212337402,0
2050,339,1,0.01206113069915199,0
2050,339,2,0.037266667117365884,0
2050,339,4,0.7487702652600515,0
2050,339,6,0.021837244207209634,0
2050,339,10,0.04267222183336772,0
2050,339,12,0.13739247088285328,0
2050,340,2,0.03544586155558598,0
2050,340,4,0.8150846286215349,0
2050,340,6,0.044655482669665854,0
2050,340,10,0.03297873456786899,0
2050,340,12,0.019242970919282138,0
2050,340,14,0.052592321666062265,0
2050,341,4,0.6361421244666967,0
2050,341,6,0.09885940503803625,0
2050,341,9,0.01528703481408562,0
2050,341,11,0.23472486389628422,0
2050,341,13,0.014986571784897096,0
2050,342,1,0.04863325399262756,0
2050,342,4,0.5111261045361034,0
2050,342,5,0.02385370386054432,0
2050,342,8,0.12315968811226603,0
2050,342,12,0.09234004364676392,0
2050,342,13,0.051139306137577334,0
2050,342,16,0.14974789971411756,0
2050,343,2,0.05848078133296961,0
2050,343,4,0.6797527102706461,0
2050,343,6,0.07561568737254386,0
2050,343,11,0.016331448721071378,0
2050,343,12,0.06064943658392097,0
2050,343,16,0.10916993571884799,0
2050,344,4,0.6329282476117396,0
2050,344,6,0.014717424721773058,0
2050,344,10,0.07629732209443975,0
2050,344,12,0.2760570055720475,0
2050,345,1,0.034727671678037364,0
2050,345,4,0.6930603140230422,0
2050,345,7,0.08199378110939334,0
2050,345,10,0.15364929517595277,0
2050,345,12,0.036568938013574234,0
2050,346,1,0.041916763749558314,0
2050,346,2,0.026009881056133784,0
2050,346,4,0.4035132504281874,0
2050,346,7,0.039523061720977824,0
2050,346,10,0.1713164338800653,0
2050,346,13,0.31772060916507733,0
2050,347,13,1.0,0
2050,348,1,0.12026288173491308,0
2050,348,3,0.045752167875151954,0
2050,348,4,0.20273398583392463,0
2050,348,8,0.042119337024960485,0
2050,348,11,0.23867062170260236,0
2050,348,13,0.3504610058284474,0
2050,349,1,0.09213883632649701,0
2050,349,3,0.1378226412235699,0
2050,349,4,0.28008179676519296,0
2050,349,5,0.05434040134245052,0
2050,349,8,0.05286714171663515,0
2050,349,11,0.18517992590643248,0
2050,349,13,0.19756925671922204,0
2050,350,1,0.010043938081970636,0
2050,350,3,0.06388296930925096,0
2050,350,4,0.5367826548989459,0
2050,350,5,0.0826840582555859,0
2050,350,8,0.07749717190407934,0
2050,350,11,0.03707324658089138,0
2050,350,13,0.05717206130261242,0
2050,350,16,0.1348638996666633,0
2050,351,3,0.08822722614679332,0
2050,351,4,0.5253073378047979,0
2050,351,7,0.06896922795137576,0
2050,351,8,0.05255230758522496,0
2050,351,13,0.26494390051180816,0
2050,352,4,0.656000982036488,0
2050,352,12,0.1302608051150125,0
2050,352,13,0.2137382128484995,0
2050,353,4,0.8387686401358935,0
2050,353,8,0.013320391634495101,0
2050,353,11,0.03463878554146258,0
2050,353,13,0.09563844872703643,0
2050,353,16,0.017633733961112397,0
2050,354,4,1.0,0
2050,355,4,0.8793828084475709,0
2050,355,7,0.03251052378072296,0
2050,355,10,0.03441929382012723,0
2050,355,12,0.015971137427528852,0
2050,355,14,0.037716236524050054,0
2050,356,4,0.7394098536058192,0
2050,356,7,0.2206254407597775,0
2050,356,10,0.039964705634403276,0
2050,357,2,0.0500012672616186,0
2050,357,4,0.7290029931173024,0
2050,357,7,0.1109946131538408,0
2050,357,10,0.06088238862627394,0
2050,357,12,0.033644841605834475,0
2050,357,13,0.015473896235129802,0
2050,358,2,0.042479260638386016,0
2050,358,4,0.6227506892292857,0
2050,358,6,0.01872634595889174,0
2050,358,12,0.10074369243442668,0
2050,358,16,0.21530001173900987,0
2050,359,2,0.06982031183799638,0
2050,359,4,0.6237447585329324,0
2050,359,5,0.03869563625838283,0
2050,359,6,0.01591366010676847,0
2050,359,7,0.024514048560577744,0
2050,359,9,0.011113438770570591,0
2050,359,10,0.025877824331331047,0
2050,359,11,0.031673831652879535,0
2050,359,12,0.03475353608852479,0
2050,359,16,0.12389295386003629,0
2050,360,4,0.5104764233990171,0
2050,360,5,0.1355134780821415,0
2050,360,8,0.017589582942545645,0
2050,360,9,0.12460050032563923,0
2050,360,11,0.050902642505842324,0
2050,360,13,0.016278621023038065,0
2050,360,14,0.08472594969634771,0
2050,360,16,0.059912802025428466,0
2050,361,1,0.023326110271497096,0
2050,361,4,0.2445107753479585,0
2050,361,5,0.08930450609848488,0
2050,361,12,0.04058256938032523,0
2050,361,13,0.3086479687895362,0
2050,361,16,0.2936280701121981,0
2050,362,1,0.147359996697126,0
2050,362,3,0.07572889396936656,0
2050,362,4,0.39582688504543223,0
2050,362,7,0.018376149530728737,0
2050,362,8,0.07825313714990648,0
2050,362,9,0.08911000017598703,0
2050,362,11,0.06252350699622077,0
2050,362,16,0.13282143043523223,0
2050,363,1,0.06892461969950851,0
2050,363,3,0.04186303999419878,0
2050,363,4,0.27183108112108045,0
2050,363,5,0.07752343472565855,0
2050,363,7,0.02944630849614488,0
2050,363,12,0.19427630023746167,0
2050,363,13,0.10949529875858886,0
2050,363,16,0.20663991696735834,0
2050,364,3,0.08890014721087941,0
2050,364,4,0.26410517695086466,0
2050,364,7,0.09212589552598524,0
2050,364,9,0.03311502879107314,0
2050,364,10,0.02591777661444369,0
2050,364,12,0.2809325388074244,0
2050,364,14,0.07350460336434672,0
2050,364,16,0.14139883273498277,0
2050,365,4,0.43152274432213195,0
2050,365,5,0.03975658873964856,0
2050,365,9,0.010189405528990182,0
2050,365,10,0.18512998279009674,0
2050,365,12,0.2555270061592106,0
2050,365,14,0.04890615055337519,0
2050,365,16,0.028968121906546837,0
