year,period,rep_period,weight,scenario
2050,1,2,0.09696844253924988,0
2050,1,3,0.2248665263194395,0
2050,1,4,0.564246634380413,0
2050,1,8,0.11391839676089757,0
2050,2,2,0.029416125873663043,0
2050,2,3,0.14105752898766905,0
2050,2,4,0.7095556052886498,0
2050,2,8,0.11997073985001805,0
2050,3,2,0.07910555837312151,0
2050,3,3,0.058044623396338826,0
2050,3,4,0.5870580006357782,0
2050,3,7,0.1255982008753374,0
2050,3,8,0.15019361671942422,0
2050,4,2,0.06862319573124485,0
2050,4,3,0.22603053791552702,0
2050,4,4,0.48563933957193245,0
2050,4,8,0.21970692678129572,0
2050,5,1,0.02562438207056709,0
2050,5,2,0.023204747940272854,0
2050,5,3,0.3096006211111703,0
2050,5,4,0.25493828416000625,0
2050,5,8,0.3866319647179836,0
2050,6,2,0.019220664503191837,0
2050,6,3,0.4470897728934463,0
2050,6,4,0.2559721566817933,0
2050,6,6,0.1966642837931283,0
2050,6,7,0.03231383549802317,0
2050,6,8,0.04873928663041698,0
2050,7,2,0.06926943199338384,0
2050,7,3,0.1061108258797857,0
2050,7,4,0.4993728195805231,0
2050,7,8,0.3252469225463073,0
2050,8,2,0.024495569182159938,0
2050,8,3,0.0467002399312073,0
2050,8,4,0.7207228797652405,0
2050,8,7,0.08253557286076192,0
2050,8,8,0.12554573826063017,0
2050,9,3,0.29586995539412164,0
2050,9,4,0.5469433336605233,0
2050,9,7,0.1571867109453552,0
2050,10,3,0.3705620808061237,0
2050,10,4,0.528329236156143,0
2050,10,7,0.10110868303773336,0
2050,11,2,0.01594024016511592,0
2050,11,3,0.3075809580057973,0
2050,11,4,0.6764788018290867,0
2050,12,2,0.03315076773060251,0
2050,12,3,0.29755524950106677,0
2050,12,4,0.6066675485479549,0
2050,12,7,0.06262643422037585,0
2050,13,2,0.09204208480507936,0
2050,13,3,0.19401603479585694,0
2050,13,4,0.6697817337677564,0
2050,13,7,0.04416014663130726,0
2050,14,2,0.07536869845468573,0
2050,14,3,0.0952140284956917,0
2050,14,4,0.6909811259043555,0
2050,14,7,0.13843614714526717,0
2050,15,2,0.025285868627435586,0
2050,15,3,0.062370983476899684,0
2050,15,4,0.6231097738808253,0
2050,15,7,0.2892333740148394,0
2050,16,2,0.11028073622446606,0
2050,16,3,0.2552126174153071,0
2050,16,4,0.5895068819260733,0
2050,16,7,0.04499976443415364,0
2050,17,1,0.014803559939006488,0
2050,17,2,0.12241461340385307,0
2050,17,3,0.39860745097527667,0
2050,17,4,0.46417437568186387,0
2050,18,3,0.0770816051518157,0
2050,18,4,0.2975132903264014,0
2050,18,5,0.25013902954058187,0
2050,18,8,0.37526607498120096,0
2050,19,3,0.1901163171272065,0
2050,19,5,0.47568809411384794,0
2050,19,6,0.012346211766065266,0
2050,19,7,0.07728512442977753,0
2050,19,8,0.24456425256310269,0
2050,20,2,0.03594266299060941,0
2050,20,3,0.12334809310370176,0
2050,20,4,0.1751489615951669,0
2050,20,5,0.3849264557860492,0
2050,20,8,0.2806338265244728,0
2050,21,2,0.022403803728172564,0
2050,21,3,0.0809590723608824,0
2050,21,4,0.1618081998981451,0
2050,21,5,0.27461108048298727,0
2050,21,7,0.1305330926771546,0
2050,21,8,0.32968475085265814,0
2050,22,1,0.020301208323460523,0
2050,22,3,0.2835919130171545,0
2050,22,5,0.366949813634787,0
2050,22,7,0.2589132103701043,0
2050,22,8,0.0702438546544939,0
2050,23,3,1.0,0
2050,24,3,0.45920224976284757,0
2050,24,4,0.3465864840213246,0
2050,24,7,0.1942112662158279,0
2050,25,3,0.49043883277696937,0
2050,25,4,0.12586400150377655,0
2050,25,5,0.04490887417029633,0
2050,25,7,0.33878829154895784,0
2050,26,3,0.25819496990836466,0
2050,26,4,0.4186528246863777,0
2050,26,5,0.01811192472470657,0
2050,26,7,0.30504028068055095,0
2050,27,2,0.06952147705158553,0
2050,27,3,0.134981913826542,0
2050,27,4,0.3137903120101676,0
2050,27,5,0.05567178016296685,0
2050,27,7,0.3375096700180872,0
2050,27,8,0.08852484693065087,0
2050,28,2,0.0534949768923472,0
2050,28,3,0.2414889072597065,0
2050,28,4,0.5432511693647627,0
2050,28,7,0.16176494648318362,0
2050,29,2,0.05348569113373579,0
2050,29,3,0.10573648956025271,0
2050,29,4,0.6031359644749471,0
2050,29,7,0.23764185483106443,0
2050,30,2,0.016855931470661615,0
2050,30,3,0.5379321678078893,0
2050,30,4,0.3275348840249948,0
2050,30,8,0.1176770166964544,0
2050,31,2,0.013394122096503383,0
2050,31,3,0.3762303013601382,0
2050,31,4,0.14115743378941065,0
2050,31,7,0.1338650890986265,0
2050,31,8,0.3353530536553213,0
2050,32,2,0.061552779204584254,0
2050,32,3,0.2871638605807708,0
2050,32,4,0.3914590473845137,0
2050,32,7,0.17522924220583366,0
2050,32,8,0.08459507062429765,0
2050,33,2,0.07649808226440467,0
2050,33,3,0.054781106865334356,0
2050,33,4,0.1519328821048469,0
2050,33,5,0.03291915891644197,0
2050,33,7,0.5222715516804946,0
2050,33,8,0.16159721816847766,0
2050,34,2,0.049547763237759904,0
2050,34,3,0.3574050534410135,0
2050,34,4,0.04810047391448071,0
2050,34,5,0.23576151645310975,0
2050,34,7,0.2047271518849904,0
2050,34,8,0.10445804106864576,0
2050,35,3,0.49802038274454874,0
2050,35,5,0.23541215010100663,0
2050,35,6,0.044948368169791975,0
2050,35,7,0.2216190989846527,0
2050,36,3,0.5486435423730338,0
2050,36,5,0.061057881487495885,0
2050,36,7,0.3902985761394702,0
2050,37,2,0.03664424603405754,0
2050,37,3,0.42114486298711096,0
2050,37,4,0.3258423031051602,0
2050,37,7,0.15322489243163265,0
2050,37,8,0.0631436954420387,0
2050,38,2,0.08309398974101194,0
2050,38,3,0.24731493100469792,0
2050,38,4,0.5029561845380174,0
2050,38,7,0.03662273742426693,0
2050,38,8,0.1300121572920059,0
2050,39,2,0.10485636541025417,0
2050,39,3,0.16636836139843375,0
2050,39,4,0.5248640396302415,0
2050,39,7,0.20391123356107055,0
2050,40,2,0.07666995937587448,0
2050,40,3,0.37871177833372877,0
2050,40,4,0.24661297918615296,0
2050,40,7,0.29800528310424373,0
2050,41,2,0.13276625488060614,0
2050,41,3,0.3055251369703931,0
2050,41,4,0.0855958383669687,0
2050,41,7,0.14954603138212336,0
2050,41,8,0.32656673839990874,0
2050,42,2,0.022564333308023387,0
2050,42,3,0.15579488162634741,0
2050,42,5,0.034800243905392034,0
2050,42,6,0.18040400234765572,0
2050,42,7,0.024130580168061983,0
2050,42,8,0.5823059586445195,0
2050,43,8,1.0,0
2050,44,1,0.029137310383904793,0
2050,44,3,0.12957507463953097,0
2050,44,4,0.1568376290190099,0
2050,44,6,0.11199700115200463,0
2050,44,7,0.4739904397540508,0
2050,44,8,0.09846254505149893,0
2050,45,7,1.0,0
2050,46,2,0.09405448214278006,0
2050,46,3,0.0719470939419873,0
2050,46,4,0.36784288486783234,0
2050,46,7,0.21263950985403654,0
2050,46,8,0.2535160291933637,0
2050,47,2,0.08729208632507297,0
2050,47,3,0.19988324343773567,0
2050,47,4,0.30187126734208414,0
2050,47,8,0.41095340289510723,0
2050,48,2,0.09566616874093112,0
2050,48,3,0.2725918726806603,0
2050,48,4,0.27729529477878956,0
2050,48,8,0.3544466637996191,0
2050,49,2,0.12796016602753768,0
2050,49,3,0.25837617653085204,0
2050,49,4,0.3619851173323925,0
2050,49,8,0.2516785401092177,0
2050,50,2,0.08972843382576623,0
2050,50,3,0.029165783332494505,0
2050,50,4,0.553902881576473,0
2050,50,7,0.042205458678709576,0
2050,50,8,0.2849974425865568,0
2050,51,2,0.10222362228098354,0
2050,51,4,0.406335827595986,0
2050,51,7,0.18952482641138263,0
2050,51,8,0.30191572371164793,0
2050,52,2,0.10152488988217631,0
2050,52,3,0.27881385270889664,0
2050,52,4,0.2600967430666767,0
2050,52,7,0.17862061670399815,0
2050,52,8,0.1809438976382523,0
2050,53,2,0.12064892058787913,0
2050,53,3,0.38782165147197994,0
2050,53,4,0.30137428438423736,0
2050,53,8,0.1901551435559035,0
2050,54,2,0.06974429517729787,0
2050,54,3,0.2633421757039809,0
2050,54,4,0.526708000781407,0
2050,54,7,0.14020552833731442,0
2050,55,2,0.0575906017333513,0
2050,55,3,0.19236196337390465,0
2050,55,4,0.3852592768180247,0
2050,55,7,0.36478815807471937,0
2050,56,2,0.12743063632031712,0
2050,56,3,0.38711107020438024,0
2050,56,4,0.03905006643674933,0
2050,56,5,0.03569644877324848,0
2050,56,7,0.3439888135758711,0
2050,56,8,0.06672296468943367,0
2050,57,3,0.3900144254481746,0
2050,57,4,0.18736177223804748,0
2050,57,6,0.11147586767798762,0
2050,57,7,0.31114793463579044,0
2050,58,3,0.14800347589540763,0
2050,58,4,0.13224555230063895,0
2050,58,5,0.12638671839961718,0
2050,58,6,0.044275985123469926,0
2050,58,7,0.3805181214411193,0
2050,58,8,0.16857014683974705,0
2050,59,3,0.27975241176192833,0
2050,59,4,0.2400067108545232,0
2050,59,6,0.1524280605522953,0
2050,59,7,0.3278128168312532,0
2050,60,2,0.05721995254760498,0
2050,60,3,0.05693542253285323,0
2050,60,4,0.6195819575928898,0
2050,60,7,0.2662626673266519,0
2050,61,2,0.05217645896622093,0
2050,61,3,0.28992181454323196,0
2050,61,4,0.4920139224547226,0
2050,61,7,0.1658878040358245,0
2050,62,2,0.12474183297486668,0
2050,62,3,0.194729660779427,0
2050,62,4,0.46668164464378836,0
2050,62,6,0.09014194895138711,0
2050,62,7,0.10261957707051687,0
2050,62,8,0.021085335580013825,0
2050,63,2,0.07515274588826414,0
2050,63,3,0.19753070155328775,0
2050,63,4,0.1801705496425437,0
2050,63,6,0.059746473068163344,0
2050,63,7,0.4873995298477411,0
2050,64,2,0.02631983207348349,0
2050,64,3,0.6196269113733492,0
2050,64,4,0.07204122656220781,0
2050,64,6,0.010371177217109605,0
2050,64,7,0.2716408527738499,0
2050,65,2,0.09613305152346222,0
2050,65,3,0.5436828067644931,0
2050,65,4,0.26322748120169914,0
2050,65,8,0.09695666051034549,0
2050,66,2,0.09368261467875018,0
2050,66,3,0.38894761120035704,0
2050,66,4,0.41817676817470933,0
2050,66,6,0.022306500159019072,0
2050,66,8,0.07688650578716431,0
2050,67,2,0.12629878823884344,0
2050,67,3,0.11925650715407352,0
2050,67,4,0.4206583327434948,0
2050,67,6,0.014132724289921104,0
2050,67,8,0.3196536475736671,0
2050,68,2,0.05062187875026297,0
2050,68,3,0.17165056585967153,0
2050,68,4,0.1827108615464091,0
2050,68,6,0.1457911713999514,0
2050,68,7,0.04897827064711547,0
2050,68,8,0.40024725179658943,0
2050,69,2,0.1789275048719577,0
2050,69,4,0.337433398934701,0
2050,69,5,0.056729787457216664,0
2050,69,6,0.08418693505256165,0
2050,69,7,0.05494619153005515,0
2050,69,8,0.2877761821535078,0
2050,70,2,0.08541083698778591,0
2050,70,3,0.10196349470440723,0
2050,70,4,0.23432039585611816,0
2050,70,5,0.1776772017452895,0
2050,70,6,0.09065687707778472,0
2050,70,7,0.045698152325607484,0
2050,70,8,0.26427304130300705,0
2050,71,1,0.02591577979601458,0
2050,71,2,0.11375949026964709,0
2050,71,3,0.357660553131289,0
2050,71,4,0.27541135411157613,0
2050,71,7,0.10605073126623865,0
2050,71,8,0.12120209142523453,0
2050,72,2,0.16726411876093417,0
2050,72,3,0.05204399876301924,0
2050,72,4,0.33938777652286084,0
2050,72,5,0.024682004719699044,0
2050,72,7,0.23944102288108984,0
2050,72,8,0.17718107835239694,0
2050,73,2,0.11401612811145703,0
2050,73,3,0.029151427006516118,0
2050,73,4,0.3689858875634306,0
2050,73,6,0.08404026859489232,0
2050,73,7,0.23933957328547545,0
2050,73,8,0.1644667154382285,0
2050,74,2,0.09377140480709062,0
2050,74,3,0.2595764628288061,0
2050,74,4,0.361532365822063,0
2050,74,6,0.10190763920475104,0
2050,74,7,0.11393034148588564,0
2050,74,8,0.0692817858514037,0
2050,75,2,0.18828265681830028,0
2050,75,3,0.28772186180347253,0
2050,75,4,0.25491846531837026,0
2050,75,6,0.03284919073469603,0
2050,75,8,0.23622782532516096,0
2050,76,2,0.2160531105520136,0
2050,76,3,0.1280969141695262,0
2050,76,4,0.11939903588798426,0
2050,76,6,0.08039476701229162,0
2050,76,7,0.046449867940652444,0
2050,76,8,0.4096063044375319,0
2050,77,2,0.08187814372687291,0
2050,77,3,0.028774857965218795,0
2050,77,4,0.036136332274381525,0
2050,77,5,0.1228483900368745,0
2050,77,6,0.19154354206853133,0
2050,77,7,0.3846262514928638,0
2050,77,8,0.15419248243525724,0
2050,78,1,0.02583594690129071,0
2050,78,3,0.05935112672159155,0
2050,78,4,0.027201110602267323,0
2050,78,5,0.10755538477406505,0
2050,78,6,0.1328342104752957,0
2050,78,7,0.5431894648865447,0
2050,78,8,0.10403275563894487,0
2050,79,3,0.21321514790112361,0
2050,79,5,0.0970661573383594,0
2050,79,6,0.15646339769305723,0
2050,79,7,0.2378395470692431,0
2050,79,8,0.2954157499982167,0
2050,80,1,0.0648046334541803,0
2050,80,2,0.07896481500423123,0
2050,80,3,0.19266492960951057,0
2050,80,4,0.28605383022204933,0
2050,80,6,0.06140918018319026,0
2050,80,7,0.2675018509786982,0
2050,80,8,0.04860076054814001,0
2050,81,2,0.07168804218315639,0
2050,81,3,0.23192469392602444,0
2050,81,4,0.11356661792623197,0
2050,81,7,0.41792022678811885,0
2050,81,8,0.16490041917646842,0
2050,82,2,0.11256269191887877,0
2050,82,3,0.03405459678868595,0
2050,82,4,0.2583402255836628,0
2050,82,7,0.04478912049928834,0
2050,82,8,0.5502533652094841,0
2050,83,2,0.044270888259870265,0
2050,83,3,0.10370563188670184,0
2050,83,4,0.020417578175470845,0
2050,83,5,0.1811089737056905,0
2050,83,7,0.21805480187270174,0
2050,83,8,0.4324421260995648,0
2050,84,2,0.09837859276903899,0
2050,84,3,0.4558315137145438,0
2050,84,4,0.037443893659777815,0
2050,84,5,0.07785461669635835,0
2050,84,7,0.3183382005581642,0
2050,84,8,0.012153182602117021,0
2050,85,2,0.03693725176787855,0
2050,85,3,0.2736321776491002,0
2050,85,4,0.44404167099175423,0
2050,85,8,0.24538889959126695,0
2050,86,2,0.03519603274966097,0
2050,86,3,0.2093827772580395,0
2050,86,4,0.1947705980482943,0
2050,86,7,0.3516540735601038,0
2050,86,8,0.20899651838390151,0
2050,87,3,0.4681876148276224,0
2050,87,4,0.28234523105438336,0
2050,87,7,0.24946715411799417,0
2050,88,2,0.048593362068899436,0
2050,88,3,0.10030859013840826,0
2050,88,4,0.6146909864752297,0
2050,88,7,0.23640706131746267,0
2050,89,2,0.10354831997835937,0
2050,89,3,0.24967460204024974,0
2050,89,4,0.598397741122542,0
2050,89,7,0.048379336858849036,0
2050,90,2,0.09083882039069363,0
2050,90,3,0.2653185778543363,0
2050,90,4,0.47408183060193954,0
2050,90,7,0.1697607711530304,0
2050,91,2,0.08623686457895414,0
2050,91,3,0.2823085699173607,0
2050,91,4,0.4277525795445316,0
2050,91,6,0.027287608899896714,0
2050,91,7,0.1764143770592569,0
2050,92,2,0.17145075819443778,0
2050,92,3,0.2256838144666911,0
2050,92,4,0.27545426993305255,0
2050,92,6,0.026098585919182765,0
2050,92,7,0.30131257148663587,0
2050,93,2,0.052229308085573606,0
2050,93,3,0.3418405213855774,0
2050,93,4,0.02306444346665085,0
2050,93,5,0.014955848154796123,0
2050,93,6,0.2822895238387228,0
2050,93,7,0.03897412638304362,0
2050,93,8,0.24664622868563563,0
2050,94,2,0.043858954541549304,0
2050,94,3,0.08290145729063224,0
2050,94,4,0.09235351925890385,0
2050,94,5,0.2364923167403018,0
2050,94,6,0.16006389611942606,0
2050,94,7,0.1276907179561613,0
2050,94,8,0.2566391380930255,0
2050,95,2,0.11488926162784248,0
2050,95,3,0.32785714993681847,0
2050,95,5,0.150890126914224,0
2050,95,6,0.1106795528311158,0
2050,95,7,0.15247038766190799,0
2050,95,8,0.14321352102809143,0
2050,96,2,0.09540593990694216,0
2050,96,3,0.3835672291917695,0
2050,96,6,0.1813996218892303,0
2050,96,7,0.0984738121359039,0
2050,96,8,0.24115339687615409,0
2050,97,2,0.2763298302459899,0
2050,97,3,0.362330299795252,0
2050,97,4,0.06289243489583107,0
2050,97,7,0.034179449730991525,0
2050,97,8,0.2642679853319355,0
2050,98,2,0.24549699161414065,0
2050,98,3,0.19537041181582812,0
2050,98,4,0.06166091150100057,0
2050,98,5,0.02910072620600589,0
2050,98,8,0.4683709588630249,0
2050,99,2,0.2065395521186208,0
2050,99,3,0.05382153877911739,0
2050,99,6,0.055794527336466455,0
2050,99,8,0.6838443817657954,0
2050,100,2,0.16524882667013482,0
2050,100,3,0.057487437410431476,0
2050,100,4,0.07240866448917477,0
2050,100,6,0.11267995253154042,0
2050,100,8,0.5921751188987185,0
2050,101,2,0.07770470585630267,0
2050,101,3,0.14627675448960084,0
2050,101,4,0.2552038973310764,0
2050,101,6,0.22880708525168167,0
2050,101,7,0.2920075570713384,0
2050,102,2,0.22758669633044912,0
2050,102,4,0.44697162332571055,0
2050,102,6,0.1026133097548598,0
2050,102,7,0.0669300758317449,0
2050,102,8,0.15589829475723557,0
2050,103,2,0.21221585685511749,0
2050,103,3,0.038136761796472504,0
2050,103,4,0.31323561509179826,0
2050,103,6,0.03944779954424663,0
2050,103,7,0.0946865699263942,0
2050,103,8,0.30227739678597093,0
2050,104,2,0.20306546331227657,0
2050,104,3,0.03903166731900014,0
2050,104,4,0.4245397848532104,0
2050,104,6,0.19839737020065543,0
2050,104,7,0.020770470274032702,0
2050,104,8,0.11419524404082483,0
2050,105,2,0.23589009318321516,0
2050,105,3,0.06937723845769514,0
2050,105,4,0.3068326335712235,0
2050,105,6,0.2928328217309556,0
2050,105,7,0.0950672130569108,0
2050,106,2,0.23467210140888078,0
2050,106,3,0.040098324101499806,0
2050,106,4,0.19706720369685943,0
2050,106,6,0.16545710487295714,0
2050,106,7,0.044983337862873535,0
2050,106,8,0.3177219280569293,0
2050,107,2,0.14941420320342214,0
2050,107,3,0.24219966714413546,0
2050,107,4,0.1845751655018124,0
2050,107,6,0.18462648713208835,0
2050,107,7,0.021703734033307467,0
2050,107,8,0.21748074298523415,0
2050,108,2,0.15061604778273038,0
2050,108,3,0.2577212050956715,0
2050,108,4,0.15025076537928947,0
2050,108,6,0.15277369986583125,0
2050,108,7,0.15508007789911654,0
2050,108,8,0.13355820397736098,0
2050,109,2,0.16302600838044448,0
2050,109,3,0.029303464704653892,0
2050,109,4,0.17155442517825442,0
2050,109,6,0.21737133591719562,0
2050,109,7,0.05409673477622997,0
2050,109,8,0.3646480310432216,0
2050,110,2,0.18860823059452578,0
2050,110,3,0.024456364897179228,0
2050,110,4,0.18963669163246624,0
2050,110,6,0.17526799162907336,0
2050,110,7,0.01331289446999119,0
2050,110,8,0.40871782677676416,0
2050,111,2,0.24666640210309526,0
2050,111,3,0.18542154103563965,0
2050,111,4,0.11392068051199089,0
2050,111,6,0.24232936592298235,0
2050,111,7,0.1867390769972278,0
2050,111,8,0.024922933429064084,0
2050,112,2,0.2063924374633319,0
2050,112,3,0.07132668443041042,0
2050,112,4,0.15098066204197844,0
2050,112,6,0.31945070794792657,0
2050,112,7,0.16261976274811377,0
2050,112,8,0.08922974536823897,0
2050,113,2,0.3333629642161858,0
2050,113,3,0.02614217458127304,0
2050,113,4,0.07432831378642268,0
2050,113,6,0.14788682510677964,0
2050,113,8,0.4182797223093389,0
2050,114,1,0.013819449136757669,0
2050,114,2,0.1830833208896737,0
2050,114,3,0.059767345613163256,0
2050,114,4,0.0655606117288464,0
2050,114,5,0.09142148156853752,0
2050,114,6,0.2744495985913324,0
2050,114,8,0.3118981924716891,0
2050,115,2,0.14213778632230697,0
2050,115,3,0.16440932113285556,0
2050,115,4,0.12756588773029437,0
2050,115,6,0.3017948242894021,0
2050,115,7,0.2640921805251411,0
2050,116,2,0.12479558007161592,0
2050,116,3,0.07592288990760333,0
2050,116,5,0.23094028181744403,0
2050,116,6,0.2345262606467391,0
2050,116,7,0.1800265731001931,0
2050,116,8,0.15378841445640445,0
2050,117,2,0.14641609670529956,0
2050,117,3,0.31015001170269246,0
2050,117,5,0.03715748927356879,0
2050,117,6,0.253296712748846,0
2050,117,7,0.25297968956959316,0
2050,118,2,0.1759811974049736,0
2050,118,3,0.33048805727059327,0
2050,118,4,0.10016521588173648,0
2050,118,6,0.3694947232275688,0
2050,118,7,0.02387080621512797,0
2050,119,2,0.28215978251333024,0
2050,119,3,0.15021015409846125,0
2050,119,4,0.28173323319707944,0
2050,119,6,0.285896830191129,0
2050,120,1,0.018071351790225995,0
2050,120,2,0.5182321984250284,0
2050,120,4,0.014718278353950169,0
2050,120,5,0.14704769894676745,0
2050,120,6,0.15740878299728958,0
2050,120,7,0.14452168948673844,0
2050,121,2,0.5592678297937714,0
2050,121,3,0.2600237149471623,0
2050,121,5,0.145729216548705,0
2050,121,6,0.034979238710361286,0
2050,122,2,0.5089156712346213,0
2050,122,3,0.2661292980975941,0
2050,122,5,0.14292905575192597,0
2050,122,6,0.05100238152482873,0
2050,122,8,0.031023593391030058,0
2050,123,2,0.40332676697940245,0
2050,123,3,0.21701072405392363,0
2050,123,6,0.1322043117107094,0
2050,123,7,0.24745819725596443,0
2050,124,2,0.5307911572447526,0
2050,124,3,0.07865026952968689,0
2050,124,4,0.0841298991154265,0
2050,124,5,0.17486462816788706,0
2050,124,7,0.13156404594224697,0
2050,125,2,0.5328360924345042,0
2050,125,3,0.08377615167725502,0
2050,125,4,0.12611900148585078,0
2050,125,7,0.25726875440239,0
2050,126,2,0.5756264829394163,0
2050,126,3,0.0665146223112207,0
2050,126,4,0.2825566037869364,0
2050,126,6,0.04192355748609842,0
2050,126,7,0.0333787334763281,0
2050,127,2,0.7153814573760258,0
2050,127,3,0.03206133983698798,0
2050,127,6,0.12218015009209086,0
2050,127,7,0.13037705269489533,0
2050,128,1,0.016428426228721205,0
2050,128,2,0.6594731633692006,0
2050,128,3,0.06496374998100093,0
2050,128,5,0.25913466042107725,0
2050,129,2,0.6434709854984917,0
2050,129,6,0.10064514259929969,0
2050,129,7,0.2558838719022087,0
2050,130,2,0.7073703550269712,0
2050,130,3,0.2926296449730289,0
2050,131,2,0.6698716234811223,0
2050,131,3,0.2329596535329153,0
2050,131,6,0.09716872298596234,0
2050,132,2,0.785050444691788,0
2050,132,3,0.09886172782632596,0
2050,132,4,0.09990757686327917,0
2050,132,6,0.016180250618606846,0
2050,133,2,1.0,0
2050,134,2,0.38385945689482226,0
2050,134,3,0.2448096868465657,0
2050,134,5,0.04048273240300541,0
2050,134,6,0.3308481238556067,0
2050,135,2,0.3744786083797647,0
2050,135,3,0.33554165313435913,0
2050,135,5,0.21858078902771386,0
2050,135,6,0.07139894945816219,0
2050,136,2,0.4031766708155462,0
2050,136,3,0.22953040941911104,0
2050,136,4,0.054055503948954364,0
2050,136,5,0.0379981250547586,0
2050,136,6,0.12378816814223129,0
2050,136,7,0.15145112261939833,0
2050,137,2,0.485855527402573,0
2050,137,3,0.1268024612548074,0
2050,137,4,0.16368196343459357,0
2050,137,5,0.16270524984341483,0
2050,137,6,0.06095479806461122,0
2050,138,2,0.4175102113571954,0
2050,138,3,0.13818623899580548,0
2050,138,4,0.14225323709186216,0
2050,138,5,0.04543458482381901,0
2050,138,6,0.21231913608997366,0
2050,138,7,0.04429659164134436,0
2050,139,2,0.403534671153697,0
2050,139,3,0.035646208300989565,0
2050,139,4,0.16849065266617777,0
2050,139,6,0.22809056862982727,0
2050,139,7,0.1642378992493085,0
2050,140,2,0.34775581702912145,0
2050,140,3,0.23197934439403806,0
2050,140,5,0.0741859584610235,0
2050,140,6,0.34607888011581706,0
2050,141,2,0.29545728016577316,0
2050,141,3,0.3336290441675796,0
2050,141,5,0.10341135802434681,0
2050,141,6,0.2553713809776791,0
2050,141,7,0.012130936664621434,0
2050,142,2,0.3522173701802155,0
2050,142,3,0.3963096046819392,0
2050,142,4,0.03679495101309754,0
2050,142,5,0.061617743354836815,0
2050,142,6,0.153060330769911,0
2050,143,2,0.37355889469002185,0
2050,143,3,0.10598558625754881,0
2050,143,4,0.07796000044579399,0
2050,143,5,0.1448830336147635,0
2050,143,6,0.11664790334425448,0
2050,143,7,0.09018808527835918,0
2050,143,8,0.09077649636925826,0
2050,144,2,0.28520317856466537,0
2050,144,3,0.17477644950938628,0
2050,144,4,0.013833105691245351,0
2050,144,5,0.2510515205782561,0
2050,144,6,0.275135745656447,0
2050,145,2,0.25486254214458015,0
2050,145,3,0.11132608938884292,0
2050,145,5,0.35649491510849324,0
2050,145,6,0.24386891380256703,0
2050,145,7,0.03344753955551664,0
2050,146,2,0.3319951477814766,0
2050,146,3,0.12315819230352351,0
2050,146,5,0.1891243730410082,0
2050,146,6,0.23038728723330257,0
2050,146,7,0.12533499964068925,0
2050,147,2,0.4171682260576819,0
2050,147,3,0.29828292406213597,0
2050,147,4,0.011510912708348787,0
2050,147,5,0.08703123213359995,0
2050,147,6,0.18600670503823338,0
2050,148,2,0.36266018527768507,0
2050,148,3,0.16461480732983216,0
2050,148,4,0.09765502624487905,0
2050,148,6,0.37506998114760387,0
2050,149,2,0.3629893235599919,0
2050,149,3,0.12682428455667316,0
2050,149,4,0.08843801387315235,0
2050,149,5,0.01717606692695269,0
2050,149,6,0.40457231108322994,0
2050,150,2,0.5010663536758351,0
2050,150,4,0.18917475335288522,0
2050,150,5,0.09364878097008549,0
2050,150,6,0.16380767355133555,0
2050,150,7,0.05230243844985872,0
2050,151,2,0.4311750286506631,0
2050,151,4,0.3776214329455424,0
2050,151,6,0.19120353840379456,0
2050,152,2,0.4707536224725339,0
2050,152,4,0.2892369245682786,0
2050,152,6,0.24000945295918752,0
2050,153,2,0.38453027638639814,0
2050,153,4,0.32255499594496617,0
2050,153,6,0.2763849479795689,0
2050,153,7,0.0165297796890666,0
2050,154,2,0.6064092408002422,0
2050,154,4,0.2627205075565132,0
2050,154,6,0.13087025164324462,0
2050,155,2,0.5448781884203242,0
2050,155,4,0.02828816979933388,0
2050,155,6,0.14915795265783635,0
2050,155,8,0.27767568912250545,0
2050,156,2,0.38386453265603415,0
2050,156,3,0.19290324412109092,0
2050,156,6,0.423232223222875,0
2050,157,2,0.4572291406122781,0
2050,157,3,0.06293318805729257,0
2050,157,4,0.20982909438848402,0
2050,157,6,0.2700085769419454,0
2050,158,2,0.5266056381221645,0
2050,158,4,0.145121770182068,0
2050,158,6,0.2761622020586534,0
2050,158,8,0.052110389637114105,0
2050,159,2,0.39899559932653117,0
2050,159,4,0.14306581152816483,0
2050,159,6,0.4157332606806789,0
2050,159,7,0.04220532846462519,0
2050,160,2,0.3639212818665837,0
2050,160,5,0.054100644063296836,0
2050,160,6,0.36288623356185673,0
2050,160,7,0.21909184050826275,0
2050,161,2,0.44130753298724074,0
2050,161,4,0.09070849451818458,0
2050,161,5,0.015272961542427844,0
2050,161,6,0.3614783117829512,0
2050,161,7,0.09123269916919563,0
2050,162,1,0.022791565165068667,0
2050,162,2,0.2279371744376086,0
2050,162,4,0.16551519145669255,0
2050,162,5,0.0322802330352205,0
2050,162,6,0.537193198954317,0
2050,162,8,0.014282636951092626,0
2050,163,1,0.08019693682767078,0
2050,163,2,0.25231716350354616,0
2050,163,5,0.08002850185729792,0
2050,163,6,0.4239006235254764,0
2050,163,7,0.1357763364769356,0
2050,163,8,0.027780437809073143,0
2050,164,2,0.20642035278883164,0
2050,164,3,0.04977664946368344,0
2050,164,5,0.14530495950779382,0
2050,164,6,0.39692122036120814,0
2050,164,7,0.20157681787848297,0
2050,165,2,0.33628051816731586,0
2050,165,3,0.04313474560120389,0
2050,165,4,0.07089013396302882,0
2050,165,5,0.3239882846637526,0
2050,165,6,0.22570631760469884,0
2050,166,2,0.33592906707472686,0
2050,166,4,0.07544859876793447,0
2050,166,5,0.13086209916143465,0
2050,166,6,0.2791212196616839,0
2050,166,7,0.15349802484120867,0
2050,166,8,0.02514099049301142,0
2050,167,2,0.28838905592268016,0
2050,167,3,0.09820183918353372,0
2050,167,4,0.02337481977884187,0
2050,167,5,0.18639850071079755,0
2050,167,6,0.3521572981160429,0
2050,167,7,0.05147848628810388,0
2050,168,2,0.26830342254516926,0
2050,168,3,0.25631794421629367,0
2050,168,4,0.09971301385007207,0
2050,168,6,0.37566561938846493,0
2050,169,2,0.31295016187592356,0
2050,169,3,0.14966697205878404,0
2050,169,4,0.1985294746740919,0
2050,169,6,0.3388533913912005,0
2050,170,2,0.26900942846034537,0
2050,170,3,0.05284828110806374,0
2050,170,4,0.04567999626859223,0
2050,170,5,0.13356265026843706,0
2050,170,6,0.39496477584079237,0
2050,170,7,0.10393486805376935,0
2050,171,1,0.016534715510736705,0
2050,171,2,0.15592184462478234,0
2050,171,3,0.08807228711616032,0
2050,171,5,0.3210789374154808,0
2050,171,6,0.41839221533284,0
2050,172,1,0.0712322242131989,0
2050,172,2,0.12930512572205616,0
2050,172,3,0.1041156955538431,0
2050,172,5,0.230852983305399,0
2050,172,6,0.46449397120550295,0
2050,173,1,0.05238350428951289,0
2050,173,2,0.15627019353649368,0
2050,173,3,0.02066415150749462,0
2050,173,5,0.2042361245951995,0
2050,173,6,0.43408445357052894,0
2050,173,7,0.13236157250077038,0
2050,174,2,0.31950085199398065,0
2050,174,3,0.11925979035550686,0
2050,174,5,0.06275574720256313,0
2050,174,6,0.34896219122438266,0
2050,174,7,0.14952141922356665,0
2050,175,2,0.41097717777082265,0
2050,175,4,0.11428887109084904,0
2050,175,5,0.1610398545322138,0
2050,175,6,0.3136940966061145,0
2050,176,2,0.2901678505886728,0
2050,176,5,0.021590206347522324,0
2050,176,6,0.3449708136109331,0
2050,176,8,0.3432711294528717,0
2050,177,1,0.06508289874637761,0
2050,177,2,0.1826044635065288,0
2050,177,3,0.14018995456279448,0
2050,177,5,0.09781492593722012,0
2050,177,6,0.45546332141139345,0
2050,177,8,0.05884443583568554,0
2050,178,1,0.0585242785255144,0
2050,178,2,0.15015223744226244,0
2050,178,3,0.1625915260131471,0
2050,178,5,0.10883955143281052,0
2050,178,6,0.5198924065862656,0
2050,179,2,0.1615960206042116,0
2050,179,3,0.21674150298985986,0
2050,179,5,0.14935337648539562,0
2050,179,6,0.47230909992053294,0
2050,180,1,0.039420126902414254,0
2050,180,2,0.20525783181902083,0
2050,180,3,0.08091964118792672,0
2050,180,5,0.23552710872564386,0
2050,180,6,0.4284612540211465,0
2050,180,8,0.010414037343847814,0
2050,181,2,0.17867768216524993,0
2050,181,3,0.02778474220910563,0
2050,181,5,0.2775861837446355,0
2050,181,6,0.515951391881009,0
2050,182,2,0.23077786721179155,0
2050,182,5,0.02167942587689049,0
2050,182,6,0.5982878860295893,0
2050,182,7,0.14925482088172856,0
2050,183,2,0.24695459894060462,0
2050,183,6,0.600728061017438,0
2050,183,7,0.1523173400419573,0
2050,184,2,0.2176382231525746,0
2050,184,3,0.046840970672182854,0
2050,184,4,0.031180892902417656,0
2050,184,6,0.5266095836689683,0
2050,184,8,0.17773032960385676,0
2050,185,2,0.16384309086335627,0
2050,185,4,0.0748088705589502,0
2050,185,6,0.6415764412752943,0
2050,185,7,0.06980430633251657,0
2050,185,8,0.049967290969882644,0
2050,186,2,0.09776027669515445,0
2050,186,5,0.34324051205509815,0
2050,186,6,0.5308344230438752,0
2050,186,7,0.028164788205872218,0
2050,187,2,0.30975030517915964,0
2050,187,4,0.21339283259022643,0
2050,187,5,0.1153410690211415,0
2050,187,6,0.36151579320947247,0
2050,188,2,0.33948668245076996,0
2050,188,4,0.2392206686584992,0
2050,188,6,0.31993170574433344,0
2050,188,8,0.10136094314639744,0
2050,189,2,0.27855230519665514,0
2050,189,4,0.31411102116583695,0
2050,189,6,0.2502601109238861,0
2050,189,7,0.15707656271362183,0
2050,190,2,0.3125798264627603,0
2050,190,3,0.019307635076328267,0
2050,190,4,0.2970025448431209,0
2050,190,6,0.30056592089303036,0
2050,190,7,0.07054407272476021,0
2050,191,2,0.23855605699491345,0
2050,191,3,0.056942388358840926,0
2050,191,4,0.21365386602208386,0
2050,191,5,0.019642507455297463,0
2050,191,6,0.4051146920977625,0
2050,191,8,0.06609048907110163,0
2050,192,2,0.15444289499385228,0
2050,192,4,0.11963907097018799,0
2050,192,5,0.11330635244068933,0
2050,192,6,0.46237806294505407,0
2050,192,8,0.15023361865021623,0
2050,193,2,0.06504637880365875,0
2050,193,4,0.10247370575335907,0
2050,193,5,0.23922322522148906,0
2050,193,6,0.5243432011000452,0
2050,193,7,0.06891348912144805,0
2050,194,2,0.024047940687860394,0
2050,194,3,0.05491297192645084,0
2050,194,5,0.28342041921859484,0
2050,194,6,0.4747098101704986,0
2050,194,7,0.16290885799659538,0
2050,195,2,0.07481207719733682,0
2050,195,5,0.27965558980444954,0
2050,195,6,0.4830023282415642,0
2050,195,7,0.16253000475664942,0
2050,196,2,0.14232096151526624,0
2050,196,5,0.376301676382953,0
2050,196,6,0.48137736210178084,0
2050,197,2,0.1648268657082104,0
2050,197,3,0.04901776220880685,0
2050,197,4,0.022911798451366858,0
2050,197,5,0.2656650213048993,0
2050,197,6,0.4751285835729448,0
2050,197,8,0.022449968753771827,0
2050,198,2,0.14327698113092716,0
2050,198,3,0.024561846057474183,0
2050,198,4,0.22246110527625854,0
2050,198,6,0.56913175032307,0
2050,198,7,0.04056831721227014,0
2050,199,2,0.23052881134251227,0
2050,199,4,0.19122660221448362,0
2050,199,5,0.09584778211945134,0
2050,199,6,0.48239680432355275,0
2050,200,2,0.1465487868392588,0
2050,200,4,0.1275324922690075,0
2050,200,5,0.13856615797199134,0
2050,200,6,0.5130536565002286,0
2050,200,8,0.07429890641951384,0
2050,201,2,0.14672527791032527,0
2050,201,3,0.07870571936436797,0
2050,201,4,0.14108336371764027,0
2050,201,5,0.22279205672873664,0
2050,201,6,0.4106935822789299,0
2050,202,2,0.1770005578964754,0
2050,202,4,0.17666585336031113,0
2050,202,6,0.6463335887432134,0
2050,203,2,0.27912546720784337,0
2050,203,4,0.06101553221106172,0
2050,203,5,0.10996532282300997,0
2050,203,6,0.41792205934859084,0
2050,203,8,0.13197161840949417,0
2050,204,2,0.17503467399910255,0
2050,204,4,0.10347553835865257,0
2050,204,5,0.3019951176344732,0
2050,204,6,0.4194946700077717,0
2050,205,2,0.14941184348576775,0
2050,205,5,0.2749006851849702,0
2050,205,6,0.3724998345462434,0
2050,205,7,0.03675437659457608,0
2050,205,8,0.1664332601884426,0
2050,206,2,0.15841818820250253,0
2050,206,4,0.2467204958048194,0
2050,206,5,0.06876047935690939,0
2050,206,6,0.3021419489582086,0
2050,206,7,0.22395888767756003,0
2050,207,2,0.26294453522024724,0
2050,207,3,0.02884868740092673,0
2050,207,4,0.35785436078443844,0
2050,207,5,0.024683200569016284,0
2050,207,6,0.2831851607330521,0
2050,207,8,0.0424840552923192,0
2050,208,2,0.08504277958363754,0
2050,208,4,0.28015887463649697,0
2050,208,6,0.40634208670238553,0
2050,208,7,0.22845625907747988,0
2050,209,2,0.09458087729583521,0
2050,209,4,0.19151373924082127,0
2050,209,6,0.46492443089275765,0
2050,209,7,0.24898095257058594,0
2050,210,2,0.1625179472159088,0
2050,210,4,0.2734849436737135,0
2050,210,5,0.04149562596098318,0
2050,210,6,0.48325501503437285,0
2050,210,7,0.039246468115021735,0
2050,211,1,0.04184606339255208,0
2050,211,2,0.1729829028411129,0
2050,211,3,0.031206819446089728,0
2050,211,4,0.18422529832024642,0
2050,211,5,0.019498835455966233,0
2050,211,6,0.46913925817087976,0
2050,211,7,0.08110082237315286,0
2050,212,2,0.1720058137423819,0
2050,212,3,0.0795802749459057,0
2050,212,4,0.1323017737469964,0
2050,212,5,0.14840469822056418,0
2050,212,6,0.4247165994050603,0
2050,212,8,0.04299083993909146,0
2050,213,2,0.0826418962416937,0
2050,213,3,0.04778846313513589,0
2050,213,4,0.01869076013178769,0
2050,213,5,0.05824453444343723,0
2050,213,6,0.5924861742413778,0
2050,213,8,0.20014817180656766,0
2050,214,2,0.07059967793334691,0
2050,214,3,0.010322588878303948,0
2050,214,5,0.11032191819689982,0
2050,214,6,0.5655064030108091,0
2050,214,8,0.24324941198064018,0
2050,215,2,0.033346275474820414,0
2050,215,3,0.05482563897678433,0
2050,215,4,0.13637027737703447,0
2050,215,6,0.7259435758324173,0
2050,215,7,0.049514232338943566,0
2050,216,2,0.03952468837312088,0
2050,216,3,0.06102199689699977,0
2050,216,4,0.18217247894771524,0
2050,216,5,0.0430768544256235,0
2050,216,6,0.6742039813565406,0
2050,217,2,0.12396280137798406,0
2050,217,4,0.055196609213476695,0
2050,217,5,0.013639148601113532,0
2050,217,6,0.6747577419822907,0
2050,217,8,0.1324436988251351,0
2050,218,6,1.0,0
2050,219,5,0.29441773823788975,0
2050,219,6,0.6755511526600321,0
2050,219,8,0.030031109102078245,0
2050,220,2,0.03969447094934203,0
2050,220,3,0.07444101413239734,0
2050,220,5,0.10132500564886307,0
2050,220,6,0.6099605120396786,0
2050,220,7,0.022323567056531136,0
2050,220,8,0.15225543017318774,0
2050,221,3,0.14903880491928875,0
2050,221,5,0.20169592272944648,0
2050,221,6,0.6307796721708474,0
2050,221,8,0.018485600180417377,0
2050,222,3,0.06838870348804198,0
2050,222,5,0.2784500064548541,0
2050,222,6,0.6186374932606764,0
2050,222,7,0.03452379679642765,0
2050,223,2,0.04315799994353945,0
2050,223,5,0.39602836116453904,0
2050,223,6,0.5608136388919215,0
2050,224,2,0.04522403275799297,0
2050,224,4,0.019574265715580835,0
2050,224,5,0.23702160171515313,0
2050,224,6,0.6470033687933369,0
2050,224,7,0.051176731017936204,0
2050,225,2,0.09758113905954728,0
2050,225,4,0.1542245119313981,0
2050,225,5,0.08149371718435383,0
2050,225,6,0.47433920103407384,0
2050,225,7,0.19236143079062681,0
2050,226,2,0.11650878858700411,0
2050,226,4,0.10905841470822626,0
2050,226,5,0.2224999377773129,0
2050,226,6,0.39523728803377184,0
2050,226,7,0.15669557089368494,0
2050,227,2,0.10209658785273466,0
2050,227,4,0.11667368219143275,0
2050,227,5,0.44552725181884634,0
2050,227,6,0.3357024781369862,0
2050,228,1,0.013987806396373594,0
2050,228,2,0.13791790759627634,0
2050,228,4,0.12655193655644806,0
2050,228,5,0.4349140828188024,0
2050,228,6,0.2866282666320996,0
2050,229,1,0.025248665962111685,0
2050,229,2,0.18295584110418286,0
2050,229,4,0.23510703725534038,0
2050,229,5,0.268203477357011,0
2050,229,6,0.288484978321354,0
2050,230,2,0.19038456946488394,0
2050,230,4,0.18987033338948758,0
2050,230,5,0.26492747218832213,0
2050,230,6,0.3548176249573064,0
2050,231,2,0.1065631549750012,0
2050,231,3,0.028686151739546372,0
2050,231,4,0.08008131916777496,0
2050,231,5,0.3687939727648438,0
2050,231,6,0.4158754013528337,0
2050,232,2,0.05990733547105796,0
2050,232,3,0.22056447450011954,0
2050,232,4,0.016464401755694566,0
2050,232,5,0.19164676992833826,0
2050,232,6,0.5114170183447898,0
2050,233,2,0.045935063293964594,0
2050,233,3,0.22714600460094203,0
2050,233,4,0.0247161088779709,0
2050,233,5,0.05459180322782684,0
2050,233,6,0.6476110199992957,0
2050,234,2,0.062172663477472696,0
2050,234,3,0.06856203073334811,0
2050,234,4,0.053115706171374795,0
2050,234,5,0.08145694165305123,0
2050,234,6,0.6680491016787399,0
2050,234,7,0.06664355628601329,0
2050,235,2,0.11333955527125769,0
2050,235,4,0.173275083656267,0
2050,235,6,0.38929043490913534,0
2050,235,7,0.32409492616334,0
2050,236,2,0.21330508158269876,0
2050,236,3,0.15248810824765396,0
2050,236,4,0.24534798666919197,0
2050,236,5,0.05403912021596713,0
2050,236,6,0.23744100064895543,0
2050,236,7,0.09737870263553267,0
2050,237,2,0.214446301254071,0
2050,237,4,0.3549919688237982,0
2050,237,6,0.2845960814719912,0
2050,237,7,0.14596564845013965,0
2050,238,2,0.17179215390360456,0
2050,238,4,0.2650106328898246,0
2050,238,6,0.3998443357990741,0
2050,238,7,0.16335287740749674,0
2050,239,2,0.13076018362942543,0
2050,239,4,0.337216340856316,0
2050,239,5,0.0642716769531929,0
2050,239,6,0.3646855200553189,0
2050,239,7,0.10306627850574676,0
2050,240,2,0.17173921712091572,0
2050,240,4,0.229867749904584,0
2050,240,5,0.08514652064043464,0
2050,240,6,0.2939291409678696,0
2050,240,8,0.21931737136619614,0
2050,241,2,0.18412139855767498,0
2050,241,4,0.09222043760753934,0
2050,241,5,0.08531096826340484,0
2050,241,6,0.3120905990232639,0
2050,241,8,0.3262565965481169,0
2050,242,1,0.01891076708051429,0
2050,242,2,0.025120000044173776,0
2050,242,5,0.2868725701419856,0
2050,242,6,0.49231243803327834,0
2050,242,7,0.07115283364584678,0
2050,242,8,0.10563139105420119,0
2050,243,1,0.03655701412240756,0
2050,243,2,0.07327937305903261,0
2050,243,5,0.26093285781664183,0
2050,243,6,0.3849883933112569,0
2050,243,7,0.24424236169066113,0
2050,244,2,0.18306498126860732,0
2050,244,3,0.020125793095131954,0
2050,244,4,0.1762460893335651,0
2050,244,5,0.12749008368120096,0
2050,244,6,0.30718268134368376,0
2050,244,7,0.185890371277811,0
2050,245,2,0.23395316208781305,0
2050,245,4,0.2124971228086607,0
2050,245,5,0.2605029524567031,0
2050,245,6,0.26895832912780077,0
2050,245,7,0.02408843351902247,0
2050,246,2,0.04780054453339609,0
2050,246,3,0.06778686952534535,0
2050,246,4,0.0786989403067283,0
2050,246,5,0.3466212512804589,0
2050,246,6,0.37963965423578294,0
2050,246,7,0.07945274011828836,0
2050,247,3,0.017519551774702352,0
2050,247,4,0.12405963795359091,0
2050,247,5,0.2657171244780967,0
2050,247,6,0.3914202561164196,0
2050,247,7,0.20128342967719054,0
2050,248,2,0.09655848456588237,0
2050,248,3,0.06413927867189256,0
2050,248,4,0.3428945371074917,0
2050,248,5,0.14873867835355684,0
2050,248,6,0.33680505385752885,0
2050,248,7,0.01086396744364771,0
2050,249,2,0.12314448886587798,0
2050,249,3,0.014462022435379494,0
2050,249,4,0.20322380600946682,0
2050,249,6,0.4246055144140935,0
2050,249,7,0.23456416827518214,0
2050,250,1,0.1280350555731567,0
2050,250,2,0.20391289259318818,0
2050,250,4,0.2112531557081813,0
2050,250,5,0.1395729584997717,0
2050,250,6,0.2073333982320278,0
2050,250,7,0.10989253939367433,0
2050,251,2,0.2190240947449352,0
2050,251,4,0.09331899680373971,0
2050,251,5,0.2534380199608073,0
2050,251,6,0.17062930816307428,0
2050,251,8,0.26358958032744356,0
2050,252,2,0.08382518465560569,0
2050,252,3,0.10855186187517421,0
2050,252,4,0.0425044365778929,0
2050,252,5,0.25992520362433486,0
2050,252,6,0.46381185303927286,0
2050,252,8,0.04138146022771945,0
2050,253,3,0.27971327159588805,0
2050,253,4,0.08348190463153703,0
2050,253,6,0.6104787088508049,0
2050,253,7,0.026326114921769984,0
2050,254,2,0.036242171488454225,0
2050,254,3,0.07781944308550437,0
2050,254,4,0.2526961528703143,0
2050,254,5,0.14316759048434213,0
2050,254,6,0.4900746420713851,0
2050,255,2,0.10402143408368068,0
2050,255,3,0.06808052989910653,0
2050,255,4,0.3725864697470566,0
2050,255,6,0.3919491560542931,0
2050,255,8,0.06336241021586295,0
2050,256,2,0.14520598464646728,0
2050,256,3,0.08646040429598127,0
2050,256,4,0.16778215114700906,0
2050,256,5,0.20270897136346608,0
2050,256,6,0.08171876718476602,0
2050,256,7,0.14815163480109966,0
2050,256,8,0.16797208656121057,0
2050,257,2,0.18816879889322818,0
2050,257,3,0.22589577316343476,0
2050,257,4,0.41776875271072356,0
2050,257,5,0.03428969333144093,0
2050,257,6,0.10195932647596406,0
2050,257,7,0.031917655425208434,0
2050,258,2,0.18560637427804844,0
2050,258,3,0.029811068790515483,0
2050,258,4,0.33254308149003003,0
2050,258,6,0.14222634182477914,0
2050,258,7,0.3098131336166268,0
2050,259,2,0.12196289016089767,0
2050,259,3,0.16364774409733246,0
2050,259,4,0.08771649146817569,0
2050,259,5,0.1391004993688171,0
2050,259,6,0.02602370866496423,0
2050,259,7,0.46154866623981294,0
2050,260,2,0.1706177749184919,0
2050,260,3,0.12388557042649387,0
2050,260,4,0.27941119742602916,0
2050,260,6,0.07953717246901229,0
2050,260,7,0.3465482847599726,0
2050,261,2,0.1790451318857291,0
2050,261,4,0.3335813092776469,0
2050,261,5,0.2045682593036837,0
2050,261,6,0.08746829504063484,0
2050,261,7,0.037900815174651534,0
2050,261,8,0.15743618931765374,0
2050,262,2,0.13144074281290224,0
2050,262,4,0.13274040940761367,0
2050,262,5,0.24226872084222995,0
2050,262,6,0.08274011549661184,0
2050,262,7,0.0879231894656749,0
2050,262,8,0.3228868219749674,0
2050,263,3,0.25735383459384276,0
2050,263,4,0.05970491206051642,0
2050,263,5,0.39386058320393286,0
2050,263,6,0.2643982573374923,0
2050,263,7,0.024682412804215677,0
2050,264,1,0.033146598905485006,0
2050,264,3,0.22782515831764455,0
2050,264,4,0.0353139976239411,0
2050,264,5,0.38718317076592346,0
2050,264,6,0.31653107438700584,0
2050,265,2,0.04390033100407829,0
2050,265,3,0.01509302434514085,0
2050,265,4,0.17813126947282018,0
2050,265,5,0.28649402368639654,0
2050,265,6,0.30283329885371946,0
2050,265,7,0.1735480526378446,0
2050,266,2,0.052285748028605916,0
2050,266,3,0.1248685783908967,0
2050,266,4,0.17481088024215533,0
2050,266,5,0.33430952868867386,0
2050,266,6,0.1629654939450154,0
2050,266,7,0.1003361205616825,0
2050,266,8,0.05042365014297028,0
2050,267,2,0.07077534766957207,0
2050,267,3,0.298538330359112,0
2050,267,4,0.19477849966605684,0
2050,267,5,0.08067542730427539,0
2050,267,6,0.20926861406293323,0
2050,267,7,0.14596378093805046,0
2050,268,2,0.07109199229806083,0
2050,268,3,0.09418379614393127,0
2050,268,4,0.08607893585562354,0
2050,268,5,0.35194657217679254,0
2050,268,6,0.22630763820379302,0
2050,268,7,0.1267611021042419,0
2050,268,8,0.043629963217556876,0
2050,269,2,0.08115494352395117,0
2050,269,3,0.15909286361005412,0
2050,269,4,0.0686945213135875,0
2050,269,5,0.37964051086204353,0
2050,269,6,0.1330042858964259,0
2050,269,7,0.10859824408190319,0
2050,269,8,0.0698146307120346,0
2050,270,2,0.1018400280957803,0
2050,270,3,0.2555414037117645,0
2050,270,4,0.16030437728460656,0
2050,270,5,0.1782994942064058,0
2050,270,6,0.1633138714170454,0
2050,270,7,0.11357988126348648,0
2050,270,8,0.02712094402091106,0
2050,271,2,0.11341372895885345,0
2050,271,3,0.3535654996831043,0
2050,271,4,0.1336147269422628,0
2050,271,6,0.19498858362606453,0
2050,271,8,0.2044174607897149,0
2050,272,2,0.06911496659138029,0
2050,272,3,0.3606557935599359,0
2050,272,4,0.10543673495601986,0
2050,272,6,0.374387803851411,0
2050,272,7,0.09040470104125298,0
2050,273,2,0.15197477629712627,0
2050,273,3,0.23904426038992918,0
2050,273,4,0.14368944878053744,0
2050,273,6,0.33141540799048397,0
2050,273,7,0.09507174131499228,0
2050,273,8,0.03880436522693097,0
2050,274,2,0.19651098018547425,0
2050,274,3,0.08437780698976045,0
2050,274,4,0.21744731311665325,0
2050,274,6,0.23551610141784077,0
2050,274,8,0.2661477982902714,0
2050,275,2,0.24564928069272718,0
2050,275,4,0.1516188397584298,0
2050,275,5,0.09196614953581403,0
2050,275,6,0.0730849441647808,0
2050,275,8,0.43768078584824816,0
2050,276,1,0.04928107888939829,0
2050,276,2,0.03634594629443583,0
2050,276,5,0.45527762182873793,0
2050,276,6,0.2274449515979151,0
2050,276,7,0.12432080716357718,0
2050,276,8,0.10732959422593569,0
2050,277,2,0.021783471946531595,0
2050,277,3,0.15998290207024926,0
2050,277,5,0.5741269300459854,0
2050,277,6,0.027348578727871206,0
2050,277,7,0.16579564912998848,0
2050,277,8,0.050962468079374074,0
2050,278,3,0.07069044646673876,0
2050,278,4,0.18285739970626252,0
2050,278,5,0.4319939942080392,0
2050,278,6,0.05964318480745321,0
2050,278,7,0.2548149748115064,0
2050,279,2,0.17329258673329478,0
2050,279,3,0.011673936098086236,0
2050,279,4,0.3887045256090507,0
2050,279,5,0.3549846507925478,0
2050,279,7,0.07134430076702036,0
2050,280,2,0.12398354000371584,0
2050,280,3,0.019189862238142546,0
2050,280,4,0.32567375485350925,0
2050,280,5,0.19306486014984447,0
2050,280,6,0.24058131634470786,0
2050,280,7,0.09750666641008,0
2050,281,2,0.1345307233263118,0
2050,281,3,0.09474655947739125,0
2050,281,4,0.027949528700678152,0
2050,281,5,0.48123428445037536,0
2050,281,6,0.16311568820737546,0
2050,281,8,0.09842321583786807,0
2050,282,1,0.02180324206895245,0
2050,282,2,0.08414098749506951,0
2050,282,3,0.08360881648854668,0
2050,282,5,0.5616954022815187,0
2050,282,6,0.12777265597085183,0
2050,282,7,0.02187057914463234,0
2050,282,8,0.09910831655042852,0
2050,283,2,0.10973296969786221,0
2050,283,3,0.4054999708979417,0
2050,283,5,0.3834239713988725,0
2050,283,6,0.05593421931739503,0
2050,283,7,0.045408868687928525,0
2050,284,2,0.17986336839743206,0
2050,284,3,0.4149780777410039,0
2050,284,5,0.048922252398075586,0
2050,284,6,0.19223621478762848,0
2050,284,7,0.16400008667585997,0
2050,285,2,0.13823506806155694,0
2050,285,3,0.1208084147071106,0
2050,285,4,0.012247995628860276,0
2050,285,5,0.3697165751615188,0
2050,285,6,0.22917889907390973,0
2050,285,7,0.1298130473670437,0
2050,286,2,0.16617591166545007,0
2050,286,3,0.19112145864093044,0
2050,286,4,0.10958235141019217,0
2050,286,5,0.3430267440613054,0
2050,286,6,0.17942592876770505,0
2050,286,7,0.01066760545441692,0
2050,287,2,0.22656724548930648,0
2050,287,3,0.2822385555645234,0
2050,287,4,0.08095104946537941,0
2050,287,5,0.3169090715419228,0
2050,287,6,0.059657247070510226,0
2050,287,7,0.0336768308683577,0
2050,288,2,0.19975581925628655,0
2050,288,3,0.25333082891632214,0
2050,288,4,0.1947715575711005,0
2050,288,5,0.35214179425629083,0
2050,289,1,0.0537227711602742,0
2050,289,2,0.17351683756069175,0
2050,289,3,0.06300744265763622,0
2050,289,4,0.1851284535079944,0
2050,289,5,0.34513586590994927,0
2050,289,6,0.10218759963994635,0
2050,289,8,0.0773010295635077,0
2050,290,2,0.03797496301757687,0
2050,290,5,0.6928074167389721,0
2050,290,6,0.07363214399948387,0
2050,290,7,0.19558547624396724,0
2050,291,5,1.0,0
2050,292,1,0.07903125091684125,0
2050,292,2,0.021463638794757885,0
2050,292,3,0.14000432140063118,0
2050,292,5,0.6532576456666771,0
2050,292,6,0.03653282915005889,0
2050,292,7,0.06971031407103374,0
2050,293,2,0.08460934071582567,0
2050,293,3,0.23317632362661475,0
2050,293,5,0.4673700158993032,0
2050,293,6,0.07585296434537478,0
2050,293,7,0.1389913554128816,0
2050,294,2,0.12515911051386253,0
2050,294,3,0.2621002844592617,0
2050,294,4,0.1973782911563187,0
2050,294,5,0.22866725469261578,0
2050,294,6,0.1866950591779413,0
2050,295,2,0.2324585757471701,0
2050,295,3,0.3046201755749311,0
2050,295,4,0.3585741304292979,0
2050,295,5,0.04522923027654793,0
2050,295,6,0.05911788797205293,0
2050,296,2,0.23874313671148029,0
2050,296,3,0.158907125809481,0
2050,296,4,0.1789028702328181,0
2050,296,5,0.057914958914042004,0
2050,296,8,0.3655319083321787,0
2050,297,1,0.03611268957109845,0
2050,297,2,0.1328470937025673,0
2050,297,3,0.23468474192558603,0
2050,297,4,0.18225789602362485,0
2050,297,5,0.11472138697587524,0
2050,297,6,0.25396640434324663,0
2050,297,7,0.04540978745800146,0
2050,298,2,0.19676161840077547,0
2050,298,4,0.24323199924174965,0
2050,298,5,0.274052107310173,0
2050,298,8,0.2859542750473019,0
2050,299,2,0.16447596887101057,0
2050,299,3,0.0904787376144406,0
2050,299,4,0.22274097538639825,0
2050,299,5,0.1942022239601215,0
2050,299,6,0.012778524914514828,0
2050,299,7,0.08059688395466895,0
2050,299,8,0.2347266852988454,0
2050,300,2,0.19782351889579847,0
2050,300,3,0.0773275921471967,0
2050,300,4,0.12438167281386922,0
2050,300,5,0.1673246436322859,0
2050,300,6,0.054607100905857964,0
2050,300,7,0.2549905393340635,0
2050,300,8,0.12354493227092812,0
2050,301,2,0.20478419500068057,0
2050,301,3,0.15632110172395078,0
2050,301,4,0.14785768621834733,0
2050,301,5,0.2826303132901591,0
2050,301,7,0.2084067037668622,0
2050,302,2,0.02077608488993858,0
2050,302,3,0.30083769838783225,0
2050,302,4,0.14580243967525458,0
2050,302,5,0.40631322882495124,0
2050,302,6,0.106426715973402,0
2050,302,8,0.019843832248621362,0
2050,303,3,0.3278256031225997,0
2050,303,4,0.12938606640031997,0
2050,303,5,0.06152035514163783,0
2050,303,6,0.259662129713453,0
2050,303,7,0.22160584562198948,0
2050,304,2,0.12193627793863272,0
2050,304,3,0.30417572961109646,0
2050,304,4,0.2907156402359749,0
2050,304,6,0.20213662161413437,0
2050,304,7,0.016702725310560083,0
2050,304,8,0.06433300528960147,0
2050,305,2,0.21759617602099374,0
2050,305,3,0.16944400338222654,0
2050,305,4,0.10960748405914754,0
2050,305,8,0.5033523365376322,0
2050,306,2,0.12393239707566542,0
2050,306,3,0.021677059603074516,0
2050,306,4,0.1917756480936864,0
2050,306,5,0.24599967021981825,0
2050,306,8,0.4166152250077555,0
2050,307,2,0.055068987973408805,0
2050,307,3,0.04685951520586228,0
2050,307,4,0.08176134315837986,0
2050,307,5,0.3844685106677625,0
2050,307,6,0.13663640718925696,0
2050,307,7,0.1744903917135668,0
2050,307,8,0.12071484409176278,0
2050,308,2,0.015887496224325455,0
2050,308,4,0.10156756346711106,0
2050,308,5,0.5092225551579606,0
2050,308,6,0.13024752496856956,0
2050,308,7,0.24307486018203342,0
2050,309,1,0.07779210395492282,0
2050,309,3,0.04731779271652405,0
2050,309,4,0.14926557983356695,0
2050,309,5,0.3521527398378048,0
2050,309,6,0.1862589019298601,0
2050,309,7,0.18721288172732134,0
2050,310,1,0.08567178627602282,0
2050,310,3,0.04249800446030742,0
2050,310,4,0.28400145569731877,0
2050,310,5,0.14538810492567794,0
2050,310,6,0.17886172474373796,0
2050,310,7,0.2635789238969351,0
2050,311,1,0.07654920757357693,0
2050,311,2,0.08087421853404507,0
2050,311,4,0.47460300804465844,0
2050,311,5,0.12104812836398214,0
2050,311,6,0.08342726923838571,0
2050,311,7,0.16349816824535168,0
2050,312,2,0.12221766155991987,0
2050,312,3,0.10278948931668208,0
2050,312,4,0.4927186783305707,0
2050,312,5,0.11606645053076162,0
2050,312,6,0.04992397940207192,0
2050,312,8,0.11628374085999377,0
2050,313,2,0.07145669001218914,0
2050,313,3,0.1723474029980776,0
2050,313,4,0.631935843075454,0
2050,313,6,0.12426006391427918,0
2050,314,2,0.1366922244833489,0
2050,314,3,0.15289354855713158,0
2050,314,4,0.5976114963679855,0
2050,314,6,0.11280273059153399,0
2050,315,2,0.13773246809464956,0
2050,315,3,0.0365707196407804,0
2050,315,4,0.5090207551836539,0
2050,315,6,0.210189231482801,0
2050,315,8,0.10648682559811522,0
2050,316,1,0.06632879336759244,0
2050,316,2,0.09876988691764281,0
2050,316,3,0.084641687297015,0
2050,316,4,0.46555819463447157,0
2050,316,5,0.12192506038303051,0
2050,316,6,0.1627763774002477,0
2050,317,1,0.013829296381194204,0
2050,317,2,0.06886118921906925,0
2050,317,4,0.5648688962335124,0
2050,317,6,0.14171082640094995,0
2050,317,7,0.2107297917652741,0
2050,318,2,0.10160141390025035,0
2050,318,3,0.04469867748442527,0
2050,318,4,0.6321506916419976,0
2050,318,6,0.08992468264574642,0
2050,318,7,0.13162453432758037,0
2050,319,1,0.09215275662261173,0
2050,319,3,0.1520182731736477,0
2050,319,4,0.4073328838330177,0
2050,319,5,0.020491289993220006,0
2050,319,6,0.12037373032309784,0
2050,319,7,0.20763106605440507,0
2050,320,3,0.15112155607854802,0
2050,320,4,0.42807934879910614,0
2050,320,6,0.23201161596165015,0
2050,320,7,0.1887874791606957,0
2050,321,2,0.12130599675618768,0
2050,321,3,0.02158632663834638,0
2050,321,4,0.49427431750558753,0
2050,321,5,0.06163997259002186,0
2050,321,6,0.07243217079093028,0
2050,321,7,0.22876121571892627,0
2050,322,2,0.1035088963083683,0
2050,322,3,0.1381049280254702,0
2050,322,4,0.5153352478854237,0
2050,322,6,0.08882951374788313,0
2050,322,7,0.15422141403285475,0
2050,323,1,0.04998459130400922,0
2050,323,2,0.059111903003188214,0
2050,323,3,0.041401724479810074,0
2050,323,4,0.5438200296618069,0
2050,323,6,0.047469376272302743,0
2050,323,7,0.2582123752788829,0
2050,324,1,0.07048700696549903,0
2050,324,2,0.04208641109933185,0
2050,324,3,0.32602208905691804,0
2050,324,4,0.3731155669525789,0
2050,324,6,0.08046057001380102,0
2050,324,7,0.10782835591187123,0
2050,325,2,0.03677659965288203,0
2050,325,3,0.49084221574752723,0
2050,325,4,0.25413617072065703,0
2050,325,6,0.03453994885113514,0
2050,325,7,0.18370506502779865,0
2050,326,1,0.021970927985951214,0
2050,326,2,0.014117645483946905,0
2050,326,3,0.3708382564425535,0
2050,326,4,0.25722260569063,0
2050,326,5,0.058517100606452224,0
2050,326,6,0.1614500678202623,0
2050,326,7,0.11588339597020392,0
2050,327,1,0.13232371105770163,0
2050,327,3,0.3168399948869286,0
2050,327,4,0.09733238713702348,0
2050,327,5,0.24553482515578906,0
2050,327,6,0.011044128486374313,0
2050,327,7,0.19692495327618292,0
2050,328,2,0.08266015562689753,0
2050,328,3,0.11494421662852533,0
2050,328,4,0.5550928106609967,0
2050,328,5,0.10056967146506184,0
2050,328,6,0.03838502109437786,0
2050,328,7,0.10834812452414064,0
2050,329,2,0.11999034816118723,0
2050,329,3,0.16763355393280008,0
2050,329,4,0.4939504718750567,0
2050,329,5,0.030319125741584126,0
2050,329,7,0.12727798119729353,0
2050,329,8,0.06082851909207829,0
2050,330,2,0.06887580639791316,0
2050,330,3,0.5046538639119194,0
2050,330,4,0.20951361121008247,0
2050,330,7,0.08325439244092292,0
2050,330,8,0.1337023260391621,0
2050,331,2,0.0859372421729259,0
2050,331,3,0.3627324315948172,0
2050,331,4,0.5513303262322569,0
2050,332,2,0.05051662170833869,0
2050,332,3,0.22582491412694478,0
2050,332,4,0.6967479195740875,0
2050,332,8,0.026910544590629075,0
2050,333,2,0.03708827277364342,0
2050,333,3,0.18869417194266536,0
2050,333,4,0.7228262847204158,0
2050,333,7,0.051391270563275464,0
2050,334,2,0.11017055604095723,0
2050,334,3,0.1320155784245787,0
2050,334,4,0.676154763921932,0
2050,334,7,0.08165910161253208,0
2050,335,2,0.11175486747114984,0
2050,335,3,0.17735864628133222,0
2050,335,4,0.594093298139311,0
2050,335,8,0.116793188108207,0
2050,336,2,0.05024502578705009,0
2050,336,3,0.13156492542601783,0
2050,336,4,0.5518614416283525,0
2050,336,6,0.2663286071585796,0
2050,337,1,0.11914004612138479,0
2050,337,2,0.017189769805617726,0
2050,337,3,0.01924197825445204,0
2050,337,4,0.5898400573825598,0
2050,337,5,0.060062050324931025,0
2050,337,7,0.041617415961528854,0
2050,337,8,0.1529086821495256,0
2050,338,1,0.07249166590820752,0
2050,338,2,0.037835503924620886,0
2050,338,3,0.03738328247247577,0
2050,338,4,0.8397713073465295,0
2050,338,7,0.012518240348166319,0
2050,339,1,0.03224372093674973,0
2050,339,2,0.05635947601492424,0
2050,339,4,0.8342651695561649,0
2050,339,8,0.07713163349216112,0
2050,340,2,0.06368852945411241,0
2050,340,4,0.8343703187830454,0
2050,340,7,0.08425386429504672,0
2050,340,8,0.017687287467795573,0
2050,341,4,0.6449145048842146,0
2050,341,5,0.075828339530474,0
2050,341,8,0.27925715558531145,0
2050,342,3,0.06566981417098723,0
2050,342,4,0.6477554504573592,0
2050,342,6,0.15759155470601965,0
2050,342,7,0.1289831806656339,0
2050,343,2,0.08715079187203054,0
2050,343,3,0.05637132215614367,0
2050,343,4,0.7529109708510187,0
2050,343,8,0.10356691512080722,0
2050,344,2,0.035534801668919785,0
2050,344,3,0.0977403011431166,0
2050,344,4,0.7629624917502675,0
2050,344,8,0.10376240543769605,0
2050,345,1,0.044417868808106616,0
2050,345,3,0.02444382684036866,0
2050,345,4,0.7982070060261267,0
2050,345,7,0.051084506418679995,0
2050,345,8,0.08184679190671794,0
2050,346,1,0.16113796348938222,0
2050,346,2,0.019172388860850275,0
2050,346,3,0.028171538803394455,0
2050,346,4,0.6291924105969994,0
2050,346,5,0.0957655959118036,0
2050,346,7,0.016496659352084744,0
2050,346,8,0.05006344298548542,0
2050,347,1,0.09974500688343883,0
2050,347,3,0.1658607098692883,0
2050,347,4,0.3433583549284599,0
2050,347,5,0.21719458363469793,0
2050,347,7,0.17384134468411508,0
2050,348,1,0.09658453817264957,0
2050,348,3,0.10479087416209859,0
2050,348,4,0.3201988383667416,0
2050,348,5,0.24350459572675193,0
2050,348,7,0.0959199055818629,0
2050,348,8,0.13900124798989544,0
2050,349,3,0.19931166156043623,0
2050,349,4,0.3725286585639059,0
2050,349,5,0.37590062959445386,0
2050,349,7,0.052259050281203846,0
2050,350,3,0.11852801969607965,0
2050,350,4,0.6313013539952209,0
2050,350,5,0.03928604347271827,0
2050,350,6,0.10552840248680104,0
2050,350,7,0.10535618034918015,0
2050,351,1,0.016467530553137103,0
2050,351,3,0.19674080030467653,0
2050,351,4,0.6763230579722521,0
2050,351,7,0.11046861116993416,0
2050,352,1,0.027363649674854343,0
2050,352,3,0.10300828589848518,0
2050,352,4,0.8309704106091189,0
2050,352,5,0.010565618692693929,0
2050,352,6,0.028092035124847634,0
2050,353,4,0.8994269447538766,0
2050,353,5,0.10057305524612342,0
2050,354,4,1.0,0
2050,355,2,0.018530528094848397,0
2050,355,3,0.030663937965146954,0
2050,355,4,0.9508055339400047,0
2050,356,2,0.04352208298999128,0
2050,356,3,0.0674686414063125,0
2050,356,4,0.8890092756036962,0
2050,357,2,0.08571205781189985,0
2050,357,3,0.06354889104997248,0
2050,357,4,0.8507390511381278,0
2050,358,2,0.07319298610895206,0
2050,358,4,0.765396452400897,0
2050,358,7,0.11941436248773962,0
2050,358,8,0.04199619900241128,0
2050,359,2,0.09735354582904128,0
2050,359,4,0.7345553414420631,0
2050,359,5,0.06096581193656229,0
2050,359,7,0.07453707482305223,0
2050,359,8,0.03258822596928123,0
2050,360,2,0.0168859896651804,0
2050,360,3,0.02076827627649552,0
2050,360,4,0.5458294549796243,0
2050,360,6,0.0348807720862418,0
2050,360,7,0.3084003165561809,0
2050,360,8,0.07323519043627717,0
2050,361,4,0.4710300139777382,0
2050,361,5,0.12292089357148514,0
2050,361,6,0.026265557993486857,0
2050,361,7,0.3797835344572898,0
2050,362,1,0.012060008009392446,0
2050,362,3,0.15462463155468184,0
2050,362,4,0.47982679105366544,0
2050,362,5,0.16800500385716186,0
2050,362,7,0.18548356552509843,0
2050,363,3,0.1802825125894888,0
2050,363,4,0.4891806316238236,0
2050,363,6,0.15483319691785252,0
2050,363,7,0.1757036588688351,0
2050,364,2,0.030195814666518668,0
2050,364,3,0.36020140058377653,0
2050,364,4,0.5417172030854339,0
2050,364,6,0.013463509406995682,0
2050,364,7,0.05442207225727519,0
2050,365,2,0.024732249587317214,0
2050,365,3,0.1344002380092849,0
2050,365,4,0.5941836648590689,0
2050,365,6,0.047864366511628224,0
2050,365,7,0.06505025915019946,0
2050,365,8,0.13376922188250123,0
