rep_period,timestep,year,profile_name,value
1,1,2030,demand,0.47101909137150516
1,2,2030,demand,0.45724493760120843
1,3,2030,demand,0.4463200981145159
1,4,2030,demand,0.4287887751427557
1,5,2030,demand,0.43179192279238743
1,6,2030,demand,0.43156707599405386
1,7,2030,demand,0.4495765107154095
1,8,2030,demand,0.4760705257285397
1,9,2030,demand,0.5117893481700883
1,10,2030,demand,0.5433593069873038
1,11,2030,demand,0.5602783510191941
1,12,2030,demand,0.5741461941001392
1,13,2030,demand,0.5761736798637462
1,14,2030,demand,0.5881895146721188
1,15,2030,demand,0.5683953284285197
1,16,2030,demand,0.56431401454974
1,17,2030,demand,0.5622225125929685
1,18,2030,demand,0.580202473828799
1,19,2030,demand,0.5960539624327879
1,20,2030,demand,0.6052134861714809
1,21,2030,demand,0.6108512125056146
1,22,2030,demand,0.5948617742227743
1,23,2030,demand,0.5417210089788802
1,24,2030,demand,0.527491514375807
1,1,2030,solar,0.0
1,2,2030,solar,0.0
1,3,2030,solar,0.0
1,4,2030,solar,0.0
1,5,2030,solar,0.0
1,6,2030,solar,0.0
1,7,2030,solar,0.0
1,8,2030,solar,0.0
1,9,2030,solar,0.010095658251210119
1,10,2030,solar,0.0527094046022375
1,11,2030,solar,0.12283084720658266
1,12,2030,solar,0.1790105573875405
1,13,2030,solar,0.1977996186047535
1,14,2030,solar,0.17930345723539287
1,15,2030,solar,0.12688895615324336
1,16,2030,solar,0.07016623921222788
1,17,2030,solar,0.024472159958733062
1,18,2030,solar,0.0
1,19,2030,solar,0.0
1,20,2030,solar,0.0
1,21,2030,solar,0.0
1,22,2030,solar,0.0
1,23,2030,solar,0.0
1,24,2030,solar,0.0
1,1,2030,wind_offshore,0.9785870494973401
1,2,2030,wind_offshore,0.9696929455652376
1,3,2030,wind_offshore,0.9802806806349074
1,4,2030,wind_offshore,0.9835880845015302
1,5,2030,wind_offshore,0.9795487293809408
1,6,2030,wind_offshore,0.9843805663728408
1,7,2030,wind_offshore,0.9908412531752488
1,8,2030,wind_offshore,0.9938692357572968
1,9,2030,wind_offshore,0.9928711989573733
1,10,2030,wind_offshore,0.9761782369329475
1,11,2030,wind_offshore,0.947611435650277
1,12,2030,wind_offshore,0.9339248169842819
1,13,2030,wind_offshore,0.7586207615859364
1,14,2030,wind_offshore,0.8795967581893138
1,15,2030,wind_offshore,0.9964625836491199
1,16,2030,wind_offshore,1.0124967692954727
1,17,2030,wind_offshore,1.007429042779371
1,18,2030,wind_offshore,0.996450414661628
1,19,2030,wind_offshore,0.9875769002309889
1,20,2030,wind_offshore,0.9733410501310251
1,21,2030,wind_offshore,0.9711834231844044
1,22,2030,wind_offshore,0.9426789420252498
1,23,2030,wind_offshore,0.9553934849173541
1,24,2030,wind_offshore,0.9460386445650164
1,1,2030,wind_onshore,0.7027202028151168
1,2,2030,wind_onshore,0.7222632051279385
1,3,2030,wind_onshore,0.7338670666966225
1,4,2030,wind_onshore,0.7416819560101277
1,5,2030,wind_onshore,0.7433073179082793
1,6,2030,wind_onshore,0.7245305939500312
1,7,2030,wind_onshore,0.719937242033879
1,8,2030,wind_onshore,0.7135352485740687
1,9,2030,wind_onshore,0.7144712762986052
1,10,2030,wind_onshore,0.7187322952729639
1,11,2030,wind_onshore,0.6994765698820506
1,12,2030,wind_onshore,0.696953033053725
1,13,2030,wind_onshore,0.7020991232891832
1,14,2030,wind_onshore,0.737286123620599
1,15,2030,wind_onshore,0.7673601829461333
1,16,2030,wind_onshore,0.7794342089115305
1,17,2030,wind_onshore,0.7809648764857167
1,18,2030,wind_onshore,0.765996376458879
1,19,2030,wind_onshore,0.7502140753396073
1,20,2030,wind_onshore,0.7707478179436832
1,21,2030,wind_onshore,0.7859177739035321
1,22,2030,wind_onshore,0.7812123520948617
1,23,2030,wind_onshore,0.7615376051406908
1,24,2030,wind_onshore,0.7610538272306108
2,1,2030,demand,0.5178573812773729
2,2,2030,demand,0.5114751518973671
2,3,2030,demand,0.5135057182215206
2,4,2030,demand,0.5003687171438065
2,5,2030,demand,0.5148899354141887
2,6,2030,demand,0.5243166673305848
2,7,2030,demand,0.5426887986295655
2,8,2030,demand,0.5854654393227371
2,9,2030,demand,0.6166678474007903
2,10,2030,demand,0.6480949948142853
2,11,2030,demand,0.6658835626213355
2,12,2030,demand,0.6999635447794067
2,13,2030,demand,0.7022925409034876
2,14,2030,demand,0.7039805073591205
2,15,2030,demand,0.690415072584923
2,16,2030,demand,0.6796443863087681
2,17,2030,demand,0.6728630802736657
2,18,2030,demand,0.6628911434447283
2,19,2030,demand,0.6502658667050977
2,20,2030,demand,0.6401862752878554
2,21,2030,demand,0.6333700626242813
2,22,2030,demand,0.6024618875296769
2,23,2030,demand,0.5548015171660857
2,24,2030,demand,0.5360772234895573
2,1,2030,solar,0.0
2,2,2030,solar,0.0
2,3,2030,solar,0.0
2,4,2030,solar,0.0
2,5,2030,solar,0.0
2,6,2030,solar,0.00024000685585880038
2,7,2030,solar,0.04614468166883614
2,8,2030,solar,0.19426583564950234
2,9,2030,solar,0.3747782188316441
2,10,2030,solar,0.5440012455297257
2,11,2030,solar,0.6365464714104497
2,12,2030,solar,0.6706085615243238
2,13,2030,solar,0.638639324482875
2,14,2030,solar,0.6074417683693656
2,15,2030,solar,0.5433286934784688
2,16,2030,solar,0.45547987295550624
2,17,2030,solar,0.35612081526934014
2,18,2030,solar,0.2437439282375715
2,19,2030,solar,0.10897108345340334
2,20,2030,solar,0.013599814976372157
2,21,2030,solar,0.0
2,22,2030,solar,0.0
2,23,2030,solar,0.0
2,24,2030,solar,0.0
2,1,2030,wind_offshore,0.0
2,2,2030,wind_offshore,0.0
2,3,2030,wind_offshore,0.0
2,4,2030,wind_offshore,0.0
2,5,2030,wind_offshore,0.0
2,6,2030,wind_offshore,0.00026170939462950713
2,7,2030,wind_offshore,8.921888934307507e-5
2,8,2030,wind_offshore,0.0
2,9,2030,wind_offshore,0.00020011565664267966
2,10,2030,wind_offshore,0.0005775590786634289
2,11,2030,wind_offshore,0.0
2,12,2030,wind_offshore,0.0
2,13,2030,wind_offshore,0.0
2,14,2030,wind_offshore,0.0
2,15,2030,wind_offshore,0.00015783512898301253
2,16,2030,wind_offshore,0.0011663452876546558
2,17,2030,wind_offshore,0.006259479974939235
2,18,2030,wind_offshore,0.009845909118785409
2,19,2030,wind_offshore,0.01876150440090974
2,20,2030,wind_offshore,0.022486107526804234
2,21,2030,wind_offshore,0.03463180826210129
2,22,2030,wind_offshore,0.03771144226697215
2,23,2030,wind_offshore,0.00783380057181989
2,24,2030,wind_offshore,0.0013832881043176742
2,1,2030,wind_onshore,0.05467171210940341
2,2,2030,wind_onshore,0.05066881923758268
2,3,2030,wind_onshore,0.046334329607304194
2,4,2030,wind_onshore,0.04014560851248884
2,5,2030,wind_onshore,0.03391004410695722
2,6,2030,wind_onshore,0.03024173400000232
2,7,2030,wind_onshore,0.02780320978421322
2,8,2030,wind_onshore,0.015609305068702053
2,9,2030,wind_onshore,0.013451807090596403
2,10,2030,wind_onshore,0.01421172799427007
2,11,2030,wind_onshore,0.015330203230448954
2,12,2030,wind_onshore,0.022097418846998694
2,13,2030,wind_onshore,0.03304172443949052
2,14,2030,wind_onshore,0.046242039950289575
2,15,2030,wind_onshore,0.0614764546699239
2,16,2030,wind_onshore,0.07529050205323604
2,17,2030,wind_onshore,0.08720996629992955
2,18,2030,wind_onshore,0.10170880079485782
2,19,2030,wind_onshore,0.10628977385581843
2,20,2030,wind_onshore,0.0748503151029003
2,21,2030,wind_onshore,0.0648092437933047
2,22,2030,wind_onshore,0.061040469663441475
2,23,2030,wind_onshore,0.05831924629102965
2,24,2030,wind_onshore,0.058215717606898296
3,1,2030,demand,0.6932345188233675
3,2,2030,demand,0.6580375315719417
3,3,2030,demand,0.6385166707788128
3,4,2030,demand,0.6276006697093282
3,5,2030,demand,0.6470070833505298
3,6,2030,demand,0.6660657633685786
3,7,2030,demand,0.6891000299678209
3,8,2030,demand,0.7307297086762806
3,9,2030,demand,0.809072547643573
3,10,2030,demand,0.8899669320608656
3,11,2030,demand,0.9493085218192613
3,12,2030,demand,0.9936707162543573
3,13,2030,demand,1.0070723728645339
3,14,2030,demand,1.0057854102681838
3,15,2030,demand,0.9999293270874599
3,16,2030,demand,0.9896332801253571
3,17,2030,demand,1.0030282502018293
3,18,2030,demand,0.9787619355387647
3,19,2030,demand,0.9451199421406773
3,20,2030,demand,0.9216473693188991
3,21,2030,demand,0.9226995124797938
3,22,2030,demand,0.8759751444071537
3,23,2030,demand,0.8062988096504314
3,24,2030,demand,0.7703195615612242
3,1,2030,solar,0.0
3,2,2030,solar,0.0
3,3,2030,solar,0.0
3,4,2030,solar,0.0
3,5,2030,solar,0.0
3,6,2030,solar,1.6665357538935861e-6
3,7,2030,solar,0.0169163187169256
3,8,2030,solar,0.15558827554684815
3,9,2030,solar,0.3380528230875836
3,10,2030,solar,0.4984037910622757
3,11,2030,solar,0.5825326255830142
3,12,2030,solar,0.6451211047778962
3,13,2030,solar,0.6842567038721797
3,14,2030,solar,0.6782342652118891
3,15,2030,solar,0.630406629732391
3,16,2030,solar,0.5387496391524798
3,17,2030,solar,0.39514358301088987
3,18,2030,solar,0.23262215654202198
3,19,2030,solar,0.08850131587304123
3,20,2030,solar,0.0052851027493263526
3,21,2030,solar,0.0
3,22,2030,solar,0.0
3,23,2030,solar,0.0
3,24,2030,solar,0.0
3,1,2030,wind_offshore,0.9496315161914585
3,2,2030,wind_offshore,0.9475085469076585
3,3,2030,wind_offshore,0.9470817226278474
3,4,2030,wind_offshore,0.9582831993887622
3,5,2030,wind_offshore,0.961377433001708
3,6,2030,wind_offshore,0.9718640571442261
3,7,2030,wind_offshore,0.9767640140710672
3,8,2030,wind_offshore,0.9776137785417087
3,9,2030,wind_offshore,0.9620528554893534
3,10,2030,wind_offshore,0.9767273256568052
3,11,2030,wind_offshore,0.9768227547525599
3,12,2030,wind_offshore,0.9933734118608293
3,13,2030,wind_offshore,0.9899408026400324
3,14,2030,wind_offshore,0.9810612003015341
3,15,2030,wind_offshore,0.9586901386565072
3,16,2030,wind_offshore,0.91909635412934
3,17,2030,wind_offshore,0.8612190383526046
3,18,2030,wind_offshore,0.78269854790988
3,19,2030,wind_offshore,0.6585821669235754
3,20,2030,wind_offshore,0.5356107360228682
3,21,2030,wind_offshore,0.4227655140631724
3,22,2030,wind_offshore,0.3840435279183253
3,23,2030,wind_offshore,0.2878485416071695
3,24,2030,wind_offshore,0.26050499528850923
3,1,2030,wind_onshore,0.1989462170441923
3,2,2030,wind_onshore,0.17957750066902634
3,3,2030,wind_onshore,0.1633828534546079
3,4,2030,wind_onshore,0.15514496696306576
3,5,2030,wind_onshore,0.14432043430945524
3,6,2030,wind_onshore,0.13800311372876978
3,7,2030,wind_onshore,0.13208921459144485
3,8,2030,wind_onshore,0.10929135819553307
3,9,2030,wind_onshore,0.09008820182333234
3,10,2030,wind_onshore,0.08993055021324493
3,11,2030,wind_onshore,0.09595807322078641
3,12,2030,wind_onshore,0.10565717907972812
3,13,2030,wind_onshore,0.11314248098923395
3,14,2030,wind_onshore,0.11957469696187009
3,15,2030,wind_onshore,0.12416530198760678
3,16,2030,wind_onshore,0.12376459866054151
3,17,2030,wind_onshore,0.1254981949442998
3,18,2030,wind_onshore,0.12333782448884724
3,19,2030,wind_onshore,0.1405303221816727
3,20,2030,wind_onshore,0.15004490628879835
3,21,2030,wind_onshore,0.1424905700782801
3,22,2030,wind_onshore,0.12967045039720052
3,23,2030,wind_onshore,0.09258634290586515
3,24,2030,wind_onshore,0.10786023460407898
4,1,2030,demand,0.4873726544780016
4,2,2030,demand,0.47779927214963813
4,3,2030,demand,0.4701743542957739
4,4,2030,demand,0.4617162949179542
4,5,2030,demand,0.4703958413743411
4,6,2030,demand,0.49004943329774464
4,7,2030,demand,0.5405739179811191
4,8,2030,demand,0.5888882836958956
4,9,2030,demand,0.6253136522392586
4,10,2030,demand,0.6398004384870397
4,11,2030,demand,0.6572080364645249
4,12,2030,demand,0.6532709357802059
4,13,2030,demand,0.6453410310995474
4,14,2030,demand,0.6281168040962859
4,15,2030,demand,0.6232134176148895
4,16,2030,demand,0.6200837255584223
4,17,2030,demand,0.6062883144375841
4,18,2030,demand,0.6210508335244044
4,19,2030,demand,0.654242668984727
4,20,2030,demand,0.6699389252740009
4,21,2030,demand,0.6579176934368711
4,22,2030,demand,0.6231678949243641
4,23,2030,demand,0.5671848452074152
4,24,2030,demand,0.5569897348730883
4,1,2030,solar,0.0
4,2,2030,solar,0.0
4,3,2030,solar,0.0
4,4,2030,solar,0.0
4,5,2030,solar,0.0
4,6,2030,solar,0.0
4,7,2030,solar,0.0
4,8,2030,solar,0.0
4,9,2030,solar,0.021654009338732152
4,10,2030,solar,0.08240892252012086
4,11,2030,solar,0.16802096641788467
4,12,2030,solar,0.23307043799063484
4,13,2030,solar,0.2561886339512059
4,14,2030,solar,0.23979964079512125
4,15,2030,solar,0.21361770465102922
4,16,2030,solar,0.17326340030781617
4,17,2030,solar,0.101764120368128
4,18,2030,solar,0.022105524562339593
4,19,2030,solar,0.0
4,20,2030,solar,0.0
4,21,2030,solar,0.0
4,22,2030,solar,0.0
4,23,2030,solar,0.0
4,24,2030,solar,0.0
4,1,2030,wind_offshore,1.0085339313525046
4,2,2030,wind_offshore,1.008752459922882
4,3,2030,wind_offshore,1.0045056854850745
4,4,2030,wind_offshore,1.0035484998584867
4,5,2030,wind_offshore,0.9941188889811889
4,6,2030,wind_offshore,0.9761556359974982
4,7,2030,wind_offshore,0.9771861590803312
4,8,2030,wind_offshore,0.9680085645985061
4,9,2030,wind_offshore,0.9698224840866078
4,10,2030,wind_offshore,0.9634411443444703
4,11,2030,wind_offshore,0.8583984607715622
4,12,2030,wind_offshore,0.6417449104617509
4,13,2030,wind_offshore,0.37307687329946276
4,14,2030,wind_offshore,0.3475363653526367
4,15,2030,wind_offshore,0.22192549723285393
4,16,2030,wind_offshore,0.06095911246607254
4,17,2030,wind_offshore,0.040500418773940054
4,18,2030,wind_offshore,0.04479944683738897
4,19,2030,wind_offshore,0.013511732226234056
4,20,2030,wind_offshore,0.009556462850840762
4,21,2030,wind_offshore,0.00019294895827149338
4,22,2030,wind_offshore,0.0011608694325166036
4,23,2030,wind_offshore,0.0723708471563246
4,24,2030,wind_offshore,0.09133836596497402
4,1,2030,wind_onshore,0.530183665082139
4,2,2030,wind_onshore,0.5615416621679089
4,3,2030,wind_onshore,0.5831506868995178
4,4,2030,wind_onshore,0.5972321548767272
4,5,2030,wind_onshore,0.616750388040835
4,6,2030,wind_onshore,0.633678192270208
4,7,2030,wind_onshore,0.636410282308439
4,8,2030,wind_onshore,0.6395882021616124
4,9,2030,wind_onshore,0.6398179960869524
4,10,2030,wind_onshore,0.6192090169973531
4,11,2030,wind_onshore,0.6236333602806073
4,12,2030,wind_onshore,0.6446414059726955
4,13,2030,wind_onshore,0.6673161802253759
4,14,2030,wind_onshore,0.6670542126866705
4,15,2030,wind_onshore,0.6454291433993478
4,16,2030,wind_onshore,0.6114677897700745
4,17,2030,wind_onshore,0.5355858318481025
4,18,2030,wind_onshore,0.46560635864778127
4,19,2030,wind_onshore,0.42843570781456597
4,20,2030,wind_onshore,0.4033577495826176
4,21,2030,wind_onshore,0.36873783217692496
4,22,2030,wind_onshore,0.33600448365496927
4,23,2030,wind_onshore,0.31350860269127584
4,24,2030,wind_onshore,0.30783035147801036
5,1,2030,demand,0.48758692354554545
5,2,2030,demand,0.477731868955745
5,3,2030,demand,0.4543604069078069
5,4,2030,demand,0.44152847834921133
5,5,2030,demand,0.4379013502825759
5,6,2030,demand,0.43675886487491633
5,7,2030,demand,0.44092438631132086
5,8,2030,demand,0.4617519029135528
5,9,2030,demand,0.47997841230373
5,10,2030,demand,0.4997536759798378
5,11,2030,demand,0.5128309980142788
5,12,2030,demand,0.521883209126234
5,13,2030,demand,0.5243171825634081
5,14,2030,demand,0.5266611705765438
5,15,2030,demand,0.5128220147016457
5,16,2030,demand,0.4975472942331769
5,17,2030,demand,0.49984770816474433
5,18,2030,demand,0.5010755646688397
5,19,2030,demand,0.5134933198615313
5,20,2030,demand,0.5339856318304389
5,21,2030,demand,0.5366358939273835
5,22,2030,demand,0.5248738029279617
5,23,2030,demand,0.4874728507245596
5,24,2030,demand,0.4750670643234559
5,1,2030,solar,0.0
5,2,2030,solar,0.0
5,3,2030,solar,0.0
5,4,2030,solar,0.0
5,5,2030,solar,0.0
5,6,2030,solar,0.0004345908009199894
5,7,2030,solar,0.04027177534751522
5,8,2030,solar,0.2191937969270811
5,9,2030,solar,0.42723318684910927
5,10,2030,solar,0.5927134214647846
5,11,2030,solar,0.7011517508403994
5,12,2030,solar,0.7633932903954392
5,13,2030,solar,0.7713190531372995
5,14,2030,solar,0.7822297027424269
5,15,2030,solar,0.7324030220350245
5,16,2030,solar,0.6263533378242755
5,17,2030,solar,0.46164973644309915
5,18,2030,solar,0.2707794111700459
5,19,2030,solar,0.08096823062945215
5,20,2030,solar,0.0012293247906867923
5,21,2030,solar,0.0
5,22,2030,solar,0.0
5,23,2030,solar,0.0
5,24,2030,solar,0.0
5,1,2030,wind_offshore,0.04829638378246412
5,2,2030,wind_offshore,0.06222154896638542
5,3,2030,wind_offshore,0.08826799306761048
5,4,2030,wind_offshore,0.12449746721341408
5,5,2030,wind_offshore,0.2159656525804974
5,6,2030,wind_offshore,0.35712278193680874
5,7,2030,wind_offshore,0.5265677932987207
5,8,2030,wind_offshore,0.6709625367851023
5,9,2030,wind_offshore,0.7801897012895719
5,10,2030,wind_offshore,0.8614270834896502
5,11,2030,wind_offshore,0.8009996756251464
5,12,2030,wind_offshore,0.8413794750396656
5,13,2030,wind_offshore,0.88610925897138
5,14,2030,wind_offshore,0.9002957675493691
5,15,2030,wind_offshore,0.9244369620986961
5,16,2030,wind_offshore,0.9496302940924242
5,17,2030,wind_offshore,0.9529621350981027
5,18,2030,wind_offshore,0.9658835553412504
5,19,2030,wind_offshore,0.9708117518580738
5,20,2030,wind_offshore,0.9601198377008768
5,21,2030,wind_offshore,0.9639792700096176
5,22,2030,wind_offshore,0.9718415617840318
5,23,2030,wind_offshore,0.9531231481768394
5,24,2030,wind_offshore,0.9638259020663568
5,1,2030,wind_onshore,0.24416188364821842
5,2,2030,wind_onshore,0.23702279395250514
5,3,2030,wind_onshore,0.23178070232422748
5,4,2030,wind_onshore,0.2207899216381951
5,5,2030,wind_onshore,0.22368357825716512
5,6,2030,wind_onshore,0.22933203844779804
5,7,2030,wind_onshore,0.2249422713140016
5,8,2030,wind_onshore,0.23134135799440844
5,9,2030,wind_onshore,0.2411817302574192
5,10,2030,wind_onshore,0.25815202298626533
5,11,2030,wind_onshore,0.23637937124112962
5,12,2030,wind_onshore,0.23925235582370108
5,13,2030,wind_onshore,0.247017822733433
5,14,2030,wind_onshore,0.2551456525486167
5,15,2030,wind_onshore,0.2746368202881627
5,16,2030,wind_onshore,0.30338101667413464
5,17,2030,wind_onshore,0.32960470348731097
5,18,2030,wind_onshore,0.3601293399988125
5,19,2030,wind_onshore,0.39581409989053107
5,20,2030,wind_onshore,0.4315324643341109
5,21,2030,wind_onshore,0.4544800626118313
5,22,2030,wind_onshore,0.44265638578031097
5,23,2030,wind_onshore,0.40667292160476565
5,24,2030,wind_onshore,0.3720054513250395
6,1,2030,demand,0.45859972943677296
6,2,2030,demand,0.44981582739920817
6,3,2030,demand,0.4320448060977357
6,4,2030,demand,0.4212349543864133
6,5,2030,demand,0.40568628128195144
6,6,2030,demand,0.3985495878621677
6,7,2030,demand,0.4044224474743975
6,8,2030,demand,0.4239772600010303
6,9,2030,demand,0.4661273737820206
6,10,2030,demand,0.4934645866929921
6,11,2030,demand,0.5183952384254377
6,12,2030,demand,0.5115493124451854
6,13,2030,demand,0.5133369178251321
6,14,2030,demand,0.5204854249993992
6,15,2030,demand,0.51686884200666
6,16,2030,demand,0.5095901038824973
6,17,2030,demand,0.5148562745337373
6,18,2030,demand,0.5343788696628098
6,19,2030,demand,0.555207129891494
6,20,2030,demand,0.563313002497389
6,21,2030,demand,0.5630400247612414
6,22,2030,demand,0.5493529526471325
6,23,2030,demand,0.5201964161271767
6,24,2030,demand,0.4994991359068182
6,1,2030,solar,0.0
6,2,2030,solar,0.0
6,3,2030,solar,0.0
6,4,2030,solar,0.0
6,5,2030,solar,0.0
6,6,2030,solar,0.0
6,7,2030,solar,0.0
6,8,2030,solar,2.3495535820104338e-5
6,9,2030,solar,0.04030222546998378
6,10,2030,solar,0.10898159703014237
6,11,2030,solar,0.18417942846970464
6,12,2030,solar,0.24750341249401517
6,13,2030,solar,0.26642277037158474
6,14,2030,solar,0.249451262185964
6,15,2030,solar,0.1982512648101423
6,16,2030,solar,0.12740711431462398
6,17,2030,solar,0.054404009192784625
6,18,2030,solar,0.0
6,19,2030,solar,0.0
6,20,2030,solar,0.0
6,21,2030,solar,0.0
6,22,2030,solar,0.0
6,23,2030,solar,0.0
6,24,2030,solar,0.0
6,1,2030,wind_offshore,0.03389223204512769
6,2,2030,wind_offshore,0.08028437694593925
6,3,2030,wind_offshore,0.12277180297963014
6,4,2030,wind_offshore,0.10988408497992111
6,5,2030,wind_offshore,0.10808463859432695
6,6,2030,wind_offshore,0.12914099131137496
6,7,2030,wind_offshore,0.15515046490123777
6,8,2030,wind_offshore,0.19364916088292053
6,9,2030,wind_offshore,0.21980469509862285
6,10,2030,wind_offshore,0.24968207771809564
6,11,2030,wind_offshore,0.1944007036137572
6,12,2030,wind_offshore,0.18883152718160404
6,13,2030,wind_offshore,0.2362289753842451
6,14,2030,wind_offshore,0.28500251673446286
6,15,2030,wind_offshore,0.3909499101632998
6,16,2030,wind_offshore,0.54178337029471
6,17,2030,wind_offshore,0.6197613738674891
6,18,2030,wind_offshore,0.6056000875767217
6,19,2030,wind_offshore,0.6327843903370763
6,20,2030,wind_offshore,0.7237495230992963
6,21,2030,wind_offshore,0.8712723408052161
6,22,2030,wind_offshore,0.8900123332923393
6,23,2030,wind_offshore,0.95159290187554
6,24,2030,wind_offshore,0.9548745708233582
6,1,2030,wind_onshore,0.5922066577034891
6,2,2030,wind_onshore,0.5996859851968253
6,3,2030,wind_onshore,0.5789969956961772
6,4,2030,wind_onshore,0.5487165215968298
6,5,2030,wind_onshore,0.5248462265402402
6,6,2030,wind_onshore,0.4971808511249544
6,7,2030,wind_onshore,0.47616104305341217
6,8,2030,wind_onshore,0.47329700009279374
6,9,2030,wind_onshore,0.483329026750127
6,10,2030,wind_onshore,0.49984573340012495
6,11,2030,wind_onshore,0.5077958989953802
6,12,2030,wind_onshore,0.5402745246147936
6,13,2030,wind_onshore,0.5946134710445155
6,14,2030,wind_onshore,0.6346063147725505
6,15,2030,wind_onshore,0.6444369211865375
6,16,2030,wind_onshore,0.6271205181035402
6,17,2030,wind_onshore,0.6261094516112127
6,18,2030,wind_onshore,0.6231242403824484
6,19,2030,wind_onshore,0.57965873858978
6,20,2030,wind_onshore,0.5593053296654422
6,21,2030,wind_onshore,0.5304868143961545
6,22,2030,wind_onshore,0.5023160243508008
6,23,2030,wind_onshore,0.42907324053270396
6,24,2030,wind_onshore,0.4086270444792355
7,1,2030,demand,0.4808768060813799
7,2,2030,demand,0.4668857972471586
7,3,2030,demand,0.46366964811612016
7,4,2030,demand,0.4562115225528405
7,5,2030,demand,0.44684982815693913
7,6,2030,demand,0.4536024131882115
7,7,2030,demand,0.46617300568289893
7,8,2030,demand,0.4862945500042598
7,9,2030,demand,0.5134599563560824
7,10,2030,demand,0.5390828815008926
7,11,2030,demand,0.5468833806274401
7,12,2030,demand,0.5340932211175136
7,13,2030,demand,0.5261847481395453
7,14,2030,demand,0.5083324237113575
7,15,2030,demand,0.4921678570662673
7,16,2030,demand,0.48385035968375545
7,17,2030,demand,0.48232222782530726
7,18,2030,demand,0.4989918806282794
7,19,2030,demand,0.5271617006728909
7,20,2030,demand,0.5602003213960777
7,21,2030,demand,0.5602277120318344
7,22,2030,demand,0.535591714722611
7,23,2030,demand,0.49924681950614974
7,24,2030,demand,0.48959720596314876
7,1,2030,solar,0.0
7,2,2030,solar,0.0
7,3,2030,solar,0.0
7,4,2030,solar,0.0
7,5,2030,solar,0.0
7,6,2030,solar,0.0
7,7,2030,solar,0.0005782245236764782
7,8,2030,solar,0.110962783397297
7,9,2030,solar,0.36160263613248583
7,10,2030,solar,0.5924024788425698
7,11,2030,solar,0.7435935526322344
7,12,2030,solar,0.8552995385913835
7,13,2030,solar,0.8942989602266866
7,14,2030,solar,0.8723614017956739
7,15,2030,solar,0.8016254950369744
7,16,2030,solar,0.6692756480776784
7,17,2030,solar,0.4834979957634857
7,18,2030,solar,0.24583417719602438
7,19,2030,solar,0.03770295019727893
7,20,2030,solar,0.0
7,21,2030,solar,0.0
7,22,2030,solar,0.0
7,23,2030,solar,0.0
7,24,2030,solar,0.0
7,1,2030,wind_offshore,0.9392045096347642
7,2,2030,wind_offshore,0.9479888502353582
7,3,2030,wind_offshore,0.9513701146784833
7,4,2030,wind_offshore,0.9616223442719495
7,5,2030,wind_offshore,0.9594290318694495
7,6,2030,wind_offshore,0.9442644686342463
7,7,2030,wind_offshore,0.8918950783842048
7,8,2030,wind_offshore,0.8280572507235499
7,9,2030,wind_offshore,0.7338798852078379
7,10,2030,wind_offshore,0.6016013201717568
7,11,2030,wind_offshore,0.4417330274803614
7,12,2030,wind_offshore,0.24400302240653501
7,13,2030,wind_offshore,0.12070718922060943
7,14,2030,wind_offshore,0.06695508305142032
7,15,2030,wind_offshore,0.050242036500036634
7,16,2030,wind_offshore,0.045052866425431194
7,17,2030,wind_offshore,0.0313030440543964
7,18,2030,wind_offshore,0.012689131256496646
7,19,2030,wind_offshore,0.0036151918250910873
7,20,2030,wind_offshore,0.0015063811071062145
7,21,2030,wind_offshore,0.0023921625584087847
7,22,2030,wind_offshore,0.0023904100526786587
7,23,2030,wind_offshore,0.0016395571172987192
7,24,2030,wind_offshore,0.005559736501070878
7,1,2030,wind_onshore,0.2477197070541937
7,2,2030,wind_onshore,0.23298161380188248
7,3,2030,wind_onshore,0.21253816378494372
7,4,2030,wind_onshore,0.1974916270451556
7,5,2030,wind_onshore,0.19050857683049455
7,6,2030,wind_onshore,0.180629479279023
7,7,2030,wind_onshore,0.17316916051783401
7,8,2030,wind_onshore,0.1673127611301845
7,9,2030,wind_onshore,0.13005398575535304
7,10,2030,wind_onshore,0.13474468236824608
7,11,2030,wind_onshore,0.1442015667542449
7,12,2030,wind_onshore,0.1542709333866172
7,13,2030,wind_onshore,0.16489584809309496
7,14,2030,wind_onshore,0.17409216294064947
7,15,2030,wind_onshore,0.1773235045763949
7,16,2030,wind_onshore,0.17753993675776716
7,17,2030,wind_onshore,0.18785030006449074
7,18,2030,wind_onshore,0.19334345622738774
7,19,2030,wind_onshore,0.18414769056595565
7,20,2030,wind_onshore,0.1952798734857044
7,21,2030,wind_onshore,0.1825978662173911
7,22,2030,wind_onshore,0.17293974027041276
7,23,2030,wind_onshore,0.17262534965097368
7,24,2030,wind_onshore,0.16087780408922966
8,1,2030,demand,0.6602407304270982
8,2,2030,demand,0.6289106228691427
8,3,2030,demand,0.6170037489407991
8,4,2030,demand,0.5990610001878182
8,5,2030,demand,0.6244612575367481
8,6,2030,demand,0.6489423051596074
8,7,2030,demand,0.6693401086969203
8,8,2030,demand,0.7092083419252493
8,9,2030,demand,0.7810338020659243
8,10,2030,demand,0.8332136762547205
8,11,2030,demand,0.8900587050976688
8,12,2030,demand,0.9271395175791562
8,13,2030,demand,0.9401021909468057
8,14,2030,demand,0.9260780681830781
8,15,2030,demand,0.912007603538881
8,16,2030,demand,0.9152605160678652
8,17,2030,demand,0.9146085632005422
8,18,2030,demand,0.8935702969760557
8,19,2030,demand,0.8535595478320941
8,20,2030,demand,0.8194183203413341
8,21,2030,demand,0.8140161865120286
8,22,2030,demand,0.7563770978312985
8,23,2030,demand,0.6919989396101056
8,24,2030,demand,0.678272203192057
8,1,2030,solar,0.0
8,2,2030,solar,0.0
8,3,2030,solar,0.0
8,4,2030,solar,0.0
8,5,2030,solar,0.0
8,6,2030,solar,0.0001502089883713321
8,7,2030,solar,0.024175507204038833
8,8,2030,solar,0.18189636300431633
8,9,2030,solar,0.37978725818305725
8,10,2030,solar,0.5539677113417615
8,11,2030,solar,0.6605087965745798
8,12,2030,solar,0.7348247896740522
8,13,2030,solar,0.7563992955925347
8,14,2030,solar,0.7486754647520668
8,15,2030,solar,0.689149282835528
8,16,2030,solar,0.603413028126615
8,17,2030,solar,0.4748968585305083
8,18,2030,solar,0.3011886075059219
8,19,2030,solar,0.1119820834871623
8,20,2030,solar,0.002215496835208966
8,21,2030,solar,0.0
8,22,2030,solar,0.0
8,23,2030,solar,0.0
8,24,2030,solar,0.0
8,1,2030,wind_offshore,0.005363273038539345
8,2,2030,wind_offshore,0.006751788461148367
8,3,2030,wind_offshore,0.007315688713566584
8,4,2030,wind_offshore,0.008760251808682055
8,5,2030,wind_offshore,0.00766711468971696
8,6,2030,wind_offshore,0.008082732476948244
8,7,2030,wind_offshore,0.012859010865221421
8,8,2030,wind_offshore,0.02577393081387898
8,9,2030,wind_offshore,0.04976026301342433
8,10,2030,wind_offshore,0.09355057614801673
8,11,2030,wind_offshore,0.18779519973383757
8,12,2030,wind_offshore,0.2788184399849481
8,13,2030,wind_offshore,0.35376222229807763
8,14,2030,wind_offshore,0.4346661573047855
8,15,2030,wind_offshore,0.5211158846259617
8,16,2030,wind_offshore,0.6106916851004709
8,17,2030,wind_offshore,0.6766161674963252
8,18,2030,wind_offshore,0.7681064793835126
8,19,2030,wind_offshore,0.8449845706202634
8,20,2030,wind_offshore,0.8939607492851191
8,21,2030,wind_offshore,0.9053629854605691
8,22,2030,wind_offshore,0.8965979300515619
8,23,2030,wind_offshore,0.9215419981310919
8,24,2030,wind_offshore,0.9419832832197687
8,1,2030,wind_onshore,0.219695271191122
8,2,2030,wind_onshore,0.1901692621020948
8,3,2030,wind_onshore,0.16687294751024642
8,4,2030,wind_onshore,0.15448207950322637
8,5,2030,wind_onshore,0.14002120194469128
8,6,2030,wind_onshore,0.13172084221572364
8,7,2030,wind_onshore,0.12577380491052592
8,8,2030,wind_onshore,0.10413668304121307
8,9,2030,wind_onshore,0.0907078170792387
8,10,2030,wind_onshore,0.10404929134485676
8,11,2030,wind_onshore,0.11493231907833473
8,12,2030,wind_onshore,0.12446181121506236
8,13,2030,wind_onshore,0.13906666122262365
8,14,2030,wind_onshore,0.1526670068270796
8,15,2030,wind_onshore,0.17107951917159783
8,16,2030,wind_onshore,0.19448079336934126
8,17,2030,wind_onshore,0.21627919886949346
8,18,2030,wind_onshore,0.24237425766567489
8,19,2030,wind_onshore,0.27441063157999973
8,20,2030,wind_onshore,0.3161716074337783
8,21,2030,wind_onshore,0.34081696656650606
8,22,2030,wind_onshore,0.3243520530202083
8,23,2030,wind_onshore,0.30185771806558603
8,24,2030,wind_onshore,0.27914878251332453
9,1,2030,demand,0.5279776354860152
9,2,2030,demand,0.5120623790558846
9,3,2030,demand,0.5035646172626617
9,4,2030,demand,0.4921384143455779
9,5,2030,demand,0.4786940095502513
9,6,2030,demand,0.4826344194645374
9,7,2030,demand,0.49169182440883746
9,8,2030,demand,0.513723630921773
9,9,2030,demand,0.5692431198076917
9,10,2030,demand,0.5985029797656466
9,11,2030,demand,0.6130879467450687
9,12,2030,demand,0.605096660923391
9,13,2030,demand,0.6023708355504936
9,14,2030,demand,0.5949935326332982
9,15,2030,demand,0.5747432259504826
9,16,2030,demand,0.5661917682153454
9,17,2030,demand,0.5569092087631331
9,18,2030,demand,0.5690370438291551
9,19,2030,demand,0.5937181995379807
9,20,2030,demand,0.6195409975713573
9,21,2030,demand,0.632328436580881
9,22,2030,demand,0.6078166030934533
9,23,2030,demand,0.5642212461778319
9,24,2030,demand,0.5311764640089216
9,1,2030,solar,0.0
9,2,2030,solar,0.0
9,3,2030,solar,0.0
9,4,2030,solar,0.0
9,5,2030,solar,0.0
9,6,2030,solar,0.0
9,7,2030,solar,0.0
9,8,2030,solar,0.0
9,9,2030,solar,0.05710085218208128
9,10,2030,solar,0.16659819275767013
9,11,2030,solar,0.2709180698409176
9,12,2030,solar,0.3368064631018931
9,13,2030,solar,0.38279537491026455
9,14,2030,solar,0.3763245440634999
9,15,2030,solar,0.30828434204341715
9,16,2030,solar,0.20315985537288808
9,17,2030,solar,0.09089452531407882
9,18,2030,solar,0.0
9,19,2030,solar,0.0
9,20,2030,solar,0.0
9,21,2030,solar,0.0
9,22,2030,solar,0.0
9,23,2030,solar,0.0
9,24,2030,solar,0.0
9,1,2030,wind_offshore,0.9321007532723508
9,2,2030,wind_offshore,0.9656591806846637
9,3,2030,wind_offshore,0.976143015223021
9,4,2030,wind_offshore,0.9732845004159726
9,5,2030,wind_offshore,0.969784292529685
9,6,2030,wind_offshore,0.9602603760518519
9,7,2030,wind_offshore,0.957824359273214
9,8,2030,wind_offshore,0.9665120350752933
9,9,2030,wind_offshore,0.9695738284602431
9,10,2030,wind_offshore,0.9907361707958976
9,11,2030,wind_offshore,0.9845239554381487
9,12,2030,wind_offshore,0.9927938594133187
9,13,2030,wind_offshore,1.0043225131771887
9,14,2030,wind_offshore,0.9999034737593853
9,15,2030,wind_offshore,0.9759260605440634
9,16,2030,wind_offshore,0.9637039821287399
9,17,2030,wind_offshore,0.9827972094618931
9,18,2030,wind_offshore,1.0180318157968995
9,19,2030,wind_offshore,0.9912373138007543
9,20,2030,wind_offshore,0.9501468031554774
9,21,2030,wind_offshore,0.9607018203083144
9,22,2030,wind_offshore,0.9323379112879746
9,23,2030,wind_offshore,0.8329895427001642
9,24,2030,wind_offshore,0.7410013381429316
9,1,2030,wind_onshore,0.12705207236054594
9,2,2030,wind_onshore,0.13279738425531246
9,3,2030,wind_onshore,0.13495960348239766
9,4,2030,wind_onshore,0.13184144630664626
9,5,2030,wind_onshore,0.13252809091234893
9,6,2030,wind_onshore,0.13360160360791612
9,7,2030,wind_onshore,0.13503605547706787
9,8,2030,wind_onshore,0.13897899869069316
9,9,2030,wind_onshore,0.13742136763790083
9,10,2030,wind_onshore,0.12482623137989388
9,11,2030,wind_onshore,0.11157368718218375
9,12,2030,wind_onshore,0.10233736660075575
9,13,2030,wind_onshore,0.11711447013682907
9,14,2030,wind_onshore,0.1310077981495261
9,15,2030,wind_onshore,0.127034310394733
9,16,2030,wind_onshore,0.11846063035717576
9,17,2030,wind_onshore,0.10980137217400354
9,18,2030,wind_onshore,0.12051521463826244
9,19,2030,wind_onshore,0.13076030291661284
9,20,2030,wind_onshore,0.13348744896492898
9,21,2030,wind_onshore,0.13020739322328057
9,22,2030,wind_onshore,0.1184397352819193
9,23,2030,wind_onshore,0.09901197117921377
9,24,2030,wind_onshore,0.10346020481272485
10,1,2030,demand,0.5124914261813186
10,2,2030,demand,0.5058110677049333
10,3,2030,demand,0.49982271145475354
10,4,2030,demand,0.4863064756194783
10,5,2030,demand,0.484749842499195
10,6,2030,demand,0.4885136867587227
10,7,2030,demand,0.5024769281553947
10,8,2030,demand,0.531765295791688
10,9,2030,demand,0.5532912177700321
10,10,2030,demand,0.568786362921928
10,11,2030,demand,0.5671529305076568
10,12,2030,demand,0.5699506956133397
10,13,2030,demand,0.554802770242743
10,14,2030,demand,0.5316259026370613
10,15,2030,demand,0.5118123294830135
10,16,2030,demand,0.4993685535190084
10,17,2030,demand,0.48888487328583613
10,18,2030,demand,0.49060526038993885
10,19,2030,demand,0.4979040411834181
10,20,2030,demand,0.5293299320516003
10,21,2030,demand,0.5401545657710823
10,22,2030,demand,0.515192053293531
10,23,2030,demand,0.48450839481946245
10,24,2030,demand,0.4866671158100504
10,1,2030,solar,0.0
10,2,2030,solar,0.0
10,3,2030,solar,0.0
10,4,2030,solar,0.0
10,5,2030,solar,0.0
10,6,2030,solar,2.2021902920838417e-5
10,7,2030,solar,0.03747780099051859
10,8,2030,solar,0.15951897929033151
10,9,2030,solar,0.29887847041399807
10,10,2030,solar,0.41474235056492026
10,11,2030,solar,0.5057741295488192
10,12,2030,solar,0.582177345614571
10,13,2030,solar,0.6275142927795017
10,14,2030,solar,0.6379103566101023
10,15,2030,solar,0.6110872969059149
10,16,2030,solar,0.5333846432113443
10,17,2030,solar,0.42293482708805363
10,18,2030,solar,0.2606839360825895
10,19,2030,solar,0.07677205372262166
10,20,2030,solar,0.0018559226355217312
10,21,2030,solar,0.0
10,22,2030,solar,0.0
10,23,2030,solar,0.0
10,24,2030,solar,0.0
10,1,2030,wind_offshore,0.534679258874753
10,2,2030,wind_offshore,0.7501479426217114
10,3,2030,wind_offshore,0.8781767268066055
10,4,2030,wind_offshore,0.9017705385963748
10,5,2030,wind_offshore,0.9137503447959469
10,6,2030,wind_offshore,0.9181292360970118
10,7,2030,wind_offshore,0.917990582147641
10,8,2030,wind_offshore,0.9126672510743837
10,9,2030,wind_offshore,0.9127022529689317
10,10,2030,wind_offshore,0.9179213498817005
10,11,2030,wind_offshore,0.8976598129067281
10,12,2030,wind_offshore,0.8841376431531707
10,13,2030,wind_offshore,0.842393427906001
10,14,2030,wind_offshore,0.7225839605168606
10,15,2030,wind_offshore,0.5730404178571118
10,16,2030,wind_offshore,0.49706968344105873
10,17,2030,wind_offshore,0.4462401799038014
10,18,2030,wind_offshore,0.39186732872855934
10,19,2030,wind_offshore,0.3038207169084999
10,20,2030,wind_offshore,0.2218806288415246
10,21,2030,wind_offshore,0.1696495390543271
10,22,2030,wind_offshore,0.11606043858844473
10,23,2030,wind_offshore,0.0774944993787051
10,24,2030,wind_offshore,0.07146199218784548
10,1,2030,wind_onshore,0.6462531622339412
10,2,2030,wind_onshore,0.6576281306521659
10,3,2030,wind_onshore,0.6706089205139543
10,4,2030,wind_onshore,0.6895605375928551
10,5,2030,wind_onshore,0.7114152124668919
10,6,2030,wind_onshore,0.7512909557718886
10,7,2030,wind_onshore,0.7715933111321475
10,8,2030,wind_onshore,0.7692210666778282
10,9,2030,wind_onshore,0.830816057339999
10,10,2030,wind_onshore,0.8296170848135077
10,11,2030,wind_onshore,0.7836904128565952
10,12,2030,wind_onshore,0.8167508331082324
10,13,2030,wind_onshore,0.8301708262817147
10,14,2030,wind_onshore,0.8420417635996288
10,15,2030,wind_onshore,0.8311936417029587
10,16,2030,wind_onshore,0.8246547708767609
10,17,2030,wind_onshore,0.8101911805251608
10,18,2030,wind_onshore,0.7930338427036813
10,19,2030,wind_onshore,0.780819442155504
10,20,2030,wind_onshore,0.6855746767326856
10,21,2030,wind_onshore,0.6372317455313243
10,22,2030,wind_onshore,0.5850296995453264
10,23,2030,wind_onshore,0.5212032435834502
10,24,2030,wind_onshore,0.496603430763752
11,1,2030,demand,0.46618287136937214
11,2,2030,demand,0.46441168822592455
11,3,2030,demand,0.46057382846286266
11,4,2030,demand,0.45756632049722673
11,5,2030,demand,0.47286251119487493
11,6,2030,demand,0.5024508388224326
11,7,2030,demand,0.5363522557296884
11,8,2030,demand,0.5730659317224196
11,9,2030,demand,0.5972946809061835
11,10,2030,demand,0.6072414381749798
11,11,2030,demand,0.6091531177709446
11,12,2030,demand,0.6166760646472575
11,13,2030,demand,0.611398409344171
11,14,2030,demand,0.5965017626066841
11,15,2030,demand,0.5946066728115146
11,16,2030,demand,0.5964261269949409
11,17,2030,demand,0.6041505335128927
11,18,2030,demand,0.6049296767281567
11,19,2030,demand,0.6190485230011397
11,20,2030,demand,0.6201882294993819
11,21,2030,demand,0.6036071189167878
11,22,2030,demand,0.5586335563445866
11,23,2030,demand,0.5114000395019139
11,24,2030,demand,0.5102918428279895
11,1,2030,solar,0.0
11,2,2030,solar,0.0
11,3,2030,solar,0.0
11,4,2030,solar,0.0
11,5,2030,solar,0.0
11,6,2030,solar,0.0
11,7,2030,solar,0.001418592257856169
11,8,2030,solar,0.1068028184071658
11,9,2030,solar,0.29576131948717715
11,10,2030,solar,0.4647041229384231
11,11,2030,solar,0.5791925174888615
11,12,2030,solar,0.6495843151572032
11,13,2030,solar,0.6619134598583798
11,14,2030,solar,0.6242354986454313
11,15,2030,solar,0.5623072636377323
11,16,2030,solar,0.4428202413199049
11,17,2030,solar,0.2963873539465412
11,18,2030,solar,0.14166372951583472
11,19,2030,solar,0.01706828290152092
11,20,2030,solar,0.0
11,21,2030,solar,0.0
11,22,2030,solar,0.0
11,23,2030,solar,0.0
11,24,2030,solar,0.0
11,1,2030,wind_offshore,0.6454821009837316
11,2,2030,wind_offshore,0.5149103430104652
11,3,2030,wind_offshore,0.40041759341798255
11,4,2030,wind_offshore,0.2776351776126479
11,5,2030,wind_offshore,0.2037135825609427
11,6,2030,wind_offshore,0.12309629809157419
11,7,2030,wind_offshore,0.05557637722859929
11,8,2030,wind_offshore,0.02761344213734837
11,9,2030,wind_offshore,0.026492386992545615
11,10,2030,wind_offshore,0.07359081631335862
11,11,2030,wind_offshore,0.25954390282196466
11,12,2030,wind_offshore,0.7217454020617579
11,13,2030,wind_offshore,0.933763701395708
11,14,2030,wind_offshore,0.954572396209753
11,15,2030,wind_offshore,0.9498889519378343
11,16,2030,wind_offshore,0.9233835492580824
11,17,2030,wind_offshore,0.8171211533989632
11,18,2030,wind_offshore,0.6568337781346435
11,19,2030,wind_offshore,0.4993200746680323
11,20,2030,wind_offshore,0.4246029292670819
11,21,2030,wind_offshore,0.38036148641357487
11,22,2030,wind_offshore,0.344567165397868
11,23,2030,wind_offshore,0.332586073389869
11,24,2030,wind_offshore,0.3199241346001497
11,1,2030,wind_onshore,0.302685007207167
11,2,2030,wind_onshore,0.2946085889781955
11,3,2030,wind_onshore,0.28172898879539304
11,4,2030,wind_onshore,0.2686978871558676
11,5,2030,wind_onshore,0.27041002523402347
11,6,2030,wind_onshore,0.270105959657768
11,7,2030,wind_onshore,0.26513287106248123
11,8,2030,wind_onshore,0.26435864481105
11,9,2030,wind_onshore,0.24414334446286248
11,10,2030,wind_onshore,0.2902831829651756
11,11,2030,wind_onshore,0.34269123832535364
11,12,2030,wind_onshore,0.3860741065067041
11,13,2030,wind_onshore,0.40799667263728184
11,14,2030,wind_onshore,0.44907754908568787
11,15,2030,wind_onshore,0.5067559083083968
11,16,2030,wind_onshore,0.5423680852833137
11,17,2030,wind_onshore,0.5515263208085643
11,18,2030,wind_onshore,0.514308058332042
11,19,2030,wind_onshore,0.3907060198973603
11,20,2030,wind_onshore,0.3076677983645886
11,21,2030,wind_onshore,0.2492845085522234
11,22,2030,wind_onshore,0.2000982424885704
11,23,2030,wind_onshore,0.17096088283102054
11,24,2030,wind_onshore,0.13289178197621135
12,1,2030,demand,0.5187950732493827
12,2,2030,demand,0.503630962049531
12,3,2030,demand,0.4907462297933081
12,4,2030,demand,0.48176091198083565
12,5,2030,demand,0.48199205000482576
12,6,2030,demand,0.5086991130361475
12,7,2030,demand,0.5513833458361562
12,8,2030,demand,0.5989081091594948
12,9,2030,demand,0.6417928243809448
12,10,2030,demand,0.6473435582366611
12,11,2030,demand,0.659265325972307
12,12,2030,demand,0.6479916243081986
12,13,2030,demand,0.6418874502673467
12,14,2030,demand,0.6301012644364178
12,15,2030,demand,0.6034746376764805
12,16,2030,demand,0.6003975588931241
12,17,2030,demand,0.6015258478999267
12,18,2030,demand,0.608271284869601
12,19,2030,demand,0.6352318181910326
12,20,2030,demand,0.6533387397151511
12,21,2030,demand,0.6476656595169347
12,22,2030,demand,0.6052968045932109
12,23,2030,demand,0.5514401312311383
12,24,2030,demand,0.529139761050808
12,1,2030,solar,0.0
12,2,2030,solar,0.0
12,3,2030,solar,0.0
12,4,2030,solar,0.0
12,5,2030,solar,0.0
12,6,2030,solar,0.0
12,7,2030,solar,0.0
12,8,2030,solar,0.0
12,9,2030,solar,0.027547419279102172
12,10,2030,solar,0.09150803565377555
12,11,2030,solar,0.14895459762994004
12,12,2030,solar,0.20376186832520504
12,13,2030,solar,0.2229048762003216
12,14,2030,solar,0.2104993996221443
12,15,2030,solar,0.19729256733474465
12,16,2030,solar,0.1700510990972734
12,17,2030,solar,0.10880886314629487
12,18,2030,solar,0.030618303283631812
12,19,2030,solar,0.0
12,20,2030,solar,0.0
12,21,2030,solar,0.0
12,22,2030,solar,0.0
12,23,2030,solar,0.0
12,24,2030,solar,0.0
12,1,2030,wind_offshore,0.896555758042264
12,2,2030,wind_offshore,0.7635694595325663
12,3,2030,wind_offshore,0.47715802924247813
12,4,2030,wind_offshore,0.20921791562096131
12,5,2030,wind_offshore,0.09655710647671764
12,6,2030,wind_offshore,0.05745153818479949
12,7,2030,wind_offshore,0.10009850410010802
12,8,2030,wind_offshore,0.12512118204759862
12,9,2030,wind_offshore,0.062155875109732577
12,10,2030,wind_offshore,0.011463376842192195
12,11,2030,wind_offshore,0.005235783018467897
12,12,2030,wind_offshore,0.00011960793685113026
12,13,2030,wind_offshore,0.0
12,14,2030,wind_offshore,0.0
12,15,2030,wind_offshore,0.0
12,16,2030,wind_offshore,0.0008777513582945604
12,17,2030,wind_offshore,0.0002653629050567545
12,18,2030,wind_offshore,0.004182537102784752
12,19,2030,wind_offshore,0.012481848860094546
12,20,2030,wind_offshore,0.02856317213821961
12,21,2030,wind_offshore,0.03219390875029017
12,22,2030,wind_offshore,0.07485488853509867
12,23,2030,wind_offshore,0.18254781223617217
12,24,2030,wind_offshore,0.24557376740122439
12,1,2030,wind_onshore,0.6266757512036351
12,2,2030,wind_onshore,0.6120583502208908
12,3,2030,wind_onshore,0.5906262958444825
12,4,2030,wind_onshore,0.5606529161785224
12,5,2030,wind_onshore,0.5395551002818769
12,6,2030,wind_onshore,0.5024924101832406
12,7,2030,wind_onshore,0.45344574196576604
12,8,2030,wind_onshore,0.41223263990546866
12,9,2030,wind_onshore,0.3781673492318342
12,10,2030,wind_onshore,0.3722640732223154
12,11,2030,wind_onshore,0.35343212638175386
12,12,2030,wind_onshore,0.37932236151457654
12,13,2030,wind_onshore,0.3983700384204955
12,14,2030,wind_onshore,0.3714799369937744
12,15,2030,wind_onshore,0.34535965351817566
12,16,2030,wind_onshore,0.32245475365919357
12,17,2030,wind_onshore,0.3085091805671797
12,18,2030,wind_onshore,0.27667532295289954
12,19,2030,wind_onshore,0.26075111806507467
12,20,2030,wind_onshore,0.25450338475475326
12,21,2030,wind_onshore,0.23600519033959586
12,22,2030,wind_onshore,0.20885182336066846
12,23,2030,wind_onshore,0.19600612571834747
12,24,2030,wind_onshore,0.19133262897040423
13,1,2030,demand,0.49876390765054723
13,2,2030,demand,0.48505633557187583
13,3,2030,demand,0.4745847487683225
13,4,2030,demand,0.45008873006004374
13,5,2030,demand,0.4336264614175937
13,6,2030,demand,0.41770119284392976
13,7,2030,demand,0.41764532486628436
13,8,2030,demand,0.43328918808605094
13,9,2030,demand,0.4600659417588188
13,10,2030,demand,0.49437589611589433
13,11,2030,demand,0.5178423811134086
13,12,2030,demand,0.5302041634342103
13,13,2030,demand,0.53515033929214
13,14,2030,demand,0.5377696019085008
13,15,2030,demand,0.5284093086866448
13,16,2030,demand,0.5175705245470222
13,17,2030,demand,0.5214831701469027
13,18,2030,demand,0.5348459344380052
13,19,2030,demand,0.5630596704331311
13,20,2030,demand,0.5773295640100613
13,21,2030,demand,0.5876711609778346
13,22,2030,demand,0.5733746565865877
13,23,2030,demand,0.5421499760990067
13,24,2030,demand,0.5389825651436686
13,1,2030,solar,0.0
13,2,2030,solar,0.0
13,3,2030,solar,0.0
13,4,2030,solar,0.0
13,5,2030,solar,0.0
13,6,2030,solar,0.0
13,7,2030,solar,0.0
13,8,2030,solar,0.0
13,9,2030,solar,0.023371832927512524
13,10,2030,solar,0.10250543368616134
13,11,2030,solar,0.17411574825589451
13,12,2030,solar,0.24180279284538425
13,13,2030,solar,0.2946309373427256
13,14,2030,solar,0.2953787257144258
13,15,2030,solar,0.24713799636092093
13,16,2030,solar,0.1716172197174797
13,17,2030,solar,0.08096464800514769
13,18,2030,solar,0.0
13,19,2030,solar,0.0
13,20,2030,solar,0.0
13,21,2030,solar,0.0
13,22,2030,solar,0.0
13,23,2030,solar,0.0
13,24,2030,solar,0.0
13,1,2030,wind_offshore,0.9781612238681796
13,2,2030,wind_offshore,0.9578114123857718
13,3,2030,wind_offshore,0.9832461069285171
13,4,2030,wind_offshore,0.9789559380290346
13,5,2030,wind_offshore,0.7881709952359898
13,6,2030,wind_offshore,0.4078810219570629
13,7,2030,wind_offshore,0.11977596233655183
13,8,2030,wind_offshore,0.08305940491076934
13,9,2030,wind_offshore,0.4875087660960262
13,10,2030,wind_offshore,0.9284639819238959
13,11,2030,wind_offshore,0.9587086916763622
13,12,2030,wind_offshore,0.9383066078291203
13,13,2030,wind_offshore,0.9316858751678452
13,14,2030,wind_offshore,0.9208799618110233
13,15,2030,wind_offshore,0.84290417375749
13,16,2030,wind_offshore,0.7401566059631047
13,17,2030,wind_offshore,0.7536048721249735
13,18,2030,wind_offshore,0.6158214129643543
13,19,2030,wind_offshore,0.5266815951857713
13,20,2030,wind_offshore,0.4987424232907742
13,21,2030,wind_offshore,0.5951871416396562
13,22,2030,wind_offshore,0.6509888086642199
13,23,2030,wind_offshore,0.6798258802500421
13,24,2030,wind_offshore,0.9201361525344188
13,1,2030,wind_onshore,0.7919964705193229
13,2,2030,wind_onshore,0.813906611668326
13,3,2030,wind_onshore,0.8301095750888069
13,4,2030,wind_onshore,0.8217386192043475
13,5,2030,wind_onshore,0.8116270519640112
13,6,2030,wind_onshore,0.8175332023774923
13,7,2030,wind_onshore,0.8185440809124811
13,8,2030,wind_onshore,0.810213368396257
13,9,2030,wind_onshore,0.7902197899768775
13,10,2030,wind_onshore,0.7860973603462132
13,11,2030,wind_onshore,0.7437842224921557
13,12,2030,wind_onshore,0.7696068707903007
13,13,2030,wind_onshore,0.8430563821380715
13,14,2030,wind_onshore,0.8847154797026514
13,15,2030,wind_onshore,0.864226399319244
13,16,2030,wind_onshore,0.8265142038393695
13,17,2030,wind_onshore,0.8042718851978596
13,18,2030,wind_onshore,0.7624397444977326
13,19,2030,wind_onshore,0.7297922227983158
13,20,2030,wind_onshore,0.6919502495556604
13,21,2030,wind_onshore,0.645125845238798
13,22,2030,wind_onshore,0.5979439318353922
13,23,2030,wind_onshore,0.5491749432350842
13,24,2030,wind_onshore,0.5310138669515619
14,1,2030,demand,0.5004352275410868
14,2,2030,demand,0.48960498206069686
14,3,2030,demand,0.48783967898707475
14,4,2030,demand,0.484766209312196
14,5,2030,demand,0.48763138981049187
14,6,2030,demand,0.5169038057947192
14,7,2030,demand,0.567005775423333
14,8,2030,demand,0.6096930428385987
14,9,2030,demand,0.6365711545896435
14,10,2030,demand,0.6506364537634983
14,11,2030,demand,0.6541877272375051
14,12,2030,demand,0.6662140077374027
14,13,2030,demand,0.656707268132348
14,14,2030,demand,0.6445315135482808
14,15,2030,demand,0.6216041413516503
14,16,2030,demand,0.6114541610580867
14,17,2030,demand,0.6094614637018114
14,18,2030,demand,0.6263983381836454
14,19,2030,demand,0.6650493489831707
14,20,2030,demand,0.6768146791613009
14,21,2030,demand,0.6692073283213221
14,22,2030,demand,0.6326627503989274
14,23,2030,demand,0.5734349821545854
14,24,2030,demand,0.5430413388193694
14,1,2030,solar,0.0
14,2,2030,solar,0.0
14,3,2030,solar,0.0
14,4,2030,solar,0.0
14,5,2030,solar,0.0
14,6,2030,solar,0.0
14,7,2030,solar,0.0
14,8,2030,solar,0.0
14,9,2030,solar,0.018589440996845015
14,10,2030,solar,0.07174582579855422
14,11,2030,solar,0.13313289538668285
14,12,2030,solar,0.178910046944849
14,13,2030,solar,0.20140352055433808
14,14,2030,solar,0.1957825115721889
14,15,2030,solar,0.1690872384071769
14,16,2030,solar,0.12888837808507697
14,17,2030,solar,0.0710581139964436
14,18,2030,solar,0.015783808694343558
14,19,2030,solar,0.0
14,20,2030,solar,0.0
14,21,2030,solar,0.0
14,22,2030,solar,0.0
14,23,2030,solar,0.0
14,24,2030,solar,0.0
14,1,2030,wind_offshore,0.0
14,2,2030,wind_offshore,0.0
14,3,2030,wind_offshore,0.017155815376996234
14,4,2030,wind_offshore,0.06474295125929215
14,5,2030,wind_offshore,0.1754115031265711
14,6,2030,wind_offshore,0.35834280542907265
14,7,2030,wind_offshore,0.6266220382372624
14,8,2030,wind_offshore,0.9072740090134165
14,9,2030,wind_offshore,0.9547667607979325
14,10,2030,wind_offshore,0.956489488652019
14,11,2030,wind_offshore,0.9653260126393176
14,12,2030,wind_offshore,0.9495695348293279
14,13,2030,wind_offshore,0.9634063443235741
14,14,2030,wind_offshore,0.9647385346871409
14,15,2030,wind_offshore,0.9528275036148128
14,16,2030,wind_offshore,0.9610370795514855
14,17,2030,wind_offshore,0.9639699877734121
14,18,2030,wind_offshore,0.9509131158195626
14,19,2030,wind_offshore,0.9435126105206428
14,20,2030,wind_offshore,0.9391775069634698
14,21,2030,wind_offshore,0.9461905775236971
14,22,2030,wind_offshore,0.9520528727473822
14,23,2030,wind_offshore,0.9549694631378347
14,24,2030,wind_offshore,0.9662295854998326
14,1,2030,wind_onshore,0.4146904190054664
14,2,2030,wind_onshore,0.39117485107931343
14,3,2030,wind_onshore,0.3565275194680274
14,4,2030,wind_onshore,0.3344584637353972
14,5,2030,wind_onshore,0.336174017137753
14,6,2030,wind_onshore,0.344816748710097
14,7,2030,wind_onshore,0.3493509914746402
14,8,2030,wind_onshore,0.3641310588444851
14,9,2030,wind_onshore,0.3902378567625218
14,10,2030,wind_onshore,0.4139507521732716
14,11,2030,wind_onshore,0.48821984891405124
14,12,2030,wind_onshore,0.5332817187545859
14,13,2030,wind_onshore,0.5768062038121867
14,14,2030,wind_onshore,0.6052034821357241
14,15,2030,wind_onshore,0.6196499796532091
14,16,2030,wind_onshore,0.6045791307233274
14,17,2030,wind_onshore,0.5727945684123732
14,18,2030,wind_onshore,0.5354244453027606
14,19,2030,wind_onshore,0.5175454365978897
14,20,2030,wind_onshore,0.5303112146071087
14,21,2030,wind_onshore,0.5409632852140889
14,22,2030,wind_onshore,0.549941603767291
14,23,2030,wind_onshore,0.5645258554893267
14,24,2030,wind_onshore,0.5674216590364052
15,1,2030,demand,0.4738164366788645
15,2,2030,demand,0.4718608814268264
15,3,2030,demand,0.4576284163786086
15,4,2030,demand,0.4450210562260539
15,5,2030,demand,0.4487961322264626
15,6,2030,demand,0.4551948854530724
15,7,2030,demand,0.4796806337469572
15,8,2030,demand,0.5140266192953528
15,9,2030,demand,0.5382324057268569
15,10,2030,demand,0.5611323861620103
15,11,2030,demand,0.5641376345619236
15,12,2030,demand,0.5608570797688068
15,13,2030,demand,0.5462746780127408
15,14,2030,demand,0.5243096098270785
15,15,2030,demand,0.5225954145285877
15,16,2030,demand,0.515080107341096
15,17,2030,demand,0.5211796433676745
15,18,2030,demand,0.5190676580564427
15,19,2030,demand,0.5392220518145426
15,20,2030,demand,0.5574989854730387
15,21,2030,demand,0.5567165177145514
15,22,2030,demand,0.5273050272392318
15,23,2030,demand,0.4956248299585501
15,24,2030,demand,0.48541416813157096
15,1,2030,solar,0.0
15,2,2030,solar,0.0
15,3,2030,solar,0.0
15,4,2030,solar,0.0
15,5,2030,solar,0.0
15,6,2030,solar,0.0
15,7,2030,solar,0.00012996768833460395
15,8,2030,solar,0.09567492369971416
15,9,2030,solar,0.3181173792392368
15,10,2030,solar,0.5415466102235356
15,11,2030,solar,0.6914993878541725
15,12,2030,solar,0.8164942640702855
15,13,2030,solar,0.8644086165830254
15,14,2030,solar,0.8653849294748178
15,15,2030,solar,0.7888482132307981
15,16,2030,solar,0.6578679909249749
15,17,2030,solar,0.47769761229954993
15,18,2030,solar,0.2431658949403016
15,19,2030,solar,0.03789283357446849
15,20,2030,solar,0.0
15,21,2030,solar,0.0
15,22,2030,solar,0.0
15,23,2030,solar,0.0
15,24,2030,solar,0.0
15,1,2030,wind_offshore,1.0686760334074874
15,2,2030,wind_offshore,1.0696662035180913
15,3,2030,wind_offshore,1.073722990264283
15,4,2030,wind_offshore,1.0649091566490907
15,5,2030,wind_offshore,1.066194927361861
15,6,2030,wind_offshore,1.0506249398179541
15,7,2030,wind_offshore,1.0495016175337262
15,8,2030,wind_offshore,1.0547496456732388
15,9,2030,wind_offshore,1.0449342598759013
15,10,2030,wind_offshore,1.034521099728899
15,11,2030,wind_offshore,1.0198405147033502
15,12,2030,wind_offshore,1.0003960916831123
15,13,2030,wind_offshore,1.0032797193875205
15,14,2030,wind_offshore,1.0006902386200507
15,15,2030,wind_offshore,0.9917942082218192
15,16,2030,wind_offshore,1.0075239120691486
15,17,2030,wind_offshore,0.994663358331407
15,18,2030,wind_offshore,0.9953089802329576
15,19,2030,wind_offshore,0.9874137276036572
15,20,2030,wind_offshore,0.9981947518062638
15,21,2030,wind_offshore,1.008842061989406
15,22,2030,wind_offshore,0.990803713917339
15,23,2030,wind_offshore,0.9968093775248157
15,24,2030,wind_offshore,0.9848339026673822
15,1,2030,wind_onshore,0.4159077768395568
15,2,2030,wind_onshore,0.3763204127868461
15,3,2030,wind_onshore,0.33643762875832256
15,4,2030,wind_onshore,0.30259830070957444
15,5,2030,wind_onshore,0.283082254151478
15,6,2030,wind_onshore,0.27318228392940835
15,7,2030,wind_onshore,0.26643975468353914
15,8,2030,wind_onshore,0.2509271651254254
15,9,2030,wind_onshore,0.2207137819361657
15,10,2030,wind_onshore,0.22741501468576528
15,11,2030,wind_onshore,0.23596508384909096
15,12,2030,wind_onshore,0.2448153909751053
15,13,2030,wind_onshore,0.25807516438720535
15,14,2030,wind_onshore,0.2636673685491657
15,15,2030,wind_onshore,0.2668638642544668
15,16,2030,wind_onshore,0.287404054184845
15,17,2030,wind_onshore,0.3068715034552165
15,18,2030,wind_onshore,0.31810064333123883
15,19,2030,wind_onshore,0.3329907472356612
15,20,2030,wind_onshore,0.37202627379688263
15,21,2030,wind_onshore,0.3938688675257899
15,22,2030,wind_onshore,0.39137926739060547
15,23,2030,wind_onshore,0.3740014171596493
15,24,2030,wind_onshore,0.35565620941582493
16,1,2030,demand,0.46982015858530685
16,2,2030,demand,0.46263864988588366
16,3,2030,demand,0.4671414200642897
16,4,2030,demand,0.4622270196484013
16,5,2030,demand,0.4858106822303752
16,6,2030,demand,0.5235563113493953
16,7,2030,demand,0.5728823210058653
16,8,2030,demand,0.6105059046034939
16,9,2030,demand,0.6308956119065859
16,10,2030,demand,0.6326205089548892
16,11,2030,demand,0.6278745270738156
16,12,2030,demand,0.617264822814431
16,13,2030,demand,0.5996073658986911
16,14,2030,demand,0.5923288458968682
16,15,2030,demand,0.5792581188999377
16,16,2030,demand,0.5825279458344848
16,17,2030,demand,0.582805633691362
16,18,2030,demand,0.5857143826134119
16,19,2030,demand,0.6042219834680784
16,20,2030,demand,0.6223307912218422
16,21,2030,demand,0.6233744880894881
16,22,2030,demand,0.5807852655490116
16,23,2030,demand,0.5339229332815836
16,24,2030,demand,0.5230501916418279
16,1,2030,solar,0.0
16,2,2030,solar,0.0
16,3,2030,solar,0.0
16,4,2030,solar,0.0
16,5,2030,solar,0.0
16,6,2030,solar,0.0
16,7,2030,solar,0.012055487948812553
16,8,2030,solar,0.13955479675942298
16,9,2030,solar,0.31171455332016257
16,10,2030,solar,0.4693345862678334
16,11,2030,solar,0.5843662872540087
16,12,2030,solar,0.6642283765473486
16,13,2030,solar,0.6799024722147025
16,14,2030,solar,0.6583181380509641
16,15,2030,solar,0.6002784896306053
16,16,2030,solar,0.5020539065745703
16,17,2030,solar,0.3529169653251038
16,18,2030,solar,0.1978857803311208
16,19,2030,solar,0.054684966716051824
16,20,2030,solar,2.9667847652783573e-6
16,21,2030,solar,0.0
16,22,2030,solar,0.0
16,23,2030,solar,0.0
16,24,2030,solar,0.0
16,1,2030,wind_offshore,0.001286460724093004
16,2,2030,wind_offshore,0.00021967117136988343
16,3,2030,wind_offshore,0.00010443668957361657
16,4,2030,wind_offshore,9.850871433523063e-6
16,5,2030,wind_offshore,0.0
16,6,2030,wind_offshore,0.0
16,7,2030,wind_offshore,0.0
16,8,2030,wind_offshore,0.0
16,9,2030,wind_offshore,0.0
16,10,2030,wind_offshore,0.0
16,11,2030,wind_offshore,0.0
16,12,2030,wind_offshore,0.0
16,13,2030,wind_offshore,0.0007095817880634058
16,14,2030,wind_offshore,0.004222758062127438
16,15,2030,wind_offshore,0.006379447155889635
16,16,2030,wind_offshore,0.006420875127302817
16,17,2030,wind_offshore,0.006018783568239925
16,18,2030,wind_offshore,0.005356748454020175
16,19,2030,wind_offshore,0.0012110999297890845
16,20,2030,wind_offshore,0.0
16,21,2030,wind_offshore,0.0
16,22,2030,wind_offshore,0.0
16,23,2030,wind_offshore,0.0
16,24,2030,wind_offshore,0.006270097145834545
16,1,2030,wind_onshore,0.2544676361759563
16,2,2030,wind_onshore,0.27807216142204905
16,3,2030,wind_onshore,0.29583681755123675
16,4,2030,wind_onshore,0.31177430338290113
16,5,2030,wind_onshore,0.3333396600593506
16,6,2030,wind_onshore,0.34956873300936225
16,7,2030,wind_onshore,0.3721997912837515
16,8,2030,wind_onshore,0.3720406542778554
16,9,2030,wind_onshore,0.42070689033876046
16,10,2030,wind_onshore,0.4656219326557999
16,11,2030,wind_onshore,0.456667065073125
16,12,2030,wind_onshore,0.4964442099028086
16,13,2030,wind_onshore,0.5092969721315592
16,14,2030,wind_onshore,0.5308710360637623
16,15,2030,wind_onshore,0.5472437814763219
16,16,2030,wind_onshore,0.5624813224560078
16,17,2030,wind_onshore,0.5747487374056985
16,18,2030,wind_onshore,0.5645395241697316
16,19,2030,wind_onshore,0.5494694657793506
16,20,2030,wind_onshore,0.5098899449214446
16,21,2030,wind_onshore,0.4812515685976333
16,22,2030,wind_onshore,0.4493584377709108
16,23,2030,wind_onshore,0.41502354757825183
16,24,2030,wind_onshore,0.40202270488497427
17,1,2030,demand,0.49971553113066863
17,2,2030,demand,0.4754112202500223
17,3,2030,demand,0.46047701560115273
17,4,2030,demand,0.4378673476265133
17,5,2030,demand,0.431855114457365
17,6,2030,demand,0.421152900429029
17,7,2030,demand,0.42765774337123547
17,8,2030,demand,0.44420322812737173
17,9,2030,demand,0.46260398058166224
17,10,2030,demand,0.501408016772694
17,11,2030,demand,0.5181738147383204
17,12,2030,demand,0.5147482708469872
17,13,2030,demand,0.5215487684671013
17,14,2030,demand,0.5285145990003098
17,15,2030,demand,0.51868477408106
17,16,2030,demand,0.5054784947227546
17,17,2030,demand,0.5099572575795095
17,18,2030,demand,0.5394473852192683
17,19,2030,demand,0.5538231224339546
17,20,2030,demand,0.5600194189809473
17,21,2030,demand,0.5787050040078418
17,22,2030,demand,0.5567113855247607
17,23,2030,demand,0.5255829694282875
17,24,2030,demand,0.522414305725369
17,1,2030,solar,0.0
17,2,2030,solar,0.0
17,3,2030,solar,0.0
17,4,2030,solar,0.0
17,5,2030,solar,0.0
17,6,2030,solar,0.0
17,7,2030,solar,0.0
17,8,2030,solar,0.0
17,9,2030,solar,0.048072883084806416
17,10,2030,solar,0.1378678726686691
17,11,2030,solar,0.22811430684480227
17,12,2030,solar,0.28607887316928127
17,13,2030,solar,0.2978167977378396
17,14,2030,solar,0.2581433499454495
17,15,2030,solar,0.19119645979938232
17,16,2030,solar,0.11781074360260527
17,17,2030,solar,0.040557249082820386
17,18,2030,solar,0.0
17,19,2030,solar,0.0
17,20,2030,solar,0.0
17,21,2030,solar,0.0
17,22,2030,solar,0.0
17,23,2030,solar,0.0
17,24,2030,solar,0.0
17,1,2030,wind_offshore,0.010435611942984774
17,2,2030,wind_offshore,0.020759962462441967
17,3,2030,wind_offshore,0.0452281648964181
17,4,2030,wind_offshore,0.07524140994372368
17,5,2030,wind_offshore,0.09462576384791631
17,6,2030,wind_offshore,0.10660645225755432
17,7,2030,wind_offshore,0.1345017120813852
17,8,2030,wind_offshore,0.1707388527321085
17,9,2030,wind_offshore,0.220293495138035
17,10,2030,wind_offshore,0.26944233840776255
17,11,2030,wind_offshore,0.22883328548041576
17,12,2030,wind_offshore,0.27078144484354716
17,13,2030,wind_offshore,0.34035991524869796
17,14,2030,wind_offshore,0.42222942326379936
17,15,2030,wind_offshore,0.5009897781437552
17,16,2030,wind_offshore,0.5782884005105828
17,17,2030,wind_offshore,0.6694363483911053
17,18,2030,wind_offshore,0.7727444035736719
17,19,2030,wind_offshore,0.8180069919765061
17,20,2030,wind_offshore,0.8151332102652566
17,21,2030,wind_offshore,0.7669651487162635
17,22,2030,wind_offshore,0.7069923547495021
17,23,2030,wind_offshore,0.47599305848660584
17,24,2030,wind_offshore,0.4572018774880433
17,1,2030,wind_onshore,0.10155303143367936
17,2,2030,wind_onshore,0.09186884615687979
17,3,2030,wind_onshore,0.07294318397230394
17,4,2030,wind_onshore,0.05912148072789456
17,5,2030,wind_onshore,0.04771879146254881
17,6,2030,wind_onshore,0.03954359550963001
17,7,2030,wind_onshore,0.034944179125781225
17,8,2030,wind_onshore,0.02967011188677025
17,9,2030,wind_onshore,0.024161168556093637
17,10,2030,wind_onshore,0.02076456538366968
17,11,2030,wind_onshore,0.026065774901572906
17,12,2030,wind_onshore,0.033390923468665394
17,13,2030,wind_onshore,0.04900394474875895
17,14,2030,wind_onshore,0.0716269434495228
17,15,2030,wind_onshore,0.08620624934181481
17,16,2030,wind_onshore,0.08350279984114277
17,17,2030,wind_onshore,0.08572815222489771
17,18,2030,wind_onshore,0.09804593334246899
17,19,2030,wind_onshore,0.11302547992603257
17,20,2030,wind_onshore,0.12722647514105664
17,21,2030,wind_onshore,0.13497962360733237
17,22,2030,wind_onshore,0.13744320902300936
17,23,2030,wind_onshore,0.10363795898019179
17,24,2030,wind_onshore,0.10969891089203133
18,1,2030,demand,0.6365889821910409
18,2,2030,demand,0.614276080153036
18,3,2030,demand,0.5989329559013078
18,4,2030,demand,0.5926153393921441
18,5,2030,demand,0.6072551925475083
18,6,2030,demand,0.6312192905255913
18,7,2030,demand,0.6501744111727964
18,8,2030,demand,0.6799291172409102
18,9,2030,demand,0.7344921161722113
18,10,2030,demand,0.7875800456799921
18,11,2030,demand,0.8459806487638954
18,12,2030,demand,0.87329244911796
18,13,2030,demand,0.8747214942364424
18,14,2030,demand,0.8503501293941369
18,15,2030,demand,0.8305067905161357
18,16,2030,demand,0.827640351121408
18,17,2030,demand,0.81703997518753
18,18,2030,demand,0.812002888662497
18,19,2030,demand,0.7830253342731099
18,20,2030,demand,0.7760112602619663
18,21,2030,demand,0.7535229953195087
18,22,2030,demand,0.6986808613622174
18,23,2030,demand,0.6631795160640437
18,24,2030,demand,0.6381848102866435
18,1,2030,solar,0.0
18,2,2030,solar,0.0
18,3,2030,solar,0.0
18,4,2030,solar,0.0
18,5,2030,solar,0.0
18,6,2030,solar,2.6899563976344452e-6
18,7,2030,solar,0.021207195427850736
18,8,2030,solar,0.1580151042004745
18,9,2030,solar,0.34406863193157344
18,10,2030,solar,0.5196481412693738
18,11,2030,solar,0.6409188545002525
18,12,2030,solar,0.7198242707716875
18,13,2030,solar,0.7546690105293775
18,14,2030,solar,0.7393185060108938
18,15,2030,solar,0.6868600705073604
18,16,2030,solar,0.594930612820548
18,17,2030,solar,0.46281301008246445
18,18,2030,solar,0.29258917349686914
18,19,2030,solar,0.10365221832996903
18,20,2030,solar,0.001043772633329948
18,21,2030,solar,0.0
18,22,2030,solar,0.0
18,23,2030,solar,0.0
18,24,2030,solar,0.0
18,1,2030,wind_offshore,0.3256063288706723
18,2,2030,wind_offshore,0.45889829127396314
18,3,2030,wind_offshore,0.6221900836920937
18,4,2030,wind_offshore,0.7661158372520614
18,5,2030,wind_offshore,0.476426028631035
18,6,2030,wind_offshore,0.3936491071924481
18,7,2030,wind_offshore,0.6786088963446016
18,8,2030,wind_offshore,0.8501254483851339
18,9,2030,wind_offshore,0.7473891543581985
18,10,2030,wind_offshore,0.5381574814459564
18,11,2030,wind_offshore,0.4838325047282631
18,12,2030,wind_offshore,0.2995506374761076
18,13,2030,wind_offshore,0.2950131465649385
18,14,2030,wind_offshore,0.3694503709029421
18,15,2030,wind_offshore,0.3753259055843929
18,16,2030,wind_offshore,0.35785330507230056
18,17,2030,wind_offshore,0.37988638825565635
18,18,2030,wind_offshore,0.44080532224946456
18,19,2030,wind_offshore,0.5141254588528373
18,20,2030,wind_offshore,0.6185408895185406
18,21,2030,wind_offshore,0.7505341603714217
18,22,2030,wind_offshore,0.8022421691344817
18,23,2030,wind_offshore,0.6086867838289024
18,24,2030,wind_offshore,0.6037679613736779
18,1,2030,wind_onshore,0.13044304563310552
18,2,2030,wind_onshore,0.14259235026104303
18,3,2030,wind_onshore,0.16428887115303184
18,4,2030,wind_onshore,0.1649398913244711
18,5,2030,wind_onshore,0.15681622936002776
18,6,2030,wind_onshore,0.17251790306284126
18,7,2030,wind_onshore,0.19137391396984296
18,8,2030,wind_onshore,0.1931764698001125
18,9,2030,wind_onshore,0.22223644413281773
18,10,2030,wind_onshore,0.29554208445825986
18,11,2030,wind_onshore,0.36967270747043945
18,12,2030,wind_onshore,0.49941404117173366
18,13,2030,wind_onshore,0.6020971786393565
18,14,2030,wind_onshore,0.6533821334622368
18,15,2030,wind_onshore,0.6732034393947427
18,16,2030,wind_onshore,0.6993146338575319
18,17,2030,wind_onshore,0.6970312913786624
18,18,2030,wind_onshore,0.6654184399491879
18,19,2030,wind_onshore,0.5809776535003502
18,20,2030,wind_onshore,0.4814336627751148
18,21,2030,wind_onshore,0.4129609656006718
18,22,2030,wind_onshore,0.3631247215135149
18,23,2030,wind_onshore,0.32042419285068124
18,24,2030,wind_onshore,0.30513569178244904
19,1,2030,demand,0.5120048581156266
19,2,2030,demand,0.49659604566012494
19,3,2030,demand,0.48515350637154814
19,4,2030,demand,0.48780755656656605
19,5,2030,demand,0.49603696009368803
19,6,2030,demand,0.5215472787973477
19,7,2030,demand,0.5631939845758958
19,8,2030,demand,0.6148620706518724
19,9,2030,demand,0.6497178380869638
19,10,2030,demand,0.6537760511334852
19,11,2030,demand,0.6523652758381815
19,12,2030,demand,0.6381919182677802
19,13,2030,demand,0.6310126960923795
19,14,2030,demand,0.615543584859328
19,15,2030,demand,0.6109663130792568
19,16,2030,demand,0.6091411568169051
19,17,2030,demand,0.6227010083974248
19,18,2030,demand,0.6460612836847807
19,19,2030,demand,0.6717771129910644
19,20,2030,demand,0.690316923965804
19,21,2030,demand,0.6791867056761446
19,22,2030,demand,0.6406921154912314
19,23,2030,demand,0.5790764298501754
19,24,2030,demand,0.5581662750095855
19,1,2030,solar,0.0
19,2,2030,solar,0.0
19,3,2030,solar,0.0
19,4,2030,solar,0.0
19,5,2030,solar,0.0
19,6,2030,solar,0.0
19,7,2030,solar,0.0
19,8,2030,solar,0.0
19,9,2030,solar,0.056911012636148915
19,10,2030,solar,0.17505622996091566
19,11,2030,solar,0.282834564050919
19,12,2030,solar,0.3548455823354947
19,13,2030,solar,0.37795724258933305
19,14,2030,solar,0.3679034061489776
19,15,2030,solar,0.3142337134728078
19,16,2030,solar,0.22559814650904547
19,17,2030,solar,0.1117840550901105
19,18,2030,solar,0.01681071640938579
19,19,2030,solar,0.0
19,20,2030,solar,0.0
19,21,2030,solar,0.0
19,22,2030,solar,0.0
19,23,2030,solar,0.0
19,24,2030,solar,0.0
19,1,2030,wind_offshore,0.961421295600237
19,2,2030,wind_offshore,0.9448668304586768
19,3,2030,wind_offshore,0.9375222667393734
19,4,2030,wind_offshore,0.9494664837091065
19,5,2030,wind_offshore,0.9529573488034634
19,6,2030,wind_offshore,0.9635082471910684
19,7,2030,wind_offshore,0.966652728539452
19,8,2030,wind_offshore,0.9562265835181522
19,9,2030,wind_offshore,0.772396574507868
19,10,2030,wind_offshore,0.30598001414726295
19,11,2030,wind_offshore,0.06036499655930557
19,12,2030,wind_offshore,0.02944517205531976
19,13,2030,wind_offshore,0.09226775046144288
19,14,2030,wind_offshore,0.22627907853258347
19,15,2030,wind_offshore,0.3579530635220304
19,16,2030,wind_offshore,0.3984644616462458
19,17,2030,wind_offshore,0.5081940290206411
19,18,2030,wind_offshore,0.41486969591138884
19,19,2030,wind_offshore,0.2518371028640478
19,20,2030,wind_offshore,0.13954269875329672
19,21,2030,wind_offshore,0.08748754494482594
19,22,2030,wind_offshore,0.02775709043696133
19,23,2030,wind_offshore,0.0006466962459680704
19,24,2030,wind_offshore,0.0
19,1,2030,wind_onshore,0.6463283456127685
19,2,2030,wind_onshore,0.6518212215689128
19,3,2030,wind_onshore,0.6408301907990355
19,4,2030,wind_onshore,0.6296455394025464
19,5,2030,wind_onshore,0.6277965195874633
19,6,2030,wind_onshore,0.6291660053192873
19,7,2030,wind_onshore,0.6358825869279858
19,8,2030,wind_onshore,0.6423897855417022
19,9,2030,wind_onshore,0.6444475175880292
19,10,2030,wind_onshore,0.6480410308378208
19,11,2030,wind_onshore,0.6215776675655146
19,12,2030,wind_onshore,0.6308662103428527
19,13,2030,wind_onshore,0.6496806324775632
19,14,2030,wind_onshore,0.6578459626690746
19,15,2030,wind_onshore,0.6606270930266426
19,16,2030,wind_onshore,0.6532598578071439
19,17,2030,wind_onshore,0.632753884885272
19,18,2030,wind_onshore,0.6196664310567324
19,19,2030,wind_onshore,0.6022598547022018
19,20,2030,wind_onshore,0.5715509567719196
19,21,2030,wind_onshore,0.537265183473912
19,22,2030,wind_onshore,0.5062563286615908
19,23,2030,wind_onshore,0.473676338086583
19,24,2030,wind_onshore,0.4381242386627364
20,1,2030,demand,0.4832323018247057
20,2,2030,demand,0.4638205498957929
20,3,2030,demand,0.4483648184110209
20,4,2030,demand,0.43947803186177714
20,5,2030,demand,0.42538399645909586
20,6,2030,demand,0.41251186905280246
20,7,2030,demand,0.4161634807820234
20,8,2030,demand,0.4421071537688775
20,9,2030,demand,0.48074235713167407
20,10,2030,demand,0.5158912085012408
20,11,2030,demand,0.528364239567309
20,12,2030,demand,0.5378361684334916
20,13,2030,demand,0.5309032752210219
20,14,2030,demand,0.5337241389381803
20,15,2030,demand,0.519243582998839
20,16,2030,demand,0.5069519205137016
20,17,2030,demand,0.5085533687700534
20,18,2030,demand,0.5286551449692223
20,19,2030,demand,0.5577690214640948
20,20,2030,demand,0.595722614777934
20,21,2030,demand,0.6004571523913862
20,22,2030,demand,0.5906426017375581
20,23,2030,demand,0.5435728267866481
20,24,2030,demand,0.5215384752192435
20,1,2030,solar,0.0
20,2,2030,solar,0.0
20,3,2030,solar,0.0
20,4,2030,solar,0.0
20,5,2030,solar,0.0
20,6,2030,solar,0.0
20,7,2030,solar,0.0
20,8,2030,solar,0.0
20,9,2030,solar,0.1347892957167472
20,10,2030,solar,0.34167404393111267
20,11,2030,solar,0.5155483785423618
20,12,2030,solar,0.6291741741946163
20,13,2030,solar,0.6804561184179323
20,14,2030,solar,0.6816278642798028
20,15,2030,solar,0.6239236049717958
20,16,2030,solar,0.509101671069915
20,17,2030,solar,0.34068085396571696
20,18,2030,solar,0.13744171298070906
20,19,2030,solar,0.0
20,20,2030,solar,0.0
20,21,2030,solar,0.0
20,22,2030,solar,0.0
20,23,2030,solar,0.0
20,24,2030,solar,0.0
20,1,2030,wind_offshore,0.5739719755460052
20,2,2030,wind_offshore,0.45080425417638786
20,3,2030,wind_offshore,0.3739075661506702
20,4,2030,wind_offshore,0.34932921865318733
20,5,2030,wind_offshore,0.244123653883574
20,6,2030,wind_offshore,0.19088014989666088
20,7,2030,wind_offshore,0.10886169908860403
20,8,2030,wind_offshore,0.06683556769030635
20,9,2030,wind_offshore,0.08197376215665597
20,10,2030,wind_offshore,0.08658344416980393
20,11,2030,wind_offshore,0.09644106467884159
20,12,2030,wind_offshore,0.13691616542652324
20,13,2030,wind_offshore,0.26473576379308533
20,14,2030,wind_offshore,0.42368232598373023
20,15,2030,wind_offshore,0.553253136314005
20,16,2030,wind_offshore,0.7588070926199078
20,17,2030,wind_offshore,0.8067857671966324
20,18,2030,wind_offshore,0.8487795152424958
20,19,2030,wind_offshore,0.871635574103757
20,20,2030,wind_offshore,0.8592723671363148
20,21,2030,wind_offshore,0.8926269179698259
20,22,2030,wind_offshore,0.9157639195175574
20,23,2030,wind_offshore,0.9429685553219042
20,24,2030,wind_offshore,0.967720865559647
20,1,2030,wind_onshore,0.573186795927378
20,2,2030,wind_onshore,0.5616262263445869
20,3,2030,wind_onshore,0.5323950499818176
20,4,2030,wind_onshore,0.501266368671307
20,5,2030,wind_onshore,0.4635300132318351
20,6,2030,wind_onshore,0.4165548499089936
20,7,2030,wind_onshore,0.3714700004532449
20,8,2030,wind_onshore,0.34741042899764324
20,9,2030,wind_onshore,0.3181105855847869
20,10,2030,wind_onshore,0.3084594566343087
20,11,2030,wind_onshore,0.28724639228752535
20,12,2030,wind_onshore,0.2599202979192552
20,13,2030,wind_onshore,0.22744615738359233
20,14,2030,wind_onshore,0.2056277239947191
20,15,2030,wind_onshore,0.1921891481297047
20,16,2030,wind_onshore,0.18657408951324553
20,17,2030,wind_onshore,0.17375786996540943
20,18,2030,wind_onshore,0.14403358116835646
20,19,2030,wind_onshore,0.1355772245267611
20,20,2030,wind_onshore,0.13992661640078755
20,21,2030,wind_onshore,0.1235625366186484
20,22,2030,wind_onshore,0.10964917781086538
20,23,2030,wind_onshore,0.12283156458805895
20,24,2030,wind_onshore,0.1332137649670964
