scenario,year,period,rep_period,weight
0,2030,1,1,1.0
0,2030,2,4,0.9870393627289964
0,2030,3,2,0.3266096917505519
0,2030,3,4,0.8120706400582588
0,2030,4,2,1.0
0,2030,5,2,0.21250336514895962
0,2030,5,4,0.8070541544522419
0,2030,6,2,0.47383696932676794
0,2030,6,4,0.42918717819171576
0,2030,7,2,0.4036378114191135
0,2030,7,4,0.4616630684639049
0,2030,8,2,0.0347541016845822
0,2030,8,4,0.974763101554198
0,2030,9,2,0.4167626605316592
0,2030,9,4,0.6651224916259196
0,2030,10,2,0.25333870133096925
0,2030,10,4,0.7215215844799002
0,2030,11,5,1.0
0,2030,12,2,0.25893665500707597
0,2030,12,4,0.6239014326374529
0,2030,13,2,0.3321032630662501
0,2030,13,4,0.6813694599566852
0,2030,14,2,0.3020517054506804
0,2030,14,4,0.6862759988101181
0,2030,15,2,0.35277282492768186
0,2030,15,4,0.7162663238280055
0,2030,16,2,0.20533951647362816
0,2030,16,4,0.7951831705467975
0,2030,17,2,0.3924441877693681
0,2030,17,4,0.5082653064324401
0,2030,18,2,0.9863766136072782
0,2030,19,1,0.12845022414871854
0,2030,19,2,0.6451298582582937
0,2030,19,3,0.09824763144730639
0,2030,19,4,0.07208801497435698
0,2030,19,5,0.10625371367029726
0,2030,20,4,0.9920631810169416
0,2030,21,2,0.30406982750994455
0,2030,21,4,0.7396381099851255
0,2030,22,2,0.47725175584795304
0,2030,22,4,0.4202489062450315
0,2030,23,4,0.9891549250271987
0,2030,24,2,0.47519355750413017
0,2030,24,4,0.5875831519068173
0,2030,25,2,0.15360189417909764
0,2030,25,4,0.8924836469881359
0,2030,26,2,0.9772485125037911
0,2030,27,2,0.2307207124535232
0,2030,27,4,0.6850436674888679
0,2030,28,2,0.3983348013412547
0,2030,28,4,0.45763093029064
0,2030,29,2,0.40061620196382197
0,2030,29,4,0.544736625939007
0,2030,30,1,0.12331508577656601
0,2030,30,2,0.6342136536214442
0,2030,30,3,0.09352398265316461
0,2030,30,4,0.06846094611536309
0,2030,30,5,0.10135790610262208
0,2030,31,2,0.9940592188686423
0,2030,32,2,0.4089357986322389
0,2030,32,4,0.5960125338178837
0,2030,33,2,0.484357163805371
0,2030,33,4,0.4074026694137376
0,2030,34,2,0.11715637147037317
0,2030,34,4,0.8337658519420332
0,2030,35,1,0.15609562240425934
0,2030,35,2,0.5772983188258095
0,2030,35,3,0.11994059653393006
0,2030,35,4,0.08861882857559744
0,2030,35,5,0.12950008887666975
0,2030,36,2,0.9900309299013592
0,2030,37,4,0.9969546769425659
0,2030,38,2,0.40371107674625945
0,2030,38,4,0.5499525014228058
0,2030,39,2,0.20758998737298734
0,2030,39,4,0.714972244613384
0,2030,40,4,0.9913194091807801
0,2030,41,4,1.0011434035037536
0,2030,42,4,0.9955901989870701
0,2030,43,2,0.28415986946521904
0,2030,43,4,0.8094160360773489
0,2030,44,2,0.3717486512273805
0,2030,44,4,0.4401479514759454
0,2030,45,4,0.997725325278211
0,2030,46,2,0.02442805774238257
0,2030,46,4,0.9971433591771101
0,2030,47,4,1.0
0,2030,48,2,0.39509423646085756
0,2030,48,4,0.586937442648609
0,2030,49,3,1.00106297215445
0,2030,50,2,0.12508122989517773
0,2030,50,4,0.8797295035524956
0,2030,51,2,0.3769063614495943
0,2030,51,4,0.43669014683200114
0,2030,52,1,0.07344854416722485
0,2030,52,2,0.7859219716107423
0,2030,52,3,0.055652668817468935
0,2030,52,4,0.04067708893087241
0,2030,52,5,0.06026247411384299
0,2030,53,2,0.24853441923269004
0,2030,53,4,0.6675288960151434
0,2030,54,2,0.21697026018965007
0,2030,54,4,0.8655832471075563
0,2030,55,2,0.36571489746833713
0,2030,55,4,0.5383084554498634
0,2030,56,2,0.3895857789849182
0,2030,56,4,0.5167713591215021
0,2030,57,1,0.06327109626020254
0,2030,57,2,0.8182441076011278
0,2030,57,3,0.04794809108152873
0,2030,57,4,0.03511345513551632
0,2030,57,5,0.052029813870053065
0,2030,58,2,0.21122310201977154
0,2030,58,4,0.819528309230467
0,2030,59,4,0.9922239585415239
0,2030,60,4,0.9930526014336858
0,2030,61,1,0.1635825858361755
0,2030,61,2,0.5389187667969813
0,2030,61,3,0.12453258138986313
0,2030,61,4,0.09114321177195578
0,2030,61,5,0.13491012107597614
0,2030,62,2,0.3222817114435267
0,2030,62,4,0.6115035803160259
0,2030,63,2,0.2821225897497313
0,2030,63,4,0.6589276695217691
0,2030,64,2,0.9747658925738466
0,2030,65,2,0.9849267822790031
0,2030,66,2,0.38000228525128876
0,2030,66,4,0.5006151564868188
0,2030,67,2,0.4478421048019288
0,2030,67,4,0.5963257004820054
0,2030,68,2,0.9798547462688136
0,2030,69,2,0.2733026132382161
0,2030,69,4,0.7555419909640738
0,2030,70,2,0.9920933575866614
0,2030,71,4,0.9968790032577471
0,2030,72,2,0.38680756763245644
0,2030,72,4,0.4267722531201675
0,2030,73,2,0.32205232298704983
0,2030,73,4,0.5282205694259599
0,2030,74,4,0.9910013041301945
0,2030,75,3,1.0
0,2030,76,2,0.9955986279107653
0,2030,77,2,0.3817179464763153
0,2030,77,4,0.628624537737173
0,2030,78,2,0.977928668223556
0,2030,79,2,0.06568879462994455
0,2030,79,4,0.9103097799807004
0,2030,80,4,0.9903406934300878
0,2030,81,4,0.9903852366023166
0,2030,82,2,0.49227734692531416
0,2030,82,4,0.42191573291649426
0,2030,83,2,0.4951135795525261
0,2030,83,4,0.4821796930552932
0,2030,84,2,0.24467996158437497
0,2030,84,4,0.8354702864620202
0,2030,85,2,0.2756375738602979
0,2030,85,4,0.6658547060103964
0,2030,86,2,0.38751338117789247
0,2030,86,4,0.6043025426548838
0,2030,87,2,0.46695019685173167
0,2030,87,4,0.5901690560548348
0,2030,88,2,0.13360185253211654
0,2030,88,4,0.826122168079819
0,2030,89,2,0.3282992877746018
0,2030,89,4,0.6318240734174985
0,2030,90,2,0.9841232073502181
0,2030,91,1,0.05346428551872183
0,2030,91,2,0.8452171651214072
0,2030,91,3,0.04047766547441583
0,2030,91,4,0.029623902697291465
0,2030,91,5,0.04391232074812881
0,2030,92,2,0.19704812329907137
0,2030,92,4,0.7209970754475883
0,2030,93,2,0.11956840921810527
0,2030,93,4,0.9318654384092201
0,2030,94,2,0.48150115932381043
0,2030,94,4,0.5515159085578274
0,2030,95,2,0.38746230598329895
0,2030,95,4,0.6438548856952542
0,2030,96,3,0.9999483620980175
0,2030,97,2,0.9816293276849527
0,2030,98,2,0.9830107475473863
0,2030,99,2,0.9838334849141936
0,2030,100,2,0.4192883638153941
0,2030,100,4,0.5022250915451603
1,2030,1,6,1.0
1,2030,2,10,1.0
1,2030,3,9,1.0
1,2030,4,7,1.0
1,2030,5,7,0.9642021905007477
1,2030,6,9,0.9949328390687064
1,2030,7,9,0.99549115789571
1,2030,8,6,0.014676592355895815
1,2030,8,7,0.010188523881107022
1,2030,8,8,0.0138587827810021
1,2030,8,9,0.014777624600189936
1,2030,8,10,1.0100369755146659
1,2030,9,7,0.1505293845908672
1,2030,9,9,0.7821475714272131
1,2030,9,10,0.017435432953140834
1,2030,10,6,0.017436556855706643
1,2030,10,7,0.03924526426009366
1,2030,10,8,0.021328074601399256
1,2030,10,9,0.024341780111445617
1,2030,10,10,1.0288874293764854
1,2030,11,10,0.9940409105729133
1,2030,12,9,0.9857430264253745
1,2030,13,6,0.0934784763418403
1,2030,13,8,0.03763535343354804
1,2030,13,9,0.02347521888973437
1,2030,13,10,0.8873108405976289
1,2030,14,10,0.9928828720625968
1,2030,15,7,0.955198036192772
1,2030,16,7,0.9911071433167712
1,2030,17,7,0.02216328565258498
1,2030,17,9,1.0060770379922521
1,2030,17,10,0.014012918506597366
1,2030,18,10,1.0065698532044058
1,2030,19,6,0.23934787022092419
1,2030,19,8,0.08934095302667287
1,2030,19,9,0.05030882378589188
1,2030,19,10,0.6869676307263682
1,2030,20,10,0.9912496245837853
1,2030,21,6,0.17943869617413769
1,2030,21,8,0.06988980403083464
1,2030,21,9,0.04177802727836487
1,2030,21,10,0.7754741252099934
1,2030,22,6,0.013288777974867003
1,2030,22,7,0.02301764333711292
1,2030,22,8,0.015019666237449797
1,2030,22,9,0.01682839248000073
1,2030,22,10,1.0177082215794124
1,2030,23,7,0.07386849035371892
1,2030,23,8,0.8844923342806237
1,2030,24,8,0.994587027642365
1,2030,25,6,0.22056823750036755
1,2030,25,8,0.09218782383518406
1,2030,25,9,0.06011393562541733
1,2030,25,10,0.7459097369795354
1,2030,26,6,0.1852552456961794
1,2030,26,8,0.07768574288754171
1,2030,26,9,0.050848539753336586
1,2030,26,10,0.7874867322736796
1,2030,27,10,0.9956647578742837
1,2030,28,9,0.9839813287299386
1,2030,29,9,0.9962036821176111
1,2030,30,7,0.9716081371422975
1,2030,31,9,0.9918628990703214
1,2030,32,6,0.013036255123300422
1,2030,32,7,0.027220947246551733
1,2030,32,8,0.015565778807721826
1,2030,32,9,0.017668782747721615
1,2030,32,10,1.02027215580992
1,2030,33,8,0.9980831886528121
1,2030,34,9,0.9891936075614525
1,2030,35,9,1.0024431966437746
1,2030,36,8,1.0027046886473066
1,2030,37,6,0.015516875903566988
1,2030,37,7,0.026218492437687077
1,2030,37,8,0.017419993544185067
1,2030,37,9,0.01948535302906092
1,2030,37,10,1.020265776749446
1,2030,38,6,0.11006147367394728
1,2030,38,8,0.041587142953933814
1,2030,38,9,0.023838121725504216
1,2030,38,10,0.8578159359115237
1,2030,39,6,0.12360638354473501
1,2030,39,8,0.9012263037603016
1,2030,40,7,0.9660335718479134
1,2030,41,6,0.016426725542137137
1,2030,41,7,0.019465136783456616
1,2030,41,8,0.016955894948206294
1,2030,41,9,0.018555222147645104
1,2030,41,10,1.0162723918751948
1,2030,42,6,0.016329860091003977
1,2030,42,7,0.03539463207312635
1,2030,42,8,0.019730743788546487
1,2030,42,9,0.022456874760784902
1,2030,42,10,1.0262041100684551
1,2030,43,9,0.9886339792791237
1,2030,44,6,0.01776730085940962
1,2030,44,7,0.04158153074670398
1,2030,44,8,0.02201786355797903
1,2030,44,9,0.02520146673618401
1,2030,44,10,1.0304302819315425
1,2030,45,8,0.9986467633471448
1,2030,46,7,0.9759717030698372
1,2030,47,7,0.9637341258802178
1,2030,48,8,1.0
1,2030,49,6,0.011177082708089158
1,2030,49,7,0.024055990931433003
1,2030,49,8,0.0134743611166489
1,2030,49,9,0.015328233322932549
1,2030,49,10,1.017829265009168
1,2030,50,8,1.001957767880273
1,2030,51,9,0.9902436962555954
1,2030,52,6,0.10494122302548144
1,2030,52,8,0.043823158835335024
1,2030,52,9,0.028548267291094633
1,2030,52,10,0.8789784260143539
1,2030,53,6,0.012230818757718477
1,2030,53,7,0.026914615931536455
1,2030,53,8,0.014850520826599734
1,2030,53,9,0.016921002947649512
1,2030,53,10,1.01987933964664
1,2030,54,7,0.1049541103662062
1,2030,54,8,0.8404652286315851
1,2030,54,10,0.011216886990795748
1,2030,55,9,0.9897408650016483
1,2030,56,6,1.0017549643559736
1,2030,57,7,0.010383193254923286
1,2030,57,8,1.0039785661715561
1,2030,58,7,0.16077378029847336
1,2030,58,9,0.7720559858391871
1,2030,58,10,0.020042374915916254
1,2030,59,8,1.0052180775879984
1,2030,60,6,0.08597629954904756
1,2030,60,8,0.9420546356929984
1,2030,61,10,1.0066893434621391
1,2030,62,8,0.9922080901981807
1,2030,63,8,0.993371691451758
1,2030,64,8,0.9959726720756397
1,2030,65,6,0.12858064418579845
1,2030,65,8,0.053855795625495174
1,2030,65,9,0.03520361526450251
1,2030,65,10,0.8522778571539591
1,2030,66,6,0.014072675388297814
1,2030,66,7,0.03688246452749183
1,2030,66,8,0.01814669263622758
1,2030,66,9,0.020947845622121136
1,2030,66,10,1.0265697091767567
1,2030,67,6,0.014313464683458364
1,2030,67,7,0.028062943727946692
1,2030,67,8,0.016763820048879403
1,2030,67,9,0.018943623168201973
1,2030,67,10,1.0211177060008314
1,2030,68,7,0.12939741174216207
1,2030,68,9,0.8313588426687746
1,2030,68,10,0.020576229258821563
1,2030,69,6,0.017836788193044573
1,2030,69,7,0.025826017344539664
1,2030,69,8,0.019251741978485754
1,2030,69,9,0.02132049449700539
1,2030,69,10,1.0206004578885983
1,2030,70,6,0.01732040664690039
1,2030,70,7,0.0322245954829913
1,2030,70,8,0.019974871585893523
1,2030,70,9,0.022489821076498148
1,2030,70,10,1.0244704738385946
1,2030,71,10,0.9932963238080873
1,2030,72,8,0.9934344013913112
1,2030,73,7,0.010446859245513553
1,2030,73,10,1.007645584907412
1,2030,74,9,0.9955446632676025
1,2030,75,7,0.1763937681132199
1,2030,75,9,0.7560534472389099
1,2030,75,10,0.02383260663394406
1,2030,76,9,0.9947948220113645
1,2030,77,6,0.010033042498764144
1,2030,77,7,0.0215833203957968
1,2030,77,8,0.012093317765788779
1,2030,77,9,0.01375669884791932
1,2030,77,10,1.015997835872064
1,2030,78,6,1.0018255760065389
1,2030,79,9,0.9945563059027055
1,2030,80,7,0.11511663901461985
1,2030,80,8,0.8103666527191014
1,2030,81,9,0.9935176079685042
1,2030,82,9,0.9942282762315775
1,2030,83,7,0.10403153933754054
1,2030,83,8,0.8311192400200733
1,2030,84,8,1.0045991452770562
1,2030,85,7,0.18042741724483388
1,2030,85,8,0.7356115111726996
1,2030,85,10,0.02229227051969579
1,2030,86,6,0.21322919737503704
1,2030,86,8,0.07923276426489555
1,2030,86,9,0.04431813246788955
1,2030,86,10,0.7198751359821548
1,2030,87,8,1.004888416148806
1,2030,88,9,0.9938729336965013
1,2030,89,7,0.14629997568802808
1,2030,89,9,0.7978852073002684
1,2030,89,10,0.019830548818495917
1,2030,90,7,0.11594741559440025
1,2030,90,9,0.8541544944965448
1,2030,90,10,0.020017426925883673
1,2030,91,10,0.9848132171515211
1,2030,92,9,0.9883834619640489
1,2030,93,6,0.012201217473627108
1,2030,93,7,0.023462255367781404
1,2030,93,8,0.014207652542212654
1,2030,93,9,0.01603324506996794
1,2030,93,10,1.0177142139732702
1,2030,94,6,0.22684940471068352
1,2030,94,8,0.0830252314636183
1,2030,94,9,0.04584496459605875
1,2030,94,10,0.696436454653809
1,2030,95,9,0.9883128994602154
1,2030,96,8,0.9986078427098898
1,2030,97,6,0.0174937235176387
1,2030,97,7,0.020106107918435423
1,2030,97,8,0.01794556585092197
1,2030,97,9,0.01960462991097444
1,2030,97,10,1.016939748328432
1,2030,98,8,0.9971851051401165
1,2030,99,6,0.011771571171796474
1,2030,99,7,0.023824084704461703
1,2030,99,8,0.013920222937102801
1,2030,99,9,0.015765663819279158
1,2030,99,10,1.0178329457332376
1,2030,100,6,0.019921547768206475
1,2030,100,7,0.03718428277381229
1,2030,100,8,0.022996204167649564
1,2030,100,9,0.025897360500291802
1,2030,100,10,1.0282205636756843
