rep_period,timestep,year,profile_name,value
1,1,2030,demand,0.5015476510004967
1,2,2030,demand,0.49942027130393096
1,3,2030,demand,0.4976568672611537
1,4,2030,demand,0.4853215424124215
1,5,2030,demand,0.4951002842661398
1,6,2030,demand,0.5228046161105575
1,7,2030,demand,0.538820520675726
1,8,2030,demand,0.5709207504874084
1,9,2030,demand,0.6281701367525063
1,10,2030,demand,0.6523683422384272
1,11,2030,demand,0.6819378290901749
1,12,2030,demand,0.7044622940269488
1,13,2030,demand,0.7136869395796045
1,14,2030,demand,0.701634605037573
1,15,2030,demand,0.7041233691847392
1,16,2030,demand,0.7071152889465327
1,17,2030,demand,0.7087731985356773
1,18,2030,demand,0.6925109306677445
1,19,2030,demand,0.6886620958584154
1,20,2030,demand,0.6863108863364399
1,21,2030,demand,0.6715084191094137
1,22,2030,demand,0.62633812831989
1,23,2030,demand,0.5753625978116363
1,24,2030,demand,0.5642131577940463
1,1,2030,hydro_inflow,0.31277306969993596
1,2,2030,hydro_inflow,0.3127074555082528
1,3,2030,hydro_inflow,0.3172113253169151
1,4,2030,hydro_inflow,0.3161262525331726
1,5,2030,hydro_inflow,0.31466570329414173
1,6,2030,hydro_inflow,0.317972179645058
1,7,2030,hydro_inflow,0.31539328365283237
1,8,2030,hydro_inflow,0.31333587296312165
1,9,2030,hydro_inflow,0.31524553669974414
1,10,2030,hydro_inflow,0.30994686150555284
1,11,2030,hydro_inflow,0.3132565418331627
1,12,2030,hydro_inflow,0.31402357220548416
1,13,2030,hydro_inflow,0.3140802418722964
1,14,2030,hydro_inflow,0.3150888401629383
1,15,2030,hydro_inflow,0.3124178622346425
1,16,2030,hydro_inflow,0.3121882411786559
1,17,2030,hydro_inflow,0.31107924772523593
1,18,2030,hydro_inflow,0.31358619224826356
1,19,2030,hydro_inflow,0.3111912914128363
1,20,2030,hydro_inflow,0.31699993380167774
1,21,2030,hydro_inflow,0.3097745777658991
1,22,2030,hydro_inflow,0.3089358471084615
1,23,2030,hydro_inflow,0.3095520366161301
1,24,2030,hydro_inflow,0.31170054464204566
1,1,2030,solar,0.0
1,2,2030,solar,0.0
1,3,2030,solar,0.0
1,4,2030,solar,0.0
1,5,2030,solar,0.0
1,6,2030,solar,0.0
1,7,2030,solar,0.007226511759055544
1,8,2030,solar,0.12926186890344457
1,9,2030,solar,0.31233425426666356
1,10,2030,solar,0.47105453516575635
1,11,2030,solar,0.5713762120778455
1,12,2030,solar,0.6314451190437527
1,13,2030,solar,0.6438058802964772
1,14,2030,solar,0.6028150358320141
1,15,2030,solar,0.5527194971376423
1,16,2030,solar,0.46725065189540527
1,17,2030,solar,0.3371314822258165
1,18,2030,solar,0.19405597288609577
1,19,2030,solar,0.05414083538971167
1,20,2030,solar,1.002451645988361e-5
1,21,2030,solar,0.0
1,22,2030,solar,0.0
1,23,2030,solar,0.0
1,24,2030,solar,0.0
1,1,2030,wind_offshore,0.4077724513342468
1,2,2030,wind_offshore,0.3926909386011894
1,3,2030,wind_offshore,0.3628005346181941
1,4,2030,wind_offshore,0.314923866999601
1,5,2030,wind_offshore,0.3020016656879408
1,6,2030,wind_offshore,0.324269856254066
1,7,2030,wind_offshore,0.38833515785478256
1,8,2030,wind_offshore,0.4612794566608529
1,9,2030,wind_offshore,0.5233706298617026
1,10,2030,wind_offshore,0.5681158219298162
1,11,2030,wind_offshore,0.5842073382683872
1,12,2030,wind_offshore,0.5309760562744941
1,13,2030,wind_offshore,0.5445165915801593
1,14,2030,wind_offshore,0.6190512851350783
1,15,2030,wind_offshore,0.6946737691026439
1,16,2030,wind_offshore,0.7337423377189073
1,17,2030,wind_offshore,0.7647748668323968
1,18,2030,wind_offshore,0.7991755840117812
1,19,2030,wind_offshore,0.8025651757377924
1,20,2030,wind_offshore,0.8344974218899512
1,21,2030,wind_offshore,0.8351714420980739
1,22,2030,wind_offshore,0.8349743567261695
1,23,2030,wind_offshore,0.7410647215066004
1,24,2030,wind_offshore,0.7027218867034845
1,1,2030,wind_onshore,0.27782226883336164
1,2,2030,wind_onshore,0.2676363273995713
1,3,2030,wind_onshore,0.24965570238646628
1,4,2030,wind_onshore,0.24042916004415246
1,5,2030,wind_onshore,0.22793268927835678
1,6,2030,wind_onshore,0.22594688855663794
1,7,2030,wind_onshore,0.22061243814085996
1,8,2030,wind_onshore,0.21085672690119878
1,9,2030,wind_onshore,0.2064687064320664
1,10,2030,wind_onshore,0.20490706157920124
1,11,2030,wind_onshore,0.1791355033674644
1,12,2030,wind_onshore,0.1629670807197395
1,13,2030,wind_onshore,0.17498349774406718
1,14,2030,wind_onshore,0.20051014831775274
1,15,2030,wind_onshore,0.22545938759132203
1,16,2030,wind_onshore,0.25834501299692664
1,17,2030,wind_onshore,0.27610451657389723
1,18,2030,wind_onshore,0.28970975831009427
1,19,2030,wind_onshore,0.2734353347693768
1,20,2030,wind_onshore,0.24938133142800703
1,21,2030,wind_onshore,0.23059924983210336
1,22,2030,wind_onshore,0.22877976583126552
1,23,2030,wind_onshore,0.17893160064253016
1,24,2030,wind_onshore,0.18641532712905542
2,1,2030,demand,0.5451264611703669
2,2,2030,demand,0.5214074266939235
2,3,2030,demand,0.5115162809834809
2,4,2030,demand,0.4969441037870229
2,5,2030,demand,0.4957439739039869
2,6,2030,demand,0.5230495596239496
2,7,2030,demand,0.5695661566809853
2,8,2030,demand,0.6197238188717726
2,9,2030,demand,0.6627201669393136
2,10,2030,demand,0.6823588950483469
2,11,2030,demand,0.6842704941318696
2,12,2030,demand,0.6727093579792329
2,13,2030,demand,0.6579199375424196
2,14,2030,demand,0.6437405524399987
2,15,2030,demand,0.6201505872291571
2,16,2030,demand,0.6076436783426485
2,17,2030,demand,0.6046171686203151
2,18,2030,demand,0.6183104263411653
2,19,2030,demand,0.6439715060032656
2,20,2030,demand,0.6818909507172698
2,21,2030,demand,0.6844891573395935
2,22,2030,demand,0.6420542871971234
2,23,2030,demand,0.5806833177134196
2,24,2030,demand,0.5585368342444913
2,1,2030,hydro_inflow,0.6000212453130817
2,2,2030,hydro_inflow,0.5966390672434316
2,3,2030,hydro_inflow,0.5923020148862591
2,4,2030,hydro_inflow,0.5847388076949754
2,5,2030,hydro_inflow,0.5898126506713472
2,6,2030,hydro_inflow,0.5851586027352159
2,7,2030,hydro_inflow,0.584078760293462
2,8,2030,hydro_inflow,0.5736495444721699
2,9,2030,hydro_inflow,0.5672042734075351
2,10,2030,hydro_inflow,0.5613555269167806
2,11,2030,hydro_inflow,0.5634260981109749
2,12,2030,hydro_inflow,0.5591424744832887
2,13,2030,hydro_inflow,0.5636677775429366
2,14,2030,hydro_inflow,0.5699974395945865
2,15,2030,hydro_inflow,0.5700472307239411
2,16,2030,hydro_inflow,0.5748104324725548
2,17,2030,hydro_inflow,0.572776505885401
2,18,2030,hydro_inflow,0.5747949722598295
2,19,2030,hydro_inflow,0.575347136531006
2,20,2030,hydro_inflow,0.583819079673552
2,21,2030,hydro_inflow,0.588337839489605
2,22,2030,hydro_inflow,0.596841686013182
2,23,2030,hydro_inflow,0.5980504534169159
2,24,2030,hydro_inflow,0.6027485371219333
2,1,2030,solar,0.0
2,2,2030,solar,0.0
2,3,2030,solar,0.0
2,4,2030,solar,0.0
2,5,2030,solar,0.0
2,6,2030,solar,0.0
2,7,2030,solar,0.0
2,8,2030,solar,0.0
2,9,2030,solar,0.0712288690897049
2,10,2030,solar,0.1950006655349417
2,11,2030,solar,0.3315204058062366
2,12,2030,solar,0.45975068297284927
2,13,2030,solar,0.541852468145571
2,14,2030,solar,0.5724972461433256
2,15,2030,solar,0.5299538810719242
2,16,2030,solar,0.42519151709728226
2,17,2030,solar,0.26161367251063616
2,18,2030,solar,0.0867217462727789
2,19,2030,solar,0.0
2,20,2030,solar,0.0
2,21,2030,solar,0.0
2,22,2030,solar,0.0
2,23,2030,solar,0.0
2,24,2030,solar,0.0
2,1,2030,wind_offshore,0.030207378086693427
2,2,2030,wind_offshore,0.004814846435680466
2,3,2030,wind_offshore,0.0015311403034648388
2,4,2030,wind_offshore,0.0003880768288286925
2,5,2030,wind_offshore,0.0
2,6,2030,wind_offshore,3.3985899288060455e-5
2,7,2030,wind_offshore,0.0026275748778280773
2,8,2030,wind_offshore,0.021267009132492517
2,9,2030,wind_offshore,0.0499422926302208
2,10,2030,wind_offshore,0.1296842424163464
2,11,2030,wind_offshore,0.2336876886786545
2,12,2030,wind_offshore,0.28895721332006113
2,13,2030,wind_offshore,0.20914086903167342
2,14,2030,wind_offshore,0.14959175275225262
2,15,2030,wind_offshore,0.15093509400753657
2,16,2030,wind_offshore,0.12821872223292077
2,17,2030,wind_offshore,0.1076734245390601
2,18,2030,wind_offshore,0.11083996267122585
2,19,2030,wind_offshore,0.18395132615616117
2,20,2030,wind_offshore,0.3101374984165542
2,21,2030,wind_offshore,0.45584747151809124
2,22,2030,wind_offshore,0.5678940870252538
2,23,2030,wind_offshore,0.5250293061509352
2,24,2030,wind_offshore,0.6045706777467097
2,1,2030,wind_onshore,0.22087831279561268
2,2,2030,wind_onshore,0.25160862171470766
2,3,2030,wind_onshore,0.28023498431175153
2,4,2030,wind_onshore,0.28817754651591004
2,5,2030,wind_onshore,0.3036739160381927
2,6,2030,wind_onshore,0.29207060724608197
2,7,2030,wind_onshore,0.27152000497438167
2,8,2030,wind_onshore,0.2618602640096414
2,9,2030,wind_onshore,0.2467448558840098
2,10,2030,wind_onshore,0.2274511575631429
2,11,2030,wind_onshore,0.2182015444633424
2,12,2030,wind_onshore,0.2339822779310301
2,13,2030,wind_onshore,0.24125810598573552
2,14,2030,wind_onshore,0.24457143909552045
2,15,2030,wind_onshore,0.2447222114373544
2,16,2030,wind_onshore,0.25160091220017033
2,17,2030,wind_onshore,0.2637962033189285
2,18,2030,wind_onshore,0.27091871046269705
2,19,2030,wind_onshore,0.2767611797094731
2,20,2030,wind_onshore,0.2551648052766501
2,21,2030,wind_onshore,0.20902014383290551
2,22,2030,wind_onshore,0.16654928744172207
2,23,2030,wind_onshore,0.1389922762210599
2,24,2030,wind_onshore,0.12844592515871997
3,1,2030,demand,0.5177972484913291
3,2,2030,demand,0.5000783863676503
3,3,2030,demand,0.49475122463791366
3,4,2030,demand,0.49310792625873484
3,5,2030,demand,0.4916351654242441
3,6,2030,demand,0.5272198803069913
3,7,2030,demand,0.5698143001779191
3,8,2030,demand,0.6286963374381221
3,9,2030,demand,0.6605404547053537
3,10,2030,demand,0.6885229123405529
3,11,2030,demand,0.6921054677105782
3,12,2030,demand,0.6769905219869181
3,13,2030,demand,0.6678366938184117
3,14,2030,demand,0.6592409071152545
3,15,2030,demand,0.6390750251828202
3,16,2030,demand,0.6304000240679887
3,17,2030,demand,0.6244035948845017
3,18,2030,demand,0.6469581713152742
3,19,2030,demand,0.6716835422561065
3,20,2030,demand,0.6957619598343291
3,21,2030,demand,0.6804764671395783
3,22,2030,demand,0.6340651892305512
3,23,2030,demand,0.5811021430135803
3,24,2030,demand,0.5576868156881326
3,1,2030,hydro_inflow,0.2561328198748572
3,2,2030,hydro_inflow,0.25331372921980794
3,3,2030,hydro_inflow,0.252896575708697
3,4,2030,hydro_inflow,0.25154806023296583
3,5,2030,hydro_inflow,0.25140946491826904
3,6,2030,hydro_inflow,0.25261153584778484
3,7,2030,hydro_inflow,0.2511828429747141
3,8,2030,hydro_inflow,0.2485886048408411
3,9,2030,hydro_inflow,0.24812357045761943
3,10,2030,hydro_inflow,0.24804130667110347
3,11,2030,hydro_inflow,0.2500953736988719
3,12,2030,hydro_inflow,0.24854849102561402
3,13,2030,hydro_inflow,0.24605666635258458
3,14,2030,hydro_inflow,0.24307250629260194
3,15,2030,hydro_inflow,0.2418379338909393
3,16,2030,hydro_inflow,0.24151502261191324
3,17,2030,hydro_inflow,0.23801031267408926
3,18,2030,hydro_inflow,0.24115573694280143
3,19,2030,hydro_inflow,0.24406762659266318
3,20,2030,hydro_inflow,0.24383069249647546
3,21,2030,hydro_inflow,0.24755511215973003
3,22,2030,hydro_inflow,0.2493718677906524
3,23,2030,hydro_inflow,0.250558041654504
3,24,2030,hydro_inflow,0.2485489527307342
3,1,2030,solar,0.0
3,2,2030,solar,0.0
3,3,2030,solar,0.0
3,4,2030,solar,0.0
3,5,2030,solar,0.0
3,6,2030,solar,0.0
3,7,2030,solar,0.0
3,8,2030,solar,0.0
3,9,2030,solar,0.09612381719397609
3,10,2030,solar,0.25296388961448824
3,11,2030,solar,0.4046406151152539
3,12,2030,solar,0.5097502800799186
3,13,2030,solar,0.5555357755580502
3,14,2030,solar,0.5315384618158633
3,15,2030,solar,0.45161494826422616
3,16,2030,solar,0.3072038785161273
3,17,2030,solar,0.13645275878154414
3,18,2030,solar,0.0
3,19,2030,solar,0.0
3,20,2030,solar,0.0
3,21,2030,solar,0.0
3,22,2030,solar,0.0
3,23,2030,solar,0.0
3,24,2030,solar,0.0
3,1,2030,wind_offshore,0.907841446884487
3,2,2030,wind_offshore,0.9071824415348932
3,3,2030,wind_offshore,0.9088608028694499
3,4,2030,wind_offshore,0.9141172359812054
3,5,2030,wind_offshore,0.9080033719301827
3,6,2030,wind_offshore,0.9101692788894455
3,7,2030,wind_offshore,0.9129715594690041
3,8,2030,wind_offshore,0.919992037211514
3,9,2030,wind_offshore,0.9103375544465023
3,10,2030,wind_offshore,0.9142871859803539
3,11,2030,wind_offshore,0.9109394926489243
3,12,2030,wind_offshore,0.9084750922114497
3,13,2030,wind_offshore,0.905012301821701
3,14,2030,wind_offshore,0.9237872356397214
3,15,2030,wind_offshore,0.9115128546766278
3,16,2030,wind_offshore,0.8972510406129572
3,17,2030,wind_offshore,0.8769752418551356
3,18,2030,wind_offshore,0.8687594970811314
3,19,2030,wind_offshore,0.8945465969887264
3,20,2030,wind_offshore,0.9064861814172909
3,21,2030,wind_offshore,0.8979552964500701
3,22,2030,wind_offshore,0.8919409794559698
3,23,2030,wind_offshore,0.8853295670224482
3,24,2030,wind_offshore,0.8806897812587617
3,1,2030,wind_onshore,0.3652098998955482
3,2,2030,wind_onshore,0.3749456530745427
3,3,2030,wind_onshore,0.38670433863400294
3,4,2030,wind_onshore,0.4087259115656689
3,5,2030,wind_onshore,0.42576180091466004
3,6,2030,wind_onshore,0.43621396389718253
3,7,2030,wind_onshore,0.45993907064223055
3,8,2030,wind_onshore,0.4700605991376478
3,9,2030,wind_onshore,0.4750259903011141
3,10,2030,wind_onshore,0.4659649042553714
3,11,2030,wind_onshore,0.45259437624287474
3,12,2030,wind_onshore,0.45938879543782696
3,13,2030,wind_onshore,0.45953767579543137
3,14,2030,wind_onshore,0.4579696124289327
3,15,2030,wind_onshore,0.4513726449704345
3,16,2030,wind_onshore,0.45216818026074435
3,17,2030,wind_onshore,0.43635739428817244
3,18,2030,wind_onshore,0.4647687353074023
3,19,2030,wind_onshore,0.4800946194779263
3,20,2030,wind_onshore,0.4910809642328194
3,21,2030,wind_onshore,0.4781267848268654
3,22,2030,wind_onshore,0.4558203774844397
3,23,2030,wind_onshore,0.43971987737420315
3,24,2030,wind_onshore,0.44315373900359495
4,1,2030,demand,0.498108872161819
4,2,2030,demand,0.5013065758502679
4,3,2030,demand,0.49597218504158797
4,4,2030,demand,0.49677473993701365
4,5,2030,demand,0.5126758845526209
4,6,2030,demand,0.5525469189160641
4,7,2030,demand,0.5881885592699126
4,8,2030,demand,0.6404416771218325
4,9,2030,demand,0.6610804314223151
4,10,2030,demand,0.6618521116482886
4,11,2030,demand,0.657629584567084
4,12,2030,demand,0.6567069319181521
4,13,2030,demand,0.6374849599874547
4,14,2030,demand,0.6126172389448498
4,15,2030,demand,0.6031614212742841
4,16,2030,demand,0.5891773557788978
4,17,2030,demand,0.5918173545345221
4,18,2030,demand,0.5937927433618891
4,19,2030,demand,0.6156324604566692
4,20,2030,demand,0.6327413120648941
4,21,2030,demand,0.6243287984674348
4,22,2030,demand,0.576288732160973
4,23,2030,demand,0.5395243208693706
4,24,2030,demand,0.5369777038604023
4,1,2030,hydro_inflow,0.292111395860299
4,2,2030,hydro_inflow,0.28622467797374096
4,3,2030,hydro_inflow,0.2861270186907135
4,4,2030,hydro_inflow,0.285885942663221
4,5,2030,hydro_inflow,0.29145911288899706
4,6,2030,hydro_inflow,0.28943974195565125
4,7,2030,hydro_inflow,0.29793113807292587
4,8,2030,hydro_inflow,0.2990229185331642
4,9,2030,hydro_inflow,0.3064122565510792
4,10,2030,hydro_inflow,0.3074547992710567
4,11,2030,hydro_inflow,0.30817808821533826
4,12,2030,hydro_inflow,0.3120496019839632
4,13,2030,hydro_inflow,0.3054995479857958
4,14,2030,hydro_inflow,0.30750771894963963
4,15,2030,hydro_inflow,0.3104999747490947
4,16,2030,hydro_inflow,0.3106203658787392
4,17,2030,hydro_inflow,0.31177686860575277
4,18,2030,hydro_inflow,0.31371089987387574
4,19,2030,hydro_inflow,0.31364205869548356
4,20,2030,hydro_inflow,0.31012361579933023
4,21,2030,hydro_inflow,0.31040689100153335
4,22,2030,hydro_inflow,0.3009663745339071
4,23,2030,hydro_inflow,0.3000769239161058
4,24,2030,hydro_inflow,0.2953488662773691
4,1,2030,solar,0.0
4,2,2030,solar,0.0
4,3,2030,solar,0.0
4,4,2030,solar,0.0
4,5,2030,solar,0.0
4,6,2030,solar,0.0
4,7,2030,solar,0.012779758030406681
4,8,2030,solar,0.14724607103508963
4,9,2030,solar,0.3285308025465033
4,10,2030,solar,0.4729796513280586
4,11,2030,solar,0.5882996772046685
4,12,2030,solar,0.666037900387635
4,13,2030,solar,0.6978335846683509
4,14,2030,solar,0.6835754898721692
4,15,2030,solar,0.5970109194829288
4,16,2030,solar,0.4849284149154995
4,17,2030,solar,0.3323016060633397
4,18,2030,solar,0.17477670980220283
4,19,2030,solar,0.052063138587000825
4,20,2030,solar,2.0459023259681003e-6
4,21,2030,solar,0.0
4,22,2030,solar,0.0
4,23,2030,solar,0.0
4,24,2030,solar,0.0
4,1,2030,wind_offshore,0.13772697463851594
4,2,2030,wind_offshore,0.08761091140574889
4,3,2030,wind_offshore,0.07196387758247454
4,4,2030,wind_offshore,0.06709892332266976
4,5,2030,wind_offshore,0.07178590718099671
4,6,2030,wind_offshore,0.09436358540370728
4,7,2030,wind_offshore,0.11266596537970938
4,8,2030,wind_offshore,0.10903476249240464
4,9,2030,wind_offshore,0.10891155348945757
4,10,2030,wind_offshore,0.09346979461749289
4,11,2030,wind_offshore,0.03914568140226776
4,12,2030,wind_offshore,0.018367388922032206
4,13,2030,wind_offshore,0.004047165033736054
4,14,2030,wind_offshore,0.0012665475242677113
4,15,2030,wind_offshore,0.009699372867534991
4,16,2030,wind_offshore,0.04478662487449557
4,17,2030,wind_offshore,0.08587866521196212
4,18,2030,wind_offshore,0.1115103932263169
4,19,2030,wind_offshore,0.13823731483124332
4,20,2030,wind_offshore,0.14643726359540116
4,21,2030,wind_offshore,0.12026808622879137
4,22,2030,wind_offshore,0.07938989823931543
4,23,2030,wind_offshore,0.030023973411032523
4,24,2030,wind_offshore,0.00845733655448421
4,1,2030,wind_onshore,0.04116817404961415
4,2,2030,wind_onshore,0.04406109501224901
4,3,2030,wind_onshore,0.046584932182867356
4,4,2030,wind_onshore,0.04585646245098604
4,5,2030,wind_onshore,0.044234187792156716
4,6,2030,wind_onshore,0.0448181429579659
4,7,2030,wind_onshore,0.051034224420098105
4,8,2030,wind_onshore,0.04644855752043454
4,9,2030,wind_onshore,0.05309192740247059
4,10,2030,wind_onshore,0.06575255243569038
4,11,2030,wind_onshore,0.06101365422375118
4,12,2030,wind_onshore,0.07601283224056998
4,13,2030,wind_onshore,0.0935852156103904
4,14,2030,wind_onshore,0.12089329121873552
4,15,2030,wind_onshore,0.16048843105605815
4,16,2030,wind_onshore,0.20348680295138188
4,17,2030,wind_onshore,0.240883258646999
4,18,2030,wind_onshore,0.2594274974429096
4,19,2030,wind_onshore,0.2622327061944085
4,20,2030,wind_onshore,0.25461392030827024
4,21,2030,wind_onshore,0.24645162281752583
4,22,2030,wind_onshore,0.24643893476139717
4,23,2030,wind_onshore,0.2266991941169424
4,24,2030,wind_onshore,0.23593165866698956
5,1,2030,demand,0.5137278028506469
5,2,2030,demand,0.49420312501862645
5,3,2030,demand,0.4888047676144434
5,4,2030,demand,0.4783019765634379
5,5,2030,demand,0.4926968701311552
5,6,2030,demand,0.5174392878779567
5,7,2030,demand,0.5612206702362651
5,8,2030,demand,0.6012377990365165
5,9,2030,demand,0.634120684732046
5,10,2030,demand,0.6569039174042424
5,11,2030,demand,0.6619812400980789
5,12,2030,demand,0.6592950582083196
5,13,2030,demand,0.6487251461661866
5,14,2030,demand,0.6393551407395389
5,15,2030,demand,0.6245436278108277
5,16,2030,demand,0.6154112145410661
5,17,2030,demand,0.6241747203661947
5,18,2030,demand,0.6426563912066395
5,19,2030,demand,0.6788556654221617
5,20,2030,demand,0.6897772091369418
5,21,2030,demand,0.6825074561121643
5,22,2030,demand,0.6367024812743479
5,23,2030,demand,0.5825503628369227
5,24,2030,demand,0.5604284422814457
5,1,2030,hydro_inflow,0.24596931611348283
5,2,2030,hydro_inflow,0.2492123621507964
5,3,2030,hydro_inflow,0.24710762008510673
5,4,2030,hydro_inflow,0.2479807471317613
5,5,2030,hydro_inflow,0.24939322059143443
5,6,2030,hydro_inflow,0.25034818194131075
5,7,2030,hydro_inflow,0.2467353474437555
5,8,2030,hydro_inflow,0.2487092511943602
5,9,2030,hydro_inflow,0.25377754744742764
5,10,2030,hydro_inflow,0.255804635916668
5,11,2030,hydro_inflow,0.25737833181806086
5,12,2030,hydro_inflow,0.26039610299435256
5,13,2030,hydro_inflow,0.2581918540532155
5,14,2030,hydro_inflow,0.2560413364597148
5,15,2030,hydro_inflow,0.25765153314656464
5,16,2030,hydro_inflow,0.25513944518713794
5,17,2030,hydro_inflow,0.25110907567340573
5,18,2030,hydro_inflow,0.25332125063630073
5,19,2030,hydro_inflow,0.2537440749533162
5,20,2030,hydro_inflow,0.25249506438330294
5,21,2030,hydro_inflow,0.2531627459108784
5,22,2030,hydro_inflow,0.25402600155874094
5,23,2030,hydro_inflow,0.25513210657911145
5,24,2030,hydro_inflow,0.25368022236731325
5,1,2030,solar,0.0
5,2,2030,solar,0.0
5,3,2030,solar,0.0
5,4,2030,solar,0.0
5,5,2030,solar,0.0
5,6,2030,solar,0.0
5,7,2030,solar,0.0
5,8,2030,solar,0.0
5,9,2030,solar,0.04622398068279715
5,10,2030,solar,0.14810989473300792
5,11,2030,solar,0.24179837788982375
5,12,2030,solar,0.3311764945381402
5,13,2030,solar,0.3727151953496687
5,14,2030,solar,0.34846379193671306
5,15,2030,solar,0.27703608891322595
5,16,2030,solar,0.18127547963428955
5,17,2030,solar,0.07877573369534693
5,18,2030,solar,0.0
5,19,2030,solar,0.0
5,20,2030,solar,0.0
5,21,2030,solar,0.0
5,22,2030,solar,0.0
5,23,2030,solar,0.0
5,24,2030,solar,0.0
5,1,2030,wind_offshore,0.5360707634590148
5,2,2030,wind_offshore,0.6274473216680148
5,3,2030,wind_offshore,0.6669967214619793
5,4,2030,wind_offshore,0.6858912861418976
5,5,2030,wind_offshore,0.6398833178827692
5,6,2030,wind_offshore,0.567631408942894
5,7,2030,wind_offshore,0.48125339393833877
5,8,2030,wind_offshore,0.4060479263773806
5,9,2030,wind_offshore,0.36020847342940077
5,10,2030,wind_offshore,0.3390472753975226
5,11,2030,wind_offshore,0.36898691725356075
5,12,2030,wind_offshore,0.3295302221007606
5,13,2030,wind_offshore,0.2719235563892759
5,14,2030,wind_offshore,0.20843258777022056
5,15,2030,wind_offshore,0.17292735474012935
5,16,2030,wind_offshore,0.1888403552091798
5,17,2030,wind_offshore,0.23052763402271975
5,18,2030,wind_offshore,0.25911809970690014
5,19,2030,wind_offshore,0.25271856688851624
5,20,2030,wind_offshore,0.2447118819228071
5,21,2030,wind_offshore,0.2376442242074588
5,22,2030,wind_offshore,0.252457892509136
5,23,2030,wind_offshore,0.25638168208623824
5,24,2030,wind_offshore,0.2670633849029242
5,1,2030,wind_onshore,0.4742143948450042
5,2,2030,wind_onshore,0.45999218665480895
5,3,2030,wind_onshore,0.4502770153428669
5,4,2030,wind_onshore,0.4412180732612291
5,5,2030,wind_onshore,0.42142814204199475
5,6,2030,wind_onshore,0.41969450270275205
5,7,2030,wind_onshore,0.4317236557651737
5,8,2030,wind_onshore,0.41531334332673964
5,9,2030,wind_onshore,0.41195811870720284
5,10,2030,wind_onshore,0.4143750087044302
5,11,2030,wind_onshore,0.39762358626509275
5,12,2030,wind_onshore,0.4161980575356653
5,13,2030,wind_onshore,0.4277939305256545
5,14,2030,wind_onshore,0.40650616671508993
5,15,2030,wind_onshore,0.3822144512591822
5,16,2030,wind_onshore,0.34020268780309776
5,17,2030,wind_onshore,0.3023952986893487
5,18,2030,wind_onshore,0.2906565065223422
5,19,2030,wind_onshore,0.29412609963992703
5,20,2030,wind_onshore,0.29674099062179526
5,21,2030,wind_onshore,0.2860021276606422
5,22,2030,wind_onshore,0.26730617715848154
5,23,2030,wind_onshore,0.22089551400338997
5,24,2030,wind_onshore,0.20476375115671253
6,1,2030,demand,0.5338756863299082
6,2,2030,demand,0.5199541807652385
6,3,2030,demand,0.49570346320191966
6,4,2030,demand,0.49147813503235327
6,5,2030,demand,0.4917414928106874
6,6,2030,demand,0.5165574689250095
6,7,2030,demand,0.5653124605806875
6,8,2030,demand,0.6073361500293016
6,9,2030,demand,0.6274483084066313
6,10,2030,demand,0.6369852876631019
6,11,2030,demand,0.6410478926703841
6,12,2030,demand,0.6391645770253475
6,13,2030,demand,0.633499268149895
6,14,2030,demand,0.6344259703236877
6,15,2030,demand,0.6095463075967756
6,16,2030,demand,0.5971260177438698
6,17,2030,demand,0.5969652576740833
6,18,2030,demand,0.6098292925820767
6,19,2030,demand,0.6377499506363155
6,20,2030,demand,0.6649445856786211
6,21,2030,demand,0.6664600641717778
6,22,2030,demand,0.6215300281985581
6,23,2030,demand,0.5752889285252496
6,24,2030,demand,0.5515523762833552
6,1,2030,hydro_inflow,0.5462630963241032
6,2,2030,hydro_inflow,0.5486170542839948
6,3,2030,hydro_inflow,0.5468049519843484
6,4,2030,hydro_inflow,0.5462503505011802
6,5,2030,hydro_inflow,0.5423539479725618
6,6,2030,hydro_inflow,0.5417471763877303
6,7,2030,hydro_inflow,0.5386465120607427
6,8,2030,hydro_inflow,0.5385547699185925
6,9,2030,hydro_inflow,0.5417268741072251
6,10,2030,hydro_inflow,0.5399721780105536
6,11,2030,hydro_inflow,0.5422055679628552
6,12,2030,hydro_inflow,0.5482629371323212
6,13,2030,hydro_inflow,0.5551624273421271
6,14,2030,hydro_inflow,0.5494316254651853
6,15,2030,hydro_inflow,0.5534741257851908
6,16,2030,hydro_inflow,0.5501175782170691
6,17,2030,hydro_inflow,0.5560059149046516
6,18,2030,hydro_inflow,0.5509828730206271
6,19,2030,hydro_inflow,0.5514006532305882
6,20,2030,hydro_inflow,0.5509463246206628
6,21,2030,hydro_inflow,0.5492868564490715
6,22,2030,hydro_inflow,0.5592332241962096
6,23,2030,hydro_inflow,0.5615376461889156
6,24,2030,hydro_inflow,0.5594603107874635
6,1,2030,solar,0.0
6,2,2030,solar,0.0
6,3,2030,solar,0.0
6,4,2030,solar,0.0
6,5,2030,solar,0.0
6,6,2030,solar,0.0
6,7,2030,solar,0.0
6,8,2030,solar,0.0
6,9,2030,solar,0.08200839747443316
6,10,2030,solar,0.24231733649972478
6,11,2030,solar,0.39023655856929373
6,12,2030,solar,0.49928503162079696
6,13,2030,solar,0.5518523612487403
6,14,2030,solar,0.5610300272890888
6,15,2030,solar,0.5126607155468225
6,16,2030,solar,0.39596615827102
6,17,2030,solar,0.22491530142409116
6,18,2030,solar,0.04376349251076568
6,19,2030,solar,0.0
6,20,2030,solar,0.0
6,21,2030,solar,0.0
6,22,2030,solar,0.0
6,23,2030,solar,0.0
6,24,2030,solar,0.0
6,1,2030,wind_offshore,0.8824262062829995
6,2,2030,wind_offshore,0.8997542207241678
6,3,2030,wind_offshore,0.8724978534839092
6,4,2030,wind_offshore,0.8722451877090323
6,5,2030,wind_offshore,0.8767838196401377
6,6,2030,wind_offshore,0.8872791114759111
6,7,2030,wind_offshore,0.8547074762589304
6,8,2030,wind_offshore,0.8132550137853365
6,9,2030,wind_offshore,0.8010379497464516
6,10,2030,wind_offshore,0.7881690254750957
6,11,2030,wind_offshore,0.845792214461641
6,12,2030,wind_offshore,0.8221760497391762
6,13,2030,wind_offshore,0.7829424546712525
6,14,2030,wind_offshore,0.7506780024971333
6,15,2030,wind_offshore,0.7720595959062514
6,16,2030,wind_offshore,0.7988500926719716
6,17,2030,wind_offshore,0.8289472472460521
6,18,2030,wind_offshore,0.8465268656432896
6,19,2030,wind_offshore,0.8667704890240314
6,20,2030,wind_offshore,0.8784306873056903
6,21,2030,wind_offshore,0.889574410557384
6,22,2030,wind_offshore,0.8870089525545586
6,23,2030,wind_offshore,0.902714711928429
6,24,2030,wind_offshore,0.8962023115576484
6,1,2030,wind_onshore,0.5597819074847306
6,2,2030,wind_onshore,0.5655307745609048
6,3,2030,wind_onshore,0.575343248020783
6,4,2030,wind_onshore,0.5662765771280301
6,5,2030,wind_onshore,0.5579687891337309
6,6,2030,wind_onshore,0.5438510678816103
6,7,2030,wind_onshore,0.5364658907857718
6,8,2030,wind_onshore,0.5410965982081047
6,9,2030,wind_onshore,0.5447325218799843
6,10,2030,wind_onshore,0.5368561127054904
6,11,2030,wind_onshore,0.5104631549973468
6,12,2030,wind_onshore,0.5201973526212217
6,13,2030,wind_onshore,0.5373877465973662
6,14,2030,wind_onshore,0.5387945022420523
6,15,2030,wind_onshore,0.5454687253922005
6,16,2030,wind_onshore,0.5329197572176712
6,17,2030,wind_onshore,0.5117511979324612
6,18,2030,wind_onshore,0.5346896465581492
6,19,2030,wind_onshore,0.556353356310906
6,20,2030,wind_onshore,0.5783120070994078
6,21,2030,wind_onshore,0.5979459400811977
6,22,2030,wind_onshore,0.5933262969440777
6,23,2030,wind_onshore,0.6101449428481464
6,24,2030,wind_onshore,0.6151561476585098
7,1,2030,demand,0.46798564912476015
7,2,2030,demand,0.45943007995935725
7,3,2030,demand,0.4635231072021908
7,4,2030,demand,0.4610207201545173
7,5,2030,demand,0.47962962596998104
7,6,2030,demand,0.5076433058362099
7,7,2030,demand,0.5459841887725103
7,8,2030,demand,0.5779352081002921
7,9,2030,demand,0.6022080480649429
7,10,2030,demand,0.6123883159088692
7,11,2030,demand,0.6245372283783931
7,12,2030,demand,0.6366262979792944
7,13,2030,demand,0.6395123753885973
7,14,2030,demand,0.6308398836429463
7,15,2030,demand,0.6185037385526566
7,16,2030,demand,0.6267869055285998
7,17,2030,demand,0.6184436170037516
7,18,2030,demand,0.6183056460919212
7,19,2030,demand,0.6198388327184622
7,20,2030,demand,0.6161264678495273
7,21,2030,demand,0.6056727705586245
7,22,2030,demand,0.5603730441572493
7,23,2030,demand,0.521383617855386
7,24,2030,demand,0.5265275765363522
7,1,2030,hydro_inflow,0.30960557328849103
7,2,2030,hydro_inflow,0.3073537357223067
7,3,2030,hydro_inflow,0.3068925355226962
7,4,2030,hydro_inflow,0.30474222583851557
7,5,2030,hydro_inflow,0.3054994657612226
7,6,2030,hydro_inflow,0.3064386851551307
7,7,2030,hydro_inflow,0.3084290859891543
7,8,2030,hydro_inflow,0.3060873904938297
7,9,2030,hydro_inflow,0.3082187270271541
7,10,2030,hydro_inflow,0.310458921124107
7,11,2030,hydro_inflow,0.30765059085004876
7,12,2030,hydro_inflow,0.30518578096146465
7,13,2030,hydro_inflow,0.3034192120480045
7,14,2030,hydro_inflow,0.3065510447483561
7,15,2030,hydro_inflow,0.3078132949082714
7,16,2030,hydro_inflow,0.3096300021389517
7,17,2030,hydro_inflow,0.3127326379403459
7,18,2030,hydro_inflow,0.3139526040050089
7,19,2030,hydro_inflow,0.3059967896912556
7,20,2030,hydro_inflow,0.30247105227598736
7,21,2030,hydro_inflow,0.2981452607680523
7,22,2030,hydro_inflow,0.2973293373895669
7,23,2030,hydro_inflow,0.2959243361130264
7,24,2030,hydro_inflow,0.29503796233360113
7,1,2030,solar,0.0
7,2,2030,solar,0.0
7,3,2030,solar,0.0
7,4,2030,solar,0.0
7,5,2030,solar,0.0
7,6,2030,solar,0.001165195395186505
7,7,2030,solar,0.05048397159296817
7,8,2030,solar,0.20799892706583104
7,9,2030,solar,0.37968687622373054
7,10,2030,solar,0.5204525115339589
7,11,2030,solar,0.6083937700540828
7,12,2030,solar,0.6718899093912559
7,13,2030,solar,0.6936636029963197
7,14,2030,solar,0.674264133682606
7,15,2030,solar,0.5962798420574914
7,16,2030,solar,0.4961397291837959
7,17,2030,solar,0.386308654235294
7,18,2030,solar,0.254540403349128
7,19,2030,solar,0.1080163286510886
7,20,2030,solar,0.006551550581450222
7,21,2030,solar,0.0
7,22,2030,solar,0.0
7,23,2030,solar,0.0
7,24,2030,solar,0.0
7,1,2030,wind_offshore,0.571803038121166
7,2,2030,wind_offshore,0.5192376176993834
7,3,2030,wind_offshore,0.46522079195789373
7,4,2030,wind_offshore,0.4043967206147394
7,5,2030,wind_offshore,0.3550110616619438
7,6,2030,wind_offshore,0.38355570938075373
7,7,2030,wind_offshore,0.45233746697207566
7,8,2030,wind_offshore,0.4636520845635512
7,9,2030,wind_offshore,0.41948701946108274
7,10,2030,wind_offshore,0.3550075135112984
7,11,2030,wind_offshore,0.29295628870993634
7,12,2030,wind_offshore,0.22569790885805766
7,13,2030,wind_offshore,0.17644159828261013
7,14,2030,wind_offshore,0.1542892938974269
7,15,2030,wind_offshore,0.14748894139769392
7,16,2030,wind_offshore,0.1803511225959059
7,17,2030,wind_offshore,0.265887997722777
7,18,2030,wind_offshore,0.36601220840173176
7,19,2030,wind_offshore,0.4615061205168437
7,20,2030,wind_offshore,0.5087574212818965
7,21,2030,wind_offshore,0.4914602257248614
7,22,2030,wind_offshore,0.48181237172357266
7,23,2030,wind_offshore,0.3871536589614933
7,24,2030,wind_offshore,0.4364402027321571
7,1,2030,wind_onshore,0.24985211040693595
7,2,2030,wind_onshore,0.22958121276377946
7,3,2030,wind_onshore,0.2149256072966119
7,4,2030,wind_onshore,0.19758977481800116
7,5,2030,wind_onshore,0.18731075303543215
7,6,2030,wind_onshore,0.18622774742974496
7,7,2030,wind_onshore,0.1905758775739686
7,8,2030,wind_onshore,0.20980624181658533
7,9,2030,wind_onshore,0.21970245091113563
7,10,2030,wind_onshore,0.21773291772736833
7,11,2030,wind_onshore,0.17056011869428983
7,12,2030,wind_onshore,0.1687026407523101
7,13,2030,wind_onshore,0.17080571411014833
7,14,2030,wind_onshore,0.1877656149653489
7,15,2030,wind_onshore,0.22090026079017794
7,16,2030,wind_onshore,0.2535223255663873
7,17,2030,wind_onshore,0.29204061849387875
7,18,2030,wind_onshore,0.31371864472332467
7,19,2030,wind_onshore,0.3032504950625532
7,20,2030,wind_onshore,0.27639062882519094
7,21,2030,wind_onshore,0.2686307232245415
7,22,2030,wind_onshore,0.24576772468242
7,23,2030,wind_onshore,0.1888829704752356
7,24,2030,wind_onshore,0.20257958740944385
8,1,2030,demand,0.48469553692522455
8,2,2030,demand,0.4813569595911372
8,3,2030,demand,0.4812113022725312
8,4,2030,demand,0.4824411063872836
8,5,2030,demand,0.4925160865174218
8,6,2030,demand,0.5185116440651748
8,7,2030,demand,0.5484220759173452
8,8,2030,demand,0.5769979679140225
8,9,2030,demand,0.6041315395224636
8,10,2030,demand,0.6254880223773748
8,11,2030,demand,0.6459346586907014
8,12,2030,demand,0.6517568270518395
8,13,2030,demand,0.6513062661091021
8,14,2030,demand,0.6419943763824164
8,15,2030,demand,0.6443811176283284
8,16,2030,demand,0.6475135065715482
8,17,2030,demand,0.6552897568420967
8,18,2030,demand,0.6480996418696744
8,19,2030,demand,0.6349451953343146
8,20,2030,demand,0.6342443463020739
8,21,2030,demand,0.6185381351376051
8,22,2030,demand,0.5699736713040037
8,23,2030,demand,0.5217111340429491
8,24,2030,demand,0.5180123858169804
8,1,2030,hydro_inflow,0.31834986585935626
8,2,2030,hydro_inflow,0.319091868061508
8,3,2030,hydro_inflow,0.3172491306972872
8,4,2030,hydro_inflow,0.31989618484749527
8,5,2030,hydro_inflow,0.32318258500419617
8,6,2030,hydro_inflow,0.3258930644712656
8,7,2030,hydro_inflow,0.3225105358075107
8,8,2030,hydro_inflow,0.31989013338680566
8,9,2030,hydro_inflow,0.3173867922022705
8,10,2030,hydro_inflow,0.31781074467748655
8,11,2030,hydro_inflow,0.3147691117856405
8,12,2030,hydro_inflow,0.31366808799194434
8,13,2030,hydro_inflow,0.32064164954179003
8,14,2030,hydro_inflow,0.32575302604791767
8,15,2030,hydro_inflow,0.32348805401103625
8,16,2030,hydro_inflow,0.32254661338274576
8,17,2030,hydro_inflow,0.32216292795564394
8,18,2030,hydro_inflow,0.3238906096435296
8,19,2030,hydro_inflow,0.3278640407345729
8,20,2030,hydro_inflow,0.33119845692433253
8,21,2030,hydro_inflow,0.33446951024430327
8,22,2030,hydro_inflow,0.3359775544364984
8,23,2030,hydro_inflow,0.3320913452770104
8,24,2030,hydro_inflow,0.32772954875562155
8,1,2030,solar,0.0
8,2,2030,solar,0.0
8,3,2030,solar,0.0
8,4,2030,solar,0.0
8,5,2030,solar,0.0
8,6,2030,solar,0.0009170305270555192
8,7,2030,solar,0.05083830435811777
8,8,2030,solar,0.19373545901152164
8,9,2030,solar,0.34501545191675376
8,10,2030,solar,0.46339635969447096
8,11,2030,solar,0.5488426017984722
8,12,2030,solar,0.6174262958572332
8,13,2030,solar,0.6307807284590434
8,14,2030,solar,0.607921318492729
8,15,2030,solar,0.5507610411316992
8,16,2030,solar,0.4435279646600868
8,17,2030,solar,0.3218518490325094
8,18,2030,solar,0.2115565519695233
8,19,2030,solar,0.09382334879925691
8,20,2030,solar,0.011151931097558554
8,21,2030,solar,0.0
8,22,2030,solar,0.0
8,23,2030,solar,0.0
8,24,2030,solar,0.0
8,1,2030,wind_offshore,0.8854757745283272
8,2,2030,wind_offshore,0.8801098969947492
8,3,2030,wind_offshore,0.9005249408066611
8,4,2030,wind_offshore,0.9027252895037032
8,5,2030,wind_offshore,0.906576786190698
8,6,2030,wind_offshore,0.9055558234916042
8,7,2030,wind_offshore,0.8840451905873732
8,8,2030,wind_offshore,0.8840085219588415
8,9,2030,wind_offshore,0.8885256367260173
8,10,2030,wind_offshore,0.8862853677522236
8,11,2030,wind_offshore,0.8491033972266556
8,12,2030,wind_offshore,0.8869136753345767
8,13,2030,wind_offshore,0.9026469302740233
8,14,2030,wind_offshore,0.9173113423404682
8,15,2030,wind_offshore,0.9094513647898878
8,16,2030,wind_offshore,0.8927615993842836
8,17,2030,wind_offshore,0.8916297003116089
8,18,2030,wind_offshore,0.8785412271406087
8,19,2030,wind_offshore,0.8849804506604674
8,20,2030,wind_offshore,0.8984153853911836
8,21,2030,wind_offshore,0.9093985647415627
8,22,2030,wind_offshore,0.9051503503951286
8,23,2030,wind_offshore,0.9121995434094146
8,24,2030,wind_offshore,0.8919408089933692
8,1,2030,wind_onshore,0.19328397594132146
8,2,2030,wind_onshore,0.1731210017119448
8,3,2030,wind_onshore,0.1646298808753056
8,4,2030,wind_onshore,0.15713432613581155
8,5,2030,wind_onshore,0.15369357435012493
8,6,2030,wind_onshore,0.15029130058556
8,7,2030,wind_onshore,0.14701466712126554
8,8,2030,wind_onshore,0.11964627263251112
8,9,2030,wind_onshore,0.11447633388825375
8,10,2030,wind_onshore,0.11270960836847523
8,11,2030,wind_onshore,0.11115245831550906
8,12,2030,wind_onshore,0.11666291423743701
8,13,2030,wind_onshore,0.13267055583689574
8,14,2030,wind_onshore,0.17137552025838346
8,15,2030,wind_onshore,0.21720824795602392
8,16,2030,wind_onshore,0.2566640735955028
8,17,2030,wind_onshore,0.29039838124451894
8,18,2030,wind_onshore,0.31898909760717475
8,19,2030,wind_onshore,0.3463986661020215
8,20,2030,wind_onshore,0.35265999257806924
8,21,2030,wind_onshore,0.3476013672002339
8,22,2030,wind_onshore,0.3306257190799595
8,23,2030,wind_onshore,0.28371553651192216
8,24,2030,wind_onshore,0.30498567424179834
