scenario,year,period,rep_period,weight
0,2030,1,144,1.0
0,2030,2,157,1.0
0,2030,3,37,1.0
0,2030,4,66,1.0
0,2030,5,146,1.0
0,2030,6,105,1.0
0,2030,7,63,1.0
0,2030,8,100,1.0
0,2030,9,173,1.0
0,2030,10,166,1.0
0,2030,11,11,0.04874693760413906
0,2030,11,12,0.06132035334892623
0,2030,11,18,0.01746293636459268
0,2030,11,24,0.07163361341399159
0,2030,11,26,0.06808968350937203
0,2030,11,34,0.013802947865723775
0,2030,11,36,0.019286583511615933
0,2030,11,50,0.010578420082467337
0,2030,11,67,0.029751271677293994
0,2030,11,89,0.013399448964149647
0,2030,11,91,0.031086073601691744
0,2030,11,94,0.06509089937243723
0,2030,11,137,0.02955449764888682
0,2030,11,144,0.0278682623759834
0,2030,11,160,0.599376935770841
0,2030,12,4,0.0651296340231254
0,2030,12,8,0.09145503367259289
0,2030,12,12,0.027453899678885656
0,2030,12,13,0.05493612330164367
0,2030,12,14,0.03422787150699413
0,2030,12,16,0.05923181108014759
0,2030,12,18,0.041006286729617106
0,2030,12,67,0.011882813559428784
0,2030,12,94,0.012911105012844844
0,2030,12,110,0.6906168503897105
0,2030,12,114,0.015782783097166343
0,2030,13,133,1.0
0,2030,14,43,1.0
0,2030,15,95,1.0
0,2030,16,5,0.04451053467733131
0,2030,16,12,0.10645585117389267
0,2030,16,16,0.038871442566655146
0,2030,16,19,0.023792240078376416
0,2030,16,26,0.03600685942537828
0,2030,16,34,0.015053539233629683
0,2030,16,36,0.03607570700851955
0,2030,16,50,0.011608631011395663
0,2030,16,58,0.7480660379984517
0,2030,16,67,0.06593039848607377
0,2030,16,89,0.041822798451864575
0,2030,16,137,0.027768006418229834
0,2030,17,94,1.0
0,2030,18,2,0.9967665841852535
0,2030,19,8,0.047971731829145124
0,2030,19,28,0.02185098910178197
0,2030,19,30,0.027368157019724053
0,2030,19,31,0.014975287145407606
0,2030,19,60,0.058426875650612456
0,2030,19,74,0.739216176816047
0,2030,19,80,0.06150593855674185
0,2030,19,114,0.031360860473395355
0,2030,19,141,0.034894208310889026
0,2030,19,167,0.04485641532540286
0,2030,20,74,0.999404001763503
0,2030,21,101,0.9977876238999864
0,2030,22,74,0.9959255997858217
0,2030,23,18,1.0
0,2030,24,24,1.0
0,2030,25,74,0.9059079751436556
0,2030,25,97,0.013133807509341866
0,2030,25,115,0.017219468305923608
0,2030,25,171,0.01040970211410861
0,2030,26,11,1.0
0,2030,27,125,1.0
0,2030,28,74,0.998596844274887
0,2030,29,50,0.9965905405979503
0,2030,30,4,1.0
0,2030,31,147,1.0
0,2030,32,32,1.0
0,2030,33,117,1.0
0,2030,34,98,0.9973971761792332
0,2030,35,25,1.0
0,2030,36,38,1.0
0,2030,37,97,1.0
0,2030,38,101,0.9967733099577959
0,2030,39,8,0.08496269552882338
0,2030,39,11,0.02192606177142764
0,2030,39,13,0.03851655199431685
0,2030,39,14,0.011745318419413084
0,2030,39,18,0.12480464344562307
0,2030,39,42,0.05453291174985614
0,2030,39,55,0.02529342994457157
0,2030,39,56,0.01736122387130727
0,2030,39,81,0.011896826952167632
0,2030,39,107,0.028803583235143752
0,2030,39,142,0.6365790417103738
0,2030,40,5,0.02086497469407519
0,2030,40,20,0.01921155006427868
0,2030,40,26,0.022330648622827232
0,2030,40,36,0.019462285080304825
0,2030,40,74,0.8549684636809447
0,2030,40,91,0.019236760430691495
0,2030,40,95,0.01359743296187212
0,2030,40,98,0.016801633096533493
0,2030,40,120,0.013332138918845682
0,2030,40,147,0.02606128841415358
0,2030,40,158,0.01649429734029375
0,2030,41,11,0.06389997425547947
0,2030,41,15,0.81637292378638
0,2030,41,18,0.010458442976776713
0,2030,41,126,0.025367588643552732
0,2030,41,137,0.01423837811908852
0,2030,41,144,0.011733102749268191
0,2030,42,21,1.0
0,2030,43,57,1.0
0,2030,44,142,1.0
0,2030,45,1,0.013634838219169556
0,2030,45,2,0.8358666099780973
0,2030,45,24,0.02525472022274564
0,2030,45,26,0.024522756621151734
0,2030,45,27,0.013942608254193405
0,2030,45,36,0.012610595673974774
0,2030,45,37,0.018203753747873527
0,2030,45,38,0.013479445328238158
0,2030,45,47,0.012625458141396918
0,2030,45,61,0.012337007500450282
0,2030,45,71,0.01275703925750985
0,2030,45,91,0.01501731802940171
0,2030,45,159,0.01891028375601766
0,2030,46,74,0.997355464438941
0,2030,47,4,0.08824948785581625
0,2030,47,17,0.04229243045329817
0,2030,47,24,0.024275341227698775
0,2030,47,27,0.12902687893328615
0,2030,47,37,0.012663962084498315
0,2030,47,62,0.6605656503642228
0,2030,47,63,0.03870097048066935
0,2030,47,89,0.022927483420598766
0,2030,47,96,0.054201013993916705
0,2030,47,133,0.017393783326819623
0,2030,48,45,1.0
0,2030,49,23,1.0
0,2030,50,149,0.9970303384352481
0,2030,51,62,0.996908785757896
0,2030,52,118,1.0
0,2030,53,104,1.0
0,2030,54,5,0.03427504969077456
0,2030,54,12,0.03399147388012974
0,2030,54,13,0.01537646224381596
0,2030,54,19,0.03675202680285688
0,2030,54,20,0.05159957691467148
0,2030,54,31,0.013080706254544435
0,2030,54,57,0.047889295303150295
0,2030,54,60,0.029322850544281527
0,2030,54,62,0.7285180835475689
0,2030,54,79,0.015213656758473205
0,2030,54,95,0.01108536961385655
0,2030,54,103,0.041060360118258234
0,2030,54,108,0.015435435909566645
0,2030,54,139,0.017373449782876096
0,2030,54,168,0.011199639710689114
0,2030,55,5,0.010400273227346485
0,2030,55,12,0.03854205391514907
0,2030,55,14,0.024248076219579175
0,2030,55,15,0.01592869493712912
0,2030,55,26,0.019326301072339184
0,2030,55,36,0.013133559461109768
0,2030,55,67,0.022343491370672784
0,2030,55,89,0.014826439891510829
0,2030,55,92,0.023953204498596673
0,2030,55,95,0.02055049331670861
0,2030,55,110,0.8420561977564781
0,2030,56,110,1.0
0,2030,57,110,0.9959187764804046
0,2030,58,150,1.0
0,2030,59,157,0.9991389650968384
0,2030,60,87,0.9984465169335497
0,2030,61,101,0.9948707749426654
0,2030,62,2,0.024984059034855427
0,2030,62,4,0.013727616510587709
0,2030,62,11,0.05784893093114094
0,2030,62,12,0.01203610996059961
0,2030,62,16,0.010720230191001538
0,2030,62,17,0.03356816416808685
0,2030,62,27,0.022395426783301167
0,2030,62,50,0.016912787583409295
0,2030,62,89,0.06784872880142467
0,2030,62,110,0.7805620674560728
0,2030,62,114,0.019592407830181558
0,2030,62,137,0.010748650221770737
0,2030,63,85,1.0
0,2030,64,142,0.9987056900183215
0,2030,65,96,1.0
0,2030,66,125,0.9963800454372932
0,2030,67,170,1.0
0,2030,68,62,0.9955476379003042
0,2030,69,11,0.9953989817309018
0,2030,70,47,1.0
0,2030,71,12,0.024086303647883243
0,2030,71,14,0.0166921342058177
0,2030,71,15,0.016818792343213856
0,2030,71,26,0.010399249966126746
0,2030,71,73,0.013975986418403058
0,2030,71,86,0.011223856289361086
0,2030,71,89,0.012452719969599258
0,2030,71,92,0.017112230723459944
0,2030,71,95,0.019446560526742276
0,2030,71,110,0.8365459227801958
0,2030,71,149,0.011004647880204025
0,2030,71,151,0.013275078069203741
0,2030,71,152,0.01465882135593154
0,2030,71,155,0.013087721101128182
0,2030,72,84,0.9972650563745546
0,2030,73,121,0.9977848470483508
0,2030,74,143,1.0
0,2030,75,4,0.037668693295704964
0,2030,75,8,0.04968589054124658
0,2030,75,9,0.011601189582956703
0,2030,75,12,0.028067109117249987
0,2030,75,16,0.0383632675946176
0,2030,75,67,0.034924540724409814
0,2030,75,165,0.7841382190716885
0,2030,76,62,0.9987022754978461
0,2030,77,177,1.0
0,2030,78,46,1.0
0,2030,79,175,0.9970704267423081
0,2030,80,177,0.9976088592944703
0,2030,81,7,0.05996126279471992
0,2030,81,22,0.043268140583295804
0,2030,81,29,0.012090350355695445
0,2030,81,51,0.13953677021216992
0,2030,81,54,0.09327140111927576
0,2030,81,118,0.6335822267776271
0,2030,81,150,0.0316376325180241
0,2030,81,162,0.011582944649377938
0,2030,81,179,0.01897992794388875
0,2030,82,70,1.0
0,2030,83,35,1.0
0,2030,84,62,1.0
0,2030,85,68,1.0
0,2030,86,41,1.0
0,2030,87,123,1.0
0,2030,88,80,1.0
0,2030,89,160,1.0
0,2030,90,62,0.9974252052216162
0,2030,91,62,0.9971776630550437
0,2030,92,51,1.0
0,2030,93,22,1.0
0,2030,94,122,0.9978050858417279
0,2030,95,164,1.0
0,2030,96,175,0.9979309899177462
0,2030,97,177,0.9736759227903145
0,2030,98,41,0.025045893243010275
0,2030,98,177,0.9638114393266136
0,2030,99,175,0.9981012870803938
0,2030,100,177,0.99817437768304
0,2030,101,175,0.9987090260544093
0,2030,102,62,0.9978735151904646
0,2030,103,101,0.9957761427159141
0,2030,104,110,0.997773406743117
0,2030,105,84,1.0
0,2030,106,84,0.996135208038912
0,2030,107,179,0.9985100567600579
0,2030,108,122,1.0
0,2030,109,39,1.0
0,2030,110,87,1.0
0,2030,111,138,1.0
0,2030,112,40,1.0
0,2030,113,135,1.0
0,2030,114,6,1.0
0,2030,115,111,1.0
0,2030,116,28,1.0
0,2030,117,86,1.0
0,2030,118,48,1.0
0,2030,119,54,1.0
0,2030,120,71,1.0
0,2030,121,44,1.0
0,2030,122,128,1.0
0,2030,123,65,1.0
0,2030,124,122,0.9977423013464168
0,2030,125,174,0.9988123926854812
0,2030,126,134,0.9992404803368256
0,2030,127,161,1.0
0,2030,128,98,1.0
0,2030,129,20,0.05546298061141196
0,2030,129,52,0.028209449744812858
0,2030,129,53,0.04720716890457818
0,2030,129,64,0.023088685521318552
0,2030,129,97,0.018407711813990705
0,2030,129,98,0.030382078116244056
0,2030,129,109,0.03210454503125048
0,2030,129,116,0.027191600119458256
0,2030,129,119,0.025553505136763438
0,2030,129,121,0.6635676760161598
0,2030,129,149,0.023367857962246795
0,2030,129,163,0.01034265801362417
0,2030,129,164,0.02186617153532583
0,2030,130,156,0.9985273823587983
0,2030,131,59,1.0
0,2030,132,29,1.0
0,2030,133,7,1.0
0,2030,134,129,1.0
0,2030,135,77,1.0
0,2030,136,55,1.0
0,2030,137,175,0.9961856299792194
0,2030,138,81,1.0
0,2030,139,179,1.0
0,2030,140,10,1.0
0,2030,141,62,0.010477804616596937
0,2030,141,149,0.016157198416286517
0,2030,141,169,0.9518297613961989
0,2030,142,4,0.021298754910393597
0,2030,142,6,0.05955923728835359
0,2030,142,7,0.041448290051549874
0,2030,142,29,0.03980742213759113
0,2030,142,31,0.7040231330850713
0,2030,142,63,0.03123397571551255
0,2030,142,111,0.07505126138778727
0,2030,143,93,1.0
0,2030,144,148,0.9977942019204407
0,2030,145,122,0.9982851470893715
0,2030,146,21,0.024146704654905385
0,2030,146,44,0.014304146772116052
0,2030,146,51,0.01106487187080729
0,2030,146,59,0.031797016510045656
0,2030,146,61,0.0133822000129134
0,2030,146,71,0.0263525244618474
0,2030,146,143,0.010489915675909239
0,2030,146,175,0.8616834938556104
0,2030,147,175,1.0
0,2030,148,6,0.019711846179718075
0,2030,148,9,0.03184291436898305
0,2030,148,12,0.019970721916421068
0,2030,148,16,0.016691174473721468
0,2030,148,19,0.036447668490568325
0,2030,148,30,0.017879033037520097
0,2030,148,68,0.7997268962396141
0,2030,148,83,0.011125914982671493
0,2030,148,108,0.018748487184304358
0,2030,148,113,0.04973552930851029
0,2030,148,141,0.018207273756684406
0,2030,149,167,1.0
0,2030,150,80,0.9978391060161396
0,2030,151,80,0.9977659185558017
0,2030,152,123,0.9984266027106616
0,2030,153,9,0.010519314725853879
0,2030,153,18,0.03351293647781289
0,2030,153,21,0.03764526815843049
0,2030,153,29,0.07840809352295443
0,2030,153,45,0.024253756032223517
0,2030,153,142,0.02172547844153622
0,2030,153,145,0.7640521606305947
0,2030,154,78,1.0
0,2030,155,6,0.03706121295871307
0,2030,155,7,0.016267165629441978
0,2030,155,13,0.0756704125860596
0,2030,155,19,0.021747516142077303
0,2030,155,20,0.06615764302395002
0,2030,155,28,0.025830287961454625
0,2030,155,35,0.020203520234404825
0,2030,155,45,0.010028120526545548
0,2030,155,49,0.0325808676654024
0,2030,155,57,0.08633683455448415
0,2030,155,69,0.043060354414326665
0,2030,155,145,0.6547380926448011
0,2030,156,84,0.9956979642167603
0,2030,157,62,0.9944662941359196
0,2030,158,73,0.9965179060529711
0,2030,159,62,0.9974778437109529
0,2030,160,4,0.019990007261912263
0,2030,160,11,0.03488150634241241
0,2030,160,18,0.019492406480962773
0,2030,160,29,0.011637817607105446
0,2030,160,62,0.8739114006795607
0,2030,160,114,0.01050064132042914
0,2030,160,144,0.015370743126596077
0,2030,161,172,1.0
0,2030,162,129,0.9966682764978121
0,2030,163,93,0.9961049415264313
0,2030,164,145,1.0
0,2030,165,6,0.012250400844894534
0,2030,165,13,0.017550715891530476
0,2030,165,14,0.018441477567619866
0,2030,165,19,0.018259095518368164
0,2030,165,28,0.03550673354133117
0,2030,165,31,0.03865014383918522
0,2030,165,35,0.01519023079082315
0,2030,165,48,0.012053148192356974
0,2030,165,57,0.01434108493724983
0,2030,165,60,0.011038571090484397
0,2030,165,69,0.028522692538640277
0,2030,165,80,0.02062760624856759
0,2030,165,141,0.023298276265658648
0,2030,165,167,0.011830118467549972
0,2030,165,175,0.7720308495780068
0,2030,166,62,0.9965013102158462
0,2030,167,102,1.0
0,2030,168,90,1.0
0,2030,169,112,1.0
0,2030,170,159,1.0
0,2030,171,13,0.010131727416551634
0,2030,171,27,0.011399168946567255
0,2030,171,112,0.9576900758161485
0,2030,172,120,1.0
0,2030,173,175,0.9954154610168956
0,2030,174,62,0.9957985570624728
0,2030,175,62,0.9973065608021906
0,2030,176,73,0.9977569007347787
0,2030,177,73,1.0
0,2030,178,163,1.0
0,2030,179,136,1.0
0,2030,180,1,1.0
0,2030,181,174,0.995262434080983
0,2030,182,174,1.0
0,2030,183,113,1.0
0,2030,184,166,0.9979437575364523
0,2030,185,167,0.9988725987659127
0,2030,186,165,1.0
0,2030,187,175,0.9971874259335879
0,2030,188,35,0.08432364462135532
0,2030,188,58,0.011318677270317695
0,2030,188,62,0.02760813182868532
0,2030,188,73,0.7883514058468664
0,2030,188,122,0.02636053538196419
0,2030,188,145,0.024292764947641217
0,2030,188,164,0.025876605758893466
0,2030,188,175,0.01064501779308674
0,2030,189,121,1.0
0,2030,190,122,0.9980705391661532
0,2030,191,76,0.9989963997018556
0,2030,192,82,1.0
0,2030,193,158,1.0
0,2030,194,58,0.995554443905391
0,2030,195,62,0.9957863623591047
0,2030,196,169,1.0
0,2030,197,5,0.01771936854885437
0,2030,197,20,0.025058059185471656
0,2030,197,35,0.030239473789083333
0,2030,197,49,0.019132140060859795
0,2030,197,79,0.015958388315053057
0,2030,197,104,0.011228693011687165
0,2030,197,108,0.8906514664953996
0,2030,197,120,0.012345371057029113
0,2030,198,108,1.0
0,2030,199,69,1.0
0,2030,200,153,0.9982618253775155
0,2030,201,159,0.9977849046100732
0,2030,202,14,0.1209337963448561
0,2030,202,28,0.06371084892643746
0,2030,202,38,0.02353885383108473
0,2030,202,48,0.06078276286151431
0,2030,202,95,0.07755095302437356
0,2030,202,97,0.0114315095754309
0,2030,202,167,0.7603941317844148
0,2030,203,62,0.9947162922186479
0,2030,204,73,0.9945780483806316
0,2030,205,153,1.0
0,2030,206,83,1.0
0,2030,207,1,0.01198472725759356
0,2030,207,14,0.010796282302032075
0,2030,207,20,0.02849598193702194
0,2030,207,28,0.018833216124299775
0,2030,207,31,0.01707356697375551
0,2030,207,35,0.015904842228403174
0,2030,207,38,0.01112272451805445
0,2030,207,48,0.0136345336424093
0,2030,207,57,0.012500870463454883
0,2030,207,69,0.03498409513628067
0,2030,207,95,0.013327953154555913
0,2030,207,97,0.018937054157201077
0,2030,207,108,0.010246633844756969
0,2030,207,161,0.015815691733629983
0,2030,207,169,0.82761051391078
0,2030,208,65,0.9993141986045497
0,2030,209,140,1.0
0,2030,210,141,1.0
0,2030,211,31,0.9966632288876665
0,2030,212,116,0.9964831391130123
0,2030,213,143,0.996837626316519
0,2030,214,31,0.9974973857261246
0,2030,215,116,1.0
0,2030,216,23,0.0172161589981901
0,2030,216,25,0.012111086987395448
0,2030,216,52,0.029312201998719783
0,2030,216,119,0.016890602340189693
0,2030,216,152,0.012121391602680116
0,2030,216,167,0.9057538693884932
0,2030,217,25,0.058570194561451135
0,2030,217,51,0.028575502650456046
0,2030,217,52,0.02181928286595906
0,2030,217,54,0.07931042556762642
0,2030,217,68,0.014328076560409783
0,2030,217,119,0.04839037923565764
0,2030,217,143,0.677698635498236
0,2030,217,151,0.06956275324454336
0,2030,217,163,0.02798183709419996
0,2030,217,169,0.03058992831189787
0,2030,218,108,0.9985106590052224
0,2030,219,159,0.9978604851717817
0,2030,220,5,0.01446377642243505
0,2030,220,6,0.02127957804029632
0,2030,220,8,0.012188252585716035
0,2030,220,13,0.0833663981639778
0,2030,220,19,0.044493821804814676
0,2030,220,20,0.044946170237992626
0,2030,220,31,0.026556977722519633
0,2030,220,57,0.06271000685661039
0,2030,220,60,0.02213290748374076
0,2030,220,69,0.019589629279850702
0,2030,220,116,0.01010235404404729
0,2030,220,165,0.7039732799531562
0,2030,221,73,0.9979294493279671
0,2030,222,151,1.0
0,2030,223,61,1.0
0,2030,224,31,1.0
0,2030,225,120,0.9953998545883859
0,2030,226,84,0.9932311800825007
0,2030,227,62,0.9966390677470757
0,2030,228,153,0.9971374105780109
0,2030,229,108,0.99801783409083
0,2030,230,31,0.9991843214094958
0,2030,231,135,0.9964519881883991
0,2030,232,122,0.9977443536339432
0,2030,233,2,0.019950757222013157
0,2030,233,4,0.012090232927444237
0,2030,233,11,0.01125543193284585
0,2030,233,16,0.01406284431642052
0,2030,233,17,0.011331191781710638
0,2030,233,18,0.026905978261472112
0,2030,233,114,0.01572624543525484
0,2030,233,165,0.8699049898351682
0,2030,234,145,0.9972144456721685
0,2030,235,145,0.9978791946750522
0,2030,236,6,0.03322477031454863
0,2030,236,9,0.047645539871317574
0,2030,236,12,0.04114959385765062
0,2030,236,16,0.017000360585959724
0,2030,236,19,0.09117916215151631
0,2030,236,24,0.016124442899506746
0,2030,236,27,0.03303013509353227
0,2030,236,36,0.010520739346553506
0,2030,236,45,0.03111495600138324
0,2030,236,57,0.031393793046972644
0,2030,236,100,0.023358735957427962
0,2030,236,145,0.6754523161456384
0,2030,237,167,0.997897817470694
0,2030,238,3,0.037151851089438574
0,2030,238,51,0.081027445709489
0,2030,238,62,0.020641404976779503
0,2030,238,84,0.016486553943626574
0,2030,238,124,0.7776165049298585
0,2030,238,162,0.020392401585312813
0,2030,238,172,0.03141778946323189
0,2030,238,175,0.014821833913397494
0,2030,238,177,0.015033894818978344
0,2030,239,165,0.9956554439033075
0,2030,240,84,0.9947975877139705
0,2030,241,62,0.9967248689450158
0,2030,242,62,0.9953453234094554
0,2030,243,73,0.996910518004509
0,2030,244,62,0.9986169422956447
0,2030,245,102,0.9988032995574513
0,2030,246,178,1.0
0,2030,247,139,0.9998521728592484
0,2030,248,56,1.0
0,2030,249,12,0.022369524340186273
0,2030,249,13,0.013829641863105037
0,2030,249,16,0.060094718026909646
0,2030,249,17,0.015868422376967097
0,2030,249,24,0.05011002660053611
0,2030,249,57,0.02468833081500402
0,2030,249,94,0.03602688591117073
0,2030,249,110,0.7118032514983417
0,2030,249,137,0.07609371352191764
0,2030,249,142,0.023446641844231016
0,2030,250,110,0.9978077637364267
0,2030,251,75,1.0
0,2030,252,58,1.0
0,2030,253,9,1.0
0,2030,254,176,1.0
0,2030,255,167,0.9972101836511716
0,2030,256,80,0.9961919841837571
0,2030,257,53,1.0
0,2030,258,51,0.061841884979781866
0,2030,258,53,0.09091489514094694
0,2030,258,54,0.012145129738135875
0,2030,258,109,0.05521798248043486
0,2030,258,121,0.7354936803456857
0,2030,258,162,0.015330602003923005
0,2030,258,177,0.04562603265140181
0,2030,259,10,0.05400513237803384
0,2030,259,22,0.01653545520420827
0,2030,259,40,0.17589123665667217
0,2030,259,58,0.08010480842186904
0,2030,259,71,0.044339800788315606
0,2030,259,121,0.4945545848277728
0,2030,259,128,0.03893614210304266
0,2030,259,129,0.017045975837508727
0,2030,259,138,0.025864678134621275
0,2030,260,6,0.0343385579819275
0,2030,260,63,0.012559495045284709
0,2030,260,70,0.01908796459830225
0,2030,260,76,0.8737449839938597
0,2030,260,111,0.03491666339985456
0,2030,260,136,0.01070309128541027
0,2030,260,139,0.010806053809657882
0,2030,260,157,0.0136532146117329
0,2030,261,115,1.0
0,2030,262,9,0.012230050252224971
0,2030,262,10,0.020912993011606023
0,2030,262,21,0.031052706746860226
0,2030,262,24,0.025419655729963977
0,2030,262,36,0.015674929221670925
0,2030,262,40,0.05550248329816813
0,2030,262,58,0.08263219329993335
0,2030,262,91,0.06934774816307175
0,2030,262,98,0.011945512326346617
0,2030,262,101,0.014334797898191831
0,2030,262,124,0.0417393304385824
0,2030,262,142,0.02688762216472655
0,2030,262,170,0.6060464230281507
0,2030,263,52,0.02302128487675135
0,2030,263,53,0.030136689053575767
0,2030,263,55,0.014084547544691725
0,2030,263,81,0.013995346024032065
0,2030,263,109,0.024553070114215505
0,2030,263,119,0.012159075192769715
0,2030,263,149,0.02780402603067531
0,2030,263,166,0.7662713114630358
0,2030,264,16,0.08024771390473841
0,2030,264,18,0.014580154442461345
0,2030,264,33,0.01056620557829656
0,2030,264,37,0.014922500440401889
0,2030,264,63,0.021359466388050526
0,2030,264,164,0.8252299418771203
0,2030,265,5,0.01997829677110412
0,2030,265,19,0.04447884735220071
0,2030,265,24,0.011695612676787386
0,2030,265,27,0.01538512409022342
0,2030,265,57,0.03197372485402688
0,2030,265,175,0.8064617757273137
0,2030,266,7,0.030718999796153258
0,2030,266,13,0.02623096484946359
0,2030,266,27,0.017618445687304064
0,2030,266,47,0.029126044590227766
0,2030,266,49,0.024360409012040944
0,2030,266,100,0.012421792983531386
0,2030,266,104,0.010798023734540129
0,2030,266,111,0.014120648175495278
0,2030,266,123,0.011364515080271205
0,2030,266,162,0.7742704409951545
0,2030,267,152,0.9976685198997087
0,2030,268,39,0.9962894300088974
0,2030,269,88,1.0
0,2030,270,135,0.9907483345264848
0,2030,271,148,1.0
0,2030,272,161,0.9790063428496385
0,2030,273,130,1.0
0,2030,274,156,1.0
0,2030,275,20,1.0
0,2030,276,171,0.9963076217653927
0,2030,277,169,0.9967284239765315
0,2030,278,64,1.0
0,2030,279,149,1.0
0,2030,280,162,1.0
0,2030,281,124,1.0
0,2030,282,99,1.0
0,2030,283,20,0.07970442076091401
0,2030,283,25,0.012301629665381059
0,2030,283,35,0.030749710920992476
0,2030,283,45,0.017126191627156322
0,2030,283,57,0.011187868228681596
0,2030,283,97,0.027888688627882616
0,2030,283,102,0.7577509373113812
0,2030,283,106,0.020197849609281223
0,2030,283,116,0.031247382400542315
0,2030,283,135,0.020275915154680038
0,2030,284,139,1.0
0,2030,285,134,1.0
0,2030,286,106,1.0
0,2030,287,119,1.0
0,2030,288,152,1.0
0,2030,289,6,0.010226055849708086
0,2030,289,20,0.030038041866000478
0,2030,289,22,0.014090902456885499
0,2030,289,28,0.01270081036838199
0,2030,289,31,0.015241692748867225
0,2030,289,35,0.030691372288094706
0,2030,289,41,0.010789707359366161
0,2030,289,69,0.019499257159820118
0,2030,289,106,0.020060468918743548
0,2030,289,113,0.014613974092815113
0,2030,289,120,0.014086636207879323
0,2030,289,122,0.01053657154263149
0,2030,289,149,0.7936960756315474
0,2030,290,3,1.0
0,2030,291,21,0.013454725071817955
0,2030,291,29,0.05303475436200847
0,2030,291,97,0.8728766800212988
0,2030,292,180,0.9970629153649132
0,2030,293,5,0.023058037428582027
0,2030,293,14,0.018365883054606673
0,2030,293,19,0.018668462529414617
0,2030,293,24,0.027690912332972824
0,2030,293,57,0.02139949541573169
0,2030,293,62,0.8140056960474515
0,2030,293,103,0.023638414896881215
0,2030,293,127,0.011407255245469077
0,2030,294,172,0.9979223103718566
0,2030,295,154,1.0
0,2030,296,10,0.9968050104225755
0,2030,297,74,0.9993871600125288
0,2030,298,30,1.0
0,2030,299,133,0.9977631470811542
0,2030,300,72,1.0
0,2030,301,101,1.0
0,2030,302,52,1.0
0,2030,303,76,1.0
0,2030,304,8,0.023279121665222287
0,2030,304,15,0.04598423445755072
0,2030,304,42,0.06351292469836413
0,2030,304,55,0.02761893294489167
0,2030,304,84,0.023814048034333322
0,2030,304,101,0.07873691335247415
0,2030,304,114,0.02564505107772833
0,2030,304,149,0.026253806464816003
0,2030,304,171,0.6444216999356205
0,2030,304,177,0.03905271017877742
0,2030,305,109,1.0
0,2030,306,9,0.03535269788122054
0,2030,306,16,0.010220701207054985
0,2030,306,21,0.018705669944420765
0,2030,306,25,0.019098146187334568
0,2030,306,33,0.013137213503084976
0,2030,306,52,0.061368289646124674
0,2030,306,55,0.014668417826167957
0,2030,306,60,0.6663159939615785
0,2030,306,68,0.023878290755352055
0,2030,306,109,0.04696997726108505
0,2030,306,119,0.04142367242281165
0,2030,306,162,0.010214035589177457
0,2030,307,107,1.0
0,2030,308,49,1.0
0,2030,309,3,0.10612960897174477
0,2030,309,8,0.03348490716876227
0,2030,309,14,0.03369033553426157
0,2030,309,30,0.027484178344850355
0,2030,309,32,0.08912637008834913
0,2030,309,42,0.021983620065512504
0,2030,309,67,0.04209156683437072
0,2030,309,76,0.01007970345083391
0,2030,309,163,0.6285704226540134
0,2030,310,132,1.0
0,2030,311,103,1.0
0,2030,312,155,1.0
0,2030,313,34,1.0
0,2030,314,19,1.0
0,2030,315,13,1.0
0,2030,316,8,0.04237633928403315
0,2030,316,14,0.08594465270729576
0,2030,316,15,0.028922889472877387
0,2030,316,17,0.04061982398855496
0,2030,316,32,0.011957533001894522
0,2030,316,52,0.01688736534855386
0,2030,316,72,0.057105346400479075
0,2030,316,77,0.010461070536824003
0,2030,316,142,0.6760188305134549
0,2030,316,149,0.034228041990154244
0,2030,316,155,0.011176595617769325
0,2030,316,177,0.012324065943799308
0,2030,317,146,0.9978980562562201
0,2030,318,33,1.0
0,2030,319,16,1.0
0,2030,320,27,1.0
0,2030,321,8,1.0
0,2030,322,42,1.0
0,2030,323,168,1.0
0,2030,324,6,0.030254982142477873
0,2030,324,15,0.8949947132898494
0,2030,324,16,0.013150340158826924
0,2030,324,18,0.01382504512196287
0,2030,324,19,0.03129866542270912
0,2030,324,29,0.02118113517851177
0,2030,324,63,0.023065759629582447
0,2030,324,105,0.014567289015839834
0,2030,324,111,0.01418253216936226
0,2030,325,8,0.019670110983141347
0,2030,325,11,0.020538615046156124
0,2030,325,12,0.027837775313453838
0,2030,325,14,0.030226938028525253
0,2030,325,19,0.037883190950755694
0,2030,325,26,0.03261397909926214
0,2030,325,34,0.012682559780155962
0,2030,325,48,0.024048216812778522
0,2030,325,59,0.01113302251636563
0,2030,325,60,0.03560303575478888
0,2030,325,95,0.012175028265131225
0,2030,325,101,0.7409828011895836
0,2030,325,112,0.010340504358526377
0,2030,325,131,0.0194578545598251
0,2030,325,157,0.025517995121675574
0,2030,326,126,1.0
0,2030,327,14,1.0
0,2030,328,180,1.0
0,2030,329,127,1.0
0,2030,330,10,0.039376434383048414
0,2030,330,24,0.06282736649185687
0,2030,330,28,0.023953872280865405
0,2030,330,33,0.6332621634348848
0,2030,330,35,0.02101920070322881
0,2030,330,66,0.048550269347853545
0,2030,330,91,0.03289116895818684
0,2030,330,97,0.04798899659562136
0,2030,330,98,0.012213329011594781
0,2030,330,127,0.02204538721414562
0,2030,330,147,0.014826588198922908
0,2030,331,6,0.026050742498321542
0,2030,331,19,0.019566679070137604
0,2030,331,21,0.010860848775517537
0,2030,331,22,0.010989786954725968
0,2030,331,39,0.024099932823777537
0,2030,331,41,0.03589953597373492
0,2030,331,44,0.02994482195200252
0,2030,331,59,0.03596451456680023
0,2030,331,61,0.01105282105971835
0,2030,331,92,0.7042005405878803
0,2030,331,113,0.012056891087973993
0,2030,331,134,0.011991144647696558
0,2030,331,135,0.020788188612392625
0,2030,331,154,0.016248699877540875
0,2030,331,174,0.01378323878769352
0,2030,332,121,0.9977838679588018
0,2030,333,60,1.0
0,2030,334,92,1.0
0,2030,335,15,1.0
0,2030,336,5,0.031838315729476714
0,2030,336,12,0.029363924310664726
0,2030,336,26,0.03315738650373859
0,2030,336,38,0.020135363001373988
0,2030,336,95,0.01881904938014086
0,2030,336,97,0.023757156799684258
0,2030,336,109,0.8252248392332835
0,2030,337,8,0.2172619809227051
0,2030,337,24,0.017904489560277695
0,2030,337,28,0.02927491596522036
0,2030,337,33,0.34556296893725325
0,2030,337,42,0.06159016309369708
0,2030,337,91,0.10926396002880713
0,2030,337,94,0.016978261514579953
0,2030,337,115,0.09825521290664685
0,2030,337,125,0.03050204872705642
0,2030,337,127,0.014349802050253229
0,2030,337,137,0.0360728458695581
0,2030,337,147,0.09036629669702373
0,2030,337,149,0.01534929892181926
0,2030,338,50,0.9952819520507946
0,2030,339,131,1.0
0,2030,340,5,1.0
0,2030,341,12,1.0
0,2030,342,26,1.0
0,2030,343,91,1.0
0,2030,344,173,0.9979378019069048
0,2030,345,8,0.1732000695100051
0,2030,345,12,0.010692317157908528
0,2030,345,16,0.0142591865685539
0,2030,345,34,0.035510530601299925
0,2030,345,42,0.03389257327101063
0,2030,345,67,0.08815372141721618
0,2030,345,96,0.6514976036072849
0,2030,345,151,0.0189779971794897
0,2030,346,171,1.0
0,2030,347,74,0.9949087193407846
0,2030,348,74,0.9948081647861191
0,2030,349,89,1.0
0,2030,350,79,1.0
0,2030,351,33,0.9980656167320514
0,2030,352,147,0.9970053782170095
0,2030,353,67,1.0
0,2030,354,36,1.0
0,2030,355,3,0.020915801647024966
0,2030,355,15,0.018576216246401527
0,2030,355,38,0.02271658067273887
0,2030,355,46,0.012709055630778428
0,2030,355,50,0.7116259754999088
0,2030,355,76,0.017481294394693862
0,2030,355,95,0.01917897484936262
0,2030,355,97,0.025183633058961492
0,2030,355,98,0.018796025244268832
0,2030,355,102,0.016210133372175525
0,2030,355,129,0.010293195509702256
0,2030,355,130,0.014797829070767984
0,2030,355,147,0.02927444353900801
0,2030,355,149,0.04325580310513363
0,2030,355,152,0.016615904953876336
0,2030,355,155,0.020277992852936827
0,2030,355,165,0.011616677833316609
0,2030,355,177,0.026698663567204843
0,2030,356,2,0.9978073473843551
0,2030,357,2,0.9980709499356655
0,2030,358,2,1.0
0,2030,359,114,1.0
0,2030,360,17,1.0
0,2030,361,50,1.0
0,2030,362,74,1.0
0,2030,363,137,1.0
0,2030,364,2,0.9011963047446115
0,2030,364,5,0.01551087589497324
0,2030,364,12,0.022372373804784178
0,2030,364,15,0.011656409952446755
0,2030,364,36,0.025601413828617817
0,2030,364,37,0.012558488713500708
0,2030,364,152,0.011349110334245181
0,2030,364,171,0.013149040803726498
0,2030,365,2,0.9981753596016575
1,2030,1,333,1.0
1,2030,2,325,1.0
1,2030,3,219,1.0
1,2030,4,225,1.0
1,2030,5,349,1.0
1,2030,6,307,1.0
1,2030,7,223,1.0
1,2030,8,280,1.0
1,2030,9,264,0.9953612776473618
1,2030,10,342,1.0
1,2030,11,181,0.03402922426746649
1,2030,11,194,0.051663030017189235
1,2030,11,198,0.016197327488503475
1,2030,11,205,0.01107546821979068
1,2030,11,207,0.035013779505198565
1,2030,11,216,0.02425923885563527
1,2030,11,221,0.01314870827075692
1,2030,11,252,0.03529896039121863
1,2030,11,253,0.027292978849802772
1,2030,11,256,0.016515585877510085
1,2030,11,268,0.02100076463019576
1,2030,11,297,0.026726697511172043
1,2030,11,311,0.022936775602876363
1,2030,11,312,0.03516063548473523
1,2030,11,315,0.657333005512738
1,2030,11,343,0.01325228443476748
1,2030,11,344,0.024451936129986404
1,2030,12,233,0.9945520623780443
1,2030,13,355,0.9980453795102717
1,2030,14,286,1.0
1,2030,15,284,1.0
1,2030,16,347,1.0
1,2030,17,315,1.0
1,2030,18,260,0.996921060098866
1,2030,19,182,0.023922644174927402
1,2030,19,184,0.012673921829392924
1,2030,19,191,0.029958322465774588
1,2030,19,217,0.10381289082150788
1,2030,19,227,0.11827898683868644
1,2030,19,233,0.042124223601924915
1,2030,19,241,0.17104429118455255
1,2030,19,243,0.055042684135724156
1,2030,19,257,0.042747870834721036
1,2030,19,318,0.08423805417784871
1,2030,19,357,0.4214966546082114
1,2030,19,360,0.016349770868398603
1,2030,20,184,0.02792787135544991
1,2030,20,200,0.06638687360245858
1,2030,20,211,0.014618561892238853
1,2030,20,256,0.014397627455078735
1,2030,20,260,0.7649012661595266
1,2030,20,261,0.02771845822501413
1,2030,20,302,0.026074235971095573
1,2030,20,303,0.026678560698542172
1,2030,20,320,0.03779923938311645
1,2030,20,354,0.01562484200058868
1,2030,21,243,0.9973694593842719
1,2030,22,183,0.020938666565799364
1,2030,22,187,0.0463571547916248
1,2030,22,191,0.022442411984620683
1,2030,22,192,0.04851963825777403
1,2030,22,200,0.024387157409884605
1,2030,22,231,0.067152857634316
1,2030,22,248,0.02065401804516957
1,2030,22,255,0.06875929356714278
1,2030,22,284,0.019626604073095768
1,2030,22,313,0.027328463905134028
1,2030,22,318,0.7165793231466983
1,2030,23,212,1.0
1,2030,24,235,1.0
1,2030,25,357,0.9991557035466812
1,2030,26,203,1.0
1,2030,27,330,1.0
1,2030,28,182,0.011471756212791413
1,2030,28,233,0.01537958011730885
1,2030,28,241,0.04728928518128809
1,2030,28,243,0.07877338515826525
1,2030,28,305,0.03235964277099757
1,2030,28,318,0.14867551283424174
1,2030,28,357,0.652208469547737
1,2030,29,182,0.9954185093867199
1,2030,30,183,1.0
1,2030,31,261,1.0
1,2030,32,211,1.0
1,2030,33,281,1.0
1,2030,34,303,1.0
1,2030,35,207,1.0
1,2030,36,208,1.0
1,2030,37,239,1.0
1,2030,38,243,0.9958449464323706
1,2030,39,189,0.0235174512065639
1,2030,39,191,0.09908333023982697
1,2030,39,203,0.01025413334662308
1,2030,39,212,0.1291926439832508
1,2030,39,229,0.03194693948216069
1,2030,39,246,0.07812448979622752
1,2030,39,255,0.010909588735378664
1,2030,39,259,0.024864452530217632
1,2030,39,288,0.015653333501257163
1,2030,39,298,0.016237696887679433
1,2030,39,306,0.6286287650164273
1,2030,40,357,1.0
1,2030,41,182,0.011943799275425437
1,2030,41,186,0.01659385500864292
1,2030,41,193,0.012798912340283866
1,2030,41,200,0.8811249435801238
1,2030,41,203,0.045356873638750315
1,2030,41,264,0.011814489530623657
1,2030,42,205,1.0
1,2030,43,275,1.0
1,2030,44,306,1.0
1,2030,45,260,0.9977575727951504
1,2030,46,187,0.03057025838966562
1,2030,46,195,0.01606873497434257
1,2030,46,200,0.04819286187628593
1,2030,46,231,0.03753646955019998
1,2030,46,248,0.06680752911646043
1,2030,46,255,0.11469214311455939
1,2030,46,260,0.01320864837460773
1,2030,46,261,0.02881333145475842
1,2030,46,318,0.677522556599588
1,2030,46,327,0.01039622168243145
1,2030,46,357,0.04232434339412416
1,2030,47,336,0.9953864130666105
1,2030,48,226,1.0
1,2030,49,198,1.0
1,2030,50,320,0.9978222208247769
1,2030,51,257,0.9981197998095204
1,2030,52,358,1.0
1,2030,53,317,1.0
1,2030,54,191,0.04235677733650548
1,2030,54,198,0.09605063197080467
1,2030,54,201,0.03565737916709388
1,2030,54,222,0.037068559844099215
1,2030,54,227,0.010556534726104422
1,2030,54,239,0.013553269431400117
1,2030,54,240,0.011386090011754835
1,2030,54,257,0.012770244685726989
1,2030,54,311,0.024986383693056637
1,2030,54,343,0.016161221726629083
1,2030,54,347,0.7342047878591816
1,2030,55,187,0.02338508753073995
1,2030,55,199,0.011070331261804256
1,2030,55,200,0.03742494143060053
1,2030,55,230,0.013616041635193624
1,2030,55,231,0.03171437823153285
1,2030,55,248,0.028387355174503286
1,2030,55,255,0.03150123071141021
1,2030,55,261,0.011602400515031615
1,2030,55,282,0.01073456951658117
1,2030,55,318,0.8322335233672227
1,2030,55,328,0.021048970218208944
1,2030,55,357,0.013781943012218864
1,2030,56,318,1.0
1,2030,57,318,0.9959956178168956
1,2030,58,245,1.0
1,2030,59,325,0.9991845752895249
1,2030,60,259,0.9975060375333564
1,2030,61,243,0.9946960439011424
1,2030,62,233,0.9967860770352527
1,2030,63,216,1.0
1,2030,64,233,0.9980188834066437
1,2030,65,223,0.9952294510482266
1,2030,66,359,1.0
1,2030,67,355,1.0
1,2030,68,257,0.9965613965113176
1,2030,69,301,1.0
1,2030,70,204,1.0
1,2030,71,318,0.9957349820739331
1,2030,72,320,0.9955256692098943
1,2030,73,334,0.9974946137868365
1,2030,74,326,1.0
1,2030,75,276,1.0
1,2030,76,320,0.9983829942409873
1,2030,77,320,1.0
1,2030,78,277,1.0
1,2030,79,183,0.013164683859137449
1,2030,79,192,0.03394384335768706
1,2030,79,195,0.04246072640007496
1,2030,79,198,0.024944522992672528
1,2030,79,204,0.014721915340765123
1,2030,79,223,0.01594432660048218
1,2030,79,257,0.8632642720366848
1,2030,79,267,0.012623711499807172
1,2030,79,280,0.013761153866114933
1,2030,79,317,0.017940957222430217
1,2030,80,257,0.999244069762977
1,2030,81,358,0.998867311139945
1,2030,82,252,1.0
1,2030,83,240,1.0
1,2030,84,182,0.04435588250476733
1,2030,84,197,0.01390945954752855
1,2030,84,204,0.016797618753762365
1,2030,84,215,0.02049438993229423
1,2030,84,236,0.023198099876010944
1,2030,84,257,0.8315333527095414
1,2030,84,260,0.016574841369737792
1,2030,84,349,0.024045311621516772
1,2030,85,256,1.0
1,2030,86,262,1.0
1,2030,87,344,1.0
1,2030,88,227,1.0
1,2030,89,311,1.0
1,2030,90,320,0.9973274771604531
1,2030,91,257,0.9985184690040104
1,2030,92,228,1.0
1,2030,93,312,1.0
1,2030,94,300,1.0
1,2030,95,343,1.0
1,2030,96,240,0.012335418227561153
1,2030,96,249,0.011341584836552303
1,2030,96,257,0.9245878561249975
1,2030,96,317,0.010305240018432546
1,2030,97,257,0.9998516817380295
1,2030,98,320,0.9958250852716968
1,2030,99,257,0.9991501223061883
1,2030,100,184,0.01661786839186728
1,2030,100,221,0.01145239949362741
1,2030,100,256,0.057952245972443646
1,2030,100,257,0.8170962695946803
1,2030,100,292,0.0212923415788981
1,2030,100,302,0.02196346643638789
1,2030,100,314,0.044517699260775916
1,2030,101,188,0.012137350021299646
1,2030,101,197,0.016961185646349596
1,2030,101,221,0.011530440421654272
1,2030,101,228,0.011083192017957398
1,2030,101,245,0.01067696288915917
1,2030,101,297,0.010402391249099852
1,2030,101,354,0.9204788402104473
1,2030,102,257,1.0
1,2030,103,243,0.9952903043361447
1,2030,104,290,0.022135256912401764
1,2030,104,302,0.0156223885631032
1,2030,104,303,0.011412110787053275
1,2030,104,318,0.8900790975556154
1,2030,105,305,1.0
1,2030,106,305,0.9969395369728272
1,2030,107,297,0.99831278681497
1,2030,108,337,1.0
1,2030,109,299,1.0
1,2030,110,189,0.013574717376138684
1,2030,110,333,0.01459712211743032
1,2030,110,360,0.939252669786264
1,2030,111,322,1.0
1,2030,112,244,1.0
1,2030,113,309,1.0
1,2030,114,234,1.0
1,2030,115,196,1.0
1,2030,116,201,1.0
1,2030,117,328,1.0
1,2030,118,224,1.0
1,2030,119,253,1.0
1,2030,120,265,1.0
1,2030,121,181,1.0
1,2030,122,295,1.0
1,2030,123,278,1.0
1,2030,124,318,0.025816548703575994
1,2030,124,331,0.9111131318480025
1,2030,125,335,0.9988591238322979
1,2030,126,216,0.015316118378125966
1,2030,126,321,0.9549638564732761
1,2030,127,316,1.0
1,2030,128,290,1.0
1,2030,129,185,0.06385283966901174
1,2030,129,222,0.049875708807997375
1,2030,129,238,0.03111329367460234
1,2030,129,250,0.016782663477269966
1,2030,129,290,0.01581992557081344
1,2030,129,292,0.046064195330971884
1,2030,129,302,0.012327868018349366
1,2030,129,303,0.0661123927978029
1,2030,129,310,0.010261476847617237
1,2030,129,329,0.03104974367943861
1,2030,129,334,0.6505008478758063
1,2030,129,343,0.025877760006471535
1,2030,129,354,0.018213431479039
1,2030,130,309,0.9991591786542985
1,2030,131,209,1.0
1,2030,132,188,1.0
1,2030,133,232,1.0
1,2030,134,350,1.0
1,2030,135,214,1.0
1,2030,136,229,1.0
1,2030,137,186,0.010833770394724255
1,2030,137,189,0.02440318581496113
1,2030,137,195,0.03451021523767681
1,2030,137,196,0.03569626411404136
1,2030,137,197,0.04118116802718499
1,2030,137,204,0.05841015897495045
1,2030,137,214,0.023476405515209985
1,2030,137,223,0.03335114088490545
1,2030,137,232,0.01615536232231759
1,2030,137,234,0.03483975802247789
1,2030,137,257,0.7647048197532991
1,2030,137,280,0.01089728319995317
1,2030,138,220,1.0
1,2030,139,297,1.0
1,2030,140,190,1.0
1,2030,141,239,0.01408141195143596
1,2030,141,314,0.9567030542972987
1,2030,142,309,0.999003333384436
1,2030,143,291,1.0
1,2030,144,272,0.9978754176954228
1,2030,145,337,0.9982632008452857
1,2030,146,279,1.0
1,2030,147,190,0.06469571695675098
1,2030,147,235,0.011461126019833151
1,2030,147,249,0.05185658789867583
1,2030,147,262,0.021587467428330356
1,2030,147,290,0.02215903261404863
1,2030,147,320,0.7976053942062704
1,2030,147,346,0.0342173874798991
1,2030,148,256,0.9961564821708563
1,2030,149,324,0.9973061948763128
1,2030,150,227,0.9975619219268579
1,2030,151,183,0.023288452337331157
1,2030,151,189,0.036957960957610975
1,2030,151,196,0.07811541238886587
1,2030,151,201,0.011711532823296037
1,2030,151,216,0.010824883368586299
1,2030,151,223,0.022451593452062563
1,2030,151,227,0.025729385168033237
1,2030,151,232,0.0995851174616125
1,2030,151,234,0.08050675797741769
1,2030,151,268,0.018511100640676896
1,2030,151,299,0.5972655424257172
1,2030,151,325,0.010872267342924945
1,2030,151,344,0.028131823556329316
1,2030,152,344,0.9990088300174816
1,2030,153,188,0.0833947627604736
1,2030,153,194,0.016429033809011225
1,2030,153,205,0.03810773919617387
1,2030,153,212,0.05397180088280325
1,2030,153,216,0.01343903613494911
1,2030,153,226,0.013860988022012372
1,2030,153,360,0.7261480673079153
1,2030,154,268,1.0
1,2030,155,185,0.08366083702378933
1,2030,155,189,0.08026325560189987
1,2030,155,201,0.06788651801681674
1,2030,155,232,0.026929418804625974
1,2030,155,234,0.028785304777075523
1,2030,155,240,0.03715540826279056
1,2030,155,267,0.04202626524534837
1,2030,155,273,0.01504226595203825
1,2030,155,275,0.07503799726288976
1,2030,155,360,0.6530716240504468
1,2030,156,305,0.9954889860031515
1,2030,157,305,0.996278837118251
1,2030,158,257,0.998261360070706
1,2030,159,182,0.016602977463525674
1,2030,159,187,0.041541284196816894
1,2030,159,195,0.012155517404197035
1,2030,159,215,0.023472515748338557
1,2030,159,231,0.018351935978214516
1,2030,159,248,0.03913008398000928
1,2030,159,257,0.8575891427121906
1,2030,160,189,0.017545670431220496
1,2030,160,195,0.012762195968438052
1,2030,160,197,0.04506218283471348
1,2030,160,203,0.01370024191731259
1,2030,160,204,0.012012279533523029
1,2030,160,233,0.022033845600038886
1,2030,160,241,0.04893280323901677
1,2030,160,248,0.01758329395711474
1,2030,160,257,0.7652490287712325
1,2030,160,260,0.036865773098055804
1,2030,160,333,0.012937400301677105
1,2030,161,322,0.9978861460046333
1,2030,162,351,1.0
1,2030,163,270,0.9983093225308333
1,2030,164,360,1.0
1,2030,165,360,0.9974476000099379
1,2030,166,257,0.9985643987883667
1,2030,167,302,1.0
1,2030,168,285,1.0
1,2030,169,218,0.9988419664394361
1,2030,170,323,1.0
1,2030,171,338,0.9989744511682155
1,2030,172,249,1.0
1,2030,173,266,0.9988913196777119
1,2030,174,257,0.9963709249234144
1,2030,175,243,0.9972919789460866
1,2030,176,182,0.12188693528456465
1,2030,176,197,0.012027316316420754
1,2030,176,200,0.01010324239040963
1,2030,176,233,0.03828600170493261
1,2030,176,236,0.02305414717076084
1,2030,176,241,0.010826573483263479
1,2030,176,243,0.015511877757618255
1,2030,176,260,0.04209079775680031
1,2030,176,266,0.7178439533556826
1,2030,177,200,0.9970804503204219
1,2030,178,304,1.0
1,2030,179,338,1.0
1,2030,180,218,1.0
1,2030,181,335,1.0001742644491776
1,2030,182,335,1.0
1,2030,183,289,1.0
1,2030,184,205,0.034025058847819284
1,2030,184,228,0.01550531086391095
1,2030,184,256,0.01771846024024945
1,2030,184,279,0.013140915501163168
1,2030,184,283,0.01912585955281823
1,2030,184,314,0.06019675726799003
1,2030,184,342,0.7880204006742032
1,2030,185,331,0.9994477301538001
1,2030,186,276,0.9995748982965247
1,2030,187,181,0.03890380874438023
1,2030,187,266,0.8880220874991921
1,2030,187,279,0.010663123250626544
1,2030,187,300,0.016898443165111052
1,2030,187,312,0.015735644364393817
1,2030,187,337,0.012313311094164218
1,2030,187,343,0.012680465460210283
1,2030,188,302,0.9978967685431482
1,2030,189,334,1.0
1,2030,190,331,1.0
1,2030,191,345,0.9971254133007889
1,2030,192,283,1.0
1,2030,193,346,1.0
1,2030,194,359,0.9966624600032488
1,2030,195,257,0.9974781478225915
1,2030,196,314,1.0
1,2030,197,348,1.0
1,2030,198,237,1.0
1,2030,199,185,0.09498729827321346
1,2030,199,192,0.10467940385965066
1,2030,199,201,0.10463378200348582
1,2030,199,218,0.011601912569234691
1,2030,199,224,0.04916552129743337
1,2030,199,232,0.012419862759857101
1,2030,199,237,0.02183882662862933
1,2030,199,238,0.013483214328794535
1,2030,199,240,0.013289792778503676
1,2030,199,249,0.5413382025063027
1,2030,199,275,0.062163438901696344
1,2030,199,284,0.010857567005891846
1,2030,199,287,0.10190136688439264
1,2030,199,316,0.02440693073912325
1,2030,199,348,0.06363308579489793
1,2030,200,230,0.9977827896353155
1,2030,201,339,0.9976203882660396
1,2030,202,331,0.9992804735484851
1,2030,203,257,0.9950113218282737
1,2030,204,266,0.9964725259951714
1,2030,205,230,1.0
1,2030,206,247,1.0
1,2030,207,185,0.032110825532648865
1,2030,207,201,0.01598258324412205
1,2030,207,208,0.01017884136282792
1,2030,207,218,0.015240520329944326
1,2030,207,224,0.01154877726169429
1,2030,207,239,0.02260106042963071
1,2030,207,240,0.017382637416319124
1,2030,207,275,0.020294417786431155
1,2030,207,284,0.011456123774908194
1,2030,207,287,0.016604975084367344
1,2030,207,314,0.8377372214536561
1,2030,207,316,0.014281741373703192
1,2030,207,348,0.018812036732057138
1,2030,208,278,0.9993927762263645
1,2030,209,251,1.0
1,2030,210,274,1.0
1,2030,211,331,0.9994207665479918
1,2030,212,351,0.9987072105987923
1,2030,213,326,0.9974144784719985
1,2030,214,331,0.9998822339482136
1,2030,215,238,1.0
1,2030,216,324,0.9973188243556487
1,2030,217,207,0.05857793437105085
1,2030,217,228,0.04718495668037468
1,2030,217,250,0.014608884025668014
1,2030,217,253,0.0710196123064209
1,2030,217,256,0.01557818749211757
1,2030,217,282,0.04541531691055011
1,2030,217,292,0.039746076351456515
1,2030,217,314,0.04367962603296971
1,2030,217,326,0.6800519529105431
1,2030,218,203,0.010869060996863222
1,2030,218,228,0.023059711726081813
1,2030,218,264,0.01261654551709523
1,2030,218,301,0.01747022169508229
1,2030,218,348,0.8904740876688602
1,2030,219,323,0.9980820149682179
1,2030,220,191,0.04519892139460963
1,2030,220,201,0.01564019091108219
1,2030,220,203,0.013382278964525141
1,2030,220,223,0.01479542868238264
1,2030,220,227,0.03875613197641902
1,2030,220,241,0.040964180446252496
1,2030,220,249,0.6840365794492816
1,2030,220,254,0.08467196587188044
1,2030,220,274,0.010394823278620142
1,2030,220,287,0.011811021515409626
1,2030,220,288,0.022435864503446885
1,2030,220,315,0.010492348412008204
1,2030,220,342,0.018331482876966988
1,2030,221,266,1.0
1,2030,222,282,1.0
1,2030,223,263,1.0
1,2030,224,287,1.0
1,2030,225,249,0.9949274502409099
1,2030,226,266,0.9942948670585635
1,2030,227,320,0.9968874069357838
1,2030,228,230,0.9952324741300442
1,2030,229,339,1.0
1,2030,230,335,0.999864165018262
1,2030,231,274,0.9987795984575754
1,2030,232,331,0.999243487538351
1,2030,233,276,0.998265880765105
1,2030,234,360,0.9980757989879941
1,2030,235,187,0.05732391575119765
1,2030,235,199,0.028950068960104748
1,2030,235,200,0.025655024351834723
1,2030,235,230,0.018811780699392013
1,2030,235,231,0.03374151331730081
1,2030,235,248,0.08365908249268238
1,2030,235,255,0.01696807989592473
1,2030,235,360,0.7665791383560374
1,2030,236,270,0.9972822946008797
1,2030,237,181,0.014336263354819901
1,2030,237,196,0.025659101034525508
1,2030,237,232,0.013735787873528913
1,2030,237,234,0.0167264463386488
1,2030,237,252,0.022511976581951487
1,2030,237,312,0.017425701439953294
1,2030,237,351,0.894890155631215
1,2030,238,276,0.9980622712837647
1,2030,239,276,0.9954715780812664
1,2030,240,243,0.9930010656875569
1,2030,241,266,0.9985644717759777
1,2030,242,257,0.9973692296944366
1,2030,243,266,0.9135399621722414
1,2030,243,305,0.020192910900973263
1,2030,243,318,0.0352762414873755
1,2030,244,257,0.9992168314449364
1,2030,245,302,0.9990249986187728
1,2030,246,324,1.0
1,2030,247,242,0.9997853267905552
1,2030,248,259,1.0
1,2030,249,318,0.9978663357376275
1,2030,250,318,0.9970488091251188
1,2030,251,221,1.0
1,2030,252,213,1.0
1,2030,253,194,1.0
1,2030,254,353,1.0
1,2030,255,270,1.0
1,2030,256,227,0.9964782855110663
1,2030,257,222,1.0
1,2030,258,222,0.09790727871000127
1,2030,258,228,0.07389484399624235
1,2030,258,229,0.025196502145601863
1,2030,258,277,0.01130887476461721
1,2030,258,292,0.013407360263013247
1,2030,258,320,0.05120921985420056
1,2030,258,334,0.7050257339226085
1,2030,259,184,0.053888024196400035
1,2030,259,203,0.018954646510893933
1,2030,259,209,0.06935320751385833
1,2030,259,211,0.046393838681297185
1,2030,259,228,0.05943937707004844
1,2030,259,244,0.6059550830478951
1,2030,259,283,0.021627165023517147
1,2030,259,299,0.024652602887667255
1,2030,259,301,0.02721534542399747
1,2030,260,345,0.9979168262373148
1,2030,261,271,1.0
1,2030,262,194,0.029030502246154347
1,2030,262,205,0.08205164797495575
1,2030,262,209,0.029605774010720353
1,2030,262,213,0.024324689687103503
1,2030,262,244,0.030835231862692755
1,2030,262,256,0.036654989544619335
1,2030,262,262,0.06643708755638082
1,2030,262,279,0.030115675454920755
1,2030,262,299,0.043069172046554666
1,2030,262,314,0.025083504474226293
1,2030,262,357,0.6641236259947197
1,2030,263,183,0.06281940170320917
1,2030,263,186,0.05941733455467206
1,2030,263,189,0.03575787788602029
1,2030,263,193,0.02488955102468512
1,2030,263,197,0.022153721075703955
1,2030,263,223,0.038907683972364625
1,2030,263,234,0.01983246024344957
1,2030,263,351,0.7142126484610236
1,2030,264,360,0.9986603165402127
1,2030,265,188,0.03581398113639259
1,2030,265,196,0.01307498978686718
1,2030,265,223,0.031125121443557897
1,2030,265,234,0.012826241321611597
1,2030,265,354,0.8339512548603911
1,2030,266,334,0.9976878386826366
1,2030,267,300,0.9984080609095923
1,2030,268,299,0.9972559691666159
1,2030,269,269,1.0
1,2030,270,309,0.9994525376316782
1,2030,271,272,1.0
1,2030,272,293,1.0
1,2030,273,308,1.0
1,2030,274,356,1.0
1,2030,275,185,1.0
1,2030,276,354,0.9968594296447107
1,2030,277,189,0.03901670436011388
1,2030,277,191,0.06580201247260474
1,2030,277,197,0.02032550885264085
1,2030,277,233,0.03839299629752919
1,2030,277,243,0.022607979928251126
1,2030,277,314,0.7533399308857531
1,2030,277,355,0.013281393802400385
1,2030,277,357,0.030691127328403466
1,2030,278,345,1.0
1,2030,279,200,0.2098286515142265
1,2030,279,256,0.050031807883701644
1,2030,279,302,0.05265588642043054
1,2030,279,320,0.09088568689793769
1,2030,279,354,0.6059017010550893
1,2030,280,184,0.06991733117636885
1,2030,280,207,0.12681859548433258
1,2030,280,222,0.020016841805975443
1,2030,280,228,0.17211115195665255
1,2030,280,246,0.01797540941839592
1,2030,280,253,0.013049206442831276
1,2030,280,283,0.012240264492257286
1,2030,280,292,0.03221296224810843
1,2030,280,334,0.5352866556694462
1,2030,281,296,1.0
1,2030,282,310,1.0
1,2030,283,185,0.0627308811971292
1,2030,283,202,0.01667844499293737
1,2030,283,226,0.02479097422297205
1,2030,283,239,0.013884556619406628
1,2030,283,240,0.019166514911980993
1,2030,283,273,0.025591287507189666
1,2030,283,302,0.8567877035119491
1,2030,283,347,0.010576406110256016
1,2030,284,242,1.0
1,2030,285,321,1.0
1,2030,286,273,1.0
1,2030,287,292,1.0
1,2030,288,258,1.0
1,2030,289,354,1.0
1,2030,290,184,1.0
1,2030,291,300,0.9989133698702418
1,2030,292,184,0.01417813916748973
1,2030,292,186,0.0432892544862115
1,2030,292,191,0.011516339162152528
1,2030,292,206,0.034300245172024436
1,2030,292,209,0.03358042178591469
1,2030,292,254,0.07499402739925166
1,2030,292,271,0.02096282425156068
1,2030,292,302,0.8009298439321308
1,2030,293,257,0.998136551232057
1,2030,294,200,0.043336356251507835
1,2030,294,203,0.02052409972707035
1,2030,294,205,0.05438217674187274
1,2030,294,211,0.061798432685716304
1,2030,294,222,0.5762544025777018
1,2030,294,248,0.049175964620230876
1,2030,294,256,0.0868202629018798
1,2030,294,302,0.016830991364810678
1,2030,294,320,0.01165208206892938
1,2030,295,319,1.0
1,2030,296,359,0.9976354366672217
1,2030,297,357,0.9995164519381968
1,2030,298,217,1.0
1,2030,299,188,0.0471756566516239
1,2030,299,194,0.04368778964718756
1,2030,299,205,0.06708574320058026
1,2030,299,221,0.028077418680152275
1,2030,299,228,0.04387625409415935
1,2030,299,244,0.04344196414826008
1,2030,299,252,0.01273729576022847
1,2030,299,256,0.09364112115794818
1,2030,299,269,0.01029962303972794
1,2030,299,306,0.5779618530175926
1,2030,299,314,0.08109980581236738
1,2030,300,294,1.0
1,2030,301,243,1.0
1,2030,302,250,1.0
1,2030,303,345,0.9980263361963512
1,2030,304,347,0.996279944302165
1,2030,305,329,0.9985461842919655
1,2030,306,342,0.9971757227912017
1,2030,307,288,1.0
1,2030,308,267,1.0
1,2030,309,341,1.0
1,2030,310,308,0.9990444373449157
1,2030,311,340,1.0
1,2030,312,332,1.0
1,2030,313,206,1.0
1,2030,314,186,1.0
1,2030,315,189,1.0
1,2030,316,306,0.996912724619296
1,2030,317,349,0.9982832573584287
1,2030,318,210,1.0
1,2030,319,193,1.0
1,2030,320,195,1.0
1,2030,321,191,1.0
1,2030,322,246,1.0
1,2030,323,313,1.0
1,2030,324,336,1.0
1,2030,325,186,0.0341791013035848
1,2030,325,187,0.016890152993684564
1,2030,325,191,0.013910591282470252
1,2030,325,192,0.04336008973404263
1,2030,325,199,0.02109984890951382
1,2030,325,224,0.024927401462401987
1,2030,325,243,0.7699429337869339
1,2030,325,254,0.03929499425727224
1,2030,325,281,0.02253742997844018
1,2030,325,284,0.018414447609331377
1,2030,325,325,0.026866231633400843
1,2030,326,264,1.0
1,2030,327,192,1.0
1,2030,328,328,0.9979267101064496
1,2030,329,327,1.0
1,2030,330,190,0.0454238072875092
1,2030,330,210,0.6526393690905551
1,2030,330,225,0.0292587970379914
1,2030,330,235,0.06205487183532464
1,2030,330,236,0.05511303832391332
1,2030,330,239,0.04933492134747072
1,2030,330,240,0.01643867302856413
1,2030,330,249,0.010764557250594671
1,2030,330,261,0.025566984097323518
1,2030,330,290,0.025986995376738722
1,2030,330,327,0.0351955530845011
1,2030,331,181,0.02681559342116034
1,2030,331,186,0.030741420878735187
1,2030,331,209,0.027987208286166035
1,2030,331,234,0.02210064696335177
1,2030,331,255,0.730404054790277
1,2030,331,262,0.025244187426733667
1,2030,331,263,0.013058009346565808
1,2030,331,289,0.012998495924309275
1,2030,331,299,0.015916009476935916
1,2030,331,309,0.016168073161808707
1,2030,331,319,0.01351067166547577
1,2030,331,321,0.01031658568787148
1,2030,331,323,0.015620694673568674
1,2030,331,339,0.011107376442166599
1,2030,331,356,0.011108539450354995
1,2030,332,334,0.9975410188303864
1,2030,333,254,1.0
1,2030,334,255,1.0
1,2030,335,200,1.0
1,2030,336,329,1.0
1,2030,337,182,0.03634949113770107
1,2030,337,191,0.2119852121531942
1,2030,337,201,0.04179873528678405
1,2030,337,210,0.3290997045051968
1,2030,337,236,0.14793146703441
1,2030,337,239,0.02836736746736695
1,2030,337,241,0.01901224403187736
1,2030,337,243,0.033121050672404194
1,2030,337,246,0.04747094733683852
1,2030,337,261,0.06832894554616116
1,2030,337,271,0.04605885692993816
1,2030,337,315,0.021993313974823476
1,2030,337,327,0.029761414741314808
1,2030,338,182,0.9956009920662374
1,2030,339,298,1.0
1,2030,340,202,1.0
1,2030,341,187,1.0
1,2030,342,199,1.0
1,2030,343,236,1.0
1,2030,344,193,0.994781119894804
1,2030,345,193,0.9959911159303456
1,2030,346,182,0.04544062593956182
1,2030,346,186,0.09426712044465012
1,2030,346,187,0.02790044631974221
1,2030,346,202,0.04498673492681907
1,2030,346,215,0.05243162568064895
1,2030,346,235,0.022234239315047616
1,2030,346,261,0.731615446282888
1,2030,346,275,0.07636470451006451
1,2030,347,357,0.9972507206792567
1,2030,348,357,0.9962202100640446
1,2030,349,248,1.0
1,2030,350,352,1.0
1,2030,351,182,0.012341532902538801
1,2030,351,187,0.049167507891284754
1,2030,351,191,0.11421376388777962
1,2030,351,199,0.06545678331644571
1,2030,351,200,0.08795542770975004
1,2030,351,210,0.4541867948979151
1,2030,351,211,0.012677668720776159
1,2030,351,231,0.07979811554046343
1,2030,351,239,0.015261394307729943
1,2030,351,246,0.02125612407043155
1,2030,351,255,0.02599876004662835
1,2030,351,261,0.036470684411255054
1,2030,351,271,0.021286728707677293
1,2030,351,277,0.024152867229903393
1,2030,351,284,0.01282313584596249
1,2030,351,329,0.014571795187202866
1,2030,352,195,0.01025332881361312
1,2030,352,235,0.04134123065434234
1,2030,352,236,0.11811987645656108
1,2030,352,248,0.017018338699647292
1,2030,352,260,0.012629628950559559
1,2030,352,261,0.039332398378682125
1,2030,352,266,0.6944543325161501
1,2030,352,330,0.032858846548947614
1,2030,352,357,0.022084553202064212
1,2030,353,231,1.0
1,2030,354,215,1.0
1,2030,355,336,0.997425495177073
1,2030,356,233,1.0
1,2030,357,260,1.0
1,2030,358,233,0.9990534658430544
1,2030,359,241,1.0
1,2030,360,197,1.0
1,2030,361,182,0.9990274126904666
1,2030,362,197,0.04189944032939713
1,2030,362,233,0.031063024969566796
1,2030,362,241,0.05536600575301414
1,2030,362,301,0.02211053744194022
1,2030,362,307,0.04354839622740027
1,2030,362,318,0.03490928353842662
1,2030,362,357,0.796273245897561
1,2030,363,182,1.0
1,2030,364,260,0.99885631383058
1,2030,365,260,0.9982012982259921
