year,period,rep_period,weight,scenario
2030,1,30,1.0,0
2030,2,79,1.0,0
2030,3,25,1.0,0
2030,4,77,1.0,0
2030,5,164,1.0,0
2030,6,30,1.0,0
2030,7,122,1.0,0
2030,8,79,1.0,0
2030,9,128,1.0,0
2030,10,79,1.0,0
2030,11,164,1.0,0
2030,12,12,1.0,0
2030,13,138,1.0,0
2030,14,100,1.0,0
2030,15,14,1.0,0
2030,16,146,1.0,0
2030,17,164,1.0,0
2030,18,54,1.0,0
2030,19,12,1.0,0
2030,20,180,1.0,0
2030,21,96,1.0,0
2030,22,12,1.0,0
2030,23,134,1.0,0
2030,24,50,1.0,0
2030,25,180,1.0,0
2030,26,134,1.0,0
2030,27,206,1.0,0
2030,28,96,1.0,0
2030,29,180,1.0,0
2030,30,79,1.0,0
2030,31,196,1.0,0
2030,32,192,1.0,0
2030,33,189,1.0,0
2030,34,115,1.0,0
2030,35,49,1.0,0
2030,36,36,1.0,0
2030,37,31,1.0,0
2030,38,232,1.0,0
2030,39,74,1.0,0
2030,40,191,1.0,0
2030,41,72,1.0,0
2030,42,195,1.0,0
2030,43,13,1.0,0
2030,44,74,1.0,0
2030,45,180,1.0,0
2030,46,96,1.0,0
2030,47,191,1.0,0
2030,48,63,1.0,0
2030,49,16,1.0,0
2030,50,115,1.0,0
2030,51,232,1.0,0
2030,52,68,1.0,0
2030,53,125,1.0,0
2030,54,146,1.0,0
2030,55,51,1.0,0
2030,56,141,1.0,0
2030,57,51,1.0,0
2030,58,198,1.0,0
2030,59,79,1.0,0
2030,60,87,1.0,0
2030,61,181,1.0,0
2030,62,91,1.0,0
2030,63,203,1.0,0
2030,64,54,1.0,0
2030,65,128,1.0,0
2030,66,206,1.0,0
2030,67,67,1.0,0
2030,68,181,1.0,0
2030,69,134,1.0,0
2030,70,179,1.0,0
2030,71,96,1.0,0
2030,72,232,1.0,0
2030,73,83,1.0,0
2030,74,59,1.0,0
2030,75,159,1.0,0
2030,76,173,1.0,0
2030,77,155,1.0,0
2030,78,115,1.0,0
2030,79,232,1.0,0
2030,80,173,1.0,0
2030,81,68,1.0,0
2030,82,100,1.0,0
2030,83,31,1.0,0
2030,84,109,1.0,0
2030,85,3,1.0,0
2030,86,2,1.0,0
2030,87,48,1.0,0
2030,88,225,1.0,0
2030,89,229,1.0,0
2030,90,155,1.0,0
2030,91,155,1.0,0
2030,92,61,1.0,0
2030,93,100,1.0,0
2030,94,31,1.0,0
2030,95,27,1.0,0
2030,96,173,1.0,0
2030,97,155,1.0,0
2030,98,155,1.0,0
2030,99,173,1.0,0
2030,100,173,1.0,0
2030,101,173,1.0,0
2030,102,173,1.0,0
2030,103,181,1.0,0
2030,104,141,1.0,0
2030,105,141,1.0,0
2030,106,181,1.0,0
2030,107,68,1.0,0
2030,108,137,1.0,0
2030,109,59,1.0,0
2030,110,27,1.0,0
2030,111,192,1.0,0
2030,112,210,1.0,0
2030,113,19,1.0,0
2030,114,124,1.0,0
2030,115,124,1.0,0
2030,116,149,1.0,0
2030,117,28,1.0,0
2030,118,14,1.0,0
2030,119,49,1.0,0
2030,120,41,1.0,0
2030,121,19,1.0,0
2030,122,217,1.0,0
2030,123,49,1.0,0
2030,124,217,1.0,0
2030,125,100,1.0,0
2030,126,100,1.0,0
2030,127,137,1.0,0
2030,128,64,1.0,0
2030,129,83,1.0,0
2030,130,19,1.0,0
2030,131,65,1.0,0
2030,132,102,1.0,0
2030,133,48,1.0,0
2030,134,111,1.0,0
2030,135,223,1.0,0
2030,136,199,1.0,0
2030,137,181,1.0,0
2030,138,142,1.0,0
2030,139,68,1.0,0
2030,140,206,1.0,0
2030,141,192,1.0,0
2030,142,100,1.0,0
2030,143,217,1.0,0
2030,144,217,1.0,0
2030,145,217,1.0,0
2030,146,173,1.0,0
2030,147,173,1.0,0
2030,148,192,1.0,0
2030,149,82,1.0,0
2030,150,225,1.0,0
2030,151,225,1.0,0
2030,152,48,1.0,0
2030,153,182,1.0,0
2030,154,217,1.0,0
2030,155,1,1.0,0
2030,156,181,1.0,0
2030,157,181,1.0,0
2030,158,232,1.0,0
2030,159,232,1.0,0
2030,160,181,1.0,0
2030,161,232,1.0,0
2030,162,82,1.0,0
2030,163,1,1.0,0
2030,164,27,1.0,0
2030,165,146,1.0,0
2030,166,232,1.0,0
2030,167,3,1.0,0
2030,168,19,1.0,0
2030,169,36,1.0,0
2030,170,139,1.0,0
2030,171,36,1.0,0
2030,172,31,1.0,0
2030,173,115,1.0,0
2030,174,232,1.0,0
2030,175,109,1.0,0
2030,176,232,1.0,0
2030,177,3,1.0,0
2030,178,49,1.0,0
2030,179,36,1.0,0
2030,180,36,1.0,0
2030,181,19,1.0,0
2030,182,100,1.0,0
2030,183,116,1.0,0
2030,184,225,1.0,0
2030,185,217,1.0,0
2030,186,159,1.0,0
2030,187,115,1.0,0
2030,188,115,1.0,0
2030,189,192,1.0,0
2030,190,189,1.0,0
2030,191,111,1.0,0
2030,192,68,1.0,0
2030,193,31,1.0,0
2030,194,146,1.0,0
2030,195,232,1.0,0
2030,196,192,1.0,0
2030,197,139,1.0,0
2030,198,21,1.0,0
2030,199,118,1.0,0
2030,200,28,1.0,0
2030,201,21,1.0,0
2030,202,189,1.0,0
2030,203,181,1.0,0
2030,204,115,1.0,0
2030,205,28,1.0,0
2030,206,4,1.0,0
2030,207,83,1.0,0
2030,208,49,1.0,0
2030,209,205,1.0,0
2030,210,19,1.0,0
2030,211,189,1.0,0
2030,212,189,1.0,0
2030,213,230,1.0,0
2030,214,189,1.0,0
2030,215,189,1.0,0
2030,216,82,1.0,0
2030,217,83,1.0,0
2030,218,139,1.0,0
2030,219,139,1.0,0
2030,220,1,1.0,0
2030,221,115,1.0,0
2030,222,49,1.0,0
2030,223,19,1.0,0
2030,224,19,1.0,0
2030,225,118,1.0,0
2030,226,191,1.0,0
2030,227,232,1.0,0
2030,228,28,1.0,0
2030,229,139,1.0,0
2030,230,19,1.0,0
2030,231,19,1.0,0
2030,232,189,1.0,0
2030,233,64,1.0,0
2030,234,27,1.0,0
2030,235,27,1.0,0
2030,236,230,1.0,0
2030,237,82,1.0,0
2030,238,64,1.0,0
2030,239,64,1.0,0
2030,240,181,1.0,0
2030,241,232,1.0,0
2030,242,232,1.0,0
2030,243,232,1.0,0
2030,244,173,1.0,0
2030,245,3,1.0,0
2030,246,19,1.0,0
2030,247,100,1.0,0
2030,248,213,1.0,0
2030,249,180,1.0,0
2030,250,51,1.0,0
2030,251,67,1.0,0
2030,252,109,1.0,0
2030,253,63,1.0,0
2030,254,19,1.0,0
2030,255,189,1.0,0
2030,256,87,1.0,0
2030,257,142,1.0,0
2030,258,192,1.0,0
2030,259,210,1.0,0
2030,260,111,1.0,0
2030,261,111,1.0,0
2030,262,236,1.0,0
2030,263,82,1.0,0
2030,264,64,1.0,0
2030,265,239,1.0,0
2030,266,68,1.0,0
2030,267,31,1.0,0
2030,268,225,1.0,0
2030,269,131,1.0,0
2030,270,19,1.0,0
2030,271,217,1.0,0
2030,272,137,1.0,0
2030,273,41,1.0,0
2030,274,36,1.0,0
2030,275,125,1.0,0
2030,276,239,1.0,0
2030,277,110,1.0,0
2030,278,31,1.0,0
2030,279,155,1.0,0
2030,280,192,1.0,0
2030,281,223,1.0,0
2030,282,159,1.0,0
2030,283,115,1.0,0
2030,284,36,1.0,0
2030,285,100,1.0,0
2030,286,31,1.0,0
2030,287,83,1.0,0
2030,288,31,1.0,0
2030,289,239,1.0,0
2030,290,61,1.0,0
2030,291,31,1.0,0
2030,292,218,1.0,0
2030,293,109,1.0,0
2030,294,192,1.0,0
2030,295,111,1.0,0
2030,296,206,1.0,0
2030,297,180,1.0,0
2030,298,212,1.0,0
2030,299,236,1.0,0
2030,300,159,1.0,0
2030,301,46,1.0,0
2030,302,58,1.0,0
2030,303,111,1.0,0
2030,304,196,1.0,0
2030,305,218,1.0,0
2030,306,128,1.0,0
2030,307,198,1.0,0
2030,308,223,1.0,0
2030,309,49,1.0,0
2030,310,205,1.0,0
2030,311,36,1.0,0
2030,312,188,1.0,0
2030,313,49,1.0,0
2030,314,124,1.0,0
2030,315,228,1.0,0
2030,316,191,1.0,0
2030,317,164,1.0,0
2030,318,58,1.0,0
2030,319,80,1.0,0
2030,320,50,1.0,0
2030,321,142,1.0,0
2030,322,132,1.0,0
2030,323,64,1.0,0
2030,324,72,1.0,0
2030,325,191,1.0,0
2030,326,134,1.0,0
2030,327,14,1.0,0
2030,328,192,1.0,0
2030,329,144,1.0,0
2030,330,161,1.0,0
2030,331,58,1.0,0
2030,332,58,1.0,0
2030,333,128,1.0,0
2030,334,184,1.0,0
2030,335,72,1.0,0
2030,336,218,1.0,0
2030,337,161,1.0,0
2030,338,180,1.0,0
2030,339,134,1.0,0
2030,340,188,1.0,0
2030,341,214,1.0,0
2030,342,205,1.0,0
2030,343,206,1.0,0
2030,344,128,1.0,0
2030,345,128,1.0,0
2030,346,196,1.0,0
2030,347,191,1.0,0
2030,348,191,1.0,0
2030,349,72,1.0,0
2030,350,13,1.0,0
2030,351,58,1.0,0
2030,352,196,1.0,0
2030,353,97,1.0,0
2030,354,144,1.0,0
2030,355,191,1.0,0
2030,356,91,1.0,0
2030,357,215,1.0,0
2030,358,91,1.0,0
2030,359,91,1.0,0
2030,360,56,1.0,0
2030,361,180,1.0,0
2030,362,96,1.0,0
2030,363,180,1.0,0
2030,364,91,1.0,0
2030,365,91,1.0,0
2030,1,92,1.0,1
2030,2,122,1.0,1
2030,3,29,1.0,1
2030,4,178,1.0,1
2030,5,168,1.0,1
2030,6,129,1.0,1
2030,7,222,1.0,1
2030,8,108,1.0,1
2030,9,156,1.0,1
2030,10,197,1.0,1
2030,11,141,1.0,1
2030,12,240,1.0,1
2030,13,238,1.0,1
2030,14,201,1.0,1
2030,15,14,1.0,1
2030,16,103,1.0,1
2030,17,126,1.0,1
2030,18,216,1.0,1
2030,19,44,1.0,1
2030,20,39,1.0,1
2030,21,165,1.0,1
2030,22,44,1.0,1
2030,23,112,1.0,1
2030,24,176,1.0,1
2030,25,39,1.0,1
2030,26,227,1.0,1
2030,27,177,1.0,1
2030,28,165,1.0,1
2030,29,20,1.0,1
2030,30,198,1.0,1
2030,31,18,1.0,1
2030,32,133,1.0,1
2030,33,149,1.0,1
2030,34,136,1.0,1
2030,35,194,1.0,1
2030,36,131,1.0,1
2030,37,123,1.0,1
2030,38,88,1.0,1
2030,39,200,1.0,1
2030,40,39,1.0,1
2030,41,70,1.0,1
2030,42,23,1.0,1
2030,43,154,1.0,1
2030,44,200,1.0,1
2030,45,126,1.0,1
2030,46,44,1.0,1
2030,47,233,1.0,1
2030,48,163,1.0,1
2030,49,187,1.0,1
2030,50,22,1.0,1
2030,51,7,1.0,1
2030,52,237,1.0,1
2030,53,117,1.0,1
2030,54,9,1.0,1
2030,55,44,1.0,1
2030,56,5,1.0,1
2030,57,105,1.0,1
2030,58,26,1.0,1
2030,59,122,1.0,1
2030,60,8,1.0,1
2030,61,88,1.0,1
2030,62,5,1.0,1
2030,63,69,1.0,1
2030,64,216,1.0,1
2030,65,51,1.0,1
2030,66,177,1.0,1
2030,67,220,1.0,1
2030,68,90,1.0,1
2030,69,221,1.0,1
2030,70,73,1.0,1
2030,71,76,1.0,1
2030,72,233,1.0,1
2030,73,66,1.0,1
2030,74,40,1.0,1
2030,75,86,1.0,1
2030,76,22,1.0,1
2030,77,52,1.0,1
2030,78,24,1.0,1
2030,79,7,1.0,1
2030,80,24,1.0,1
2030,81,157,1.0,1
2030,82,6,1.0,1
2030,83,211,1.0,1
2030,84,52,1.0,1
2030,85,107,1.0,1
2030,86,235,1.0,1
2030,87,106,1.0,1
2030,88,235,1.0,1
2030,89,140,1.0,1
2030,90,10,1.0,1
2030,91,10,1.0,1
2030,92,99,1.0,1
2030,93,151,1.0,1
2030,94,224,1.0,1
2030,95,120,1.0,1
2030,96,47,1.0,1
2030,97,52,1.0,1
2030,98,52,1.0,1
2030,99,24,1.0,1
2030,100,24,1.0,1
2030,101,166,1.0,1
2030,102,52,1.0,1
2030,103,183,1.0,1
2030,104,76,1.0,1
2030,105,127,1.0,1
2030,106,183,1.0,1
2030,107,157,1.0,1
2030,108,38,1.0,1
2030,109,147,1.0,1
2030,110,8,1.0,1
2030,111,113,1.0,1
2030,112,136,1.0,1
2030,113,43,1.0,1
2030,114,55,1.0,1
2030,115,55,1.0,1
2030,116,106,1.0,1
2030,117,33,1.0,1
2030,118,149,1.0,1
2030,119,157,1.0,1
2030,120,209,1.0,1
2030,121,151,1.0,1
2030,122,190,1.0,1
2030,123,42,1.0,1
2030,124,38,1.0,1
2030,125,172,1.0,1
2030,126,201,1.0,1
2030,127,193,1.0,1
2030,128,234,1.0,1
2030,129,155,1.0,1
2030,130,43,1.0,1
2030,131,152,1.0,1
2030,132,129,1.0,1
2030,133,106,1.0,1
2030,134,145,1.0,1
2030,135,226,1.0,1
2030,136,89,1.0,1
2030,137,185,1.0,1
2030,138,156,1.0,1
2030,139,157,1.0,1
2030,140,219,1.0,1
2030,141,11,1.0,1
2030,142,208,1.0,1
2030,143,75,1.0,1
2030,144,81,1.0,1
2030,145,148,1.0,1
2030,146,186,1.0,1
2030,147,186,1.0,1
2030,148,11,1.0,1
2030,149,143,1.0,1
2030,150,235,1.0,1
2030,151,235,1.0,1
2030,152,106,1.0,1
2030,153,60,1.0,1
2030,154,175,1.0,1
2030,155,37,1.0,1
2030,156,233,1.0,1
2030,157,233,1.0,1
2030,158,7,1.0,1
2030,159,7,1.0,1
2030,160,185,1.0,1
2030,161,233,1.0,1
2030,162,130,1.0,1
2030,163,130,1.0,1
2030,164,34,1.0,1
2030,165,185,1.0,1
2030,166,7,1.0,1
2030,167,24,1.0,1
2030,168,42,1.0,1
2030,169,43,1.0,1
2030,170,43,1.0,1
2030,171,131,1.0,1
2030,172,224,1.0,1
2030,173,9,1.0,1
2030,174,90,1.0,1
2030,175,10,1.0,1
2030,176,95,1.0,1
2030,177,7,1.0,1
2030,178,61,1.0,1
2030,179,131,1.0,1
2030,180,204,1.0,1
2030,181,43,1.0,1
2030,182,151,1.0,1
2030,183,172,1.0,1
2030,184,114,1.0,1
2030,185,38,1.0,1
2030,186,234,1.0,1
2030,187,9,1.0,1
2030,188,7,1.0,1
2030,189,11,1.0,1
2030,190,38,1.0,1
2030,191,202,1.0,1
2030,192,45,1.0,1
2030,193,224,1.0,1
2030,194,86,1.0,1
2030,195,185,1.0,1
2030,196,11,1.0,1
2030,197,131,1.0,1
2030,198,43,1.0,1
2030,199,123,1.0,1
2030,200,155,1.0,1
2030,201,43,1.0,1
2030,202,38,1.0,1
2030,203,233,1.0,1
2030,204,9,1.0,1
2030,205,138,1.0,1
2030,206,104,1.0,1
2030,207,40,1.0,1
2030,208,42,1.0,1
2030,209,135,1.0,1
2030,210,43,1.0,1
2030,211,38,1.0,1
2030,212,162,1.0,1
2030,213,81,1.0,1
2030,214,38,1.0,1
2030,215,93,1.0,1
2030,216,143,1.0,1
2030,217,40,1.0,1
2030,218,43,1.0,1
2030,219,38,1.0,1
2030,220,37,1.0,1
2030,221,9,1.0,1
2030,222,61,1.0,1
2030,223,135,1.0,1
2030,224,84,1.0,1
2030,225,37,1.0,1
2030,226,233,1.0,1
2030,227,7,1.0,1
2030,228,33,1.0,1
2030,229,43,1.0,1
2030,230,43,1.0,1
2030,231,43,1.0,1
2030,232,1,1.0,1
2030,233,32,1.0,1
2030,234,155,1.0,1
2030,235,173,1.0,1
2030,236,181,1.0,1
2030,237,130,1.0,1
2030,238,32,1.0,1
2030,239,86,1.0,1
2030,240,233,1.0,1
2030,241,7,1.0,1
2030,242,7,1.0,1
2030,243,7,1.0,1
2030,244,7,1.0,1
2030,245,24,1.0,1
2030,246,43,1.0,1
2030,247,201,1.0,1
2030,248,169,1.0,1
2030,249,5,1.0,1
2030,250,105,1.0,1
2030,251,220,1.0,1
2030,252,186,1.0,1
2030,253,203,1.0,1
2030,254,38,1.0,1
2030,255,148,1.0,1
2030,256,170,1.0,1
2030,257,85,1.0,1
2030,258,11,1.0,1
2030,259,11,1.0,1
2030,260,202,1.0,1
2030,261,119,1.0,1
2030,262,71,1.0,1
2030,263,114,1.0,1
2030,264,34,1.0,1
2030,265,47,1.0,1
2030,266,66,1.0,1
2030,267,224,1.0,1
2030,268,17,1.0,1
2030,269,174,1.0,1
2030,270,151,1.0,1
2030,271,78,1.0,1
2030,272,193,1.0,1
2030,273,135,1.0,1
2030,274,204,1.0,1
2030,275,117,1.0,1
2030,276,15,1.0,1
2030,277,11,1.0,1
2030,278,123,1.0,1
2030,279,94,1.0,1
2030,280,11,1.0,1
2030,281,226,1.0,1
2030,282,32,1.0,1
2030,283,136,1.0,1
2030,284,201,1.0,1
2030,285,201,1.0,1
2030,286,224,1.0,1
2030,287,40,1.0,1
2030,288,159,1.0,1
2030,289,47,1.0,1
2030,290,99,1.0,1
2030,291,224,1.0,1
2030,292,9,1.0,1
2030,293,15,1.0,1
2030,294,11,1.0,1
2030,295,192,1.0,1
2030,296,177,1.0,1
2030,297,20,1.0,1
2030,298,142,1.0,1
2030,299,238,1.0,1
2030,300,37,1.0,1
2030,301,165,1.0,1
2030,302,160,1.0,1
2030,303,202,1.0,1
2030,304,15,1.0,1
2030,305,7,1.0,1
2030,306,114,1.0,1
2030,307,207,1.0,1
2030,308,231,1.0,1
2030,309,61,1.0,1
2030,310,35,1.0,1
2030,311,189,1.0,1
2030,312,239,1.0,1
2030,313,68,1.0,1
2030,314,57,1.0,1
2030,315,62,1.0,1
2030,316,216,1.0,1
2030,317,168,1.0,1
2030,318,98,1.0,1
2030,319,171,1.0,1
2030,320,179,1.0,1
2030,321,53,1.0,1
2030,322,227,1.0,1
2030,323,32,1.0,1
2030,324,70,1.0,1
2030,325,167,1.0,1
2030,326,227,1.0,1
2030,327,158,1.0,1
2030,328,11,1.0,1
2030,329,179,1.0,1
2030,330,121,1.0,1
2030,331,138,1.0,1
2030,332,138,1.0,1
2030,333,197,1.0,1
2030,334,220,1.0,1
2030,335,70,1.0,1
2030,336,155,1.0,1
2030,337,121,1.0,1
2030,338,20,1.0,1
2030,339,227,1.0,1
2030,340,144,1.0,1
2030,341,97,1.0,1
2030,342,83,1.0,1
2030,343,18,1.0,1
2030,344,156,1.0,1
2030,345,30,1.0,1
2030,346,18,1.0,1
2030,347,88,1.0,1
2030,348,88,1.0,1
2030,349,70,1.0,1
2030,350,154,1.0,1
2030,351,121,1.0,1
2030,352,70,1.0,1
2030,353,132,1.0,1
2030,354,234,1.0,1
2030,355,101,1.0,1
2030,356,5,1.0,1
2030,357,126,1.0,1
2030,358,150,1.0,1
2030,359,153,1.0,1
2030,360,105,1.0,1
2030,361,20,1.0,1
2030,362,39,1.0,1
2030,363,20,1.0,1
2030,364,150,1.0,1
2030,365,150,1.0,1
