year,period,rep_period,weight,scenario
2050,1,2,0.015508319071666152,0
2050,1,4,0.26021713662947593,0
2050,1,10,0.1996271277559753,0
2050,1,12,0.3792100902620147,0
2050,1,16,0.05713430923778046,0
2050,1,22,0.04358245358777553,0
2050,1,29,0.044720563455311974,0
2050,2,4,0.39558314921805565,0
2050,2,10,0.22687697928667142,0
2050,2,12,0.10638331657470695,0
2050,2,16,0.0404791037692728,0
2050,2,18,0.23067745115129326,0
2050,3,2,0.05018677792671519,0
2050,3,4,0.30710384930568485,0
2050,3,6,0.0521215053160856,0
2050,3,10,0.21108758489971122,0
2050,3,18,0.2617375108623103,0
2050,3,20,0.09778100956703252,0
2050,3,29,0.019981762122460358,0
2050,4,2,0.034178189028529114,0
2050,4,4,0.174389387710895,0
2050,4,9,0.09962042379038087,0
2050,4,10,0.41738066353963194,0
2050,4,12,0.02937773573056112,0
2050,4,18,0.17538281897456756,0
2050,4,20,0.042121968781645154,0
2050,4,22,0.027548812443789254,0
2050,5,10,1.0,0
2050,6,1,0.026556049741035904,0
2050,6,3,0.22550853650461683,0
2050,6,6,0.05360167313925003,0
2050,6,10,0.0819698564539141,0
2050,6,12,0.20610808209505732,0
2050,6,18,0.13432264778303374,0
2050,6,27,0.10470992918099238,0
2050,6,29,0.16722322510209972,0
2050,7,4,0.23796710022862896,0
2050,7,6,0.05796850410166225,0
2050,7,10,0.2584555899907772,0
2050,7,12,0.16134943711685995,0
2050,7,16,0.012357804700732193,0
2050,7,19,0.054440199391675395,0
2050,7,29,0.21746136446966408,0
2050,8,2,0.013126604100228778,0
2050,8,4,0.49036809964868,0
2050,8,10,0.17020537190691457,0
2050,8,16,0.1510177184580741,0
2050,8,18,0.1752822058861026,0
2050,9,4,0.12056082885807938,0
2050,9,7,0.1607938593041201,0
2050,9,10,0.2329082867996236,0
2050,9,16,0.06659967337280014,0
2050,9,18,0.38042867052215207,0
2050,9,20,0.03870868114322469,0
2050,10,18,1.0,0
2050,11,4,0.18757732243376063,0
2050,11,7,0.09424266704766386,0
2050,11,9,0.11648140942775699,0
2050,11,10,0.11495568700295335,0
2050,11,12,0.030072075358868605,0
2050,11,16,0.013109092857007107,0
2050,11,18,0.44356174587198943,0
2050,12,4,0.14906295275825962,0
2050,12,7,0.11062808861572211,0
2050,12,9,0.017098205203809853,0
2050,12,10,0.1885618421972614,0
2050,12,18,0.5172174946424537,0
2050,12,29,0.017431416582493368,0
2050,13,2,0.02597898432099275,0
2050,13,4,0.3242183738433435,0
2050,13,7,0.07993314075357519,0
2050,13,10,0.10973619585178701,0
2050,13,16,0.07888795209603722,0
2050,13,18,0.29704746272990995,0
2050,13,22,0.08419789040435433,0
2050,14,2,0.035339459774788,0
2050,14,4,0.37181368840723866,0
2050,14,7,0.041461900140627075,0
2050,14,10,0.06142448960422001,0
2050,14,16,0.18375287687458572,0
2050,14,18,0.2697483020633632,0
2050,14,22,0.01398991782703626,0
2050,14,29,0.022469365308140983,0
2050,15,4,0.37096137783473404,0
2050,15,9,0.10816543765384257,0
2050,15,16,0.1675160903392549,0
2050,15,18,0.23104890690514165,0
2050,15,21,0.08078721838570514,0
2050,15,23,0.023400718239059377,0
2050,15,30,0.01812025064226233,0
2050,16,2,0.022884867152523376,0
2050,16,4,0.3447876604035758,0
2050,16,9,0.17726616751840837,0
2050,16,10,0.04177907871667076,0
2050,16,11,0.0510337965012119,0
2050,16,12,0.019163612809728735,0
2050,16,16,0.16435328957098996,0
2050,16,18,0.04661351271001355,0
2050,16,20,0.01777688663474815,0
2050,16,22,0.11434112798212946,0
2050,17,3,0.06628101509457719,0
2050,17,4,0.22844648512730792,0
2050,17,10,0.08006619753748721,0
2050,17,12,0.2062335066309471,0
2050,17,17,0.08724667356347332,0
2050,17,18,0.05625953207373928,0
2050,17,20,0.029074250787401484,0
2050,17,22,0.10504019291782625,0
2050,17,23,0.1413521462672403,0
2050,18,1,0.11180795541958383,0
2050,18,4,0.22156832269865062,0
2050,18,6,0.07903473356668413,0
2050,18,9,0.033800064704275115,0
2050,18,10,0.08303557365511434,0
2050,18,11,0.24479877320604018,0
2050,18,23,0.07413256491381859,0
2050,18,26,0.04258227885493926,0
2050,18,27,0.09669567324841066,0
2050,18,30,0.01254405973248335,0
2050,19,1,0.22529284964581275,0
2050,19,3,0.20833476275038948,0
2050,19,5,0.03875759841364196,0
2050,19,6,0.08325883518793896,0
2050,19,11,0.14723531665443967,0
2050,19,13,0.10838809419462164,0
2050,19,26,0.03903377773239845,0
2050,19,27,0.14969876542075694,0
2050,20,1,0.1366440481916801,0
2050,20,3,0.0559408400512097,0
2050,20,4,0.06188847027521896,0
2050,20,6,0.11892305312763986,0
2050,20,9,0.046060860445397374,0
2050,20,11,0.07183439185630185,0
2050,20,13,0.07706192947318363,0
2050,20,19,0.013656268861698266,0
2050,20,22,0.190778758190683,0
2050,20,26,0.03859876204867974,0
2050,20,27,0.038691045106992596,0
2050,20,28,0.10043461230826184,0
2050,20,30,0.04948696006305313,0
2050,21,1,0.055908584170981435,0
2050,21,3,0.017135332725815546,0
2050,21,4,0.08321596132951219,0
2050,21,9,0.03785952729161554,0
2050,21,11,0.38161819865220664,0
2050,21,16,0.021639783709024123,0
2050,21,22,0.06826184112916461,0
2050,21,23,0.02051850674880324,0
2050,21,24,0.04174252573366463,0
2050,21,27,0.1978676314849567,0
2050,21,30,0.0742321070242552,0
2050,22,1,0.20127547392234518,0
2050,22,3,0.2643272226472146,0
2050,22,5,0.043346152137281976,0
2050,22,9,0.030098571570475952,0
2050,22,11,0.14776654226007432,0
2050,22,13,0.06812902809474024,0
2050,22,20,0.029925612681170412,0
2050,22,26,0.06061946690412722,0
2050,22,27,0.15451192978257003,0
2050,23,3,1.0,0
2050,24,3,0.21266794547847745,0
2050,24,4,0.0582028204917734,0
2050,24,12,0.11806778690427197,0
2050,24,16,0.10369174222069197,0
2050,24,18,0.2242607393615182,0
2050,24,20,0.16873544826449832,0
2050,24,23,0.08328901057005468,0
2050,24,30,0.03108450670871412,0
2050,25,1,0.045270718100509755,0
2050,25,3,0.38375556163524793,0
2050,25,8,0.06115321080901463,0
2050,25,11,0.037603794115245184,0
2050,25,13,0.08092530905405584,0
2050,25,16,0.02495280959848618,0
2050,25,18,0.07549964558511284,0
2050,25,20,0.09305165821037983,0
2050,25,24,0.0250406566867654,0
2050,25,28,0.17274663620518244,0
2050,26,1,0.0642896134538012,0
2050,26,3,0.1008102896406749,0
2050,26,4,0.17532083800003836,0
2050,26,8,0.07322650140942025,0
2050,26,12,0.17252536123258702,0
2050,26,16,0.18319422054701393,0
2050,26,18,0.1408471707556194,0
2050,26,20,0.016112306283762215,0
2050,26,21,0.030583995814651894,0
2050,26,30,0.043089702862430926,0
2050,27,1,0.05862522926701506,0
2050,27,4,0.13103657541610375,0
2050,27,7,0.10698573606589963,0
2050,27,11,0.10202920979651,0
2050,27,13,0.033679301110441984,0
2050,27,16,0.13469453941864085,0
2050,27,20,0.16754747096844777,0
2050,27,28,0.1443455484120799,0
2050,27,29,0.018338765886544626,0
2050,27,30,0.10271762365831649,0
2050,28,4,0.18341365673389667,0
2050,28,7,0.05630103464868283,0
2050,28,8,0.0438557242243868,0
2050,28,9,0.03331596895091588,0
2050,28,12,0.18501951825524315,0
2050,28,16,0.26348255080914124,0
2050,28,18,0.18478810687996092,0
2050,28,21,0.024898600186532116,0
2050,28,30,0.02492483931124036,0
2050,29,4,0.2819179213073345,0
2050,29,7,0.04660767243673106,0
2050,29,9,0.3729399908845289,0
2050,29,16,0.18435138321810604,0
2050,29,18,0.0655046731520634,0
2050,29,30,0.0486783590012361,0
2050,30,9,1.0,0
2050,31,3,0.11686667106773382,0
2050,31,6,0.033555292265189406,0
2050,31,9,0.38256261459805513,0
2050,31,11,0.14186962242977452,0
2050,31,13,0.03620115703863287,0
2050,31,22,0.09644099340701336,0
2050,31,23,0.06374645410704739,0
2050,31,24,0.1287571950865534,0
2050,32,1,0.03461108933519551,0
2050,32,4,0.1372873472453249,0
2050,32,6,0.10350072165461068,0
2050,32,8,0.011690089484787454,0
2050,32,9,0.31954553730902446,0
2050,32,12,0.09972581000175106,0
2050,32,16,0.16802025028335826,0
2050,32,21,0.08172659030409758,0
2050,32,23,0.043892564381850144,0
2050,33,1,0.11663648455941723,0
2050,33,2,0.034869809287077926,0
2050,33,4,0.018904257054681628,0
2050,33,9,0.14103882646325192,0
2050,33,16,0.09674843882124624,0
2050,33,17,0.011074857309931215,0
2050,33,20,0.1918997886179568,0
2050,33,21,0.06715747392096841,0
2050,33,24,0.22259258921975122,0
2050,33,27,0.0990774747457173,0
2050,34,1,0.04328669828769529,0
2050,34,3,0.26871622217679253,0
2050,34,11,0.29291853219992925,0
2050,34,16,0.1400911433225376,0
2050,34,20,0.047785971176299215,0
2050,34,22,0.024996567255548278,0
2050,34,27,0.11740147908669694,0
2050,34,30,0.06480338649450086,0
2050,35,3,0.3696391815814129,0
2050,35,5,0.10804535975100654,0
2050,35,9,0.03125443043201476,0
2050,35,11,0.09016791683675895,0
2050,35,14,0.07880520982782771,0
2050,35,16,0.04576723946338626,0
2050,35,23,0.11545050183404934,0
2050,35,26,0.04986340873084222,0
2050,35,27,0.11100675154270145,0
2050,36,1,0.04049207373144646,0
2050,36,3,0.3639373623739952,0
2050,36,7,0.042347918044333126,0
2050,36,14,0.21620953750555402,0
2050,36,20,0.11666952542228312,0
2050,36,23,0.07939684075403873,0
2050,36,24,0.10167170164449109,0
2050,36,26,0.039275040523858135,0
2050,37,6,0.04273933323167712,0
2050,37,9,0.2638023944426104,0
2050,37,14,0.09555381029935463,0
2050,37,18,0.23831273481057025,0
2050,37,20,0.02866023402585219,0
2050,37,23,0.05392127729970665,0
2050,37,24,0.2770102158902288,0
2050,38,4,0.23798989757602806,0
2050,38,6,0.0781117142439899,0
2050,38,9,0.09546362501781439,0
2050,38,12,0.20987307587989315,0
2050,38,18,0.1487049919196509,0
2050,38,20,0.06801968044357146,0
2050,38,21,0.08454405260196979,0
2050,38,22,0.07729296231708224,0
2050,39,2,0.024048310193194356,0
2050,39,4,0.2106462505803053,0
2050,39,7,0.0927456533142385,0
2050,39,9,0.11796929422937547,0
2050,39,18,0.0784658691147152,0
2050,39,20,0.31111744357677806,0
2050,39,24,0.16500717899139317,0
2050,40,20,1.0,0
2050,41,3,0.07925051308637276,0
2050,41,5,0.028399626351540964,0
2050,41,6,0.29321066096328663,0
2050,41,13,0.07257065484712025,0
2050,41,20,0.47248009500100857,0
2050,41,27,0.025423387849875533,0
2050,41,28,0.02866506190079521,0
2050,42,1,0.06971558262286487,0
2050,42,3,0.17858090490602865,0
2050,42,6,0.4217620248829736,0
2050,42,20,0.038103740004330866,0
2050,42,27,0.18384676963635477,0
2050,42,28,0.10799097794744716,0
2050,43,1,0.18454461720768728,0
2050,43,3,0.08482961282288067,0
2050,43,4,0.062432939371812005,0
2050,43,6,0.35783542680777186,0
2050,43,10,0.049508706445723055,0
2050,43,11,0.11060378998321758,0
2050,43,22,0.10813632804841301,0
2050,43,28,0.04210857931249451,0
2050,44,1,0.18189286895206616,0
2050,44,3,0.19614195891677286,0
2050,44,4,0.11980918712090642,0
2050,44,7,0.03277233629087451,0
2050,44,8,0.059189192232890056,0
2050,44,12,0.04546401674954716,0
2050,44,16,0.09972542970591233,0
2050,44,18,0.03472514158071733,0
2050,44,21,0.061402016362021035,0
2050,44,25,0.012630673662903765,0
2050,44,27,0.10807835486887335,0
2050,44,28,0.04816882355651507,0
2050,45,1,0.2021491512944177,0
2050,45,3,0.05046628297208983,0
2050,45,5,0.04531535443178492,0
2050,45,8,0.06801385152849045,0
2050,45,11,0.044337870537500636,0
2050,45,13,0.10038308541689346,0
2050,45,16,0.21675848325480593,0
2050,45,20,0.09053235859965213,0
2050,45,21,0.049172994056455734,0
2050,45,24,0.08337972964452102,0
2050,45,27,0.0494908382633883,0
2050,46,1,0.030457844070188644,0
2050,46,2,0.024071088045600764,0
2050,46,4,0.2649269372730617,0
2050,46,9,0.05966481247379848,0
2050,46,11,0.14491643083500705,0
2050,46,12,0.12866180351249867,0
2050,46,16,0.018141788936683247,0
2050,46,17,0.09644638839894981,0
2050,46,19,0.011697087439438205,0
2050,46,20,0.14285575871192252,0
2050,46,22,0.07816006030285087,0
2050,47,4,0.1068102872296855,0
2050,47,6,0.065884540619922,0
2050,47,9,0.22970516502164143,0
2050,47,11,0.06569358916101194,0
2050,47,12,0.1926844154586715,0
2050,47,17,0.07903552757572314,0
2050,47,20,0.012515830034237067,0
2050,47,22,0.19417724726627952,0
2050,47,28,0.05349339763282792,0
2050,48,9,0.3086009551202208,0
2050,48,11,0.09785198334834525,0
2050,48,12,0.17964639875628344,0
2050,48,16,0.05661387303499986,0
2050,48,19,0.05267546120882576,0
2050,48,22,0.3046113285313249,0
2050,49,4,0.04717179553564702,0
2050,49,6,0.038934721821741784,0
2050,49,9,0.07893516420346872,0
2050,49,12,0.3588283302529053,0
2050,49,16,0.1666513389809005,0
2050,49,19,0.08601717483018298,0
2050,49,22,0.1979717440683214,0
2050,49,29,0.02548973030683236,0
2050,50,4,0.32407007685035866,0
2050,50,6,0.06529230526407623,0
2050,50,10,0.0481994836518107,0
2050,50,12,0.3315512620281127,0
2050,50,16,0.06332166575998596,0
2050,50,19,0.12942394481822775,0
2050,50,29,0.03814126162742802,0
2050,51,2,0.019922130843528816,0
2050,51,4,0.31866359212124645,0
2050,51,6,0.22161610152141276,0
2050,51,10,0.07965605705649255,0
2050,51,16,0.14701204195548662,0
2050,51,17,0.023708514756101726,0
2050,51,21,0.06502426297323567,0
2050,51,22,0.0207612250917448,0
2050,51,24,0.08320680352032232,0
2050,51,30,0.02042927016042837,0
2050,52,4,0.020421457346486503,0
2050,52,9,0.33401393193939527,0
2050,52,10,0.04567607892767733,0
2050,52,11,0.23223454663836085,0
2050,52,16,0.08948154313731294,0
2050,52,17,0.03867454440431697,0
2050,52,21,0.10573787098476228,0
2050,52,22,0.10994309829191705,0
2050,52,24,0.023816928329770892,0
2050,53,2,0.027420501255126965,0
2050,53,3,0.028592327556345904,0
2050,53,4,0.04356467786928039,0
2050,53,6,0.06142329025953135,0
2050,53,9,0.2077323185419672,0
2050,53,12,0.19086692064734304,0
2050,53,16,0.09350007172200836,0
2050,53,17,0.08953930117281805,0
2050,53,22,0.0635092728308005,0
2050,53,23,0.19385131814477807,0
2050,54,4,0.18619246004501955,0
2050,54,9,0.16036451779519068,0
2050,54,12,0.14784656218891004,0
2050,54,16,0.2775625082263424,0
2050,54,18,0.05448432152517223,0
2050,54,19,0.03513700293045293,0
2050,54,21,0.013243359461104692,0
2050,54,23,0.1034014098332293,0
2050,54,30,0.021767857994578164,0
2050,55,16,1.0,0
2050,56,3,0.06539338942904734,0
2050,56,11,0.19040462755367052,0
2050,56,14,0.12023762599735963,0
2050,56,16,0.12893017886794386,0
2050,56,20,0.09001369489428139,0
2050,56,22,0.03369222094289848,0
2050,56,23,0.1490704782006449,0
2050,56,24,0.02139003059992549,0
2050,56,26,0.10705615992586612,0
2050,56,28,0.09381159358836226,0
2050,57,1,0.0725052713116098,0
2050,57,3,0.1903651298625437,0
2050,57,8,0.11398977388333682,0
2050,57,12,0.10202655787189797,0
2050,57,16,0.2595898703801694,0
2050,57,20,0.06647136005800973,0
2050,57,23,0.14710789720909315,0
2050,57,25,0.014830961687367953,0
2050,57,27,0.03311317773597136,0
2050,58,1,0.12167344822228884,0
2050,58,3,0.09323757394442016,0
2050,58,5,0.017997804063921066,0
2050,58,6,0.04417771133875943,0
2050,58,9,0.03559087400309414,0
2050,58,11,0.03963862697938812,0
2050,58,13,0.05215157319420008,0
2050,58,16,0.3407442444963665,0
2050,58,24,0.04098410807412367,0
2050,58,26,0.018900276229545866,0
2050,58,27,0.11789213175691714,0
2050,58,30,0.07701162769697488,0
2050,59,1,0.13271191802655227,0
2050,59,3,0.11844886185317258,0
2050,59,8,0.13744142875664658,0
2050,59,12,0.20247373397392837,0
2050,59,16,0.351477273430449,0
2050,59,27,0.030639861999626233,0
2050,59,29,0.02680692195962514,0
2050,60,4,0.285823796877205,0
2050,60,12,0.10967057409105412,0
2050,60,16,0.34024409837312974,0
2050,60,18,0.133358324961145,0
2050,60,21,0.0851653876887617,0
2050,60,28,0.045737818008704516,0
2050,61,4,0.053221341757525666,0
2050,61,7,0.1497979759435865,0
2050,61,8,0.03410243356941185,0
2050,61,9,0.06254456910133356,0
2050,61,10,0.06648224007944978,0
2050,61,12,0.053061412351294045,0
2050,61,16,0.2213217226906065,0
2050,61,18,0.26650798784750934,0
2050,61,24,0.05264309636230692,0
2050,61,25,0.04031722029697591,0
2050,62,2,0.0349226554414129,0
2050,62,4,0.01934297446037721,0
2050,62,7,0.3348012118958041,0
2050,62,10,0.1805910913607447,0
2050,62,12,0.1722882792478499,0
2050,62,18,0.09718716589642104,0
2050,62,21,0.07086172231628679,0
2050,62,29,0.09000489938110345,0
2050,63,1,0.04826012658822576,0
2050,63,5,0.01215627020576053,0
2050,63,7,0.3247737687468694,0
2050,63,8,0.09237783070696927,0
2050,63,10,0.0626319292565769,0
2050,63,11,0.0774147010420237,0
2050,63,16,0.2519427834609849,0
2050,63,23,0.06390369410674654,0
2050,63,25,0.01806908267556373,0
2050,63,27,0.032683569348649945,0
2050,63,29,0.015786243861629246,0
2050,64,1,0.02175725518994631,0
2050,64,3,0.4380831069602492,0
2050,64,7,0.1952623131766333,0
2050,64,11,0.03626651251069869,0
2050,64,12,0.016136539728661616,0
2050,64,16,0.048606540488289496,0
2050,64,17,0.05081563867277652,0
2050,64,20,0.11152247012174137,0
2050,64,23,0.08154962315100366,0
2050,65,3,0.170635972430237,0
2050,65,7,0.015105741776861517,0
2050,65,9,0.05893367202989742,0
2050,65,10,0.11816663735449714,0
2050,65,12,0.5423764312322014,0
2050,65,23,0.016968309827037564,0
2050,65,25,0.07781323534926808,0
2050,66,12,1.0,0
2050,67,4,0.07781913270316078,0
2050,67,6,0.01538559626939649,0
2050,67,7,0.011221060332144601,0
2050,67,12,0.5773971851230176,0
2050,67,17,0.022707762575965976,0
2050,67,19,0.035432013428836354,0
2050,67,22,0.20079641020990255,0
2050,67,29,0.05924083935757554,0
2050,68,1,0.06379216279926364,0
2050,68,3,0.040760751235598365,0
2050,68,8,0.057079622331198905,0
2050,68,11,0.23305217541809772,0
2050,68,12,0.2701415233450044,0
2050,68,17,0.04328827289961189,0
2050,68,22,0.056259167468975406,0
2050,68,28,0.15987641171041422,0
2050,68,29,0.07574991279183538,0
2050,69,1,0.07627530943031269,0
2050,69,2,0.14591704177607312,0
2050,69,4,0.14315360727844062,0
2050,69,6,0.034378829422033436,0
2050,69,12,0.3087606141448463,0
2050,69,17,0.030357787408136615,0
2050,69,28,0.2611568105401573,0
2050,70,28,1.0,0
2050,71,3,0.03880149672400433,0
2050,71,7,0.010571510401687264,0
2050,71,9,0.07842312147766607,0
2050,71,10,0.03381599782214917,0
2050,71,11,0.09766659082089067,0
2050,71,12,0.1023902917009473,0
2050,71,14,0.04604279787357855,0
2050,71,17,0.022393815246446024,0
2050,71,18,0.11848792934777577,0
2050,71,24,0.027484344626269586,0
2050,71,25,0.1082660143007611,0
2050,71,28,0.3156560896578241,0
2050,72,2,0.04348262115363844,0
2050,72,4,0.19578419753044465,0
2050,72,6,0.200558284616122,0
2050,72,7,0.048033462613129393,0
2050,72,9,0.06079507814332266,0
2050,72,11,0.15937053947526839,0
2050,72,12,0.04754025627317712,0
2050,72,20,0.09575255212158632,0
2050,72,21,0.10600571986874334,0
2050,72,24,0.011904784922403738,0
2050,72,28,0.030772503282163955,0
2050,73,1,0.04429619572942834,0
2050,73,4,0.20427360315778154,0
2050,73,6,0.17194242512226104,0
2050,73,7,0.08433281055345046,0
2050,73,11,0.08294524633209177,0
2050,73,12,0.05974608290653721,0
2050,73,16,0.09617995773075985,0
2050,73,17,0.028191601033868006,0
2050,73,19,0.014089091821173239,0
2050,73,21,0.11583566583613399,0
2050,73,29,0.07382587770234329,0
2050,73,30,0.0243414420741714,0
2050,74,1,0.014661244802507203,0
2050,74,3,0.02035229231971473,0
2050,74,4,0.027425295887361544,0
2050,74,6,0.07993114679874735,0
2050,74,7,0.23536373636310054,0
2050,74,12,0.17275864231456803,0
2050,74,17,0.03096523247080726,0
2050,74,18,0.022306079874421337,0
2050,74,20,0.08680598212714642,0
2050,74,21,0.06315160076132355,0
2050,74,24,0.03944641658220874,0
2050,74,28,0.093520862834652,0
2050,74,29,0.11331146686344128,0
2050,75,2,0.03759951807092396,0
2050,75,6,0.20500313663389208,0
2050,75,7,0.11315732838296808,0
2050,75,10,0.09544170662370513,0
2050,75,12,0.18298576437756006,0
2050,75,17,0.01513537134439329,0
2050,75,20,0.2073130780918605,0
2050,75,22,0.06482089543732557,0
2050,75,28,0.07854320103737124,0
2050,76,2,0.01674079414609127,0
2050,76,6,0.3522034755335965,0
2050,76,7,0.15873393269794445,0
2050,76,17,0.05611838560700791,0
2050,76,20,0.10971208228475479,0
2050,76,22,0.225807246721542,0
2050,76,28,0.08068408300906309,0
2050,77,1,0.11863707907850168,0
2050,77,5,0.09743606461568594,0
2050,77,6,0.10644704013855154,0
2050,77,7,0.1573630295047719,0
2050,77,11,0.13102815387678482,0
2050,77,20,0.026922002979780563,0
2050,77,25,0.15778175810089043,0
2050,77,27,0.1593081239215628,0
2050,77,28,0.04507674778347023,0
2050,78,1,0.16531783572276462,0
2050,78,3,0.02690439487663109,0
2050,78,5,0.015194332589298372,0
2050,78,6,0.06508957727866467,0
2050,78,8,0.04623154719775326,0
2050,78,11,0.18577883807703968,0
2050,78,12,0.04548109257595336,0
2050,78,16,0.0745428005724702,0
2050,78,21,0.03151614992804647,0
2050,78,23,0.04604674722771424,0
2050,78,24,0.11434674838710165,0
2050,78,25,0.018276004078746952,0
2050,78,27,0.1479680055295265,0
2050,78,28,0.017305925958288976,0
2050,79,1,0.11803901181649565,0
2050,79,3,0.21361105986599682,0
2050,79,5,0.06757111792078938,0
2050,79,6,0.27691181458229874,0
2050,79,11,0.23620064450265238,0
2050,79,16,0.05639942584547504,0
2050,79,20,0.0206227804005656,0
2050,79,25,0.010644145065726422,0
2050,80,1,0.06204902868054866,0
2050,80,6,0.02283687479671704,0
2050,80,11,0.02160433567241528,0
2050,80,12,0.41285484928194605,0
2050,80,18,0.012154345812809171,0
2050,80,21,0.14122746692801197,0
2050,80,24,0.20987501034503492,0
2050,80,25,0.05339044245732396,0
2050,80,27,0.06400764602519307,0
2050,81,1,0.045334313304330666,0
2050,81,6,0.061436226030198465,0
2050,81,9,0.08719214985721382,0
2050,81,11,0.06085485833438897,0
2050,81,12,0.03245466879792024,0
2050,81,13,0.06633912506343248,0
2050,81,16,0.017478384635806705,0
2050,81,18,0.08188908448403046,0
2050,81,20,0.12410650859166833,0
2050,81,24,0.12981738726714454,0
2050,81,26,0.14348870975156824,0
2050,81,28,0.14960858388229692,0
2050,82,4,0.1425382799817294,0
2050,82,6,0.21855706255994306,0
2050,82,11,0.24216613888738753,0
2050,82,12,0.19495590137255314,0
2050,82,17,0.11382137880326322,0
2050,82,19,0.04344081025633646,0
2050,82,22,0.04452042813878708,0
2050,83,11,1.0,0
2050,84,3,0.20888417872570705,0
2050,84,6,0.02765525517927767,0
2050,84,7,0.08991102630234556,0
2050,84,11,0.2547226955263105,0
2050,84,20,0.038140225334288555,0
2050,84,21,0.043641673857519755,0
2050,84,23,0.0756975537498596,0
2050,84,24,0.08616695178751083,0
2050,84,25,0.040478351273845935,0
2050,84,26,0.1347020882633344,0
2050,85,4,0.23420202172677682,0
2050,85,6,0.15335620631021235,0
2050,85,9,0.19284885661596976,0
2050,85,10,0.03603198485194718,0
2050,85,11,0.17030231640178056,0
2050,85,12,0.0983552230646836,0
2050,85,23,0.0984060414768697,0
2050,85,30,0.016497349551759948,0
2050,86,24,1.0,0
2050,87,1,0.013356563703520515,0
2050,87,3,0.24630856047591582,0
2050,87,4,0.020977269677474836,0
2050,87,7,0.3058952128754435,0
2050,87,8,0.06540020846327657,0
2050,87,11,0.10464385441601948,0
2050,87,16,0.05361406956969298,0
2050,87,18,0.06395750294708537,0
2050,87,23,0.05395856336901498,0
2050,87,24,0.071888194502556,0
2050,88,4,0.2886713148344809,0
2050,88,7,0.18744354815519024,0
2050,88,9,0.0760928313140736,0
2050,88,12,0.04191460709130858,0
2050,88,18,0.13363955478795644,0
2050,88,21,0.08856274620561005,0
2050,88,24,0.10334243735981627,0
2050,88,28,0.0362538160669725,0
2050,88,30,0.044079144184591364,0
2050,89,4,0.19952456484495654,0
2050,89,7,0.503691454191876,0
2050,89,9,0.11411758412900151,0
2050,89,12,0.033989023181660756,0
2050,89,18,0.04581878985969707,0
2050,89,24,0.1028585837928082,0
2050,90,4,0.07638152556929355,0
2050,90,7,0.6637776425414171,0
2050,90,9,0.033903189504534886,0
2050,90,11,0.023070339999826366,0
2050,90,16,0.05675143921972187,0
2050,90,24,0.11956752874201071,0
2050,90,28,0.026548334423195596,0
2050,91,7,1.0,0
2050,92,2,0.02250374653725382,0
2050,92,7,0.348826316676749,0
2050,92,18,0.15006903465162635,0
2050,92,20,0.06083785993038528,0
2050,92,21,0.08057840147163453,0
2050,92,24,0.1522133613650157,0
2050,92,25,0.1849712793673353,0
2050,93,3,0.1719676443145541,0
2050,93,5,0.14249359983150475,0
2050,93,6,0.08173424466313102,0
2050,93,7,0.06206379624293735,0
2050,93,10,0.1520241852942175,0
2050,93,11,0.16162351582315831,0
2050,93,14,0.021367698619052092,0
2050,93,15,0.013185209138044827,0
2050,93,17,0.01666299611955247,0
2050,93,18,0.011565650028156411,0
2050,93,25,0.11518442548638769,0
2050,93,28,0.050127034439303525,0
2050,94,1,0.1446654186695153,0
2050,94,6,0.3183572536136503,0
2050,94,7,0.027504627011198244,0
2050,94,8,0.044329343550773614,0
2050,94,11,0.05718610385006891,0
2050,94,12,0.038680261829822135,0
2050,94,14,0.025831112329641085,0
2050,94,21,0.05539385329432214,0
2050,94,23,0.01983095504587099,0
2050,94,25,0.07267744946739173,0
2050,94,26,0.05255039107502833,0
2050,94,27,0.08128546884853592,0
2050,94,28,0.06170776141418145,0
2050,95,1,0.08558803636879692,0
2050,95,3,0.11847299657643137,0
2050,95,6,0.07303494643908923,0
2050,95,9,0.015915707026856685,0
2050,95,11,0.07826787898620888,0
2050,95,14,0.17137209841079326,0
2050,95,17,0.0394520156535352,0
2050,95,22,0.01587470726664475,0
2050,95,24,0.028281131287589086,0
2050,95,25,0.1916620419659721,0
2050,95,26,0.10675856635818912,0
2050,95,28,0.07531987365989343,0
2050,96,1,0.021940267070708248,0
2050,96,3,0.1884124094023969,0
2050,96,6,0.2656111062571958,0
2050,96,11,0.08470418613669028,0
2050,96,14,0.26266165363313715,0
2050,96,20,0.047583473443234624,0
2050,96,25,0.12908690405663703,0
2050,97,6,0.2535262775763656,0
2050,97,7,0.05812967098110231,0
2050,97,9,0.056206872855962355,0
2050,97,11,0.01593856530017282,0
2050,97,14,0.023794818866992112,0
2050,97,20,0.1948730146991279,0
2050,97,22,0.09255786858005097,0
2050,97,25,0.3049729111402259,0
2050,98,6,0.3466239439540623,0
2050,98,9,0.09368583641945069,0
2050,98,11,0.11303636775125075,0
2050,98,20,0.018225116677707896,0
2050,98,22,0.07688067975457356,0
2050,98,25,0.16252055244500335,0
2050,98,26,0.020461910595366926,0
2050,98,28,0.1685655924025846,0
2050,99,6,1.0,0
2050,100,1,0.02250399902248454,0
2050,100,6,0.5077534454174865,0
2050,100,11,0.1022270760549176,0
2050,100,17,0.046549292617109085,0
2050,100,19,0.06496202105727986,0
2050,100,26,0.0209200996047921,0
2050,100,28,0.2350840662259304,0
2050,101,1,0.015217868136798946,0
2050,101,5,0.014101456759712666,0
2050,101,6,0.09093403369593489,0
2050,101,7,0.08091030415686126,0
2050,101,8,0.22778601671288937,0
2050,101,12,0.19618110784842194,0
2050,101,13,0.06535546555937864,0
2050,101,16,0.11020657285137007,0
2050,101,21,0.09368351074563654,0
2050,101,25,0.039255632791792734,0
2050,101,28,0.06636803074120294,0
2050,102,2,0.057155727145555696,0
2050,102,4,0.26321219815101254,0
2050,102,6,0.15335488967594094,0
2050,102,12,0.10602234609611849,0
2050,102,19,0.08564114518682761,0
2050,102,25,0.22517412316860205,0
2050,102,28,0.07083912870378183,0
2050,102,29,0.03860044187216081,0
2050,103,2,0.014260583174432772,0
2050,103,4,0.17182025503441123,0
2050,103,6,0.17093625701335277,0
2050,103,13,0.1403393612061433,0
2050,103,15,0.039218269670780695,0
2050,103,17,0.07449342889113302,0
2050,103,19,0.026067097366335817,0
2050,103,22,0.012354515525819867,0
2050,103,25,0.25832141009938403,0
2050,103,28,0.09218882201820662,0
2050,104,2,0.014835700470555697,0
2050,104,4,0.17845788733068463,0
2050,104,6,0.09991820643278822,0
2050,104,7,0.09761821587991512,0
2050,104,11,0.022524327313749305,0
2050,104,12,0.04660291363343133,0
2050,104,17,0.044035241125264676,0
2050,104,19,0.12909458818535277,0
2050,104,25,0.28099386465422355,0
2050,104,29,0.08591905497403468,0
2050,105,2,0.09081160753481513,0
2050,105,4,0.01284067818331969,0
2050,105,6,0.07189633214769048,0
2050,105,7,0.11089477454803275,0
2050,105,17,0.08547213646886193,0
2050,105,25,0.33917878466958457,0
2050,105,28,0.06376803489276443,0
2050,105,29,0.22513765155493096,0
2050,106,2,0.06406227577516302,0
2050,106,4,0.08158552263857907,0
2050,106,6,0.2703186662974839,0
2050,106,11,0.03641487209814992,0
2050,106,12,0.07269462195697333,0
2050,106,17,0.14181156100365722,0
2050,106,25,0.3007681850465106,0
2050,106,28,0.03234429518348285,0
2050,107,6,0.20223094592220336,0
2050,107,8,0.05227221803017283,0
2050,107,9,0.04315086112496786,0
2050,107,12,0.20552730689015658,0
2050,107,13,0.05769704522421128,0
2050,107,14,0.022883105850568724,0
2050,107,17,0.06251095000763396,0
2050,107,21,0.044043907824811386,0
2050,107,24,0.011510376954020185,0
2050,107,25,0.19595183074528108,0
2050,107,28,0.10222145142597276,0
2050,108,6,0.10669143010892598,0
2050,108,7,0.12291918496644787,0
2050,108,8,0.06728318921009624,0
2050,108,9,0.07552312327923237,0
2050,108,11,0.105020755214632,0
2050,108,13,0.04086152600791117,0
2050,108,14,0.13733167557205184,0
2050,108,17,0.06561098311093978,0
2050,108,18,0.016128036523978533,0
2050,108,25,0.19807611179251713,0
2050,108,28,0.06455398421326727,0
2050,109,1,0.017366908824048576,0
2050,109,4,0.05293470084432357,0
2050,109,6,0.41481199053434636,0
2050,109,8,0.014357201917032207,0
2050,109,12,0.0540828966041722,0
2050,109,17,0.11226282275480359,0
2050,109,21,0.04690969459986574,0
2050,109,25,0.059316720519398895,0
2050,109,26,0.054567645917133874,0
2050,109,28,0.17338941748487505,0
2050,110,2,0.016546042884355183,0
2050,110,4,0.05851115770721608,0
2050,110,6,0.2890172493589568,0
2050,110,10,0.020950365437683832,0
2050,110,11,0.0784765562191565,0
2050,110,21,0.0236148438261135,0
2050,110,24,0.015284206111541552,0
2050,110,25,0.42590906008589263,0
2050,110,28,0.04980238223863403,0
2050,110,29,0.02188813613044988,0
2050,111,25,1.0,0
2050,112,5,0.04472111957758297,0
2050,112,6,0.21188443686860697,0
2050,112,8,0.021439180327819603,0
2050,112,12,0.08650458785222279,0
2050,112,19,0.06835401492995619,0
2050,112,25,0.3455882055041158,0
2050,112,27,0.12969108648360186,0
2050,112,28,0.09181736845609385,0
2050,113,2,0.14113129964950727,0
2050,113,6,0.3675393082470669,0
2050,113,11,0.027721776378501477,0
2050,113,17,0.24836679214618407,0
2050,113,25,0.18346810142145673,0
2050,113,28,0.03177272215728366,0
2050,114,1,0.114464047871498,0
2050,114,6,0.25214240020592976,0
2050,114,8,0.043579603882089514,0
2050,114,11,0.051306599011551,0
2050,114,17,0.14862765213847892,0
2050,114,19,0.08852364489515505,0
2050,114,25,0.24535143065270826,0
2050,114,27,0.013274337664044709,0
2050,114,30,0.042730283678544805,0
2050,115,1,0.07685358622177749,0
2050,115,3,0.08512580694644539,0
2050,115,7,0.023634420316410353,0
2050,115,8,0.15949434180414926,0
2050,115,11,0.027110166181933244,0
2050,115,13,0.07268407844902974,0
2050,115,16,0.05780033281101714,0
2050,115,19,0.10504911848314767,0
2050,115,21,0.0926155894633015,0
2050,115,25,0.19783884727702736,0
2050,115,30,0.10179371204576083,0
2050,116,1,0.09981816021944431,0
2050,116,5,0.06828893882512428,0
2050,116,6,0.11873825329328246,0
2050,116,8,0.05771170875858251,0
2050,116,11,0.21811277967018164,0
2050,116,14,0.012441672876766289,0
2050,116,25,0.14542703588508285,0
2050,116,26,0.07176482379309067,0
2050,116,27,0.09459080167074785,0
2050,116,30,0.11310582500769714,0
2050,117,1,0.015183016039125394,0
2050,117,3,0.13312041437832323,0
2050,117,5,0.13563893982080533,0
2050,117,8,0.13000146551352246,0
2050,117,11,0.10361349901950367,0
2050,117,14,0.043618639964625824,0
2050,117,25,0.2810926007985376,0
2050,117,26,0.15773142446555635,0
2050,118,3,0.09803246448406723,0
2050,118,5,0.09735466771540564,0
2050,118,6,0.0749555944728951,0
2050,118,7,0.14083008970762434,0
2050,118,8,0.23435199234490023,0
2050,118,11,0.029831673835403808,0
2050,118,14,0.05846320910419559,0
2050,118,25,0.21093959071952342,0
2050,118,28,0.055240717615984675,0
2050,119,2,0.07148287766470647,0
2050,119,6,0.15357211822094247,0
2050,119,7,0.18117151525262493,0
2050,119,8,0.018128573930106005,0
2050,119,12,0.1197075146204268,0
2050,119,17,0.06884700284057167,0
2050,119,19,0.054706297899010374,0
2050,119,21,0.0873127377166812,0
2050,119,25,0.15507380601215515,0
2050,119,30,0.0899975558427751,0
2050,120,1,0.025199805237534827,0
2050,120,2,0.17849394815209219,0
2050,120,6,0.12119970757278305,0
2050,120,8,0.251298397475061,0
2050,120,15,0.020010861461942427,0
2050,120,21,0.12158575308035127,0
2050,120,30,0.2822115270202353,0
2050,121,2,0.30499251054469845,0
2050,121,8,0.2655743704168954,0
2050,121,11,0.1864719395491057,0
2050,121,14,0.05078500241641691,0
2050,121,15,0.02668670801479292,0
2050,121,26,0.1654894690580907,0
2050,122,2,0.09345219814511513,0
2050,122,3,0.026187516837335337,0
2050,122,6,0.10112495062051051,0
2050,122,8,0.11744110872066726,0
2050,122,11,0.04648266048378797,0
2050,122,15,0.1976878883053159,0
2050,122,17,0.07201564052120117,0
2050,122,26,0.1428532033882727,0
2050,122,30,0.20275483297779404,0
2050,123,8,1.0,0
2050,124,30,1.0,0
2050,125,2,0.17628508331897197,0
2050,125,7,0.03802894108343212,0
2050,125,8,0.3525023104865904,0
2050,125,15,0.15177322599556425,0
2050,125,16,0.1220624818668018,0
2050,125,18,0.05563213531139544,0
2050,125,21,0.10371582193724402,0
2050,126,2,0.3079091905230335,0
2050,126,4,0.10721611187591377,0
2050,126,7,0.06772002983207193,0
2050,126,8,0.26627036140648,0
2050,126,14,0.019199646673643427,0
2050,126,15,0.10309953503377947,0
2050,126,16,0.0950983722632702,0
2050,126,30,0.03348675239180779,0
2050,127,2,0.35510496780893364,0
2050,127,5,0.06296884557311948,0
2050,127,8,0.0989215488664202,0
2050,127,15,0.23049680995879196,0
2050,127,19,0.028020584010409796,0
2050,127,20,0.02181833030921387,0
2050,127,30,0.202668913473111,0
2050,128,1,0.061309663924919065,0
2050,128,2,0.369807699459384,0
2050,128,6,0.01777878206336694,0
2050,128,15,0.22417074654518124,0
2050,128,26,0.23345198363229783,0
2050,128,30,0.09348112437485104,0
2050,129,2,0.258258400421747,0
2050,129,8,0.4629739207750248,0
2050,129,15,0.2241093384256376,0
2050,129,21,0.054658340377590646,0
2050,130,15,1.0,0
2050,131,2,0.08280648821485284,0
2050,131,8,0.21282060409072312,0
2050,131,12,0.042631073246873645,0
2050,131,15,0.502667581247965,0
2050,131,19,0.15907425319958543,0
2050,132,2,0.37509822735215165,0
2050,132,8,0.10857358127245258,0
2050,132,15,0.24919750874763708,0
2050,132,19,0.2671306826277588,0
2050,133,2,1.0,0
2050,134,2,0.09022260758937482,0
2050,134,3,0.013215247395162395,0
2050,134,5,0.03441633561421704,0
2050,134,8,0.046353190423666854,0
2050,134,11,0.15867420978252478,0
2050,134,14,0.10661325084021094,0
2050,134,15,0.18781974112364797,0
2050,134,17,0.03269922563665786,0
2050,134,19,0.03589460114865154,0
2050,134,26,0.20246577052209797,0
2050,134,27,0.05744301793199809,0
2050,134,30,0.0341828019917897,0
2050,135,26,1.0,0
2050,136,5,0.010075874407830629,0
2050,136,8,0.36645874348929347,0
2050,136,15,0.12970226318942762,0
2050,136,16,0.10382776941383169,0
2050,136,17,0.18650924039832595,0
2050,136,19,0.06474780359797923,0
2050,136,26,0.13867830550331156,0
2050,137,2,0.11208164284473114,0
2050,137,4,0.04408491857462044,0
2050,137,7,0.025985422072884776,0
2050,137,15,0.2028070670141843,0
2050,137,17,0.17345905171627057,0
2050,137,19,0.17550253347079836,0
2050,137,21,0.1195243330076922,0
2050,137,26,0.03983245708377615,0
2050,137,30,0.10672257421504207,0
2050,138,2,0.09892709785766603,0
2050,138,8,0.27118141404303625,0
2050,138,11,0.1438751595354032,0
2050,138,15,0.06408460300131653,0
2050,138,17,0.03342915400990293,0
2050,138,19,0.1553457327409904,0
2050,138,21,0.16912681629397486,0
2050,138,26,0.026876081452955624,0
2050,138,30,0.037153941064754004,0
2050,139,2,0.020048263476378374,0
2050,139,5,0.011899323519772936,0
2050,139,7,0.11160219305697994,0
2050,139,8,0.057692462535617065,0
2050,139,16,0.05688533875055138,0
2050,139,19,0.11536994466517259,0
2050,139,21,0.15197482421095726,0
2050,139,26,0.145684907422821,0
2050,139,30,0.32884274236174943,0
2050,140,5,0.21088186847146936,0
2050,140,8,0.13869033118977125,0
2050,140,11,0.0638599599153696,0
2050,140,14,0.07133366794229141,0
2050,140,15,0.13138078830449126,0
2050,140,19,0.06432011000647904,0
2050,140,26,0.31953327417012817,0
2050,141,3,0.046414266708683066,0
2050,141,5,0.11460784896858271,0
2050,141,8,0.12345161348476358,0
2050,141,11,0.10136494393818798,0
2050,141,13,0.03375702818494474,0
2050,141,14,0.09060120507852376,0
2050,141,15,0.08647755800500878,0
2050,141,17,0.09137710404041115,0
2050,141,26,0.31194843159089414,0
2050,142,2,0.011047420893728163,0
2050,142,3,0.09524438041770508,0
2050,142,14,0.12066837360203457,0
2050,142,15,0.09783972350146833,0
2050,142,17,0.0917974912574981,0
2050,142,19,0.15555999520139915,0
2050,142,20,0.058829722230081184,0
2050,142,21,0.047182336402615994,0
2050,142,26,0.25831905571498076,0
2050,142,28,0.06351150077848872,0
2050,143,2,0.22157081875165727,0
2050,143,4,0.013414905655881874,0
2050,143,5,0.09026720096137722,0
2050,143,8,0.033692323835679404,0
2050,143,11,0.17332200445836107,0
2050,143,17,0.07029240587504865,0
2050,143,20,0.09609431192729385,0
2050,143,21,0.017961047496756186,0
2050,143,22,0.042135120016245003,0
2050,143,25,0.017297791920098685,0
2050,143,26,0.19669578767695367,0
2050,143,27,0.027256281424647155,0
2050,144,1,0.05047489232389119,0
2050,144,5,0.15377552216488208,0
2050,144,8,0.0883092603691946,0
2050,144,11,0.12790920495522723,0
2050,144,15,0.1168155458299655,0
2050,144,17,0.06614311135105705,0
2050,144,19,0.17706087051221897,0
2050,144,26,0.14658099143459646,0
2050,144,27,0.011572125381134198,0
2050,144,28,0.061358475677832786,0
2050,145,1,0.10219694869387182,0
2050,145,2,0.01984750552286783,0
2050,145,5,0.2314450572709756,0
2050,145,8,0.10259651466807596,0
2050,145,11,0.15165098214560171,0
2050,145,15,0.12369834554030604,0
2050,145,19,0.05278001554711868,0
2050,145,25,0.03532408113250526,0
2050,145,26,0.14409537704256628,0
2050,145,27,0.012623809807531442,0
2050,145,30,0.023741362628579198,0
2050,146,2,0.02750573623633596,0
2050,146,5,0.3155918502223989,0
2050,146,8,0.11413825236540755,0
2050,146,13,0.04452362253028345,0
2050,146,15,0.2022459480973707,0
2050,146,17,0.07436174834541631,0
2050,146,21,0.08702339645543669,0
2050,146,25,0.10942506076064634,0
2050,146,28,0.025184384986703966,0
2050,147,5,0.05641107574865478,0
2050,147,7,0.06150739794431143,0
2050,147,11,0.05911746023393906,0
2050,147,14,0.04089077026667876,0
2050,147,15,0.3539696461112318,0
2050,147,17,0.19338969676454945,0
2050,147,25,0.18297297567880716,0
2050,147,26,0.051740977251827615,0
2050,148,5,0.16449533290183882,0
2050,148,8,0.17785696900732395,0
2050,148,12,0.07178414775563649,0
2050,148,15,0.10183346729315335,0
2050,148,19,0.2923040822305128,0
2050,148,26,0.0473302826998277,0
2050,148,29,0.08189631975074174,0
2050,148,30,0.06249939836096523,0
2050,149,5,0.10960318702442104,0
2050,149,8,0.18522142995522334,0
2050,149,11,0.022575537995650125,0
2050,149,15,0.0890999755167326,0
2050,149,17,0.02512870569516759,0
2050,149,19,0.3075470183570376,0
2050,149,26,0.07431615448481205,0
2050,149,27,0.12534607579114793,0
2050,149,30,0.06116191517980787,0
2050,150,2,0.24661818115308548,0
2050,150,5,0.03188345252297068,0
2050,150,13,0.08643521868261846,0
2050,150,15,0.023891422426562323,0
2050,150,19,0.2487622634413058,0
2050,150,21,0.24429141643306612,0
2050,150,30,0.11811804534039125,0
2050,151,2,0.13327546725516903,0
2050,151,4,0.20389297010558138,0
2050,151,8,0.21857106814397964,0
2050,151,19,0.26766663035456517,0
2050,151,21,0.08031876671540755,0
2050,151,30,0.09627509742529733,0
2050,152,2,0.19483514413650024,0
2050,152,4,0.15766212846978556,0
2050,152,8,0.028075106364638232,0
2050,152,11,0.03341465895509472,0
2050,152,15,0.09512162965481859,0
2050,152,17,0.029302914265494504,0
2050,152,19,0.2961457072582675,0
2050,152,27,0.018954815101670474,0
2050,152,28,0.04249781983358426,0
2050,152,30,0.10399007596014581,0
2050,153,2,0.08543128926701817,0
2050,153,4,0.07642026286325755,0
2050,153,8,0.2548617405164629,0
2050,153,15,0.032231901034088725,0
2050,153,16,0.09243634490683918,0
2050,153,19,0.2795406528584808,0
2050,153,21,0.17907780855385272,0
2050,154,2,0.4675009386016215,0
2050,154,4,0.13155087904154622,0
2050,154,5,0.0566718314261097,0
2050,154,19,0.18638573534006783,0
2050,154,21,0.10512450941909385,0
2050,154,29,0.042425492634821795,0
2050,154,30,0.010340613536739098,0
2050,155,2,0.34073178279864735,0
2050,155,6,0.14693319881673103,0
2050,155,11,0.14557539805530054,0
2050,155,15,0.07235518165452519,0
2050,155,17,0.12215406044335275,0
2050,155,19,0.14920974996270678,0
2050,155,26,0.02304062826873633,0
2050,156,2,0.01920607986024409,0
2050,156,3,0.05862882882183774,0
2050,156,5,0.1584305669259549,0
2050,156,6,0.014470909949964974,0
2050,156,8,0.2270510243590044,0
2050,156,11,0.025063237863422974,0
2050,156,15,0.07967654751201086,0
2050,156,17,0.023787093174267325,0
2050,156,19,0.39368571153329274,0
2050,157,19,1.0,0
2050,158,1,0.01579618284812154,0
2050,158,2,0.3259589873602498,0
2050,158,4,0.025476873470585946,0
2050,158,6,0.13090393263746633,0
2050,158,14,0.022105312826965307,0
2050,158,17,0.07293758941288979,0
2050,158,19,0.4068211214437212,0
2050,159,2,0.24567356502659732,0
2050,159,4,0.013844265601224273,0
2050,159,5,0.11723552822517365,0
2050,159,8,0.15002625484701665,0
2050,159,14,0.15889208058416704,0
2050,159,19,0.16666771584077109,0
2050,159,21,0.07048888933655556,0
2050,159,25,0.0115148099497032,0
2050,159,27,0.06565689058879118,0
2050,160,2,0.1545472293385855,0
2050,160,5,0.26423256033201953,0
2050,160,8,0.2559056580354308,0
2050,160,14,0.13722768827028894,0
2050,160,15,0.03588863140937807,0
2050,160,21,0.052411665711381804,0
2050,160,27,0.09978656690291542,0
2050,161,2,0.2414985071982713,0
2050,161,5,0.10342939197220524,0
2050,161,8,0.1162138774283981,0
2050,161,14,0.11196441587838105,0
2050,161,19,0.18565300990111844,0
2050,161,21,0.04216736009480396,0
2050,161,27,0.19907343752682194,0
2050,162,1,0.06908254452891799,0
2050,162,2,0.09115163807900102,0
2050,162,4,0.02094179311467983,0
2050,162,5,0.15576828471774012,0
2050,162,6,0.0809534374084996,0
2050,162,8,0.03457528260913024,0
2050,162,14,0.09289055196026577,0
2050,162,19,0.23954973506369603,0
2050,162,25,0.027836402272747682,0
2050,162,27,0.18725033024532178,0
2050,163,1,0.1168079688793245,0
2050,163,2,0.10969002402836979,0
2050,163,5,0.2959894311959846,0
2050,163,6,0.03764754523627766,0
2050,163,11,0.08141720562834998,0
2050,163,14,0.026296207922763347,0
2050,163,15,0.06382822936376757,0
2050,163,19,0.05912996435011063,0
2050,163,24,0.05166731440740339,0
2050,163,26,0.08809374466420208,0
2050,163,27,0.05341900081984467,0
2050,163,28,0.016013363503601892,0
2050,164,1,0.05979246137582606,0
2050,164,5,0.2574869577220281,0
2050,164,8,0.12137043583224397,0
2050,164,11,0.03012439369399947,0
2050,164,14,0.03846637292757312,0
2050,164,15,0.10722481055071939,0
2050,164,17,0.031094062454421888,0
2050,164,19,0.02692568807090636,0
2050,164,21,0.05541282613636234,0
2050,164,24,0.042728467524967194,0
2050,164,25,0.03270090398900172,0
2050,164,26,0.03711330125052516,0
2050,164,27,0.15955931847142535,0
2050,165,1,0.12376473088500273,0
2050,165,2,0.22528212171767956,0
2050,165,5,0.11760327702134861,0
2050,165,6,0.13052883884235833,0
2050,165,17,0.20795430738570111,0
2050,165,19,0.0891450051080976,0
2050,165,21,0.04929447925952462,0
2050,165,25,0.0564272397802873,0
2050,166,1,0.028847247372520184,0
2050,166,2,0.2453293478927792,0
2050,166,4,0.04094646241876294,0
2050,166,5,0.2820209291726949,0
2050,166,11,0.026573878295955138,0
2050,166,17,0.13724874589773173,0
2050,166,22,0.06553644562170309,0
2050,166,25,0.10657266474335374,0
2050,166,27,0.06692427858449909,0
2050,167,2,0.09735272194884852,0
2050,167,5,0.2833169908466826,0
2050,167,11,0.11905438273246449,0
2050,167,14,0.015592675003051643,0
2050,167,15,0.04659954704569079,0
2050,167,17,0.11964505049285822,0
2050,167,19,0.03379412153160944,0
2050,167,26,0.1399483089630694,0
2050,167,27,0.06807733959117154,0
2050,167,28,0.07661886184455333,0
2050,168,3,0.017347914173280396,0
2050,168,5,0.10068462465740548,0
2050,168,7,0.09542760033635127,0
2050,168,8,0.1502760450412421,0
2050,168,14,0.06747564391749672,0
2050,168,15,0.05707839754220261,0
2050,168,16,0.07590661758802941,0
2050,168,17,0.18403477073394925,0
2050,168,19,0.1652323494953287,0
2050,168,26,0.06384864214057798,0
2050,168,28,0.02268739437413619,0
2050,169,2,0.10305588647219785,0
2050,169,4,0.010214110169511587,0
2050,169,5,0.15485557693446853,0
2050,169,8,0.026902248305953582,0
2050,169,10,0.04232076200425388,0
2050,169,15,0.03951956203698731,0
2050,169,17,0.0980064943412672,0
2050,169,19,0.2129455609433041,0
2050,169,20,0.07952089903849002,0
2050,169,21,0.09000722579084244,0
2050,169,23,0.10469681100879567,0
2050,169,25,0.02786785178796175,0
2050,169,29,0.010087011165966034,0
2050,170,1,0.10548959273936132,0
2050,170,2,0.07006533137361673,0
2050,170,5,0.3263064067364085,0
2050,170,15,0.14285947346006184,0
2050,170,16,0.0508386303091051,0
2050,170,17,0.07202458714745112,0
2050,170,19,0.09936612061974365,0
2050,170,20,0.012810155033752497,0
2050,170,21,0.07828405565214096,0
2050,170,25,0.04195564692835812,0
2050,171,1,0.154076097883102,0
2050,171,5,0.39210147847709576,0
2050,171,15,0.1728165510279547,0
2050,171,17,0.1363898777585277,0
2050,171,26,0.14461599485331986,0
2050,172,1,0.19750678262381524,0
2050,172,5,0.31670967927842664,0
2050,172,8,0.13034063419733932,0
2050,172,14,0.03958419313190932,0
2050,172,15,0.1629106982062541,0
2050,172,17,0.03687153636434711,0
2050,172,19,0.011340200305729648,0
2050,172,26,0.10473627589217856,0
2050,173,1,0.13660277008272362,0
2050,173,5,0.45596375533029565,0
2050,173,8,0.10289743654882133,0
2050,173,14,0.10107999534465523,0
2050,173,15,0.10274991898505653,0
2050,173,21,0.01847608182543132,0
2050,173,26,0.021043316832062908,0
2050,173,30,0.06118672505095353,0
2050,174,1,0.028741123166258747,0
2050,174,2,0.15756376474347406,0
2050,174,5,0.318108508981475,0
2050,174,8,0.05428786035992536,0
2050,174,14,0.16258842251291805,0
2050,174,15,0.05310751159513025,0
2050,174,21,0.09907741571820808,0
2050,174,24,0.10383353097469065,0
2050,174,26,0.022691861947919834,0
2050,175,1,0.015323034250394076,0
2050,175,2,0.32525755193662553,0
2050,175,5,0.1732476691050497,0
2050,175,6,0.034913653070800604,0
2050,175,12,0.03344653285338257,0
2050,175,17,0.3144070525273362,0
2050,175,21,0.05889901473002868,0
2050,175,22,0.04450549152638262,0
2050,176,1,0.10731433022756806,0
2050,176,2,0.11202671680290696,0
2050,176,5,0.11885074714216134,0
2050,176,6,0.26177287331074195,0
2050,176,15,0.07475980296216618,0
2050,176,17,0.2193173758884104,0
2050,176,19,0.10595815366604512,0
2050,177,1,0.16815553240274395,0
2050,177,5,0.16386447896209655,0
2050,177,6,0.05921877697863352,0
2050,177,10,0.019685854917115234,0
2050,177,11,0.05386828138297273,0
2050,177,14,0.023655063480511312,0
2050,177,15,0.14965269273347534,0
2050,177,17,0.17064086040314883,0
2050,177,19,0.08449803533556895,0
2050,177,26,0.10676042340373376,0
2050,178,1,0.12790964900572646,0
2050,178,3,0.06333809603813592,0
2050,178,5,0.4128111652033618,0
2050,178,8,0.0651443050261071,0
2050,178,17,0.03522045054774656,0
2050,178,19,0.14390343907648387,0
2050,178,26,0.15167289510243834,0
2050,179,1,0.11231176643255553,0
2050,179,3,0.11808852595950478,0
2050,179,5,0.33842399748147145,0
2050,179,11,0.014129333770143582,0
2050,179,15,0.21289344827445578,0
2050,179,17,0.09532347190336099,0
2050,179,19,0.10882945617850788,0
2050,180,1,0.15944698721497547,0
2050,180,5,0.2644329729027954,0
2050,180,6,0.04019763214149966,0
2050,180,15,0.11224565794680766,0
2050,180,17,0.15096678915084893,0
2050,180,19,0.11613431658412815,0
2050,180,26,0.1565756440589448,0
2050,181,1,0.12503879171341958,0
2050,181,5,0.24110911893495587,0
2050,181,15,0.1608143986140681,0
2050,181,17,0.17467522163490062,0
2050,181,19,0.08303504956555348,0
2050,181,26,0.09419418815742665,0
2050,181,27,0.05782656879285285,0
2050,181,28,0.06330666258682298,0
2050,182,1,0.07131514601644712,0
2050,182,2,0.09367003151360832,0
2050,182,5,0.3624800522442557,0
2050,182,8,0.17368013918709857,0
2050,182,19,0.0626761683065655,0
2050,182,21,0.024380485825933468,0
2050,182,25,0.08795043446711498,0
2050,182,27,0.12384754243897625,0
2050,183,1,0.10085989500304746,0
2050,183,2,0.13362096654600122,0
2050,183,5,0.4250470977695717,0
2050,183,15,0.011109731913960875,0
2050,183,17,0.14651895808968013,0
2050,183,19,0.12432668166719076,0
2050,183,25,0.058516669010547855,0
2050,184,1,0.0900197744950043,0
2050,184,5,0.17853904437479012,0
2050,184,6,0.09561981039232974,0
2050,184,11,0.047333835723174005,0
2050,184,14,0.03659089803175076,0
2050,184,15,0.04489851589519686,0
2050,184,17,0.09228831492585568,0
2050,184,19,0.24544093980592036,0
2050,184,26,0.12130534154519665,0
2050,184,28,0.047963524810781505,0
2050,185,1,0.10096471306863966,0
2050,185,5,0.26344738996039335,0
2050,185,6,0.025093959401276858,0
2050,185,8,0.1408525567670126,0
2050,185,11,0.06261783816299435,0
2050,185,17,0.0312673914573453,0
2050,185,19,0.27977731208474926,0
2050,185,24,0.055997605094407175,0
2050,185,27,0.03998123400318149,0
2050,186,1,0.1540106124331071,0
2050,186,5,0.43875399131975756,0
2050,186,8,0.042602120783973685,0
2050,186,15,0.03463446917819401,0
2050,186,17,0.07116328333213266,0
2050,186,19,0.10503937805074515,0
2050,186,26,0.06003924001779502,0
2050,186,27,0.09375690488429475,0
2050,187,1,0.03680238699364441,0
2050,187,2,0.10555761233535367,0
2050,187,4,0.044591256086661264,0
2050,187,5,0.17550188023028868,0
2050,187,12,0.025214712382079472,0
2050,187,13,0.02629295133121842,0
2050,187,17,0.22678036822020164,0
2050,187,19,0.3170144569788502,0
2050,187,21,0.02570751592371574,0
2050,187,28,0.016536859517986474,0
2050,188,2,0.1990031433427741,0
2050,188,4,0.11269494583594472,0
2050,188,5,0.06290473280749828,0
2050,188,11,0.11820279057142578,0
2050,188,17,0.1817963751398172,0
2050,188,19,0.2013725571195918,0
2050,188,21,0.04166112229621764,0
2050,188,27,0.025707629515126357,0
2050,188,28,0.05665670337160413,0
2050,189,2,0.09508103102280807,0
2050,189,5,0.07577687219638497,0
2050,189,7,0.22014352861918002,0
2050,189,16,0.07375827695438941,0
2050,189,18,0.044024967713364595,0
2050,189,19,0.10967927045744774,0
2050,189,21,0.37126708299119193,0
2050,189,30,0.010268970045233316,0
2050,190,2,0.15971893701501824,0
2050,190,4,0.055995369601448554,0
2050,190,17,0.2584191225630052,0
2050,190,20,0.12150302263736566,0
2050,190,21,0.26946380955027394,0
2050,190,22,0.12151952295717346,0
2050,190,25,0.013380215675714938,0
2050,191,10,0.0970011548859931,0
2050,191,15,0.04209557173815166,0
2050,191,17,0.5421286799566232,0
2050,191,19,0.16242314646526834,0
2050,191,21,0.05329030843641837,0
2050,191,22,0.08033127098740861,0
2050,191,25,0.022729867530136907,0
2050,192,1,0.05934578366482477,0
2050,192,4,0.014269171521944509,0
2050,192,5,0.2503209437074832,0
2050,192,6,0.029494762743298507,0
2050,192,11,0.13234583710756295,0
2050,192,17,0.18788315641376005,0
2050,192,19,0.23903585822586873,0
2050,192,26,0.08730448661525735,0
2050,193,1,0.09871924232241566,0
2050,193,5,0.4246705818520184,0
2050,193,8,0.08909132043239658,0
2050,193,11,0.08316199298287472,0
2050,193,17,0.0761618635646729,0
2050,193,19,0.11729309452917144,0
2050,193,21,0.0774860729707047,0
2050,193,27,0.03341583134574566,0
2050,194,1,0.07619700330533906,0
2050,194,3,0.04937299575663694,0
2050,194,5,0.696079431839309,0
2050,194,8,0.050483131882837665,0
2050,194,13,0.01914744406840517,0
2050,194,14,0.06065632486304274,0
2050,194,17,0.01700052484970837,0
2050,194,21,0.014459526381990377,0
2050,194,23,0.01660361705273072,0
2050,195,5,1.0,0
2050,196,1,0.03570960004407313,0
2050,196,2,0.048832750349232394,0
2050,196,5,0.68546381295697,0
2050,196,6,0.023999989183138514,0
2050,196,17,0.16224190994438545,0
2050,196,19,0.04375193752220056,0
2050,197,1,0.13098536166128358,0
2050,197,5,0.285623398777743,0
2050,197,6,0.05511953215880513,0
2050,197,15,0.05454870146759598,0
2050,197,17,0.2799991089067796,0
2050,197,19,0.17240972526929804,0
2050,197,27,0.021314171758494725,0
2050,198,1,0.07066340023691069,0
2050,198,4,0.055639037068575654,0
2050,198,5,0.21416534115032812,0
2050,198,8,0.13987086658677472,0
2050,198,12,0.0720818397404131,0
2050,198,17,0.06705279417277525,0
2050,198,19,0.23798660164616683,0
2050,198,21,0.10291878518301653,0
2050,198,27,0.039621334215039064,0
2050,199,1,0.08214559990267258,0
2050,199,2,0.03796195346588024,0
2050,199,5,0.17215335649196611,0
2050,199,12,0.07708667730317909,0
2050,199,17,0.17201397766575455,0
2050,199,19,0.32113555320164283,0
2050,199,21,0.07944626186852954,0
2050,199,28,0.05805662010037507,0
2050,200,1,0.1205106900125843,0
2050,200,2,0.09384799824843171,0
2050,200,5,0.1901698481402113,0
2050,200,8,0.018939801986881357,0
2050,200,11,0.10718131001770861,0
2050,200,14,0.07196836174503222,0
2050,200,17,0.11220972460278729,0
2050,200,19,0.06262594518901463,0
2050,200,21,0.14219565723913918,0
2050,200,25,0.020513914343591594,0
2050,200,27,0.019957239678686515,0
2050,200,28,0.03987950879593126,0
2050,201,1,0.10097967803775504,0
2050,201,5,0.15885733403446897,0
2050,201,6,0.013728524617156984,0
2050,201,10,0.05193517936823719,0
2050,201,14,0.019298444490781306,0
2050,201,15,0.1370446238291069,0
2050,201,17,0.2608501826904916,0
2050,201,19,0.03342499774960614,0
2050,201,21,0.1577175152450686,0
2050,201,26,0.049154021681108356,0
2050,201,27,0.01700949825621898,0
2050,202,1,0.016129049467559973,0
2050,202,5,0.3142695238628204,0
2050,202,8,0.04299612673954331,0
2050,202,12,0.06373807585326466,0
2050,202,17,0.11494727684870569,0
2050,202,19,0.20257764244479015,0
2050,202,21,0.13678024759464613,0
2050,202,29,0.10856205718866964,0
2050,203,2,0.16533161650311812,0
2050,203,5,0.2690352769154289,0
2050,203,6,0.04126579582688798,0
2050,203,11,0.18882992994720516,0
2050,203,17,0.19646654736529043,0
2050,203,19,0.07900219167001056,0
2050,203,21,0.03712713476842885,0
2050,203,27,0.022941507003630037,0
2050,204,1,0.07441114631319673,0
2050,204,2,0.040810880186333956,0
2050,204,5,0.21497956259084816,0
2050,204,6,0.11585764046947902,0
2050,204,17,0.27793669427591955,0
2050,204,19,0.07372541586315791,0
2050,204,21,0.15903272811840707,0
2050,204,28,0.04324593218265765,0
2050,205,1,0.09273225596894329,0
2050,205,2,0.0983015671767372,0
2050,205,5,0.19536216916946214,0
2050,205,6,0.01052477439353412,0
2050,205,11,0.24514515584876337,0
2050,205,17,0.21163666671485676,0
2050,205,21,0.07116187521529767,0
2050,205,26,0.017999937394734686,0
2050,205,27,0.057135598117670744,0
2050,206,21,1.0,0
2050,207,2,0.08144839032572969,0
2050,207,4,0.15017571706602711,0
2050,207,9,0.04129410682494633,0
2050,207,12,0.019339429169466633,0
2050,207,17,0.36422344854156213,0
2050,207,19,0.04285900227571687,0
2050,207,21,0.1296421816761698,0
2050,207,22,0.08327150769218383,0
2050,207,28,0.03319796784919281,0
2050,207,30,0.054548248579004636,0
2050,208,4,0.10294362903587613,0
2050,208,5,0.1364299945561463,0
2050,208,8,0.18384051460466272,0
2050,208,14,0.10370297079522031,0
2050,208,16,0.08949582621259465,0
2050,208,17,0.06364477392200249,0
2050,208,21,0.2449775620656168,0
2050,208,23,0.018656677054788073,0
2050,208,24,0.042657024719368476,0
2050,208,27,0.013651027033723907,0
2050,209,5,0.23066627558002548,0
2050,209,7,0.10303367028861424,0
2050,209,8,0.17467058050986473,0
2050,209,14,0.06426079490053893,0
2050,209,16,0.032593308833409045,0
2050,209,17,0.07834035007250599,0
2050,209,21,0.31643501981504146,0
2050,210,5,0.04732129329042255,0
2050,210,7,0.03977117194844378,0
2050,210,8,0.060948133641681924,0
2050,210,14,0.050083427499070514,0
2050,210,16,0.02554439794252968,0
2050,210,17,0.20329985785710925,0
2050,210,19,0.013905973087910474,0
2050,210,21,0.3787027396100709,0
2050,210,29,0.08334807701804606,0
2050,210,30,0.0970749281047149,0
2050,211,1,0.06040666755659851,0
2050,211,2,0.04243287674831278,0
2050,211,5,0.015294184792093839,0
2050,211,8,0.05459280144402349,0
2050,211,17,0.4894806978416433,0
2050,211,20,0.05422842621871079,0
2050,211,21,0.15694072627988107,0
2050,211,22,0.0311062679351339,0
2050,211,24,0.041598900503941175,0
2050,211,29,0.053918450679661174,0
2050,212,17,1.0,0
2050,213,1,0.10462248477720071,0
2050,213,5,0.23565301067299935,0
2050,213,6,0.09115940841943583,0
2050,213,11,0.08660518330503507,0
2050,213,14,0.06069500751087932,0
2050,213,17,0.27196598105308967,0
2050,213,19,0.14929892426136013,0
2050,214,1,0.16596256984508567,0
2050,214,5,0.1879359265649812,0
2050,214,6,0.10906637466955037,0
2050,214,11,0.04752860748572406,0
2050,214,14,0.020903272196845273,0
2050,214,17,0.2733677538285354,0
2050,214,19,0.0792686895480755,0
2050,214,26,0.0731918557902031,0
2050,214,28,0.04277495007099957,0
2050,215,1,0.11814532763540302,0
2050,215,5,0.22400348098303585,0
2050,215,8,0.15435414031988803,0
2050,215,12,0.09536583471771813,0
2050,215,16,0.03906401715947437,0
2050,215,17,0.23380351197644045,0
2050,215,19,0.1195620124004489,0
2050,215,29,0.015701674807591208,0
2050,216,1,0.0527078719101902,0
2050,216,5,0.20193589196751088,0
2050,216,8,0.0618059943124941,0
2050,216,14,0.07124949599831713,0
2050,216,17,0.2284309482289508,0
2050,216,19,0.18804736201788955,0
2050,216,21,0.06036140197511676,0
2050,216,28,0.13546103358953054,0
2050,217,1,0.06533027562464784,0
2050,217,5,0.2236703854319891,0
2050,217,6,0.04362316945375631,0
2050,217,11,0.018833588313475355,0
2050,217,14,0.10399449334745592,0
2050,217,17,0.20075510624382306,0
2050,217,19,0.17903746829707343,0
2050,217,27,0.02265035786003344,0
2050,217,28,0.1421051554277456,0
2050,218,1,0.21906750768811137,0
2050,218,5,0.33964438896368127,0
2050,218,6,0.060683017906482874,0
2050,218,8,0.010575026915410304,0
2050,218,14,0.0813676330496617,0
2050,218,17,0.14905508412637675,0
2050,218,19,0.13960734135027583,0
2050,219,1,0.179334556574704,0
2050,219,5,0.388591478955685,0
2050,219,6,0.12717381065505903,0
2050,219,17,0.1899273289110409,0
2050,219,19,0.04792946954861947,0
2050,219,26,0.06704335535489148,0
2050,220,1,0.07967415763841965,0
2050,220,3,0.051390905621637825,0
2050,220,5,0.34021789349423864,0
2050,220,6,0.028006882718172466,0
2050,220,11,0.13369168426484665,0
2050,220,17,0.20491608941081627,0
2050,220,19,0.14419417792002148,0
2050,220,26,0.0179082089318472,0
2050,221,1,0.12868231455733767,0
2050,221,3,0.1260608511436102,0
2050,221,5,0.35945079713753164,0
2050,221,11,0.03845236535360501,0
2050,221,14,0.0493405084070522,0
2050,221,17,0.16668004641074108,0
2050,221,19,0.11086229563177818,0
2050,221,26,0.020470821358343903,0
2050,222,1,0.17117276003756643,0
2050,222,3,0.07375951112224076,0
2050,222,5,0.4213233921666096,0
2050,222,8,0.021240891684493814,0
2050,222,14,0.01844560849657745,0
2050,222,17,0.20086130849970238,0
2050,222,19,0.05724328423343082,0
2050,222,26,0.019223356999122983,0
2050,222,28,0.016729886760255712,0
2050,223,1,0.11426413734997047,0
2050,223,5,0.4130733047983084,0
2050,223,6,0.044850444347981556,0
2050,223,17,0.19641592937251037,0
2050,223,26,0.011853531423703295,0
2050,223,27,0.1849615880001151,0
2050,223,28,0.03458106470741083,0
2050,224,1,0.059029437164581706,0
2050,224,5,0.39125079794871304,0
2050,224,14,0.09327183212139158,0
2050,224,17,0.14185201156711813,0
2050,224,19,0.039491191583878815,0
2050,224,25,0.02672837610769757,0
2050,224,27,0.211850309531461,0
2050,224,28,0.03652604397515808,0
2050,225,1,0.10216115261653519,0
2050,225,5,0.09266274792431997,0
2050,225,8,0.04477946411449809,0
2050,225,11,0.04963177799367147,0
2050,225,16,0.010752468203500965,0
2050,225,17,0.05756345606536343,0
2050,225,19,0.15998340946847694,0
2050,225,21,0.2241102496500334,0
2050,225,23,0.029301063249353023,0
2050,225,24,0.03102245558989928,0
2050,225,25,0.032873067758752476,0
2050,225,27,0.1651586873655958,0
2050,226,1,0.09277630798565381,0
2050,226,5,0.2528833516845542,0
2050,226,15,0.0351278474951246,0
2050,226,16,0.05168384503355615,0
2050,226,17,0.2613081174613404,0
2050,226,19,0.060029308311063366,0
2050,226,20,0.05316397149476495,0
2050,226,21,0.1608819595205974,0
2050,226,25,0.013131151743572964,0
2050,226,28,0.01901413926977217,0
2050,227,1,0.10862562639502996,0
2050,227,2,0.011040274020175104,0
2050,227,5,0.14368175760744725,0
2050,227,6,0.03872072944336965,0
2050,227,17,0.23616097618811396,0
2050,227,19,0.05506889896045894,0
2050,227,21,0.15591524718001884,0
2050,227,27,0.12589726077057625,0
2050,227,28,0.10978961395473917,0
2050,227,30,0.015099615480071117,0
2050,228,1,0.18319493809116358,0
2050,228,2,0.08405186934344273,0
2050,228,5,0.13870090469841398,0
2050,228,6,0.15380027794661014,0
2050,228,17,0.14343900472899782,0
2050,228,21,0.2074669035467371,0
2050,228,22,0.0454341141263849,0
2050,228,27,0.043911987518249825,0
2050,229,1,0.11923981258819165,0
2050,229,2,0.1173694126426083,0
2050,229,5,0.051951640762796736,0
2050,229,17,0.1893225500174373,0
2050,229,19,0.017510167898992016,0
2050,229,20,0.05707035138570431,0
2050,229,21,0.29861595428983717,0
2050,229,22,0.03193042409456274,0
2050,229,29,0.11698968631986967,0
2050,230,2,0.07887536921844043,0
2050,230,5,0.2578910386792971,0
2050,230,17,0.24471952244720058,0
2050,230,19,0.043423755026754704,0
2050,230,21,0.21755194836053615,0
2050,230,28,0.025978185975910045,0
2050,230,29,0.131560180291861,0
2050,231,1,0.01691535642548929,0
2050,231,5,0.41737768947054094,0
2050,231,17,0.28003498171529007,0
2050,231,19,0.11069001137222238,0
2050,231,28,0.17498196101645735,0
2050,232,1,0.10987811390736761,0
2050,232,3,0.1609661528216021,0
2050,232,5,0.28889065847583695,0
2050,232,11,0.04361464784183353,0
2050,232,14,0.037482291510292816,0
2050,232,17,0.17330543637148066,0
2050,232,19,0.13477432550071883,0
2050,232,26,0.033227248097474564,0
2050,232,28,0.017861125473392997,0
2050,233,1,0.11504860455585224,0
2050,233,3,0.20197131429878112,0
2050,233,5,0.22576392083605532,0
2050,233,14,0.04064894720848765,0
2050,233,17,0.20227582700121063,0
2050,233,19,0.21429138609961307,0
2050,234,1,0.187688450651433,0
2050,234,3,0.028397861716739345,0
2050,234,5,0.2931579769064594,0
2050,234,12,0.05813383280332108,0
2050,234,14,0.09156705724411462,0
2050,234,17,0.11648665192929397,0
2050,234,19,0.20036245427294808,0
2050,234,25,0.024205714475690567,0
2050,235,1,0.06161101333666294,0
2050,235,5,0.2533697130856398,0
2050,235,7,0.051633184815177716,0
2050,235,16,0.1814075602598998,0
2050,235,19,0.17488392901148994,0
2050,235,20,0.011697617267450118,0
2050,235,21,0.23031598562216304,0
2050,235,29,0.035080996601516805,0
2050,236,4,0.03144990732960344,0
2050,236,5,0.09030505566290993,0
2050,236,14,0.034196337104592606,0
2050,236,15,0.07986053399213856,0
2050,236,17,0.2049884047538117,0
2050,236,18,0.1293561918262877,0
2050,236,21,0.19177566226390158,0
2050,236,22,0.15799173920008855,0
2050,236,25,0.05689224066840467,0
2050,236,28,0.023183927198261383,0
2050,237,2,0.11633650960751298,0
2050,237,4,0.11327649407227762,0
2050,237,5,0.13255139374238273,0
2050,237,7,0.0728457865168828,0
2050,237,14,0.08650415869233011,0
2050,237,16,0.07099246226442846,0
2050,237,19,0.026347647893687452,0
2050,237,21,0.23649945066938505,0
2050,237,29,0.14464609654111277,0
2050,238,2,0.05246448631037081,0
2050,238,4,0.05792389584854602,0
2050,238,5,0.1678211404177909,0
2050,238,8,0.0510740564657301,0
2050,238,16,0.17796530142387929,0
2050,238,17,0.032796164971868914,0
2050,238,19,0.08608958998754355,0
2050,238,21,0.11282326301569615,0
2050,238,25,0.031041349862687598,0
2050,238,27,0.14757505882625402,0
2050,238,29,0.08242569286963271,0
2050,239,1,0.038931322437959326,0
2050,239,4,0.12622065050539943,0
2050,239,5,0.10635014926199064,0
2050,239,12,0.08652456152414845,0
2050,239,16,0.032756102880652116,0
2050,239,17,0.03539876962694082,0
2050,239,19,0.14967929658413476,0
2050,239,21,0.26085064526033064,0
2050,239,27,0.05374080989777175,0
2050,239,28,0.0387040434185654,0
2050,239,30,0.07084364860210685,0
2050,240,1,0.06429657140256433,0
2050,240,2,0.04342689330678777,0
2050,240,4,0.10014738401707324,0
2050,240,6,0.10305346199239351,0
2050,240,12,0.021648789825800225,0
2050,240,17,0.26598362904128986,0
2050,240,19,0.15515159848641036,0
2050,240,22,0.046658238351644524,0
2050,240,27,0.0873816600466647,0
2050,240,28,0.11225177352937162,0
2050,241,1,0.10988287876525972,0
2050,241,2,0.08547800131047775,0
2050,241,6,0.20733493893838467,0
2050,241,17,0.2338893853072008,0
2050,241,19,0.09348772100502853,0
2050,241,22,0.07655172966513393,0
2050,241,27,0.05816600192836942,0
2050,241,28,0.13520934308014526,0
2050,242,1,0.20647666711893628,0
2050,242,5,0.33902702263267337,0
2050,242,6,0.16863379185206717,0
2050,242,14,0.06612539168001536,0
2050,242,15,0.03638182500142259,0
2050,242,17,0.02920238133423507,0
2050,242,25,0.013403628202581425,0
2050,242,27,0.14074929217806872,0
2050,243,1,0.206481723590541,0
2050,243,5,0.2514280690936765,0
2050,243,6,0.020675334578519517,0
2050,243,8,0.08154748367932037,0
2050,243,14,0.03854746944248943,0
2050,243,15,0.019558805877521037,0
2050,243,17,0.08822710455856853,0
2050,243,21,0.1484106444509324,0
2050,243,25,0.05580401175049239,0
2050,243,27,0.06823172972102697,0
2050,243,28,0.021087623256911874,0
2050,244,1,0.013268585907897897,0
2050,244,2,0.058927401761276574,0
2050,244,5,0.1413033622311612,0
2050,244,7,0.016114220607277276,0
2050,244,11,0.0432323971009382,0
2050,244,14,0.027627009157847653,0
2050,244,16,0.08312822521437231,0
2050,244,17,0.1585113664455552,0
2050,244,19,0.06103923174510973,0
2050,244,21,0.173833766811618,0
2050,244,27,0.0793412656667561,0
2050,244,28,0.060827592600237596,0
2050,244,29,0.0828455747499521,0
2050,245,2,0.10655593620354249,0
2050,245,5,0.09413710643623534,0
2050,245,16,0.050564185247929834,0
2050,245,17,0.2682434634325825,0
2050,245,19,0.10824770682268432,0
2050,245,20,0.01216533114526025,0
2050,245,21,0.0869332269605392,0
2050,245,27,0.03318181086827618,0
2050,245,28,0.15411775855844773,0
2050,245,29,0.08585347432450208,0
2050,246,1,0.2047954874040417,0
2050,246,3,0.01508382676000964,0
2050,246,5,0.11105323258368803,0
2050,246,8,0.08761337270056736,0
2050,246,11,0.011507041306716514,0
2050,246,16,0.10517608635287844,0
2050,246,17,0.2637065831453005,0
2050,246,19,0.11500279741346645,0
2050,246,27,0.0860615723333313,0
2050,247,1,0.24134833568855368,0
2050,247,5,0.16439483416686526,0
2050,247,7,0.0537614227326287,0
2050,247,8,0.13340966934419218,0
2050,247,16,0.07543203891322534,0
2050,247,17,0.04527102353551981,0
2050,247,19,0.10388868699037754,0
2050,247,21,0.08911797337926812,0
2050,247,23,0.048997100846585886,0
2050,247,27,0.04437891440278341,0
2050,248,1,0.12948117564778885,0
2050,248,4,0.019652729695823278,0
2050,248,7,0.04091684437911297,0
2050,248,12,0.055558298876395476,0
2050,248,15,0.042921326985115,0
2050,248,16,0.10661908004124235,0
2050,248,17,0.11042851098908635,0
2050,248,18,0.05467684586706467,0
2050,248,19,0.07526640920241896,0
2050,248,21,0.2715987467203139,0
2050,248,29,0.0928800315956381,0
2050,249,1,0.035545902560612054,0
2050,249,5,0.2272778710795857,0
2050,249,7,0.03978891861404538,0
2050,249,10,0.022612511923222302,0
2050,249,14,0.03608927436431973,0
2050,249,15,0.04251954521937361,0
2050,249,18,0.05622665884422605,0
2050,249,19,0.028489942194230643,0
2050,249,20,0.24456833107399784,0
2050,249,21,0.1146416261662232,0
2050,249,25,0.012595485232952232,0
2050,249,29,0.13964393272721126,0
2050,250,1,0.11491000647552117,0
2050,250,2,0.08754718753105385,0
2050,250,5,0.13645917852095588,0
2050,250,6,0.03383182842082034,0
2050,250,18,0.131991762401452,0
2050,250,19,0.031894872248260674,0
2050,250,20,0.03276562302802183,0
2050,250,21,0.25420593371311007,0
2050,250,22,0.15026365872357972,0
2050,250,28,0.026129948937224663,0
2050,251,1,0.05861864508031566,0
2050,251,2,0.13279423005993876,0
2050,251,5,0.16232240023274094,0
2050,251,6,0.0952705146677711,0
2050,251,17,0.1682577235769021,0
2050,251,22,0.1722719985189036,0
2050,251,27,0.03580063981737399,0
2050,251,28,0.17466384804605367,0
2050,252,1,0.08022790749274665,0
2050,252,5,0.18532362593253046,0
2050,252,8,0.02430914483201114,0
2050,252,14,0.17030577502636765,0
2050,252,15,0.0376219700460208,0
2050,252,17,0.17644551040031012,0
2050,252,26,0.04745937265115163,0
2050,252,27,0.1459929620653993,0
2050,252,28,0.1323137315534622,0
2050,253,1,0.13483863990334108,0
2050,253,3,0.09974175382345705,0
2050,253,5,0.12926340950679668,0
2050,253,8,0.07458874258912729,0
2050,253,12,0.02789973152661176,0
2050,253,14,0.3069883643446533,0
2050,253,17,0.11716333046095552,0
2050,253,18,0.05898514595983137,0
2050,253,19,0.05053088188522593,0
2050,254,1,0.14422936381027537,0
2050,254,5,0.11192693394733946,0
2050,254,12,0.013489358968871368,0
2050,254,17,0.22193785784181852,0
2050,254,18,0.15338963382978987,0
2050,254,19,0.1989663886703249,0
2050,254,28,0.048454367390580816,0
2050,254,29,0.10760609554099954,0
2050,255,1,0.0488275580351776,0
2050,255,4,0.06286237940993135,0
2050,255,5,0.0200056832872203,0
2050,255,6,0.054428235201268924,0
2050,255,10,0.07874685881831689,0
2050,255,12,0.02672851341846799,0
2050,255,16,0.07975240406489613,0
2050,255,17,0.16655752673112972,0
2050,255,18,0.02798740072952397,0
2050,255,19,0.214311597086353,0
2050,255,21,0.06063280785312065,0
2050,255,29,0.15915903536459344,0
2050,256,1,0.013551838755620684,0
2050,256,5,0.1816941167512651,0
2050,256,6,0.05996163093191539,0
2050,256,9,0.02211712679824633,0
2050,256,11,0.03227621919145105,0
2050,256,16,0.02698916207848225,0
2050,256,17,0.08841791187397677,0
2050,256,18,0.08576969852905465,0
2050,256,19,0.028024223593040954,0
2050,256,21,0.1252200335104677,0
2050,256,22,0.26731934449821165,0
2050,256,28,0.06865869348826749,0
2050,257,2,0.018107929358248093,0
2050,257,4,0.10903268410306473,0
2050,257,7,0.024092467061749046,0
2050,257,9,0.07288580651638407,0
2050,257,10,0.021431330021499037,0
2050,257,12,0.010968110559062492,0
2050,257,14,0.128863309118798,0
2050,257,15,0.01055296572681051,0
2050,257,17,0.11236119292180481,0
2050,257,18,0.1450849289195012,0
2050,257,21,0.17498033701379373,0
2050,257,22,0.17163893867928426,0
2050,258,2,0.0766142983007486,0
2050,258,4,0.04756533829049576,0
2050,258,5,0.044873583042914715,0
2050,258,7,0.08737557509429579,0
2050,258,11,0.01762490474738842,0
2050,258,16,0.25745309854725146,0
2050,258,21,0.14330711161401044,0
2050,258,22,0.08307391292686245,0
2050,258,23,0.11989771274110543,0
2050,258,27,0.08561307329937841,0
2050,258,29,0.03660139139554838,0
2050,259,5,0.2533668836461201,0
2050,259,7,0.14230012398437158,0
2050,259,9,0.029059690818080235,0
2050,259,14,0.10827577572716392,0
2050,259,16,0.1578770978856277,0
2050,259,21,0.04374540606804638,0
2050,259,23,0.08731626156552093,0
2050,259,27,0.17805876030506923,0
2050,260,2,0.04685036460177852,0
2050,260,4,0.04151001783272621,0
2050,260,5,0.0368312960512066,0
2050,260,14,0.07351956054156385,0
2050,260,17,0.05137680299597879,0
2050,260,18,0.1853111520683129,0
2050,260,20,0.18103554702788832,0
2050,260,21,0.24322850860391887,0
2050,260,22,0.015065269500318786,0
2050,260,24,0.06747075394902637,0
2050,260,25,0.057800726827280796,0
2050,261,1,0.011877365444390879,0
2050,261,2,0.04700164841193235,0
2050,261,4,0.20028655261461328,0
2050,261,6,0.18430208878971624,0
2050,261,17,0.21035010116210068,0
2050,261,21,0.16193365479475502,0
2050,261,22,0.13383705848299346,0
2050,261,27,0.02592573640124887,0
2050,261,28,0.024485793898249283,0
2050,262,1,0.0866011151589217,0
2050,262,2,0.07147623208422278,0
2050,262,4,0.06270905023999128,0
2050,262,5,0.04023634318305212,0
2050,262,6,0.1340122907589644,0
2050,262,11,0.18866182931710346,0
2050,262,17,0.06284160433458078,0
2050,262,21,0.08082142851124893,0
2050,262,22,0.10135956546167633,0
2050,262,27,0.11715311955560444,0
2050,262,28,0.05412742139463364,0
2050,263,1,0.13786334021194915,0
2050,263,3,0.1294589212096969,0
2050,263,5,0.15514669016694418,0
2050,263,11,0.0798647737909791,0
2050,263,14,0.10765766530696587,0
2050,263,15,0.014946164779163114,0
2050,263,17,0.21169076624284017,0
2050,263,28,0.16337167829146151,0
2050,264,1,0.20644238216421204,0
2050,264,3,0.1546331630138947,0
2050,264,5,0.13553859766016088,0
2050,264,11,0.028561253811397628,0
2050,264,12,0.024980989712000055,0
2050,264,14,0.12732356925191157,0
2050,264,17,0.09045798300212815,0
2050,264,21,0.06269466392579912,0
2050,264,25,0.016213538472767342,0
2050,264,27,0.15315385898572853,0
2050,265,5,0.25102133745056093,0
2050,265,13,0.036393393050249835,0
2050,265,14,0.12469406432895822,0
2050,265,16,0.09315649294014798,0
2050,265,17,0.1328686239928948,0
2050,265,18,0.028766791339176014,0
2050,265,21,0.12963332928043841,0
2050,265,27,0.060415595980961835,0
2050,265,28,0.14305037163661202,0
2050,266,5,0.07023428638588752,0
2050,266,11,0.20860437859475467,0
2050,266,14,0.19664673483644732,0
2050,266,16,0.06710369574086142,0
2050,266,17,0.10093179043455176,0
2050,266,21,0.02087429721684994,0
2050,266,26,0.07942635160346077,0
2050,266,27,0.1801744983907554,0
2050,266,28,0.07600396679643125,0
2050,267,1,0.046865285188819536,0
2050,267,3,0.14211347422771053,0
2050,267,5,0.06256921393239746,0
2050,267,8,0.10080970883886878,0
2050,267,12,0.08883311963355892,0
2050,267,14,0.17823665333490016,0
2050,267,16,0.1341984195921633,0
2050,267,17,0.07725594120380366,0
2050,267,21,0.11439034754976124,0
2050,267,28,0.024401751254003307,0
2050,267,30,0.03032608524401313,0
2050,268,1,0.18887991618553227,0
2050,268,2,0.03908107268161109,0
2050,268,5,0.1305637643740607,0
2050,268,14,0.13420738545811248,0
2050,268,15,0.020855079162953052,0
2050,268,17,0.11556755146111272,0
2050,268,20,0.15112418135525346,0
2050,268,25,0.012431400751222179,0
2050,268,28,0.2072896485701421,0
2050,269,1,0.18426586978640314,0
2050,269,5,0.027878406349277705,0
2050,269,11,0.03857480748051213,0
2050,269,14,0.2496380870168443,0
2050,269,15,0.05062816237426666,0
2050,269,17,0.21019066386655258,0
2050,269,21,0.02718656059828532,0
2050,269,25,0.056861497423260285,0
2050,269,28,0.15477594510459788,0
2050,270,1,0.02623829321848062,0
2050,270,13,0.016639866856312215,0
2050,270,14,0.41434840578732424,0
2050,270,17,0.17399906041763666,0
2050,270,18,0.05920515496381174,0
2050,270,21,0.038585975989881775,0
2050,270,26,0.09358514135503393,0
2050,270,28,0.17739810141151877,0
2050,271,6,0.011919646665279036,0
2050,271,9,0.1633300917430217,0
2050,271,10,0.03701176573539851,0
2050,271,14,0.5448787376346341,0
2050,271,17,0.1297355910173351,0
2050,271,22,0.02104824919868459,0
2050,271,26,0.034602996416412506,0
2050,271,28,0.057472921589234525,0
2050,272,14,1.0,0
2050,273,2,0.07293080649821983,0
2050,273,5,0.028756996488804046,0
2050,273,6,0.07316966988193098,0
2050,273,12,0.06839585492917974,0
2050,273,14,0.7025598576758615,0
2050,273,23,0.029929963003065066,0
2050,273,24,0.024256851522938896,0
2050,274,2,0.08349862924640189,0
2050,274,4,0.03085776510346996,0
2050,274,6,0.18261109523248986,0
2050,274,12,0.13246042056513402,0
2050,274,14,0.33399227858740993,0
2050,274,21,0.0818000771304014,0
2050,274,22,0.15477973413469304,0
2050,275,1,0.04516971197474644,0
2050,275,2,0.10208472912151408,0
2050,275,4,0.02746210126625526,0
2050,275,6,0.23601336604351733,0
2050,275,12,0.023720506562719103,0
2050,275,14,0.059895268096502356,0
2050,275,17,0.07400962545693482,0
2050,275,21,0.0692432733939726,0
2050,275,22,0.3376965523379183,0
2050,275,28,0.024704865745919877,0
2050,276,1,0.25525409538742905,0
2050,276,2,0.03291049337552369,0
2050,276,5,0.2695052787211265,0
2050,276,11,0.16578889356666418,0
2050,276,14,0.09621119902732007,0
2050,276,22,0.05817028335095853,0
2050,276,27,0.0203423704248644,0
2050,276,28,0.10181738614611364,0
2050,277,1,0.15597763750289426,0
2050,277,3,0.04261919610286031,0
2050,277,5,0.09599040317060305,0
2050,277,11,0.3094071102714213,0
2050,277,13,0.01567432278635314,0
2050,277,14,0.03486808588893357,0
2050,277,17,0.05695806049529135,0
2050,277,26,0.1560351541655487,0
2050,277,27,0.13247002961609416,0
2050,278,1,0.13100863470416882,0
2050,278,3,0.01944816602699908,0
2050,278,8,0.08793858401597326,0
2050,278,11,0.0812676939115028,0
2050,278,16,0.12711512977668857,0
2050,278,19,0.07404520926373881,0
2050,278,21,0.14851776122797564,0
2050,278,23,0.08642111377128354,0
2050,278,26,0.05137356074569652,0
2050,278,27,0.192864146555973,0
2050,279,2,0.10989368117043777,0
2050,279,4,0.14974296587348887,0
2050,279,5,0.015132675309661645,0
2050,279,16,0.20687968108159277,0
2050,279,17,0.07717343828498309,0
2050,279,21,0.22145673445507608,0
2050,279,22,0.05269411549206197,0
2050,279,25,0.01428600541357954,0
2050,279,27,0.035517231680583065,0
2050,279,28,0.11722347123853541,0
2050,280,1,0.03913935000625492,0
2050,280,2,0.07622730322997737,0
2050,280,5,0.024769890345162193,0
2050,280,7,0.05164158394915137,0
2050,280,14,0.10042016147912804,0
2050,280,16,0.13891006302629627,0
2050,280,17,0.06064870148308425,0
2050,280,20,0.013743813477021236,0
2050,280,21,0.22412462601377112,0
2050,280,28,0.027392119218373936,0
2050,280,29,0.24298238777177922,0
2050,281,1,0.23308283691538906,0
2050,281,2,0.09060062550664438,0
2050,281,3,0.03093233690947485,0
2050,281,5,0.15354898084945565,0
2050,281,8,0.03872486071751749,0
2050,281,14,0.019870780730463684,0
2050,281,17,0.10969722159864341,0
2050,281,19,0.03432146624794952,0
2050,281,20,0.0929502834308548,0
2050,281,22,0.06938823658768653,0
2050,281,28,0.06866355149262109,0
2050,281,30,0.05821881901329947,0
2050,282,1,0.2806103863035305,0
2050,282,2,0.04931024201617089,0
2050,282,3,0.0264225989211995,0
2050,282,5,0.060024343634347804,0
2050,282,8,0.07907137035094314,0
2050,282,11,0.05338677937195911,0
2050,282,14,0.012525944028857752,0
2050,282,17,0.14702107552354415,0
2050,282,26,0.10737359721129965,0
2050,282,27,0.07376270247268496,0
2050,282,28,0.11049096016546256,0
2050,283,1,0.12106728924942797,0
2050,283,3,0.19917063129818174,0
2050,283,8,0.08256102673368135,0
2050,283,11,0.02397341628971799,0
2050,283,14,0.17628860430051005,0
2050,283,17,0.06842314558493885,0
2050,283,21,0.054695972126520866,0
2050,283,23,0.06062016748748831,0
2050,283,26,0.21319974692953284,0
2050,284,1,0.08817962974632355,0
2050,284,2,0.022742769387206818,0
2050,284,3,0.1322664069849305,0
2050,284,5,0.043352280802046804,0
2050,284,7,0.0733579119616938,0
2050,284,8,0.08404921375179235,0
2050,284,14,0.30170573877728213,0
2050,284,15,0.07103909065575367,0
2050,284,20,0.16801413381847038,0
2050,284,23,0.01529282411450006,0
2050,285,1,0.18610842811011297,0
2050,285,2,0.07607058607741386,0
2050,285,3,0.05791857658363922,0
2050,285,5,0.16481317140486812,0
2050,285,6,0.02034154143795006,0
2050,285,13,0.027010824416309986,0
2050,285,14,0.13212022629802606,0
2050,285,17,0.034750538443401126,0
2050,285,19,0.09417342063843008,0
2050,285,20,0.08587177648262624,0
2050,285,27,0.01048227461432392,0
2050,285,29,0.04445046857097813,0
2050,285,30,0.06588816692192022,0
2050,286,1,0.14376992703740052,0
2050,286,2,0.11815556006116475,0
2050,286,3,0.0457212941210735,0
2050,286,5,0.04780395077339565,0
2050,286,8,0.053855658060595474,0
2050,286,14,0.17032352278267168,0
2050,286,16,0.125565409300562,0
2050,286,19,0.034573290260242584,0
2050,286,20,0.03018247105180229,0
2050,286,21,0.06066170716728971,0
2050,286,26,0.04441990687297518,0
2050,286,27,0.04729494091344287,0
2050,286,29,0.07767236159738372,0
2050,287,1,0.10600143609853518,0
2050,287,2,0.09541192335457395,0
2050,287,3,0.07778456867257608,0
2050,287,5,0.06165270951906509,0
2050,287,7,0.05010171934042311,0
2050,287,14,0.13369740180950737,0
2050,287,15,0.13770984837932476,0
2050,287,16,0.14117164071907917,0
2050,287,17,0.08672725963986848,0
2050,287,20,0.05351576052763946,0
2050,287,23,0.023560412905395355,0
2050,287,25,0.015862211512539443,0
2050,287,27,0.01680310752147249,0
2050,288,1,0.11221716289049352,0
2050,288,2,0.093407309580622,0
2050,288,10,0.03544327232358674,0
2050,288,14,0.04913371709947076,0
2050,288,15,0.09398319834179424,0
2050,288,17,0.12609100912888804,0
2050,288,18,0.12173156356517753,0
2050,288,20,0.19313140164671605,0
2050,288,21,0.04446470603495746,0
2050,288,22,0.08637763250639219,0
2050,288,28,0.044019026881901506,0
2050,289,1,0.25075324578877356,0
2050,289,2,0.20236905310407988,0
2050,289,6,0.04405337252644997,0
2050,289,7,0.014016420598219642,0
2050,289,10,0.053086789815118524,0
2050,289,17,0.07059116606522858,0
2050,289,18,0.04398326478097618,0
2050,289,19,0.010360117615259581,0
2050,289,20,0.06598176200002119,0
2050,289,21,0.019080199339677674,0
2050,289,22,0.05094677428346327,0
2050,289,29,0.17477783408273193,0
2050,290,1,0.3350000432378275,0
2050,290,2,0.011315419857811981,0
2050,290,5,0.18468973377588987,0
2050,290,11,0.08908922738862095,0
2050,290,16,0.09355080202921955,0
2050,290,22,0.030258044446865518,0
2050,290,26,0.020288505448992925,0
2050,290,27,0.07674575095622156,0
2050,290,30,0.1590624728585502,0
2050,291,1,0.40208787450367606,0
2050,291,2,0.05952989644896769,0
2050,291,5,0.11059618530776166,0
2050,291,11,0.06151488821639096,0
2050,291,17,0.023768831371848393,0
2050,291,26,0.06691549007792756,0
2050,291,27,0.18457911747372965,0
2050,291,28,0.01816502760594594,0
2050,291,30,0.07284268899375204,0
2050,292,1,0.348602533953751,0
2050,292,2,0.024394715614913527,0
2050,292,3,0.08704887318217396,0
2050,292,5,0.1644066600115306,0
2050,292,8,0.012647144499758574,0
2050,292,11,0.06676230894005247,0
2050,292,14,0.05003979913138187,0
2050,292,17,0.01356484490585043,0
2050,292,22,0.028368049254206235,0
2050,292,26,0.15168317689365934,0
2050,292,27,0.05248189361272203,0
2050,293,1,0.10101437228023312,0
2050,293,3,0.09190091531584466,0
2050,293,5,0.1991157859561956,0
2050,293,9,0.030234995160418957,0
2050,293,11,0.1784902003201665,0
2050,293,14,0.1410202672726812,0
2050,293,15,0.04290008312831251,0
2050,293,26,0.08836867964890022,0
2050,293,27,0.12695470091724737,0
2050,294,1,0.0848604252568616,0
2050,294,8,0.16230537482097668,0
2050,294,12,0.039336566664856,0
2050,294,14,0.12404687090031546,0
2050,294,15,0.027345898745514224,0
2050,294,16,0.21074533000388784,0
2050,294,19,0.017228191253485684,0
2050,294,22,0.07437750884656169,0
2050,294,23,0.0494926476618371,0
2050,294,26,0.030629063635785877,0
2050,294,27,0.08204567481194969,0
2050,294,28,0.04553194984512668,0
2050,294,29,0.052054497552841666,0
2050,295,1,0.05082007747023792,0
2050,295,2,0.11925510298541372,0
2050,295,4,0.07101311267093671,0
2050,295,12,0.30911647127493946,0
2050,295,15,0.054424772768476064,0
2050,295,16,0.08645377620253393,0
2050,295,18,0.03839622750765971,0
2050,295,21,0.020332500962188107,0
2050,295,22,0.10054961094140683,0
2050,295,23,0.14963834721620747,0
2050,296,1,0.034755692317718835,0
2050,296,2,0.08730882101099219,0
2050,296,10,0.27744618125848114,0
2050,296,12,0.1056905059164856,0
2050,296,15,0.051457469255743855,0
2050,296,17,0.027172076674105875,0
2050,296,19,0.07780519041769436,0
2050,296,22,0.2527776971597485,0
2050,296,28,0.08558636598902962,0
2050,297,1,0.19446824164759546,0
2050,297,3,0.07470715986281823,0
2050,297,8,0.12442574155347878,0
2050,297,12,0.11439457883809469,0
2050,297,15,0.0697737819739758,0
2050,297,16,0.07475268205627496,0
2050,297,17,0.026796164506090663,0
2050,297,18,0.03534785062902372,0
2050,297,19,0.08403435096884512,0
2050,297,22,0.056430979490515835,0
2050,297,27,0.02530098115473053,0
2050,297,29,0.11956748731855624,0
2050,298,1,0.16578406942242643,0
2050,298,2,0.1387731523210053,0
2050,298,4,0.1421508756166698,0
2050,298,18,0.01708676673620789,0
2050,298,19,0.14697810258181537,0
2050,298,22,0.18100242341866082,0
2050,298,28,0.20822460990321429,0
2050,299,1,0.08881021101150612,0
2050,299,2,0.062280584855326206,0
2050,299,4,0.12044907382574063,0
2050,299,8,0.1732303451174904,0
2050,299,11,0.15284532174192106,0
2050,299,14,0.03993783898323936,0
2050,299,16,0.03861747203730973,0
2050,299,22,0.2121044265290139,0
2050,299,27,0.02507531015992784,0
2050,299,29,0.08664941573852462,0
2050,300,2,0.10678603439949122,0
2050,300,5,0.12793401944261387,0
2050,300,8,0.045772435617702084,0
2050,300,11,0.0741158680826509,0
2050,300,16,0.07781088897918248,0
2050,300,22,0.11024483232477607,0
2050,300,23,0.11717698186484111,0
2050,300,27,0.16528007880592097,0
2050,300,28,0.09778750643426651,0
2050,300,29,0.07709135404855474,0
2050,301,1,0.0493655825192209,0
2050,301,2,0.0176600709600095,0
2050,301,5,0.16102315688157023,0
2050,301,7,0.06978288270076677,0
2050,301,13,0.057911164768643386,0
2050,301,15,0.162189812873125,0
2050,301,16,0.2399030268149876,0
2050,301,17,0.015035570738789793,0
2050,301,18,0.014991240468904073,0
2050,301,19,0.024994143021335857,0
2050,301,22,0.10782088023251746,0
2050,301,27,0.04672361523955851,0
2050,301,28,0.03259885278057088,0
2050,302,1,0.1201431969055532,0
2050,302,3,0.1489127900808503,0
2050,302,8,0.03360091187914563,0
2050,302,10,0.07764285072314996,0
2050,302,11,0.08498672227129009,0
2050,302,15,0.023598121297473535,0
2050,302,17,0.13872011258899056,0
2050,302,22,0.06594119716041362,0
2050,302,23,0.10826366523824556,0
2050,302,27,0.17226328811627845,0
2050,302,28,0.011728161841914629,0
2050,302,29,0.014198981896694416,0
2050,303,1,0.12489535480155967,0
2050,303,3,0.21139637896532648,0
2050,303,5,0.01727188722833193,0
2050,303,8,0.15017672048420708,0
2050,303,12,0.04941729165273321,0
2050,303,16,0.08711236084965907,0
2050,303,17,0.030262181074400075,0
2050,303,19,0.04616825046718192,0
2050,303,23,0.17896635610890596,0
2050,303,27,0.10433321836769467,0
2050,304,5,0.032955541958485296,0
2050,304,8,0.021207148955838587,0
2050,304,12,0.16865498027202247,0
2050,304,13,0.029098511801343322,0
2050,304,14,0.06073381303062857,0
2050,304,17,0.028558903954962637,0
2050,304,18,0.13160563929444435,0
2050,304,19,0.03829103127424464,0
2050,304,22,0.36857456756558465,0
2050,304,23,0.09949212835908458,0
2050,304,29,0.02082773353336089,0
2050,305,22,1.0,0
2050,306,1,0.017110434978499216,0
2050,306,4,0.08812652882685525,0
2050,306,6,0.17302494946361915,0
2050,306,11,0.030482375687148504,0
2050,306,22,0.46514286645768654,0
2050,306,27,0.22611284458619138,0
2050,307,1,0.015711013081857825,0
2050,307,5,0.03268733771391314,0
2050,307,6,0.05791778922468548,0
2050,307,11,0.03371375930483104,0
2050,307,13,0.014178461628700378,0
2050,307,14,0.024214004821673837,0
2050,307,22,0.13764587630389044,0
2050,307,27,0.5929746813509326,0
2050,307,28,0.09095707656951524,0
2050,308,27,1.0,0
2050,309,1,0.2044345900145769,0
2050,309,3,0.02809946516017159,0
2050,309,8,0.1099703799431523,0
2050,309,13,0.01599325122675896,0
2050,309,16,0.08604104257469208,0
2050,309,19,0.03766207027036259,0
2050,309,27,0.47385254357964623,0
2050,309,29,0.04394665723063941,0
2050,310,1,0.18647801967522473,0
2050,310,4,0.16259286733878575,0
2050,310,5,0.019582387185662773,0
2050,310,8,0.18238788016678398,0
2050,310,16,0.10393220847703097,0
2050,310,18,0.0653060959242222,0
2050,310,27,0.27972054123228957,0
2050,311,1,0.11431292433308994,0
2050,311,2,0.025483011441645886,0
2050,311,4,0.3276893745170052,0
2050,311,8,0.013252871709705285,0
2050,311,12,0.07724642595761134,0
2050,311,18,0.08219929724265958,0
2050,311,19,0.06102675986236289,0
2050,311,21,0.06405844195207004,0
2050,311,27,0.21346456906711012,0
2050,311,29,0.021266323916739608,0
2050,312,1,0.0390668199247255,0
2050,312,4,0.3603336629911152,0
2050,312,10,0.13973287283826463,0
2050,312,15,0.0450735346259031,0
2050,312,17,0.050834748410082925,0
2050,312,19,0.1083087795569608,0
2050,312,22,0.08687687922837624,0
2050,312,27,0.05712789244615276,0
2050,312,28,0.044336556324351226,0
2050,312,29,0.06830825365406762,0
2050,313,4,0.20324582288927745,0
2050,313,12,0.11405989469629291,0
2050,313,18,0.3692156660077578,0
2050,313,19,0.13732661091666165,0
2050,313,21,0.0655065949223059,0
2050,313,29,0.11064541056770426,0
2050,314,2,0.01262581965952464,0
2050,314,4,0.17697835761895414,0
2050,314,7,0.14464534981793134,0
2050,314,10,0.1703737756730222,0
2050,314,15,0.06229007927497232,0
2050,314,18,0.10863290518182948,0
2050,314,21,0.049575328073687766,0
2050,314,29,0.27487838470007825,0
2050,315,2,0.05177572879684229,0
2050,315,4,0.09706339107075898,0
2050,315,7,0.06395595593110948,0
2050,315,10,0.18211015925649707,0
2050,315,18,0.05518970061338404,0
2050,315,19,0.13342254847504587,0
2050,315,27,0.01214123077524509,0
2050,315,29,0.4043412850811171,0
2050,316,1,0.14210126882980387,0
2050,316,2,0.018450481742289537,0
2050,316,4,0.1571903279825202,0
2050,316,10,0.0118876908091558,0
2050,316,12,0.03947671984533472,0
2050,316,17,0.024938895647218774,0
2050,316,18,0.15224945364399706,0
2050,316,19,0.1818871498067382,0
2050,316,21,0.01835200064711132,0
2050,316,28,0.07841943668646326,0
2050,316,29,0.1750465743593674,0
2050,317,1,0.06978894184302116,0
2050,317,4,0.24724189924457143,0
2050,317,8,0.012537168039793496,0
2050,317,12,0.04031002765547893,0
2050,317,16,0.10804031015573673,0
2050,317,18,0.22837008660763464,0
2050,317,19,0.18395618973166739,0
2050,317,21,0.06225916405246888,0
2050,317,29,0.04749621266962732,0
2050,318,2,0.04598965350307895,0
2050,318,4,0.2587239124325772,0
2050,318,7,0.03026477458449282,0
2050,318,10,0.09961995383332461,0
2050,318,18,0.2564260362983371,0
2050,318,19,0.015381227356024822,0
2050,318,21,0.09294447437137683,0
2050,318,29,0.20064996762078757,0
2050,319,1,0.08797016690521275,0
2050,319,4,0.09913633193232564,0
2050,319,7,0.10283848751645877,0
2050,319,8,0.11967551199976195,0
2050,319,10,0.18319727883718276,0
2050,319,14,0.1191383789723977,0
2050,319,18,0.16804707769638244,0
2050,319,27,0.0908175775985582,0
2050,319,29,0.029179188541719754,0
2050,320,1,0.028575938946569412,0
2050,320,5,0.0956082653043537,0
2050,320,8,0.03804639720438448,0
2050,320,12,0.012427233673526225,0
2050,320,18,0.4798593763594434,0
2050,320,19,0.10870395875502924,0
2050,320,29,0.23677882975669348,0
2050,321,2,0.07544928866264657,0
2050,321,4,0.22566756359575332,0
2050,321,5,0.02777158862673578,0
2050,321,14,0.06691010043168263,0
2050,321,16,0.06313912893354826,0
2050,321,18,0.22289091837469635,0
2050,321,27,0.1709000482908906,0
2050,321,28,0.03229197551145383,0
2050,321,29,0.1149793875725928,0
2050,322,2,0.02012869779514562,0
2050,322,4,0.03816222416640815,0
2050,322,7,0.15065722995521966,0
2050,322,10,0.014836779945514219,0
2050,322,15,0.033545739251324404,0
2050,322,18,0.4035950787714314,0
2050,322,21,0.14835414451037815,0
2050,322,29,0.1907201056045783,0
2050,323,1,0.06315994340408143,0
2050,323,4,0.18731821469541793,0
2050,323,7,0.1679761510561297,0
2050,323,10,0.07736005162518862,0
2050,323,18,0.2758591869811072,0
2050,323,21,0.15458088619750918,0
2050,323,29,0.07374556604056602,0
2050,324,1,0.06463607141442594,0
2050,324,4,0.04713664584984801,0
2050,324,9,0.04617810357315301,0
2050,324,10,0.10322651148972004,0
2050,324,14,0.17529210767634795,0
2050,324,18,0.2500515374211784,0
2050,324,23,0.23505839668217318,0
2050,324,29,0.018283033465074823,0
2050,324,30,0.060137592428078424,0
2050,325,23,1.0,0
2050,326,1,0.09604742886226743,0
2050,326,3,0.022190414332967142,0
2050,326,10,0.0939962154956416,0
2050,326,13,0.05697950317585185,0
2050,326,19,0.08491692931910515,0
2050,326,20,0.1838037642786591,0
2050,326,23,0.37014957091616857,0
2050,326,29,0.0919161736193392,0
2050,327,1,0.24311633421758147,0
2050,327,3,0.2824420025712297,0
2050,327,5,0.016866732106872586,0
2050,327,8,0.04116543401242283,0
2050,327,13,0.11114078308147733,0
2050,327,15,0.013471800369591674,0
2050,327,16,0.1200764461260688,0
2050,327,19,0.03360905771840577,0
2050,327,22,0.03431437205137347,0
2050,327,27,0.10379703774497634,0
2050,328,1,0.060572664528416816,0
2050,328,4,0.2875143131226991,0
2050,328,12,0.17951646076642175,0
2050,328,16,0.11363712474417757,0
2050,328,17,0.03126543020597419,0
2050,328,18,0.09415501056253053,0
2050,328,19,0.04932194294576272,0
2050,328,21,0.01985641167446303,0
2050,328,22,0.041849321289561085,0
2050,328,23,0.054249809386721,0
2050,328,30,0.06806151077327219,0
2050,329,2,0.024800428339959688,0
2050,329,4,0.257723912324965,0
2050,329,9,0.15292317237240274,0
2050,329,11,0.06203521455210847,0
2050,329,16,0.14694942172841466,0
2050,329,19,0.036835612631467646,0
2050,329,21,0.013333016396546823,0
2050,329,22,0.1198195621292023,0
2050,329,23,0.16466675297730585,0
2050,329,29,0.020912906547626887,0
2050,330,3,0.22672638448670376,0
2050,330,9,0.016185860465679106,0
2050,330,11,0.029928110206429426,0
2050,330,13,0.05334681058117234,0
2050,330,16,0.11058275318156909,0
2050,330,17,0.011296662341717077,0
2050,330,22,0.19425307775102432,0
2050,330,23,0.17184867137795223,0
2050,330,24,0.1508230323149169,0
2050,330,26,0.0350086372928358,0
2050,331,4,0.2801298827328364,0
2050,331,9,0.05096465594121285,0
2050,331,12,0.3280443030457207,0
2050,331,22,0.07448598214598443,0
2050,331,23,0.26637517613424566,0
2050,332,4,0.40468673624111967,0
2050,332,7,0.022149836254169306,0
2050,332,9,0.0889075659835355,0
2050,332,10,0.031195920009895822,0
2050,332,12,0.062086529405941976,0
2050,332,16,0.017740502115962294,0
2050,332,18,0.09834466374064912,0
2050,332,19,0.028180177635250103,0
2050,332,23,0.13344195468832315,0
2050,332,29,0.1132661139251528,0
2050,333,4,0.2974648311021745,0
2050,333,7,0.03776752972676722,0
2050,333,9,0.051641787011589904,0
2050,333,12,0.04663190626382712,0
2050,333,18,0.4763017674338143,0
2050,333,19,0.029888385313435357,0
2050,333,29,0.060303793148391696,0
2050,334,2,0.06298648344754737,0
2050,334,4,0.2685633188153356,0
2050,334,7,0.06757579266693042,0
2050,334,9,0.03220534800983172,0
2050,334,10,0.061138243711204805,0
2050,334,18,0.37763936021535716,0
2050,334,24,0.016926697916054702,0
2050,334,29,0.11296475521773824,0
2050,335,2,0.057805593509771096,0
2050,335,4,0.20172980074432656,0
2050,335,7,0.028916625793136305,0
2050,335,9,0.11762107885760462,0
2050,335,10,0.09017251888112658,0
2050,335,18,0.28352718409471594,0
2050,335,22,0.025757771339424234,0
2050,335,28,0.04856430500523003,0
2050,335,29,0.1459051217746648,0
2050,336,29,1.0,0
2050,337,1,0.08546153270708862,0
2050,337,4,0.4193633611898267,0
2050,337,6,0.027480516893311456,0
2050,337,12,0.08129246813540361,0
2050,337,27,0.15593564489949643,0
2050,337,29,0.23046647617487337,0
2050,338,1,0.027380843220965928,0
2050,338,4,0.6686963612606233,0
2050,338,12,0.1100476205908367,0
2050,338,13,0.029714043490134217,0
2050,338,21,0.02943745304098677,0
2050,338,29,0.13472367839645324,0
2050,339,2,0.017659522965101343,0
2050,339,4,0.6731495309593599,0
2050,339,6,0.018073070611261857,0
2050,339,12,0.11218896990127979,0
2050,339,29,0.17892890556299718,0
2050,340,2,0.01782735981502385,0
2050,340,4,0.7175224151855728,0
2050,340,6,0.019526624074360805,0
2050,340,20,0.02809051809715875,0
2050,340,21,0.026511960099369243,0
2050,340,24,0.04420007649909678,0
2050,340,29,0.14632104622941783,0
2050,341,1,0.016476483635379607,0
2050,341,4,0.6328689508063919,0
2050,341,6,0.057034921917953,0
2050,341,11,0.19347371684366615,0
2050,341,22,0.0794378216378967,0
2050,341,26,0.02070810515871262,0
2050,342,1,0.059322050529256355,0
2050,342,4,0.4472053180095363,0
2050,342,8,0.08456452758798097,0
2050,342,12,0.049432325143751864,0
2050,342,16,0.13058945730880794,0
2050,342,27,0.029729121992476643,0
2050,342,29,0.1991571994281899,0
2050,343,2,0.04537421664542026,0
2050,343,4,0.618954627625806,0
2050,343,6,0.05663606552528828,0
2050,343,12,0.04030320892450522,0
2050,343,16,0.07578642564140965,0
2050,343,28,0.02653378080579677,0
2050,343,29,0.13641167483177374,0
2050,344,4,0.606089316428361,0
2050,344,10,0.05544659309435176,0
2050,344,12,0.2573178204258346,0
2050,344,22,0.013530671075817994,0
2050,344,23,0.029396945728927485,0
2050,344,29,0.03821865324670734,0
2050,345,1,0.03649345300136667,0
2050,345,4,0.6545620081004687,0
2050,345,7,0.05675224052886907,0
2050,345,10,0.12224504217350089,0
2050,345,12,0.02170207573215476,0
2050,345,20,0.01776630475776141,0
2050,345,29,0.09047887570587852,0
2050,346,1,0.03913519829703385,0
2050,346,4,0.3715779242759627,0
2050,346,10,0.16605287209099848,0
2050,346,13,0.28991717767294084,0
2050,346,21,0.0585777132761629,0
2050,346,29,0.07473911438690117,0
2050,347,13,1.0,0
2050,348,1,0.12397277105053683,0
2050,348,3,0.04245173367598652,0
2050,348,4,0.19639908686014654,0
2050,348,11,0.2023322469902461,0
2050,348,13,0.31189515515968996,0
2050,348,26,0.0139621624974876,0
2050,348,27,0.08641878737198579,0
2050,348,29,0.022568056393920666,0
2050,349,1,0.05946672994451105,0
2050,349,3,0.13285585429878194,0
2050,349,4,0.26349058871588565,0
2050,349,11,0.10824136513929644,0
2050,349,13,0.14478530057885772,0
2050,349,26,0.028952671742244952,0
2050,349,27,0.2622074895804222,0
2050,350,4,0.49603547523017033,0
2050,350,8,0.051421087181985806,0
2050,350,13,0.032940677729090956,0
2050,350,16,0.034997055168977276,0
2050,350,23,0.15582320200044947,0
2050,350,27,0.18971114878453343,0
2050,350,29,0.03907135390479252,0
2050,351,3,0.06789692876100917,0
2050,351,4,0.5051837810705576,0
2050,351,7,0.05493107416131535,0
2050,351,8,0.04532334920127904,0
2050,351,13,0.2623446452188966,0
2050,351,23,0.034503542478502215,0
2050,351,29,0.029816679108440082,0
2050,352,4,0.6401603184518568,0
2050,352,12,0.09411978167398559,0
2050,352,13,0.1986465690668392,0
2050,352,19,0.06707333080731838,0
2050,353,4,0.8137343875430981,0
2050,353,13,0.07335759838371918,0
2050,353,17,0.027110827816836117,0
2050,353,29,0.0468074913811727,0
2050,353,30,0.03898969487517393,0
2050,354,4,1.0,0
2050,355,4,0.849175769241323,0
2050,355,10,0.012637593755191514,0
2050,355,14,0.014414734986597743,0
2050,355,18,0.10908449845523001,0
2050,355,29,0.0146874035616577,0
2050,356,4,0.6909233171595294,0
2050,356,7,0.17784651848755798,0
2050,356,18,0.06658469823363616,0
2050,356,29,0.0646454661192764,0
2050,357,2,0.03659907697331363,0
2050,357,4,0.6814188239537702,0
2050,357,7,0.0846434357560476,0
2050,357,10,0.034714993839891115,0
2050,357,12,0.019540868500360437,0
2050,357,29,0.14308280097661702,0
2050,358,2,0.027444125325403954,0
2050,358,4,0.5923062312885162,0
2050,358,12,0.09256825270567774,0
2050,358,16,0.19157392991008945,0
2050,358,19,0.016546998706863002,0
2050,358,27,0.014953205897992955,0
2050,358,29,0.06460725616545665,0
2050,359,2,0.041228864336600925,0
2050,359,4,0.5780100380225136,0
2050,359,7,0.011736259126130232,0
2050,359,9,0.011681461528054089,0
2050,359,12,0.027022967324106077,0
2050,359,16,0.09193406461959329,0
2050,359,21,0.06874652375651039,0
2050,359,22,0.07355881640646963,0
2050,359,27,0.018450539832491262,0
2050,359,29,0.07763046504753048,0
2050,360,4,0.33495632036445555,0
2050,360,9,0.13297091177111564,0
2050,360,21,0.011247859735868001,0
2050,360,23,0.022485060050308883,0
2050,360,24,0.08849076506236966,0
2050,360,27,0.17081187489282204,0
2050,360,29,0.23903720812306023,0
2050,361,1,0.05079696904369909,0
2050,361,4,0.18940644624471636,0
2050,361,13,0.30012056152785865,0
2050,361,16,0.2644340440483039,0
2050,361,18,0.06655763739826584,0
2050,361,21,0.1159646967528585,0
2050,361,30,0.012719644984297626,0
2050,362,1,0.1359051387912671,0
2050,362,3,0.062779281492425,0
2050,362,4,0.3461184706753334,0
2050,362,8,0.025955549153212115,0
2050,362,9,0.095274368331346,0
2050,362,11,0.025383775448443623,0
2050,362,16,0.09803292574193012,0
2050,362,21,0.04453129016630312,0
2050,362,23,0.02857337171366495,0
2050,362,27,0.04854661097564078,0
2050,362,29,0.07063977790548541,0
2050,362,30,0.018259439604948448,0
2050,363,1,0.08858257473172725,0
2050,363,3,0.013304069238543097,0
2050,363,4,0.13488104489448258,0
2050,363,12,0.11721456425520807,0
2050,363,13,0.07941700224454744,0
2050,363,16,0.18767255600072408,0
2050,363,18,0.0819858316738658,0
2050,363,19,0.011864427296033441,0
2050,363,20,0.020339849544080718,0
2050,363,29,0.2647380801207875,0
2050,364,3,0.024125878146795073,0
2050,364,4,0.2112141444461338,0
2050,364,7,0.05550543062399496,0
2050,364,12,0.21202892980072005,0
2050,364,14,0.016141798316336047,0
2050,364,16,0.0648060347371602,0
2050,364,18,0.03616892298058376,0
2050,364,19,0.04521782027884052,0
2050,364,20,0.08321213641508468,0
2050,364,23,0.18632222413585758,0
2050,364,29,0.0652566801184935,0
2050,365,4,0.3150609362961114,0
2050,365,10,0.11242121773310201,0
2050,365,12,0.15946221603115018,0
2050,365,18,0.1178071108193797,0
2050,365,19,0.07828964452664372,0
2050,365,20,0.05861664154241066,0
2050,365,23,0.029315551121624272,0
2050,365,29,0.12902668192957814,0
