scenario,year,period,rep_period,weight
0,2030,1,2,1.0
0,2030,2,4,1.0
0,2030,3,3,1.0
0,2030,4,3,1.0
0,2030,5,7,1.0
0,2030,6,8,1.0
0,2030,7,4,1.0
0,2030,8,4,1.0
0,2030,9,2,1.0
0,2030,10,4,1.0
0,2030,11,7,1.0
0,2030,12,8,1.0
0,2030,13,8,1.0
0,2030,14,10,1.0
0,2030,15,10,1.0
0,2030,16,1,1.0
0,2030,17,7,1.0
0,2030,18,8,1.0
0,2030,19,8,1.0
0,2030,20,8,1.0
0,2030,21,8,1.0
0,2030,22,8,1.0
0,2030,23,2,1.0
0,2030,24,7,1.0
0,2030,25,8,1.0
0,2030,26,2,1.0
0,2030,27,5,1.0
0,2030,28,8,1.0
0,2030,29,8,1.0
0,2030,30,4,1.0
0,2030,31,1,1.0
0,2030,32,6,1.0
0,2030,33,4,1.0
0,2030,34,1,1.0
0,2030,35,6,1.0
0,2030,36,10,1.0
0,2030,37,3,1.0
0,2030,38,5,1.0
0,2030,39,8,1.0
0,2030,40,8,1.0
0,2030,41,5,1.0
0,2030,42,5,1.0
0,2030,43,9,1.0
0,2030,44,8,1.0
0,2030,45,8,1.0
0,2030,46,8,1.0
0,2030,47,5,1.0
0,2030,48,7,1.0
0,2030,49,9,1.0
0,2030,50,5,1.0
0,2030,51,5,1.0
0,2030,52,6,1.0
0,2030,53,9,1.0
0,2030,54,1,1.0
0,2030,55,8,1.0
0,2030,56,8,1.0
0,2030,57,8,1.0
0,2030,58,2,1.0
0,2030,59,4,1.0
0,2030,60,9,1.0
0,2030,61,5,1.0
0,2030,62,8,1.0
0,2030,63,7,1.0
0,2030,64,8,1.0
0,2030,65,2,1.0
0,2030,66,5,1.0
0,2030,67,8,1.0
0,2030,68,5,1.0
0,2030,69,2,1.0
0,2030,70,7,1.0
0,2030,71,8,1.0
0,2030,72,5,1.0
0,2030,73,6,1.0
0,2030,74,3,1.0
0,2030,75,9,1.0
0,2030,76,5,1.0
0,2030,77,5,1.0
0,2030,78,5,1.0
0,2030,79,5,1.0
0,2030,80,5,1.0
0,2030,81,6,1.0
0,2030,82,10,1.0
0,2030,83,3,1.0
0,2030,84,5,1.0
0,2030,85,5,1.0
0,2030,86,3,1.0
0,2030,87,4,1.0
0,2030,88,4,1.0
0,2030,89,7,1.0
0,2030,90,5,1.0
0,2030,91,5,1.0
0,2030,92,6,1.0
0,2030,93,10,1.0
0,2030,94,3,1.0
0,2030,95,1,1.0
0,2030,96,5,1.0
0,2030,97,5,1.0
0,2030,98,5,1.0
0,2030,99,5,1.0
0,2030,100,5,1.0
0,2030,101,5,1.0
0,2030,102,5,1.0
0,2030,103,5,1.0
0,2030,104,8,1.0
0,2030,105,8,1.0
0,2030,106,5,1.0
0,2030,107,6,1.0
0,2030,108,10,1.0
0,2030,109,6,1.0
0,2030,110,1,1.0
0,2030,111,1,1.0
0,2030,112,1,1.0
0,2030,113,10,1.0
0,2030,114,4,1.0
0,2030,115,4,1.0
0,2030,116,3,1.0
0,2030,117,6,1.0
0,2030,118,10,1.0
0,2030,119,6,1.0
0,2030,120,10,1.0
0,2030,121,10,1.0
0,2030,122,3,1.0
0,2030,123,10,1.0
0,2030,124,3,1.0
0,2030,125,10,1.0
0,2030,126,10,1.0
0,2030,127,10,1.0
0,2030,128,9,1.0
0,2030,129,6,1.0
0,2030,130,10,1.0
0,2030,131,1,1.0
0,2030,132,8,1.0
0,2030,133,4,1.0
0,2030,134,6,1.0
0,2030,135,9,1.0
0,2030,136,8,1.0
0,2030,137,5,1.0
0,2030,138,2,1.0
0,2030,139,6,1.0
0,2030,140,7,1.0
0,2030,141,6,1.0
0,2030,142,10,1.0
0,2030,143,3,1.0
0,2030,144,3,1.0
0,2030,145,3,1.0
0,2030,146,5,1.0
0,2030,147,5,1.0
0,2030,148,1,1.0
0,2030,149,3,1.0
0,2030,150,4,1.0
0,2030,151,4,1.0
0,2030,152,4,1.0
0,2030,153,1,1.0
0,2030,154,4,1.0
0,2030,155,9,1.0
0,2030,156,5,1.0
0,2030,157,5,1.0
0,2030,158,5,1.0
0,2030,159,5,1.0
0,2030,160,5,1.0
0,2030,161,5,1.0
0,2030,162,3,1.0
0,2030,163,3,1.0
0,2030,164,1,1.0
0,2030,165,1,1.0
0,2030,166,5,1.0
0,2030,167,5,1.0
0,2030,168,10,1.0
0,2030,169,10,1.0
0,2030,170,10,1.0
0,2030,171,10,1.0
0,2030,172,9,1.0
0,2030,173,1,1.0
0,2030,174,5,1.0
0,2030,175,5,1.0
0,2030,176,5,1.0
0,2030,177,5,1.0
0,2030,178,6,1.0
0,2030,179,10,1.0
0,2030,180,10,1.0
0,2030,181,10,1.0
0,2030,182,10,1.0
0,2030,183,10,1.0
0,2030,184,4,1.0
0,2030,185,10,1.0
0,2030,186,9,1.0
0,2030,187,1,1.0
0,2030,188,5,1.0
0,2030,189,6,1.0
0,2030,190,10,1.0
0,2030,191,3,1.0
0,2030,192,6,1.0
0,2030,193,3,1.0
0,2030,194,1,1.0
0,2030,195,5,1.0
0,2030,196,6,1.0
0,2030,197,10,1.0
0,2030,198,10,1.0
0,2030,199,3,1.0
0,2030,200,6,1.0
0,2030,201,10,1.0
0,2030,202,10,1.0
0,2030,203,5,1.0
0,2030,204,1,1.0
0,2030,205,6,1.0
0,2030,206,3,1.0
0,2030,207,6,1.0
0,2030,208,10,1.0
0,2030,209,10,1.0
0,2030,210,10,1.0
0,2030,211,10,1.0
0,2030,212,3,1.0
0,2030,213,3,1.0
0,2030,214,10,1.0
0,2030,215,3,1.0
0,2030,216,3,1.0
0,2030,217,6,1.0
0,2030,218,10,1.0
0,2030,219,10,1.0
0,2030,220,9,1.0
0,2030,221,1,1.0
0,2030,222,6,1.0
0,2030,223,10,1.0
0,2030,224,10,1.0
0,2030,225,9,1.0
0,2030,226,1,1.0
0,2030,227,5,1.0
0,2030,228,6,1.0
0,2030,229,10,1.0
0,2030,230,10,1.0
0,2030,231,10,1.0
0,2030,232,3,1.0
0,2030,233,9,1.0
0,2030,234,1,1.0
0,2030,235,1,1.0
0,2030,236,3,1.0
0,2030,237,3,1.0
0,2030,238,9,1.0
0,2030,239,1,1.0
0,2030,240,5,1.0
0,2030,241,5,1.0
0,2030,242,5,1.0
0,2030,243,5,1.0
0,2030,244,5,1.0
0,2030,245,5,1.0
0,2030,246,10,1.0
0,2030,247,10,1.0
0,2030,248,1,1.0
0,2030,249,8,1.0
0,2030,250,8,1.0
0,2030,251,2,1.0
0,2030,252,5,1.0
0,2030,253,9,1.0
0,2030,254,10,1.0
0,2030,255,3,1.0
0,2030,256,9,1.0
0,2030,257,6,1.0
0,2030,258,6,1.0
0,2030,259,1,1.0
0,2030,260,3,1.0
0,2030,261,3,1.0
0,2030,262,5,1.0
0,2030,263,4,1.0
0,2030,264,1,1.0
0,2030,265,5,1.0
0,2030,266,6,1.0
0,2030,267,3,1.0
0,2030,268,1,1.0
0,2030,269,4,1.0
0,2030,270,10,1.0
0,2030,271,3,1.0
0,2030,272,10,1.0
0,2030,273,10,1.0
0,2030,274,10,1.0
0,2030,275,9,1.0
0,2030,276,5,1.0
0,2030,277,5,1.0
0,2030,278,3,1.0
0,2030,279,5,1.0
0,2030,280,6,1.0
0,2030,281,9,1.0
0,2030,282,9,1.0
0,2030,283,1,1.0
0,2030,284,10,1.0
0,2030,285,10,1.0
0,2030,286,9,1.0
0,2030,287,6,1.0
0,2030,288,3,1.0
0,2030,289,5,1.0
0,2030,290,6,1.0
0,2030,291,3,1.0
0,2030,292,1,1.0
0,2030,293,5,1.0
0,2030,294,5,1.0
0,2030,295,6,1.0
0,2030,296,7,1.0
0,2030,297,8,1.0
0,2030,298,3,1.0
0,2030,299,8,1.0
0,2030,300,9,1.0
0,2030,301,5,1.0
0,2030,302,1,1.0
0,2030,303,3,1.0
0,2030,304,1,1.0
0,2030,305,5,1.0
0,2030,306,2,1.0
0,2030,307,2,1.0
0,2030,308,9,1.0
0,2030,309,6,1.0
0,2030,310,10,1.0
0,2030,311,10,1.0
0,2030,312,9,1.0
0,2030,313,6,1.0
0,2030,314,4,1.0
0,2030,315,7,1.0
0,2030,316,8,1.0
0,2030,317,7,1.0
0,2030,318,2,1.0
0,2030,319,2,1.0
0,2030,320,7,1.0
0,2030,321,2,1.0
0,2030,322,2,1.0
0,2030,323,9,1.0
0,2030,324,5,1.0
0,2030,325,1,1.0
0,2030,326,2,1.0
0,2030,327,3,1.0
0,2030,328,6,1.0
0,2030,329,7,1.0
0,2030,330,1,1.0
0,2030,331,1,1.0
0,2030,332,6,1.0
0,2030,333,4,1.0
0,2030,334,1,1.0
0,2030,335,5,1.0
0,2030,336,1,1.0
0,2030,337,1,1.0
0,2030,338,8,1.0
0,2030,339,2,1.0
0,2030,340,9,1.0
0,2030,341,10,1.0
0,2030,342,10,1.0
0,2030,343,7,1.0
0,2030,344,2,1.0
0,2030,345,2,1.0
0,2030,346,1,1.0
0,2030,347,5,1.0
0,2030,348,5,1.0
0,2030,349,8,1.0
0,2030,350,9,1.0
0,2030,351,1,1.0
0,2030,352,1,1.0
0,2030,353,6,1.0
0,2030,354,9,1.0
0,2030,355,5,1.0
0,2030,356,8,1.0
0,2030,357,8,1.0
0,2030,358,8,1.0
0,2030,359,8,1.0
0,2030,360,8,1.0
0,2030,361,8,1.0
0,2030,362,8,1.0
0,2030,363,8,1.0
0,2030,364,8,1.0
0,2030,365,8,1.0
1,2030,1,16,1.0
1,2030,2,12,1.0
1,2030,3,17,1.0
1,2030,4,17,1.0
1,2030,5,18,1.0
1,2030,6,16,1.0
1,2030,7,12,1.0
1,2030,8,12,1.0
1,2030,9,16,1.0
1,2030,10,12,1.0
1,2030,11,18,1.0
1,2030,12,13,1.0
1,2030,13,13,1.0
1,2030,14,20,1.0
1,2030,15,20,1.0
1,2030,16,11,1.0
1,2030,17,18,1.0
1,2030,18,13,1.0
1,2030,19,13,1.0
1,2030,20,13,1.0
1,2030,21,13,1.0
1,2030,22,13,1.0
1,2030,23,16,1.0
1,2030,24,18,1.0
1,2030,25,13,1.0
1,2030,26,16,1.0
1,2030,27,18,1.0
1,2030,28,13,1.0
1,2030,29,13,1.0
1,2030,30,12,1.0
1,2030,31,11,1.0
1,2030,32,14,1.0
1,2030,33,12,1.0
1,2030,34,11,1.0
1,2030,35,20,1.0
1,2030,36,20,1.0
1,2030,37,17,1.0
1,2030,38,11,1.0
1,2030,39,13,1.0
1,2030,40,13,1.0
1,2030,41,11,1.0
1,2030,42,11,1.0
1,2030,43,15,1.0
1,2030,44,13,1.0
1,2030,45,13,1.0
1,2030,46,13,1.0
1,2030,47,11,1.0
1,2030,48,15,1.0
1,2030,49,15,1.0
1,2030,50,11,1.0
1,2030,51,11,1.0
1,2030,52,14,1.0
1,2030,53,15,1.0
1,2030,54,11,1.0
1,2030,55,13,1.0
1,2030,56,13,1.0
1,2030,57,13,1.0
1,2030,58,16,1.0
1,2030,59,12,1.0
1,2030,60,15,1.0
1,2030,61,19,1.0
1,2030,62,13,1.0
1,2030,63,13,1.0
1,2030,64,13,1.0
1,2030,65,12,1.0
1,2030,66,18,1.0
1,2030,67,11,1.0
1,2030,68,19,1.0
1,2030,69,16,1.0
1,2030,70,18,1.0
1,2030,71,13,1.0
1,2030,72,19,1.0
1,2030,73,14,1.0
1,2030,74,17,1.0
1,2030,75,15,1.0
1,2030,76,19,1.0
1,2030,77,19,1.0
1,2030,78,11,1.0
1,2030,79,11,1.0
1,2030,80,11,1.0
1,2030,81,14,1.0
1,2030,82,20,1.0
1,2030,83,15,1.0
1,2030,84,19,1.0
1,2030,85,11,1.0
1,2030,86,17,1.0
1,2030,87,12,1.0
1,2030,88,12,1.0
1,2030,89,19,1.0
1,2030,90,19,1.0
1,2030,91,19,1.0
1,2030,92,14,1.0
1,2030,93,20,1.0
1,2030,94,17,1.0
1,2030,95,17,1.0
1,2030,96,19,1.0
1,2030,97,19,1.0
1,2030,98,19,1.0
1,2030,99,19,1.0
1,2030,100,11,1.0
1,2030,101,19,1.0
1,2030,102,19,1.0
1,2030,103,19,1.0
1,2030,104,13,1.0
1,2030,105,19,1.0
1,2030,106,19,1.0
1,2030,107,14,1.0
1,2030,108,20,1.0
1,2030,109,14,1.0
1,2030,110,17,1.0
1,2030,111,14,1.0
1,2030,112,11,1.0
1,2030,113,20,1.0
1,2030,114,12,1.0
1,2030,115,12,1.0
1,2030,116,12,1.0
1,2030,117,14,1.0
1,2030,118,20,1.0
1,2030,119,14,1.0
1,2030,120,20,1.0
1,2030,121,20,1.0
1,2030,122,17,1.0
1,2030,123,20,1.0
1,2030,124,20,1.0
1,2030,125,20,1.0
1,2030,126,20,1.0
1,2030,127,20,1.0
1,2030,128,15,1.0
1,2030,129,14,1.0
1,2030,130,20,1.0
1,2030,131,14,1.0
1,2030,132,16,1.0
1,2030,133,12,1.0
1,2030,134,17,1.0
1,2030,135,15,1.0
1,2030,136,11,1.0
1,2030,137,11,1.0
1,2030,138,14,1.0
1,2030,139,14,1.0
1,2030,140,18,1.0
1,2030,141,14,1.0
1,2030,142,20,1.0
1,2030,143,17,1.0
1,2030,144,17,1.0
1,2030,145,17,1.0
1,2030,146,19,1.0
1,2030,147,19,1.0
1,2030,148,14,1.0
1,2030,149,20,1.0
1,2030,150,12,1.0
1,2030,151,12,1.0
1,2030,152,12,1.0
1,2030,153,11,1.0
1,2030,154,12,1.0
1,2030,155,15,1.0
1,2030,156,19,1.0
1,2030,157,19,1.0
1,2030,158,11,1.0
1,2030,159,11,1.0
1,2030,160,11,1.0
1,2030,161,11,1.0
1,2030,162,17,1.0
1,2030,163,17,1.0
1,2030,164,17,1.0
1,2030,165,11,1.0
1,2030,166,11,1.0
1,2030,167,11,1.0
1,2030,168,20,1.0
1,2030,169,20,1.0
1,2030,170,20,1.0
1,2030,171,20,1.0
1,2030,172,15,1.0
1,2030,173,11,1.0
1,2030,174,19,1.0
1,2030,175,19,1.0
1,2030,176,19,1.0
1,2030,177,11,1.0
1,2030,178,14,1.0
1,2030,179,20,1.0
1,2030,180,20,1.0
1,2030,181,20,1.0
1,2030,182,20,1.0
1,2030,183,20,1.0
1,2030,184,12,1.0
1,2030,185,20,1.0
1,2030,186,15,1.0
1,2030,187,11,1.0
1,2030,188,11,1.0
1,2030,189,14,1.0
1,2030,190,20,1.0
1,2030,191,17,1.0
1,2030,192,14,1.0
1,2030,193,17,1.0
1,2030,194,11,1.0
1,2030,195,11,1.0
1,2030,196,14,1.0
1,2030,197,20,1.0
1,2030,198,20,1.0
1,2030,199,17,1.0
1,2030,200,14,1.0
1,2030,201,20,1.0
1,2030,202,20,1.0
1,2030,203,11,1.0
1,2030,204,11,1.0
1,2030,205,14,1.0
1,2030,206,17,1.0
1,2030,207,14,1.0
1,2030,208,20,1.0
1,2030,209,20,1.0
1,2030,210,20,1.0
1,2030,211,20,1.0
1,2030,212,17,1.0
1,2030,213,17,1.0
1,2030,214,20,1.0
1,2030,215,17,1.0
1,2030,216,20,1.0
1,2030,217,14,1.0
1,2030,218,20,1.0
1,2030,219,20,1.0
1,2030,220,15,1.0
1,2030,221,11,1.0
1,2030,222,14,1.0
1,2030,223,20,1.0
1,2030,224,20,1.0
1,2030,225,15,1.0
1,2030,226,11,1.0
1,2030,227,19,1.0
1,2030,228,14,1.0
1,2030,229,20,1.0
1,2030,230,20,1.0
1,2030,231,20,1.0
1,2030,232,20,1.0
1,2030,233,15,1.0
1,2030,234,11,1.0
1,2030,235,17,1.0
1,2030,236,17,1.0
1,2030,237,17,1.0
1,2030,238,15,1.0
1,2030,239,15,1.0
1,2030,240,11,1.0
1,2030,241,11,1.0
1,2030,242,11,1.0
1,2030,243,11,1.0
1,2030,244,11,1.0
1,2030,245,11,1.0
1,2030,246,20,1.0
1,2030,247,20,1.0
1,2030,248,17,1.0
1,2030,249,13,1.0
1,2030,250,13,1.0
1,2030,251,16,1.0
1,2030,252,19,1.0
1,2030,253,15,1.0
1,2030,254,20,1.0
1,2030,255,17,1.0
1,2030,256,15,1.0
1,2030,257,14,1.0
1,2030,258,14,1.0
1,2030,259,14,1.0
1,2030,260,17,1.0
1,2030,261,17,1.0
1,2030,262,11,1.0
1,2030,263,12,1.0
1,2030,264,17,1.0
1,2030,265,11,1.0
1,2030,266,14,1.0
1,2030,267,17,1.0
1,2030,268,14,1.0
1,2030,269,20,1.0
1,2030,270,20,1.0
1,2030,271,17,1.0
1,2030,272,20,1.0
1,2030,273,20,1.0
1,2030,274,20,1.0
1,2030,275,15,1.0
1,2030,276,11,1.0
1,2030,277,14,1.0
1,2030,278,17,1.0
1,2030,279,19,1.0
1,2030,280,14,1.0
1,2030,281,15,1.0
1,2030,282,15,1.0
1,2030,283,11,1.0
1,2030,284,20,1.0
1,2030,285,20,1.0
1,2030,286,15,1.0
1,2030,287,14,1.0
1,2030,288,17,1.0
1,2030,289,11,1.0
1,2030,290,14,1.0
1,2030,291,17,1.0
1,2030,292,11,1.0
1,2030,293,19,1.0
1,2030,294,11,1.0
1,2030,295,17,1.0
1,2030,296,18,1.0
1,2030,297,13,1.0
1,2030,298,17,1.0
1,2030,299,13,1.0
1,2030,300,15,1.0
1,2030,301,19,1.0
1,2030,302,14,1.0
1,2030,303,17,1.0
1,2030,304,11,1.0
1,2030,305,11,1.0
1,2030,306,12,1.0
1,2030,307,12,1.0
1,2030,308,15,1.0
1,2030,309,14,1.0
1,2030,310,20,1.0
1,2030,311,20,1.0
1,2030,312,17,1.0
1,2030,313,20,1.0
1,2030,314,12,1.0
1,2030,315,18,1.0
1,2030,316,13,1.0
1,2030,317,18,1.0
1,2030,318,14,1.0
1,2030,319,16,1.0
1,2030,320,18,1.0
1,2030,321,12,1.0
1,2030,322,16,1.0
1,2030,323,15,1.0
1,2030,324,11,1.0
1,2030,325,11,1.0
1,2030,326,16,1.0
1,2030,327,12,1.0
1,2030,328,11,1.0
1,2030,329,18,1.0
1,2030,330,11,1.0
1,2030,331,14,1.0
1,2030,332,14,1.0
1,2030,333,12,1.0
1,2030,334,11,1.0
1,2030,335,11,1.0
1,2030,336,11,1.0
1,2030,337,11,1.0
1,2030,338,13,1.0
1,2030,339,16,1.0
1,2030,340,15,1.0
1,2030,341,20,1.0
1,2030,342,20,1.0
1,2030,343,18,1.0
1,2030,344,14,1.0
1,2030,345,14,1.0
1,2030,346,18,1.0
1,2030,347,13,1.0
1,2030,348,11,1.0
1,2030,349,11,1.0
1,2030,350,15,1.0
1,2030,351,14,1.0
1,2030,352,11,1.0
1,2030,353,14,1.0
1,2030,354,15,1.0
1,2030,355,11,1.0
1,2030,356,13,1.0
1,2030,357,13,1.0
1,2030,358,13,1.0
1,2030,359,13,1.0
1,2030,360,13,1.0
1,2030,361,13,1.0
1,2030,362,13,1.0
1,2030,363,13,1.0
1,2030,364,13,1.0
1,2030,365,13,1.0
