year,period,rep_period,weight,scenario
2030,1,2,0.22105740865896506,0
2030,1,3,0.4604542949354134,0
2030,1,4,0.040869935040204426,0
2030,1,5,0.21800211200535338,0
2030,1,8,0.059616249360063704,0
2030,2,3,0.9847068657787287,0
2030,2,5,0.015293134221271295,0
2030,3,1,0.1644248065878576,0
2030,3,2,0.01226587764267558,0
2030,3,3,0.7246862044562088,0
2030,3,4,0.09862311131325811,0
2030,4,1,0.8538658461948673,0
2030,4,3,0.07790069087019648,0
2030,4,4,0.06823346293493625,0
2030,5,1,0.8888048171311108,0
2030,5,5,0.11119518286888927,0
2030,6,2,0.08636889314831202,0
2030,6,3,0.3737466941991806,0
2030,6,5,0.3243693213420801,0
2030,6,8,0.21551509131042723,0
2030,7,3,0.8539896112608903,0
2030,7,5,0.14601038873910957,0
2030,8,3,0.8983326117841685,0
2030,8,5,0.10166738821583164,0
2030,9,1,0.0,0
2030,9,3,0.5766929753894163,0
2030,9,4,0.018770749286145406,0
2030,9,5,0.24799974347685314,0
2030,9,8,0.1565365318475852,0
2030,10,3,0.8539495687095063,0
2030,10,5,0.14605043129049372,0
2030,11,1,0.08860299655299424,0
2030,11,2,0.1253726863285967,0
2030,11,3,0.43656925223090987,0
2030,11,5,0.34945506488749917,0
2030,12,2,0.0,0
2030,12,3,0.49379856454050053,0
2030,12,5,0.5062014354594995,0
2030,13,2,0.10644944695986024,0
2030,13,3,0.2579764016122489,0
2030,13,4,0.33043855133714256,0
2030,13,5,0.3051356000907483,0
2030,14,3,1.0,0
2030,15,3,1.0,0
2030,16,1,0.03536888054838246,0
2030,16,2,0.5697725550842617,0
2030,16,3,0.03001987667974487,0
2030,16,4,0.22216243718045853,0
2030,16,5,0.14267625050715252,0
2030,17,1,0.02757583973913115,0
2030,17,2,0.12263818927341236,0
2030,17,3,0.42475893526004266,0
2030,17,5,0.42502703572741396,0
2030,18,2,0.15479908449310598,0
2030,18,3,0.34730014881234095,0
2030,18,5,0.49790076669455313,0
2030,19,2,0.1452183172964676,0
2030,19,3,0.41093531191473465,0
2030,19,5,0.4438463707887977,0
2030,20,2,0.5525615808678146,0
2030,20,3,0.12977170589962037,0
2030,20,5,0.3176667132325651,0
2030,21,2,0.48734300603792946,0
2030,21,3,0.19583396964587566,0
2030,21,5,0.3168230243161948,0
2030,22,2,0.19975927084214978,0
2030,22,3,0.40085114003345473,0
2030,22,5,0.39938958912439554,0
2030,23,3,0.4593857712953107,0
2030,23,4,0.0,0
2030,23,5,0.27052619165903546,0
2030,23,8,0.27008803704565393,0
2030,24,1,0.8307348245010115,0
2030,24,5,0.16926517549898848,0
2030,25,2,0.5870353248824092,0
2030,25,3,0.12809469116212518,0
2030,25,5,0.28486998395546564,0
2030,26,3,0.36137144178556707,0
2030,26,4,0.23010349128526567,0
2030,26,5,0.22484934577238036,0
2030,26,8,0.18367572115678688,0
2030,27,2,0.9633274444647401,0
2030,27,5,0.03667255553525994,0
2030,28,2,0.5584485830417788,0
2030,28,3,0.17197785728764198,0
2030,28,5,0.2695735596705792,0
2030,29,2,0.4560344753769257,0
2030,29,3,0.1815230750822447,0
2030,29,5,0.36244244954082966,0
2030,30,3,0.9069268678142076,0
2030,30,5,0.09307313218579234,0
2030,31,1,0.15614783492307466,0
2030,31,2,0.8438521650769253,0
2030,32,4,1.0,0
2030,33,3,0.9244354154133361,0
2030,33,5,0.07556458458666389,0
2030,34,1,0.6778988922078785,0
2030,34,2,0.07380786112804667,0
2030,34,4,0.19574001155731408,0
2030,34,5,0.05255323510676079,0
2030,35,3,0.9102618790280789,0
2030,35,4,0.03351799601692724,0
2030,35,5,0.030772714441279825,0
2030,35,8,0.025447410513713953,0
2030,36,3,1.0,0
2030,37,1,0.3093165017648778,0
2030,37,3,0.6750900985299563,0
2030,37,5,0.015593399705166003,0
2030,38,2,0.8882227868788323,0
2030,38,5,0.1117772131211677,0
2030,39,2,0.4051136722013734,0
2030,39,3,0.30845078053606706,0
2030,39,4,0.023049096025297373,0
2030,39,5,0.2633864512372623,0
2030,40,2,0.845038780622056,0
2030,40,5,0.15496121937794405,0
2030,41,2,0.8419703727087926,0
2030,41,4,0.15802962729120743,0
2030,42,4,0.9458403742068163,0
2030,42,5,0.05415962579318367,0
2030,43,1,0.7735993593311916,0
2030,43,3,0.2264006406688084,0
2030,44,2,0.8197978183681169,0
2030,44,3,0.026531012398279676,0
2030,44,4,0.01969487540778333,0
2030,44,5,0.13397629382581988,0
2030,45,2,0.7706238599447441,0
2030,45,3,0.038929595651784256,0
2030,45,5,0.1904465444034717,0
2030,46,2,0.7961057946043127,0
2030,46,5,0.20389420539568728,0
2030,47,2,0.9594440079453689,0
2030,47,5,0.04055599205463111,0
2030,48,1,0.9796576556409767,0
2030,48,5,0.020342344359023226,0
2030,49,1,0.8837634292540187,0
2030,49,3,0.11623657074598132,0
2030,50,2,0.6934098113379445,0
2030,50,4,0.21067635812962104,0
2030,50,5,0.09591383053243437,0
2030,51,2,0.5572179226851651,0
2030,51,4,0.2982407295702453,0
2030,51,5,0.1445413477445896,0
2030,52,3,0.443986057945581,0
2030,52,4,0.4353997580769289,0
2030,52,5,0.07549102556773836,0
2030,52,8,0.04512315840975183,0
2030,53,1,0.6875865879608878,0
2030,53,3,0.31241341203911227,0
2030,54,1,0.0294818243327227,0
2030,54,2,0.5705533633408338,0
2030,54,3,0.2359018724166602,0
2030,54,5,0.16406293990978335,0
2030,55,2,0.21737015663447862,0
2030,55,3,0.3260579170734729,0
2030,55,5,0.45657192629204857,0
2030,56,2,0.08089346932995709,0
2030,56,3,0.3607836467275253,0
2030,56,5,0.5583228839425177,0
2030,57,2,0.012337157666174214,0
2030,57,3,0.3992148079882286,0
2030,57,5,0.5884480343455971,0
2030,58,3,0.3516885419322693,0
2030,58,5,0.1854332581833852,0
2030,58,8,0.4628781998843455,0
2030,59,3,0.9445878037442508,0
2030,59,5,0.05541219625574918,0
2030,60,1,0.4702459026117174,0
2030,60,3,0.3675660005736939,0
2030,60,5,0.1621880968145888,0
2030,61,1,0.021320195765979023,0
2030,61,2,0.3225735606690114,0
2030,61,3,0.29915245360848447,0
2030,61,5,0.35695378995652516,0
2030,62,2,0.17008032231786133,0
2030,62,3,0.33265339324405724,0
2030,62,5,0.49726628443808135,0
2030,63,1,0.37558156149344224,0
2030,63,3,0.2957305089446907,0
2030,63,5,0.328687929561867,0
2030,64,2,0.37065213442463657,0
2030,64,3,0.2953030520652173,0
2030,64,5,0.33404481351014614,0
2030,65,1,0.26162042243111155,0
2030,65,3,0.47480714709629784,0
2030,65,4,0.10968066140688956,0
2030,65,5,0.10203201705716963,0
2030,65,8,0.05185975200853158,0
2030,66,1,0.2879478897708202,0
2030,66,2,0.5704147016321056,0
2030,66,5,0.10958604636294425,0
2030,66,6,0.03205136223412977,0
2030,67,2,0.7169503713092032,0
2030,67,3,0.01125585518095556,0
2030,67,4,0.013286074564561027,0
2030,67,5,0.13314339598364658,0
2030,67,8,0.12536430296163364,0
2030,68,2,0.7724276543354722,0
2030,68,4,0.09710645936260753,0
2030,68,5,0.13046588630192033,0
2030,69,3,0.13528152240157568,0
2030,69,4,0.5218545114949726,0
2030,69,5,0.14670402132066984,0
2030,69,8,0.19615994478278198,0
2030,70,1,0.8358261249448022,0
2030,70,5,0.16417387505519773,0
2030,71,2,0.5072630916271136,0
2030,71,3,0.17674507847630316,0
2030,71,5,0.3159918298965833,0
2030,72,2,0.7129670162801894,0
2030,72,3,0.022235341277175923,0
2030,72,4,0.13225475188469393,0
2030,72,5,0.13254289055794072,0
2030,73,3,0.3469853240316123,0
2030,73,4,0.5148946476514679,0
2030,73,5,0.08212066858299968,0
2030,73,8,0.05599935973392012,0
2030,74,1,0.4164974186640277,0
2030,74,3,0.31853018756407686,0
2030,74,4,0.19189398461014856,0
2030,74,5,0.017011276488306692,0
2030,74,8,0.0560671326734402,0
2030,75,1,1.0,0
2030,76,2,0.8542599859648043,0
2030,76,4,0.11445007877777261,0
2030,76,5,0.031289935257422956,0
2030,77,2,0.9839274719619231,0
2030,77,5,0.016072528038076843,0
2030,78,4,0.9496403235890961,0
2030,78,5,0.027137937130281987,0
2030,78,6,0.023221739280621947,0
2030,79,2,1.0,0
2030,80,2,0.7985298948559756,0
2030,80,4,0.12220036440914227,0
2030,80,6,0.07926974073488217,0
2030,81,2,0.05336990175386691,0
2030,81,3,0.2403998063220155,0
2030,81,4,0.26594436577121133,0
2030,81,8,0.44028592615290624,0
2030,82,3,1.0,0
2030,83,1,0.26815840433356514,0
2030,83,3,0.6974693938551273,0
2030,83,6,0.03437220181130741,0
2030,84,2,1.0,0
2030,85,4,0.9502812220089438,0
2030,85,6,0.04971877799105617,0
2030,86,1,0.5864992789631963,0
2030,86,3,0.4135007210368037,0
2030,87,3,0.9358476441904456,0
2030,87,5,0.06415235580955442,0
2030,88,3,0.8611762632804402,0
2030,88,5,0.13882373671955986,0
2030,89,1,0.8311752851289168,0
2030,89,5,0.15019122443335803,0
2030,89,7,0.018633490437725195,0
2030,90,2,0.822081091399744,0
2030,90,6,0.08927551973758317,0
2030,90,7,0.08864338886267281,0
2030,91,2,0.8599218840271129,0
2030,91,6,0.07543248897464301,0
2030,91,7,0.06464562699824412,0
2030,92,3,0.12024785597082029,0
2030,92,4,0.2734258963092968,0
2030,92,8,0.606326247719883,0
2030,93,3,1.0,0
2030,94,3,0.9152811017067322,0
2030,94,6,0.08471889829326786,0
2030,95,1,0.7977463746253988,0
2030,95,3,0.08358283914165941,0
2030,95,4,0.052688651319234725,0
2030,95,8,0.06598213491370725,0
2030,96,2,0.8619464222792813,0
2030,96,3,0.039983335752222744,0
2030,96,6,0.09807024196849588,0
2030,97,2,0.740064193050238,0
2030,97,4,0.10577353514306592,0
2030,97,6,0.15416227180669603,0
2030,98,2,0.8905961797732591,0
2030,98,4,0.012612717294856184,0
2030,98,6,0.09679110293188457,0
2030,99,2,0.8492826930254157,0
2030,99,4,0.029614526576369173,0
2030,99,6,0.10812432840024862,0
2030,99,8,0.012978451997966343,0
2030,100,2,0.6764206367554817,0
2030,100,3,0.010487054525688827,0
2030,100,4,0.19746610017559538,0
2030,100,6,0.11562620854323423,0
2030,101,2,0.9068279328271645,0
2030,101,3,0.02933751533769877,0
2030,101,6,0.0638345518351368,0
2030,102,2,0.8462309349935084,0
2030,102,4,0.022726299665268263,0
2030,102,6,0.10553002175198525,0
2030,102,8,0.025512743589238055,0
2030,103,2,0.9027693594687399,0
2030,103,5,0.04555299980606063,0
2030,103,6,0.014206541692328165,0
2030,103,7,0.03747109903287134,0
2030,104,2,0.8497597204203982,0
2030,104,5,0.15024027957960193,0
2030,105,2,0.8106595575930077,0
2030,105,5,0.07720070424785622,0
2030,105,6,0.01423225974724663,0
2030,105,8,0.09790747841188947,0
2030,106,2,0.7823824020266018,0
2030,106,5,0.11023418452722555,0
2030,106,7,0.01840371512664872,0
2030,106,8,0.08897969831952397,0
2030,107,3,0.6404957813186961,0
2030,107,4,0.1488572581957081,0
2030,107,8,0.21064696048559586,0
2030,108,3,1.0,0
2030,109,3,0.6268901292552576,0
2030,109,4,0.19529184616139603,0
2030,109,5,0.05485275792244357,0
2030,109,6,0.02082906210450793,0
2030,109,8,0.1021362045563949,0
2030,110,1,0.7711327513173553,0
2030,110,2,0.015928596284308122,0
2030,110,3,0.07986003552307651,0
2030,110,4,0.020512242560869524,0
2030,110,8,0.1125663743143906,0
2030,111,2,0.021189598580834315,0
2030,111,3,0.22210171404166038,0
2030,111,4,0.6049662225915912,0
2030,111,8,0.15174246478591405,0
2030,112,1,0.698870398836262,0
2030,112,3,0.03120728735505396,0
2030,112,4,0.25071094989971104,0
2030,112,6,0.019211363908973027,0
2030,113,3,1.0,0
2030,114,3,0.982692885896772,0
2030,114,8,0.01730711410322806,0
2030,115,3,0.9529284306195823,0
2030,115,8,0.04707156938041772,0
2030,116,3,0.9590588158655787,0
2030,116,5,0.040941184134421264,0
2030,117,3,0.1930289340422933,0
2030,117,4,0.8069710659577066,0
2030,118,3,1.0,0
2030,119,3,0.7400447861277273,0
2030,119,4,0.12474514026222698,0
2030,119,8,0.13521007361004567,0
2030,120,3,0.9797549983937583,0
2030,120,8,0.020245001606241573,0
2030,121,3,1.0,0
2030,122,3,0.9199163674884341,0
2030,122,6,0.080083632511566,0
2030,123,3,0.7506829575666926,0
2030,123,8,0.24931704243330743,0
2030,124,3,0.9394538947395803,0
2030,124,6,0.06054610526041968,0
2030,125,3,1.0,0
2030,126,3,1.0,0
2030,127,3,1.0,0
2030,128,1,0.9605476416032913,0
2030,128,6,0.03945235839670868,0
2030,129,3,0.3497876595554534,0
2030,129,4,0.6502123404445466,0
2030,130,3,1.0,0
2030,131,3,0.22681187051739402,0
2030,131,4,0.5947797607621806,0
2030,131,5,0.07037909623667801,0
2030,131,8,0.10802927248374719,0
2030,132,3,0.07706656067262184,0
2030,132,4,0.41535415404127973,0
2030,132,5,0.21879752705243044,0
2030,132,8,0.28878175823366803,0
2030,133,3,0.9743432089652799,0
2030,133,5,0.025656791034720083,0
2030,134,3,0.7225595208867036,0
2030,134,4,0.17063392895688242,0
2030,134,8,0.10680655015641398,0
2030,135,1,1.0,0
2030,136,2,0.6600995980046526,0
2030,136,3,0.06290803354513569,0
2030,136,5,0.039071178761123954,0
2030,136,8,0.23792118968908776,0
2030,137,1,0.04794019529831402,0
2030,137,2,0.8938104381593375,0
2030,137,3,0.010596121006143863,0
2030,137,6,0.04765324553620469,0
2030,138,2,0.2520718035748577,0
2030,138,3,0.2254739666844516,0
2030,138,5,0.029851185302927505,0
2030,138,8,0.4926030444377632,0
2030,139,3,0.597269752273301,0
2030,139,4,0.1472023130429397,0
2030,139,8,0.2555279346837592,0
2030,140,1,0.8261192060879241,0
2030,140,6,0.17388079391207586,0
2030,141,3,0.018059797143155507,0
2030,141,4,0.8377037190647381,0
2030,141,8,0.14423648379210643,0
2030,142,3,1.0,0
2030,143,1,0.1654424718206978,0
2030,143,3,0.8113856811364558,0
2030,143,6,0.02317184704284639,0
2030,144,1,0.015177967918482903,0
2030,144,3,0.7872387820996892,0
2030,144,4,0.11065316079161275,0
2030,144,6,0.08693008919021525,0
2030,145,3,1.0,0
2030,146,1,0.06094073837447352,0
2030,146,3,0.0571072495749766,0
2030,146,4,0.7067827100285272,0
2030,146,6,0.17516930202202272,0
2030,147,1,0.011374314729116087,0
2030,147,2,0.7996346078546435,0
2030,147,3,0.06484887162994489,0
2030,147,6,0.12414220578629541,0
2030,148,4,1.0,0
2030,149,3,0.9667020011541803,0
2030,149,5,0.0193453081916867,0
2030,149,7,0.01395269065413307,0
2030,150,3,0.884019281069428,0
2030,150,5,0.11598071893057203,0
2030,151,3,0.8698840139655573,0
2030,151,5,0.11756631922646113,0
2030,151,8,0.012549666807981596,0
2030,152,3,0.9256902224330973,0
2030,152,5,0.07430977756690281,0
2030,153,1,0.7222331341927057,0
2030,153,2,0.021358814116214972,0
2030,153,4,0.12481537418581544,0
2030,153,8,0.13159267750526377,0
2030,154,3,0.9672117606913466,0
2030,154,5,0.022326111394540136,0
2030,154,6,0.010462127914113351,0
2030,155,1,0.830155357644758,0
2030,155,3,0.169844642355242,0
2030,156,2,0.9143439758523491,0
2030,156,5,0.05352188906314261,0
2030,156,7,0.03213413508450828,0
2030,157,2,0.8749058645576436,0
2030,157,5,0.04110948774019009,0
2030,157,7,0.07275999179242713,0
2030,157,8,0.011224655909739206,0
2030,158,2,0.9156058283991387,0
2030,158,6,0.03466038510696128,0
2030,158,7,0.04973378649389999,0
2030,159,2,0.8685980668563742,0
2030,159,4,0.11894165146261972,0
2030,159,6,0.012460281681006139,0
2030,160,2,1.0,0
2030,161,2,0.7958947153636137,0
2030,161,3,0.08978978162021117,0
2030,161,8,0.11431550301617525,0
2030,162,3,0.8735930270157666,0
2030,162,5,0.051754042378046206,0
2030,162,6,0.011889345461598986,0
2030,162,7,0.06276358514458819,0
2030,163,1,0.6163605114741557,0
2030,163,3,0.3166741201929266,0
2030,163,8,0.06696536833291762,0
2030,164,1,0.8237848529393309,0
2030,164,3,0.02942648256214012,0
2030,164,4,0.031028308322522947,0
2030,164,8,0.11576035617600595,0
2030,165,1,0.029021554169017246,0
2030,165,2,0.7935595800940248,0
2030,165,3,0.17741886573695786,0
2030,166,2,0.9517739237470103,0
2030,166,6,0.030426605951200832,0
2030,166,7,0.017799470301788838,0
2030,167,2,0.11142654322099031,0
2030,167,4,0.8033640218090878,0
2030,167,6,0.08520943496992184,0
2030,168,3,1.0,0
2030,169,3,1.0,0
2030,170,3,1.0,0
2030,171,3,1.0,0
2030,172,1,0.9878955879281784,0
2030,172,3,0.012104412071821571,0
2030,173,2,0.735894654642415,0
2030,173,4,0.1857753381542286,0
2030,173,6,0.04725309779148988,0
2030,173,7,0.03107690941186655,0
2030,174,2,0.9155342144911668,0
2030,174,6,0.03372912877433593,0
2030,174,7,0.05073665673449737,0
2030,175,2,0.9044569119998025,0
2030,175,6,0.03736421977764537,0
2030,175,7,0.05817886822255212,0
2030,176,2,0.9392921945767696,0
2030,176,6,0.017997290915943476,0
2030,176,7,0.04271051450728693,0
2030,177,2,0.7441620152490083,0
2030,177,4,0.2558379847509918,0
2030,178,3,0.698232780186789,0
2030,178,4,0.20538560785909515,0
2030,178,8,0.09638161195411582,0
2030,179,3,1.0,0
2030,180,3,1.0,0
2030,181,3,1.0,0
2030,182,3,1.0,0
2030,183,3,1.0,0
2030,184,3,0.8805698592954667,0
2030,184,4,0.017521701487840723,0
2030,184,5,0.10190843921669249,0
2030,185,3,1.0,0
2030,186,1,0.9667079359778987,0
2030,186,6,0.03329206402210125,0
2030,187,2,0.6347958154211188,0
2030,187,3,0.037151152159884196,0
2030,187,4,0.2398830775198236,0
2030,187,6,0.08816995489917336,0
2030,188,2,0.8483982265796017,0
2030,188,3,0.02081200142324932,0
2030,188,4,0.11190516346465322,0
2030,188,6,0.018884608532495722,0
2030,189,3,0.26529504114235664,0
2030,189,4,0.7347049588576433,0
2030,190,3,1.0,0
2030,191,2,0.03289552024810224,0
2030,191,3,0.7252707368707435,0
2030,191,4,0.21577565496202614,0
2030,191,6,0.02605808791912804,0
2030,192,3,0.1623476697477549,0
2030,192,4,0.2734720624481563,0
2030,192,8,0.5641802678040889,0
2030,193,1,0.7622672125463399,0
2030,193,3,0.23773278745366005,0
2030,194,1,0.24241370733205203,0
2030,194,2,0.5369428928989851,0
2030,194,3,0.09841310332631568,0
2030,194,6,0.12223029644264714,0
2030,195,2,0.9331771057304875,0
2030,195,6,0.044477818555548596,0
2030,195,8,0.022345075713963977,0
2030,196,4,0.9240152670936782,0
2030,196,8,0.07598473290632178,0
2030,197,3,1.0,0
2030,198,3,1.0,0
2030,199,1,0.7601688837726274,0
2030,199,3,0.23983111622737266,0
2030,200,4,0.9603843367850533,0
2030,200,7,0.039615663214946716,0
2030,201,3,1.0,0
2030,202,3,1.0,0
2030,203,2,0.9238504962145534,0
2030,203,7,0.05626647355859864,0
2030,203,8,0.0198830302268479,0
2030,204,2,0.5408459483230329,0
2030,204,4,0.34540506332125026,0
2030,204,6,0.01528674601521599,0
2030,204,7,0.0984622423405008,0
2030,205,4,1.0,0
2030,206,1,0.6637131929791558,0
2030,206,5,0.03059320187616054,0
2030,206,8,0.30569360514468363,0
2030,207,3,0.1777200417689936,0
2030,207,4,0.7803583701527088,0
2030,207,8,0.041921588078297545,0
2030,208,3,0.7683412617811072,0
2030,208,4,0.06177041019082553,0
2030,208,8,0.16988832802806725,0
2030,209,3,0.8807396475271131,0
2030,209,4,0.11926035247288681,0
2030,210,3,1.0,0
2030,211,3,1.0,0
2030,212,3,0.7991582942960112,0
2030,212,4,0.13422955530576725,0
2030,212,7,0.06661215039822153,0
2030,213,1,0.5104540452938429,0
2030,213,3,0.20925406221029103,0
2030,213,4,0.28029189249586617,0
2030,214,3,1.0,0
2030,215,3,0.9214039585509385,0
2030,215,6,0.03476802229097314,0
2030,215,7,0.04382801915808841,0
2030,216,3,0.8925847263206417,0
2030,216,4,0.08010652707864595,0
2030,216,8,0.02730874660071247,0
2030,217,3,0.42172118888681315,0
2030,217,4,0.5305750098188667,0
2030,217,8,0.04770380129432006,0
2030,218,3,1.0,0
2030,219,3,1.0,0
2030,220,1,0.9710484813403272,0
2030,220,3,0.028951518659672795,0
2030,221,2,0.7576740230859559,0
2030,221,4,0.17983483674073453,0
2030,221,7,0.06249114017330969,0
2030,222,3,0.2846542504989555,0
2030,222,4,0.2600415789532824,0
2030,222,8,0.4553041705477621,0
2030,223,3,0.9843796986824216,0
2030,223,4,0.015620301317578392,0
2030,224,3,1.0,0
2030,225,1,1.0,0
2030,226,2,0.8951988111549956,0
2030,226,5,0.10480118884500436,0
2030,227,2,1.0,0
2030,228,4,1.0,0
2030,229,3,1.0,0
2030,230,3,1.0,0
2030,231,3,1.0,0
2030,232,3,0.9888704257430403,0
2030,232,6,0.011129574256959707,0
2030,233,1,1.0,0
2030,234,1,0.5891214532193717,0
2030,234,2,0.09687790525205914,0
2030,234,4,0.31400064152856916,0
2030,235,1,0.5703611997523999,0
2030,235,3,0.0805061555774802,0
2030,235,4,0.34913264467012,0
2030,236,1,0.7383003476191244,0
2030,236,3,0.14607035317662895,0
2030,236,4,0.022443687871476756,0
2030,236,8,0.09318561133276984,0
2030,237,3,0.9086449170028014,0
2030,237,5,0.06062587349143971,0
2030,237,7,0.0307292095057589,0
2030,238,1,1.0,0
2030,239,1,0.8857592217131456,0
2030,239,5,0.0709523759909234,0
2030,239,7,0.04328840229593104,0
2030,240,2,0.8458621134283516,0
2030,240,5,0.15413788657164834,0
2030,241,2,0.8840761412351456,0
2030,241,5,0.08326726254106609,0
2030,241,7,0.03265659622378837,0
2030,242,2,0.9362998313677147,0
2030,242,5,0.045252971207043975,0
2030,242,7,0.01844719742524145,0
2030,243,2,1.0,0
2030,244,2,0.9502804802168638,0
2030,244,4,0.01295420017391416,0
2030,244,6,0.03676531960922207,0
2030,245,2,0.6381481724245879,0
2030,245,4,0.3265361237971179,0
2030,245,6,0.035315703778294245,0
2030,246,3,0.9123489350653246,0
2030,246,8,0.0876510649346754,0
2030,247,3,1.0,0
2030,248,1,0.8295431669941515,0
2030,248,2,0.04801113672751618,0
2030,248,3,0.12244569627833223,0
2030,249,2,0.8152606486772948,0
2030,249,5,0.18473935132270528,0
2030,250,1,0.029888347574942048,0
2030,250,2,0.2922146525750662,0
2030,250,3,0.20732132506211104,0
2030,250,5,0.4186828449119196,0
2030,250,8,0.05189282987596116,0
2030,251,2,0.01298478576236537,0
2030,251,3,0.3068258311393148,0
2030,251,4,0.37112982148486556,0
2030,251,5,0.13338545412367686,0
2030,251,8,0.1756741074897774,0
2030,252,2,0.8693392814283307,0
2030,252,3,0.04229119741277637,0
2030,252,6,0.08836952115889282,0
2030,253,1,0.8853967604501849,0
2030,253,3,0.07109815790839383,0
2030,253,4,0.01954254352060394,0
2030,253,8,0.023962538120817334,0
2030,254,3,1.0,0
2030,255,2,0.011172936448081981,0
2030,255,3,0.8841357451666811,0
2030,255,5,0.019318729228967896,0
2030,255,6,0.0559259472900676,0
2030,255,7,0.029446641866201453,0
2030,256,1,0.8316005243063164,0
2030,256,3,0.07481089131193233,0
2030,256,8,0.09358858438175134,0
2030,257,2,0.2104329582506724,0
2030,257,3,0.31310103332596256,0
2030,257,4,0.27293372720216574,0
2030,257,8,0.20353228122119932,0
2030,258,3,0.15384600619576597,0
2030,258,4,0.7643010565028567,0
2030,258,8,0.08185293730137715,0
2030,259,1,0.02427555144574117,0
2030,259,3,0.3363626130590963,0
2030,259,4,0.6393618354951626,0
2030,260,2,0.013264950478135524,0
2030,260,3,0.840258136816003,0
2030,260,4,0.14647691270586144,0
2030,261,2,0.21490833976118318,0
2030,261,3,0.7162332566479338,0
2030,261,6,0.06885840359088302,0
2030,262,2,0.9729590019745129,0
2030,262,4,0.0105535784259566,0
2030,262,8,0.016487419599530474,0
2030,263,2,0.07861043382000979,0
2030,263,3,0.8591520986593744,0
2030,263,5,0.062237467520615916,0
2030,264,1,0.7289755646870398,0
2030,264,2,0.02341361137274627,0
2030,264,3,0.1244276745904435,0
2030,264,4,0.07882948424551617,0
2030,264,8,0.04435366510425437,0
2030,265,1,0.025107690130305223,0
2030,265,2,0.916208547540279,0
2030,265,3,0.058683762329415766,0
2030,266,2,0.09324831920070543,0
2030,266,3,0.5522330192818581,0
2030,266,4,0.2631166507608866,0
2030,266,8,0.09140201075654995,0
2030,267,3,0.893495498989153,0
2030,267,6,0.10650450101084698,0
2030,268,1,0.7380429447869914,0
2030,268,3,0.015024313957926307,0
2030,268,8,0.2469327412550823,0
2030,269,3,0.9345858282621288,0
2030,269,8,0.06541417173787126,0
2030,270,3,1.0,0
2030,271,3,0.8928686904536282,0
2030,271,4,0.011764309709786586,0
2030,271,6,0.0953669998365853,0
2030,272,3,1.0,0
2030,273,3,0.9496548843822985,0
2030,273,4,0.05034511561770149,0
2030,274,3,1.0,0
2030,275,1,0.5882574421273138,0
2030,275,3,0.41174255787268615,0
2030,276,2,1.0,0
2030,277,4,0.8701988196162026,0
2030,277,5,0.020223071478452065,0
2030,277,8,0.10957810890534539,0
2030,278,2,0.01104609210613217,0
2030,278,3,0.9558637456362267,0
2030,278,6,0.033090162257641165,0
2030,279,2,0.9338067242722592,0
2030,279,4,0.018328809709553126,0
2030,279,6,0.04786446601818776,0
2030,280,3,0.2861085284658618,0
2030,280,4,0.5423864781961998,0
2030,280,8,0.17150499333793842,0
2030,281,1,1.0,0
2030,282,1,0.8650782785274845,0
2030,282,3,0.1349217214725155,0
2030,283,1,0.04545050975978452,0
2030,283,3,0.023619318202166978,0
2030,283,4,0.858000760195031,0
2030,283,6,0.07292941184301742,0
2030,284,3,1.0,0
2030,285,3,1.0,0
2030,286,1,0.6693146528858056,0
2030,286,3,0.33068534711419434,0
2030,287,2,0.09025079579430485,0
2030,287,3,0.5619379707354591,0
2030,287,4,0.34781123347023607,0
2030,288,3,0.9394630511781479,0
2030,288,6,0.060536948821852066,0
2030,289,2,0.9728360343418307,0
2030,289,3,0.01573414854021981,0
2030,289,6,0.011429817117949355,0
2030,290,3,0.19516116419397414,0
2030,290,4,0.528885176621655,0
2030,290,8,0.275953659184371,0
2030,291,3,0.8997888254320648,0
2030,291,6,0.10021117456793509,0
2030,292,1,0.010369827099553986,0
2030,292,2,0.20503530917342028,0
2030,292,3,0.1595608912997899,0
2030,292,4,0.5978763280789945,0
2030,292,6,0.02715764434824138,0
2030,293,2,0.9680676815531568,0
2030,293,6,0.03193231844684323,0
2030,294,2,0.18711331813903745,0
2030,294,3,0.22041214751296542,0
2030,294,4,0.5415009560518043,0
2030,294,8,0.05097357829619295,0
2030,295,3,0.7257284652063084,0
2030,295,4,0.2742715347936917,0
2030,296,1,0.7996846435584044,0
2030,296,5,0.04831365674833165,0
2030,296,6,0.15200169969326394,0
2030,297,2,0.877096625440277,0
2030,297,5,0.12290337455972306,0
2030,298,2,0.045121922547161436,0
2030,298,3,0.88226584664703,0
2030,298,4,0.0499352223016993,0
2030,298,5,0.02267700850410916,0
2030,299,4,0.8686356117498671,0
2030,299,5,0.13136438825013286,0
2030,300,1,0.6944953986674602,0
2030,300,3,0.30550460133253976,0
2030,301,2,0.9899699239830001,0
2030,301,5,0.010030076016999836,0
2030,302,1,0.584672391292856,0
2030,302,2,0.030412049962085814,0
2030,302,3,0.053304213535828746,0
2030,302,4,0.2991025563046852,0
2030,302,8,0.03250878890454444,0
2030,303,2,0.03614475364984352,0
2030,303,3,0.8134490940447606,0
2030,303,4,0.10998327704600737,0
2030,303,6,0.04042287525938847,0
2030,304,2,0.8634665212127749,0
2030,304,3,0.13653347878722522,0
2030,305,2,0.7384849409127182,0
2030,305,3,0.26151505908728173,0
2030,306,2,0.015706412151831634,0
2030,306,3,0.8489994128742295,0
2030,306,5,0.13529417497393886,0
2030,307,3,0.645851812801186,0
2030,307,5,0.027923853447921143,0
2030,307,8,0.326224333750893,0
2030,308,1,0.848788423903053,0
2030,308,3,0.15121157609694702,0
2030,309,3,0.7016333405906107,0
2030,309,4,0.22995281780386145,0
2030,309,8,0.06841384160552787,0
2030,310,3,0.9470724890728769,0
2030,310,4,0.05292751092712321,0
2030,311,3,1.0,0
2030,312,1,0.7779756025719099,0
2030,312,3,0.17981861754950274,0
2030,312,4,0.04220577987858735,0
2030,313,3,0.8099660223472872,0
2030,313,4,0.1455951962771993,0
2030,313,8,0.044438781375513506,0
2030,314,3,1.0,0
2030,315,1,0.6523177018557381,0
2030,315,3,0.2935775633506044,0
2030,315,5,0.05410473479365749,0
2030,316,2,1.0,0
2030,317,1,0.32023843365981464,0
2030,317,2,0.6797615663401854,0
2030,318,2,0.7167938904330463,0
2030,318,3,0.12093045981534149,0
2030,318,8,0.16227564975161213,0
2030,319,3,0.7051267093175517,0
2030,319,4,0.06066808568218941,0
2030,319,5,0.09901824105719662,0
2030,319,8,0.13518696394306226,0
2030,320,1,1.0,0
2030,321,2,0.14562869349566887,0
2030,321,3,0.7832973012625672,0
2030,321,5,0.07107400524176379,0
2030,322,2,0.25354868424554844,0
2030,322,3,0.38607673356046923,0
2030,322,4,0.11714295002145013,0
2030,322,8,0.24323163217253224,0
2030,323,1,0.9588848400751492,0
2030,323,2,0.01814462196187334,0
2030,323,3,0.02297053796297752,0
2030,324,2,0.8543379056015826,0
2030,324,4,0.14566209439841737,0
2030,325,2,0.8266478372632117,0
2030,325,3,0.10875065892011454,0
2030,325,8,0.0646015038166739,0
2030,326,2,0.20742165955120903,0
2030,326,3,0.14457602149873494,0
2030,326,4,0.15641407525887752,0
2030,326,8,0.4915882436911785,0
2030,327,3,1.0,0
2030,328,3,0.07760250710572929,0
2030,328,4,0.9012717259564813,0
2030,328,8,0.021125766937789454,0
2030,329,1,1.0,0
2030,330,2,0.7783744584578184,0
2030,330,3,0.22162554154218161,0
2030,331,1,0.05139005981799004,0
2030,331,2,0.2369534699692469,0
2030,331,3,0.22684343895764358,0
2030,331,4,0.4848130312551195,0
2030,332,3,0.3149683459435767,0
2030,332,4,0.6850316540564233,0
2030,333,3,0.8787153190070485,0
2030,333,5,0.12128468099295149,0
2030,334,2,0.8613238004887612,0
2030,334,3,0.13867619951123877,0
2030,335,2,0.9223646613137356,0
2030,335,4,0.07763533868626449,0
2030,336,2,0.25511736696460746,0
2030,336,3,0.3364776768082844,0
2030,336,4,0.4084049562271082,0
2030,337,2,0.7544764303158737,0
2030,337,3,0.2266235188840679,0
2030,337,8,0.018900050800058365,0
2030,338,2,0.8746863028084656,0
2030,338,5,0.12531369719153448,0
2030,339,3,0.15977511766762162,0
2030,339,4,0.5563795832556232,0
2030,339,8,0.28384529907675515,0
2030,340,1,0.6674430120537391,0
2030,340,3,0.33255698794626093,0
2030,341,3,1.0,0
2030,342,3,0.9049861779165244,0
2030,342,4,0.09501382208347567,0
2030,343,1,0.18314408423137896,0
2030,343,2,0.8168559157686209,0
2030,344,1,0.3452486223822657,0
2030,344,2,0.21311858931410807,0
2030,344,3,0.15208071794576156,0
2030,344,8,0.2895520703578647,0
2030,345,2,0.04161146004737959,0
2030,345,3,0.7690477460688866,0
2030,345,4,0.06802989238996196,0
2030,345,5,0.09489880659685485,0
2030,345,8,0.026412094896917048,0
2030,346,1,0.27674704217978985,0
2030,346,2,0.7028381188106937,0
2030,346,6,0.02041483900951648,0
2030,347,2,0.9196206029872933,0
2030,347,5,0.05606704066089465,0
2030,347,7,0.02431235635181208,0
2030,348,2,0.9347106963161795,0
2030,348,5,0.031280072588493864,0
2030,348,7,0.03400923109532663,0
2030,349,2,0.7570833590034171,0
2030,349,4,0.24291664099658297,0
2030,350,1,0.7352557178651101,0
2030,350,3,0.2647442821348899,0
2030,351,2,0.27083603033324055,0
2030,351,3,0.27056057227288055,0
2030,351,4,0.4586033973938789,0
2030,352,2,0.9889181496144206,0
2030,352,3,0.01108185038557948,0
2030,353,3,0.7350245048279974,0
2030,353,4,0.2127177770821298,0
2030,353,8,0.052257718089872784,0
2030,354,1,0.9061812913470334,0
2030,354,2,0.09381870865296665,0
2030,355,2,0.9524043990382959,0
2030,355,7,0.047595600961704135,0
2030,356,2,0.8569523129768323,0
2030,356,5,0.14304768702316772,0
2030,357,2,0.8477113262997269,0
2030,357,5,0.15228867370027316,0
2030,358,2,0.8226549434875524,0
2030,358,5,0.17734505651244759,0
2030,359,2,0.7695612383406917,0
2030,359,3,0.09136877851068446,0
2030,359,5,0.13906998314862395,0
2030,360,2,0.5628497688075275,0
2030,360,3,0.2577116961729049,0
2030,360,5,0.17943853501956772,0
2030,361,2,0.9759358727741348,0
2030,361,5,0.02406412722586513,0
2030,362,2,0.918771185300084,0
2030,362,5,0.08122881469991608,0
2030,363,2,0.9678644685582387,0
2030,363,5,0.03213553144176131,0
2030,364,2,0.8520302405221643,0
2030,364,5,0.14796975947783572,0
2030,365,3,0.36037276492717446,0
2030,365,5,0.6396272350728256,0
2030,1,3,0.09628874330133096,1
2030,1,4,0.05829234288593602,1
2030,1,5,0.6051088810055225,1
2030,1,8,0.2403100328072105,1
2030,2,3,0.7360485359230191,1
2030,2,5,0.11641248633563274,1
2030,2,8,0.14753897774134817,1
2030,3,1,1.0,1
2030,4,1,0.3552609805556438,1
2030,4,2,0.36173303775618315,1
2030,4,4,0.0751539916360911,1
2030,4,5,0.207851990052082,1
2030,5,1,0.33015786911542827,1
2030,5,5,0.4537798739540256,1
2030,5,6,0.21606225693054615,1
2030,6,5,0.7405065901383552,1
2030,6,8,0.25949340986164476,1
2030,7,1,0.0,1
2030,7,3,0.355393243421845,1
2030,7,5,0.34045825179955425,1
2030,7,8,0.3041485047786008,1
2030,8,1,0.12476370999984895,1
2030,8,3,0.6231457886955856,1
2030,8,5,0.2520905013045655,1
2030,9,2,0.0,1
2030,9,5,0.5305116897936942,1
2030,9,8,0.4694883102063058,1
2030,10,1,0.0,1
2030,10,3,0.6120597476523855,1
2030,10,5,0.35852472795604706,1
2030,10,8,0.029415524391567496,1
2030,11,1,0.08344604939126786,1
2030,11,3,0.11946560596585579,1
2030,11,5,0.7970883446428763,1
2030,12,3,0.01097947243874482,1
2030,12,5,0.9890205275612552,1
2030,13,4,0.23707084442451634,1
2030,13,5,0.7629291555754837,1
2030,14,3,0.9564833631774428,1
2030,14,5,0.043516636822557304,1
2030,15,3,0.9117435338382521,1
2030,15,5,0.08825646616174787,1
2030,16,4,0.10826792165467047,1
2030,16,5,0.42601755452648804,1
2030,16,6,0.19576136994564353,1
2030,16,7,0.26995315387319807,1
2030,17,1,0.05856487735890732,1
2030,17,5,0.9414351226410927,1
2030,18,5,1.0,1
2030,19,3,0.01670928343142859,1
2030,19,5,0.969402063152728,1
2030,19,8,0.013888653415843296,1
2030,20,5,1.0,1
2030,21,5,0.9121352741002289,1
2030,21,6,0.06326648526597936,1
2030,21,7,0.024598240633791832,1
2030,22,5,1.0,1
2030,23,5,0.5764712714165793,1
2030,23,8,0.4235287285834208,1
2030,24,1,0.3110239386736454,1
2030,24,5,0.6725110403200848,1
2030,24,6,0.016465021006269884,1
2030,25,5,0.8384372061539171,1
2030,25,7,0.16156279384608283,1
2030,26,5,0.5613559259807271,1
2030,26,8,0.4386440740192729,1
2030,27,2,0.012553097497430585,1
2030,27,5,0.4606659830336517,1
2030,27,6,0.48701199903775466,1
2030,27,7,0.0397689204311632,1
2030,28,5,0.8829606126268997,1
2030,28,6,0.06486177276303559,1
2030,28,7,0.05217761461006465,1
2030,29,5,1.0,1
2030,30,3,0.5265734831710183,1
2030,30,5,0.2189082365751746,1
2030,30,8,0.25451828025380724,1
2030,31,5,0.20087584965837965,1
2030,31,6,0.7991241503416203,1
2030,32,4,0.6918094596131875,1
2030,32,5,0.30819054038681254,1
2030,33,1,0.2654563652033964,1
2030,33,3,0.569093670615306,1
2030,33,5,0.16544996418129765,1
2030,34,1,0.03973026815724362,1
2030,34,4,0.18272228777079969,1
2030,34,5,0.12938571885439118,1
2030,34,6,0.6481617252175657,1
2030,35,3,0.08527578916976035,1
2030,35,4,0.07985779398360988,1
2030,35,8,0.8348664168466298,1
2030,36,3,1.0,1
2030,37,1,0.9845084102293393,1
2030,37,6,0.015491589770660582,1
2030,38,5,0.32532923538095665,1
2030,38,7,0.6746707646190433,1
2030,39,4,0.06302455321723684,1
2030,39,5,0.8515158288883218,1
2030,39,8,0.08545961789444137,1
2030,40,5,0.7882587046670436,1
2030,40,6,0.1313701503956344,1
2030,40,7,0.08037114493732199,1
2030,41,2,0.07583665858997174,1
2030,41,4,0.20418970252992663,1
2030,41,5,0.1306638853387561,1
2030,41,7,0.5893097535413455,1
2030,42,4,0.5434770709929845,1
2030,42,5,0.38475054902801636,1
2030,42,7,0.07177237997899907,1
2030,43,1,0.831841249849017,1
2030,43,5,0.16815875015098306,1
2030,44,4,0.12596209167899358,1
2030,44,5,0.8191744474377586,1
2030,44,7,0.054863460883247964,1
2030,45,5,1.0,1
2030,46,5,0.7878425489791027,1
2030,46,7,0.2121574510208972,1
2030,47,1,0.06693035308883288,1
2030,47,5,0.2485704341748594,1
2030,47,7,0.6844992127363078,1
2030,48,1,0.5794418388803119,1
2030,48,2,0.0,1
2030,48,5,0.42055816111968813,1
2030,49,1,0.7048213026668403,1
2030,49,5,0.22624781684989154,1
2030,49,6,0.017222951838207937,1
2030,49,7,0.05170792864506025,1
2030,50,5,0.07713124853812525,1
2030,50,6,0.08837982668033263,1
2030,50,7,0.834488924781542,1
2030,51,4,0.03137810916889818,1
2030,51,5,0.23200985406755353,1
2030,51,7,0.7366120367635483,1
2030,52,4,0.31821152316300866,1
2030,52,5,0.3286549638120962,1
2030,52,8,0.3531335130248951,1
2030,53,1,0.8793678490394111,1
2030,53,5,0.12063215096058884,1
2030,54,1,0.11863861766841013,1
2030,54,5,0.3332146489182431,1
2030,54,6,0.039324040628085276,1
2030,54,7,0.5088226927852615,1
2030,55,5,1.0,1
2030,56,5,1.0,1
2030,57,5,1.0,1
2030,58,5,0.37552667616077906,1
2030,58,8,0.6244733238392209,1
2030,59,3,0.7003793731176915,1
2030,59,5,0.14744874346002357,1
2030,59,8,0.15217188342228494,1
2030,60,1,0.2742166176634234,1
2030,60,2,0.0,1
2030,60,3,0.23279338262991267,1
2030,60,5,0.45389248883219463,1
2030,60,6,0.03909751087446934,1
2030,61,5,0.8118963657483513,1
2030,61,6,0.13245366477106774,1
2030,61,7,0.055649969480581006,1
2030,62,5,1.0,1
2030,63,1,0.10321508843005743,1
2030,63,3,0.05731202448984339,1
2030,63,5,0.8394728870800993,1
2030,64,5,1.0,1
2030,65,2,0.0,1
2030,65,3,0.3318655144355888,1
2030,65,4,0.020028849194386793,1
2030,65,5,0.41841063110170845,1
2030,65,8,0.22969500526831585,1
2030,66,5,0.3205702844865009,1
2030,66,6,0.6794297155134992,1
2030,67,4,0.08053483424095004,1
2030,67,5,0.6662194215755672,1
2030,67,7,0.16555396265233568,1
2030,67,8,0.08769178153114708,1
2030,68,5,0.17597620809546777,1
2030,68,7,0.8240237919045322,1
2030,69,4,0.07762094541317473,1
2030,69,5,0.5727773003720352,1
2030,69,8,0.34960175421479,1
2030,70,1,0.2932772580430271,1
2030,70,5,0.6486383733587298,1
2030,70,6,0.05808436859824319,1
2030,71,5,0.88828092100259,1
2030,71,7,0.11171907899740999,1
2030,72,5,0.3336487024155205,1
2030,72,7,0.6663512975844795,1
2030,73,4,0.3750218674067585,1
2030,73,5,0.3503058519802932,1
2030,73,8,0.27467228061294824,1
2030,74,1,0.02642377370327953,1
2030,74,3,0.0531782937625449,1
2030,74,4,0.6192198601844011,1
2030,74,5,0.21940268193570464,1
2030,74,6,0.012760870902474592,1
2030,74,8,0.06901451951159525,1
2030,75,1,0.18511609834970377,1
2030,75,2,0.13535224010438116,1
2030,75,3,0.1660660716656335,1
2030,75,5,0.18354428065804848,1
2030,75,6,0.3299213092222332,1
2030,76,5,0.02089571250151668,1
2030,76,6,0.11335509835434514,1
2030,76,7,0.8657491891441382,1
2030,77,6,0.07948733472368982,1
2030,77,7,0.9205126652763101,1
2030,78,4,0.2090336126682878,1
2030,78,7,0.7909663873317123,1
2030,79,6,0.14900114043821114,1
2030,79,7,0.8509988595617889,1
2030,80,6,0.12691067664652778,1
2030,80,7,0.8730893233534722,1
2030,81,5,0.18927705733838934,1
2030,81,7,0.0644012829168033,1
2030,81,8,0.7463216597448075,1
2030,82,3,0.7659292730525704,1
2030,82,8,0.23407072694742956,1
2030,83,1,0.8967081027840814,1
2030,83,6,0.1032918972159186,1
2030,84,6,0.23432999568922977,1
2030,84,7,0.7656700043107703,1
2030,85,4,0.2866965459781293,1
2030,85,7,0.7133034540218707,1
2030,86,1,0.7173012766521113,1
2030,86,5,0.07395640247057124,1
2030,86,6,0.08064564264519873,1
2030,86,8,0.12809667823211884,1
2030,87,1,0.7216144921819824,1
2030,87,3,0.014283598915542135,1
2030,87,5,0.04083358951204314,1
2030,87,8,0.22326831939043235,1
2030,88,1,0.42573539872018973,1
2030,88,3,0.01540562153044342,1
2030,88,5,0.24731856745430916,1
2030,88,8,0.3115404122950577,1
2030,89,1,0.07744496222583891,1
2030,89,5,0.43912689293002033,1
2030,89,6,0.3400628970935114,1
2030,89,7,0.14336524775062937,1
2030,90,7,1.0,1
2030,91,7,1.0,1
2030,92,7,0.17781047739553735,1
2030,92,8,0.8221895226044627,1
2030,93,3,0.8148856936443025,1
2030,93,8,0.18511430635569745,1
2030,94,1,0.8215556699466438,1
2030,94,6,0.09840462668539901,1
2030,94,8,0.08003970336795725,1
2030,95,3,0.16604961371589552,1
2030,95,6,0.6917803425177369,1
2030,95,8,0.14217004376636772,1
2030,96,6,0.6336472651674397,1
2030,96,7,0.36635273483256026,1
2030,97,6,0.13077149156924928,1
2030,97,7,0.8692285084307508,1
2030,98,6,0.16034380951167065,1
2030,98,7,0.8396561904883293,1
2030,99,6,0.05983005046605676,1
2030,99,7,0.9401699495339433,1
2030,100,6,0.20207726213876162,1
2030,100,7,0.7979227378612384,1
2030,101,6,0.7756131480631038,1
2030,101,7,0.22438685193689623,1
2030,102,6,0.13263931988867378,1
2030,102,7,0.8673606801113263,1
2030,103,5,0.141657990183988,1
2030,103,7,0.8583420098160119,1
2030,104,5,0.4502179820043655,1
2030,104,7,0.5497820179956344,1
2030,105,5,0.19061115512505314,1
2030,105,7,0.8093888448749469,1
2030,106,5,0.20479080651561307,1
2030,106,7,0.795209193484387,1
2030,107,5,0.05795943420511779,1
2030,107,7,0.09835740031286097,1
2030,107,8,0.8436831654820213,1
2030,108,3,0.8126014243224214,1
2030,108,6,0.15372601191643553,1
2030,108,8,0.03367256376114302,1
2030,109,4,0.05843678588708029,1
2030,109,5,0.18112715738450966,1
2030,109,6,0.16348861674015994,1
2030,109,8,0.5969474399882501,1
2030,110,2,0.09494983657241206,1
2030,110,3,0.10236349711430562,1
2030,110,5,0.047182169012379926,1
2030,110,6,0.47600516292209855,1
2030,110,7,0.020825351228134406,1
2030,110,8,0.25867398315066936,1
2030,111,5,0.11016928331329152,1
2030,111,6,0.2594688770152628,1
2030,111,7,0.21376312339970963,1
2030,111,8,0.41659871627173606,1
2030,112,3,0.035862839981823554,1
2030,112,4,0.18940296012274188,1
2030,112,6,0.7747341998954347,1
2030,113,3,0.7118327129239125,1
2030,113,8,0.28816728707608746,1
2030,114,3,0.425579230569898,1
2030,114,5,0.04445232729623794,1
2030,114,8,0.5299684421338641,1
2030,115,3,0.4050546035185401,1
2030,115,5,0.011664198271518598,1
2030,115,8,0.5832811982099414,1
2030,116,1,0.5999339363093098,1
2030,116,3,0.279286320939954,1
2030,116,5,0.07079799534820835,1
2030,116,8,0.049981747402527706,1
2030,117,4,0.6706049118218853,1
2030,117,5,0.107493420353259,1
2030,117,7,0.22190166782485568,1
2030,118,3,0.9747482258301972,1
2030,118,5,0.025251774169802788,1
2030,119,4,0.17841431618268316,1
2030,119,8,0.8215856838173168,1
2030,120,3,0.3445903308874761,1
2030,120,8,0.655409669112524,1
2030,121,3,0.8374411820548837,1
2030,121,8,0.16255881794511637,1
2030,122,1,1.0,1
2030,123,8,1.0,1
2030,124,1,0.6305509209361377,1
2030,124,8,0.3694490790638623,1
2030,125,3,0.7048466200529958,1
2030,125,8,0.2951533799470042,1
2030,126,3,0.8995061672742604,1
2030,126,8,0.10049383272573972,1
2030,127,3,0.9367546035425378,1
2030,127,8,0.06324539645746215,1
2030,128,1,0.29964906003093744,1
2030,128,6,0.7003509399690626,1
2030,129,4,0.4978729472226608,1
2030,129,6,0.09879014223473738,1
2030,129,7,0.2592958171666405,1
2030,129,8,0.14404109337596127,1
2030,130,3,0.6962307769449134,1
2030,130,8,0.3037692230550866,1
2030,131,2,0.0,1
2030,131,4,0.029194026246059542,1
2030,131,5,0.2959684458513513,1
2030,131,6,0.08794074799546818,1
2030,131,7,0.19761695931554607,1
2030,131,8,0.38927982059157495,1
2030,132,5,0.6760954665411935,1
2030,132,8,0.3239045334588066,1
2030,133,1,0.5959832909442694,1
2030,133,3,0.04125136682114384,1
2030,133,8,0.36276534223458673,1
2030,134,3,0.011076150462199586,1
2030,134,4,0.024141331978062328,1
2030,134,6,0.18175001090226423,1
2030,134,8,0.7830325066574739,1
2030,135,1,0.4475425882799712,1
2030,135,5,0.16041533402090652,1
2030,135,6,0.39204207769912225,1
2030,136,5,0.3857288672424176,1
2030,136,7,0.2981972626356218,1
2030,136,8,0.3160738701219606,1
2030,137,6,0.17574106720361637,1
2030,137,7,0.8242589327963836,1
2030,138,5,0.3223590015438004,1
2030,138,7,0.04626130674646698,1
2030,138,8,0.6313796917097326,1
2030,139,4,0.04557413640476346,1
2030,139,7,0.10749609294874768,1
2030,139,8,0.8469297706464888,1
2030,140,1,0.027604152517688538,1
2030,140,6,0.9723958474823116,1
2030,141,4,0.3353517781665885,1
2030,141,7,0.4861445752521478,1
2030,141,8,0.17850364658126366,1
2030,142,3,0.7266054663449669,1
2030,142,5,0.027303241039681174,1
2030,142,8,0.24609129261535193,1
2030,143,1,0.9282702595346046,1
2030,143,8,0.07172974046539543,1
2030,144,1,0.5282336972267041,1
2030,144,6,0.18009717758383376,1
2030,144,7,0.027037444752204494,1
2030,144,8,0.2646316804372577,1
2030,145,1,0.6001838890690901,1
2030,145,3,0.03523341716532476,1
2030,145,8,0.3645826937655851,1
2030,146,6,0.6950816724736496,1
2030,146,7,0.3049183275263504,1
2030,147,6,0.6878893554028935,1
2030,147,7,0.3121106445971064,1
2030,148,4,0.29001999261884287,1
2030,148,7,0.640630153767561,1
2030,148,8,0.06934985361359625,1
2030,149,1,0.18550240360916806,1
2030,149,3,0.07027756794201019,1
2030,149,6,0.09598788759142009,1
2030,149,8,0.6482321408574017,1
2030,150,1,0.33487775068297426,1
2030,150,5,0.1931997927820838,1
2030,150,8,0.47192245653494186,1
2030,151,1,0.12442405448275862,1
2030,151,3,0.03199196142096647,1
2030,151,5,0.2419267112167829,1
2030,151,8,0.6016572728794921,1
2030,152,1,0.5081205844799401,1
2030,152,5,0.09697703290462381,1
2030,152,8,0.39490238261543603,1
2030,153,5,0.11714985684289785,1
2030,153,6,0.580496209657284,1
2030,153,8,0.30235393349981815,1
2030,154,1,0.6112121251489194,1
2030,154,5,0.017380221204660446,1
2030,154,8,0.37140765364642014,1
2030,155,1,0.5579320449573458,1
2030,155,5,0.0946239393403033,1
2030,155,6,0.30534843533638123,1
2030,155,7,0.042095580365969575,1
2030,156,5,0.10120510155897366,1
2030,156,7,0.8987948984410263,1
2030,157,5,0.09180738595874116,1
2030,157,7,0.9081926140412588,1
2030,158,7,1.0,1
2030,159,6,0.08154868111862178,1
2030,159,7,0.9184513188813782,1
2030,160,7,1.0,1
2030,161,7,0.7456522993856761,1
2030,161,8,0.2543477006143239,1
2030,162,2,0.369199585016657,1
2030,162,3,0.017282671908439344,1
2030,162,5,0.04743018241437153,1
2030,162,6,0.06991995346387206,1
2030,162,7,0.029463195668798483,1
2030,162,8,0.4667044115278615,1
2030,163,1,0.609939115391536,1
2030,163,5,0.03245602375627063,1
2030,163,6,0.07618506967711745,1
2030,163,7,0.14142969607685257,1
2030,163,8,0.13999009509822324,1
2030,164,2,0.03987557821088841,1
2030,164,3,0.1075939230653583,1
2030,164,6,0.501197815162434,1
2030,164,7,0.11102192814093403,1
2030,164,8,0.24031075542038535,1
2030,165,5,0.07765633004414924,1
2030,165,6,0.869189908758198,1
2030,165,8,0.05315376119765278,1
2030,166,7,1.0,1
2030,167,4,0.11163106603074772,1
2030,167,6,0.4696670533037586,1
2030,167,7,0.4187018806654938,1
2030,168,3,0.4254403846620572,1
2030,168,8,0.5745596153379428,1
2030,169,3,0.7749210225879485,1
2030,169,8,0.22507897741205155,1
2030,170,3,0.6894941287410187,1
2030,170,6,0.020223593401204127,1
2030,170,8,0.29028227785777716,1
2030,171,3,0.9347400255167161,1
2030,171,8,0.065259974483284,1
2030,172,1,0.5488677544931659,1
2030,172,6,0.45113224550683406,1
2030,173,6,0.10327303734496507,1
2030,173,7,0.8967269626550348,1
2030,174,7,1.0,1
2030,175,5,0.044177654608445444,1
2030,175,7,0.9558223453915545,1
2030,176,7,1.0,1
2030,177,4,0.14887241449160404,1
2030,177,6,0.07688976240801682,1
2030,177,7,0.7742378231003791,1
2030,178,4,0.2993748825898248,1
2030,178,7,0.036294680301704685,1
2030,178,8,0.6643304371084706,1
2030,179,3,0.9208503595926729,1
2030,179,8,0.07914964040732707,1
2030,180,3,1.0,1
2030,181,3,0.8441844079004514,1
2030,181,8,0.1558155920995486,1
2030,182,3,0.8746773780845526,1
2030,182,8,0.12532262191544746,1
2030,183,1,0.5733754566247694,1
2030,183,3,0.10552687145725403,1
2030,183,8,0.32109767191797656,1
2030,184,1,0.4070244924064914,1
2030,184,5,0.1486097146767329,1
2030,184,8,0.4443657929167757,1
2030,185,3,0.6782662722218066,1
2030,185,5,0.0238367984736665,1
2030,185,6,0.05371077498494442,1
2030,185,7,0.01803256602902131,1
2030,185,8,0.2261535882905613,1
2030,186,1,0.08415955054340085,1
2030,186,3,0.13176825186074823,1
2030,186,6,0.784072197595851,1
2030,187,6,0.2979993271855576,1
2030,187,7,0.7020006728144423,1
2030,188,4,0.0537260262687963,1
2030,188,6,0.30245131621612137,1
2030,188,7,0.6438226575150823,1
2030,189,4,0.6468099691287226,1
2030,189,5,0.030840148867472605,1
2030,189,7,0.24898919925755558,1
2030,189,8,0.0733606827462493,1
2030,190,3,0.7520356234072852,1
2030,190,5,0.024456439291844045,1
2030,190,6,0.09106929639316888,1
2030,190,7,0.024793859870927908,1
2030,190,8,0.10764478103677394,1
2030,191,1,0.5924610175344553,1
2030,191,4,0.06169809783391062,1
2030,191,6,0.11063418138743326,1
2030,191,8,0.23520670324420068,1
2030,192,7,0.17297056720810144,1
2030,192,8,0.8270294327918986,1
2030,193,1,0.6931650992493122,1
2030,193,6,0.3068349007506878,1
2030,194,5,0.0920446971584622,1
2030,194,6,0.8874302558559188,1
2030,194,7,0.020525046985618908,1
2030,195,6,0.17019336725589612,1
2030,195,7,0.8034298048990927,1
2030,195,8,0.026376827845011115,1
2030,196,4,0.5603399381934187,1
2030,196,7,0.4256318352085874,1
2030,196,8,0.014028226597993949,1
2030,197,3,0.9106226738955429,1
2030,197,8,0.0893773261044571,1
2030,198,3,0.6944589877975936,1
2030,198,8,0.30554101220240637,1
2030,199,1,0.8128568942939823,1
2030,199,6,0.18714310570601767,1
2030,200,4,0.25932279100505834,1
2030,200,7,0.7406772089949416,1
2030,201,1,0.21036585373330266,1
2030,201,3,0.18902934666971213,1
2030,201,8,0.6006047995969852,1
2030,202,3,0.6008311185786116,1
2030,202,5,0.012031607339504891,1
2030,202,6,0.030174196385537415,1
2030,202,7,0.0801858646555498,1
2030,202,8,0.2767772130407962,1
2030,203,7,1.0,1
2030,204,7,1.0,1
2030,205,4,0.31608884286978733,1
2030,205,7,0.6839111571302128,1
2030,206,1,0.017923262306135966,1
2030,206,2,0.0,1
2030,206,5,0.2978373467586267,1
2030,206,6,0.06998011388334496,1
2030,206,7,0.14504746376585265,1
2030,206,8,0.4692118132860397,1
2030,207,4,0.41734090768806187,1
2030,207,7,0.38229820721911717,1
2030,207,8,0.20036088509282085,1
2030,208,3,0.01959085986290207,1
2030,208,4,0.030725013299859404,1
2030,208,8,0.9496841268372386,1
2030,209,1,0.19798386892566108,1
2030,209,3,0.19318427279532055,1
2030,209,4,0.08442957515386816,1
2030,209,6,0.04148911798758094,1
2030,209,8,0.4829131651375692,1
2030,210,3,0.6797154072563286,1
2030,210,8,0.3202845927436714,1
2030,211,1,0.5961446829176417,1
2030,211,3,0.12075684613074814,1
2030,211,8,0.2830984709516101,1
2030,212,1,0.4944477532582271,1
2030,212,6,0.0501897125869355,1
2030,212,7,0.14871179324440947,1
2030,212,8,0.306650740910428,1
2030,213,1,0.04208929169898258,1
2030,213,4,0.6370398327765064,1
2030,213,6,0.17435478751542866,1
2030,213,7,0.1465160880090824,1
2030,214,3,0.8814710351253763,1
2030,214,5,0.049239332472512165,1
2030,214,6,0.024119170189581866,1
2030,214,7,0.045170462212529745,1
2030,215,1,0.705365731112441,1
2030,215,6,0.059440008856528344,1
2030,215,7,0.030608503120113123,1
2030,215,8,0.2045857569109175,1
2030,216,1,0.22143099992490448,1
2030,216,3,0.060440010459863774,1
2030,216,6,0.09952281282253035,1
2030,216,8,0.6186061767927014,1
2030,217,4,0.5241788506949618,1
2030,217,6,0.03485693203669569,1
2030,217,7,0.1643113304419028,1
2030,217,8,0.27665288682643957,1
2030,218,3,0.6511165332937937,1
2030,218,8,0.3488834667062063,1
2030,219,3,0.6500564741633817,1
2030,219,5,0.05157153838145949,1
2030,219,6,0.024658167948468833,1
2030,219,8,0.2737138195066899,1
2030,220,1,0.5551521118924527,1
2030,220,5,0.06670751590577556,1
2030,220,6,0.34502916508656817,1
2030,220,7,0.03311120711520352,1
2030,221,4,0.03923046636722498,1
2030,221,6,0.08554560046674652,1
2030,221,7,0.8752239331660285,1
2030,222,4,0.206997804681162,1
2030,222,7,0.03726878612851644,1
2030,222,8,0.7557334091903215,1
2030,223,3,0.7501638444254045,1
2030,223,4,0.169716302230222,1
2030,223,6,0.063205669885956,1
2030,223,8,0.016914183458417376,1
2030,224,3,0.851672886037132,1
2030,224,8,0.14832711396286813,1
2030,225,1,0.4757280769102695,1
2030,225,5,0.23521869929524888,1
2030,225,6,0.28905322379448156,1
2030,226,5,0.2542746061556223,1
2030,226,7,0.7457253938443776,1
2030,227,7,1.0,1
2030,228,4,0.39638209137776637,1
2030,228,7,0.6036179086222337,1
2030,229,3,0.680985653944544,1
2030,229,5,0.017325789454307707,1
2030,229,8,0.3016885566011482,1
2030,230,3,0.8704935190737711,1
2030,230,8,0.12950648092622888,1
2030,231,3,0.8466147019058547,1
2030,231,8,0.1533852980941452,1
2030,232,1,0.7427224908269532,1
2030,232,3,0.07230037169743424,1
2030,232,8,0.18497713747561267,1
2030,233,1,0.3361573974604183,1
2030,233,3,0.02660884693563679,1
2030,233,5,0.11175301280468108,1
2030,233,6,0.5254807427992639,1
2030,234,4,0.08506547340066611,1
2030,234,6,0.6405735637878711,1
2030,234,7,0.1209507821170727,1
2030,234,8,0.15341018069439022,1
2030,235,2,0.22004558551673967,1
2030,235,4,0.21956790989646682,1
2030,235,6,0.35673675157962387,1
2030,235,7,0.10482988827684257,1
2030,235,8,0.0988198647303271,1
2030,236,1,0.2923535749497072,1
2030,236,2,0.03762510711101757,1
2030,236,3,0.05914185534419568,1
2030,236,5,0.11136676715111318,1
2030,236,6,0.282947120663579,1
2030,236,8,0.21656557478038732,1
2030,237,1,0.15302338461194342,1
2030,237,3,0.06377753864199759,1
2030,237,5,0.10775398743922804,1
2030,237,6,0.09000768793481219,1
2030,237,8,0.5854374013720188,1
2030,238,1,0.40599276609365165,1
2030,238,5,0.14309230800895517,1
2030,238,6,0.4509149258973931,1
2030,239,1,0.17841419752742158,1
2030,239,3,0.029689509796496722,1
2030,239,5,0.2530354258903534,1
2030,239,6,0.5108225221007335,1
2030,239,7,0.02803834468499484,1
2030,240,5,0.23873809111638916,1
2030,240,7,0.7612619088836108,1
2030,241,5,0.017272117510653412,1
2030,241,7,0.9827278824893466,1
2030,242,7,1.0,1
2030,243,7,1.0,1
2030,244,7,1.0,1
2030,245,4,0.14487324680038524,1
2030,245,7,0.8551267531996147,1
2030,246,1,0.0881152346024235,1
2030,246,3,0.2151372467940177,1
2030,246,8,0.6967475186035589,1
2030,247,3,0.8137031170964342,1
2030,247,8,0.18629688290356594,1
2030,248,1,0.10455359986479665,1
2030,248,2,0.5717657741367085,1
2030,248,3,0.06558965019168812,1
2030,248,5,0.12318743669765826,1
2030,248,6,0.1349035391091486,1
2030,249,5,0.7905279377268128,1
2030,249,7,0.20947206227318704,1
2030,250,5,1.0,1
2030,251,2,0.0,1
2030,251,5,0.4031092527119354,1
2030,251,7,0.1525972746381713,1
2030,251,8,0.44429347264989344,1
2030,252,5,0.06644045902363119,1
2030,252,6,0.9150823550517376,1
2030,252,7,0.018477185924631254,1
2030,253,1,0.7245566265509141,1
2030,253,5,0.19338064092289955,1
2030,253,7,0.08206273252618629,1
2030,254,3,0.8834869415839703,1
2030,254,6,0.03400528651678468,1
2030,254,8,0.08250777189924481,1
2030,255,1,0.7049153129295931,1
2030,255,5,0.044023276514020916,1
2030,255,6,0.0771690059608237,1
2030,255,8,0.17389240459556238,1
2030,256,1,0.24984902378124058,1
2030,256,2,0.0,1
2030,256,3,0.131642986127432,1
2030,256,5,0.27880385280739245,1
2030,256,6,0.16328440159120652,1
2030,256,8,0.17641973569272845,1
2030,257,2,0.0,1
2030,257,7,0.47560095256479884,1
2030,257,8,0.5243990474352013,1
2030,258,4,0.4248038926354666,1
2030,258,7,0.38392920692832994,1
2030,258,8,0.19126690043620348,1
2030,259,4,0.445426668568818,1
2030,259,5,0.010609262042085805,1
2030,259,6,0.3824367306577586,1
2030,259,8,0.1615273387313376,1
2030,260,1,0.7010429039136141,1
2030,260,8,0.2989570960863859,1
2030,261,2,0.44871432014772655,1
2030,261,3,0.19760667670335372,1
2030,261,6,0.21237265798402846,1
2030,261,8,0.1413063451648913,1
2030,262,4,0.09023749657823808,1
2030,262,5,0.1351996404531279,1
2030,262,7,0.7745628629686341,1
2030,263,1,0.5130104387183713,1
2030,263,5,0.13888674043032967,1
2030,263,8,0.3481028208512991,1
2030,264,1,0.02079953540232505,1
2030,264,2,0.30660112061061917,1
2030,264,3,0.046116084473765806,1
2030,264,6,0.4587154592688756,1
2030,264,8,0.16776780024441446,1
2030,265,6,1.0,1
2030,266,4,0.3314348094245191,1
2030,266,5,0.02363449072396956,1
2030,266,6,0.082428816644886,1
2030,266,7,0.11551614930750907,1
2030,266,8,0.4469857338991163,1
2030,267,1,0.8286856686761949,1
2030,267,6,0.1356488285969656,1
2030,267,8,0.0356655027268395,1
2030,268,1,0.06875314136608031,1
2030,268,2,0.0,1
2030,268,5,0.365930497247438,1
2030,268,6,0.1409031824660587,1
2030,268,8,0.4244131789204231,1
2030,269,1,0.11053071913447633,1
2030,269,3,0.20406646420693061,1
2030,269,8,0.6854028166585932,1
2030,270,3,0.8610010452692162,1
2030,270,8,0.13899895473078383,1
2030,271,1,0.906092446382407,1
2030,271,6,0.06562557857110086,1
2030,271,8,0.028281975046492124,1
2030,272,3,0.9267152286120364,1
2030,272,6,0.06294189252624574,1
2030,272,8,0.010342878861717949,1
2030,273,3,0.6217567230561585,1
2030,273,4,0.09590481068491953,1
2030,273,6,0.07795573389388817,1
2030,273,8,0.20438273236503388,1
2030,274,3,0.849963182908974,1
2030,274,8,0.15003681709102598,1
2030,275,1,0.9371086008967647,1
2030,275,6,0.06289139910323528,1
2030,276,5,0.1393266725990485,1
2030,276,6,0.8476949691569475,1
2030,276,7,0.012978358244003875,1
2030,277,4,0.21109692642401803,1
2030,277,5,0.06586978185156639,1
2030,277,7,0.5433448242551466,1
2030,277,8,0.179688467469269,1
2030,278,1,0.5326674004550741,1
2030,278,3,0.3156627831514848,1
2030,278,6,0.04920302537141861,1
2030,278,8,0.10246679102202248,1
2030,279,6,0.8775469324462115,1
2030,279,7,0.12245306755378851,1
2030,280,4,0.41514725057861396,1
2030,280,7,0.16245615039719333,1
2030,280,8,0.4223965990241928,1
2030,281,1,0.45818483533772175,1
2030,281,5,0.08369250869022257,1
2030,281,6,0.45812265597205576,1
2030,282,1,0.422298253216038,1
2030,282,2,0.04559851840177963,1
2030,282,3,0.08505598523537264,1
2030,282,5,0.014059187934709075,1
2030,282,6,0.4329880552121006,1
2030,283,4,0.06455692266246323,1
2030,283,6,0.8042050065092478,1
2030,283,7,0.13123807082828906,1
2030,284,3,0.8993232732584926,1
2030,284,8,0.10067672674150749,1
2030,285,3,1.0,1
2030,286,1,0.8443803641848038,1
2030,286,6,0.15561963581519625,1
2030,287,4,0.839866607688309,1
2030,287,7,0.038952218054892566,1
2030,287,8,0.1211811742567984,1
2030,288,1,0.9049313267967642,1
2030,288,3,0.09506867320323575,1
2030,289,6,1.0,1
2030,290,4,0.3876360396167086,1
2030,290,7,0.14448360158114956,1
2030,290,8,0.4678803588021419,1
2030,291,1,0.9032424320327476,1
2030,291,6,0.09675756796725238,1
2030,292,4,0.2786451537401106,1
2030,292,6,0.35419613468007666,1
2030,292,7,0.35193883370471124,1
2030,292,8,0.015219877875101465,1
2030,293,5,0.08099745681696724,1
2030,293,6,0.7360740816333144,1
2030,293,7,0.18292846154971834,1
2030,294,2,0.19259231080741318,1
2030,294,6,0.029266109631792908,1
2030,294,7,0.4720266996546463,1
2030,294,8,0.3061148799061476,1
2030,295,3,0.05011004770267844,1
2030,295,4,0.6322426128905825,1
2030,295,8,0.3176473394067391,1
2030,296,1,0.04100799524373773,1
2030,296,5,0.18632291722419092,1
2030,296,6,0.7726690875320713,1
2030,297,5,0.5851225051395748,1
2030,297,7,0.4148774948604253,1
2030,298,1,0.09263818904250148,1
2030,298,2,0.21272784726198546,1
2030,298,3,0.10921266667261613,1
2030,298,5,0.035566403229482055,1
2030,298,8,0.5498548937934149,1
2030,299,4,0.18789159350848164,1
2030,299,5,0.31132050850131626,1
2030,299,7,0.5007878979902022,1
2030,300,1,0.2373559701385259,1
2030,300,2,0.1723412972779347,1
2030,300,3,0.1795851167060917,1
2030,300,6,0.4107176158774477,1
2030,301,5,0.116095391982715,1
2030,301,7,0.883904608017285,1
2030,302,2,0.508056374433051,1
2030,302,4,0.03178059274974842,1
2030,302,6,0.06352498107919709,1
2030,302,7,0.3001231367820888,1
2030,302,8,0.09651491495591472,1
2030,303,1,0.5849533588933984,1
2030,303,4,0.026963736862771735,1
2030,303,6,0.13006034637075833,1
2030,303,8,0.25802255787307155,1
2030,304,2,0.03712030622003449,1
2030,304,5,0.15768131269827737,1
2030,304,6,0.8051983810816881,1
2030,305,4,0.17471706269382709,1
2030,305,6,0.43878060259678153,1
2030,305,7,0.21115646502259772,1
2030,305,8,0.17534586968679375,1
2030,306,1,0.044656918502167166,1
2030,306,2,0.1202984590168968,1
2030,306,3,0.16955413661458116,1
2030,306,5,0.2863767425892378,1
2030,306,8,0.379113743277117,1
2030,307,5,0.12501935121564053,1
2030,307,8,0.8749806487843595,1
2030,308,1,0.6804141689946033,1
2030,308,5,0.12961181802516714,1
2030,308,6,0.18997401298022967,1
2030,309,4,0.5503798038832028,1
2030,309,8,0.4496201961167972,1
2030,310,3,0.5714670606376282,1
2030,310,4,0.25087669114177,1
2030,310,8,0.17765624822060175,1
2030,311,3,1.0,1
2030,312,1,0.2593516370258418,1
2030,312,2,0.3077186273104955,1
2030,312,3,0.11533725752231434,1
2030,312,6,0.3175924781413483,1
2030,313,3,0.15936071240283234,1
2030,313,4,0.2441607448758789,1
2030,313,8,0.5964785427212888,1
2030,314,3,0.8903604202614345,1
2030,314,5,0.10963957973856549,1
2030,315,1,0.6768721580134032,1
2030,315,5,0.3231278419865968,1
2030,316,2,0.05011656110688362,1
2030,316,4,0.06636446813184492,1
2030,316,5,0.3907051737616253,1
2030,316,7,0.4928137969996462,1
2030,317,1,0.03799745818025151,1
2030,317,5,0.27825390462720395,1
2030,317,6,0.6837486371925446,1
2030,318,5,0.19385955004155017,1
2030,318,7,0.47615910929768135,1
2030,318,8,0.3299813406607685,1
2030,319,5,0.2890866790447184,1
2030,319,8,0.7109133209552817,1
2030,320,1,0.5189061581584856,1
2030,320,2,0.0,1
2030,320,5,0.3636796656538417,1
2030,320,6,0.1174141761876728,1
2030,321,2,0.22930228968090882,1
2030,321,3,0.18001491137189246,1
2030,321,5,0.22133304905622442,1
2030,321,8,0.3693497498909743,1
2030,322,2,0.16879480423114002,1
2030,322,5,0.25330504885899674,1
2030,322,8,0.5779001469098632,1
2030,323,1,0.06969462405947129,1
2030,323,2,0.5018055004355055,1
2030,323,6,0.42849987550502316,1
2030,324,4,0.1000155923236209,1
2030,324,6,0.09488154690871367,1
2030,324,7,0.8051028607676655,1
2030,325,3,0.052486669127233536,1
2030,325,5,0.1245905067486317,1
2030,325,7,0.7345033325556485,1
2030,325,8,0.08841949156848623,1
2030,326,5,0.3415346551182263,1
2030,326,8,0.6584653448817738,1
2030,327,3,0.8923083106306551,1
2030,327,5,0.09060733550800434,1
2030,327,6,0.017084353861340582,1
2030,328,4,0.40985269221491605,1
2030,328,5,0.015643760648502546,1
2030,328,6,0.035316354085383146,1
2030,328,7,0.4739982573864216,1
2030,328,8,0.06518893566477667,1
2030,329,1,0.25794704871191937,1
2030,329,2,0.4444946824792292,1
2030,329,5,0.06884489951236782,1
2030,329,6,0.22871336929648367,1
2030,330,2,0.12957641847953966,1
2030,330,5,0.25935839290004437,1
2030,330,6,0.4052078112964592,1
2030,330,7,0.04428223705084101,1
2030,330,8,0.16157514027311576,1
2030,331,2,0.3597002964337623,1
2030,331,4,0.14647227774801147,1
2030,331,5,0.1701193408233223,1
2030,331,7,0.22764198630814061,1
2030,331,8,0.09606609868676336,1
2030,332,4,0.7391165178141695,1
2030,332,5,0.19852358777818754,1
2030,332,7,0.06235989440764301,1
2030,333,1,0.07029767851215608,1
2030,333,3,0.3613145094430866,1
2030,333,5,0.3357284720771724,1
2030,333,8,0.232659339967585,1
2030,334,2,0.21135458703318422,1
2030,334,4,0.14177903330827102,1
2030,334,5,0.12805813653902787,1
2030,334,7,0.5188082431195169,1
2030,335,4,0.054290332050495875,1
2030,335,6,0.5516489332364457,1
2030,335,7,0.3940607347130584,1
2030,336,2,0.6330018509645181,1
2030,336,4,0.07799551220460034,1
2030,336,6,0.23255491639900444,1
2030,336,7,0.05644772043187708,1
2030,337,2,0.17652778313166087,1
2030,337,3,0.15436106368889627,1
2030,337,5,0.2576830238782812,1
2030,337,7,0.38627977704235306,1
2030,337,8,0.02514835225880868,1
2030,338,5,0.4306661664179035,1
2030,338,7,0.5693338335820964,1
2030,339,4,0.15214333669481206,1
2030,339,5,0.3349289411963731,1
2030,339,8,0.5129277221088149,1
2030,340,1,0.8964789814898629,1
2030,340,6,0.10352101851013701,1
2030,341,3,0.7807419183370424,1
2030,341,4,0.21925808166295752,1
2030,342,3,0.6235379652572759,1
2030,342,4,0.37646203474272416,1
2030,343,1,0.02158208271422113,1
2030,343,5,0.12971148701387766,1
2030,343,6,0.8487064302719012,1
2030,344,2,0.2471485332289165,1
2030,344,5,0.3280563670786653,1
2030,344,8,0.4247950996924182,1
2030,345,2,0.32524666326298457,1
2030,345,5,0.1863093196939132,1
2030,345,8,0.48844401704310225,1
2030,346,1,0.03183168809493535,1
2030,346,6,0.9681683119050647,1
2030,347,5,0.24556082449810024,1
2030,347,7,0.7544391755018998,1
2030,348,5,0.13472324760458138,1
2030,348,7,0.8652767523954187,1
2030,349,2,0.029455499677800194,1
2030,349,4,0.26803947417789287,1
2030,349,5,0.11908199813443829,1
2030,349,7,0.5834230280098688,1
2030,350,1,0.7991711076563365,1
2030,350,6,0.20082889234366358,1
2030,351,2,0.4402054077036934,1
2030,351,5,0.10814363003259778,1
2030,351,7,0.27925394238217366,1
2030,351,8,0.17239701988153522,1
2030,352,5,0.035877056070000135,1
2030,352,6,0.6288064278497411,1
2030,352,7,0.33531651608025875,1
2030,353,2,0.07763009574743303,1
2030,353,4,0.3440954700402743,1
2030,353,8,0.5782744342122927,1
2030,354,1,0.33337597309467065,1
2030,354,6,0.6666240269053293,1
2030,355,5,0.013007769865157675,1
2030,355,7,0.9869922301348424,1
2030,356,2,0.04686828740398626,1
2030,356,5,0.9046203131136751,1
2030,356,7,0.04851139948233864,1
2030,357,5,0.770265510545453,1
2030,357,7,0.229734489454547,1
2030,358,5,0.9886892869767452,1
2030,358,7,0.011310713023254827,1
2030,359,2,0.09351691019602373,1
2030,359,5,0.9064830898039763,1
2030,360,1,0.0391280868584627,1
2030,360,3,0.07441135260720748,1
2030,360,5,0.8502230551030056,1
2030,360,8,0.03623750543132412,1
2030,361,5,0.29228034474197395,1
2030,361,7,0.707719655258026,1
2030,362,5,0.5829806598611466,1
2030,362,7,0.41701934013885356,1
2030,363,5,0.3114521664857895,1
2030,363,7,0.6885478335142105,1
2030,364,5,0.7470049563670385,1
2030,364,7,0.25299504363296155,1
2030,365,5,1.0,1
