scenario,year,period,rep_period,weight
0,2030,1,2,0.44577062032700937
0,2030,1,4,0.1740960565820279
0,2030,1,5,0.06366483852151641
0,2030,1,6,0.22059564444346863
0,2030,2,1,0.17257610812840657
0,2030,2,2,0.019811862211198912
0,2030,2,4,0.6795008737395453
0,2030,2,6,0.039600601882364396
0,2030,3,1,0.3850087291920197
0,2030,3,3,0.150598687232613
0,2030,3,4,0.08115840794712578
0,2030,3,5,0.14010195178997473
0,2030,4,1,0.1366456122228695
0,2030,4,5,0.4967791348535416
0,2030,4,6,0.24490947475244867
0,2030,5,1,0.09046649867524154
0,2030,5,2,0.09784910071515526
0,2030,5,3,0.217189412908746
0,2030,5,5,0.49497450214331895
0,2030,6,2,0.6173210486129407
0,2030,6,4,0.2738196306069794
0,2030,6,6,0.08646582015177795
0,2030,7,2,0.2480240102365716
0,2030,7,4,0.7338436095003688
0,2030,8,1,0.18594208371393597
0,2030,8,2,0.015567716240681477
0,2030,8,3,0.06542277715743346
0,2030,8,4,0.6123107009746385
0,2030,8,5,0.09640503087257428
0,2030,9,1,0.12817897899982994
0,2030,9,2,0.3356084863953888
0,2030,9,4,0.3332330252346711
0,2030,9,6,0.19483515338670576
0,2030,10,1,0.17611741180304363
0,2030,10,2,0.03988144669325158
0,2030,10,3,0.11372928178047856
0,2030,10,4,0.5189732764819104
0,2030,10,5,0.10207623210079816
0,2030,10,6,0.038613017342581595
0,2030,11,2,0.25715776401883267
0,2030,11,3,0.04888584617199777
0,2030,11,4,0.07681564118398372
0,2030,11,5,0.48090861598217455
0,2030,11,6,0.13623213264301137
0,2030,12,1,0.16528272536599756
0,2030,12,2,0.7580673624562887
0,2030,12,4,0.02807179050078812
0,2030,12,5,0.04857812167692557
0,2030,13,1,0.09335981635551176
0,2030,13,2,0.5528059694105363
0,2030,13,3,0.04939738292382916
0,2030,13,6,0.2887053122170406
0,2030,14,1,0.34977856025564014
0,2030,14,4,0.3727461525976701
0,2030,14,6,0.05504798802966639
0,2030,15,1,0.6119789079388789
0,2030,15,3,0.10907896680713709
0,2030,15,4,0.12800793788262
0,2030,16,2,0.05782993443862939
0,2030,16,3,0.7235043627127522
0,2030,16,5,0.21540061833073812
0,2030,17,2,0.3421273285535286
0,2030,17,5,0.5997940832062377
0,2030,17,6,0.058078588240233625
0,2030,18,1,0.05626214900544202
0,2030,18,2,0.7776022487867233
0,2030,18,3,0.03254294267598423
0,2030,18,5,0.1335926595318503
0,2030,19,1,0.08039260651761225
0,2030,19,2,0.6488552206977832
0,2030,19,3,0.1673845122094105
0,2030,19,5,0.03781695712172337
0,2030,19,6,0.0655507034534706
0,2030,20,2,0.651846432598978
0,2030,20,3,0.20296698487717654
0,2030,20,5,0.03962551164297531
0,2030,21,2,0.5938360563073585
0,2030,21,3,0.25037474676183974
0,2030,21,5,0.02164469732541817
0,2030,21,6,0.018183359179634758
0,2030,22,1,0.09343038874710102
0,2030,22,2,0.6932492939292237
0,2030,22,3,0.13666629190975682
0,2030,22,5,0.053218126543354685
0,2030,23,1,0.09877520147514504
0,2030,23,2,0.5248523338309437
0,2030,23,4,0.31790492052550523
0,2030,23,6,0.0584675441684061
0,2030,24,5,1.0
0,2030,25,2,0.6022749425051515
0,2030,25,3,0.2881170559066444
0,2030,25,5,0.051110922406960434
0,2030,26,1,0.086739836496611
0,2030,26,2,0.44411437130032344
0,2030,26,4,0.1224595778384868
0,2030,26,6,0.34668621436457875
0,2030,27,2,0.06299660558360091
0,2030,27,3,0.49752536876932923
0,2030,27,5,0.3742749802052131
0,2030,28,2,0.5961943076425404
0,2030,28,3,0.2331621040266703
0,2030,28,5,0.035852356363193186
0,2030,29,1,0.031124608830002422
0,2030,29,2,0.5565495447836796
0,2030,29,3,0.21983066994416925
0,2030,29,5,0.19249517644214859
0,2030,30,1,0.34408147368655256
0,2030,30,2,0.17328997104109245
0,2030,30,4,0.336124863795064
0,2030,31,3,0.7356771535943127
0,2030,31,5,0.17359792564526919
0,2030,32,2,0.12636471809945354
0,2030,32,3,0.04957017143414513
0,2030,32,5,0.04786671556562826
0,2030,32,6,0.7761983949007729
0,2030,33,1,0.18459991348370933
0,2030,33,3,0.18895531111617944
0,2030,33,4,0.4432394809474038
0,2030,33,5,0.03370006030988049
0,2030,34,3,0.8223217417921955
0,2030,35,1,0.17233986763223338
0,2030,35,4,0.19720350829758107
0,2030,35,6,0.45232936577325
0,2030,36,1,0.5636731639033588
0,2030,36,3,0.06018910631591843
0,2030,36,4,0.1364119182609544
0,2030,37,1,0.31029748569697896
0,2030,37,3,0.36829765414508875
0,2030,37,4,0.08179519641428817
0,2030,37,5,0.041920128425317955
0,2030,38,2,0.2733211008599682
0,2030,38,3,0.6405305060351419
0,2030,38,5,0.08359130057491843
0,2030,39,1,0.16614883328436492
0,2030,39,2,0.7128200764252418
0,2030,39,6,0.08171693041372982
0,2030,40,2,0.4053531564507572
0,2030,40,3,0.26261148940265655
0,2030,40,5,0.27481689588183267
0,2030,40,6,0.05720470875142843
0,2030,41,2,0.14084866460268586
0,2030,41,3,0.6747803947168036
0,2030,41,5,0.03345118046317013
0,2030,42,2,0.25742712274575197
0,2030,42,3,0.06219961596009937
0,2030,42,5,0.09848113238715223
0,2030,42,6,0.5725050532561378
0,2030,43,1,0.21924097599030204
0,2030,43,4,0.10708812200930919
0,2030,43,5,0.5539953839190083
0,2030,44,1,0.0465496533197761
0,2030,44,2,0.6266078086738494
0,2030,44,3,0.03339603426669214
0,2030,44,5,0.1618698539565497
0,2030,44,6,0.10052764980274619
0,2030,45,2,0.63994553294749
0,2030,45,3,0.03396020365272216
0,2030,45,5,0.3008238865399986
0,2030,46,2,0.6456489615525473
0,2030,46,3,0.268111749141504
0,2030,46,5,0.051299272473440426
0,2030,47,2,0.30239259355560627
0,2030,47,3,0.5554090980213986
0,2030,47,5,0.07743205227711547
0,2030,48,2,0.06738558829331581
0,2030,48,3,0.04998526691269805
0,2030,48,4,0.2528727580179274
0,2030,48,5,0.537409876751408
0,2030,49,2,0.1671394163003425
0,2030,49,3,0.3941170209492627
0,2030,49,4,0.19903568900696073
0,2030,50,2,0.0491303028589737
0,2030,50,3,0.8832886114275464
0,2030,51,2,0.1191806546144804
0,2030,51,3,0.7876125570490159
0,2030,51,5,0.04151847715528009
0,2030,52,1,0.021708930981295376
0,2030,52,2,0.051132405905494595
0,2030,52,4,0.1428128056147228
0,2030,52,5,0.11762348373129466
0,2030,52,6,0.6667223737671926
0,2030,53,1,0.29812331138223325
0,2030,53,3,0.21874020918258308
0,2030,53,4,0.07489871624123215
0,2030,53,5,0.22080908194060594
0,2030,54,2,0.10263749536572188
0,2030,54,3,0.6770276432397163
0,2030,54,4,0.052629873254020396
0,2030,54,5,0.1329201785932981
0,2030,55,2,0.7196662517194861
0,2030,55,3,0.18732129758206842
0,2030,55,5,0.0291496410107202
0,2030,56,2,0.8273955008337819
0,2030,56,3,0.03206538631872693
0,2030,56,5,0.08186730263791808
0,2030,57,2,1.0
0,2030,58,2,0.3060100102210124
0,2030,58,4,0.4276966120934203
0,2030,58,6,0.2662933776855674
0,2030,59,1,0.12935192074403482
0,2030,59,3,0.03321954074985578
0,2030,59,4,0.7288216576384658
0,2030,59,6,0.07391274756391758
0,2030,60,3,0.44188125035242576
0,2030,60,4,0.3577742706087781
0,2030,60,5,0.1535613112010864
0,2030,61,2,0.3331526970497744
0,2030,61,3,0.4179655432177441
0,2030,61,5,0.2488817597324814
0,2030,62,2,0.8437045759958516
0,2030,62,3,0.010215826174869842
0,2030,62,5,0.14607959782927846
0,2030,63,2,0.6348583107672535
0,2030,63,4,0.1639770682996537
0,2030,63,5,0.09915460564704567
0,2030,64,1,0.15298963010462066
0,2030,64,2,0.8101964865026235
0,2030,64,5,0.03141227129783278
0,2030,65,1,0.2064525216348914
0,2030,65,2,0.317345688832316
0,2030,65,4,0.3050552213752537
0,2030,65,6,0.11877792998159455
0,2030,66,2,0.029397977067355127
0,2030,66,3,0.5424764637200927
0,2030,66,5,0.4196778309651494
0,2030,67,1,0.030534657671495907
0,2030,67,2,0.5506670446167372
0,2030,67,3,0.17645987698309587
0,2030,67,6,0.21360311184910014
0,2030,68,2,0.24812578807098645
0,2030,68,3,0.6974774033135195
0,2030,68,5,0.05439680861549397
0,2030,69,2,0.4717277313005035
0,2030,69,4,0.1501191510046327
0,2030,69,6,0.35615417918026987
0,2030,70,2,0.17451750320973528
0,2030,70,5,0.775855400122183
0,2030,71,2,0.6931722339756007
0,2030,71,3,0.19794084763700207
0,2030,71,5,0.045546081518068
0,2030,71,6,0.032071459301882814
0,2030,72,2,0.3379272610015718
0,2030,72,3,0.5948384446980597
0,2030,73,2,0.15277841010478008
0,2030,73,3,0.0616322419665131
0,2030,73,4,0.15583571026804144
0,2030,73,5,0.08360547654863441
0,2030,73,6,0.5379834938684535
0,2030,74,3,0.29766884787425546
0,2030,74,4,0.34025109524790803
0,2030,74,5,0.07910249133363938
0,2030,74,6,0.22052528663981466
0,2030,75,1,0.03300718510536186
0,2030,75,3,0.6211559509464737
0,2030,75,4,0.22132432836448396
0,2030,76,2,0.12726496395494655
0,2030,76,3,0.765869780487245
0,2030,76,5,0.04279031993987441
0,2030,77,2,0.14185321398971892
0,2030,77,3,0.7531229469772847
0,2030,78,2,0.12595685802138945
0,2030,78,3,0.6582781514983439
0,2030,78,6,0.13809058619213688
0,2030,79,2,0.20048175523633233
0,2030,79,3,0.7205354646985859
0,2030,80,2,0.11925691374395868
0,2030,80,3,0.838501217647755
0,2030,81,2,0.12635737184904314
0,2030,81,4,0.2408074078821526
0,2030,81,6,0.6328352202688043
0,2030,82,1,0.17491107040725037
0,2030,82,3,0.04508872720497996
0,2030,82,4,0.5266454167579191
0,2030,82,6,0.08520092242704305
0,2030,83,3,0.4186156746665513
0,2030,83,4,0.37262985009683425
0,2030,84,2,0.1837618979937481
0,2030,84,3,0.6621488169989682
0,2030,84,5,0.02383619846001727
0,2030,85,2,0.14536343759208126
0,2030,85,3,0.5540294976384548
0,2030,85,6,0.19469085965268867
0,2030,86,3,0.282096344225381
0,2030,86,4,0.5036929363734606
0,2030,86,5,0.09944993330959591
0,2030,87,3,0.23521426446538535
0,2030,87,4,0.6316831182112973
0,2030,88,2,0.1349839592090514
0,2030,88,3,0.14224117302606423
0,2030,88,4,0.5977585514395591
0,2030,88,5,0.03709017325964387
0,2030,89,2,0.3536793942085874
0,2030,89,3,0.1879146936919453
0,2030,89,4,0.04387531099125408
0,2030,89,5,0.3002213017545028
0,2030,90,2,0.26813860792467686
0,2030,90,3,0.6889583342646974
0,2030,91,2,0.2870744531325537
0,2030,91,3,0.6269041808771437
0,2030,92,2,0.029952101666607125
0,2030,92,4,0.10712275774866682
0,2030,92,6,0.822531430496858
0,2030,93,1,0.16243259239888388
0,2030,93,3,0.07516291208218862
0,2030,93,4,0.44001874236430627
0,2030,93,6,0.08842214103303912
0,2030,94,1,0.13728717243149569
0,2030,94,3,0.4041167383119855
0,2030,94,4,0.23186385602827933
0,2030,94,6,0.0
0,2030,95,3,0.6679721959190954
0,2030,95,4,0.16890464878908518
0,2030,96,2,0.05842699947131891
0,2030,96,3,0.8312438059301482
0,2030,96,5,0.0555567908433526
0,2030,97,2,0.1087156215257897
0,2030,97,3,0.8328169501142623
0,2030,98,2,0.12807809950193363
0,2030,98,3,0.786032038189951
0,2030,99,2,0.11832111138818857
0,2030,99,3,0.8510132236581771
0,2030,100,2,0.08612326377313581
0,2030,100,3,0.8626815625967279
0,2030,101,2,0.042937754241165416
0,2030,101,3,0.830145988219448
0,2030,101,5,0.05459011014342192
0,2030,102,2,0.11490938903627676
0,2030,102,3,0.8389306254702535
0,2030,103,2,0.38426766090660247
0,2030,103,3,0.5124582389785596
0,2030,103,5,0.08673338760736558
0,2030,104,2,0.671849294879266
0,2030,104,3,0.23199806082087873
0,2030,105,2,0.5363272965768917
0,2030,105,3,0.2309115173426402
0,2030,105,6,0.09718638560725067
0,2030,106,2,0.49089090894078047
0,2030,106,3,0.3459823481083977
0,2030,106,4,0.03471418191003337
0,2030,106,5,0.049556501337536515
0,2030,106,6,0.05653433697764121
0,2030,107,1,0.021402746641119793
0,2030,107,2,0.03835173494618727
0,2030,107,4,0.30710636252210577
0,2030,107,6,0.6046109212999295
0,2030,108,1,0.1821352488202558
0,2030,108,3,0.26562135954429017
0,2030,108,4,0.36426025635340387
0,2030,109,3,0.26758020396424964
0,2030,109,4,0.4838727794934331
0,2030,109,5,0.051548757974468895
0,2030,109,6,0.18451231215649613
0,2030,110,3,0.5830315491304037
0,2030,110,4,0.2879942305285683
0,2030,110,5,0.0198829696047053
0,2030,111,2,0.11588660774729483
0,2030,111,3,0.10990150721648692
0,2030,111,4,0.07490302603597318
0,2030,111,5,0.15391444768455587
0,2030,111,6,0.5290869105744642
0,2030,112,3,0.697542527146587
0,2030,112,4,0.09471682634581913
0,2030,113,1,0.2885347271276532
0,2030,113,3,0.07868800162584295
0,2030,113,4,0.3941655156542223
0,2030,113,6,0.09372707619899662
0,2030,114,4,1.0
0,2030,115,4,0.9426807267466154
0,2030,115,6,0.0254646756230139
0,2030,116,3,0.25472518294693997
0,2030,116,4,0.6092321690988575
0,2030,116,5,0.02246766749940042
0,2030,117,1,0.014552064295982457
0,2030,117,2,0.08023294890341351
0,2030,117,5,0.19064958131163542
0,2030,117,6,0.7069779492227131
0,2030,118,1,0.2478122168272045
0,2030,118,3,0.1325578645809971
0,2030,118,4,0.33204119966570267
0,2030,119,1,0.042017963073062194
0,2030,119,4,0.18482219394067348
0,2030,119,6,0.6285541582248402
0,2030,120,1,0.1824477078251431
0,2030,120,4,0.25747020411852195
0,2030,120,6,0.4104507070029563
0,2030,121,1,0.36667895394022715
0,2030,121,3,0.031642147369942475
0,2030,121,4,0.22556439843765538
0,2030,121,6,0.07491086181262682
0,2030,122,1,0.11086452311207211
0,2030,122,3,0.34216570126167756
0,2030,122,4,0.2646641837356304
0,2030,122,6,0.0
0,2030,123,1,0.09153044557887466
0,2030,123,4,0.3546962721332204
0,2030,123,6,0.4880076141534746
0,2030,124,1,0.03705014711832454
0,2030,124,3,0.28981942695547663
0,2030,124,4,0.4868854417684903
0,2030,124,6,0.05296780340728157
0,2030,125,1,0.1100599194755702
0,2030,125,3,0.07712647495324182
0,2030,125,4,0.5253080931707523
0,2030,125,6,0.10011046769976024
0,2030,126,1,0.17371497525606597
0,2030,126,3,0.04506480032784348
0,2030,126,4,0.4056740690313355
0,2030,126,6,0.05672796188240272
0,2030,127,1,0.4048241701495445
0,2030,127,3,0.11162024213366524
0,2030,127,4,0.20625492374157933
0,2030,128,1,0.032166553647960165
0,2030,128,3,0.6995741306946334
0,2030,128,4,0.019905877460858364
0,2030,128,5,0.054017752304603726
0,2030,129,1,0.08422212514485528
0,2030,129,3,0.3535704103989907
0,2030,129,4,0.04945048441657733
0,2030,129,5,0.05089228867441803
0,2030,129,6,0.4175163552900072
0,2030,130,1,0.4461942048405419
0,2030,130,3,0.04145912973252658
0,2030,130,4,0.2628905881042607
0,2030,130,6,0.05351560222137413
0,2030,131,2,0.12081383082462387
0,2030,131,4,0.15680434781497202
0,2030,131,5,0.35927599350008294
0,2030,131,6,0.3631058278603212
0,2030,132,2,0.7120765209360768
0,2030,132,4,0.23083899318232856
0,2030,132,6,0.03809121490869083
0,2030,133,2,0.02444155963362887
0,2030,133,3,0.16354859005447556
0,2030,133,4,0.640933469045255
0,2030,134,1,0.10108167084984986
0,2030,134,3,0.10739609444035324
0,2030,134,4,0.17236203537174316
0,2030,134,6,0.5320543508069323
0,2030,135,3,0.2538905196350805
0,2030,135,4,0.22994997827272057
0,2030,135,5,0.4766399089507953
0,2030,136,2,0.4169059299852197
0,2030,136,3,0.21884677159794463
0,2030,136,4,0.18024793537614628
0,2030,136,5,0.0
0,2030,136,6,0.1226615383950719
0,2030,137,2,0.20256644120234785
0,2030,137,3,0.6194735669810721
0,2030,137,4,0.049372745079822096
0,2030,137,5,0.09166283057442928
0,2030,138,2,0.23574159741308742
0,2030,138,3,0.05799203021902293
0,2030,138,4,0.3769004652642444
0,2030,138,6,0.32420997381378147
0,2030,139,3,0.011688087790708065
0,2030,139,4,0.36418662571124194
0,2030,139,6,0.5863716858265853
0,2030,140,3,0.34338619496959805
0,2030,140,4,0.022544644490923426
0,2030,140,5,0.4957928282613922
0,2030,141,2,0.11423372397044464
0,2030,141,3,0.24179997700545955
0,2030,141,6,0.6439662990240959
0,2030,142,1,0.1564941444263314
0,2030,142,3,0.11044972364952364
0,2030,142,4,0.5948124563927585
0,2030,142,6,0.015432730460370296
0,2030,143,1,0.05487437819205154
0,2030,143,3,0.33696473147021594
0,2030,143,4,0.4938033030474944
0,2030,144,1,0.056309889042048825
0,2030,144,3,0.3743450991987402
0,2030,144,4,0.39351783358114356
0,2030,144,6,0.05951734557575061
0,2030,145,1,0.07377414001955271
0,2030,145,3,0.29419141493315865
0,2030,145,4,0.4730053627104281
0,2030,145,6,0.010783143638306309
0,2030,146,2,0.08447370627703342
0,2030,146,3,0.8159510807892622
0,2030,147,2,0.06028226600509567
0,2030,147,3,0.8393892472416978
0,2030,147,5,0.02134000891780107
0,2030,148,2,0.07424638844671495
0,2030,148,3,0.5809018662430536
0,2030,148,4,0.11279654105450594
0,2030,148,6,0.23205520425572532
0,2030,149,1,0.05767698055350786
0,2030,149,3,0.2558166320647078
0,2030,149,4,0.5297232263343424
0,2030,149,6,0.09831138271972249
0,2030,150,2,0.06138870956639866
0,2030,150,3,0.26966099535075083
0,2030,150,4,0.63268963494585
0,2030,150,6,0.012144520333651692
0,2030,151,2,0.09742289297168101
0,2030,151,3,0.19820466158284314
0,2030,151,4,0.6876147089214399
0,2030,151,6,0.01675773652403584
0,2030,152,3,0.27451065245180933
0,2030,152,4,0.6861373445329463
0,2030,153,2,0.07428812115887726
0,2030,153,3,0.5366353146607633
0,2030,153,4,0.2623204508846074
0,2030,154,3,0.2969976939892129
0,2030,154,4,0.49037720376922855
0,2030,155,3,0.5027200788203111
0,2030,155,4,0.35448115903921334
0,2030,155,5,0.0949755046804895
0,2030,156,2,0.3551092248019862
0,2030,156,3,0.526117877647097
0,2030,156,4,0.017943104839722047
0,2030,156,5,0.07735044215285707
0,2030,157,2,0.4096849210786461
0,2030,157,3,0.5503536930120856
0,2030,158,2,0.1660082910799931
0,2030,158,3,0.8087074234069305
0,2030,159,2,0.12480974447516131
0,2030,159,3,0.8086601180200197
0,2030,159,5,0.03496744605442214
0,2030,160,2,0.3192509358689087
0,2030,160,3,0.5958044703756435
0,2030,161,2,0.23995106229478402
0,2030,161,3,0.4857755590780106
0,2030,161,6,0.07718166082951426
0,2030,162,1,0.03143703054796626
0,2030,162,3,0.2941324757257123
0,2030,162,4,0.3451831780193729
0,2030,162,5,0.014365655651386372
0,2030,162,6,0.23416707284363833
0,2030,163,3,0.43705937881941886
0,2030,163,4,0.4630534551359461
0,2030,164,3,0.6481523710621795
0,2030,164,4,0.2311471482424461
0,2030,165,2,0.05264161492652475
0,2030,165,3,0.71849107235674
0,2030,165,4,0.06413792737313481
0,2030,165,5,0.10283746987143806
0,2030,166,2,0.18841505418824536
0,2030,166,3,0.7872712908661358
0,2030,166,5,0.010921613923098863
0,2030,167,2,0.03903275629569616
0,2030,167,3,0.8211479919622191
0,2030,167,6,0.0174442529070924
0,2030,168,1,0.24596753790939305
0,2030,168,3,0.012396577084449084
0,2030,168,4,0.1951614524334377
0,2030,168,6,0.3253600956019248
0,2030,169,1,0.5610188873947705
0,2030,169,3,0.03990304650412536
0,2030,169,4,0.18981796755175223
0,2030,169,6,0.06227400121163588
0,2030,170,1,0.49575325565855677
0,2030,170,3,0.11383293794409875
0,2030,170,4,0.2514048912473323
0,2030,170,6,0.04439059518906503
0,2030,171,1,0.5636635416226776
0,2030,171,3,0.060406529558292156
0,2030,171,4,0.1811737966195562
0,2030,172,1,0.05862689811420631
0,2030,172,3,0.6009854103245682
0,2030,172,4,0.1438677372217924
0,2030,172,5,0.0985777366884822
0,2030,173,2,0.07497808172160618
0,2030,173,3,0.9139421149172303
0,2030,173,5,0.011079803361163475
0,2030,174,2,0.2052423611506872
0,2030,174,3,0.7296518563878112
0,2030,174,5,0.06510578246150167
0,2030,175,2,0.3764787024130425
0,2030,175,3,0.5485540386256613
0,2030,176,2,0.22901555464587023
0,2030,176,3,0.6658138483705023
0,2030,176,5,0.04700096726533295
0,2030,177,2,0.07324802692525195
0,2030,177,3,0.8519728905667515
0,2030,178,1,0.23245727158474236
0,2030,178,3,0.06085863242836747
0,2030,178,4,0.1668943064176768
0,2030,178,6,0.5010132855152795
0,2030,179,1,0.5887433829918051
0,2030,179,3,0.011455719460971027
0,2030,179,4,0.247865301376768
0,2030,180,1,0.6039445722235965
0,2030,180,3,0.018150342389938387
0,2030,180,4,0.15491367469693698
0,2030,181,1,0.4704061006113418
0,2030,181,3,0.053171708960923075
0,2030,181,4,0.26404211391831617
0,2030,181,6,0.014936601009596972
0,2030,182,1,0.28312122841049603
0,2030,182,3,0.08069093747709706
0,2030,182,4,0.37878860787136004
0,2030,182,6,0.020557203820091123
0,2030,183,1,0.1269080693207497
0,2030,183,3,0.18647150078228436
0,2030,183,4,0.635402400586363
0,2030,184,2,0.017900242696823415
0,2030,184,3,0.21678338988051907
0,2030,184,4,0.6359696451599222
0,2030,184,5,0.017400549483562986
0,2030,184,6,0.09006437431496307
0,2030,185,1,0.1566268910900674
0,2030,185,3,0.20816626951872777
0,2030,185,4,0.46943608214481836
0,2030,185,6,0.01812111166248649
0,2030,186,3,0.7068579873382211
0,2030,186,4,0.15062920934802534
0,2030,186,5,0.026994426028135936
0,2030,187,3,1.0
0,2030,188,2,0.02682241522710478
0,2030,188,3,0.9205299995936617
0,2030,189,1,0.017210448352465855
0,2030,189,2,0.02923331018049132
0,2030,189,3,0.024382649102074102
0,2030,189,4,0.025796157007577508
0,2030,189,5,0.2128628906462204
0,2030,189,6,0.6905145447111708
0,2030,190,1,0.4208898288548587
0,2030,190,3,0.19472441453462364
0,2030,190,4,0.3405707917494885
0,2030,191,1,0.31720153838898735
0,2030,191,3,0.3732556577697289
0,2030,191,4,0.11739750031400797
0,2030,191,6,0.05957783492797104
0,2030,192,1,0.044568218478420206
0,2030,192,2,0.014132395990889238
0,2030,192,4,0.10490899284916513
0,2030,192,6,0.8363903926815254
0,2030,193,1,0.12153726868527903
0,2030,193,3,0.5408591324798127
0,2030,193,4,0.24535181187796
0,2030,194,2,0.026834948424437285
0,2030,194,3,0.6436102782918447
0,2030,194,4,0.10798463129470687
0,2030,194,5,0.22157014198901123
0,2030,195,2,0.21297190871601
0,2030,195,3,0.6953152702189525
0,2030,195,4,0.027685063044493887
0,2030,196,2,0.1667414875037133
0,2030,196,3,0.15759116701326487
0,2030,196,6,0.6756673454830218
0,2030,197,1,0.5622881041115606
0,2030,197,3,0.0957344452119487
0,2030,197,4,0.2859569688795412
0,2030,198,1,0.6003878703883647
0,2030,198,3,0.03359842906185455
0,2030,198,4,0.2986693430389322
0,2030,198,6,0.03343024194974858
0,2030,199,1,0.18135669433604631
0,2030,199,3,0.4921826765723346
0,2030,199,4,0.3161014599713611
0,2030,199,5,0.010359169120257939
0,2030,200,1,0.19198272901852623
0,2030,200,2,0.04733896936446533
0,2030,200,3,0.7590044528864457
0,2030,201,1,0.6253433833491622
0,2030,201,3,0.14283623261577388
0,2030,201,4,0.231820384035064
0,2030,202,1,0.23595609879300505
0,2030,202,3,0.2557094328516363
0,2030,202,4,0.45237779746931267
0,2030,203,2,0.30260246033523963
0,2030,203,3,0.6352283867962302
0,2030,203,5,0.06216915286853014
0,2030,204,2,0.04892406117632999
0,2030,204,3,0.9501836743390977
0,2030,205,1,0.23340580720458998
0,2030,205,3,0.7518672327491566
0,2030,205,6,0.01472696004625329
0,2030,206,1,0.017793336980988218
0,2030,206,2,0.10693894431237591
0,2030,206,3,0.3613272280907433
0,2030,206,4,0.45939417825782575
0,2030,206,5,0.05454631235806679
0,2030,207,1,0.0889791096891219
0,2030,207,2,0.06500017126658644
0,2030,207,3,0.38289331728355414
0,2030,207,4,0.08402309253108589
0,2030,207,6,0.37775468473569007
0,2030,208,1,0.4760700453213425
0,2030,208,3,0.07895061163748689
0,2030,208,4,0.17964262758151267
0,2030,208,6,0.26533671545965787
0,2030,209,1,0.2726674464226248
0,2030,209,3,0.09943803538670466
0,2030,209,4,0.21825447844798215
0,2030,209,6,0.33538395118345665
0,2030,210,1,0.26521376777974265
0,2030,210,3,0.08509642945670039
0,2030,210,4,0.4139350322161773
0,2030,210,6,0.10462135637198204
0,2030,211,1,0.43284455651536896
0,2030,211,3,0.2024252223330214
0,2030,211,4,0.3647302211516096
0,2030,212,1,0.4305594079470951
0,2030,212,3,0.395166840868533
0,2030,212,4,0.17427375118437188
0,2030,213,1,0.21525793516540703
0,2030,213,3,0.5692242034826243
0,2030,213,4,0.21551786135196876
0,2030,214,1,0.4772953857062142
0,2030,214,3,0.20085393809807
0,2030,214,4,0.32185067619571583
0,2030,215,1,0.33298434810968913
0,2030,215,3,0.3832565173336296
0,2030,215,4,0.2287346124813485
0,2030,216,1,0.1741120518776287
0,2030,216,3,0.22594629382694517
0,2030,216,4,0.32196219795302433
0,2030,216,6,0.18221422085558722
0,2030,217,1,0.05182490416216736
0,2030,217,3,0.3068725548859813
0,2030,217,4,0.2376053063069584
0,2030,217,6,0.3463255171781568
0,2030,218,1,0.4829659886877024
0,2030,218,3,0.0871973159711024
0,2030,218,4,0.3369769598356103
0,2030,218,6,0.017600935615653263
0,2030,219,1,0.2156658374741315
0,2030,219,3,0.17837718191354784
0,2030,219,4,0.4566159795955889
0,2030,219,6,0.0724577947850252
0,2030,220,3,0.5538877187118563
0,2030,220,4,0.28525001268436856
0,2030,220,5,0.12482751708022156
0,2030,221,2,0.0947795906843023
0,2030,221,3,0.8922071242295367
0,2030,221,5,0.013013285086160944
0,2030,222,1,0.3099293268663138
0,2030,222,6,0.6861055581071859
0,2030,223,1,0.49298916633698014
0,2030,223,3,0.2016728675484224
0,2030,223,4,0.16261834377837361
0,2030,224,1,0.3143262500400537
0,2030,224,3,0.13394280834774844
0,2030,224,4,0.428755070980345
0,2030,225,1,0.014043493062571192
0,2030,225,3,0.4850075149338738
0,2030,225,4,0.28021458918560965
0,2030,225,5,0.22073440281794532
0,2030,226,2,0.3980596965034264
0,2030,226,3,0.581224072471207
0,2030,226,5,0.020430612280670776
0,2030,227,2,0.2503136501880287
0,2030,227,3,0.7244903601285017
0,2030,228,1,0.17375568071113776
0,2030,228,3,0.6847558115008435
0,2030,228,6,0.14148850778801866
0,2030,229,1,0.5799937373579832
0,2030,229,3,0.09127290935548311
0,2030,229,4,0.3287333532865337
0,2030,230,1,0.342455774773286
0,2030,230,3,0.09687194057938765
0,2030,230,4,0.4118677538666081
0,2030,231,1,0.4099093830950386
0,2030,231,3,0.11128532512285712
0,2030,231,4,0.25842230355923623
0,2030,231,6,0.01158541140090599
0,2030,232,1,0.3306574489027167
0,2030,232,3,0.2579371194551125
0,2030,232,4,0.29893868862460043
0,2030,233,1,0.03677669760501614
0,2030,233,3,0.5791518987513659
0,2030,233,4,0.21565141161328621
0,2030,233,5,0.12164211951912794
0,2030,234,1,0.03541336310468203
0,2030,234,3,0.7604851504598077
0,2030,234,4,0.0930768179143258
0,2030,235,1,0.14042520409829132
0,2030,235,3,0.6686316082599268
0,2030,235,4,0.10187481524748311
0,2030,236,1,0.06504309027711279
0,2030,236,3,0.5054005253369613
0,2030,236,4,0.35582074808056224
0,2030,236,5,0.031148344027338997
0,2030,237,1,0.010862998989840614
0,2030,237,3,0.30510010076061855
0,2030,237,4,0.5246135492741054
0,2030,237,6,0.1048882474403613
0,2030,238,3,0.3849280967769391
0,2030,238,4,0.25504208533492767
0,2030,238,5,0.2943105747594671
0,2030,239,2,0.052918241726552115
0,2030,239,3,0.6516238124478853
0,2030,239,4,0.22246451455549351
0,2030,239,5,0.07299343127006903
0,2030,240,2,0.40012265196999025
0,2030,240,3,0.5323347801839414
0,2030,240,4,0.015488231922527415
0,2030,240,5,0.052054335923540876
0,2030,241,2,0.2618469983017896
0,2030,241,3,0.7306702322646558
0,2030,242,2,0.18424676342549254
0,2030,242,3,0.8153455292924953
0,2030,243,2,0.14999062972845617
0,2030,243,3,0.834622755597551
0,2030,244,2,0.11960641210748275
0,2030,244,3,0.8416054420147063
0,2030,245,2,0.03552279570064589
0,2030,245,3,0.8619927544171567
0,2030,246,1,0.22772234957132018
0,2030,246,3,0.09047300458160394
0,2030,246,4,0.5078717841572792
0,2030,246,6,0.126377611086364
0,2030,247,1,0.3391676325329535
0,2030,247,4,0.43670711907401377
0,2030,247,6,0.053199689698746624
0,2030,248,1,0.09286401982090102
0,2030,248,3,0.08598319021495492
0,2030,248,5,0.49580538419644954
0,2030,248,6,0.24142688457821107
0,2030,249,2,0.6264666360335435
0,2030,249,3,0.17451480334985237
0,2030,249,5,0.19436841923396875
0,2030,250,2,0.9708956840596638
0,2030,250,4,0.012199180738337895
0,2030,250,5,0.01690513520199826
0,2030,251,2,0.3980185934146771
0,2030,251,4,0.0761961504874446
0,2030,251,6,0.4743989392568641
0,2030,252,2,0.08859934369145622
0,2030,252,3,0.6337961913593168
0,2030,252,5,0.14670923881522138
0,2030,253,2,0.08219087455246102
0,2030,253,3,0.32017634996999
0,2030,253,4,0.4955906796872861
0,2030,253,5,0.08302382972895385
0,2030,254,1,0.3315244488005288
0,2030,254,3,0.1415297586263798
0,2030,254,4,0.21431872649910344
0,2030,255,1,0.0101871143150527
0,2030,255,3,0.38666053736822426
0,2030,255,4,0.47245401157446076
0,2030,256,2,0.10357251651337007
0,2030,256,3,0.3129217226386737
0,2030,256,4,0.42318668025570927
0,2030,256,5,0.09096048917902662
0,2030,257,2,0.10286425277217193
0,2030,257,3,0.31752274788258383
0,2030,257,4,0.11671585137029122
0,2030,257,6,0.3710687227609048
0,2030,258,2,0.09002627243027538
0,2030,258,3,0.1079161969411496
0,2030,258,5,0.10037385041472296
0,2030,258,6,0.6231302133528019
0,2030,259,3,0.17830433187466968
0,2030,259,5,0.2304544037968444
0,2030,259,6,0.42565267120449607
0,2030,260,1,0.21018290634636988
0,2030,260,3,0.2478579832337179
0,2030,260,4,0.22511204118106654
0,2030,260,6,0.12375302825264814
0,2030,261,1,0.19297481219017512
0,2030,261,3,0.3222570504591249
0,2030,261,4,0.07589191079247877
0,2030,261,5,0.11413093996144855
0,2030,261,6,0.1162516718675453
0,2030,262,2,0.2764647869365694
0,2030,262,3,0.19367684635591223
0,2030,262,5,0.3089667645301211
0,2030,262,6,0.21616941048341204
0,2030,263,1,0.07923041807457828
0,2030,263,2,0.08309343463861033
0,2030,263,3,0.21822979481629856
0,2030,263,4,0.4326605007569703
0,2030,263,5,0.020300194586201366
0,2030,263,6,0.03017752777372647
0,2030,264,1,0.04047958266674381
0,2030,264,3,0.615112960638088
0,2030,264,4,0.20149290035205675
0,2030,265,2,0.08440175805927937
0,2030,265,3,0.6125611907043071
0,2030,265,5,0.11654115523608942
0,2030,266,2,0.08805138287959341
0,2030,266,4,0.10877936301917086
0,2030,266,5,0.09931935366053266
0,2030,266,6,0.5564871195416622
0,2030,267,1,0.07933947360413153
0,2030,267,3,0.3889068069427611
0,2030,267,4,0.33099559492651764
0,2030,268,2,0.18920808535585454
0,2030,268,3,0.22534509027329294
0,2030,268,4,0.49204412468553177
0,2030,268,5,0.04133560364688653
0,2030,268,6,0.017615029157449842
0,2030,269,1,0.1649184280748589
0,2030,269,3,0.060488366662918944
0,2030,269,4,0.4379930659252095
0,2030,269,6,0.21988165705889376
0,2030,270,1,0.2891013681688241
0,2030,270,3,0.1023220306223921
0,2030,270,4,0.3533056956131694
0,2030,270,6,0.03148616261006877
0,2030,271,1,0.25106394354824885
0,2030,271,3,0.3004100926177213
0,2030,271,4,0.2174603518751476
0,2030,271,5,0.07218308760069526
0,2030,272,1,0.329587371107755
0,2030,272,3,0.1576206728672135
0,2030,272,4,0.24119419411903942
0,2030,273,1,0.17799470229689487
0,2030,273,3,0.05877409380468959
0,2030,273,4,0.137927827925917
0,2030,273,6,0.36283991516853525
0,2030,274,1,0.5311487679792716
0,2030,274,3,0.017759157942820587
0,2030,274,4,0.1618127601215687
0,2030,274,6,0.05270304674887079
0,2030,275,1,0.2813147497405457
0,2030,275,3,0.21967570915158863
0,2030,275,4,0.08150625645850972
0,2030,275,5,0.22712515571176653
0,2030,276,2,0.09531746386275708
0,2030,276,3,0.6360975347723644
0,2030,276,5,0.1832146547779041
0,2030,277,2,0.25582469470318164
0,2030,277,3,0.08886512956607098
0,2030,277,5,0.08082559413059648
0,2030,277,6,0.5737850814941822
0,2030,278,1,0.38542960717297287
0,2030,278,3,0.2637408676339577
0,2030,278,4,0.07933410327942587
0,2030,279,3,0.8659172153809673
0,2030,280,2,0.036274993595375775
0,2030,280,4,0.03516995332337583
0,2030,280,5,0.060585050283572126
0,2030,280,6,0.7998913088509948
0,2030,281,1,0.02471773353978411
0,2030,281,3,0.25931546623573454
0,2030,281,4,0.20867585646189024
0,2030,281,5,0.4286804139039098
0,2030,282,1,0.050110230537469796
0,2030,282,3,0.5863737116124704
0,2030,282,4,0.20341383752975145
0,2030,283,3,0.8594157485775055
0,2030,283,4,0.0190966558400072
0,2030,284,1,0.3418581379469838
0,2030,284,4,0.3589556726140961
0,2030,284,6,0.06113970126060052
0,2030,285,1,0.2598386292212617
0,2030,285,4,0.3187797893144683
0,2030,285,6,0.07147258297133258
0,2030,286,1,0.10250767259243866
0,2030,286,3,0.39928085452566303
0,2030,286,4,0.2235913871259764
0,2030,286,5,0.07238493934197068
0,2030,287,1,0.11322169866753398
0,2030,287,2,0.05900186609926728
0,2030,287,3,0.14202493578992487
0,2030,287,6,0.4060979728200785
0,2030,288,1,0.35823879807751585
0,2030,288,3,0.29548391938987734
0,2030,288,4,0.08199178183934731
0,2030,289,3,0.8212414739841783
0,2030,289,5,0.07138582469861937
0,2030,290,6,1.0
0,2030,291,1,0.24229977539054248
0,2030,291,3,0.3314544697626908
0,2030,291,4,0.13537732520338913
0,2030,291,5,0.0776424739670895
0,2030,292,2,0.09090208806014859
0,2030,292,3,0.5842750607279087
0,2030,292,4,0.05876513150290619
0,2030,292,6,0.13342195864179437
0,2030,293,2,0.12932880978910608
0,2030,293,3,0.6367115509727227
0,2030,293,5,0.09151601075675246
0,2030,294,2,0.19099690378293668
0,2030,294,3,0.1820953371986149
0,2030,294,6,0.4542108391189072
0,2030,295,1,0.1337890098802404
0,2030,295,3,0.02027721531156209
0,2030,295,4,0.1812363515451394
0,2030,295,5,0.058591449521627065
0,2030,295,6,0.507252382257005
0,2030,296,3,0.26991461726116395
0,2030,296,5,0.6648494098314192
0,2030,296,6,0.05269662087640925
0,2030,297,2,0.6523924650031554
0,2030,297,3,0.1835942563196764
0,2030,297,5,0.06091783470052339
0,2030,298,1,0.29459219644040674
0,2030,298,2,0.02595234342215951
0,2030,298,3,0.10782877817059229
0,2030,298,4,0.18640599303243066
0,2030,298,5,0.011834352019917739
0,2030,298,6,0.24615836687909343
0,2030,299,1,0.01987821275094615
0,2030,299,2,0.5276628334281327
0,2030,299,3,0.17632538375192458
0,2030,299,6,0.20917691227122492
0,2030,300,3,0.4728877995008823
0,2030,300,4,0.17366680286692462
0,2030,300,5,0.09202900180501995
0,2030,301,2,0.35442375525871955
0,2030,301,3,0.4435860695661702
0,2030,301,5,0.05060837824856205
0,2030,302,1,0.15050134218786948
0,2030,302,2,0.14508065639608136
0,2030,302,3,0.5107421458958478
0,2030,302,4,0.016170800526910903
0,2030,303,1,0.22771620402855866
0,2030,303,3,0.31172660029111615
0,2030,303,4,0.08956105529931514
0,2030,303,6,0.1565063904891704
0,2030,304,2,0.08527209329051486
0,2030,304,3,0.5782990971053964
0,2030,304,5,0.21780438845197167
0,2030,305,2,0.11251440676672093
0,2030,305,3,0.6082319669007372
0,2030,305,6,0.01714355766815927
0,2030,306,1,0.10706139293324239
0,2030,306,2,0.14035624547677517
0,2030,306,3,0.1609722630874663
0,2030,306,4,0.4229723461086901
0,2030,306,5,0.059126177087128175
0,2030,306,6,0.03620053883317016
0,2030,307,2,0.08476711294914627
0,2030,307,4,0.5016636411392267
0,2030,307,6,0.3818027622192679
0,2030,308,3,0.1788851920634747
0,2030,308,4,0.19081247640963883
0,2030,308,5,0.4101046520016136
0,2030,309,1,0.1798685665389068
0,2030,309,3,0.04555510813115108
0,2030,309,4,0.06815098205460525
0,2030,309,6,0.6031474411282969
0,2030,310,1,0.4034083926107129
0,2030,310,3,0.11139840207414362
0,2030,310,4,0.15058695111761103
0,2030,310,6,0.11701625011862175
0,2030,311,1,0.5430833038035621
0,2030,311,3,0.08140020344521448
0,2030,311,4,0.12333388285577304
0,2030,312,1,0.17369235431232946
0,2030,312,3,0.53764700454982
0,2030,312,4,0.040599186661548055
0,2030,312,5,0.049647965591245104
0,2030,313,1,0.3165586210503693
0,2030,313,4,0.07190267853583476
0,2030,313,6,0.4697001143586704
0,2030,314,1,0.049752857929359136
0,2030,314,4,0.7386639491181198
0,2030,314,5,0.09097323605350172
0,2030,315,2,0.09398338423084827
0,2030,315,4,0.28006368427529094
0,2030,315,5,0.5140367154693385
0,2030,316,1,0.15401763838272955
0,2030,316,2,0.5794956662470941
0,2030,316,3,0.13302747081467511
0,2030,316,5,0.0440651230918215
0,2030,316,6,0.06299788717433806
0,2030,317,1,0.09440016328957641
0,2030,317,2,0.14386621020905135
0,2030,317,3,0.2564677732891505
0,2030,317,5,0.4662505755420629
0,2030,318,1,0.12796969427342
0,2030,318,2,0.34730407236188326
0,2030,318,3,0.27627789583576573
0,2030,318,4,0.060351472260283034
0,2030,318,6,0.07730636070138897
0,2030,319,1,0.24098590521811214
0,2030,319,2,0.29969456596972965
0,2030,319,4,0.3038496475496632
0,2030,319,6,0.08307480076938624
0,2030,320,1,0.17027213243205166
0,2030,320,2,0.08899918611329559
0,2030,320,4,0.011791740455663974
0,2030,320,5,0.661779450670395
0,2030,321,1,0.3012112070930667
0,2030,321,2,0.3286929911813907
0,2030,321,4,0.17172704653945153
0,2030,322,1,0.010172111442462413
0,2030,322,2,0.26742929074720423
0,2030,322,4,0.04110178742358282
0,2030,322,6,0.5174293176411168
0,2030,323,1,0.10671392986001205
0,2030,323,3,0.5122383149651414
0,2030,323,5,0.17838988655665797
0,2030,324,2,0.1459939708771275
0,2030,324,3,0.6631519420763994
0,2030,324,5,0.08248760734772284
0,2030,325,2,0.1978706170580751
0,2030,325,3,0.09405407221798977
0,2030,325,5,0.4133860595136009
0,2030,325,6,0.2946892512103342
0,2030,326,2,0.3105684278841931
0,2030,326,4,0.3904394128398895
0,2030,326,6,0.29069105859051847
0,2030,327,1,0.46465503721759843
0,2030,327,2,0.04391276375703007
0,2030,327,3,0.039279416229018586
0,2030,327,4,0.15849360285159805
0,2030,327,5,0.08927204200103987
0,2030,328,2,0.10441249638511071
0,2030,328,3,0.1487621146427218
0,2030,328,5,0.13031690689155548
0,2030,328,6,0.575633960812659
0,2030,329,1,0.11136959204512399
0,2030,329,3,0.13173139207859091
0,2030,329,5,0.5427904580108541
0,2030,330,1,0.07688578752339287
0,2030,330,2,0.10434516931066266
0,2030,330,3,0.12397655320709498
0,2030,330,5,0.427343403574111
0,2030,330,6,0.26744908638473847
0,2030,331,1,0.23455034504796013
0,2030,331,2,0.30767411676184697
0,2030,331,3,0.30922094476043366
0,2030,331,6,0.04678343194368057
0,2030,332,1,0.13694515508287064
0,2030,332,2,0.07719704448375966
0,2030,332,5,0.2742219299277008
0,2030,332,6,0.5081246846658435
0,2030,333,1,0.10505536007793051
0,2030,333,2,0.12467594051713193
0,2030,333,4,0.5401753301253757
0,2030,333,5,0.19930148547446525
0,2030,333,6,0.029622963037458414
0,2030,334,1,0.19521959975866
0,2030,334,2,0.33885461368704123
0,2030,334,3,0.3672092409466548
0,2030,335,2,0.04892478773601202
0,2030,335,3,0.8167007582720074
0,2030,336,1,0.09954842062065078
0,2030,336,3,0.6239842059757224
0,2030,337,1,0.17324565581135226
0,2030,337,2,0.24352635761018748
0,2030,337,3,0.3344555034068844
0,2030,337,4,0.07944037799805385
0,2030,337,5,0.10596159576156235
0,2030,338,1,0.029256563583356387
0,2030,338,2,0.512484493970162
0,2030,338,3,0.2898248137713267
0,2030,338,5,0.16597024885434278
0,2030,339,1,0.09535493994705875
0,2030,339,2,0.29016893997986365
0,2030,339,4,0.11002425344974735
0,2030,339,6,0.5044518666233301
0,2030,340,1,0.2864376271423149
0,2030,340,3,0.22124325521248067
0,2030,340,5,0.20762843862099514
0,2030,341,1,0.8386566039810635
0,2030,341,2,0.016632110048715107
0,2030,342,1,0.5139699199961584
0,2030,342,3,0.0913982701508788
0,2030,342,6,0.08878022431795753
0,2030,343,3,0.2941832209560005
0,2030,343,5,0.5982614393156594
0,2030,344,1,0.23357266491274625
0,2030,344,2,0.32740829638346786
0,2030,344,3,0.04207791744179936
0,2030,344,4,0.24034214779121313
0,2030,344,6,0.0871953920996189
0,2030,345,1,0.29202407161215055
0,2030,345,2,0.29253321901459106
0,2030,345,4,0.19444603298435628
0,2030,345,6,0.12886964030624332
0,2030,346,3,0.6113737295597793
0,2030,346,5,0.32187772626730643
0,2030,347,2,0.40093176086958154
0,2030,347,3,0.3771091499566051
0,2030,347,5,0.1789827954158926
0,2030,347,6,0.042976293757920635
0,2030,348,2,0.3887213676002811
0,2030,348,3,0.5529942602966448
0,2030,348,5,0.05764124806805129
0,2030,349,1,0.08759185682283949
0,2030,349,2,0.3610708424534253
0,2030,349,3,0.38487811149341217
0,2030,349,5,0.015867332642685684
0,2030,349,6,0.033028356452700434
0,2030,350,1,0.2202173493863948
0,2030,350,3,0.14141567019531107
0,2030,350,5,0.4070243847929391
0,2030,351,1,0.1502370379464193
0,2030,351,2,0.16743018646904878
0,2030,351,3,0.09375221736563616
0,2030,351,5,0.16755633429466363
0,2030,351,6,0.40993611131111796
0,2030,352,2,0.11285344887045544
0,2030,352,3,0.7305863776174789
0,2030,352,5,0.12253671984878736
0,2030,353,1,0.5172411737069533
0,2030,353,2,0.06583717643720555
0,2030,353,6,0.31353449279945567
0,2030,354,1,0.10639116118066526
0,2030,354,3,0.3400779928198239
0,2030,354,5,0.4370498906639394
0,2030,355,2,0.2690519901723631
0,2030,355,3,0.5773372982362011
0,2030,355,5,0.11215997354813137
0,2030,356,2,0.7957021654377584
0,2030,356,5,0.11557921283105825
0,2030,357,2,0.8078344694679629
0,2030,357,5,0.09252357185201232
0,2030,358,2,0.8820126555531183
0,2030,358,5,0.05107917571747279
0,2030,359,2,0.8352611437674999
0,2030,360,1,0.013044875699739803
0,2030,360,2,0.8260213241738319
0,2030,361,2,0.28588286755651277
0,2030,361,3,0.18723841760465382
0,2030,361,5,0.45117646561372227
0,2030,361,6,0.07255396233861275
0,2030,362,1,0.012006984817434582
0,2030,362,2,0.691200506250136
0,2030,362,3,0.1654894722514693
0,2030,362,5,0.029217177563975117
0,2030,363,2,0.33711290376692904
0,2030,363,3,0.1397261764567811
0,2030,363,5,0.4251813378643208
0,2030,363,6,0.07372618788802918
0,2030,364,2,0.7805211081842303
0,2030,364,5,0.17925535014698163
0,2030,365,2,0.9267317177432127
1,2030,1,7,0.11808260322549166
1,2030,1,8,0.3775340237901564
1,2030,1,10,0.25956471462646125
1,2030,1,11,0.07124418104416436
1,2030,1,12,0.08927539509272653
1,2030,2,7,0.1896120108496944
1,2030,2,11,0.7064733423345863
1,2030,2,12,0.019291311825075694
1,2030,3,7,0.2542943589378768
1,2030,3,9,0.21904854445122163
1,2030,3,10,0.04054719922817753
1,2030,3,11,0.1267100122910538
1,2030,3,12,0.17556415330265307
1,2030,4,7,0.07511179146220837
1,2030,4,10,0.24976247902071963
1,2030,4,11,0.09973299284655562
1,2030,4,12,0.5292640794151426
1,2030,5,7,0.10510836043495778
1,2030,5,8,0.3475044887441327
1,2030,5,9,0.2283735695865903
1,2030,5,12,0.30483036048435114
1,2030,6,7,0.08959141557214338
1,2030,6,8,0.6121174424421659
1,2030,6,10,0.18422810628490663
1,2030,6,11,0.11406303570078404
1,2030,7,7,0.13947909064523684
1,2030,7,8,0.19657697456714507
1,2030,7,11,0.6075255380202276
1,2030,7,12,0.037493438283592494
1,2030,8,7,0.10335299185921634
1,2030,8,9,0.05840973018136886
1,2030,8,11,0.6186482526773487
1,2030,8,12,0.1994623566227941
1,2030,9,7,0.22744113979866576
1,2030,9,8,0.37234095012667107
1,2030,9,10,0.2349294761457038
1,2030,9,11,0.16528843392895942
1,2030,10,7,0.14503443775588307
1,2030,10,8,0.08319790954231941
1,2030,10,10,0.07419258200190491
1,2030,10,11,0.48491089819724226
1,2030,10,12,0.17860189500786502
1,2030,11,8,0.4051569250093078
1,2030,11,9,0.13332052866208619
1,2030,11,10,0.10746489504553444
1,2030,11,11,0.036190018169239876
1,2030,11,12,0.31431879895814124
1,2030,12,7,0.1521162071288059
1,2030,12,8,0.7962316398029269
1,2030,12,9,0.04551388638801376
1,2030,13,7,0.06076145414468394
1,2030,13,8,0.5861437024327008
1,2030,13,10,0.35309484342261527
1,2030,14,7,0.19565357311617862
1,2030,14,9,0.048890864228927085
1,2030,14,11,0.5318289568076708
1,2030,15,7,0.24691501944339292
1,2030,15,9,0.3371983047029211
1,2030,15,11,0.2761146212761354
1,2030,16,8,0.46523412729958236
1,2030,16,9,0.11547001062458424
1,2030,16,10,0.21609366982350836
1,2030,16,12,0.2032021922523251
1,2030,17,7,0.021484331614094233
1,2030,17,8,0.40684330324050977
1,2030,17,10,0.051212684094161014
1,2030,17,12,0.520459681051235
1,2030,18,7,0.022937386177825328
1,2030,18,8,0.7845161488315415
1,2030,18,12,0.1925464649906331
1,2030,19,7,0.12223542861169535
1,2030,19,8,0.8203287988835432
1,2030,19,9,0.02174842565308993
1,2030,19,10,0.035687346851671416
1,2030,20,7,0.09087197751885205
1,2030,20,8,0.8062719637115342
1,2030,20,12,0.10285605876961376
1,2030,21,7,0.03299930884178854
1,2030,21,8,0.8001287916990676
1,2030,21,9,0.03598982714820442
1,2030,21,10,0.08367918977527287
1,2030,21,12,0.03533768629446986
1,2030,22,7,0.10957318388976021
1,2030,22,8,0.8590407570734426
1,2030,22,9,0.028588879539681294
1,2030,23,7,0.2664087718790287
1,2030,23,8,0.3619173203176664
1,2030,23,10,0.2494524527552785
1,2030,23,11,0.12222145504802634
1,2030,24,12,1.0
1,2030,25,7,0.07555669585138206
1,2030,25,8,0.8043296283375165
1,2030,25,12,0.12007366479469209
1,2030,26,7,0.16255739712045278
1,2030,26,8,0.2960525811078854
1,2030,26,10,0.5413900217716618
1,2030,27,8,0.3712798470104428
1,2030,27,10,0.10135198546041198
1,2030,27,12,0.5273681675291453
1,2030,28,8,0.8138013420653054
1,2030,28,10,0.07042828326635596
1,2030,28,12,0.09549674425492068
1,2030,29,7,0.11124390969884991
1,2030,29,8,0.7732233740981712
1,2030,29,12,0.11553271620297875
1,2030,30,7,0.5385829539650424
1,2030,30,8,0.09442412089331927
1,2030,30,11,0.2428683097101049
1,2030,31,8,0.22247076647688988
1,2030,31,9,0.14161976746058705
1,2030,31,10,0.17599401340792883
1,2030,31,12,0.45991545265459405
1,2030,32,8,0.14723755890452117
1,2030,32,10,0.7853016160273419
1,2030,32,12,0.0674608250681368
1,2030,33,7,0.13382998912358535
1,2030,33,9,0.30513026055045717
1,2030,33,11,0.30460966278813056
1,2030,33,12,0.08741854653400909
1,2030,34,8,0.30970226230818754
1,2030,34,9,0.37137047784188704
1,2030,34,10,0.21691157232408886
1,2030,34,12,0.04638373992391031
1,2030,35,7,0.13041442403259482
1,2030,35,10,0.35061080803838307
1,2030,35,11,0.3695330006532119
1,2030,36,7,0.23055549183601745
1,2030,36,9,0.19246711173364237
1,2030,36,11,0.42427643515703584
1,2030,37,9,0.7845242031629066
1,2030,37,10,0.050783411619815685
1,2030,38,8,0.697831725515619
1,2030,38,9,0.15679898757654503
1,2030,38,10,0.12901191186065794
1,2030,38,12,0.01635737504717802
1,2030,39,7,0.22488162420180194
1,2030,39,8,0.7150043942103427
1,2030,39,10,0.060113981587855345
1,2030,40,7,0.0592193608799869
1,2030,40,8,0.6615324286517313
1,2030,40,10,0.05852286227534716
1,2030,40,12,0.22072534819293463
1,2030,41,7,0.026857456159625665
1,2030,41,8,0.36958492436175017
1,2030,41,10,0.35683158540753107
1,2030,41,12,0.21706473298585635
1,2030,42,8,0.32786262706172653
1,2030,42,10,0.5454133667604752
1,2030,42,12,0.10788904104954372
1,2030,43,9,0.5017428130801279
1,2030,43,12,0.31655893717271233
1,2030,44,7,0.19876278420245017
1,2030,44,8,0.7931075011248654
1,2030,45,7,0.0564784029154437
1,2030,45,8,0.6321623077542587
1,2030,45,12,0.3113592893302976
1,2030,46,7,0.08675180684584202
1,2030,46,8,0.848089586738565
1,2030,46,12,0.06515860641559297
1,2030,47,8,0.651921472830092
1,2030,47,9,0.20988555721047675
1,2030,47,10,0.10615035797471853
1,2030,47,12,0.03204261198471254
1,2030,48,8,0.31660115851762777
1,2030,48,9,0.45051703258498166
1,2030,48,12,0.08499745739294635
1,2030,49,8,0.22831822454727807
1,2030,49,9,0.6125778412630014
1,2030,50,8,0.6382082911435908
1,2030,50,9,0.14902309033767985
1,2030,50,10,0.21276861851872933
1,2030,51,8,0.6887611446375949
1,2030,51,9,0.11478584195882062
1,2030,51,10,0.19571642625683075
1,2030,52,7,0.17386700393736437
1,2030,52,8,0.17875454618930722
1,2030,52,10,0.5578946720441984
1,2030,52,11,0.05026495420395833
1,2030,53,9,0.7248106553771329
1,2030,53,12,0.06780955424537008
1,2030,54,8,0.5459313260112173
1,2030,54,9,0.35326116054539836
1,2030,54,10,0.10080751344338423
1,2030,55,7,0.03867761700087438
1,2030,55,8,0.9072695895512997
1,2030,55,12,0.0445733831371643
1,2030,56,8,1.0
1,2030,57,8,0.965115784547789
1,2030,57,9,0.030481899410564502
1,2030,58,8,0.176388819313215
1,2030,58,10,0.4885594881022674
1,2030,58,11,0.3350516925845176
1,2030,59,7,0.08819434977988587
1,2030,59,10,0.04526750676452368
1,2030,59,11,0.7990614187585656
1,2030,59,12,0.027409343501660695
1,2030,60,8,0.24968342938594312
1,2030,60,9,0.4918166094011428
1,2030,60,10,0.12702712567458513
1,2030,60,12,0.055006079273519526
1,2030,61,8,0.7750184036960793
1,2030,61,9,0.20824629075931228
1,2030,61,10,0.016735305544608253
1,2030,62,7,0.044519933433428145
1,2030,62,8,0.8945635976306816
1,2030,62,12,0.060916468935890124
1,2030,63,8,0.5725765275706527
1,2030,63,9,0.33600552701140446
1,2030,63,11,0.05734528136049269
1,2030,64,7,0.18135562531553223
1,2030,64,8,0.8186443746844677
1,2030,65,7,0.4034586880581886
1,2030,65,8,0.32219654856173735
1,2030,65,10,0.03726844892960282
1,2030,65,11,0.20072156311995856
1,2030,66,8,0.40516636766196984
1,2030,66,9,0.17920976215993234
1,2030,66,10,0.08082973773612796
1,2030,66,12,0.33479413244196976
1,2030,67,7,0.059318564717949815
1,2030,67,8,0.6217108674344989
1,2030,67,9,0.03131046014277273
1,2030,67,10,0.2876601077047785
1,2030,68,8,0.6679653259503877
1,2030,68,9,0.1748115026338966
1,2030,68,10,0.15722317141571562
1,2030,69,7,0.03831857683827711
1,2030,69,8,0.3462363285008715
1,2030,69,10,0.5192545507344243
1,2030,69,11,0.09619054392642698
1,2030,70,8,0.13294284814431098
1,2030,70,9,0.03386208927474763
1,2030,70,11,0.025545897341752822
1,2030,70,12,0.7763090500495955
1,2030,71,7,0.035480668329024766
1,2030,71,8,0.8907543772467841
1,2030,71,9,0.05081131262203521
1,2030,71,10,0.020150429702481
1,2030,72,8,0.7151586936984915
1,2030,72,9,0.09546711246920847
1,2030,72,10,0.18937419383230011
1,2030,73,8,0.23386175275609694
1,2030,73,9,0.08088897734434124
1,2030,73,10,0.5001492732257719
1,2030,73,11,0.1796885252730861
1,2030,74,8,0.09783966686542765
1,2030,74,9,0.2992510335716602
1,2030,74,10,0.31917740020826724
1,2030,74,11,0.1359866037245259
1,2030,74,12,0.08087795978944896
1,2030,75,8,0.20095955615538674
1,2030,75,9,0.5406630174009122
1,2030,75,10,0.20006796590146633
1,2030,75,12,0.012077973757107799
1,2030,76,8,0.6457103906816749
1,2030,76,9,0.13897934897450823
1,2030,76,10,0.1837930711652325
1,2030,76,12,0.03151718917858437
1,2030,77,8,0.6363145427291824
1,2030,77,9,0.13983804835815553
1,2030,77,10,0.223847408912662
1,2030,78,8,0.49225657430057546
1,2030,78,9,0.10356047778307724
1,2030,78,10,0.4041829479163473
1,2030,79,8,0.6268072154217997
1,2030,79,9,0.2352395919274434
1,2030,79,10,0.13795319265075698
1,2030,80,8,0.6070150939818096
1,2030,80,9,0.15459810512228828
1,2030,80,10,0.23838680089590214
1,2030,81,8,0.10990391532773476
1,2030,81,10,0.5988611266321654
1,2030,81,11,0.2842501090623947
1,2030,82,7,0.059382572007746916
1,2030,82,9,0.08623322721294699
1,2030,82,10,0.02159088967252043
1,2030,82,11,0.7656784904704179
1,2030,83,9,0.8264204812026817
1,2030,83,10,0.016317298787971835
1,2030,84,8,0.6260307024052375
1,2030,84,9,0.20945508397597382
1,2030,84,10,0.16239911220705758
1,2030,85,8,0.45757069605619943
1,2030,85,9,0.026841794576442656
1,2030,85,10,0.5077769358907849
1,2030,86,8,0.07032878644315493
1,2030,86,9,0.17265199167400838
1,2030,86,10,0.0984824561320571
1,2030,86,11,0.4211978674942652
1,2030,86,12,0.19345284132464763
1,2030,87,8,0.0773719291233587
1,2030,87,9,0.3423871377734395
1,2030,87,11,0.48804425650536354
1,2030,88,8,0.22762494451817258
1,2030,88,9,0.2287727279220305
1,2030,88,11,0.47530610893292863
1,2030,89,8,0.5688656483155861
1,2030,89,9,0.40885862517125154
1,2030,90,8,0.7541306769313978
1,2030,90,9,0.10610178007182351
1,2030,90,10,0.13976754299677854
1,2030,91,8,0.7144897315578551
1,2030,91,9,0.09283684826224632
1,2030,91,10,0.19267342017989836
1,2030,92,10,0.8528589969761985
1,2030,92,11,0.14653988211891777
1,2030,93,9,0.14210748316639704
1,2030,93,10,0.04763533893913499
1,2030,93,11,0.6616385025941731
1,2030,94,9,0.5922815013116258
1,2030,94,10,0.18241874109519038
1,2030,94,11,0.0795535426013223
1,2030,95,8,0.1571334761686358
1,2030,95,9,0.5171156067348486
1,2030,95,10,0.28674457661536085
1,2030,96,8,0.5347201200655021
1,2030,96,9,0.291145093632955
1,2030,96,10,0.17413478630154286
1,2030,97,8,0.6164216626040466
1,2030,97,9,0.1678416585923996
1,2030,97,10,0.21573667880355377
1,2030,98,8,0.6242999405312833
1,2030,98,9,0.15027934588744196
1,2030,98,10,0.22542071358127455
1,2030,99,8,0.6364668400727317
1,2030,99,9,0.16200844051303007
1,2030,99,10,0.20152471941423825
1,2030,100,8,0.6295895210838158
1,2030,100,9,0.14374838477218263
1,2030,100,10,0.22666209414400157
1,2030,101,8,0.6005795014380799
1,2030,101,9,0.2601154187155567
1,2030,101,10,0.1393050798463633
1,2030,102,8,0.6429162151252876
1,2030,102,9,0.1801618832091405
1,2030,102,10,0.17692190166557195
1,2030,103,8,0.7925034408705215
1,2030,103,9,0.12308143716937567
1,2030,103,10,0.08441512196010283
1,2030,104,8,0.8907359140656285
1,2030,104,9,0.05843196047302904
1,2030,104,10,0.04617408749128087
1,2030,105,8,0.7426595446584527
1,2030,105,9,0.048211670138793995
1,2030,105,10,0.20912878520275321
1,2030,106,8,0.7687447964671119
1,2030,106,9,0.1290663950534242
1,2030,106,10,0.10218880847946382
1,2030,107,9,0.1291795884021675
1,2030,107,10,0.5329567620374098
1,2030,107,11,0.337364988769225
1,2030,108,9,0.39297260963219405
1,2030,108,10,0.11089524799409599
1,2030,108,11,0.38631556372141884
1,2030,109,8,0.17412653868709427
1,2030,109,9,0.04712796779482009
1,2030,109,10,0.3583806058241064
1,2030,109,11,0.3565455933779507
1,2030,109,12,0.06381929431602858
1,2030,110,8,0.13978473048639434
1,2030,110,9,0.4172611742652627
1,2030,110,10,0.334129561921821
1,2030,110,12,0.08971441044922786
1,2030,111,8,0.26444036886355343
1,2030,111,9,0.19174249771595517
1,2030,111,10,0.5118651767549737
1,2030,111,11,0.03195195666551761
1,2030,112,8,0.21715301872829695
1,2030,112,9,0.3181348871296622
1,2030,112,10,0.28678325014243466
1,2030,112,12,0.12027337383933741
1,2030,113,7,0.1218967306210921
1,2030,113,9,0.1315135497452216
1,2030,113,10,0.0926845452528817
1,2030,113,11,0.5575825485787629
1,2030,114,7,0.025316850937442466
1,2030,114,11,0.9519249190337569
1,2030,114,12,0.022758230028800504
1,2030,115,11,1.0
1,2030,116,9,0.6069225822578171
1,2030,116,11,0.25599809539735835
1,2030,117,7,0.0443963420540497
1,2030,117,8,0.07032746433209915
1,2030,117,10,0.6580450421286578
1,2030,117,12,0.21945662786399228
1,2030,118,7,0.11595265145878575
1,2030,118,9,0.2606822589867337
1,2030,118,11,0.3200089745679806
1,2030,119,9,0.04836237220015343
1,2030,119,10,0.4864885888445768
1,2030,119,11,0.2831641768159605
1,2030,120,7,0.028071302315704892
1,2030,120,9,0.052710882907360215
1,2030,120,10,0.29672610103641295
1,2030,120,11,0.5251545319604642
1,2030,121,7,0.031088220317585513
1,2030,121,9,0.07313700827381105
1,2030,121,10,0.07678133003379914
1,2030,121,11,0.5872490895772329
1,2030,122,9,0.5126917155096234
1,2030,122,10,0.11755173919290376
1,2030,122,11,0.10748348422206151
1,2030,123,7,0.07014745063550172
1,2030,123,9,0.03363231601717477
1,2030,123,10,0.36123033281177475
1,2030,123,11,0.49021401610605886
1,2030,124,9,0.3302220346287967
1,2030,124,10,0.20852218361941388
1,2030,124,11,0.42350393207775305
1,2030,125,7,0.055731661806012675
1,2030,125,9,0.07044405433376359
1,2030,125,10,0.09928659094638527
1,2030,125,11,0.6548410413266392
1,2030,126,7,0.0848461980698735
1,2030,126,9,0.07834794510800919
1,2030,126,10,0.016479982019735842
1,2030,126,11,0.5523248939486644
1,2030,127,7,0.0892865292809272
1,2030,127,9,0.2724972018566887
1,2030,127,10,0.02218406883547307
1,2030,127,11,0.41377157432692196
1,2030,128,8,0.14792603669156068
1,2030,128,9,0.4777566347770314
1,2030,128,10,0.10171342565809872
1,2030,128,12,0.23588226192135509
1,2030,129,8,0.16240216551261483
1,2030,129,9,0.23993126814175145
1,2030,129,10,0.5451484109479748
1,2030,130,7,0.15338291540275836
1,2030,130,9,0.0688237234438462
1,2030,130,10,0.10415351567174423
1,2030,130,11,0.5045012112851439
1,2030,131,8,0.2589943074221496
1,2030,131,10,0.377519590692874
1,2030,131,11,0.17253141209730452
1,2030,131,12,0.19095468978767205
1,2030,132,8,0.5723263403966498
1,2030,132,10,0.2655933363643009
1,2030,132,11,0.16208032323904936
1,2030,133,8,0.0462849758319789
1,2030,133,9,0.3292989856586977
1,2030,133,11,0.5456359894051932
1,2030,134,9,0.23634660094698612
1,2030,134,10,0.534348331131439
1,2030,134,11,0.15482272267746378
1,2030,135,8,0.18961885770279727
1,2030,135,9,0.5388110776149142
1,2030,135,11,0.022285457881799513
1,2030,135,12,0.20829835377368036
1,2030,136,7,0.046689320326044725
1,2030,136,8,0.5340906841206193
1,2030,136,9,0.2152782106779289
1,2030,136,10,0.14071901692108896
1,2030,136,11,0.06322276795431808
1,2030,137,8,0.6506190595979111
1,2030,137,9,0.2851837066145195
1,2030,137,10,0.06419723378756935
1,2030,138,7,0.017098437220864376
1,2030,138,8,0.2652448174469294
1,2030,138,9,0.01729142401189131
1,2030,138,10,0.3729444756779117
1,2030,138,11,0.32742084564240326
1,2030,139,9,0.05503644870271351
1,2030,139,10,0.5163786963144299
1,2030,139,11,0.39037949654196147
1,2030,140,8,0.2507782778344746
1,2030,140,9,0.39851205939502743
1,2030,140,12,0.33318529440025196
1,2030,141,8,0.26835468226671205
1,2030,141,10,0.7221064611934236
1,2030,142,7,0.0651145345216063
1,2030,142,9,0.16599717748053813
1,2030,142,10,0.018420981773839093
1,2030,142,11,0.661750331872857
1,2030,143,8,0.042677383372580834
1,2030,143,9,0.492416638098937
1,2030,143,10,0.053782133821729056
1,2030,143,11,0.26741194806166885
1,2030,144,8,0.08431218429808773
1,2030,144,9,0.3181458302703963
1,2030,144,10,0.20866360307222862
1,2030,144,11,0.28033201952379144
1,2030,144,12,0.033615336254687433
1,2030,145,9,0.36773829323962426
1,2030,145,10,0.15316601237930982
1,2030,145,11,0.3736532961778399
1,2030,146,8,0.543681924108207
1,2030,146,9,0.18809889723219814
1,2030,146,10,0.2682191786595948
1,2030,147,8,0.5503263037420298
1,2030,147,9,0.2910682580172808
1,2030,147,10,0.15860543824068932
1,2030,148,8,0.3606180120210589
1,2030,148,9,0.12965205421160356
1,2030,148,10,0.5097299337673374
1,2030,149,9,0.2753442700375165
1,2030,149,10,0.2483476841847569
1,2030,149,11,0.46307085867153597
1,2030,150,8,0.18428963290794928
1,2030,150,9,0.1886660185941444
1,2030,150,10,0.09093070535436393
1,2030,150,11,0.5326194182107209
1,2030,151,8,0.23044043292669322
1,2030,151,9,0.06419470150996315
1,2030,151,10,0.0876918105810583
1,2030,151,11,0.6176730549822853
1,2030,152,8,0.09170046667778405
1,2030,152,9,0.3418432401139849
1,2030,152,11,0.5501367374146023
1,2030,153,8,0.2946334893194763
1,2030,153,9,0.3384415662802371
1,2030,153,10,0.26847979108321335
1,2030,153,11,0.04330638583182959
1,2030,154,8,0.059044473066390275
1,2030,154,9,0.28597914960421916
1,2030,154,10,0.09827561299142709
1,2030,154,11,0.393024675171135
1,2030,155,8,0.20263970003160273
1,2030,155,9,0.7135347544241016
1,2030,155,10,0.037412349846814574
1,2030,156,8,0.7712062625127335
1,2030,156,9,0.14059620472114182
1,2030,156,10,0.08819753276612456
1,2030,157,8,0.7372649266515652
1,2030,157,9,0.1403970527303443
1,2030,157,10,0.12233802061809056
1,2030,158,8,0.6286041475180504
1,2030,158,9,0.16962216941542277
1,2030,158,10,0.20177368306652682
1,2030,159,8,0.6003003664756306
1,2030,159,9,0.20238864322479458
1,2030,159,10,0.1973109902995749
1,2030,160,8,0.7189679141132775
1,2030,160,9,0.17794812503672627
1,2030,160,10,0.10308396084999623
1,2030,161,8,0.4925604478760651
1,2030,161,9,0.1594854355808887
1,2030,161,10,0.3215009387748907
1,2030,162,8,0.0708516632796764
1,2030,162,9,0.34284012816488485
1,2030,162,10,0.38167966662071945
1,2030,162,11,0.13694901675039411
1,2030,163,8,0.1472675688542404
1,2030,163,9,0.4567954460796374
1,2030,163,10,0.15202489966640104
1,2030,163,11,0.11762836194614945
1,2030,164,8,0.16308001282100767
1,2030,164,9,0.48718644024653834
1,2030,164,10,0.31476283990556986
1,2030,165,8,0.43030564046217873
1,2030,165,9,0.41507760665667587
1,2030,165,10,0.1546167528811454
1,2030,166,8,0.6979735420273686
1,2030,166,9,0.16092550335804853
1,2030,166,10,0.14110095461458289
1,2030,167,8,0.48392665625621184
1,2030,167,9,0.06611271815488033
1,2030,167,10,0.385442399891856
1,2030,167,12,0.06451822569705172
1,2030,168,7,0.0794318498282454
1,2030,168,9,0.1012078659570704
1,2030,168,10,0.2345290106018017
1,2030,168,11,0.4006432753800536
1,2030,169,7,0.23302802813389215
1,2030,169,9,0.09284932123242991
1,2030,169,10,0.08541878606325522
1,2030,169,11,0.518248425943787
1,2030,170,7,0.14147011700669612
1,2030,170,9,0.1558875465648045
1,2030,170,10,0.14642693657199937
1,2030,170,11,0.5364113285464914
1,2030,171,7,0.3349389940104901
1,2030,171,9,0.14333396275035404
1,2030,171,11,0.40529777396407
1,2030,172,8,0.06525696215532041
1,2030,172,9,0.7514800684484964
1,2030,172,12,0.1540283811345813
1,2030,173,8,0.6226309627811225
1,2030,173,9,0.22433757663669443
1,2030,173,10,0.15303146058218292
1,2030,174,8,0.7319687520766788
1,2030,174,9,0.15788272540620127
1,2030,174,10,0.11014852251711978
1,2030,175,8,0.7885887852145206
1,2030,175,9,0.0956232436894657
1,2030,175,10,0.1157879710960137
1,2030,176,8,0.6024755397610712
1,2030,176,9,0.08126540717535935
1,2030,176,10,0.19098861147466775
1,2030,176,12,0.12527044158890183
1,2030,177,8,0.4655339097809428
1,2030,177,9,0.08052573473475738
1,2030,177,10,0.2887711522741242
1,2030,177,12,0.16516920321017564
1,2030,178,7,0.23081837968228835
1,2030,178,9,0.15243614125565788
1,2030,178,10,0.4651141370927742
1,2030,178,11,0.14085681487192017
1,2030,179,7,0.2629131906209715
1,2030,179,9,0.07267559857773075
1,2030,179,11,0.5655371982819096
1,2030,180,7,0.28416455687224573
1,2030,180,9,0.09878927354019776
1,2030,180,11,0.5013989742371744
1,2030,181,7,0.1692897079002702
1,2030,181,9,0.11025220491829923
1,2030,181,10,0.04514676450057199
1,2030,181,11,0.5598680060875157
1,2030,182,7,0.12138451475467298
1,2030,182,9,0.12649963612358414
1,2030,182,10,0.02264192798426747
1,2030,182,11,0.5936426278182927
1,2030,183,7,0.05006395960699888
1,2030,183,9,0.2278808111735502
1,2030,183,10,0.04817869341275818
1,2030,183,11,0.626127196886904
1,2030,183,12,0.047749338919788734
1,2030,184,7,0.11172265933585487
1,2030,184,8,0.11518114191794683
1,2030,184,10,0.17961390453169118
1,2030,184,11,0.45475073391112747
1,2030,184,12,0.1323235029155227
1,2030,185,9,0.2915122302941816
1,2030,185,10,0.14092160813937846
1,2030,185,11,0.48574519295293234
1,2030,186,8,0.20345034254075978
1,2030,186,9,0.5865405272756871
1,2030,186,10,0.11638596710206851
1,2030,186,12,0.08450099772617813
1,2030,187,8,0.5504202724508942
1,2030,187,9,0.2473980458246253
1,2030,187,10,0.20218168172448042
1,2030,188,8,0.48130440950505704
1,2030,188,9,0.21846000941411742
1,2030,188,10,0.30023558108082554
1,2030,189,8,0.05822159185954854
1,2030,189,9,0.04502813249555726
1,2030,189,10,0.6686164883642436
1,2030,189,12,0.20017967606281556
1,2030,190,7,0.08147298674363872
1,2030,190,9,0.30676847600740886
1,2030,190,10,0.11173745508460545
1,2030,190,11,0.4498112591459067
1,2030,191,7,0.050443395415008495
1,2030,191,9,0.5067571575433492
1,2030,191,10,0.3333090462877201
1,2030,192,9,0.04324316626475348
1,2030,192,10,0.8233243717764498
1,2030,192,11,0.1254962135405545
1,2030,193,8,0.025314684902518803
1,2030,193,9,0.6920918473877
1,2030,193,10,0.1650159778465135
1,2030,193,12,0.10593361030146854
1,2030,194,8,0.5125484639833487
1,2030,194,9,0.39133825843941594
1,2030,194,10,0.08328194248623794
1,2030,194,12,0.012831335090997344
1,2030,195,8,0.5522500913979053
1,2030,195,9,0.31027161840587375
1,2030,195,10,0.13747829019622104
1,2030,196,8,0.266169608349243
1,2030,196,10,0.7088203402342385
1,2030,196,12,0.025010051416518592
1,2030,197,7,0.21687851757300788
1,2030,197,9,0.24254075727707042
1,2030,197,11,0.5012420087634052
1,2030,198,7,0.3141715515241859
1,2030,198,9,0.09234283819620283
1,2030,198,10,0.021379663750234527
1,2030,198,11,0.5721059465293767
1,2030,199,9,1.0
1,2030,200,8,0.4110711101943903
1,2030,200,9,0.08753015494578605
1,2030,200,10,0.46347536403363576
1,2030,200,12,0.037923370826187866
1,2030,201,7,0.2558701095922269
1,2030,201,9,0.24144738919198155
1,2030,201,10,0.14445814530341652
1,2030,201,11,0.35822435591237506
1,2030,202,9,0.378866972686367
1,2030,202,10,0.16447777568571606
1,2030,202,11,0.4002703284775296
1,2030,203,8,0.7599628207000287
1,2030,203,9,0.14903163036208067
1,2030,203,10,0.09100554893789063
1,2030,204,8,0.6648569765447295
1,2030,204,9,0.1866327841542351
1,2030,204,10,0.14851023930103524
1,2030,205,8,0.3611525144627315
1,2030,205,9,0.07127213072371913
1,2030,205,10,0.518457833825288
1,2030,205,12,0.0491175209882615
1,2030,206,8,0.2634963298024114
1,2030,206,9,0.32939588813874665
1,2030,206,10,0.21841528218457162
1,2030,206,11,0.1886924998742704
1,2030,207,8,0.16342745905354755
1,2030,207,9,0.25626529004149096
1,2030,207,10,0.5803072509049616
1,2030,208,7,0.11786310574639672
1,2030,208,9,0.08404571211495662
1,2030,208,10,0.39489607965822854
1,2030,208,11,0.403195102480418
1,2030,209,7,0.025842077305216305
1,2030,209,9,0.2095777180363973
1,2030,209,10,0.3437072622093574
1,2030,209,11,0.378674186743148
1,2030,210,7,0.11362319290487244
1,2030,210,9,0.13337829145349075
1,2030,210,10,0.08247693080350392
1,2030,210,11,0.5888410787733055
1,2030,211,7,0.09713376425037912
1,2030,211,9,0.40542508391216386
1,2030,211,10,0.04912052430716332
1,2030,211,11,0.44832062753029356
1,2030,212,7,0.026244631688746037
1,2030,212,9,0.5648348308005989
1,2030,212,10,0.39749790745249863
1,2030,212,11,0.011422630058156406
1,2030,213,7,0.01682403813211567
1,2030,213,8,0.1502127640874461
1,2030,213,9,0.5000662036349197
1,2030,213,10,0.33289699414551865
1,2030,214,7,0.1338272616177482
1,2030,214,9,0.4293661282073026
1,2030,214,10,0.032437990595825736
1,2030,214,11,0.4043686195791234
1,2030,215,7,0.01142038882044133
1,2030,215,9,0.6612482120910184
1,2030,215,10,0.20602829207254916
1,2030,215,11,0.12130310701599106
1,2030,216,9,0.33127828947607907
1,2030,216,10,0.278265715957893
1,2030,216,11,0.34684178833798357
1,2030,217,8,0.09613175824868465
1,2030,217,9,0.26394984439093283
1,2030,217,10,0.49684337853591903
1,2030,217,11,0.10266642570685318
1,2030,218,7,0.2236609311215918
1,2030,218,9,0.15027749273737112
1,2030,218,10,0.06320370293241848
1,2030,218,11,0.5628578732086187
1,2030,219,7,0.09194997855292153
1,2030,219,9,0.2378103101134289
1,2030,219,10,0.1571155432293767
1,2030,219,11,0.50376034364816
1,2030,220,8,0.15131550638878563
1,2030,220,9,0.7034874547387764
1,2030,220,10,0.050328646924553216
1,2030,220,12,0.09311547289578671
1,2030,221,8,0.5891570551531097
1,2030,221,9,0.1750790191136287
1,2030,221,10,0.19820305237836233
1,2030,221,12,0.03756087335489916
1,2030,222,7,0.2677111113513967
1,2030,222,10,0.6625190756208179
1,2030,222,11,0.0648794193358773
1,2030,223,7,0.14563554435831236
1,2030,223,9,0.2418976942651372
1,2030,223,10,0.14764840467979456
1,2030,223,11,0.3891101364993127
1,2030,224,7,0.12651709036032896
1,2030,224,9,0.25822157988312683
1,2030,224,11,0.5487675219288278
1,2030,225,8,0.19367931127407875
1,2030,225,9,0.7411882267412581
1,2030,225,12,0.06513246198466324
1,2030,226,8,0.7554489452997725
1,2030,226,9,0.14248300621937932
1,2030,226,10,0.10206804848084823
1,2030,227,8,0.7025260212177243
1,2030,227,9,0.1579222533885615
1,2030,227,10,0.13955172539371424
1,2030,228,8,0.2713806206394317
1,2030,228,9,0.10011082219244216
1,2030,228,10,0.5555245295117024
1,2030,228,12,0.07298402765642373
1,2030,229,7,0.22005316143791964
1,2030,229,9,0.1784779886813854
1,2030,229,10,0.06209507079152506
1,2030,229,11,0.53937377908917
1,2030,230,7,0.05432628269496343
1,2030,230,9,0.172535709242984
1,2030,230,10,0.03445666171169915
1,2030,230,11,0.6594067461048436
1,2030,231,7,0.06821753047478399
1,2030,231,9,0.1854435533771244
1,2030,231,10,0.08714058199108127
1,2030,231,11,0.4996518413349438
1,2030,232,7,0.1351166870193944
1,2030,232,9,0.4842676394386259
1,2030,232,10,0.1082701872134048
1,2030,232,11,0.18747975851195695
1,2030,233,8,0.18850867711254876
1,2030,233,9,0.5182578853383171
1,2030,233,10,0.16307944674398842
1,2030,233,12,0.1301539908051457
1,2030,234,8,0.3024821736835862
1,2030,234,9,0.41243603404849666
1,2030,234,10,0.28474420744399265
1,2030,235,8,0.09379467038424161
1,2030,235,9,0.2967110685943695
1,2030,235,10,0.42400305999167853
1,2030,235,12,0.18549120102971023
1,2030,236,7,0.03351493782575573
1,2030,236,8,0.15238768583753595
1,2030,236,9,0.4691003183370068
1,2030,236,10,0.23503112390274095
1,2030,236,11,0.03532050586217301
1,2030,236,12,0.03695835183391583
1,2030,237,8,0.07720621553343315
1,2030,237,9,0.3059912064620128
1,2030,237,10,0.24688067504566255
1,2030,237,11,0.30881181418053216
1,2030,238,8,0.31714051308876234
1,2030,238,9,0.49496780447571753
1,2030,238,10,0.058745288075103264
1,2030,238,12,0.035483688290388095
1,2030,239,8,0.42056655828148903
1,2030,239,9,0.49804432921521596
1,2030,239,10,0.08138911250329499
1,2030,240,8,0.7553442070515186
1,2030,240,9,0.15228870618537502
1,2030,240,10,0.09236708676310623
1,2030,241,8,0.728570969887907
1,2030,241,9,0.13527229058447882
1,2030,241,10,0.1361567395276141
1,2030,242,8,0.7354674660462556
1,2030,242,9,0.12322909714362244
1,2030,242,10,0.14130343681012197
1,2030,243,8,0.7111081552926957
1,2030,243,9,0.12096351291770976
1,2030,243,10,0.16792833178959454
1,2030,244,8,0.7213607065069504
1,2030,244,9,0.1292171371183769
1,2030,244,10,0.14942215637467274
1,2030,245,8,0.6079198328369073
1,2030,245,9,0.07498871553908729
1,2030,245,10,0.31709145162400526
1,2030,246,7,0.13009931949006598
1,2030,246,9,0.08784098487326887
1,2030,246,10,0.16648071814079574
1,2030,246,11,0.5741314586693995
1,2030,247,7,0.22900206842583196
1,2030,247,9,0.035684202853102136
1,2030,247,11,0.5933874970163491
1,2030,248,9,0.13512722489605913
1,2030,248,10,0.24960041317779585
1,2030,248,11,0.07573890089885547
1,2030,248,12,0.46169584016967213
1,2030,249,7,0.06610969859031934
1,2030,249,8,0.863421348923849
1,2030,249,12,0.07046895248583154
1,2030,250,8,0.9505086617425401
1,2030,250,11,0.03559639854851714
1,2030,250,12,0.013894939708942776
1,2030,251,8,0.3642692083476699
1,2030,251,9,0.08732055917510617
1,2030,251,10,0.347560972125792
1,2030,251,11,0.18049936042758702
1,2030,252,8,0.567801407437221
1,2030,252,9,0.19042421745279536
1,2030,252,10,0.153793549220117
1,2030,252,12,0.0879808258898667
1,2030,253,7,0.12802408029152526
1,2030,253,8,0.316495994272376
1,2030,253,9,0.29221718683388886
1,2030,253,11,0.19939202894520366
1,2030,254,7,0.10313513841077362
1,2030,254,9,0.20302152742528803
1,2030,254,10,0.08284177872249805
1,2030,254,11,0.36139344260714684
1,2030,255,8,0.0632131158534806
1,2030,255,9,0.47151133887910796
1,2030,255,10,0.1827159633656887
1,2030,255,11,0.11270164950646973
1,2030,255,12,0.04588786882190494
1,2030,256,8,0.2813132535290645
1,2030,256,9,0.45784497758913656
1,2030,256,10,0.03639457262269871
1,2030,256,11,0.17943395961261296
1,2030,257,8,0.16074500697575095
1,2030,257,9,0.32817997897068985
1,2030,257,10,0.5053488138769648
1,2030,258,8,0.2615879564913827
1,2030,258,9,0.07647922055694223
1,2030,258,10,0.6068816841649277
1,2030,259,8,0.10762373496422144
1,2030,259,9,0.11568321350179037
1,2030,259,10,0.4850445237309966
1,2030,259,12,0.20638042882004234
1,2030,260,7,0.09511780759715743
1,2030,260,9,0.33440586983725046
1,2030,260,10,0.25124301454979514
1,2030,260,11,0.16288312263010618
1,2030,261,8,0.04493111959153757
1,2030,261,9,0.4393685481482946
1,2030,261,10,0.30350379879605405
1,2030,261,12,0.07711033359780231
1,2030,262,8,0.5639470061023546
1,2030,262,10,0.2509739702462599
1,2030,262,12,0.18507902365138543
1,2030,263,7,0.18510371867837827
1,2030,263,8,0.177744248114316
1,2030,263,9,0.12338984445809106
1,2030,263,10,0.09879056181274601
1,2030,263,11,0.2598806499200662
1,2030,263,12,0.03753366607364572
1,2030,264,8,0.19830518557319485
1,2030,264,9,0.46628830759674583
1,2030,264,10,0.2673218163942336
1,2030,265,8,0.35600057217015163
1,2030,265,9,0.25507886553296133
1,2030,265,10,0.1973364210557236
1,2030,265,12,0.19158414124116352
1,2030,266,8,0.1441469740240732
1,2030,266,9,0.11287952855595773
1,2030,266,10,0.469402656964861
1,2030,266,11,0.1339247966276967
1,2030,267,8,0.010360218339178974
1,2030,267,9,0.6508027365816665
1,2030,267,10,0.14519556289113403
1,2030,268,8,0.34593925517006185
1,2030,268,9,0.09815791348044886
1,2030,268,10,0.13914812764377155
1,2030,268,11,0.30568832493610104
1,2030,268,12,0.06341328446304126
1,2030,269,7,0.03870018090996289
1,2030,269,9,0.0543220193776983
1,2030,269,10,0.23334921106237502
1,2030,269,11,0.6360780693419762
1,2030,270,7,0.051588032391194305
1,2030,270,9,0.16522810914631672
1,2030,270,10,0.058230005715949676
1,2030,270,11,0.5656014692478691
1,2030,271,9,0.2844539284887177
1,2030,271,10,0.1723354925140422
1,2030,271,11,0.3008620553353704
1,2030,271,12,0.1275913487414839
1,2030,272,7,0.013597414111106824
1,2030,272,9,0.32928360670693413
1,2030,272,10,0.05094290750251322
1,2030,272,11,0.37970819047076376
1,2030,273,7,0.05432391794433425
1,2030,273,9,0.15737986622609634
1,2030,273,10,0.28392398851781936
1,2030,273,11,0.25772370605900335
1,2030,274,7,0.24341611438286065
1,2030,274,9,0.07172776281786489
1,2030,274,10,0.05045994846889417
1,2030,274,11,0.49911037549413
1,2030,275,9,0.7784091700705061
1,2030,275,12,0.05292782363922079
1,2030,276,8,0.48593152308782
1,2030,276,9,0.21641081060065034
1,2030,276,10,0.15131235569495644
1,2030,276,12,0.14634531061657327
1,2030,277,8,0.31200395510689116
1,2030,277,10,0.5848685407083496
1,2030,277,12,0.09646326417390316
1,2030,278,7,0.11441166352005272
1,2030,278,9,0.5242003674078016
1,2030,278,10,0.143508923608628
1,2030,279,8,0.5215589006843121
1,2030,279,9,0.15047043430318324
1,2030,279,10,0.2609927562809505
1,2030,279,12,0.06697790873155407
1,2030,280,8,0.08326548616846835
1,2030,280,9,0.0782377087649027
1,2030,280,10,0.7106126807603322
1,2030,280,11,0.05148319113503262
1,2030,281,8,0.15050016979299582
1,2030,281,9,0.4916456048434074
1,2030,281,11,0.03496056572754657
1,2030,281,12,0.24932510230560198
1,2030,282,8,0.1808869707406536
1,2030,282,9,0.6376060260360873
1,2030,282,10,0.06099925361656871
1,2030,283,8,0.46583108133396867
1,2030,283,9,0.2338858935843579
1,2030,283,10,0.2869595746237911
1,2030,283,12,0.013323450457882295
1,2030,284,7,0.32814810512621284
1,2030,284,9,0.01900949489556943
1,2030,284,11,0.4808621383754378
1,2030,285,7,0.13750602796338968
1,2030,285,9,0.04508466109730434
1,2030,285,11,0.5447893515430268
1,2030,286,8,0.02653654251528141
1,2030,286,9,0.6845710502901333
1,2030,286,12,0.09897390681800773
1,2030,287,7,0.15332500762197965
1,2030,287,8,0.14447407160683928
1,2030,287,9,0.08976406741607292
1,2030,287,10,0.4133345678869556
1,2030,288,7,0.10691375042232816
1,2030,288,9,0.5504897396250731
1,2030,288,10,0.1117040878018444
1,2030,289,8,0.3603599995038182
1,2030,289,9,0.2760282477885388
1,2030,289,10,0.19083536528349976
1,2030,289,12,0.1727763874241432
1,2030,290,10,1.0
1,2030,291,9,0.6651522267082329
1,2030,291,10,0.1318652581210539
1,2030,292,8,0.24973055198858551
1,2030,292,9,0.1108245149831257
1,2030,292,10,0.44585123115278136
1,2030,292,12,0.19359370187550748
1,2030,293,8,0.5455839344484106
1,2030,293,9,0.22433753224147515
1,2030,293,10,0.16071173029458327
1,2030,293,12,0.0628880071683269
1,2030,294,8,0.2965661132245581
1,2030,294,9,0.1041415683002949
1,2030,294,10,0.4877131338198689
1,2030,295,7,0.053371712562088655
1,2030,295,9,0.13155079995055627
1,2030,295,10,0.47232937260360663
1,2030,295,11,0.17027195589238198
1,2030,295,12,0.035913958853513554
1,2030,296,8,0.21536068110299045
1,2030,296,9,0.1099000697698133
1,2030,296,10,0.07260715317181494
1,2030,296,12,0.6021320959553812
1,2030,297,7,0.0803480003510904
1,2030,297,8,0.7687495636545726
1,2030,297,12,0.1509024359943369
1,2030,298,7,0.3625212235785283
1,2030,298,8,0.12883660861955618
1,2030,298,9,0.10910194971733964
1,2030,298,10,0.15653836384683223
1,2030,298,11,0.07384477493024275
1,2030,299,7,0.09609501554256605
1,2030,299,8,0.6796067507932738
1,2030,299,10,0.22386195834590997
1,2030,300,8,0.07474897247762446
1,2030,300,9,0.41936956149067794
1,2030,300,10,0.13309996652581652
1,2030,300,12,0.16223026457437173
1,2030,301,8,0.6897402487918961
1,2030,301,9,0.017807197709145368
1,2030,301,10,0.14839890269601821
1,2030,301,12,0.08163801741579096
1,2030,302,7,0.17685889547381806
1,2030,302,8,0.3334257691686454
1,2030,302,9,0.28849293620949157
1,2030,302,10,0.13755568495028403
1,2030,303,7,0.015402483831502832
1,2030,303,9,0.4529468216551496
1,2030,303,10,0.3634567572253432
1,2030,304,8,0.21931763376209293
1,2030,304,9,0.08701938860266753
1,2030,304,10,0.28074013154913946
1,2030,304,12,0.4129228460861
1,2030,305,8,0.39026913710184113
1,2030,305,9,0.2069511611482229
1,2030,305,10,0.2779304442249133
1,2030,306,7,0.36121960571983097
1,2030,306,8,0.33887230340853447
1,2030,306,11,0.2236402692671686
1,2030,307,8,0.05324026499051378
1,2030,307,10,0.4008682348830493
1,2030,307,11,0.48675639451355557
1,2030,308,8,0.11069395630414537
1,2030,308,9,0.5711903598617581
1,2030,308,12,0.16821595907387313
1,2030,309,7,0.17858208796295139
1,2030,309,9,0.14490716469885792
1,2030,309,10,0.5973529921142411
1,2030,310,7,0.3111178286719183
1,2030,310,9,0.10683833609636613
1,2030,310,10,0.19709434852316193
1,2030,310,11,0.24722185007096747
1,2030,311,7,0.38832701489441607
1,2030,311,9,0.1818791998076466
1,2030,311,11,0.21337544473765002
1,2030,312,9,0.4099261061259795
1,2030,312,10,0.23307112245449743
1,2030,312,12,0.25590801718914236
1,2030,313,7,0.39781968597434225
1,2030,313,9,0.010521982245943156
1,2030,313,10,0.39787305756046687
1,2030,313,11,0.048550637651638404
1,2030,314,7,0.17421352750234514
1,2030,314,11,0.5331776948313449
1,2030,314,12,0.11560588819844067
1,2030,315,8,0.024901426337186686
1,2030,315,9,0.1614915326743764
1,2030,315,11,0.1817026168072584
1,2030,315,12,0.48420496109964944
1,2030,316,7,0.2035504379536771
1,2030,316,8,0.7429098788461995
1,2030,316,10,0.026630500670001743
1,2030,316,12,0.02690918253012155
1,2030,317,7,0.040455488503480706
1,2030,317,8,0.32149539019437584
1,2030,317,9,0.2030971213206289
1,2030,317,10,0.027112380282587587
1,2030,317,12,0.3982261178398529
1,2030,318,7,0.32956078582312515
1,2030,318,8,0.5377441364410843
1,2030,318,10,0.11616687081459973
1,2030,319,7,0.5369923387230136
1,2030,319,8,0.2919742140308135
1,2030,319,10,0.02404773648529308
1,2030,319,11,0.06431760185981548
1,2030,320,9,0.06160469703235717
1,2030,320,11,0.07639114136127424
1,2030,320,12,0.7452714596464904
1,2030,321,7,0.38925631148076306
1,2030,321,8,0.30721653308573305
1,2030,321,9,0.08031406555973229
1,2030,322,7,0.14118594724360026
1,2030,322,8,0.24440408987773776
1,2030,322,10,0.4495425249143461
1,2030,323,8,0.22162144858845678
1,2030,323,9,0.38616218893173315
1,2030,323,10,0.09435206124151854
1,2030,323,12,0.1668204436894082
1,2030,324,7,0.021853434152542022
1,2030,324,8,0.4344842359464904
1,2030,324,10,0.2865414965133474
1,2030,324,12,0.2565117437143363
1,2030,325,7,0.04710647685159286
1,2030,325,8,0.48715661702881075
1,2030,325,9,0.1205791119448474
1,2030,325,10,0.23097393136836655
1,2030,325,12,0.11418386280638249
1,2030,326,7,0.20564053070016083
1,2030,326,8,0.22187922544539565
1,2030,326,10,0.45360620453706135
1,2030,326,11,0.118874039317382
1,2030,327,7,0.14690669910215304
1,2030,327,9,0.5174352721122605
1,2030,327,11,0.09975303634776649
1,2030,328,8,0.31413081063378834
1,2030,328,10,0.5925024201878942
1,2030,328,12,0.06366971708749572
1,2030,329,8,0.016354800383501254
1,2030,329,9,0.09376960258600528
1,2030,329,10,0.03603946555511842
1,2030,329,12,0.6120473030067064
1,2030,330,7,0.08249576265314318
1,2030,330,8,0.3244091838107688
1,2030,330,9,0.10005023009086593
1,2030,330,10,0.23287603277115326
1,2030,330,12,0.2512614385641753
1,2030,331,7,0.1882599882062313
1,2030,331,8,0.32759276411462807
1,2030,331,9,0.04075546190877222
1,2030,331,10,0.2670386315834843
1,2030,331,12,0.16747437143838548
1,2030,332,7,0.16559997866650636
1,2030,332,8,0.13665169512538752
1,2030,332,10,0.44844501059001446
1,2030,332,12,0.23462834812145034
1,2030,333,7,0.2016910492401033
1,2030,333,8,0.1527412689095487
1,2030,333,11,0.3844589545275911
1,2030,333,12,0.21779998976642945
1,2030,334,7,0.2830980495672366
1,2030,334,8,0.6173452969574328
1,2030,334,10,0.08412723742208626
1,2030,335,8,0.44396036553550466
1,2030,335,10,0.30110245058301593
1,2030,335,12,0.2549371838814791
1,2030,336,8,0.2621090578015477
1,2030,336,9,0.22990379095190305
1,2030,336,10,0.31136917866917674
1,2030,336,12,0.03941761602208773
1,2030,337,7,0.24570359382216073
1,2030,337,8,0.5799590486985549
1,2030,337,9,0.10463338269290023
1,2030,337,10,0.015247207693292927
1,2030,338,7,0.06374918569914567
1,2030,338,8,0.8157876198161825
1,2030,338,12,0.1204631944846719
1,2030,339,7,0.1579695344380727
1,2030,339,8,0.17470209212472895
1,2030,339,10,0.6673283734371983
1,2030,340,9,0.43732129482765775
1,2030,340,12,0.26948642950454704
1,2030,341,7,0.7643505908901476
1,2030,341,8,0.020770781216826864
1,2030,341,10,0.023763904192774132
1,2030,342,7,0.4414717694370774
1,2030,342,10,0.17761665821518513
1,2030,342,12,0.09509288306306242
1,2030,343,8,0.10582033160754055
1,2030,343,10,0.0848728889056187
1,2030,343,12,0.7854847600717313
1,2030,344,7,0.4286545505880375
1,2030,344,8,0.4072981830146453
1,2030,344,10,0.06348759700779588
1,2030,344,11,0.01741290555656765
1,2030,345,7,0.48688311161377323
1,2030,345,8,0.2924515847562252
1,2030,345,10,0.0625603709070922
1,2030,345,11,0.07512687490338557
1,2030,346,8,0.14946820301507618
1,2030,346,9,0.098426333278883
1,2030,346,10,0.16382317805170668
1,2030,346,12,0.588282285654334
1,2030,347,7,0.08249579093900923
1,2030,347,8,0.7695165398201178
1,2030,347,10,0.04639313231176393
1,2030,347,12,0.10159453692910898
1,2030,348,7,0.05154552191528412
1,2030,348,8,0.7414839815848754
1,2030,348,10,0.0636651552880556
1,2030,348,12,0.13409125455021606
1,2030,349,7,0.14554293643991234
1,2030,349,8,0.5435500345940059
1,2030,349,10,0.1657142741371741
1,2030,349,12,0.14519275482890764
1,2030,350,9,0.4685365261339013
1,2030,350,12,0.31140747808890945
1,2030,351,7,0.33167235714918863
1,2030,351,8,0.4624370879526334
1,2030,351,9,0.011702304683350921
1,2030,351,10,0.1738125193823553
1,2030,352,8,0.4850993804609157
1,2030,352,9,0.07203860615813143
1,2030,352,10,0.14577847679178937
1,2030,352,12,0.2970835365891636
1,2030,353,7,0.49532552637839977
1,2030,353,8,0.041729570506800734
1,2030,353,10,0.37269610870957376
1,2030,354,8,0.030766887871259262
1,2030,354,9,0.26872076579459697
1,2030,354,12,0.5887534124684372
1,2030,355,8,0.6341445846785417
1,2030,355,10,0.15652660391811346
1,2030,355,12,0.20932881140334492
1,2030,356,7,0.04918792672197974
1,2030,356,8,0.8422902163838196
1,2030,356,12,0.09043712224620346
1,2030,357,7,0.06752180171625928
1,2030,357,8,0.7959071066695316
1,2030,357,12,0.1365710916142091
1,2030,358,7,0.052366528541054266
1,2030,358,8,0.8029720351264906
1,2030,358,12,0.14466143633245496
1,2030,359,7,0.10201136364816513
1,2030,359,8,0.7614734093340012
1,2030,359,12,0.09198401149195369
1,2030,360,7,0.1423510682913268
1,2030,360,8,0.7531068088249261
1,2030,360,11,0.03318750581492417
1,2030,361,7,0.045527472332444176
1,2030,361,8,0.705461973617987
1,2030,361,12,0.2099690327660784
1,2030,362,7,0.08670609750316931
1,2030,362,8,0.8348154207915192
1,2030,362,12,0.020370255782619123
1,2030,363,7,0.04627296260368368
1,2030,363,8,0.6877766402239647
1,2030,363,12,0.2139077428591869
1,2030,364,7,0.044288709447585714
1,2030,364,8,0.7706793967741136
1,2030,364,12,0.17923065752593487
1,2030,365,7,0.022912222347648042
1,2030,365,8,0.8464675111117073
1,2030,365,12,0.1306202665406447
