year,period,rep_period,weight,scenario
2050,1,3,0.11088184382508111,0
2050,1,4,0.47244737715090845,0
2050,1,6,0.14735883701727195,0
2050,1,7,0.11619584434878565,0
2050,1,13,0.15311609765795292,0
2050,2,3,0.05577880815401229,0
2050,2,4,0.5972411196199898,0
2050,2,6,0.09971244243873865,0
2050,2,7,0.17097438668620607,0
2050,2,13,0.07629324310105322,0
2050,3,4,0.4748966758595832,0
2050,3,6,0.13501609732529254,0
2050,3,7,0.12017123282659511,0
2050,3,13,0.26991599398852917,0
2050,4,3,0.13453687173447168,0
2050,4,4,0.3899073269374282,0
2050,4,6,0.21281296431910737,0
2050,4,7,0.14154438815358136,0
2050,4,13,0.12119844885541153,0
2050,5,1,0.030842106435258837,0
2050,5,3,0.24494812493862222,0
2050,5,4,0.1458881018524965,0
2050,5,6,0.27372147678678366,0
2050,5,7,0.14211234055762142,0
2050,5,13,0.1624878494292173,0
2050,6,3,0.33596229701473124,0
2050,6,4,0.10146372585018068,0
2050,6,6,0.17949831244237305,0
2050,6,7,0.1077222798213928,0
2050,6,13,0.0957216685843697,0
2050,6,14,0.17963171628695251,0
2050,7,3,0.08302769627631383,0
2050,7,4,0.4732143003653853,0
2050,7,6,0.2409917381118158,0
2050,7,7,0.03762757869613614,0
2050,7,13,0.1377416539716389,0
2050,7,14,0.027397032578710036,0
2050,8,3,0.04609777757260703,0
2050,8,4,0.6860290034840187,0
2050,8,6,0.07121373654087675,0
2050,8,7,0.11481826337069297,0
2050,8,13,0.06751641324601786,0
2050,8,14,0.014324805785786801,0
2050,9,3,0.17006257095641278,0
2050,9,4,0.33797091831736387,0
2050,9,7,0.40555859130245814,0
2050,9,13,0.08640791942376527,0
2050,10,3,0.253099960913801,0
2050,10,4,0.34059272663855955,0
2050,10,7,0.3916948319386222,0
2050,10,13,0.014612480509017195,0
2050,11,3,0.11991435312888733,0
2050,11,4,0.4444823015294085,0
2050,11,6,0.014796759529088795,0
2050,11,7,0.40151383336188273,0
2050,11,13,0.01929275245073277,0
2050,12,3,0.1288608639394453,0
2050,12,4,0.3917185067824899,0
2050,12,6,0.03544227065231227,0
2050,12,7,0.3959607277575573,0
2050,12,13,0.04801763086819519,0
2050,13,2,0.010580801359991161,0
2050,13,3,0.04111255519315806,0
2050,13,4,0.5182220761641133,0
2050,13,6,0.13259175628598865,0
2050,13,7,0.2974928109967489,0
2050,14,2,0.01954124601481419,0
2050,14,4,0.5619661004669415,0
2050,14,6,0.020776763247211952,0
2050,14,7,0.2849268429636466,0
2050,14,13,0.05653520391965436,0
2050,14,14,0.05625384338773127,0
2050,15,3,0.053291693505248976,0
2050,15,4,0.578165627489587,0
2050,15,7,0.24252848712420452,0
2050,15,11,0.07625125883362602,0
2050,15,15,0.04976293304733358,0
2050,16,2,0.04894835872418246,0
2050,16,3,0.16970813347556155,0
2050,16,4,0.5091473154682042,0
2050,16,6,0.05720542837836777,0
2050,16,7,0.13804136284159205,0
2050,16,13,0.07694940111209189,0
2050,17,2,0.04597854726826429,0
2050,17,3,0.30875837412422114,0
2050,17,4,0.40421053126471207,0
2050,17,6,0.07462981293801323,0
2050,17,7,0.046073042076989854,0
2050,17,13,0.12034969232779937,0
2050,18,3,0.0828852870566643,0
2050,18,4,0.3205885956114176,0
2050,18,6,0.22211576462316046,0
2050,18,9,0.08016499147241023,0
2050,18,10,0.13061076977950675,0
2050,18,11,0.11858978478425519,0
2050,18,12,0.04504480667258533,0
2050,19,3,0.24385453613917044,0
2050,19,6,0.09992135842541092,0
2050,19,9,0.3856564130368686,0
2050,19,11,0.20516946934420005,0
2050,19,12,0.021486887994953918,0
2050,19,15,0.043911335059396116,0
2050,20,3,0.08337089126987954,0
2050,20,4,0.18894089477740342,0
2050,20,6,0.25484038873194353,0
2050,20,9,0.22764694636433652,0
2050,20,10,0.1794836440741024,0
2050,20,11,0.04408244706958812,0
2050,20,12,0.021634787712746593,0
2050,21,3,0.06904271514500009,0
2050,21,4,0.20440322463027408,0
2050,21,6,0.15441246911366246,0
2050,21,10,0.18703447292787848,0
2050,21,11,0.2029485184697275,0
2050,21,12,0.05268319126718061,0
2050,21,15,0.12947540844627686,0
2050,22,3,0.30189720876538023,0
2050,22,9,0.18419818994201967,0
2050,22,10,0.12888065674205634,0
2050,22,11,0.12419388268176774,0
2050,22,15,0.2109040844458273,0
2050,22,16,0.049925977422948624,0
2050,23,3,1.0,0
2050,24,3,0.41568773132648784,0
2050,24,4,0.2751041829469029,0
2050,24,7,0.17890696086899055,0
2050,24,15,0.13030112485761874,0
2050,25,3,0.47383101174417186,0
2050,25,4,0.1052785731496652,0
2050,25,7,0.12697846328913726,0
2050,25,11,0.01063860322205386,0
2050,25,12,0.03373303039222289,0
2050,25,14,0.05834238736913144,0
2050,25,15,0.06701032106836623,0
2050,25,16,0.12418760976525124,0
2050,26,3,0.19533412820989562,0
2050,26,4,0.36064735737423015,0
2050,26,7,0.07873873919722567,0
2050,26,8,0.08570783889897708,0
2050,26,14,0.07218867964928587,0
2050,26,15,0.2073832566703857,0
2050,27,3,0.07577834626249924,0
2050,27,4,0.26818987669175415,0
2050,27,7,0.2678648940875214,0
2050,27,11,0.14670400796077773,0
2050,27,12,0.20484084264911145,0
2050,27,15,0.036622032348335956,0
2050,28,3,0.12687648366742688,0
2050,28,4,0.42207214050683606,0
2050,28,7,0.2693411632259633,0
2050,28,8,0.08439450126008222,0
2050,28,15,0.09731571133969158,0
2050,29,3,0.023034711030200952,0
2050,29,4,0.4805750514517749,0
2050,29,6,0.10066577774956383,0
2050,29,7,0.33181519188210906,0
2050,29,15,0.06390926788635122,0
2050,30,3,0.36037314929748154,0
2050,30,4,0.14161049515889013,0
2050,30,6,0.26815845955496515,0
2050,30,7,0.22985789598866319,0
2050,31,3,0.38489686121220756,0
2050,31,4,0.1146212713329677,0
2050,31,6,0.30274047659572445,0
2050,31,7,0.11023864912468628,0
2050,31,11,0.0681754211835224,0
2050,31,15,0.019327320550891647,0
2050,32,3,0.19007656504094125,0
2050,32,4,0.2950544103217904,0
2050,32,6,0.20305348258900588,0
2050,32,7,0.16130349483156328,0
2050,32,13,0.0755994198616858,0
2050,32,15,0.07491262735501318,0
2050,33,3,0.04712883013616219,0
2050,33,4,0.16984004232897243,0
2050,33,6,0.122617839683217,0
2050,33,7,0.1530659289152188,0
2050,33,11,0.3023109494995778,0
2050,33,15,0.20503640943685186,0
2050,34,3,0.29321133806421673,0
2050,34,6,0.05494513615853738,0
2050,34,7,0.09758900125782602,0
2050,34,9,0.056251335941222315,0
2050,34,11,0.15617117979752643,0
2050,34,12,0.0500333628868673,0
2050,34,14,0.03642328020937787,0
2050,34,15,0.25537536568442604,0
2050,35,3,0.39227574747605903,0
2050,35,7,0.14139755847900856,0
2050,35,10,0.2452271079152791,0
2050,35,11,0.13169662186779865,0
2050,35,15,0.08940296426185457,0
2050,36,3,0.4317089948409488,0
2050,36,7,0.2020418061711107,0
2050,36,10,0.14409978974288137,0
2050,36,15,0.2221494092450591,0
2050,37,3,0.27195927207567194,0
2050,37,4,0.1414902398571584,0
2050,37,6,0.25944398583823447,0
2050,37,7,0.3271065022289352,0
2050,38,3,0.14234999190275088,0
2050,38,4,0.4081325795703051,0
2050,38,6,0.22374623154154952,0
2050,38,7,0.15948818155055233,0
2050,38,13,0.0662830154348423,0
2050,39,4,0.34253646463861465,0
2050,39,6,0.22545310254692882,0
2050,39,7,0.38068400660151996,0
2050,39,13,0.05132642621293651,0
2050,40,3,0.2761759857124428,0
2050,40,4,0.12324735230909276,0
2050,40,6,0.09998859990754663,0
2050,40,7,0.28693648296965774,0
2050,40,11,0.03798815013278369,0
2050,40,13,0.11373919432391733,0
2050,40,15,0.043116014374659915,0
2050,40,16,0.018808220269899194,0
2050,41,3,0.2285513989035131,0
2050,41,4,0.0648208534743546,0
2050,41,6,0.365401758616579,0
2050,41,7,0.15826927674305685,0
2050,41,11,0.06365973447967546,0
2050,41,16,0.11929697778282111,0
2050,42,3,0.17212374141325804,0
2050,42,6,0.4467078954869253,0
2050,42,11,0.06459696406911845,0
2050,42,12,0.17983329130522407,0
2050,42,14,0.012805050267196588,0
2050,42,15,0.12393305745827753,0
2050,43,1,0.10783469888870173,0
2050,43,3,0.11363433453855354,0
2050,43,4,0.1007400875433219,0
2050,43,6,0.4507965091140209,0
2050,43,12,0.22699436991540187,0
2050,44,1,0.017156805404566926,0
2050,44,3,0.1648071561961491,0
2050,44,4,0.1533674948254208,0
2050,44,7,0.04823276858532933,0
2050,44,14,0.32265521610123055,0
2050,44,15,0.2937805588873033,0
2050,45,1,0.06624156849465945,0
2050,45,3,0.095509709413162,0
2050,45,4,0.1143002718247311,0
2050,45,5,0.06227800231097818,0
2050,45,7,0.06087042288010276,0
2050,45,8,0.02212540864579435,0
2050,45,10,0.0783948825578748,0
2050,45,11,0.045629808960555,0
2050,45,14,0.0544148539215624,0
2050,45,15,0.4002350709905799,0
2050,46,2,0.042660221800307936,0
2050,46,3,0.10739005532791196,0
2050,46,4,0.41598013228190217,0
2050,46,6,0.17984803844108427,0
2050,46,11,0.0843377711028111,0
2050,46,13,0.037156678334029754,0
2050,46,15,0.13262710271195274,0
2050,47,3,0.2090490305442328,0
2050,47,4,0.316421503974398,0
2050,47,6,0.38446421869556324,0
2050,47,13,0.09006524678580602,0
2050,48,3,0.23067820805207484,0
2050,48,4,0.2442118233858439,0
2050,48,6,0.41991316502572346,0
2050,48,7,0.10519680353635778,0
2050,49,2,0.03603688779544568,0
2050,49,3,0.197776759545808,0
2050,49,4,0.3191688541331893,0
2050,49,6,0.3076139766343844,0
2050,49,7,0.08225394761018817,0
2050,49,13,0.05714957428098447,0
2050,50,4,0.5168595911204731,0
2050,50,6,0.23938184274638785,0
2050,50,7,0.04927878106844855,0
2050,50,13,0.15091037606158242,0
2050,50,14,0.018870283700658973,0
2050,50,15,0.02469912530244912,0
2050,51,2,0.030516649309423362,0
2050,51,4,0.4840252587870646,0
2050,51,5,0.04771920432549716,0
2050,51,6,0.30278620623946173,0
2050,51,12,0.05855655317792073,0
2050,51,15,0.0763961281606325,0
2050,52,3,0.16786362994566503,0
2050,52,4,0.2130428538078142,0
2050,52,6,0.27397662841584824,0
2050,52,7,0.18396217451031946,0
2050,52,10,0.1270767037563856,0
2050,52,16,0.034078009563967594,0
2050,53,2,0.0362216010055743,0
2050,53,3,0.31942881851301314,0
2050,53,4,0.25155401393877735,0
2050,53,6,0.2474992498198375,0
2050,53,7,0.08507588174840876,0
2050,53,13,0.06022043497438906,0
2050,54,2,0.013366618691896093,0
2050,54,3,0.17871107145494286,0
2050,54,4,0.4406728466812159,0
2050,54,6,0.07407423945868255,0
2050,54,7,0.20685799279719563,0
2050,54,8,0.014820913305821068,0
2050,54,15,0.07149631761024582,0
2050,55,3,0.10545049985187525,0
2050,55,4,0.2888667693216017,0
2050,55,7,0.2808756071484445,0
2050,55,8,0.06519343371053933,0
2050,55,11,0.09516127729601723,0
2050,55,14,0.06226837511297918,0
2050,55,15,0.10218403755854281,0
2050,56,2,0.018792685713826255,0
2050,56,3,0.2726899215419833,0
2050,56,6,0.024323201790324073,0
2050,56,7,0.26349095198724215,0
2050,56,10,0.10097498764023997,0
2050,56,11,0.11529766705750225,0
2050,56,15,0.056209166421369916,0
2050,56,16,0.14822141784751217,0
2050,57,3,0.3008965290385099,0
2050,57,4,0.07565458541210636,0
2050,57,7,0.14050335990761817,0
2050,57,8,0.07189585658399725,0
2050,57,11,0.03191423617157497,0
2050,57,14,0.21772042625630447,0
2050,57,15,0.1614150066298889,0
2050,58,3,0.1598287267705863,0
2050,58,4,0.1308533425016666,0
2050,58,6,0.05193315310785709,0
2050,58,7,0.046179537118477075,0
2050,58,11,0.23279333366118626,0
2050,58,14,0.14263483821126383,0
2050,58,15,0.23577706862896294,0
2050,59,3,0.21019951541306442,0
2050,59,4,0.15581498664697763,0
2050,59,7,0.044517188982416654,0
2050,59,8,0.10266638879285066,0
2050,59,14,0.31311094217879104,0
2050,59,15,0.17369097798589966,0
2050,60,4,0.5502420400688697,0
2050,60,7,0.20724019810819472,0
2050,60,8,0.08048521210487199,0
2050,60,15,0.16203254971806358,0
2050,61,3,0.14603416627771806,0
2050,61,4,0.29834051860454613,0
2050,61,6,0.04703790410861285,0
2050,61,7,0.431571264237034,0
2050,61,8,0.07701614677208903,0
2050,62,4,0.18363746901248545,0
2050,62,6,0.1663321829069693,0
2050,62,7,0.5149716906915197,0
2050,62,13,0.13505865738902548,0
2050,63,3,0.06914092934628671,0
2050,63,7,0.5046145628419925,0
2050,63,8,0.07253055770997235,0
2050,63,11,0.042489873949419034,0
2050,63,14,0.17350801627279114,0
2050,63,15,0.08512942992359808,0
2050,63,16,0.05258662995594043,0
2050,64,3,0.52118004892081,0
2050,64,7,0.3005858306119321,0
2050,64,10,0.027684248475259875,0
2050,64,15,0.1505498719919979,0
2050,65,3,0.38627829024005106,0
2050,65,4,0.1315684421689193,0
2050,65,6,0.26171439042838723,0
2050,65,7,0.22043887716264243,0
2050,66,3,0.235855456756134,0
2050,66,4,0.29856641895826747,0
2050,66,6,0.3053803728222259,0
2050,66,7,0.16019775146337267,0
2050,67,3,0.014722870624558843,0
2050,67,4,0.3254655745073864,0
2050,67,6,0.39485355989498316,0
2050,67,7,0.19141173543111528,0
2050,67,13,0.07354625954195636,0
2050,68,3,0.18182191063988717,0
2050,68,4,0.16214849438975545,0
2050,68,6,0.2043209837274566,0
2050,68,7,0.030769401529242422,0
2050,68,8,0.035298247295261494,0
2050,68,12,0.046254955626821866,0
2050,68,13,0.1705602122490453,0
2050,68,14,0.013975519954273726,0
2050,68,15,0.12038858266359859,0
2050,68,16,0.03446169192465727,0
2050,69,2,0.13014836065463362,0
2050,69,4,0.3082741480888347,0
2050,69,6,0.1805425433418466,0
2050,69,12,0.05992431998696239,0
2050,69,13,0.09544477853503291,0
2050,69,15,0.22566584939268977,0
2050,70,4,0.17007075064707167,0
2050,70,6,0.14973726498314813,0
2050,70,7,0.18903451082747966,0
2050,70,12,0.16799684732097006,0
2050,70,15,0.029083920537897018,0
2050,70,16,0.2940767056834334,0
2050,71,3,0.1764522919817408,0
2050,71,4,0.16341990726661942,0
2050,71,6,0.19283613548577858,0
2050,71,7,0.24980485855900453,0
2050,71,15,0.03845599790525742,0
2050,71,16,0.1790308088015991,0
2050,72,2,0.03761428447875382,0
2050,72,4,0.23621579848337165,0
2050,72,6,0.27973853535109267,0
2050,72,7,0.16326823198454105,0
2050,72,13,0.09363251818551391,0
2050,72,15,0.18953063151672703,0
2050,73,2,0.039246329148312414,0
2050,73,4,0.2759517286238648,0
2050,73,6,0.13449550244022068,0
2050,73,7,0.15178635712974156,0
2050,73,13,0.13026061731870675,0
2050,73,15,0.2682594653391539,0
2050,74,3,0.0978599244100741,0
2050,74,4,0.1558878346689945,0
2050,74,6,0.1550411486560352,0
2050,74,7,0.3602492391610402,0
2050,74,13,0.16428516771519797,0
2050,74,15,0.06667668538865813,0
2050,75,3,0.08318390396503354,0
2050,75,4,0.08098726721036337,0
2050,75,6,0.40167017390545373,0
2050,75,7,0.2742403209197735,0
2050,75,13,0.15991833399937586,0
2050,76,2,0.023587780776552086,0
2050,76,6,0.4934479058431152,0
2050,76,7,0.25369490687130775,0
2050,76,13,0.12562458864793688,0
2050,76,16,0.10364481786108823,0
2050,77,5,0.06352484138604467,0
2050,77,6,0.09579540918424058,0
2050,77,7,0.18019549896480375,0
2050,77,9,0.04347006633100772,0
2050,77,13,0.07460428571460542,0
2050,77,15,0.3791747258129849,0
2050,77,16,0.16323517260631304,0
2050,78,15,1.0,0
2050,79,3,0.2076379550802857,0
2050,79,6,0.299234902225326,0
2050,79,7,0.01751669949879592,0
2050,79,9,0.018120657725325496,0
2050,79,11,0.17110681584121937,0
2050,79,14,0.05187517619966597,0
2050,79,15,0.23450779342938166,0
2050,80,3,0.037523904894576195,0
2050,80,4,0.1578636247838055,0
2050,80,6,0.2299548346229691,0
2050,80,7,0.15899890823392596,0
2050,80,14,0.10821965550325571,0
2050,80,15,0.3074390719614676,0
2050,81,3,0.14452598169565717,0
2050,81,4,0.0966757243443851,0
2050,81,6,0.16648229859025737,0
2050,81,7,0.11079922521589003,0
2050,81,15,0.3426274893620925,0
2050,81,16,0.1388892807917178,0
2050,82,3,0.01620873951310536,0
2050,82,4,0.29416633570270734,0
2050,82,6,0.46389240557008704,0
2050,82,11,0.10662967098851589,0
2050,82,12,0.012671800395993664,0
2050,82,15,0.10643104782959067,0
2050,83,3,0.0534250545108395,0
2050,83,4,0.018324924548865366,0
2050,83,6,0.22916760449688367,0
2050,83,7,0.11839997070375582,0
2050,83,10,0.018588326640120976,0
2050,83,11,0.010927251548112723,0
2050,83,12,0.07278849207764672,0
2050,83,15,0.2120200036648007,0
2050,83,16,0.26635837180897437,0
2050,84,3,0.24195711773186845,0
2050,84,6,0.15634329389164803,0
2050,84,7,0.22581928431619805,0
2050,84,10,0.1655715273575144,0
2050,84,15,0.21030877670277098,0
2050,85,3,0.11998555269279665,0
2050,85,4,0.31557765358920076,0
2050,85,6,0.3128575266420581,0
2050,85,7,0.12935249478733316,0
2050,85,15,0.12222677228861106,0
2050,86,3,0.12689108905435087,0
2050,86,4,0.12477402480695307,0
2050,86,6,0.182421375155697,0
2050,86,7,0.21528615176807092,0
2050,86,15,0.22460931209390478,0
2050,86,16,0.12601804712102324,0
2050,87,3,0.29471396864649896,0
2050,87,4,0.06485201574451431,0
2050,87,7,0.3873337136443495,0
2050,87,8,0.013005703053038713,0
2050,87,14,0.10308320897395949,0
2050,87,15,0.13701138993763895,0
2050,88,4,0.4145142208023797,0
2050,88,6,0.03576111891866379,0
2050,88,7,0.36294978865656946,0
2050,88,15,0.18677487162238707,0
2050,89,4,0.27544010045610234,0
2050,89,6,0.09831134325451385,0
2050,89,7,0.6262485562893838,0
2050,90,3,0.02216903590192473,0
2050,90,4,0.15527842434805517,0
2050,90,7,0.7633724966873143,0
2050,90,8,0.01747603826867591,0
2050,90,10,0.028595999317649015,0
2050,90,16,0.013108005476380897,0
2050,91,7,1.0,0
2050,92,2,0.024236250821776932,0
2050,92,4,0.03474395822934617,0
2050,92,5,0.08417566924538955,0
2050,92,6,0.13927682631366126,0
2050,92,7,0.6325925757028508,0
2050,92,13,0.03451590551527282,0
2050,92,16,0.05045881417170253,0
2050,93,1,0.03597655946449986,0
2050,93,3,0.2076672932602039,0
2050,93,5,0.0629402694972852,0
2050,93,6,0.23072605573184382,0
2050,93,7,0.23548530356571698,0
2050,93,12,0.08647010687797493,0
2050,93,16,0.14073441160247546,0
2050,94,6,0.39711566043739943,0
2050,94,7,0.10687981270688418,0
2050,94,8,0.029596678305854763,0
2050,94,9,0.22583322626998256,0
2050,94,14,0.1535002613435326,0
2050,94,15,0.08707436093634643,0
2050,95,3,0.1389485628949132,0
2050,95,6,0.22827872516520198,0
2050,95,7,0.19225387471275174,0
2050,95,10,0.23563780481638247,0
2050,95,16,0.20488103241075062,0
2050,96,3,0.23644673218827875,0
2050,96,6,0.32122177964050935,0
2050,96,7,0.12092008505431176,0
2050,96,15,0.0984718131119903,0
2050,96,16,0.22293959000491004,0
2050,97,2,0.035486901627047485,0
2050,97,3,0.08169084803576118,0
2050,97,6,0.4874447214086391,0
2050,97,7,0.30021853841288354,0
2050,97,13,0.03608708444179247,0
2050,97,16,0.059071906073876274,0
2050,98,2,0.02538524325640987,0
2050,98,6,0.5956229642085865,0
2050,98,7,0.21204381298429933,0
2050,98,10,0.01753319109885822,0
2050,98,16,0.14941478845184603,0
2050,99,6,1.0,0
2050,100,2,0.025643560232639626,0
2050,100,4,0.075912711322723,0
2050,100,6,0.57809001986299,0
2050,100,12,0.1744433500634619,0
2050,100,15,0.14591035851818543,0
2050,101,4,0.07661410188027477,0
2050,101,6,0.14788366478179588,0
2050,101,7,0.20862583831294246,0
2050,101,8,0.2126254505356396,0
2050,101,14,0.10144966480905154,0
2050,101,15,0.25280127968029575,0
2050,102,2,0.13405789270859114,0
2050,102,4,0.3293247528128219,0
2050,102,6,0.33260768017456976,0
2050,102,7,0.1256282753687461,0
2050,102,14,0.013666874942917726,0
2050,102,15,0.06471452399235335,0
2050,103,2,0.09636220997205774,0
2050,103,4,0.2430492645562675,0
2050,103,6,0.36499611152897765,0
2050,103,7,0.18926707655628222,0
2050,103,12,0.01578603636862493,0
2050,103,16,0.09053930101779002,0
2050,104,2,0.11034223879103751,0
2050,104,4,0.22669064886007423,0
2050,104,6,0.3208264968327256,0
2050,104,7,0.2851231140313298,0
2050,104,8,0.037208994639159325,0
2050,104,14,0.019808506845673583,0
2050,105,2,0.12931359075092216,0
2050,105,4,0.0560808124825016,0
2050,105,6,0.23402505338195528,0
2050,105,7,0.3279460263970789,0
2050,105,13,0.15039335078109192,0
2050,105,14,0.05943903691982118,0
2050,105,16,0.04280212928662886,0
2050,106,2,0.0902577915172785,0
2050,106,4,0.07350138742442017,0
2050,106,6,0.4440121744664604,0
2050,106,7,0.16642803932218367,0
2050,106,13,0.17637813342608205,0
2050,106,16,0.04942247384357526,0
2050,107,3,0.08015761223894989,0
2050,107,4,0.07768342849831104,0
2050,107,6,0.4352641181774821,0
2050,107,7,0.17125395207659033,0
2050,107,8,0.09880380404468746,0
2050,107,10,0.07469588003656459,0
2050,107,15,0.01943430893310665,0
2050,107,16,0.04270689599430799,0
2050,108,3,0.07446393520091688,0
2050,108,6,0.29759969326484986,0
2050,108,7,0.34009457976289004,0
2050,108,8,0.09081484188125966,0
2050,108,10,0.0345874442354494,0
2050,108,15,0.047753417747231845,0
2050,108,16,0.11468608790740228,0
2050,109,2,0.034771244932527486,0
2050,109,4,0.11663063832729506,0
2050,109,5,0.030031657384381287,0
2050,109,6,0.500339605923148,0
2050,109,7,0.0414954935524711,0
2050,109,8,0.03315346148400441,0
2050,109,12,0.0949086351365839,0
2050,109,15,0.14866926325958876,0
2050,110,2,0.048153807063098034,0
2050,110,4,0.06510307662544906,0
2050,110,6,0.48086540647370907,0
2050,110,7,0.216783057475745,0
2050,110,13,0.010417490191390842,0
2050,110,16,0.17867716217060814,0
2050,111,2,0.06185571194124371,0
2050,111,5,0.10823769351363834,0
2050,111,6,0.33899750204367307,0
2050,111,7,0.3495962533946859,0
2050,111,14,0.01696596820810806,0
2050,111,16,0.12434687089865087,0
2050,112,2,0.06896838979562527,0
2050,112,5,0.08743765273222151,0
2050,112,6,0.404650103390623,0
2050,112,7,0.13369170700929622,0
2050,112,8,0.03787371094055562,0
2050,112,14,0.08856392476976066,0
2050,112,15,0.17881451136191784,0
2050,113,2,0.20727319762059282,0
2050,113,4,0.07963250550779148,0
2050,113,6,0.5092194280003713,0
2050,113,12,0.03580734285543562,0
2050,113,16,0.16806752601580882,0
2050,114,2,0.0435540328353255,0
2050,114,6,0.44504133477737107,0
2050,114,8,0.11031750555209532,0
2050,114,9,0.04963274704919116,0
2050,114,13,0.09356806881239937,0
2050,114,14,0.1929620629694535,0
2050,114,16,0.06492424800416406,0
2050,115,2,0.023944921138352695,0
2050,115,3,0.027338077169128977,0
2050,115,4,0.01971722283163667,0
2050,115,5,0.05096485780048283,0
2050,115,6,0.06311164165244124,0
2050,115,7,0.14352263156120265,0
2050,115,8,0.2387281776643122,0
2050,115,11,0.03029821346616373,0
2050,115,14,0.09125888634793725,0
2050,115,15,0.31111537036834186,0
2050,116,5,0.08380634045404178,0
2050,116,6,0.2603931517775017,0
2050,116,8,0.15363021637665378,0
2050,116,9,0.1521213420947885,0
2050,116,12,0.04396811663372144,0
2050,116,15,0.16881162539644043,0
2050,116,16,0.13726920726685252,0
2050,117,3,0.14185109006504815,0
2050,117,5,0.16175800092362072,0
2050,117,6,0.08430474397980306,0
2050,117,7,0.1568411371059516,0
2050,117,8,0.17599965173647303,0
2050,117,10,0.11978116852922463,0
2050,117,12,0.03312754131668712,0
2050,117,15,0.0405082118420633,0
2050,117,16,0.08582845450112833,0
2050,118,3,0.07948473669124108,0
2050,118,5,0.09424047588635229,0
2050,118,6,0.17082728745959183,0
2050,118,7,0.2706623657409621,0
2050,118,8,0.22112138681407173,0
2050,118,12,0.11839479308431128,0
2050,118,16,0.045268954323469814,0
2050,119,2,0.15780805846589732,0
2050,119,4,0.015620398749818035,0
2050,119,6,0.2858608108101425,0
2050,119,7,0.3197813931331316,0
2050,119,8,0.06843981969814458,0
2050,119,13,0.051567432510468594,0
2050,119,14,0.10092208663239732,0
2050,120,2,0.3133171600945867,0
2050,120,5,0.013256116846211755,0
2050,120,6,0.14013819711249278,0
2050,120,8,0.3896463178055737,0
2050,120,9,0.10386315412139276,0
2050,120,14,0.01990087310382953,0
2050,120,15,0.019878180915912712,0
2050,121,2,0.3543745634713583,0
2050,121,3,0.028083786248432163,0
2050,121,6,0.07988147629201889,0
2050,121,8,0.3140586045058348,0
2050,121,10,0.2236015694823559,0
2050,122,2,0.3448653504512715,0
2050,122,3,0.11338644426974077,0
2050,122,6,0.10609272924591255,0
2050,122,8,0.23642470422776155,0
2050,122,10,0.024812863444227496,0
2050,122,12,0.17441790836108623,0
2050,123,8,1.0,0
2050,124,2,0.3869701887013457,0
2050,124,4,0.033005513652659725,0
2050,124,7,0.08856090055687077,0
2050,124,8,0.27654796744565824,0
2050,124,11,0.21491542964346563,0
2050,125,2,0.28457897213276356,0
2050,125,4,0.022355639190224184,0
2050,125,7,0.20676156442392796,0
2050,125,8,0.4863038242530843,0
2050,126,2,0.37899294882127227,0
2050,126,4,0.13325922346102972,0
2050,126,7,0.13587154823788425,0
2050,126,8,0.35187627947981376,0
2050,127,2,0.5817804430531895,0
2050,127,5,0.11254302179867454,0
2050,127,8,0.2659891738929832,0
2050,127,11,0.039687361255152674,0
2050,128,2,0.5574756450456089,0
2050,128,6,0.0563923324889749,0
2050,128,8,0.17050097683845544,0
2050,128,9,0.21563104562696075,0
2050,129,2,0.39119710505104727,0
2050,129,5,0.047578733410580845,0
2050,129,8,0.561224161538372,0
2050,130,2,0.5801805535028581,0
2050,130,3,0.16993693766876092,0
2050,130,8,0.2498825088283809,0
2050,131,2,0.47400400305584706,0
2050,131,3,0.0783776312059265,0
2050,131,8,0.4476183657382264,0
2050,132,2,0.6429447264556841,0
2050,132,4,0.034842267711053594,0
2050,132,7,0.049309158938862396,0
2050,132,8,0.27290384689439995,0
2050,133,2,1.0,0
2050,134,2,0.29103430077702414,0
2050,134,3,0.15796665777383864,0
2050,134,5,0.07688066902709007,0
2050,134,6,0.04305475068447854,0
2050,134,8,0.14223917152179644,0
2050,134,11,0.09186519476356377,0
2050,134,12,0.07074988354734878,0
2050,134,15,0.03482093090420777,0
2050,134,16,0.09138844100065181,0
2050,135,2,0.2351892480949659,0
2050,135,3,0.17350020457711576,0
2050,135,5,0.1108274133739417,0
2050,135,6,0.07558357797846944,0
2050,135,8,0.183702942403527,0
2050,135,10,0.1629121276573968,0
2050,135,12,0.022141082952405276,0
2050,135,15,0.03614340296217802,0
2050,136,2,0.18021721423393022,0
2050,136,3,0.07745037393781673,0
2050,136,4,0.03504817732799842,0
2050,136,5,0.08483711707018957,0
2050,136,7,0.05349967840804219,0
2050,136,8,0.44107349018753733,0
2050,136,11,0.12787394883448555,0
2050,137,2,0.42143893168893515,0
2050,137,3,0.01655249074000965,0
2050,137,4,0.057491877731494376,0
2050,137,7,0.1835470176337892,0
2050,137,8,0.05383061345633307,0
2050,137,9,0.13852300575736334,0
2050,137,12,0.0738403758734905,0
2050,137,13,0.05477568711858476,0
2050,138,2,0.2945881475740596,0
2050,138,4,0.032832021870810274,0
2050,138,5,0.057043126094514965,0
2050,138,7,0.07925083253842756,0
2050,138,8,0.28088942618038926,0
2050,138,13,0.03882245081622553,0
2050,138,14,0.2165739949255728,0
2050,139,2,0.29002454507645464,0
2050,139,5,0.09945817114752487,0
2050,139,7,0.24354635018366988,0
2050,139,8,0.20052505013157756,0
2050,139,14,0.16644588346077296,0
2050,140,2,0.20297437727759324,0
2050,140,3,0.11072989230039913,0
2050,140,5,0.3118259577161238,0
2050,140,7,0.028098151876175568,0
2050,140,8,0.2509634416809221,0
2050,140,10,0.08081203929825596,0
2050,140,11,0.014596139850530227,0
2050,141,2,0.17186932395043047,0
2050,141,3,0.18901388919833553,0
2050,141,5,0.19340078609594744,0
2050,141,6,0.011223864247992392,0
2050,141,7,0.06812881224245187,0
2050,141,8,0.16518072379222612,0
2050,141,10,0.18498575215454913,0
2050,141,16,0.01619684831806697,0
2050,142,2,0.29538245429030946,0
2050,142,3,0.29956172937266945,0
2050,142,5,0.10662325357711794,0
2050,142,7,0.11087177179131713,0
2050,142,8,0.034642191749398685,0
2050,142,10,0.07762912389059833,0
2050,142,16,0.07528947532858911,0
2050,143,2,0.2754323926138834,0
2050,143,4,0.06761588072989858,0
2050,143,5,0.1050136582248569,0
2050,143,6,0.10474110060066025,0
2050,143,7,0.07677505333989502,0
2050,143,8,0.0613783269746936,0
2050,143,10,0.08383356189467354,0
2050,143,11,0.10320328836767165,0
2050,143,12,0.01374893525794111,0
2050,143,16,0.10825780199582585,0
2050,144,2,0.18236080649410888,0
2050,144,3,0.07453206830748627,0
2050,144,5,0.1624507185186262,0
2050,144,6,0.05377650190470032,0
2050,144,8,0.1569936290219569,0
2050,144,9,0.09211403149809554,0
2050,144,12,0.15478853898951217,0
2050,144,15,0.087511536686128,0
2050,144,16,0.035472168579385725,0
2050,145,2,0.10458496493324793,0
2050,145,5,0.21876156129192756,0
2050,145,6,0.08756237573369598,0
2050,145,8,0.19026045101264882,0
2050,145,9,0.07109212713263739,0
2050,145,10,0.032298628847194664,0
2050,145,12,0.2103210250903216,0
2050,145,14,0.018700815275315658,0
2050,145,16,0.06641805068301042,0
2050,146,2,0.193225048305366,0
2050,146,3,0.01958409523385092,0
2050,146,5,0.3856014274269072,0
2050,146,7,0.11465970383786983,0
2050,146,8,0.1420663584973096,0
2050,146,10,0.0381962422243412,0
2050,146,12,0.09343927473929173,0
2050,146,16,0.013227849735063685,0
2050,147,2,0.3064927201130527,0
2050,147,3,0.10769159121065071,0
2050,147,5,0.14089867546167026,0
2050,147,7,0.22887146360549648,0
2050,147,10,0.03822283324505513,0
2050,147,12,0.034641930179881444,0
2050,147,13,0.0,0
2050,147,16,0.14318078618419333,0
2050,148,2,0.190963908156096,0
2050,148,3,0.011119046202724562,0
2050,148,5,0.17215881659132376,0
2050,148,6,0.10745745717247934,0
2050,148,7,0.09835077948951662,0
2050,148,8,0.35504655765140924,0
2050,148,14,0.06490343473645031,0
2050,149,2,0.2309986918133222,0
2050,149,5,0.13552013103106608,0
2050,149,6,0.09149743340597262,0
2050,149,8,0.28676497758164077,0
2050,149,14,0.2552187661679982,0
2050,150,2,0.4311503355066181,0
2050,150,4,0.1891936499683388,0
2050,150,5,0.2915273689469587,0
2050,150,8,0.08812864557808454,0
2050,151,2,0.31408390497176203,0
2050,151,4,0.2895249854766659,0
2050,151,8,0.3175595721026438,0
2050,151,14,0.07883153744892825,0
2050,152,2,0.4707595636940754,0
2050,152,4,0.22893225549273874,0
2050,152,8,0.11345823642015522,0
2050,152,14,0.1868499443930306,0
2050,153,2,0.24030993248015242,0
2050,153,4,0.2034562731055467,0
2050,153,5,0.10301942643602048,0
2050,153,7,0.05113923337350261,0
2050,153,8,0.331831227864624,0
2050,153,14,0.07024390674015396,0
2050,154,2,0.5612660555068908,0
2050,154,4,0.23626625538395132,0
2050,154,5,0.16671993659826656,0
2050,154,6,0.0357477525108913,0
2050,155,2,0.4832389889215952,0
2050,155,4,0.05226076366453828,0
2050,155,5,0.025042605862713185,0
2050,155,6,0.2323815470298521,0
2050,155,16,0.2070760945213012,0
2050,156,2,0.22138047272573477,0
2050,156,3,0.10360006075609389,0
2050,156,5,0.1946448366810414,0
2050,156,6,0.12495464009629657,0
2050,156,8,0.3554199897408334,0
2050,157,2,0.34893893264692705,0
2050,157,4,0.1457379336553227,0
2050,157,5,0.03252648960044918,0
2050,157,6,0.20604202856091297,0
2050,157,7,0.021816130253424115,0
2050,157,8,0.21757342461438933,0
2050,157,14,0.02736506066857469,0
2050,158,2,0.4626779101164962,0
2050,158,4,0.10914937989589739,0
2050,158,5,0.046965782459416586,0
2050,158,6,0.2463121029415202,0
2050,158,8,0.10276133806373551,0
2050,158,11,0.03213348652293398,0
2050,159,2,0.28773364147638286,0
2050,159,4,0.10505811459942513,0
2050,159,5,0.2761329548573835,0
2050,159,6,0.054368162792518784,0
2050,159,8,0.24137292993932544,0
2050,159,14,0.03533419633496427,0
2050,160,2,0.18714911797611333,0
2050,160,5,0.3925723698694703,0
2050,160,8,0.32197617025547687,0
2050,160,14,0.07089383097403185,0
2050,160,16,0.027408510924907745,0
2050,161,2,0.2907600320322403,0
2050,161,4,0.03426216522383947,0
2050,161,5,0.2834543273367156,0
2050,161,6,0.09616955044845783,0
2050,161,8,0.23862934557532728,0
2050,161,14,0.03407422762050116,0
2050,161,15,0.022650351762918335,0
2050,162,2,0.1640219241512842,0
2050,162,4,0.047358365199782246,0
2050,162,5,0.23346286486157414,0
2050,162,6,0.2037595576608215,0
2050,162,8,0.08485252246342637,0
2050,162,13,0.010167835841416867,0
2050,162,14,0.24351085087258434,0
2050,162,16,0.012866078949110505,0
2050,163,2,0.1729086211235658,0
2050,163,5,0.250403914844841,0
2050,163,6,0.07122877592520975,0
2050,163,8,0.042395610148262104,0
2050,163,14,0.08871571589696046,0
2050,163,15,0.08411684524842884,0
2050,163,16,0.2902305168127321,0
2050,164,2,0.08758468794964293,0
2050,164,5,0.29251095111907666,0
2050,164,6,0.02919114160416117,0
2050,164,8,0.18715414727351407,0
2050,164,14,0.10874470090803875,0
2050,164,15,0.08800883651289691,0
2050,164,16,0.20680553463266957,0
2050,165,2,0.2695441584105019,0
2050,165,4,0.04226884788092563,0
2050,165,5,0.2020979213480393,0
2050,165,6,0.20201385781629497,0
2050,165,9,0.2840752145442381,0
2050,166,2,0.2643892634031853,0
2050,166,4,0.10329863548457091,0
2050,166,5,0.31458706696207867,0
2050,166,6,0.033419595579921205,0
2050,166,13,0.056735002547961697,0
2050,166,15,0.040400917667068166,0
2050,166,16,0.18716951835521387,0
2050,167,2,0.18347176890945913,0
2050,167,5,0.3055081951750995,0
2050,167,6,0.06275131295281673,0
2050,167,7,0.08119933212941836,0
2050,167,12,0.2999707687540207,0
2050,167,16,0.06709862207918563,0
2050,168,2,0.17741072925884915,0
2050,168,3,0.12339346565788059,0
2050,168,5,0.18243074357629924,0
2050,168,7,0.19993085402251787,0
2050,168,8,0.1761743684445071,0
2050,168,14,0.14065983903994608,0
2050,169,2,0.20486698089332006,0
2050,169,3,0.048423924023419815,0
2050,169,4,0.11196819449972538,0
2050,169,5,0.26582494731583,0
2050,169,6,0.07191028330809252,0
2050,169,7,0.10956204578575672,0
2050,169,8,0.09430213689643002,0
2050,169,13,0.09314148727742536,0
2050,170,1,0.034384752610818366,0
2050,170,2,0.2116713839019635,0
2050,170,3,0.0359923234984429,0
2050,170,4,0.019350579661084492,0
2050,170,5,0.4009995315122966,0
2050,170,7,0.04977911783433244,0
2050,170,8,0.038066365176549245,0
2050,170,12,0.07246451859946054,0
2050,170,13,0.05752964013121845,0
2050,170,14,0.07976178707383341,0
2050,171,1,0.030170630657655552,0
2050,171,2,0.093567856676601,0
2050,171,3,0.05614792651500836,0
2050,171,5,0.43555064266740356,0
2050,171,8,0.04993901817077274,0
2050,171,9,0.06947864225892622,0
2050,171,10,0.012515083845752166,0
2050,171,12,0.25263019920788055,0
2050,172,1,0.05021651828744743,0
2050,172,5,0.3560336975758977,0
2050,172,8,0.21643697284456473,0
2050,172,12,0.26451964197322325,0
2050,172,14,0.11279316931886688,0
2050,173,1,0.05096264696893733,0
2050,173,2,0.027724777236523918,0
2050,173,5,0.49730497113508954,0
2050,173,8,0.2019695089571,0
2050,173,10,0.06242707763729521,0
2050,173,12,0.10713776776106745,0
2050,173,16,0.0524732503039863,0
2050,174,2,0.19203454806519124,0
2050,174,3,0.03504262486994701,0
2050,174,5,0.3860377709344414,0
2050,174,7,0.1037130976806762,0
2050,174,8,0.11856328949031623,0
2050,174,10,0.021114025436606287,0
2050,174,16,0.14349464352282168,0
2050,175,2,0.3485112931722374,0
2050,175,4,0.06505199008983342,0
2050,175,5,0.30691893309794044,0
2050,175,6,0.10716144499927795,0
2050,175,9,0.01999145580086483,0
2050,175,12,0.012913611492667872,0
2050,175,13,0.1394512713471781,0
2050,176,1,0.03246626876011609,0
2050,176,2,0.21032427225305333,0
2050,176,5,0.2086194749025032,0
2050,176,6,0.31973934136456944,0
2050,176,12,0.20032378942011808,0
2050,176,13,0.02852685329963995,0
2050,177,1,0.05481167773872568,0
2050,177,2,0.10007809889906016,0
2050,177,3,0.08170892896106459,0
2050,177,5,0.25445637919975594,0
2050,177,6,0.15281316862651415,0
2050,177,8,0.03823457067480356,0
2050,177,12,0.23934526430499,0
2050,177,14,0.07855191159508593,0
2050,178,1,0.03035439557522704,0
2050,178,2,0.03399715624270963,0
2050,178,3,0.08884989412693983,0
2050,178,5,0.46315298881826217,0
2050,178,6,0.04153999916131733,0
2050,178,8,0.13826228930483567,0
2050,178,12,0.13900001321943875,0
2050,178,14,0.06484326355126968,0
2050,179,2,0.10424358779256407,0
2050,179,3,0.16480440669779778,0
2050,179,5,0.3881929669401681,0
2050,179,8,0.06907123217031982,0
2050,179,12,0.0771273037866955,0
2050,179,14,0.17049006653496243,0
2050,179,16,0.026070436077492327,0
2050,180,1,0.04101237262456673,0
2050,180,2,0.140407463228353,0
2050,180,3,0.027834395118350435,0
2050,180,5,0.3518902353506336,0
2050,180,6,0.10354924440393322,0
2050,180,9,0.017809644076799535,0
2050,180,12,0.24576446893634546,0
2050,180,14,0.0717321762610181,0
2050,181,2,0.13779690479122944,0
2050,181,5,0.291443120173316,0
2050,181,6,0.05716620246604788,0
2050,181,12,0.29769099771899044,0
2050,181,14,0.21590277485041623,0
2050,182,2,0.16820228698066372,0
2050,182,5,0.4036973630447181,0
2050,182,8,0.13032577624586064,0
2050,182,14,0.23207180124382296,0
2050,182,15,0.044924872869833134,0
2050,182,16,0.020777899615101552,0
2050,183,1,0.03926220051256812,0
2050,183,2,0.24176180408070125,0
2050,183,5,0.4697087962223522,0
2050,183,12,0.013298625027321362,0
2050,183,13,0.024853594175507043,0
2050,183,14,0.1392282293653805,0
2050,183,15,0.07188675061616973,0
2050,184,2,0.16542782239493814,0
2050,184,5,0.24222478696709354,0
2050,184,6,0.18533913583107903,0
2050,184,12,0.15754333930096287,0
2050,184,14,0.08105672818189363,0
2050,184,15,0.16840818732403276,0
2050,185,2,0.08434274919182852,0
2050,185,5,0.2730403220960782,0
2050,185,6,0.14725762826752326,0
2050,185,8,0.18002331466307,0
2050,185,12,0.014425203144901817,0
2050,185,14,0.19368565124346285,0
2050,185,15,0.08859093995899786,0
2050,185,16,0.018634191434137547,0
2050,186,1,0.014230634586871689,0
2050,186,2,0.06212868227422091,0
2050,186,5,0.4292298724087319,0
2050,186,6,0.012735030395807336,0
2050,186,8,0.04218456250157734,0
2050,186,9,0.11582080325394462,0
2050,186,12,0.055475669443588956,0
2050,186,14,0.18483425415418106,0
2050,186,15,0.03130801947794062,0
2050,186,16,0.052052471503135585,0
2050,187,2,0.28566965347506085,0
2050,187,4,0.17967125899948452,0
2050,187,5,0.3520140988337123,0
2050,187,6,0.09059473845210117,0
2050,187,13,0.0,0
2050,187,14,0.09205025023964118,0
2050,188,2,0.3228962559164628,0
2050,188,4,0.2117906621313484,0
2050,188,5,0.20780814880450776,0
2050,188,6,0.12164854246486405,0
2050,188,13,0.0,0
2050,188,14,0.13585639068281707,0
2050,189,2,0.16909709674380946,0
2050,189,4,0.12645230546923308,0
2050,189,5,0.28350560216729775,0
2050,189,7,0.34983778602406895,0
2050,189,8,0.0711072095955908,0
2050,190,2,0.23039716543880323,0
2050,190,4,0.21062615861302128,0
2050,190,5,0.26814751654181473,0
2050,190,6,0.026341769660502366,0
2050,190,7,0.11968552453944974,0
2050,190,13,0.09752420824987788,0
2050,190,16,0.047277656956530634,0
2050,191,2,0.13246455591008505,0
2050,191,4,0.09067428313296237,0
2050,191,5,0.19965179915744072,0
2050,191,6,0.16459271452949956,0
2050,191,7,0.10968281773692906,0
2050,191,12,0.09035205671674883,0
2050,191,13,0.21258177281633436,0
2050,192,2,0.10331011215007843,0
2050,192,4,0.08543091827628545,0
2050,192,5,0.3706980579400745,0
2050,192,6,0.19491292240883892,0
2050,192,12,0.11106807557419812,0
2050,192,14,0.13457991365052457,0
2050,193,2,0.025339299440946563,0
2050,193,4,0.03170608646116388,0
2050,193,5,0.49438283289588664,0
2050,193,6,0.055102964631819976,0
2050,193,8,0.08057776364522905,0
2050,193,14,0.26519828150526736,0
2050,193,15,0.04769277141968663,0
2050,194,3,0.07388255173908945,0
2050,194,5,0.7145639191031278,0
2050,194,8,0.025533394402325865,0
2050,194,10,0.016523237522206507,0
2050,194,14,0.16949689723325054,0
2050,195,5,1.0,0
2050,196,2,0.07413594496760728,0
2050,196,5,0.6812052168125631,0
2050,196,6,0.042382589318148346,0
2050,196,9,0.16266944592487645,0
2050,196,13,0.03960680297680485,0
2050,197,2,0.11652094363574714,0
2050,197,5,0.3163802209907699,0
2050,197,6,0.13533907842784532,0
2050,197,9,0.09200386366548093,0
2050,197,12,0.17451200933830907,0
2050,197,14,0.16524388394184758,0
2050,198,2,0.08703543439632937,0
2050,198,4,0.13824327464298197,0
2050,198,5,0.2641574884648606,0
2050,198,6,0.07187388963944429,0
2050,198,8,0.16979720981572372,0
2050,198,14,0.26889270304066004,0
2050,199,2,0.20123872958600617,0
2050,199,4,0.13745147069486985,0
2050,199,5,0.3290064224993837,0
2050,199,6,0.12984282595538021,0
2050,199,11,0.02388250912094489,0
2050,199,12,0.031127178776559822,0
2050,199,13,0.02594725162709308,0
2050,199,14,0.12150361173976229,0
2050,200,2,0.10101478185513607,0
2050,200,4,0.1137166077009153,0
2050,200,5,0.293297118823204,0
2050,200,6,0.07520832876576543,0
2050,200,8,0.05449224073273897,0
2050,200,12,0.03829021833620524,0
2050,200,14,0.07840709116042821,0
2050,200,16,0.24557361262560676,0
2050,201,2,0.09206592289035213,0
2050,201,3,0.02395896219890905,0
2050,201,4,0.08729334865331605,0
2050,201,5,0.34624842215959917,0
2050,201,6,0.08774159336205131,0
2050,201,12,0.18305652544576748,0
2050,201,13,0.04002302178695139,0
2050,201,14,0.13961220350305348,0
2050,202,2,0.13456634916858476,0
2050,202,4,0.08738446447194034,0
2050,202,5,0.38139114145399505,0
2050,202,6,0.037923909775454734,0
2050,202,7,0.02310523832827937,0
2050,202,8,0.08249528184589638,0
2050,202,13,0.0751073033041187,0
2050,202,14,0.17802631165173058,0
2050,203,2,0.2117682244790334,0
2050,203,4,0.055768264432254834,0
2050,203,5,0.37020594456579586,0
2050,203,6,0.17894937891855378,0
2050,203,10,0.06966256834459116,0
2050,203,12,0.0972661517796462,0
2050,203,14,0.016379467480124647,0
2050,204,2,0.10738886790940154,0
2050,204,4,0.071077908376325,0
2050,204,5,0.3621572438693472,0
2050,204,6,0.18262935883204104,0
2050,204,9,0.21389463846116236,0
2050,204,12,0.0628519825517229,0
2050,205,2,0.10725407066099092,0
2050,205,4,0.03375525971563558,0
2050,205,5,0.21373481426044216,0
2050,205,6,0.12025327764586011,0
2050,205,9,0.10607723893995476,0
2050,205,10,0.048236348536825395,0
2050,205,12,0.07523528261079143,0
2050,205,14,0.04872472642118587,0
2050,205,16,0.24672898120831377,0
2050,206,2,0.06423376190257847,0
2050,206,4,0.23271383245253335,0
2050,206,5,0.47694579352715843,0
2050,206,7,0.14908162703132374,0
2050,206,8,0.05739135327571591,0
2050,206,9,0.019633631810690052,0
2050,207,2,0.19790340045911511,0
2050,207,4,0.2865832715137222,0
2050,207,5,0.12641677318905414,0
2050,207,6,0.13300510402826918,0
2050,207,7,0.05933518806567623,0
2050,207,12,0.062240454505428706,0
2050,207,13,0.10854586466605382,0
2050,207,16,0.025969943572680638,0
2050,208,4,0.2636631230222104,0
2050,208,5,0.3770108451334464,0
2050,208,7,0.05587632746418076,0
2050,208,8,0.2550254267466814,0
2050,208,15,0.0484242776334811,0
2050,209,4,0.09844026790923403,0
2050,209,5,0.4551929951728865,0
2050,209,7,0.19437137347366817,0
2050,209,8,0.2247260625869697,0
2050,209,14,0.027269300857241455,0
2050,210,2,0.07600544150113098,0
2050,210,4,0.14542356790363134,0
2050,210,5,0.3277684517712243,0
2050,210,7,0.16267071634075403,0
2050,210,8,0.1350193739034743,0
2050,210,13,0.12456109182717286,0
2050,210,14,0.028551356752612136,0
2050,211,1,0.03801140090429792,0
2050,211,2,0.0820337137844777,0
2050,211,4,0.14667654922158535,0
2050,211,5,0.24656214642897736,0
2050,211,6,0.059994798576903034,0
2050,211,7,0.038189139674676895,0
2050,211,8,0.06093277932959793,0
2050,211,10,0.010241032186179989,0
2050,211,12,0.0723332251182162,0
2050,211,13,0.15766303946570057,0
2050,211,16,0.08736217530938717,0
2050,212,2,0.09735656929920883,0
2050,212,4,0.0686632951253254,0
2050,212,5,0.18024829581832205,0
2050,212,6,0.12011109352565917,0
2050,212,7,0.08992644297699096,0
2050,212,10,0.04437380214548842,0
2050,212,12,0.34952205952626275,0
2050,212,13,0.036381155858638985,0
2050,212,16,0.013417285724103377,0
2050,213,1,0.042259156425484876,0
2050,213,3,0.03991547913391198,0
2050,213,5,0.3813693431302788,0
2050,213,6,0.2463843081613121,0
2050,213,8,0.020558225027787758,0
2050,213,12,0.17084900071818315,0
2050,213,13,0.0658798401546516,0
2050,213,16,0.03278464724838969,0
2050,214,1,0.028669818175964205,0
2050,214,5,0.2523627409860385,0
2050,214,6,0.23954826381200645,0
2050,214,12,0.40879760551536576,0
2050,214,14,0.07062157151062508,0
2050,215,3,0.025607733087805885,0
2050,215,4,0.04039859317808519,0
2050,215,5,0.26678687870301176,0
2050,215,6,0.0854867580429762,0
2050,215,8,0.19608744201500872,0
2050,215,12,0.06138353432145781,0
2050,215,13,0.029936715492851592,0
2050,215,14,0.2221611083605182,0
2050,215,15,0.07215123679828472,0
2050,216,4,0.06756258577011366,0
2050,216,5,0.3026875323733143,0
2050,216,6,0.1101659535147505,0
2050,216,7,0.06406089264763598,0
2050,216,8,0.12113797715471003,0
2050,216,12,0.164311082698077,0
2050,216,14,0.1700739758413985,0
2050,217,2,0.07031239454055445,0
2050,217,4,0.02565915992164511,0
2050,217,5,0.3229051145414324,0
2050,217,6,0.20750419981845247,0
2050,217,8,0.01085385890322609,0
2050,217,12,0.14834931795632372,0
2050,217,13,0.02245698637598423,0
2050,217,14,0.0946764389222996,0
2050,217,16,0.09728252902008189,0
2050,218,1,0.12606028415869236,0
2050,218,5,0.38084726148974346,0
2050,218,6,0.14122949798577056,0
2050,218,8,0.04981589594842908,0
2050,218,12,0.1029727369186616,0
2050,218,13,0.03431754475740109,0
2050,218,14,0.11349085461567932,0
2050,218,16,0.0512659241256226,0
2050,219,1,0.09169769396725246,0
2050,219,5,0.431031689930542,0
2050,219,6,0.19238375067311636,0
2050,219,9,0.11843583404366562,0
2050,219,10,0.130130924034643,0
2050,219,12,0.03632010735078048,0
2050,220,3,0.06997217369022364,0
2050,220,5,0.4077313465527181,0
2050,220,6,0.18987125215712797,0
2050,220,10,0.020859598031663464,0
2050,220,11,0.052400211084368625,0
2050,220,12,0.2374912089432482,0
2050,220,14,0.02167420954065008,0
2050,221,3,0.12180004136554023,0
2050,221,5,0.37747681761985524,0
2050,221,6,0.07475279769115827,0
2050,221,8,0.015121558322617294,0
2050,221,11,0.05183712429962756,0
2050,221,12,0.2736563057682463,0
2050,221,14,0.08535535493295507,0
2050,222,1,0.03626138556796558,0
2050,222,3,0.05389428709325842,0
2050,222,5,0.4197796295424213,0
2050,222,6,0.03565410501029538,0
2050,222,9,0.011872667128193189,0
2050,222,12,0.3037222191000074,0
2050,222,14,0.12277365319576954,0
2050,222,16,0.016042053362089293,0
2050,223,5,0.39382927676483165,0
2050,223,6,0.07330348128848076,0
2050,223,9,0.1354801659100436,0
2050,223,12,0.26366855812325374,0
2050,223,14,0.05197366114467959,0
2050,223,16,0.08174485676871072,0
2050,224,5,0.43015215416236463,0
2050,224,6,0.06041854937615552,0
2050,224,12,0.18438146982605702,0
2050,224,14,0.19405234446495095,0
2050,224,15,0.05574986201169136,0
2050,224,16,0.07524562015878049,0
2050,225,2,0.02636550739049126,0
2050,225,4,0.10949074536222421,0
2050,225,5,0.2961152858779527,0
2050,225,6,0.06634214511678149,0
2050,225,8,0.10834341188094404,0
2050,225,13,0.06726093388497359,0
2050,225,14,0.08550032664503368,0
2050,225,15,0.19768531994180225,0
2050,225,16,0.04289632389979687,0
2050,226,2,0.06422019684810062,0
2050,226,4,0.0970130493086645,0
2050,226,5,0.3685307906037421,0
2050,226,7,0.06076131962060175,0
2050,226,9,0.08233723871776559,0
2050,226,11,0.1417472181448217,0
2050,226,12,0.05346535762588538,0
2050,226,13,0.08367931769043703,0
2050,226,15,0.04824551143998125,0
2050,227,2,0.04848569381606233,0
2050,227,4,0.0760464731518597,0
2050,227,5,0.2792994882562577,0
2050,227,6,0.1166474809529171,0
2050,227,9,0.2670010467632806,0
2050,227,12,0.16378858136559574,0
2050,227,13,0.02212200573575253,0
2050,227,14,0.026609229958274278,0
2050,228,2,0.06908995416484323,0
2050,228,4,0.08107295458491644,0
2050,228,5,0.23758627083638253,0
2050,228,6,0.15775149956914727,0
2050,228,9,0.31300964494425,0
2050,228,13,0.06901915638252049,0
2050,228,16,0.0724705195179401,0
2050,229,2,0.09193020640945744,0
2050,229,4,0.14990742394086248,0
2050,229,5,0.3303210431736089,0
2050,229,9,0.021851016279568952,0
2050,229,13,0.40599031019650217,0
2050,230,2,0.10732813818246487,0
2050,230,4,0.09083734784300804,0
2050,230,5,0.418306031555466,0
2050,230,7,0.05309810101494155,0
2050,230,9,0.013824438834460287,0
2050,230,13,0.3166059425696594,0
2050,231,2,0.03207139105901154,0
2050,231,5,0.3747495012437211,0
2050,231,6,0.027401006953538587,0
2050,231,7,0.09808953653420763,0
2050,231,9,0.12950175618132265,0
2050,231,12,0.23000632545458263,0
2050,231,13,0.10818048257361587,0
2050,232,3,0.15539641727720552,0
2050,232,5,0.3170501944475088,0
2050,232,6,0.05145746186655059,0
2050,232,7,0.017328716421789743,0
2050,232,8,0.01390247810311829,0
2050,232,10,0.09131949872191215,0
2050,232,12,0.20458379889356995,0
2050,232,13,0.10064320891979167,0
2050,232,14,0.04831822534855309,0
2050,233,3,0.19060976934592505,0
2050,233,5,0.26600734165044926,0
2050,233,6,0.062392023847679216,0
2050,233,8,0.06349392489542206,0
2050,233,11,0.09070878794355779,0
2050,233,12,0.15858529168822127,0
2050,233,13,0.050086515434754016,0
2050,233,14,0.11811634519399128,0
2050,234,1,0.04488027959017212,0
2050,234,3,0.04646761382225643,0
2050,234,5,0.34497265854571024,0
2050,234,6,0.11572384836500728,0
2050,234,8,0.06070102287172482,0
2050,234,13,0.1582557152772751,0
2050,234,14,0.22899886152785398,0
2050,235,2,0.03704337457872626,0
2050,235,4,0.15986214079854363,0
2050,235,5,0.38414665713554663,0
2050,235,7,0.1492457312145641,0
2050,235,8,0.06136542477490449,0
2050,235,11,0.05512894552256557,0
2050,235,13,0.031047830456153367,0
2050,235,14,0.07026962177657525,0
2050,235,15,0.05189027374242075,0
2050,236,2,0.13121980472650402,0
2050,236,3,0.06988421880859863,0
2050,236,4,0.19543268212393475,0
2050,236,5,0.29615387502459994,0
2050,236,6,0.05182659850297241,0
2050,236,7,0.15756367829528287,0
2050,236,16,0.09791914251810725,0
2050,237,2,0.14951619390809004,0
2050,237,4,0.2509380196157746,0
2050,237,5,0.2976371497789998,0
2050,237,7,0.20527977533019087,0
2050,237,13,0.05100217964273783,0
2050,237,14,0.04562668172420689,0
2050,238,2,0.15552977038560606,0
2050,238,4,0.15893309205665343,0
2050,238,5,0.22111856362805082,0
2050,238,7,0.1229018329381945,0
2050,238,8,0.03718025945679126,0
2050,238,14,0.30433648153470394,0
2050,239,2,0.10892612962552888,0
2050,239,4,0.2654753772696291,0
2050,239,5,0.24558832706187314,0
2050,239,7,0.0340423780920133,0
2050,239,13,0.10082101398887576,0
2050,239,14,0.14276706871313474,0
2050,239,15,0.1023797052489452,0
2050,240,2,0.11427607508730621,0
2050,240,4,0.18014442849410653,0
2050,240,5,0.032484713136157355,0
2050,240,6,0.2315358460490471,0
2050,240,12,0.21390211313443847,0
2050,240,13,0.08586893652020954,0
2050,240,14,0.1183044905840183,0
2050,240,16,0.023483396994716563,0
2050,241,2,0.12057974072368728,0
2050,241,4,0.08474087427059739,0
2050,241,5,0.021919653394598882,0
2050,241,6,0.30897458579884124,0
2050,241,12,0.23680720662414925,0
2050,241,14,0.09647239504105391,0
2050,241,16,0.13050554414707205,0
2050,242,1,0.036490902543837536,0
2050,242,5,0.25778887202665013,0
2050,242,6,0.13778773034818143,0
2050,242,9,0.06139016249646712,0
2050,242,14,0.15463549916907238,0
2050,242,16,0.3519068334157914,0
2050,243,1,0.039203264432058814,0
2050,243,5,0.2698121871633816,0
2050,243,6,0.020003578738034707,0
2050,243,7,0.020684231313985262,0
2050,243,8,0.07491950484477461,0
2050,243,10,0.0906121756412218,0
2050,243,13,0.0922119698328729,0
2050,243,14,0.16230516741289594,0
2050,243,15,0.02773600045128631,0
2050,243,16,0.20251192016948796,0
2050,244,2,0.11427347587049229,0
2050,244,4,0.10007673371533043,0
2050,244,5,0.2292460417726709,0
2050,244,7,0.15208902890026008,0
2050,244,10,0.13004974039117728,0
2050,244,13,0.1531387112444599,0
2050,244,14,0.07054164363654176,0
2050,244,16,0.0505846244690673,0
2050,245,2,0.1829825301657578,0
2050,245,4,0.1107999133574681,0
2050,245,5,0.16596854992107826,0
2050,245,7,0.10755681970506277,0
2050,245,9,0.07880009133849825,0
2050,245,11,0.08695408939786857,0
2050,245,13,0.1838922855542453,0
2050,245,16,0.08304572056002094,0
2050,246,2,0.04914650641792295,0
2050,246,3,0.03626587506621727,0
2050,246,5,0.10177045977554462,0
2050,246,7,0.02841526271529919,0
2050,246,8,0.03636022959745186,0
2050,246,9,0.03610299616990728,0
2050,246,11,0.19919764100814769,0
2050,246,12,0.13823210798273958,0
2050,246,13,0.030170056445279377,0
2050,246,14,0.3443388648214901,0
2050,247,1,0.018036723957308282,0
2050,247,5,0.155530940851384,0
2050,247,7,0.0977167653040504,0
2050,247,8,0.10390691454121886,0
2050,247,10,0.03621743005482893,0
2050,247,11,0.1281520257547593,0
2050,247,14,0.4604391995364503,0
2050,248,2,0.0108913211715481,0
2050,248,4,0.1695176196368837,0
2050,248,5,0.16323098840858136,0
2050,248,7,0.13457872045846755,0
2050,248,8,0.08574864821994208,0
2050,248,13,0.30412613297780394,0
2050,248,14,0.13190656912677334,0
2050,249,1,0.01769179313175323,0
2050,249,4,0.018262250127541298,0
2050,249,5,0.2683860635658115,0
2050,249,7,0.27866990995517027,0
2050,249,13,0.40019304040853004,0
2050,249,16,0.016796942811193684,0
2050,250,1,0.021943570603024872,0
2050,250,2,0.07372477062776153,0
2050,250,4,0.15560558728485624,0
2050,250,5,0.28470893074512676,0
2050,250,6,0.08859487492316333,0
2050,250,7,0.03700600322820554,0
2050,250,13,0.20399336120164108,0
2050,250,15,0.02188515565049541,0
2050,250,16,0.11253774573572517,0
2050,251,2,0.13553430920850537,0
2050,251,4,0.10179201261650214,0
2050,251,5,0.17566595941031055,0
2050,251,6,0.22013378794579028,0
2050,251,9,0.08132950751862648,0
2050,251,12,0.09475626169466454,0
2050,251,13,0.05850759873380805,0
2050,251,16,0.13228056287179266,0
2050,252,2,0.01670356141490202,0
2050,252,5,0.22639457177919642,0
2050,252,6,0.06930603160745827,0
2050,252,7,0.04792547181529356,0
2050,252,8,0.027866411206085587,0
2050,252,10,0.0398356061881351,0
2050,252,12,0.3007567331100651,0
2050,252,14,0.19199303398461218,0
2050,252,16,0.07921857889425173,0
2050,253,1,0.07265248530464412,0
2050,253,3,0.19965054504640994,0
2050,253,5,0.22964906336194968,0
2050,253,6,0.015695986638588524,0
2050,253,7,0.1588498423797278,0
2050,253,8,0.08347864265299229,0
2050,253,12,0.12420884452414618,0
2050,253,14,0.11581459009154156,0
2050,254,4,0.09189457532041546,0
2050,254,5,0.15944740942444607,0
2050,254,6,0.04108742636111058,0
2050,254,7,0.11478233320795828,0
2050,254,12,0.20903312578869035,0
2050,254,13,0.28963286140043687,0
2050,254,14,0.09412226849694234,0
2050,255,2,0.014653773436716916,0
2050,255,4,0.2334523030079651,0
2050,255,5,0.12548820171205527,0
2050,255,6,0.15709375407523954,0
2050,255,7,0.08546928638912227,0
2050,255,13,0.29755656601832675,0
2050,255,14,0.08628611536057426,0
2050,256,2,0.02559545831831867,0
2050,256,3,0.02606371927406398,0
2050,256,4,0.1600672995674914,0
2050,256,5,0.194526782436847,0
2050,256,6,0.2052100722618728,0
2050,256,7,0.094555054090906,0
2050,256,9,0.04920381080698215,0
2050,256,11,0.06780787921645648,0
2050,256,13,0.06054367593268155,0
2050,256,16,0.11642624809438003,0
2050,257,2,0.05203071045722671,0
2050,257,4,0.24571979303980954,0
2050,257,6,0.11357204403375808,0
2050,257,7,0.28322102563142126,0
2050,257,13,0.14554025104428278,0
2050,257,16,0.15991617579350156,0
2050,258,2,0.09145873428712008,0
2050,258,4,0.24504452513179398,0
2050,258,5,0.13021229389069805,0
2050,258,7,0.26622171952661255,0
2050,258,11,0.06894646827270891,0
2050,258,13,0.05692758110539708,0
2050,258,15,0.04644783604253908,0
2050,258,16,0.09474084174313017,0
2050,259,3,0.07531721516480212,0
2050,259,4,0.05484989318439422,0
2050,259,5,0.3099909409616908,0
2050,259,7,0.32624675120882857,0
2050,259,9,0.043457503432975685,0
2050,259,10,0.029047123735937635,0
2050,259,14,0.014628447195369057,0
2050,259,15,0.02060645417311411,0
2050,259,16,0.12585567094288785,0
2050,260,2,0.02931887009425992,0
2050,260,3,0.012600387646622748,0
2050,260,4,0.21207981361000017,0
2050,260,5,0.1474458250920054,0
2050,260,7,0.254200814185449,0
2050,260,13,0.17009287236938764,0
2050,260,15,0.03912529023035427,0
2050,260,16,0.1351361267719209,0
2050,261,2,0.07415961108048513,0
2050,261,4,0.2933074186102721,0
2050,261,5,0.12518335499273653,0
2050,261,6,0.24374202885317442,0
2050,261,11,0.04358749942462738,0
2050,261,13,0.14774620246336606,0
2050,261,16,0.07227388457533845,0
2050,262,2,0.0493747216188256,0
2050,262,4,0.17006793679822477,0
2050,262,5,0.041113175392050186,0
2050,262,6,0.20358403440371467,0
2050,262,10,0.08124627423293969,0
2050,262,12,0.03932180665871426,0
2050,262,13,0.07692381065591565,0
2050,262,15,0.06315988442291438,0
2050,262,16,0.2752083558167009,0
2050,263,3,0.14308341124877488,0
2050,263,5,0.057820498113522904,0
2050,263,7,0.13217971398733577,0
2050,263,12,0.26321693840212457,0
2050,263,14,0.02530431496309502,0
2050,263,16,0.3783951232851469,0
2050,264,3,0.14116358367153886,0
2050,264,5,0.09686830414780644,0
2050,264,7,0.05838798562118372,0
2050,264,9,0.11088397783373673,0
2050,264,10,0.06414109656928729,0
2050,264,12,0.03910180156269116,0
2050,264,13,0.03409373149144485,0
2050,264,14,0.24715507842457887,0
2050,264,16,0.2082044406777322,0
2050,265,4,0.07587818941946813,0
2050,265,5,0.24657051481738296,0
2050,265,6,0.05807377470661584,0
2050,265,7,0.21060850219946692,0
2050,265,9,0.11704055681039886,0
2050,265,11,0.09845257499172404,0
2050,265,12,0.14654879622502712,0
2050,265,16,0.046827090829916276,0
2050,266,4,0.08923434976833369,0
2050,266,5,0.09977130855509508,0
2050,266,6,0.013507449198230416,0
2050,266,7,0.20751665276757963,0
2050,266,10,0.195353973921193,0
2050,266,12,0.22487429461684605,0
2050,266,14,0.024180679572259514,0
2050,266,16,0.1455612916004627,0
2050,267,3,0.1876144228534735,0
2050,267,4,0.10855851873314888,0
2050,267,5,0.08270830195391708,0
2050,267,7,0.16324551935476922,0
2050,267,8,0.13190977962435282,0
2050,267,10,0.02896924269115666,0
2050,267,12,0.1173574073978967,0
2050,267,13,0.020182229339303474,0
2050,267,14,0.06989677244098777,0
2050,267,16,0.08955780561099384,0
2050,268,3,0.04833996943095728,0
2050,268,4,0.06936726699588631,0
2050,268,5,0.07965120585846767,0
2050,268,7,0.04816332727227235,0
2050,268,11,0.04169533870214274,0
2050,268,12,0.2028212571291085,0
2050,268,13,0.17670920969127885,0
2050,268,16,0.3332524249198862,0
2050,269,3,0.03279186482109855,0
2050,269,4,0.028216280349701004,0
2050,269,7,0.14491930641451842,0
2050,269,10,0.0237103657903414,0
2050,269,12,0.45355612498047826,0
2050,269,13,0.02520674134881042,0
2050,269,16,0.29159931629505204,0
2050,270,3,0.06387825819250015,0
2050,270,4,0.07447570922199849,0
2050,270,6,0.059321243852560365,0
2050,270,7,0.2290185105733891,0
2050,270,10,0.1596629612916427,0
2050,270,12,0.23423032834880297,0
2050,270,16,0.17941298851910625,0
2050,271,3,0.14298205827364935,0
2050,271,4,0.013031967374460555,0
2050,271,6,0.24215072919089037,0
2050,271,7,0.26027309791423137,0
2050,271,8,0.025546134531489084,0
2050,271,10,0.24481328816277376,0
2050,271,12,0.013841620431436674,0
2050,271,16,0.057361104121068936,0
2050,272,3,0.167350401371488,0
2050,272,5,0.09916715446155691,0
2050,272,6,0.061781646765735596,0
2050,272,7,0.31616156091153585,0
2050,272,8,0.06053928744169458,0
2050,272,16,0.29499994904798915,0
2050,273,3,0.0551611294655335,0
2050,273,5,0.1616133049580415,0
2050,273,6,0.26213143463724575,0
2050,273,7,0.2688959727675977,0
2050,273,8,0.09650492919105538,0
2050,273,16,0.1556932289805263,0
2050,274,2,0.06676013081125404,0
2050,274,4,0.14020550714361374,0
2050,274,5,0.08738237996084008,0
2050,274,6,0.38184591257615486,0
2050,274,7,0.11567543182183265,0
2050,274,13,0.09986984291191685,0
2050,274,16,0.10826079477438753,0
2050,275,2,0.1226179358653025,0
2050,275,4,0.15787203896856133,0
2050,275,6,0.39341915495143576,0
2050,275,13,0.06559814837088816,0
2050,275,16,0.26049272184381234,0
2050,276,16,1.0,0
2050,277,3,0.09779739928210288,0
2050,277,10,0.27261156763135347,0
2050,277,11,0.18650864009229687,0
2050,277,12,0.06194611770427534,0
2050,277,15,0.10231867682036384,0
2050,277,16,0.2788175984696077,0
2050,278,3,0.025014143897145465,0
2050,278,4,0.12832863004639644,0
2050,278,5,0.02905511442478361,0
2050,278,8,0.12115262949876553,0
2050,278,9,0.13335431110518453,0
2050,278,11,0.18922507065839772,0
2050,278,14,0.15706101669024622,0
2050,278,15,0.21680908367908044,0
2050,279,2,0.12840663376271097,0
2050,279,4,0.27637202984061726,0
2050,279,7,0.18626074749503016,0
2050,279,9,0.27650029532087733,0
2050,279,12,0.08537751440634028,0
2050,279,13,0.04708277917442401,0
2050,280,4,0.1132994227651611,0
2050,280,5,0.09724533794672643,0
2050,280,7,0.22759886055183257,0
2050,280,8,0.03366418762992876,0
2050,280,12,0.10176284132090833,0
2050,280,13,0.4264293497854427,0
2050,281,2,0.034690076604205054,0
2050,281,5,0.05367100185366354,0
2050,281,6,0.031540680394454776,0
2050,281,7,0.027479315256383703,0
2050,281,11,0.1537970076383529,0
2050,281,12,0.5191415399684027,0
2050,281,13,0.17968037828453717,0
2050,282,12,1.0,0
2050,283,3,0.2017148018270049,0
2050,283,7,0.12787679046010939,0
2050,283,8,0.11585998641437538,0
2050,283,10,0.4082177832311902,0
2050,283,12,0.12350059949357708,0
2050,283,16,0.02283003857374304,0
2050,284,3,0.23620289968206734,0
2050,284,5,0.05954074324740624,0
2050,284,7,0.21717150301087546,0
2050,284,8,0.12679618598965461,0
2050,284,10,0.03961026918027708,0
2050,284,13,0.17217974779906425,0
2050,284,16,0.148498651090655,0
2050,285,2,0.031487102151175665,0
2050,285,3,0.03277575244309496,0
2050,285,5,0.05997577110435192,0
2050,285,6,0.04927741842981589,0
2050,285,7,0.10706550087454246,0
2050,285,8,0.017178970767374725,0
2050,285,9,0.10156398067344875,0
2050,285,11,0.2638978843002982,0
2050,285,12,0.20570222282986095,0
2050,285,13,0.1310753964260365,0
2050,286,2,0.012183646541827102,0
2050,286,7,0.15130051915688722,0
2050,286,8,0.14382370235467798,0
2050,286,9,0.02859361692228554,0
2050,286,10,0.22450910466452795,0
2050,286,11,0.10180640508203521,0
2050,286,13,0.33778300527775906,0
2050,287,2,0.07896665887921774,0
2050,287,3,0.07609056789267614,0
2050,287,7,0.19175619023203277,0
2050,287,8,0.05549084569576401,0
2050,287,10,0.15329397272317563,0
2050,287,12,0.16081834171541676,0
2050,287,13,0.24694198320311755,0
2050,287,16,0.03664143965859931,0
2050,288,2,0.05046335081574156,0
2050,288,3,0.11207737427900298,0
2050,288,4,0.014074503538654741,0
2050,288,7,0.09969229811012757,0
2050,288,13,0.63926180926677,0
2050,288,16,0.08443066398970318,0
2050,289,13,1.0,0
2050,290,11,1.0,0
2050,291,9,1.0,0
2050,292,10,1.0,0
2050,293,3,0.07213863063690794,0
2050,293,5,0.05623966119290903,0
2050,293,6,0.01033176909113978,0
2050,293,7,0.12192709795772894,0
2050,293,10,0.45634550901889737,0
2050,293,11,0.21290526957571151,0
2050,293,12,0.07011206252670553,0
2050,294,2,0.019160065579932276,0
2050,294,3,0.0972323299733482,0
2050,294,4,0.07757758677158129,0
2050,294,7,0.1444065381155047,0
2050,294,8,0.13172882472191716,0
2050,294,11,0.16570775341249183,0
2050,294,12,0.26001837882837153,0
2050,294,13,0.026651812800435867,0
2050,294,14,0.07751670979641707,0
2050,295,2,0.1587553373524114,0
2050,295,3,0.24534132384440813,0
2050,295,4,0.30483913151910663,0
2050,295,6,0.05743856790232281,0
2050,295,8,0.03456710588273824,0
2050,295,13,0.19905853349901279,0
2050,296,2,0.10920292931347743,0
2050,296,3,0.12115192937274885,0
2050,296,4,0.14325674187347281,0
2050,296,6,0.2502999745505261,0
2050,296,12,0.01826111146625748,0
2050,296,13,0.35782731342351737,0
2050,297,2,0.032355815175933576,0
2050,297,3,0.15026273835971912,0
2050,297,4,0.08082208056189762,0
2050,297,6,0.03932779109450513,0
2050,297,8,0.13085339950430033,0
2050,297,11,0.01953515875651541,0
2050,297,12,0.11412472351649222,0
2050,297,13,0.23895571503739307,0
2050,297,14,0.19376257799324356,0
2050,298,2,0.14894010803196261,0
2050,298,4,0.2701812234213338,0
2050,298,6,0.1478403466810307,0
2050,298,9,0.09302179548976917,0
2050,298,11,0.15454315517172904,0
2050,298,12,0.18547337120417468,0
2050,298,13,0.0,0
2050,299,2,0.10183935813720761,0
2050,299,3,0.0676281431882011,0
2050,299,4,0.2396843636508314,0
2050,299,6,0.06403263548433971,0
2050,299,8,0.06053278216092102,0
2050,299,12,0.2156036187705807,0
2050,299,13,0.03787468065472082,0
2050,299,14,0.13048244365422354,0
2050,299,16,0.08232197429897416,0
2050,300,2,0.14251793970093796,0
2050,300,3,0.061035726292331706,0
2050,300,4,0.1303779665045059,0
2050,300,5,0.06061678230203556,0
2050,300,6,0.033520296735410036,0
2050,300,7,0.09389754843261984,0
2050,300,11,0.1424975224989039,0
2050,300,12,0.11176258278633028,0
2050,300,14,0.12835405960873827,0
2050,300,15,0.010216931941881686,0
2050,300,16,0.08520264319630491,0
2050,301,2,0.13288560650175324,0
2050,301,3,0.05699097112416787,0
2050,301,4,0.054343422993265195,0
2050,301,5,0.013907396750448088,0
2050,301,7,0.23971837573691343,0
2050,301,9,0.08119607296677372,0
2050,301,11,0.22652564067892836,0
2050,301,12,0.10545826816347037,0
2050,301,13,0.022795897267553305,0
2050,301,14,0.06617834781672642,0
2050,302,3,0.20708316541409796,0
2050,302,4,0.020283899886851232,0
2050,302,6,0.01927080334966013,0
2050,302,7,0.034885733918031216,0
2050,302,10,0.07195528469114809,0
2050,302,12,0.10139981651280162,0
2050,302,13,0.19898131335753344,0
2050,302,14,0.27480748687707124,0
2050,302,16,0.07133249599280507,0
2050,303,3,0.28598390927487893,0
2050,303,4,0.03598812565940508,0
2050,303,7,0.06262843047283549,0
2050,303,8,0.0966627366295316,0
2050,303,10,0.033029010821377144,0
2050,303,11,0.06876081052104913,0
2050,303,14,0.4169469766209227,0
2050,304,2,0.04996228335823119,0
2050,304,3,0.20885753293250692,0
2050,304,4,0.20532423750152884,0
2050,304,6,0.23556984799427097,0
2050,304,7,0.13649620323038247,0
2050,304,10,0.05322370376866431,0
2050,304,11,0.11056619121441545,0
2050,304,13,0.0,0
2050,305,2,0.08684293720484125,0
2050,305,3,0.10317768667892162,0
2050,305,4,0.15893289977756686,0
2050,305,6,0.42616458081225866,0
2050,305,10,0.09320047384017574,0
2050,305,16,0.13168142168623578,0
2050,306,2,0.029785585894894783,0
2050,306,4,0.1845979867554965,0
2050,306,6,0.43315876329295416,0
2050,306,9,0.19910695376417986,0
2050,306,14,0.10654766600472591,0
2050,306,16,0.04680304428774879,0
2050,307,2,0.011017693210602657,0
2050,307,4,0.010997655062400245,0
2050,307,6,0.20879275561551575,0
2050,307,14,0.45464500592852264,0
2050,307,16,0.31454689018295867,0
2050,308,2,0.013992785454044305,0
2050,308,5,0.10853881517445194,0
2050,308,6,0.09893402165150711,0
2050,308,9,0.05958970981715039,0
2050,308,14,0.6021827724979993,0
2050,308,16,0.11676189540484698,0
2050,309,14,1.0,0
2050,310,4,0.16076804959029442,0
2050,310,7,0.016009658746637515,0
2050,310,8,0.07687986921209054,0
2050,310,14,0.7463424224509776,0
2050,311,2,0.059425961496731725,0
2050,311,4,0.41487902256653547,0
2050,311,5,0.06702360432282278,0
2050,311,13,0.11179450930562565,0
2050,311,14,0.3468769023082844,0
2050,312,2,0.08283713214361232,0
2050,312,3,0.03564019984087952,0
2050,312,4,0.3936464250777455,0
2050,312,6,0.040433638942762175,0
2050,312,7,0.04859656157542345,0
2050,312,13,0.1865363643422962,0
2050,312,14,0.21230967807728074,0
2050,313,2,0.019623150487140285,0
2050,313,3,0.039595934885695246,0
2050,313,4,0.46227791097538157,0
2050,313,7,0.23197270469178607,0
2050,313,8,0.020743814400789692,0
2050,313,13,0.10725478460069415,0
2050,313,14,0.11853169995851305,0
2050,314,2,0.016865948005723774,0
2050,314,4,0.3439508919984408,0
2050,314,7,0.3365732042030648,0
2050,314,13,0.3026099557927706,0
2050,315,2,0.047669158788834716,0
2050,315,4,0.2949683496185577,0
2050,315,7,0.2204681628632686,0
2050,315,13,0.3977075020610701,0
2050,315,14,0.03918682666826904,0
2050,316,2,0.038152490186054246,0
2050,316,4,0.3046556241720374,0
2050,316,7,0.06148486571280371,0
2050,316,13,0.34796550210596755,0
2050,316,14,0.24774151782313705,0
2050,317,4,0.4411592377448507,0
2050,317,7,0.11025237869902506,0
2050,317,8,0.0772118387977173,0
2050,317,13,0.10654527971525748,0
2050,317,14,0.26483126504314936,0
2050,318,4,0.4515351066863263,0
2050,318,7,0.25295748874771273,0
2050,318,13,0.2955074045659609,0
2050,319,1,0.02306149808779174,0
2050,319,4,0.20152477382485443,0
2050,319,7,0.3003779731877377,0
2050,319,8,0.04652216922259194,0
2050,319,10,0.09787684888126123,0
2050,319,13,0.01699403680824889,0
2050,319,14,0.2678097396018437,0
2050,319,16,0.04583296038567036,0
2050,320,3,0.04673994087890242,0
2050,320,4,0.23495567266450507,0
2050,320,5,0.02668722583140522,0
2050,320,7,0.2593839449932602,0
2050,320,8,0.05756466846779333,0
2050,320,13,0.062614688875628,0
2050,320,14,0.31205385828850585,0
2050,321,2,0.06294284838082105,0
2050,321,4,0.38670593904214723,0
2050,321,5,0.06854870273955842,0
2050,321,7,0.19668211564569463,0
2050,321,13,0.04667527072003435,0
2050,321,14,0.16792079506130686,0
2050,321,16,0.07052432841043763,0
2050,322,4,0.2497635339504427,0
2050,322,7,0.43080920860074345,0
2050,322,8,0.0353317760579637,0
2050,322,13,0.21947042029895722,0
2050,322,14,0.06462506109189299,0
2050,323,1,0.07767694386679594,0
2050,323,4,0.3269166151512016,0
2050,323,7,0.37838225385754926,0
2050,323,13,0.1956636066339247,0
2050,323,14,0.021360580490528552,0
2050,324,1,0.04648800912097082,0
2050,324,3,0.1747077083900243,0
2050,324,4,0.22334078402053031,0
2050,324,7,0.2932756803911559,0
2050,324,10,0.16069632791060637,0
2050,324,13,0.10149149016671227,0
2050,325,3,0.39545367919361873,0
2050,325,4,0.15552090041244218,0
2050,325,6,0.012077766997318003,0
2050,325,7,0.22476413485197816,0
2050,325,11,0.10485627194565333,0
2050,325,15,0.1073272465989897,0
2050,326,3,0.27124621110448927,0
2050,326,4,0.12591733764755822,0
2050,326,6,0.0764800915015361,0
2050,326,7,0.1766772207940215,0
2050,326,11,0.2624200953437789,0
2050,326,13,0.023572512990822587,0
2050,326,14,0.06368653061779332,0
2050,327,1,0.07822934988296545,0
2050,327,3,0.3250076841590535,0
2050,327,4,0.07509401663028877,0
2050,327,5,0.021811006426954452,0
2050,327,9,0.11837102239263994,0
2050,327,10,0.02903126037028182,0
2050,327,14,0.33236222943313176,0
2050,327,16,0.0200934307046843,0
2050,328,3,0.01285357915070933,0
2050,328,4,0.4672084539523344,0
2050,328,6,0.044393815945379736,0
2050,328,7,0.10524544407884447,0
2050,328,8,0.057093065386856635,0
2050,328,10,0.01193129539405996,0
2050,328,11,0.08112499097656854,0
2050,328,13,0.10354065885353095,0
2050,328,14,0.11660869626171608,0
2050,329,2,0.044916067510749114,0
2050,329,3,0.07200327267992512,0
2050,329,4,0.4294904785550184,0
2050,329,6,0.09329783938211127,0
2050,329,7,0.14971269744995674,0
2050,329,11,0.10114977964250503,0
2050,329,13,0.03176328434112159,0
2050,329,15,0.0776665804386126,0
2050,330,3,0.4562602603089592,0
2050,330,4,0.21861391804247232,0
2050,330,6,0.15752255265725779,0
2050,330,11,0.16760326899131064,0
2050,331,2,0.027772538878951016,0
2050,331,3,0.28771504340623383,0
2050,331,4,0.5077628094042744,0
2050,331,6,0.09528975383069563,0
2050,331,7,0.03640059270704971,0
2050,331,13,0.04505926177279545,0
2050,332,3,0.12161360432834194,0
2050,332,4,0.5881992186405282,0
2050,332,6,0.05509287346126963,0
2050,332,7,0.20157187672022717,0
2050,332,13,0.03352242684963327,0
2050,333,3,0.043259853106899206,0
2050,333,4,0.5438657338026806,0
2050,333,6,0.04315755647930366,0
2050,333,7,0.33135949248735463,0
2050,333,13,0.03835736412376196,0
2050,334,4,0.4792266268467061,0
2050,334,6,0.03847049037425748,0
2050,334,7,0.32459434476565396,0
2050,334,13,0.15770853801338242,0
2050,335,4,0.41352110544926995,0
2050,335,6,0.14827548260598247,0
2050,335,7,0.2871106980505179,0
2050,335,13,0.15109271389422962,0
2050,336,4,0.34804267706019554,0
2050,336,6,0.03798516072134023,0
2050,336,7,0.18101354244396883,0
2050,336,8,0.04967833394692569,0
2050,336,13,0.22469837850286767,0
2050,336,14,0.15858190732470223,0
2050,337,1,0.013627389498268826,0
2050,337,4,0.532509515496894,0
2050,337,6,0.11567408840463964,0
2050,337,11,0.029806432205897425,0
2050,337,13,0.056094769072206056,0
2050,337,14,0.2522878053220942,0
2050,338,4,0.7846821449605539,0
2050,338,6,0.033861529342859076,0
2050,338,7,0.0317396691969103,0
2050,338,13,0.10679880940208962,0
2050,338,14,0.04291784709758722,0
2050,339,4,0.8033645066955948,0
2050,339,6,0.08662078902868099,0
2050,339,13,0.06437098512043368,0
2050,339,14,0.04564371915529067,0
2050,340,2,0.017238980609977545,0
2050,340,4,0.8092942590009575,0
2050,340,6,0.06789924393927128,0
2050,340,7,0.03667717242806741,0
2050,340,13,0.05779328580756798,0
2050,340,16,0.011097058214158302,0
2050,341,4,0.6643270525792166,0
2050,341,6,0.17123389061720876,0
2050,341,9,0.059178355573868954,0
2050,341,11,0.040645196776197025,0
2050,341,12,0.03577630055438979,0
2050,341,15,0.02883920389911878,0
2050,342,3,0.015185767538614307,0
2050,342,4,0.5791762728190674,0
2050,342,7,0.029285650149066356,0
2050,342,8,0.07887333477061285,0
2050,342,14,0.19456687354897478,0
2050,342,15,0.10291210117366432,0
2050,343,2,0.055300510552149885,0
2050,343,3,0.03470131704344441,0
2050,343,4,0.7490212903768758,0
2050,343,6,0.09390717164880519,0
2050,343,7,0.017640290583829623,0
2050,343,11,0.049429419794895145,0
2050,344,3,0.07117535051717366,0
2050,344,4,0.7499763340021682,0
2050,344,6,0.13787071224892558,0
2050,344,13,0.04097760323173246,0
2050,345,1,0.052234080854642054,0
2050,345,4,0.7249697593837398,0
2050,345,6,0.04666154549445034,0
2050,345,7,0.12767297441621345,0
2050,345,13,0.04846163985095445,0
2050,346,1,0.14218580788667057,0
2050,346,4,0.5320830835009329,0
2050,346,5,0.018262485869917758,0
2050,346,6,0.07505757048182446,0
2050,346,7,0.10119897986562307,0
2050,346,9,0.019824365654638826,0
2050,346,13,0.11138770674039242,0
2050,347,1,0.07499864761786332,0
2050,347,3,0.1746169211529073,0
2050,347,4,0.3772859752998996,0
2050,347,5,0.1363865952999793,0
2050,347,9,0.015435684242466885,0
2050,347,10,0.04863862014044271,0
2050,347,11,0.05290785058491185,0
2050,347,14,0.0,0
2050,347,16,0.11972970566152887,0
2050,348,1,0.06992073170231813,0
2050,348,3,0.12719032992773768,0
2050,348,4,0.34237953718355013,0
2050,348,6,0.01874614330222104,0
2050,348,9,0.01789263658400695,0
2050,348,10,0.05954524694557236,0
2050,348,11,0.26302911006164686,0
2050,348,12,0.03498127443489033,0
2050,348,14,0.06631498985805645,0
2050,349,3,0.1319558410790925,0
2050,349,4,0.3025015011097123,0
2050,349,9,0.05580152223368953,0
2050,349,12,0.158824913791191,0
2050,349,14,0.2727881763480279,0
2050,349,15,0.07812804543828676,0
2050,350,3,0.053933911682198354,0
2050,350,4,0.5419050831049064,0
2050,350,7,0.0660644056137746,0
2050,350,8,0.025159522428708683,0
2050,350,14,0.2784205367051357,0
2050,350,15,0.0345165404652764,0
2050,351,3,0.12447211194049573,0
2050,351,4,0.5931963676935664,0
2050,351,7,0.07303876935592983,0
2050,351,14,0.2092927510100081,0
2050,352,3,0.06849680575889462,0
2050,352,4,0.8003307571760759,0
2050,352,11,0.05717356915335062,0
2050,352,14,0.07399886791167888,0
2050,353,4,0.8625420488581025,0
2050,353,11,0.08436862573773336,0
2050,353,14,0.05308932540416423,0
2050,354,4,1.0,0
2050,355,4,0.9033571065485535,0
2050,355,6,0.01653405839394436,0
2050,355,7,0.08010883505750216,0
2050,356,4,0.7593635497386592,0
2050,356,7,0.24063645026134073,0
2050,357,2,0.05389271243587074,0
2050,357,4,0.7682064037207728,0
2050,357,6,0.029824987213599302,0
2050,357,7,0.1480758966297573,0
2050,358,2,0.03244750621649989,0
2050,358,4,0.7363982875286362,0
2050,358,6,0.07811320685883374,0
2050,358,7,0.048351545992525904,0
2050,358,8,0.015858319962146004,0
2050,358,14,0.08883113344135819,0
2050,359,2,0.04685987883847638,0
2050,359,4,0.6639669561110868,0
2050,359,6,0.04375567798143623,0
2050,359,7,0.10086633265800005,0
2050,359,11,0.06047119553317348,0
2050,359,13,0.08407995887782704,0
2050,360,4,0.5331679315919295,0
2050,360,5,0.05170708191402753,0
2050,360,6,0.020306756439669456,0
2050,360,7,0.11299265816090573,0
2050,360,11,0.023673109103494086,0
2050,360,15,0.19571737342147305,0
2050,360,16,0.06243508936850043,0
2050,361,4,0.4392311012386505,0
2050,361,7,0.1214705588514424,0
2050,361,11,0.3057164759301443,0
2050,361,14,0.046974807508738246,0
2050,361,15,0.08660705647102461,0
2050,362,3,0.14149745519124604,0
2050,362,4,0.4363665935261289,0
2050,362,7,0.05839745371410377,0
2050,362,11,0.12337248808720878,0
2050,362,14,0.24036600948131256,0
2050,363,3,0.13963453711622403,0
2050,363,4,0.39008579296278884,0
2050,363,7,0.11740546328073866,0
2050,363,11,0.1138447611848422,0
2050,363,13,0.12525145222217832,0
2050,363,14,0.11377799323322806,0
2050,364,3,0.2593836676602648,0
2050,364,4,0.42521524505451663,0
2050,364,6,0.03948732847898232,0
2050,364,7,0.23367628391996695,0
2050,364,11,0.042237474886269034,0
2050,365,3,0.11550325459557409,0
2050,365,4,0.5352233772121238,0
2050,365,6,0.13595863323807814,0
2050,365,7,0.08734717997447711,0
2050,365,13,0.12596755497974693,0
