scenario,year,period,rep_period,weight
0,2030,1,15,1.0
0,2030,2,12,1.0
0,2030,3,11,1.0
0,2030,4,11,1.0
0,2030,5,14,1.0
0,2030,6,4,1.0
0,2030,7,12,1.0
0,2030,8,12,1.0
0,2030,9,12,1.0
0,2030,10,12,1.0
0,2030,11,4,1.0
0,2030,12,4,1.0
0,2030,13,13,1.0
0,2030,14,12,1.0
0,2030,15,12,1.0
0,2030,16,3,1.0
0,2030,17,4,1.0
0,2030,18,13,1.0
0,2030,19,4,1.0
0,2030,20,13,1.0
0,2030,21,13,1.0
0,2030,22,4,1.0
0,2030,23,15,1.0
0,2030,24,2,1.0
0,2030,25,13,1.0
0,2030,26,15,1.0
0,2030,27,3,1.0
0,2030,28,13,1.0
0,2030,29,13,1.0
0,2030,30,12,1.0
0,2030,31,3,1.0
0,2030,32,6,1.0
0,2030,33,12,1.0
0,2030,34,3,1.0
0,2030,35,12,1.0
0,2030,36,10,1.0
0,2030,37,8,1.0
0,2030,38,3,1.0
0,2030,39,4,1.0
0,2030,40,13,1.0
0,2030,41,3,1.0
0,2030,42,6,1.0
0,2030,43,14,1.0
0,2030,44,9,1.0
0,2030,45,4,1.0
0,2030,46,4,1.0
0,2030,47,5,1.0
0,2030,48,14,1.0
0,2030,49,11,1.0
0,2030,50,3,1.0
0,2030,51,3,1.0
0,2030,52,12,1.0
0,2030,53,12,1.0
0,2030,54,3,1.0
0,2030,55,4,1.0
0,2030,56,4,1.0
0,2030,57,4,1.0
0,2030,58,12,1.0
0,2030,59,12,1.0
0,2030,60,12,1.0
0,2030,61,4,1.0
0,2030,62,4,1.0
0,2030,63,4,1.0
0,2030,64,4,1.0
0,2030,65,15,1.0
0,2030,66,7,1.0
0,2030,67,4,1.0
0,2030,68,3,1.0
0,2030,69,6,1.0
0,2030,70,2,1.0
0,2030,71,4,1.0
0,2030,72,3,1.0
0,2030,73,6,1.0
0,2030,74,11,1.0
0,2030,75,11,1.0
0,2030,76,3,1.0
0,2030,77,3,1.0
0,2030,78,3,1.0
0,2030,79,5,1.0
0,2030,80,5,1.0
0,2030,81,6,1.0
0,2030,82,10,1.0
0,2030,83,11,1.0
0,2030,84,5,1.0
0,2030,85,5,1.0
0,2030,86,11,1.0
0,2030,87,10,1.0
0,2030,88,11,1.0
0,2030,89,14,1.0
0,2030,90,5,1.0
0,2030,91,5,1.0
0,2030,92,6,1.0
0,2030,93,10,1.0
0,2030,94,10,1.0
0,2030,95,1,1.0
0,2030,96,5,1.0
0,2030,97,5,1.0
0,2030,98,5,1.0
0,2030,99,5,1.0
0,2030,100,5,1.0
0,2030,101,5,1.0
0,2030,102,5,1.0
0,2030,103,5,1.0
0,2030,104,9,1.0
0,2030,105,9,1.0
0,2030,106,9,1.0
0,2030,107,10,1.0
0,2030,108,10,1.0
0,2030,109,11,1.0
0,2030,110,1,1.0
0,2030,111,6,1.0
0,2030,112,1,1.0
0,2030,113,10,1.0
0,2030,114,10,1.0
0,2030,115,10,1.0
0,2030,116,10,1.0
0,2030,117,6,1.0
0,2030,118,10,1.0
0,2030,119,10,1.0
0,2030,120,10,1.0
0,2030,121,10,1.0
0,2030,122,11,1.0
0,2030,123,10,1.0
0,2030,124,10,1.0
0,2030,125,10,1.0
0,2030,126,10,1.0
0,2030,127,10,1.0
0,2030,128,1,1.0
0,2030,129,6,1.0
0,2030,130,10,1.0
0,2030,131,6,1.0
0,2030,132,9,1.0
0,2030,133,10,1.0
0,2030,134,10,1.0
0,2030,135,8,1.0
0,2030,136,9,1.0
0,2030,137,5,1.0
0,2030,138,15,1.0
0,2030,139,10,1.0
0,2030,140,7,1.0
0,2030,141,6,1.0
0,2030,142,10,1.0
0,2030,143,10,1.0
0,2030,144,11,1.0
0,2030,145,10,1.0
0,2030,146,5,1.0
0,2030,147,5,1.0
0,2030,148,6,1.0
0,2030,149,10,1.0
0,2030,150,11,1.0
0,2030,151,11,1.0
0,2030,152,10,1.0
0,2030,153,1,1.0
0,2030,154,10,1.0
0,2030,155,8,1.0
0,2030,156,5,1.0
0,2030,157,5,1.0
0,2030,158,5,1.0
0,2030,159,5,1.0
0,2030,160,5,1.0
0,2030,161,6,1.0
0,2030,162,11,1.0
0,2030,163,11,1.0
0,2030,164,1,1.0
0,2030,165,5,1.0
0,2030,166,5,1.0
0,2030,167,5,1.0
0,2030,168,10,1.0
0,2030,169,10,1.0
0,2030,170,10,1.0
0,2030,171,10,1.0
0,2030,172,8,1.0
0,2030,173,5,1.0
0,2030,174,5,1.0
0,2030,175,5,1.0
0,2030,176,5,1.0
0,2030,177,5,1.0
0,2030,178,10,1.0
0,2030,179,10,1.0
0,2030,180,10,1.0
0,2030,181,10,1.0
0,2030,182,10,1.0
0,2030,183,10,1.0
0,2030,184,11,1.0
0,2030,185,10,1.0
0,2030,186,8,1.0
0,2030,187,5,1.0
0,2030,188,5,1.0
0,2030,189,6,1.0
0,2030,190,10,1.0
0,2030,191,11,1.0
0,2030,192,6,1.0
0,2030,193,8,1.0
0,2030,194,5,1.0
0,2030,195,5,1.0
0,2030,196,6,1.0
0,2030,197,10,1.0
0,2030,198,10,1.0
0,2030,199,8,1.0
0,2030,200,5,1.0
0,2030,201,10,1.0
0,2030,202,10,1.0
0,2030,203,5,1.0
0,2030,204,5,1.0
0,2030,205,5,1.0
0,2030,206,8,1.0
0,2030,207,6,1.0
0,2030,208,10,1.0
0,2030,209,10,1.0
0,2030,210,10,1.0
0,2030,211,10,1.0
0,2030,212,11,1.0
0,2030,213,1,1.0
0,2030,214,10,1.0
0,2030,215,10,1.0
0,2030,216,10,1.0
0,2030,217,6,1.0
0,2030,218,10,1.0
0,2030,219,10,1.0
0,2030,220,8,1.0
0,2030,221,5,1.0
0,2030,222,6,1.0
0,2030,223,10,1.0
0,2030,224,10,1.0
0,2030,225,8,1.0
0,2030,226,5,1.0
0,2030,227,5,1.0
0,2030,228,5,1.0
0,2030,229,10,1.0
0,2030,230,10,1.0
0,2030,231,10,1.0
0,2030,232,10,1.0
0,2030,233,8,1.0
0,2030,234,1,1.0
0,2030,235,1,1.0
0,2030,236,11,1.0
0,2030,237,10,1.0
0,2030,238,8,1.0
0,2030,239,8,1.0
0,2030,240,5,1.0
0,2030,241,5,1.0
0,2030,242,5,1.0
0,2030,243,5,1.0
0,2030,244,5,1.0
0,2030,245,5,1.0
0,2030,246,10,1.0
0,2030,247,10,1.0
0,2030,248,1,1.0
0,2030,249,9,1.0
0,2030,250,4,1.0
0,2030,251,6,1.0
0,2030,252,5,1.0
0,2030,253,11,1.0
0,2030,254,10,1.0
0,2030,255,11,1.0
0,2030,256,11,1.0
0,2030,257,1,1.0
0,2030,258,6,1.0
0,2030,259,6,1.0
0,2030,260,10,1.0
0,2030,261,1,1.0
0,2030,262,9,1.0
0,2030,263,11,1.0
0,2030,264,1,1.0
0,2030,265,5,1.0
0,2030,266,6,1.0
0,2030,267,11,1.0
0,2030,268,11,1.0
0,2030,269,10,1.0
0,2030,270,10,1.0
0,2030,271,11,1.0
0,2030,272,10,1.0
0,2030,273,10,1.0
0,2030,274,10,1.0
0,2030,275,8,1.0
0,2030,276,5,1.0
0,2030,277,6,1.0
0,2030,278,10,1.0
0,2030,279,5,1.0
0,2030,280,6,1.0
0,2030,281,8,1.0
0,2030,282,1,1.0
0,2030,283,5,1.0
0,2030,284,10,1.0
0,2030,285,10,1.0
0,2030,286,11,1.0
0,2030,287,6,1.0
0,2030,288,11,1.0
0,2030,289,5,1.0
0,2030,290,6,1.0
0,2030,291,11,1.0
0,2030,292,5,1.0
0,2030,293,5,1.0
0,2030,294,6,1.0
0,2030,295,10,1.0
0,2030,296,7,1.0
0,2030,297,9,1.0
0,2030,298,10,1.0
0,2030,299,9,1.0
0,2030,300,11,1.0
0,2030,301,5,1.0
0,2030,302,1,1.0
0,2030,303,11,1.0
0,2030,304,5,1.0
0,2030,305,1,1.0
0,2030,306,15,1.0
0,2030,307,15,1.0
0,2030,308,8,1.0
0,2030,309,6,1.0
0,2030,310,10,1.0
0,2030,311,10,1.0
0,2030,312,1,1.0
0,2030,313,10,1.0
0,2030,314,10,1.0
0,2030,315,14,1.0
0,2030,316,9,1.0
0,2030,317,9,1.0
0,2030,318,9,1.0
0,2030,319,15,1.0
0,2030,320,14,1.0
0,2030,321,15,1.0
0,2030,322,15,1.0
0,2030,323,1,1.0
0,2030,324,5,1.0
0,2030,325,9,1.0
0,2030,326,15,1.0
0,2030,327,10,1.0
0,2030,328,6,1.0
0,2030,329,1,1.0
0,2030,330,9,1.0
0,2030,331,1,1.0
0,2030,332,6,1.0
0,2030,333,15,1.0
0,2030,334,9,1.0
0,2030,335,5,1.0
0,2030,336,1,1.0
0,2030,337,9,1.0
0,2030,338,9,1.0
0,2030,339,15,1.0
0,2030,340,1,1.0
0,2030,341,10,1.0
0,2030,342,10,1.0
0,2030,343,7,1.0
0,2030,344,15,1.0
0,2030,345,15,1.0
0,2030,346,7,1.0
0,2030,347,9,1.0
0,2030,348,9,1.0
0,2030,349,9,1.0
0,2030,350,8,1.0
0,2030,351,6,1.0
0,2030,352,5,1.0
0,2030,353,15,1.0
0,2030,354,8,1.0
0,2030,355,9,1.0
0,2030,356,9,1.0
0,2030,357,9,1.0
0,2030,358,9,1.0
0,2030,359,9,1.0
0,2030,360,9,1.0
0,2030,361,9,1.0
0,2030,362,9,1.0
0,2030,363,9,1.0
0,2030,364,9,1.0
0,2030,365,13,1.0
1,2030,1,25,1.0
1,2030,2,27,1.0
1,2030,3,24,1.0
1,2030,4,30,1.0
1,2030,5,26,1.0
1,2030,6,25,1.0
1,2030,7,27,1.0
1,2030,8,27,1.0
1,2030,9,25,1.0
1,2030,10,27,1.0
1,2030,11,16,1.0
1,2030,12,16,1.0
1,2030,13,16,1.0
1,2030,14,27,1.0
1,2030,15,22,1.0
1,2030,16,20,1.0
1,2030,17,16,1.0
1,2030,18,16,1.0
1,2030,19,16,1.0
1,2030,20,16,1.0
1,2030,21,16,1.0
1,2030,22,16,1.0
1,2030,23,25,1.0
1,2030,24,16,1.0
1,2030,25,16,1.0
1,2030,26,25,1.0
1,2030,27,16,1.0
1,2030,28,16,1.0
1,2030,29,16,1.0
1,2030,30,27,1.0
1,2030,31,20,1.0
1,2030,32,29,1.0
1,2030,33,27,1.0
1,2030,34,26,1.0
1,2030,35,17,1.0
1,2030,36,22,1.0
1,2030,37,18,1.0
1,2030,38,19,1.0
1,2030,39,25,1.0
1,2030,40,16,1.0
1,2030,41,20,1.0
1,2030,42,29,1.0
1,2030,43,18,1.0
1,2030,44,21,1.0
1,2030,45,21,1.0
1,2030,46,21,1.0
1,2030,47,19,1.0
1,2030,48,18,1.0
1,2030,49,18,1.0
1,2030,50,20,1.0
1,2030,51,20,1.0
1,2030,52,28,1.0
1,2030,53,18,1.0
1,2030,54,20,1.0
1,2030,55,16,1.0
1,2030,56,16,1.0
1,2030,57,16,1.0
1,2030,58,28,1.0
1,2030,59,27,1.0
1,2030,60,30,1.0
1,2030,61,16,1.0
1,2030,62,16,1.0
1,2030,63,16,1.0
1,2030,64,16,1.0
1,2030,65,23,1.0
1,2030,66,19,1.0
1,2030,67,16,1.0
1,2030,68,19,1.0
1,2030,69,25,1.0
1,2030,70,16,1.0
1,2030,71,16,1.0
1,2030,72,20,1.0
1,2030,73,28,1.0
1,2030,74,24,1.0
1,2030,75,26,1.0
1,2030,76,20,1.0
1,2030,77,20,1.0
1,2030,78,20,1.0
1,2030,79,20,1.0
1,2030,80,20,1.0
1,2030,81,28,1.0
1,2030,82,22,1.0
1,2030,83,18,1.0
1,2030,84,19,1.0
1,2030,85,20,1.0
1,2030,86,24,1.0
1,2030,87,24,1.0
1,2030,88,18,1.0
1,2030,89,26,1.0
1,2030,90,19,1.0
1,2030,91,19,1.0
1,2030,92,28,1.0
1,2030,93,22,1.0
1,2030,94,24,1.0
1,2030,95,26,1.0
1,2030,96,20,1.0
1,2030,97,20,1.0
1,2030,98,20,1.0
1,2030,99,20,1.0
1,2030,100,20,1.0
1,2030,101,20,1.0
1,2030,102,20,1.0
1,2030,103,19,1.0
1,2030,104,21,1.0
1,2030,105,19,1.0
1,2030,106,19,1.0
1,2030,107,17,1.0
1,2030,108,22,1.0
1,2030,109,28,1.0
1,2030,110,26,1.0
1,2030,111,29,1.0
1,2030,112,26,1.0
1,2030,113,22,1.0
1,2030,114,27,1.0
1,2030,115,27,1.0
1,2030,116,18,1.0
1,2030,117,29,1.0
1,2030,118,22,1.0
1,2030,119,17,1.0
1,2030,120,22,1.0
1,2030,121,22,1.0
1,2030,122,24,1.0
1,2030,123,17,1.0
1,2030,124,24,1.0
1,2030,125,22,1.0
1,2030,126,22,1.0
1,2030,127,22,1.0
1,2030,128,26,1.0
1,2030,129,29,1.0
1,2030,130,22,1.0
1,2030,131,30,1.0
1,2030,132,25,1.0
1,2030,133,22,1.0
1,2030,134,17,1.0
1,2030,135,18,1.0
1,2030,136,19,1.0
1,2030,137,19,1.0
1,2030,138,28,1.0
1,2030,139,17,1.0
1,2030,140,26,1.0
1,2030,141,29,1.0
1,2030,142,22,1.0
1,2030,143,24,1.0
1,2030,144,24,1.0
1,2030,145,24,1.0
1,2030,146,20,1.0
1,2030,147,20,1.0
1,2030,148,29,1.0
1,2030,149,24,1.0
1,2030,150,24,1.0
1,2030,151,24,1.0
1,2030,152,24,1.0
1,2030,153,26,1.0
1,2030,154,24,1.0
1,2030,155,26,1.0
1,2030,156,19,1.0
1,2030,157,19,1.0
1,2030,158,20,1.0
1,2030,159,20,1.0
1,2030,160,19,1.0
1,2030,161,20,1.0
1,2030,162,24,1.0
1,2030,163,26,1.0
1,2030,164,26,1.0
1,2030,165,26,1.0
1,2030,166,20,1.0
1,2030,167,20,1.0
1,2030,168,22,1.0
1,2030,169,22,1.0
1,2030,170,22,1.0
1,2030,171,22,1.0
1,2030,172,26,1.0
1,2030,173,20,1.0
1,2030,174,19,1.0
1,2030,175,19,1.0
1,2030,176,19,1.0
1,2030,177,20,1.0
1,2030,178,17,1.0
1,2030,179,22,1.0
1,2030,180,22,1.0
1,2030,181,22,1.0
1,2030,182,22,1.0
1,2030,183,22,1.0
1,2030,184,24,1.0
1,2030,185,22,1.0
1,2030,186,26,1.0
1,2030,187,20,1.0
1,2030,188,20,1.0
1,2030,189,29,1.0
1,2030,190,24,1.0
1,2030,191,24,1.0
1,2030,192,28,1.0
1,2030,193,26,1.0
1,2030,194,19,1.0
1,2030,195,19,1.0
1,2030,196,29,1.0
1,2030,197,22,1.0
1,2030,198,22,1.0
1,2030,199,18,1.0
1,2030,200,20,1.0
1,2030,201,22,1.0
1,2030,202,22,1.0
1,2030,203,19,1.0
1,2030,204,20,1.0
1,2030,205,20,1.0
1,2030,206,30,1.0
1,2030,207,29,1.0
1,2030,208,17,1.0
1,2030,209,24,1.0
1,2030,210,22,1.0
1,2030,211,22,1.0
1,2030,212,24,1.0
1,2030,213,26,1.0
1,2030,214,22,1.0
1,2030,215,24,1.0
1,2030,216,24,1.0
1,2030,217,17,1.0
1,2030,218,22,1.0
1,2030,219,22,1.0
1,2030,220,26,1.0
1,2030,221,20,1.0
1,2030,222,17,1.0
1,2030,223,22,1.0
1,2030,224,22,1.0
1,2030,225,26,1.0
1,2030,226,19,1.0
1,2030,227,20,1.0
1,2030,228,29,1.0
1,2030,229,22,1.0
1,2030,230,22,1.0
1,2030,231,22,1.0
1,2030,232,24,1.0
1,2030,233,26,1.0
1,2030,234,26,1.0
1,2030,235,26,1.0
1,2030,236,26,1.0
1,2030,237,24,1.0
1,2030,238,26,1.0
1,2030,239,26,1.0
1,2030,240,19,1.0
1,2030,241,20,1.0
1,2030,242,20,1.0
1,2030,243,20,1.0
1,2030,244,20,1.0
1,2030,245,20,1.0
1,2030,246,22,1.0
1,2030,247,22,1.0
1,2030,248,30,1.0
1,2030,249,21,1.0
1,2030,250,21,1.0
1,2030,251,29,1.0
1,2030,252,20,1.0
1,2030,253,26,1.0
1,2030,254,22,1.0
1,2030,255,24,1.0
1,2030,256,26,1.0
1,2030,257,29,1.0
1,2030,258,29,1.0
1,2030,259,29,1.0
1,2030,260,24,1.0
1,2030,261,30,1.0
1,2030,262,21,1.0
1,2030,263,23,1.0
1,2030,264,26,1.0
1,2030,265,26,1.0
1,2030,266,28,1.0
1,2030,267,24,1.0
1,2030,268,30,1.0
1,2030,269,22,1.0
1,2030,270,22,1.0
1,2030,271,24,1.0
1,2030,272,22,1.0
1,2030,273,24,1.0
1,2030,274,22,1.0
1,2030,275,18,1.0
1,2030,276,20,1.0
1,2030,277,29,1.0
1,2030,278,24,1.0
1,2030,279,20,1.0
1,2030,280,28,1.0
1,2030,281,26,1.0
1,2030,282,26,1.0
1,2030,283,20,1.0
1,2030,284,22,1.0
1,2030,285,22,1.0
1,2030,286,18,1.0
1,2030,287,17,1.0
1,2030,288,24,1.0
1,2030,289,20,1.0
1,2030,290,28,1.0
1,2030,291,24,1.0
1,2030,292,29,1.0
1,2030,293,19,1.0
1,2030,294,29,1.0
1,2030,295,17,1.0
1,2030,296,19,1.0
1,2030,297,21,1.0
1,2030,298,17,1.0
1,2030,299,21,1.0
1,2030,300,26,1.0
1,2030,301,19,1.0
1,2030,302,26,1.0
1,2030,303,24,1.0
1,2030,304,26,1.0
1,2030,305,29,1.0
1,2030,306,23,1.0
1,2030,307,23,1.0
1,2030,308,18,1.0
1,2030,309,17,1.0
1,2030,310,24,1.0
1,2030,311,22,1.0
1,2030,312,26,1.0
1,2030,313,17,1.0
1,2030,314,27,1.0
1,2030,315,18,1.0
1,2030,316,21,1.0
1,2030,317,26,1.0
1,2030,318,29,1.0
1,2030,319,23,1.0
1,2030,320,18,1.0
1,2030,321,23,1.0
1,2030,322,23,1.0
1,2030,323,26,1.0
1,2030,324,20,1.0
1,2030,325,21,1.0
1,2030,326,23,1.0
1,2030,327,24,1.0
1,2030,328,29,1.0
1,2030,329,30,1.0
1,2030,330,26,1.0
1,2030,331,29,1.0
1,2030,332,29,1.0
1,2030,333,23,1.0
1,2030,334,21,1.0
1,2030,335,20,1.0
1,2030,336,26,1.0
1,2030,337,30,1.0
1,2030,338,21,1.0
1,2030,339,23,1.0
1,2030,340,18,1.0
1,2030,341,17,1.0
1,2030,342,24,1.0
1,2030,343,30,1.0
1,2030,344,23,1.0
1,2030,345,23,1.0
1,2030,346,26,1.0
1,2030,347,21,1.0
1,2030,348,21,1.0
1,2030,349,21,1.0
1,2030,350,18,1.0
1,2030,351,29,1.0
1,2030,352,20,1.0
1,2030,353,17,1.0
1,2030,354,26,1.0
1,2030,355,21,1.0
1,2030,356,21,1.0
1,2030,357,21,1.0
1,2030,358,21,1.0
1,2030,359,21,1.0
1,2030,360,21,1.0
1,2030,361,21,1.0
1,2030,362,21,1.0
1,2030,363,21,1.0
1,2030,364,21,1.0
1,2030,365,16,1.0
