rep_period,timestep,year,profile_name,value
1,1,2030,demand,0.6455817880687169
1,2,2030,demand,0.6261910174390283
1,3,2030,demand,0.6090799857110383
1,4,2030,demand,0.6099178384697821
1,5,2030,demand,0.6124313967460137
1,6,2030,demand,0.6016692105348619
1,7,2030,demand,0.6592732114441594
1,8,2030,demand,0.6536615464553632
1,9,2030,demand,0.7549410580326699
1,10,2030,demand,0.7995323612509336
1,11,2030,demand,0.8035949728834475
1,12,2030,demand,0.8152112493099081
1,13,2030,demand,0.7778943266326763
1,14,2030,demand,0.7877472152761991
1,15,2030,demand,0.7854804663397525
1,16,2030,demand,0.7702367421167149
1,17,2030,demand,0.7350631637060371
1,18,2030,demand,0.7245802617477998
1,19,2030,demand,0.7297859903224758
1,20,2030,demand,0.7396616114051895
1,21,2030,demand,0.718783489754165
1,22,2030,demand,0.6739583671613679
1,23,2030,demand,0.6317864449712597
1,24,2030,demand,0.6902640210437437
1,1,2030,solar,0.0
1,2,2030,solar,0.0
1,3,2030,solar,0.0
1,4,2030,solar,0.0
1,5,2030,solar,0.0
1,6,2030,solar,0.0
1,7,2030,solar,0.0
1,8,2030,solar,0.00672
1,9,2030,solar,0.027819999999999998
1,10,2030,solar,0.06799000000000001
1,11,2030,solar,0.1393675
1,12,2030,solar,0.2098175
1,13,2030,solar,0.235195
1,14,2030,solar,0.23585250000000002
1,15,2030,solar,0.2198075
1,16,2030,solar,0.1853325
1,17,2030,solar,0.14433249999999997
1,18,2030,solar,0.069205
1,19,2030,solar,0.0075225000000000005
1,20,2030,solar,0.0
1,21,2030,solar,0.0
1,22,2030,solar,0.0
1,23,2030,solar,0.0
1,24,2030,solar,0.0
1,1,2030,wind_offshore,0.8499595059387215
1,2,2030,wind_offshore,0.8398528707591502
1,3,2030,wind_offshore,0.8254226239957423
1,4,2030,wind_offshore,0.811267923017643
1,5,2030,wind_offshore,0.8198131515767754
1,6,2030,wind_offshore,0.8309371328415236
1,7,2030,wind_offshore,0.8467468907905857
1,8,2030,wind_offshore,0.8545581157505333
1,9,2030,wind_offshore,0.8533587372281347
1,10,2030,wind_offshore,0.8516053712649547
1,11,2030,wind_offshore,0.8248303673336479
1,12,2030,wind_offshore,0.8055177641173943
1,13,2030,wind_offshore,0.809409023770105
1,14,2030,wind_offshore,0.8124287190487232
1,15,2030,wind_offshore,0.8215874632926413
1,16,2030,wind_offshore,0.8360729741842988
1,17,2030,wind_offshore,0.8574461577019099
1,18,2030,wind_offshore,0.8747816075304354
1,19,2030,wind_offshore,0.8852594964472454
1,20,2030,wind_offshore,0.8899730635059059
1,21,2030,wind_offshore,0.884995721818401
1,22,2030,wind_offshore,0.8555935888730622
1,23,2030,wind_offshore,0.8001432277516001
1,24,2030,wind_offshore,0.717490590322506
1,1,2030,wind_onshore,0.36229972727153237
1,2,2030,wind_onshore,0.35523358568743135
1,3,2030,wind_onshore,0.36391128586817456
1,4,2030,wind_onshore,0.3738049485685743
1,5,2030,wind_onshore,0.3879007523566584
1,6,2030,wind_onshore,0.39873092930728726
1,7,2030,wind_onshore,0.4047743513149542
1,8,2030,wind_onshore,0.37457655971451526
1,9,2030,wind_onshore,0.3519023253691082
1,10,2030,wind_onshore,0.32817887126914963
1,11,2030,wind_onshore,0.3036208750783629
1,12,2030,wind_onshore,0.2803440280340056
1,13,2030,wind_onshore,0.2902244006343491
1,14,2030,wind_onshore,0.3041091582384503
1,15,2030,wind_onshore,0.31372925016964054
1,16,2030,wind_onshore,0.32986772111755125
1,17,2030,wind_onshore,0.3572746837474265
1,18,2030,wind_onshore,0.40679568567218954
1,19,2030,wind_onshore,0.4298566081971241
1,20,2030,wind_onshore,0.4439437573144342
1,21,2030,wind_onshore,0.44368746455675756
1,22,2030,wind_onshore,0.4156737252311513
1,23,2030,wind_onshore,0.3692774421901999
1,24,2030,wind_onshore,0.3090008384147526
2,1,2030,demand,0.6463611859838275
2,2,2030,demand,0.6295359334913779
2,3,2030,demand,0.6121715974409768
2,4,2030,demand,0.6109830156204332
2,5,2030,demand,0.6107914136329685
2,6,2030,demand,0.5936771344136654
2,7,2030,demand,0.655256064690027
2,8,2030,demand,0.6520702757120125
2,9,2030,demand,0.7562595395057318
2,10,2030,demand,0.7977527360114312
2,11,2030,demand,0.7960965154418213
2,12,2030,demand,0.7954275322313512
2,13,2030,demand,0.7745786380021433
2,14,2030,demand,0.7843438443802162
2,15,2030,demand,0.7737115578215829
2,16,2030,demand,0.7590426395609392
2,17,2030,demand,0.718614620205891
2,18,2030,demand,0.7016432306043582
2,19,2030,demand,0.7149774299353749
2,20,2030,demand,0.7162699314779333
2,21,2030,demand,0.6920209138440555
2,22,2030,demand,0.6492676907089274
2,23,2030,demand,0.6126976910336764
2,24,2030,demand,0.6749813269249505
2,1,2030,solar,0.0
2,2,2030,solar,0.0
2,3,2030,solar,0.0
2,4,2030,solar,0.0
2,5,2030,solar,0.0
2,6,2030,solar,0.0
2,7,2030,solar,0.0
2,8,2030,solar,0.005095
2,9,2030,solar,0.033822500000000005
2,10,2030,solar,0.058615
2,11,2030,solar,0.0925075
2,12,2030,solar,0.1189375
2,13,2030,solar,0.131835
2,14,2030,solar,0.12327750000000001
2,15,2030,solar,0.0973075
2,16,2030,solar,0.05882
2,17,2030,solar,0.0322125
2,18,2030,solar,0.0106675
2,19,2030,solar,0.0005625
2,20,2030,solar,0.0
2,21,2030,solar,0.0
2,22,2030,solar,0.0
2,23,2030,solar,0.0
2,24,2030,solar,0.0
2,1,2030,wind_offshore,0.07110728803704419
2,2,2030,wind_offshore,0.09725826784082965
2,3,2030,wind_offshore,0.12791714533726808
2,4,2030,wind_offshore,0.15188033926489466
2,5,2030,wind_offshore,0.15975971187533547
2,6,2030,wind_offshore,0.16428133057122246
2,7,2030,wind_offshore,0.16753046200735217
2,8,2030,wind_offshore,0.17117248270989058
2,9,2030,wind_offshore,0.18228827621401728
2,10,2030,wind_offshore,0.20031699923557705
2,11,2030,wind_offshore,0.1997559707678788
2,12,2030,wind_offshore,0.18972231092651484
2,13,2030,wind_offshore,0.2124952321533869
2,14,2030,wind_offshore,0.2389124510437711
2,15,2030,wind_offshore,0.2766487196050025
2,16,2030,wind_offshore,0.3341162439103242
2,17,2030,wind_offshore,0.40647193426350275
2,18,2030,wind_offshore,0.49670358743259757
2,19,2030,wind_offshore,0.5720788935039
2,20,2030,wind_offshore,0.6341371524143774
2,21,2030,wind_offshore,0.6993329748697374
2,22,2030,wind_offshore,0.7567567838049577
2,23,2030,wind_offshore,0.7570423367984178
2,24,2030,wind_offshore,0.7350131187004144
2,1,2030,wind_onshore,0.04539483960599848
2,2,2030,wind_onshore,0.047124818610517955
2,3,2030,wind_onshore,0.05223337952476987
2,4,2030,wind_onshore,0.05874793591520579
2,5,2030,wind_onshore,0.05987971830307879
2,6,2030,wind_onshore,0.057969672648827984
2,7,2030,wind_onshore,0.05330317209198446
2,8,2030,wind_onshore,0.05184040018675879
2,9,2030,wind_onshore,0.04220548391817928
2,10,2030,wind_onshore,0.03789824916134418
2,11,2030,wind_onshore,0.0372006601471513
2,12,2030,wind_onshore,0.036892115638251705
2,13,2030,wind_onshore,0.042837762153372046
2,14,2030,wind_onshore,0.04587377951839351
2,15,2030,wind_onshore,0.048070879833690086
2,16,2030,wind_onshore,0.05923261485044258
2,17,2030,wind_onshore,0.07819120745480375
2,18,2030,wind_onshore,0.11636861708110352
2,19,2030,wind_onshore,0.17667380503520894
2,20,2030,wind_onshore,0.2211622576974477
2,21,2030,wind_onshore,0.24764157073466456
2,22,2030,wind_onshore,0.26520441033604925
2,23,2030,wind_onshore,0.2684209738052011
2,24,2030,wind_onshore,0.2599237257104267
3,1,2030,demand,0.5108855908810445
3,2,2030,demand,0.49326470301691944
3,3,2030,demand,0.48939044588055725
3,4,2030,demand,0.493966161140519
3,5,2030,demand,0.4928197967070438
3,6,2030,demand,0.5453966810638782
3,7,2030,demand,0.5639690838827006
3,8,2030,demand,0.6861949144286039
3,9,2030,demand,0.7417562433020493
3,10,2030,demand,0.7657811840353327
3,11,2030,demand,0.7718734777384471
3,12,2030,demand,0.7458448348650667
3,13,2030,demand,0.7560679375182671
3,14,2030,demand,0.7596759003669665
3,15,2030,demand,0.75127788783165
3,16,2030,demand,0.7087389991231774
3,17,2030,demand,0.6634267528334362
3,18,2030,demand,0.6490111388952035
3,19,2030,demand,0.6451076543370247
3,20,2030,demand,0.6320949566459909
3,21,2030,demand,0.6150066573571916
3,22,2030,demand,0.5844542590848569
3,23,2030,demand,0.6257883285162212
3,24,2030,demand,0.5770662163478713
3,1,2030,solar,0.0
3,2,2030,solar,0.0
3,3,2030,solar,0.0
3,4,2030,solar,0.0
3,5,2030,solar,0.0010299999999999999
3,6,2030,solar,0.03287
3,7,2030,solar,0.11519999999999998
3,8,2030,solar,0.1956875
3,9,2030,solar,0.276615
3,10,2030,solar,0.32347750000000003
3,11,2030,solar,0.35084
3,12,2030,solar,0.36178
3,13,2030,solar,0.361285
3,14,2030,solar,0.34292
3,15,2030,solar,0.31089
3,16,2030,solar,0.266965
3,17,2030,solar,0.21306499999999998
3,18,2030,solar,0.15196750000000003
3,19,2030,solar,0.0943175
3,20,2030,solar,0.031735
3,21,2030,solar,0.002035
3,22,2030,solar,0.0
3,23,2030,solar,0.0
3,24,2030,solar,0.0
3,1,2030,wind_offshore,0.34414200211116924
3,2,2030,wind_offshore,0.3508192084860804
3,3,2030,wind_offshore,0.35041554998279045
3,4,2030,wind_offshore,0.36116453591083275
3,5,2030,wind_offshore,0.35310059174951214
3,6,2030,wind_offshore,0.3466099866280883
3,7,2030,wind_offshore,0.3403338425835693
3,8,2030,wind_offshore,0.347571142046898
3,9,2030,wind_offshore,0.35357103109960086
3,10,2030,wind_offshore,0.36892006369140756
3,11,2030,wind_offshore,0.3696881197513799
3,12,2030,wind_offshore,0.35376310878200784
3,13,2030,wind_offshore,0.39107477538843394
3,14,2030,wind_offshore,0.419304636132913
3,15,2030,wind_offshore,0.46112963177978594
3,16,2030,wind_offshore,0.5078345512848003
3,17,2030,wind_offshore,0.550430030500558
3,18,2030,wind_offshore,0.6043079470009092
3,19,2030,wind_offshore,0.6446740000728645
3,20,2030,wind_offshore,0.6756000999481353
3,21,2030,wind_offshore,0.7087693875627266
3,22,2030,wind_offshore,0.7643379972406497
3,23,2030,wind_offshore,0.8122572424410032
3,24,2030,wind_offshore,0.8541781857240901
3,1,2030,wind_onshore,0.12211662797925907
3,2,2030,wind_onshore,0.13883411872933105
3,3,2030,wind_onshore,0.15328619258863738
3,4,2030,wind_onshore,0.16028960676999016
3,5,2030,wind_onshore,0.15147869353841434
3,6,2030,wind_onshore,0.1367563952556643
3,7,2030,wind_onshore,0.12369665536758935
3,8,2030,wind_onshore,0.1286760941354691
3,9,2030,wind_onshore,0.14373459725607793
3,10,2030,wind_onshore,0.16485210464990613
3,11,2030,wind_onshore,0.16583317291038513
3,12,2030,wind_onshore,0.16637620011535542
3,13,2030,wind_onshore,0.18467780999437733
3,14,2030,wind_onshore,0.20559703058767037
3,15,2030,wind_onshore,0.22630623739417602
3,16,2030,wind_onshore,0.24207355794169863
3,17,2030,wind_onshore,0.2368168525475379
3,18,2030,wind_onshore,0.23431469876701438
3,19,2030,wind_onshore,0.2567748437560398
3,20,2030,wind_onshore,0.291132905546534
3,21,2030,wind_onshore,0.3079800690773392
3,22,2030,wind_onshore,0.31787602725630326
3,23,2030,wind_onshore,0.3280207220224123
3,24,2030,wind_onshore,0.33164752787796187
4,1,2030,demand,0.5822881823791122
4,2,2030,demand,0.5681161302893515
4,3,2030,demand,0.5636021173643361
4,4,2030,demand,0.5607313350436787
4,5,2030,demand,0.5547202286233884
4,6,2030,demand,0.5699314779332966
4,7,2030,demand,0.5717435780859287
4,8,2030,demand,0.6956840840450752
4,9,2030,demand,0.7460234468872795
4,10,2030,demand,0.7632578832851622
4,11,2030,demand,0.7630987562108271
4,12,2030,demand,0.7313090637482546
4,13,2030,demand,0.7370766083200727
4,14,2030,demand,0.7481018413275744
4,15,2030,demand,0.740697561134024
4,16,2030,demand,0.7061442535641217
4,17,2030,demand,0.6748092098853636
4,18,2030,demand,0.7005423310492644
4,19,2030,demand,0.7198454194135031
4,20,2030,demand,0.6961744552333322
4,21,2030,demand,0.6596856428409055
4,22,2030,demand,0.6055077452667814
4,23,2030,demand,0.6534699444678985
4,24,2030,demand,0.615458058649693
4,1,2030,solar,0.0
4,2,2030,solar,0.0
4,3,2030,solar,0.0
4,4,2030,solar,0.0
4,5,2030,solar,0.0
4,6,2030,solar,0.0
4,7,2030,solar,0.0
4,8,2030,solar,0.0054525
4,9,2030,solar,0.073905
4,10,2030,solar,0.17994000000000002
4,11,2030,solar,0.23309500000000002
4,12,2030,solar,0.2507975
4,13,2030,solar,0.24444749999999998
4,14,2030,solar,0.2292225
4,15,2030,solar,0.1992
4,16,2030,solar,0.13690750000000002
4,17,2030,solar,0.04445249999999999
4,18,2030,solar,0.0009375
4,19,2030,solar,0.0
4,20,2030,solar,0.0
4,21,2030,solar,0.0
4,22,2030,solar,0.0
4,23,2030,solar,0.0
4,24,2030,solar,0.0
4,1,2030,wind_offshore,0.8721426718056989
4,2,2030,wind_offshore,0.8901358920872431
4,3,2030,wind_offshore,0.8998575671627664
4,4,2030,wind_offshore,0.9047011512785299
4,5,2030,wind_offshore,0.9139179472301667
4,6,2030,wind_offshore,0.9177458937638064
4,7,2030,wind_offshore,0.9221902050832333
4,8,2030,wind_offshore,0.9283624050746229
4,9,2030,wind_offshore,0.9344956724722103
4,10,2030,wind_offshore,0.9394874989399432
4,11,2030,wind_offshore,0.9402565839177492
4,12,2030,wind_offshore,0.9411040995462212
4,13,2030,wind_offshore,0.9446773261021042
4,14,2030,wind_offshore,0.9462505676431909
4,15,2030,wind_offshore,0.9453865095199376
4,16,2030,wind_offshore,0.9466563998920822
4,17,2030,wind_offshore,0.9469864142206665
4,18,2030,wind_offshore,0.947221653030009
4,19,2030,wind_offshore,0.9474208188814378
4,20,2030,wind_offshore,0.9464629236294546
4,21,2030,wind_offshore,0.9471038171999122
4,22,2030,wind_offshore,0.9454363517601346
4,23,2030,wind_offshore,0.945336078550496
4,24,2030,wind_offshore,0.9409980653995095
4,1,2030,wind_onshore,0.46108816007176073
4,2,2030,wind_onshore,0.4550774961264863
4,3,2030,wind_onshore,0.4380630988686687
4,4,2030,wind_onshore,0.4343435522347825
4,5,2030,wind_onshore,0.4545576887347323
4,6,2030,wind_onshore,0.4866147805474689
4,7,2030,wind_onshore,0.5118265929440837
4,8,2030,wind_onshore,0.5130863864521129
4,9,2030,wind_onshore,0.5178142229264326
4,10,2030,wind_onshore,0.5356818589934013
4,11,2030,wind_onshore,0.5819960117913101
4,12,2030,wind_onshore,0.6281079088879945
4,13,2030,wind_onshore,0.6959062006631901
4,14,2030,wind_onshore,0.7350556071842238
4,15,2030,wind_onshore,0.7584099822242316
4,16,2030,wind_onshore,0.7885401203393163
4,17,2030,wind_onshore,0.8219249414699286
4,18,2030,wind_onshore,0.826162414818938
4,19,2030,wind_onshore,0.8171938046344631
4,20,2030,wind_onshore,0.8131147604796846
4,21,2030,wind_onshore,0.8065518164088352
4,22,2030,wind_onshore,0.7988919715785037
4,23,2030,wind_onshore,0.797599861725509
4,24,2030,wind_onshore,0.7749057971466667
5,1,2030,demand,0.5601143116942162
5,2,2030,demand,0.543168902023187
5,3,2030,demand,0.5342577858604228
5,4,2030,demand,0.5338161270418601
5,5,2030,demand,0.5337674146721657
5,6,2030,demand,0.5396583639138766
5,7,2030,demand,0.5445328483746306
5,8,2030,demand,0.641938102815575
5,9,2030,demand,0.672704835514565
5,10,2030,demand,0.6891436365407723
5,11,2030,demand,0.7075114474068782
5,12,2030,demand,0.6995453512161854
5,13,2030,demand,0.7022147890754392
5,14,2030,demand,0.7151982593446562
5,15,2030,demand,0.6926249472282662
5,16,2030,demand,0.6702594745559055
5,17,2030,demand,0.6561426298184652
5,18,2030,demand,0.6382554476666775
5,19,2030,demand,0.6249959406358588
5,20,2030,demand,0.607267885558406
5,21,2030,demand,0.6021693241970577
5,22,2030,demand,0.5660539733056215
5,23,2030,demand,0.6123469619718768
5,24,2030,demand,0.5807391290228299
5,1,2030,solar,0.0
5,2,2030,solar,0.0
5,3,2030,solar,0.0
5,4,2030,solar,0.0
5,5,2030,solar,0.0
5,6,2030,solar,0.014677500000000001
5,7,2030,solar,0.119295
5,8,2030,solar,0.2575875
5,9,2030,solar,0.36719
5,10,2030,solar,0.437355
5,11,2030,solar,0.47984750000000004
5,12,2030,solar,0.50212
5,13,2030,solar,0.51226
5,14,2030,solar,0.5104675
5,15,2030,solar,0.5012425
5,16,2030,solar,0.4681675
5,17,2030,solar,0.4143925
5,18,2030,solar,0.33464249999999995
5,19,2030,solar,0.1880875
5,20,2030,solar,0.040150000000000005
5,21,2030,solar,0.0
5,22,2030,solar,0.0
5,23,2030,solar,0.0
5,24,2030,solar,0.0
5,1,2030,wind_offshore,0.24579134721068568
5,2,2030,wind_offshore,0.16916302034140476
5,3,2030,wind_offshore,0.12329075842537095
5,4,2030,wind_offshore,0.09235114072290512
5,5,2030,wind_offshore,0.06937936782698315
5,6,2030,wind_offshore,0.051362870757911065
5,7,2030,wind_offshore,0.04342891023368112
5,8,2030,wind_offshore,0.04059347958217085
5,9,2030,wind_offshore,0.049103481495541806
5,10,2030,wind_offshore,0.06290890609064971
5,11,2030,wind_offshore,0.07074847874538355
5,12,2030,wind_offshore,0.069040115798739
5,13,2030,wind_offshore,0.0763258734085034
5,14,2030,wind_offshore,0.07999344503258611
5,15,2030,wind_offshore,0.09261812308633588
5,16,2030,wind_offshore,0.10609178890180024
5,17,2030,wind_offshore,0.11282503005446738
5,18,2030,wind_offshore,0.11567949572521093
5,19,2030,wind_offshore,0.10915776785167429
5,20,2030,wind_offshore,0.10753492793326785
5,21,2030,wind_offshore,0.119134113079219
5,22,2030,wind_offshore,0.145095273958364
5,23,2030,wind_offshore,0.1898844291756781
5,24,2030,wind_offshore,0.2319745990578484
5,1,2030,wind_onshore,0.04900459799316146
5,2,2030,wind_onshore,0.038540667169766236
5,3,2030,wind_onshore,0.032970275613416936
5,4,2030,wind_onshore,0.02906243869777861
5,5,2030,wind_onshore,0.02570631862572159
5,6,2030,wind_onshore,0.02306901911045888
5,7,2030,wind_onshore,0.017494051799113466
5,8,2030,wind_onshore,0.01699373026495541
5,9,2030,wind_onshore,0.023405167765888264
5,10,2030,wind_onshore,0.03307440565829705
5,11,2030,wind_onshore,0.039742244036576384
5,12,2030,wind_onshore,0.04221492093614926
5,13,2030,wind_onshore,0.04936786516309149
5,14,2030,wind_onshore,0.05547351519510478
5,15,2030,wind_onshore,0.06288800804519255
5,16,2030,wind_onshore,0.06525744463963509
5,17,2030,wind_onshore,0.06436327352125977
5,18,2030,wind_onshore,0.05889072015676677
5,19,2030,wind_onshore,0.045063588008723746
5,20,2030,wind_onshore,0.024573803362902328
5,21,2030,wind_onshore,0.011847784596582414
5,22,2030,wind_onshore,0.009106918771553354
5,23,2030,wind_onshore,0.014787389468351765
5,24,2030,wind_onshore,0.033335542361505724
6,1,2030,demand,0.6071542233624525
6,2,2030,demand,0.5896502451855941
6,3,2030,demand,0.5706686584613385
6,4,2030,demand,0.5665151170720618
6,5,2030,demand,0.5606923651479233
6,6,2030,demand,0.5388075211898808
6,7,2030,demand,0.5647322443412464
6,8,2030,demand,0.6042996784983601
6,9,2030,demand,0.6548338908193421
6,10,2030,demand,0.7111421426947683
6,11,2030,demand,0.759636930471211
6,12,2030,demand,0.7813561523722924
6,13,2030,demand,0.7598999772675608
6,14,2030,demand,0.7423927515993894
6,15,2030,demand,0.7448121326275452
6,16,2030,demand,0.7338583444289287
6,17,2030,demand,0.7302373916149775
6,18,2030,demand,0.7563017568928003
6,19,2030,demand,0.753268600006495
6,20,2030,demand,0.7461598415224239
6,21,2030,demand,0.7216997369532037
6,22,2030,demand,0.6934498100217582
6,23,2030,demand,0.6617672847725132
6,24,2030,demand,0.633338745818855
6,1,2030,solar,0.0
6,2,2030,solar,0.0
6,3,2030,solar,0.0
6,4,2030,solar,0.0
6,5,2030,solar,0.0
6,6,2030,solar,0.0
6,7,2030,solar,0.0
6,8,2030,solar,0.014965000000000001
6,9,2030,solar,0.12436499999999999
6,10,2030,solar,0.2193625
6,11,2030,solar,0.25741250000000004
6,12,2030,solar,0.2783125
6,13,2030,solar,0.27626249999999997
6,14,2030,solar,0.26008749999999997
6,15,2030,solar,0.23131
6,16,2030,solar,0.2085475
6,17,2030,solar,0.1678575
6,18,2030,solar,0.0712025
6,19,2030,solar,0.00447
6,20,2030,solar,0.0
6,21,2030,solar,0.0
6,22,2030,solar,0.0
6,23,2030,solar,0.0
6,24,2030,solar,0.0
6,1,2030,wind_offshore,0.9307451654212318
6,2,2030,wind_offshore,0.9369674021885995
6,3,2030,wind_offshore,0.9385496218912163
6,4,2030,wind_offshore,0.9374114709302621
6,5,2030,wind_offshore,0.9340705659060018
6,6,2030,wind_offshore,0.9294018730901173
6,7,2030,wind_offshore,0.9223463539545912
6,8,2030,wind_offshore,0.9116109352039631
6,9,2030,wind_offshore,0.8970941152093154
6,10,2030,wind_offshore,0.8769262759597922
6,11,2030,wind_offshore,0.8371805863931272
6,12,2030,wind_offshore,0.7826093139092037
6,13,2030,wind_offshore,0.7404507496428202
6,14,2030,wind_offshore,0.6846308953158952
6,15,2030,wind_offshore,0.607967530953466
6,16,2030,wind_offshore,0.5348534849623978
6,17,2030,wind_offshore,0.4677956239813917
6,18,2030,wind_offshore,0.4058535379786161
6,19,2030,wind_offshore,0.35167509212810755
6,20,2030,wind_offshore,0.2987835055723022
6,21,2030,wind_offshore,0.2521530660031159
6,22,2030,wind_offshore,0.22685745432295162
6,23,2030,wind_offshore,0.19155935914122985
6,24,2030,wind_offshore,0.17450914855399985
6,1,2030,wind_onshore,0.6274804025612724
6,2,2030,wind_onshore,0.6356321472843124
6,3,2030,wind_onshore,0.6505346582714492
6,4,2030,wind_onshore,0.6650028674062802
6,5,2030,wind_onshore,0.6708651072827053
6,6,2030,wind_onshore,0.676458591541576
6,7,2030,wind_onshore,0.6635306021409976
6,8,2030,wind_onshore,0.613583402264033
6,9,2030,wind_onshore,0.5493749105730671
6,10,2030,wind_onshore,0.4956718190304112
6,11,2030,wind_onshore,0.4421335881938384
6,12,2030,wind_onshore,0.4012790626639116
6,13,2030,wind_onshore,0.37846752037893805
6,14,2030,wind_onshore,0.3468527557630788
6,15,2030,wind_onshore,0.30184727866257927
6,16,2030,wind_onshore,0.26255549003232864
6,17,2030,wind_onshore,0.2349959746503279
6,18,2030,wind_onshore,0.22134328250076177
6,19,2030,wind_onshore,0.19253987729474187
6,20,2030,wind_onshore,0.16612684541489248
6,21,2030,wind_onshore,0.14176522006558362
6,22,2030,wind_onshore,0.11297828910929127
6,23,2030,wind_onshore,0.09862677766408504
6,24,2030,wind_onshore,0.08716098449293168
7,1,2030,demand,0.6340694313642712
7,2,2030,demand,0.6206118273633618
7,3,2030,demand,0.6041502938979638
7,4,2030,demand,0.60058130094502
7,5,2030,demand,0.6028188224596499
7,6,2030,demand,0.5948657162342091
7,7,2030,demand,0.6679764881628941
7,8,2030,demand,0.6706231935829572
7,9,2030,demand,0.7931055759425844
7,10,2030,demand,0.8264345792875004
7,11,2030,demand,0.820926834020719
7,12,2030,demand,0.8339785016075082
7,13,2030,demand,0.8010359497288344
7,14,2030,demand,0.8035072906179976
7,15,2030,demand,0.8121813399149157
7,16,2030,demand,0.8073458253499172
7,17,2030,demand,0.7667229565160913
7,18,2030,demand,0.753187412723671
7,19,2030,demand,0.76037086350794
7,20,2030,demand,0.7451303867762153
7,21,2030,demand,0.7120124703666417
7,22,2030,demand,0.6659565485662325
7,23,2030,demand,0.6207709544376969
7,24,2030,demand,0.6899782418082031
7,1,2030,solar,0.0
7,2,2030,solar,0.0
7,3,2030,solar,0.0
7,4,2030,solar,0.0
7,5,2030,solar,0.0
7,6,2030,solar,0.0
7,7,2030,solar,0.0
7,8,2030,solar,0.0
7,9,2030,solar,0.011805000000000001
7,10,2030,solar,0.06356250000000001
7,11,2030,solar,0.12092499999999999
7,12,2030,solar,0.16204249999999998
7,13,2030,solar,0.16800500000000002
7,14,2030,solar,0.15654
7,15,2030,solar,0.12877
7,16,2030,solar,0.09473
7,17,2030,solar,0.046115
7,18,2030,solar,0.0060125000000000005
7,19,2030,solar,0.0
7,20,2030,solar,0.0
7,21,2030,solar,0.0
7,22,2030,solar,0.0
7,23,2030,solar,0.0
7,24,2030,solar,0.0
7,1,2030,wind_offshore,0.40267920220145487
7,2,2030,wind_offshore,0.3845438953840472
7,3,2030,wind_offshore,0.35627191599855623
7,4,2030,wind_offshore,0.33587512897105765
7,5,2030,wind_offshore,0.30304223073182146
7,6,2030,wind_offshore,0.27419728539400623
7,7,2030,wind_offshore,0.26862956562081397
7,8,2030,wind_offshore,0.26088538369683323
7,9,2030,wind_offshore,0.26282722720500185
7,10,2030,wind_offshore,0.270714240679341
7,11,2030,wind_offshore,0.26679235462116285
7,12,2030,wind_offshore,0.24999267267271078
7,13,2030,wind_offshore,0.23293048152708062
7,14,2030,wind_offshore,0.1994269298080432
7,15,2030,wind_offshore,0.1837258659443864
7,16,2030,wind_offshore,0.16017500045538396
7,17,2030,wind_offshore,0.14778752406139692
7,18,2030,wind_offshore,0.14011919243404114
7,19,2030,wind_offshore,0.15179451237522573
7,20,2030,wind_offshore,0.1666829313620993
7,21,2030,wind_offshore,0.19393915298895475
7,22,2030,wind_offshore,0.2086416538342231
7,23,2030,wind_offshore,0.17916790680866346
7,24,2030,wind_offshore,0.1646908192225411
7,1,2030,wind_onshore,0.1302891960866598
7,2,2030,wind_onshore,0.12275691927477124
7,3,2030,wind_onshore,0.1088276633755559
7,4,2030,wind_onshore,0.09588339128893598
7,5,2030,wind_onshore,0.07308434476949212
7,6,2030,wind_onshore,0.052594038055756735
7,7,2030,wind_onshore,0.037383701330581165
7,8,2030,wind_onshore,0.034598727394798724
7,9,2030,wind_onshore,0.03778132606563737
7,10,2030,wind_onshore,0.0348684017559078
7,11,2030,wind_onshore,0.03369433437535873
7,12,2030,wind_onshore,0.030771911931064776
7,13,2030,wind_onshore,0.031152681006058454
7,14,2030,wind_onshore,0.031214861298790742
7,15,2030,wind_onshore,0.032353452356862454
7,16,2030,wind_onshore,0.026538108934692595
7,17,2030,wind_onshore,0.01605829902719259
7,18,2030,wind_onshore,0.013293020420384931
7,19,2030,wind_onshore,0.015493219407174056
7,20,2030,wind_onshore,0.01795997471017941
7,21,2030,wind_onshore,0.021451025835530206
7,22,2030,wind_onshore,0.02478782051424379
7,23,2030,wind_onshore,0.025159363089340473
7,24,2030,wind_onshore,0.0230672241140907
8,1,2030,demand,0.551362322605787
8,2,2030,demand,0.533660247458838
8,3,2030,demand,0.5314227259442081
8,4,2030,demand,0.5267041210664761
8,5,2030,demand,0.5390738154775436
8,6,2030,demand,0.562449257948235
8,7,2030,demand,0.5684311369467087
8,8,2030,demand,0.6763777481895236
8,9,2030,demand,0.729519696034813
8,10,2030,demand,0.7414639690838828
8,11,2030,demand,0.7405384340596889
8,12,2030,demand,0.7251485727275679
8,13,2030,demand,0.7262364823174098
8,14,2030,demand,0.7303705387588088
8,15,2030,demand,0.7204202253758971
8,16,2030,demand,0.6808040788490891
8,17,2030,demand,0.6418017081804306
8,18,2030,demand,0.64276621310038
8,19,2030,demand,0.6666157893027636
8,20,2030,demand,0.674351313610236
8,21,2030,demand,0.6304874484460754
8,22,2030,demand,0.5671776052999058
8,23,2030,demand,0.602224531549378
8,24,2030,demand,0.5633065956548566
8,1,2030,solar,0.0
8,2,2030,solar,0.0
8,3,2030,solar,0.0
8,4,2030,solar,0.0
8,5,2030,solar,0.0
8,6,2030,solar,0.0
8,7,2030,solar,0.0008475
8,8,2030,solar,0.0329
8,9,2030,solar,0.12496
8,10,2030,solar,0.20331499999999997
8,11,2030,solar,0.25968749999999996
8,12,2030,solar,0.2845075
8,13,2030,solar,0.2866125
8,14,2030,solar,0.27197499999999997
8,15,2030,solar,0.247955
8,16,2030,solar,0.2333925
8,17,2030,solar,0.195
8,18,2030,solar,0.07869749999999999
8,19,2030,solar,0.0019225000000000002
8,20,2030,solar,0.0
8,21,2030,solar,0.0
8,22,2030,solar,0.0
8,23,2030,solar,0.0
8,24,2030,solar,0.0
8,1,2030,wind_offshore,0.09532723640025718
8,2,2030,wind_offshore,0.09528988286272197
8,3,2030,wind_offshore,0.09577495824058897
8,4,2030,wind_offshore,0.09236062124629059
8,5,2030,wind_offshore,0.08937804309674335
8,6,2030,wind_offshore,0.08471932058709658
8,7,2030,wind_offshore,0.08051749442471566
8,8,2030,wind_offshore,0.07421736537419144
8,9,2030,wind_offshore,0.06732436848004071
8,10,2030,wind_offshore,0.06094650387840393
8,11,2030,wind_offshore,0.05485121365530689
8,12,2030,wind_offshore,0.04615465177816998
8,13,2030,wind_offshore,0.0424492304155193
8,14,2030,wind_offshore,0.04367534464094775
8,15,2030,wind_offshore,0.04507611067753946
8,16,2030,wind_offshore,0.05559283497342348
8,17,2030,wind_offshore,0.06872666605067938
8,18,2030,wind_offshore,0.07635357653919454
8,19,2030,wind_offshore,0.08090521836628792
8,20,2030,wind_offshore,0.08636453794003361
8,21,2030,wind_offshore,0.09178691761802123
8,22,2030,wind_offshore,0.08918487022347209
8,23,2030,wind_offshore,0.08877459436424506
8,24,2030,wind_offshore,0.08707289523426709
8,1,2030,wind_onshore,0.053177637927301506
8,2,2030,wind_onshore,0.05395202200950622
8,3,2030,wind_onshore,0.051425114259090264
8,4,2030,wind_onshore,0.048431248621241145
8,5,2030,wind_onshore,0.042168793330335845
8,6,2030,wind_onshore,0.03645781818932035
8,7,2030,wind_onshore,0.034992496264422385
8,8,2030,wind_onshore,0.032066306626930115
8,9,2030,wind_onshore,0.026679028406653402
8,10,2030,wind_onshore,0.028099106490464508
8,11,2030,wind_onshore,0.027182563971922168
8,12,2030,wind_onshore,0.02526352550190205
8,13,2030,wind_onshore,0.029110479584094077
8,14,2030,wind_onshore,0.03506095680040393
8,15,2030,wind_onshore,0.040340856443283564
8,16,2030,wind_onshore,0.042715752480083025
8,17,2030,wind_onshore,0.039011339010876896
8,18,2030,wind_onshore,0.03251975096211622
8,19,2030,wind_onshore,0.04398204787882612
8,20,2030,wind_onshore,0.04855877487686806
8,21,2030,wind_onshore,0.04870188664299051
8,22,2030,wind_onshore,0.049514781538968045
8,23,2030,wind_onshore,0.04828175786843639
8,24,2030,wind_onshore,0.048047512647069024
9,1,2030,demand,0.5906212450881694
9,2,2030,demand,0.5718247653687527
9,3,2030,demand,0.5668366187120449
9,4,2030,demand,0.5692787321793914
9,5,2030,demand,0.5814568246029942
9,6,2030,demand,0.593712856818108
9,7,2030,demand,0.5911278537329913
9,8,2030,demand,0.7055564576364759
9,9,2030,demand,0.756571298671776
9,10,2030,demand,0.765011528594161
9,11,2030,demand,0.7648588965024519
9,12,2030,demand,0.743178644497126
9,13,2030,demand,0.7581820543630046
9,14,2030,demand,0.764095736043906
9,15,2030,demand,0.7535478842594097
9,16,2030,demand,0.7132919819439484
9,17,2030,demand,0.6748546747637449
9,18,2030,demand,0.6666320267593284
9,19,2030,demand,0.652362549930179
9,20,2030,demand,0.6527002890267268
9,21,2030,demand,0.6571883220212386
9,22,2030,demand,0.605043354009028
9,23,2030,demand,0.6398824408144709
9,24,2030,demand,0.5946221543857371
9,1,2030,solar,0.0
9,2,2030,solar,0.0
9,3,2030,solar,0.0
9,4,2030,solar,0.0
9,5,2030,solar,0.0
9,6,2030,solar,0.0027175000000000003
9,7,2030,solar,0.0426875
9,8,2030,solar,0.1064075
9,9,2030,solar,0.1608075
9,10,2030,solar,0.1798575
9,11,2030,solar,0.18714
9,12,2030,solar,0.1822625
9,13,2030,solar,0.18510500000000002
9,14,2030,solar,0.1711275
9,15,2030,solar,0.1454
9,16,2030,solar,0.123865
9,17,2030,solar,0.10143500000000001
9,18,2030,solar,0.08415
9,19,2030,solar,0.045235000000000004
9,20,2030,solar,0.005997500000000001
9,21,2030,solar,0.0
9,22,2030,solar,0.0
9,23,2030,solar,0.0
9,24,2030,solar,0.0
9,1,2030,wind_offshore,0.9522117895887857
9,2,2030,wind_offshore,0.9497438369991381
9,3,2030,wind_offshore,0.9481697174830184
9,4,2030,wind_offshore,0.9503402955061949
9,5,2030,wind_offshore,0.9515404894549336
9,6,2030,wind_offshore,0.9513009139697087
9,7,2030,wind_offshore,0.9524324076035418
9,8,2030,wind_offshore,0.9526287307959961
9,9,2030,wind_offshore,0.9533901560156799
9,10,2030,wind_offshore,0.953917029368337
9,11,2030,wind_offshore,0.9522606710744334
9,12,2030,wind_offshore,0.9489037060447066
9,13,2030,wind_offshore,0.9489366638268132
9,14,2030,wind_offshore,0.949045079330129
9,15,2030,wind_offshore,0.9515236181404697
9,16,2030,wind_offshore,0.9503283922571076
9,17,2030,wind_offshore,0.9504594610635388
9,18,2030,wind_offshore,0.9493762989407644
9,19,2030,wind_offshore,0.9459737564215311
9,20,2030,wind_offshore,0.9467546142313457
9,21,2030,wind_offshore,0.9454822859448214
9,22,2030,wind_offshore,0.9442475750083756
9,23,2030,wind_offshore,0.9386518930694258
9,24,2030,wind_offshore,0.9302542574602836
9,1,2030,wind_onshore,0.7413705642127218
9,2,2030,wind_onshore,0.7312707489734946
9,3,2030,wind_onshore,0.7426828656325197
9,4,2030,wind_onshore,0.7624719782776075
9,5,2030,wind_onshore,0.7908628572258634
9,6,2030,wind_onshore,0.8092120550454645
9,7,2030,wind_onshore,0.8072926973448665
9,8,2030,wind_onshore,0.7761391954308213
9,9,2030,wind_onshore,0.7714325979513605
9,10,2030,wind_onshore,0.7798672706975259
9,11,2030,wind_onshore,0.7690936600299358
9,12,2030,wind_onshore,0.7632444243136477
9,13,2030,wind_onshore,0.7589860577831684
9,14,2030,wind_onshore,0.7345824764988853
9,15,2030,wind_onshore,0.7214691004259386
9,16,2030,wind_onshore,0.7194649391199486
9,17,2030,wind_onshore,0.7454628264249548
9,18,2030,wind_onshore,0.7838125929216131
9,19,2030,wind_onshore,0.8173590529079687
9,20,2030,wind_onshore,0.8205386299980053
9,21,2030,wind_onshore,0.8002190580033924
9,22,2030,wind_onshore,0.7696817592623385
9,23,2030,wind_onshore,0.7467020767637644
9,24,2030,wind_onshore,0.7145512005014728
10,1,2030,demand,0.5700289026726854
10,2,2030,demand,0.5489039716818758
10,3,2030,demand,0.5359724612736662
10,4,2030,demand,0.5331601337966421
10,5,2030,demand,0.5302893514759848
10,6,2030,demand,0.5321469165069984
10,7,2030,demand,0.5289708700029228
10,8,2030,demand,0.6311044717955379
10,9,2030,demand,0.6969246257266263
10,10,2030,demand,0.7318513947975189
10,11,2030,demand,0.7367875815932193
10,12,2030,demand,0.739034845581788
10,13,2030,demand,0.7553145195336602
10,14,2030,demand,0.755912057935245
10,15,2030,demand,0.752781476309551
10,16,2030,demand,0.7294157763127984
10,17,2030,demand,0.6853732991264249
10,18,2030,demand,0.6785405774039555
10,19,2030,demand,0.65185918877667
10,20,2030,demand,0.6180105868216803
10,21,2030,demand,0.5998019030299094
10,22,2030,demand,0.5730945344721202
10,23,2030,demand,0.6173870684895918
10,24,2030,demand,0.5757087649790537
10,1,2030,solar,0.0
10,2,2030,solar,0.0
10,3,2030,solar,0.0
10,4,2030,solar,0.0
10,5,2030,solar,0.0
10,6,2030,solar,0.0090825
10,7,2030,solar,0.054939999999999996
10,8,2030,solar,0.1248775
10,9,2030,solar,0.22712249999999998
10,10,2030,solar,0.3116425
10,11,2030,solar,0.37655249999999996
10,12,2030,solar,0.4191
10,13,2030,solar,0.4104775
10,14,2030,solar,0.3872525
10,15,2030,solar,0.348665
10,16,2030,solar,0.28042500000000004
10,17,2030,solar,0.2003625
10,18,2030,solar,0.12001999999999999
10,19,2030,solar,0.075785
10,20,2030,solar,0.0250225
10,21,2030,solar,0.0019325
10,22,2030,solar,0.0
10,23,2030,solar,0.0
10,24,2030,solar,0.0
10,1,2030,wind_offshore,0.6024870840744504
10,2,2030,wind_offshore,0.6018438362079126
10,3,2030,wind_offshore,0.5822993773946613
10,4,2030,wind_offshore,0.5715336315502333
10,5,2030,wind_offshore,0.5540498558849114
10,6,2030,wind_offshore,0.5452739136148366
10,7,2030,wind_offshore,0.5241588802949316
10,8,2030,wind_offshore,0.4993424736752896
10,9,2030,wind_offshore,0.4836317484040691
10,10,2030,wind_offshore,0.46047293565589315
10,11,2030,wind_offshore,0.4161858970002973
10,12,2030,wind_offshore,0.3951248039896098
10,13,2030,wind_offshore,0.3697267391073793
10,14,2030,wind_offshore,0.3377197744478061
10,15,2030,wind_offshore,0.3043360710427413
10,16,2030,wind_offshore,0.2741315025383522
10,17,2030,wind_offshore,0.24588538995046488
10,18,2030,wind_offshore,0.23553203205734385
10,19,2030,wind_offshore,0.23668491983797657
10,20,2030,wind_offshore,0.258975729436265
10,21,2030,wind_offshore,0.27318785230063536
10,22,2030,wind_offshore,0.26847728406581217
10,23,2030,wind_offshore,0.24220366160276166
10,24,2030,wind_offshore,0.2136961018822566
10,1,2030,wind_onshore,0.21395408502995336
10,2,2030,wind_onshore,0.24682432720259084
10,3,2030,wind_onshore,0.2818267789671386
10,4,2030,wind_onshore,0.29142000343709357
10,5,2030,wind_onshore,0.27905621380924045
10,6,2030,wind_onshore,0.23024764512805823
10,7,2030,wind_onshore,0.1999205003460498
10,8,2030,wind_onshore,0.18255313313473434
10,9,2030,wind_onshore,0.1846145887084586
10,10,2030,wind_onshore,0.18192002585061412
10,11,2030,wind_onshore,0.16052616753862228
10,12,2030,wind_onshore,0.13809322802506896
10,13,2030,wind_onshore,0.11925032330076546
10,14,2030,wind_onshore,0.0908278210970457
10,15,2030,wind_onshore,0.0648709601520608
10,16,2030,wind_onshore,0.04364016076946801
10,17,2030,wind_onshore,0.032817366875411695
10,18,2030,wind_onshore,0.028280889726011466
10,19,2030,wind_onshore,0.02987693488607424
10,20,2030,wind_onshore,0.03764026227761047
10,21,2030,wind_onshore,0.049775659835945736
10,22,2030,wind_onshore,0.06703702107601814
10,23,2030,wind_onshore,0.08091343353000502
10,24,2030,wind_onshore,0.08121314816723829
11,1,2030,demand,0.7148702627220472
11,2,2030,demand,0.7698210632286558
11,3,2030,demand,0.6772675608092747
11,4,2030,demand,0.6744260059104341
11,5,2030,demand,0.6873997337057123
11,6,2030,demand,0.7122625271977397
11,7,2030,demand,0.7154548111583802
11,8,2030,demand,0.8400610528366836
11,9,2030,demand,0.8873705062838957
11,10,2030,demand,0.8939986360536486
11,11,2030,demand,0.8849511252557399
11,12,2030,demand,0.8845614262981847
11,13,2030,demand,0.8631604585457734
11,14,2030,demand,0.8643165654531875
11,15,2030,demand,0.8674341571136298
11,16,2030,demand,0.8509336537524762
11,17,2030,demand,0.8546877537102588
11,18,2030,demand,0.865998765953301
11,19,2030,demand,0.8726398856883059
11,20,2030,demand,0.8425746111129153
11,21,2030,demand,0.814392881499042
11,22,2030,demand,0.7792160555970513
11,23,2030,demand,0.7643782677881337
11,24,2030,demand,0.7403922969506057
11,1,2030,solar,0.0
11,2,2030,solar,0.0
11,3,2030,solar,0.0
11,4,2030,solar,0.0
11,5,2030,solar,0.0
11,6,2030,solar,0.0
11,7,2030,solar,0.0
11,8,2030,solar,0.0
11,9,2030,solar,0.0
11,10,2030,solar,0.00344
11,11,2030,solar,0.0099125
11,12,2030,solar,0.016165000000000002
11,13,2030,solar,0.0197025
11,14,2030,solar,0.014714999999999999
11,15,2030,solar,0.0072299999999999994
11,16,2030,solar,0.0041475
11,17,2030,solar,0.0
11,18,2030,solar,0.0
11,19,2030,solar,0.0
11,20,2030,solar,0.0
11,21,2030,solar,0.0
11,22,2030,solar,0.0
11,23,2030,solar,0.0
11,24,2030,solar,0.0
11,1,2030,wind_offshore,0.0
11,2,2030,wind_offshore,0.0
11,3,2030,wind_offshore,9.695666666663378e-6
11,4,2030,wind_offshore,0.0
11,5,2030,wind_offshore,0.0
11,6,2030,wind_offshore,0.0
11,7,2030,wind_offshore,0.000294183473684182
11,8,2030,wind_offshore,0.0004087517777777771
11,9,2030,wind_offshore,0.00026743311111109783
11,10,2030,wind_offshore,0.0008364391284696296
11,11,2030,wind_offshore,0.0011819287418755073
11,12,2030,wind_offshore,0.00034187315585202955
11,13,2030,wind_offshore,0.00031349727175957517
11,14,2030,wind_offshore,0.00020524617080159346
11,15,2030,wind_offshore,0.00018213611111110887
11,16,2030,wind_offshore,0.00011968944444444059
11,17,2030,wind_offshore,2.0815555555554454e-5
11,18,2030,wind_offshore,0.0
11,19,2030,wind_offshore,0.0
11,20,2030,wind_offshore,0.0
11,21,2030,wind_offshore,2.702349999999415e-5
11,22,2030,wind_offshore,9.695666666663378e-6
11,23,2030,wind_offshore,0.0
11,24,2030,wind_offshore,0.0
11,1,2030,wind_onshore,9.105439773021768e-5
11,2,2030,wind_onshore,0.00013588858662788106
11,3,2030,wind_onshore,0.00022111136782115577
11,4,2030,wind_onshore,0.0001937203595187667
11,5,2030,wind_onshore,0.00023072121380016955
11,6,2030,wind_onshore,0.00033698396303091154
11,7,2030,wind_onshore,3.158943597800472e-5
11,8,2030,wind_onshore,1.650828957406383e-5
11,9,2030,wind_onshore,6.693404556166535e-6
11,10,2030,wind_onshore,5.86529086571404e-5
11,11,2030,wind_onshore,5.3847023669699774e-5
11,12,2030,wind_onshore,2.589956331877729e-6
11,13,2030,wind_onshore,2.589956331877729e-6
11,14,2030,wind_onshore,3.308857949829758e-5
11,15,2030,wind_onshore,8.552915381210308e-5
11,16,2030,wind_onshore,0.00012624938424174234
11,17,2030,wind_onshore,0.0002530433148221872
11,18,2030,wind_onshore,5.917345729662948e-5
11,19,2030,wind_onshore,1.269972590223847e-5
11,20,2030,wind_onshore,8.34504446703373e-5
11,21,2030,wind_onshore,0.0007682749055401313
11,22,2030,wind_onshore,0.00080945237029034
11,23,2030,wind_onshore,0.0005317000819203765
11,24,2030,wind_onshore,0.00016424832118828387
12,1,2030,demand,0.7106874939109538
12,2,2030,demand,0.8198746468353197
12,3,2030,demand,0.6797031792939954
12,4,2030,demand,0.6800539083557952
12,5,2030,demand,0.6854479914266229
12,6,2030,demand,0.7093755074205176
12,7,2030,demand,0.7128113532296301
12,8,2030,demand,0.8301724417887182
12,9,2030,demand,0.88007014581236
12,10,2030,demand,0.8891663689799629
12,11,2030,demand,0.8855908810443932
12,12,2030,demand,0.8680187055499627
12,13,2030,demand,0.8566102685675315
12,14,2030,demand,0.8572565193388108
12,15,2030,demand,0.8510148410353002
12,16,2030,demand,0.8418179456369954
12,17,2030,demand,0.8437274705290164
12,18,2030,demand,0.8604260708602604
12,19,2030,demand,0.8565518137238982
12,20,2030,demand,0.8366122170623194
12,21,2030,demand,0.8090182833760919
12,22,2030,demand,0.7776085473971358
12,23,2030,demand,0.7581430844672491
12,24,2030,demand,0.7365537622186861
12,1,2030,solar,0.0
12,2,2030,solar,0.0
12,3,2030,solar,0.0
12,4,2030,solar,0.0
12,5,2030,solar,0.0
12,6,2030,solar,0.0
12,7,2030,solar,0.0
12,8,2030,solar,0.0
12,9,2030,solar,0.0
12,10,2030,solar,0.0030700000000000002
12,11,2030,solar,0.0077350000000000006
12,12,2030,solar,0.012032500000000002
12,13,2030,solar,0.015592499999999999
12,14,2030,solar,0.0118475
12,15,2030,solar,0.006362499999999999
12,16,2030,solar,0.0028825
12,17,2030,solar,1.0e-5
12,18,2030,solar,0.0
12,19,2030,solar,0.0
12,20,2030,solar,0.0
12,21,2030,solar,0.0
12,22,2030,solar,0.0
12,23,2030,solar,0.0
12,24,2030,solar,0.0
12,1,2030,wind_offshore,7.491629882092692e-5
12,2,2030,wind_offshore,0.0
12,3,2030,wind_offshore,1.25449999999974e-5
12,4,2030,wind_offshore,9.263909661403507e-5
12,5,2030,wind_offshore,0.00015269076352633035
12,6,2030,wind_offshore,0.00013148403164870226
12,7,2030,wind_offshore,0.0
12,8,2030,wind_offshore,0.0
12,9,2030,wind_offshore,5.0121666666633785e-6
12,10,2030,wind_offshore,4.9847777777772335e-6
12,11,2030,wind_offshore,0.00025766188304090137
12,12,2030,wind_offshore,0.0
12,13,2030,wind_offshore,6.937897660814972e-5
12,14,2030,wind_offshore,4.957388888886149e-6
12,15,2030,wind_offshore,0.0
12,16,2030,wind_offshore,0.0
12,17,2030,wind_offshore,0.0
12,18,2030,wind_offshore,0.0
12,19,2030,wind_offshore,5.139484680255817e-5
12,20,2030,wind_offshore,0.00024813732612787557
12,21,2030,wind_offshore,0.0003635766406697602
12,22,2030,wind_offshore,8.29031090231313e-5
12,23,2030,wind_offshore,7.835577180050625e-5
12,24,2030,wind_offshore,5.8077936665840376e-5
12,1,2030,wind_onshore,0.0002807226661245986
12,2,2030,wind_onshore,0.00010295533064491064
12,3,2030,wind_onshore,7.039055242838039e-5
12,4,2030,wind_onshore,8.441645995589526e-5
12,5,2030,wind_onshore,2.1693874099966728e-5
12,6,2030,wind_onshore,3.811659073055774e-5
12,7,2030,wind_onshore,3.8072708427438693e-6
12,8,2030,wind_onshore,1.9391282790094125e-5
12,9,2030,wind_onshore,0.0
12,10,2030,wind_onshore,0.0
12,11,2030,wind_onshore,0.0
12,12,2030,wind_onshore,0.0
12,13,2030,wind_onshore,0.0
12,14,2030,wind_onshore,3.107947598253275e-7
12,15,2030,wind_onshore,5.428295636961138e-5
12,16,2030,wind_onshore,1.5331750260392867e-5
12,17,2030,wind_onshore,0.0
12,18,2030,wind_onshore,1.3522709224566665e-6
12,19,2030,wind_onshore,0.00011023067970294262
12,20,2030,wind_onshore,0.0001781802855013663
12,21,2030,wind_onshore,0.001342997895376135
12,22,2030,wind_onshore,0.0020178370167325183
12,23,2030,wind_onshore,0.0012577695828389804
12,24,2030,wind_onshore,0.0004977041156131357
13,1,2030,demand,0.7377098691261
13,2,2030,demand,0.7668528561686098
13,3,2030,demand,0.7019874646835319
13,4,2030,demand,0.6989900302016692
13,5,2030,demand,0.6939661611405189
13,6,2030,demand,0.6865683759295944
13,7,2030,demand,0.73573539440782
13,8,2030,demand,0.8003409865878609
13,9,2030,demand,0.8500763160458547
13,10,2030,demand,0.877173383561199
13,11,2030,demand,0.8960867729678823
13,12,2030,demand,0.9091384405546715
13,13,2030,demand,0.8807780989185854
13,14,2030,demand,0.8873672587925827
13,15,2030,demand,0.8921410710226351
13,16,2030,demand,0.8802552528171987
13,17,2030,demand,0.8537459812295003
13,18,2030,demand,0.8648459065372001
13,19,2030,demand,0.8688338258695159
13,20,2030,demand,0.8440164972558698
13,21,2030,demand,0.8153671288929302
13,22,2030,demand,0.7867047705647388
13,23,2030,demand,0.759055629526191
13,24,2030,demand,0.7757704673139999
13,1,2030,solar,0.0
13,2,2030,solar,0.0
13,3,2030,solar,0.0
13,4,2030,solar,0.0
13,5,2030,solar,0.0
13,6,2030,solar,0.0
13,7,2030,solar,0.0
13,8,2030,solar,0.0
13,9,2030,solar,0.0
13,10,2030,solar,0.00321
13,11,2030,solar,0.0104025
13,12,2030,solar,0.018205000000000002
13,13,2030,solar,0.024345
13,14,2030,solar,0.02096
13,15,2030,solar,0.011377499999999999
13,16,2030,solar,0.004484999999999999
13,17,2030,solar,0.0
13,18,2030,solar,0.0
13,19,2030,solar,0.0
13,20,2030,solar,0.0
13,21,2030,solar,0.0
13,22,2030,solar,0.0
13,23,2030,solar,0.0
13,24,2030,solar,0.0
13,1,2030,wind_offshore,0.00010446979513629927
13,2,2030,wind_offshore,0.0
13,3,2030,wind_offshore,0.0
13,4,2030,wind_offshore,0.0
13,5,2030,wind_offshore,0.00026631985069185306
13,6,2030,wind_offshore,0.0003261799444444399
13,7,2030,wind_offshore,0.0004940695555555544
13,8,2030,wind_offshore,0.0004407949444444373
13,9,2030,wind_offshore,0.000326247111111103
13,10,2030,wind_offshore,0.00037959999999999996
13,11,2030,wind_offshore,0.0004937513350829529
13,12,2030,wind_offshore,5.7845333333331693e-5
13,13,2030,wind_offshore,8.413866666666339e-5
13,14,2030,wind_offshore,7.362133333333173e-5
13,15,2030,wind_offshore,0.000302660177188242
13,16,2030,wind_offshore,0.00017879466666666336
13,17,2030,wind_offshore,0.00017088831278146236
13,18,2030,wind_offshore,0.0008098557980753449
13,19,2030,wind_offshore,0.0010155021286549252
13,20,2030,wind_offshore,0.0007188098421052399
13,21,2030,wind_offshore,0.0012555888333333316
13,22,2030,wind_offshore,0.0017707896754385714
13,23,2030,wind_offshore,0.0018241158421052398
13,24,2030,wind_offshore,0.0006048677848194389
13,1,2030,wind_onshore,9.211147848655935e-5
13,2,2030,wind_onshore,8.857956899810875e-5
13,3,2030,wind_onshore,0.0010369749585847155
13,4,2030,wind_onshore,0.0010349214998067635
13,5,2030,wind_onshore,0.001449443363536153
13,6,2030,wind_onshore,0.0012895198070478342
13,7,2030,wind_onshore,0.00014780248102129836
13,8,2030,wind_onshore,2.1974867460983906e-6
13,9,2030,wind_onshore,0.0
13,10,2030,wind_onshore,0.0
13,11,2030,wind_onshore,1.5786331500392775e-6
13,12,2030,wind_onshore,1.8943597800471324e-7
13,13,2030,wind_onshore,1.5889435978004715e-5
13,14,2030,wind_onshore,3.594746143792643e-5
13,15,2030,wind_onshore,4.4350719513895086e-5
13,16,2030,wind_onshore,4.8507004195123674e-5
13,17,2030,wind_onshore,4.33632264230242e-5
13,18,2030,wind_onshore,2.1659427909864606e-5
13,19,2030,wind_onshore,7.582102549765537e-5
13,20,2030,wind_onshore,0.0005137998880809148
13,21,2030,wind_onshore,0.0011992430936481292
13,22,2030,wind_onshore,0.002021237698178002
13,23,2030,wind_onshore,0.0016559974239933727
13,24,2030,wind_onshore,0.0011240855497280332
14,1,2030,demand,0.7203357906017601
14,2,2030,demand,0.7908485694800766
14,3,2030,demand,0.6864287338031371
14,4,2030,demand,0.6878186600850843
14,5,2030,demand,0.6889357970967428
14,6,2030,demand,0.6777059721365245
14,7,2030,demand,0.7339330367291268
14,8,2030,demand,0.8071509758711395
14,9,2030,demand,0.8560387100964505
14,10,2030,demand,0.8968466859351151
14,11,2030,demand,0.9013931737732601
14,12,2030,demand,0.9020751469489818
14,13,2030,demand,0.8711915045627252
14,14,2030,demand,0.8757250024356185
14,15,2030,demand,0.8827850485499951
14,16,2030,demand,0.8699639528464261
14,17,2030,demand,0.849618419770727
14,18,2030,demand,0.8595102783100056
14,19,2030,demand,0.8728509726236483
14,20,2030,demand,0.8518981586724256
14,21,2030,demand,0.8232682752573637
14,22,2030,demand,0.7883447536777839
14,23,2030,demand,0.7619264118468483
14,24,2030,demand,0.756155619783717
14,1,2030,solar,0.0
14,2,2030,solar,0.0
14,3,2030,solar,0.0
14,4,2030,solar,0.0
14,5,2030,solar,0.0
14,6,2030,solar,0.0
14,7,2030,solar,0.0
14,8,2030,solar,0.0
14,9,2030,solar,0.0
14,10,2030,solar,0.00221
14,11,2030,solar,0.0062425
14,12,2030,solar,0.011380000000000001
14,13,2030,solar,0.0162825
14,14,2030,solar,0.013715
14,15,2030,solar,0.0092125
14,16,2030,solar,0.004045
14,17,2030,solar,2.75e-5
14,18,2030,solar,0.0
14,19,2030,solar,0.0
14,20,2030,solar,0.0
14,21,2030,solar,0.0
14,22,2030,solar,0.0
14,23,2030,solar,0.0
14,24,2030,solar,0.0
14,1,2030,wind_offshore,0.0014380451323589552
14,2,2030,wind_offshore,0.0014469358232620847
14,3,2030,wind_offshore,0.0013305100526315374
14,4,2030,wind_offshore,0.00020358647220172915
14,5,2030,wind_offshore,7.358703801169154e-5
14,6,2030,wind_offshore,4.144424997950639e-5
14,7,2030,wind_offshore,0.0
14,8,2030,wind_offshore,0.0
14,9,2030,wind_offshore,5.066944444440609e-6
14,10,2030,wind_offshore,0.0
14,11,2030,wind_offshore,0.0
14,12,2030,wind_offshore,5.066944444440608e-6
14,13,2030,wind_offshore,6.33749999999948e-5
14,14,2030,wind_offshore,0.00047203083918126
14,15,2030,wind_offshore,0.001340029678293589
14,16,2030,wind_offshore,0.0019278479665821495
14,17,2030,wind_offshore,0.0010345253032618008
14,18,2030,wind_offshore,0.0005024631721935622
14,19,2030,wind_offshore,6.637003551435703e-5
14,20,2030,wind_offshore,0.0003737355904924161
14,21,2030,wind_offshore,0.0021131748491770774
14,22,2030,wind_offshore,0.0028663304917710616
14,23,2030,wind_offshore,0.00337186692648902
14,24,2030,wind_offshore,0.004583209816675021
14,1,2030,wind_onshore,0.0003737624587150008
14,2,2030,wind_onshore,0.0002960002572390405
14,3,2030,wind_onshore,0.0002482065222787913
14,4,2030,wind_onshore,0.0002936963276362961
14,5,2030,wind_onshore,9.058479515499371e-5
14,6,2030,wind_onshore,3.547200241441443e-5
14,7,2030,wind_onshore,5.360082808076946e-5
14,8,2030,wind_onshore,5.949273811435434e-5
14,9,2030,wind_onshore,4.168589481917006e-6
14,10,2030,wind_onshore,1.269972590223847e-5
14,11,2030,wind_onshore,0.0
14,12,2030,wind_onshore,0.0
14,13,2030,wind_onshore,3.107947598253275e-7
14,14,2030,wind_onshore,2.699e-5
14,15,2030,wind_onshore,3.107947598253275e-7
14,16,2030,wind_onshore,3.954e-5
14,17,2030,wind_onshore,0.0001117825152838428
14,18,2030,wind_onshore,0.0006563897195503423
14,19,2030,wind_onshore,0.00029441238634011016
14,20,2030,wind_onshore,0.0007124756609211813
14,21,2030,wind_onshore,0.0005752557175187034
14,22,2030,wind_onshore,0.0007880662500130217
14,23,2030,wind_onshore,0.0005151338158349223
14,24,2030,wind_onshore,0.0004729897957330401
15,1,2030,demand,0.7147825804565973
15,2,2030,demand,0.779738901698438
15,3,2030,demand,0.6817296138732829
15,4,2030,demand,0.6825284967362711
15,5,2030,demand,0.6818302861039847
15,6,2030,demand,0.6934075926346897
15,7,2030,demand,0.7295943883350112
15,8,2030,demand,0.8129509953560874
15,9,2030,demand,0.8775533400448153
15,10,2030,demand,0.8936738869223525
15,11,2030,demand,0.893138050855714
15,12,2030,demand,0.9011853343292306
15,13,2030,demand,0.868811093430325
15,14,2030,demand,0.8722371967654986
15,15,2030,demand,0.8786444971259701
15,16,2030,demand,0.8641801708180431
15,17,2030,demand,0.8531939077062969
15,18,2030,demand,0.8592569739875945
15,19,2030,demand,0.8507225668171338
15,20,2030,demand,0.8316403078621765
15,21,2030,demand,0.8003929464488683
15,22,2030,demand,0.7726658656188095
15,23,2030,demand,0.7507517942389504
15,24,2030,demand,0.7507550417302634
15,1,2030,solar,0.0
15,2,2030,solar,0.0
15,3,2030,solar,0.0
15,4,2030,solar,0.0
15,5,2030,solar,0.0
15,6,2030,solar,0.0
15,7,2030,solar,0.0
15,8,2030,solar,0.0
15,9,2030,solar,0.0
15,10,2030,solar,0.002715
15,11,2030,solar,0.01013
15,12,2030,solar,0.019415
15,13,2030,solar,0.03325
15,14,2030,solar,0.0215425
15,15,2030,solar,0.00979
15,16,2030,solar,0.00425
15,17,2030,solar,6.5e-5
15,18,2030,solar,0.0
15,19,2030,solar,0.0
15,20,2030,solar,0.0
15,21,2030,solar,0.0
15,22,2030,solar,0.0
15,23,2030,solar,0.0
15,24,2030,solar,0.0
15,1,2030,wind_offshore,0.0011951758304093087
15,2,2030,wind_offshore,0.00080217938459018
15,3,2030,wind_offshore,0.000319191236249486
15,4,2030,wind_offshore,0.0002544667293306442
15,5,2030,wind_offshore,0.00011653972222221785
15,6,2030,wind_offshore,0.00011653972222221782
15,7,2030,wind_offshore,1.5200833333331687e-5
15,8,2030,wind_offshore,1.7351944444440606e-5
15,9,2030,wind_offshore,2.45699999999935e-5
15,10,2030,wind_offshore,0.0007344575313190863
15,11,2030,wind_offshore,0.0015834520075846453
15,12,2030,wind_offshore,0.0019101122717897368
15,13,2030,wind_offshore,0.000993372364740726
15,14,2030,wind_offshore,0.0009144588160221233
15,15,2030,wind_offshore,0.0006738709999999999
15,16,2030,wind_offshore,0.00022543533333333165
15,17,2030,wind_offshore,0.00012863299999999999
15,18,2030,wind_offshore,0.00021442283333332422
15,19,2030,wind_offshore,0.0005937520471951305
15,20,2030,wind_offshore,0.0016970298495175228
15,21,2030,wind_offshore,0.002092987417480036
15,22,2030,wind_offshore,0.0024140894528090965
15,23,2030,wind_offshore,0.004889407256926346
15,24,2030,wind_offshore,0.003412827908621936
15,1,2030,wind_onshore,0.0001360609459804541
15,2,2030,wind_onshore,0.00011203412854523018
15,3,2030,wind_onshore,0.00034734002969083797
15,4,2030,wind_onshore,0.00039607751915080535
15,5,2030,wind_onshore,0.00044340658629385963
15,6,2030,wind_onshore,0.0005297537280965121
15,7,2030,wind_onshore,0.0006049763067947265
15,8,2030,wind_onshore,0.00019483097516365225
15,9,2030,wind_onshore,4.9660751091703056e-5
15,10,2030,wind_onshore,0.0001394430290045211
15,11,2030,wind_onshore,0.0003047359764336214
15,12,2030,wind_onshore,0.00014616918439061872
15,13,2030,wind_onshore,0.00019231148032231352
15,14,2030,wind_onshore,0.00017089874778654262
15,15,2030,wind_onshore,8.325438389994273e-5
15,16,2030,wind_onshore,4.903946788009653e-5
15,17,2030,wind_onshore,0.0
15,18,2030,wind_onshore,0.0
15,19,2030,wind_onshore,3.107947598253275e-7
15,20,2030,wind_onshore,0.00021825371469343043
15,21,2030,wind_onshore,0.00019278497658117461
15,22,2030,wind_onshore,0.0004263315217314489
15,23,2030,wind_onshore,0.0002534812967013994
15,24,2030,wind_onshore,0.0001594374731262683
16,1,2030,demand,0.726145552560647
16,2,2030,demand,0.8065924073653103
16,3,2030,demand,0.6923748903971682
16,4,2030,demand,0.69073165979281
16,5,2030,demand,0.687838145032962
16,6,2030,demand,0.692394375345046
16,7,2030,demand,0.7362095281395121
16,8,2030,demand,0.8122885071282434
16,9,2030,demand,0.8618419770727114
16,10,2030,demand,0.8851752021563343
16,11,2030,demand,0.8703211768908518
16,12,2030,demand,0.883531971551976
16,13,2030,demand,0.8595654856623258
16,14,2030,demand,0.8643328029097522
16,15,2030,demand,0.8671321404215243
16,16,2030,demand,0.8557919007566656
16,17,2030,demand,0.8374955346994447
16,18,2030,demand,0.865430454973533
16,19,2030,demand,0.8527002890267269
16,20,2030,demand,0.8432273568668204
16,21,2030,demand,0.8158055402201798
16,22,2030,demand,0.7872730815445068
16,23,2030,demand,0.7598512648978664
16,24,2030,demand,0.7618517195466502
16,1,2030,solar,0.0
16,2,2030,solar,0.0
16,3,2030,solar,0.0
16,4,2030,solar,0.0
16,5,2030,solar,0.0
16,6,2030,solar,0.0
16,7,2030,solar,0.0
16,8,2030,solar,0.0
16,9,2030,solar,0.0
16,10,2030,solar,0.002345
16,11,2030,solar,0.008462500000000001
16,12,2030,solar,0.016355
16,13,2030,solar,0.026575
16,14,2030,solar,0.019835
16,15,2030,solar,0.012375
16,16,2030,solar,0.0047625
16,17,2030,solar,0.0
16,18,2030,solar,0.0
16,19,2030,solar,0.0
16,20,2030,solar,0.0
16,21,2030,solar,0.0
16,22,2030,solar,0.0
16,23,2030,solar,0.0
16,24,2030,solar,0.0
16,1,2030,wind_offshore,1.5036500000000004e-5
16,2,2030,wind_offshore,2.0048666666663377e-5
16,3,2030,wind_offshore,0.00014530252339180902
16,4,2030,wind_offshore,1.4789999999999996e-5
16,5,2030,wind_offshore,0.0003549380842802838
16,6,2030,wind_offshore,0.0004553706475067411
16,7,2030,wind_offshore,0.0004527650426594435
16,8,2030,wind_offshore,0.0005608523040288905
16,9,2030,wind_offshore,0.000185698118193728
16,10,2030,wind_offshore,0.0006222194798575255
16,11,2030,wind_offshore,0.00011599005263153745
16,12,2030,wind_offshore,1.8953111111108913e-5
16,13,2030,wind_offshore,0.0002079186699827794
16,14,2030,wind_offshore,9.021899999999998e-5
16,15,2030,wind_offshore,7.637269454677995e-5
16,16,2030,wind_offshore,0.0002911448072200446
16,17,2030,wind_offshore,0.0002011068462013882
16,18,2030,wind_offshore,0.000106186377192961
16,19,2030,wind_offshore,0.0002579476929824321
16,20,2030,wind_offshore,0.0006183650994151767
16,21,2030,wind_offshore,0.0004967379912280426
16,22,2030,wind_offshore,9.650463157894218e-5
16,23,2030,wind_offshore,6.907924561403179e-5
16,24,2030,wind_offshore,5.012166666663379e-6
16,1,2030,wind_onshore,6.751076478260975e-5
16,2,2030,wind_onshore,1.7244341706040707e-5
16,3,2030,wind_onshore,9.771731598804336e-5
16,4,2030,wind_onshore,0.00010911306472693565
16,5,2030,wind_onshore,9.581866885027934e-5
16,6,2030,wind_onshore,0.00011263767384885344
16,7,2030,wind_onshore,4.4895568230197084e-5
16,8,2030,wind_onshore,9.692385824846577e-6
16,9,2030,wind_onshore,1.5319835214909085e-5
16,10,2030,wind_onshore,1.3741202064869809e-5
16,11,2030,wind_onshore,2.8839765736695165e-5
16,12,2030,wind_onshore,1.041476162631339e-6
16,13,2030,wind_onshore,1.269972590223847e-5
16,14,2030,wind_onshore,0.0001194671505322102
16,15,2030,wind_onshore,8.432861732356704e-5
16,16,2030,wind_onshore,5.478006054459539e-5
16,17,2030,wind_onshore,4.609770507250578e-5
16,18,2030,wind_onshore,0.0
16,19,2030,wind_onshore,0.0
16,20,2030,wind_onshore,0.0001203899368826197
16,21,2030,wind_onshore,7.76420976108662e-5
16,22,2030,wind_onshore,0.0006062869530157093
16,23,2030,wind_onshore,0.0005096621613322086
16,24,2030,wind_onshore,0.00025167568292142224
17,1,2030,demand,0.7261715324911506
17,2,2030,demand,0.7838989380703406
17,3,2030,demand,0.6908777969018933
17,4,2030,demand,0.6873997337057123
17,5,2030,demand,0.6824115870490046
17,6,2030,demand,0.7034293508264866
17,7,2030,demand,0.7297340304614686
17,8,2030,demand,0.8361056084174975
17,9,2030,demand,0.885519436235508
17,10,2030,demand,0.9004481538011886
17,11,2030,demand,0.8912739908420745
17,12,2030,demand,0.8893969408631832
17,13,2030,demand,0.868570779073166
17,14,2030,demand,0.8772740557919008
17,15,2030,demand,0.8811580554022018
17,16,2030,demand,0.8701490598512649
17,17,2030,demand,0.8527067840093528
17,18,2030,demand,0.869226772318384
17,19,2030,demand,0.8555483389081935
17,20,2030,demand,0.8452895138505504
17,21,2030,demand,0.8173286136459585
17,22,2030,demand,0.7883772285909135
17,23,2030,demand,0.7604423083168252
17,24,2030,demand,0.768905270678401
17,1,2030,solar,0.0
17,2,2030,solar,0.0
17,3,2030,solar,0.0
17,4,2030,solar,0.0
17,5,2030,solar,0.0
17,6,2030,solar,0.0
17,7,2030,solar,0.0
17,8,2030,solar,0.0
17,9,2030,solar,0.0
17,10,2030,solar,0.0032975
17,11,2030,solar,0.0087425
17,12,2030,solar,0.01569
17,13,2030,solar,0.0208275
17,14,2030,solar,0.0158275
17,15,2030,solar,0.0096275
17,16,2030,solar,0.0037599999999999995
17,17,2030,solar,2.25e-5
17,18,2030,solar,0.0
17,19,2030,solar,0.0
17,20,2030,solar,0.0
17,21,2030,solar,0.0
17,22,2030,solar,0.0
17,23,2030,solar,0.0
17,24,2030,solar,0.0
17,1,2030,wind_offshore,0.0
17,2,2030,wind_offshore,0.00045729664851511286
17,3,2030,wind_offshore,0.00044325491167299726
17,4,2030,wind_offshore,0.00032757111111110884
17,5,2030,wind_offshore,0.00011618745427002685
17,6,2030,wind_offshore,4.2819933595344524e-5
17,7,2030,wind_offshore,8.048287603367664e-6
17,8,2030,wind_offshore,0.0
17,9,2030,wind_offshore,0.0
17,10,2030,wind_offshore,0.0
17,11,2030,wind_offshore,0.0
17,12,2030,wind_offshore,0.0
17,13,2030,wind_offshore,0.0
17,14,2030,wind_offshore,0.0
17,15,2030,wind_offshore,6.604693621548908e-5
17,16,2030,wind_offshore,7.322819967503974e-5
17,17,2030,wind_offshore,6.0052286549680414e-5
17,18,2030,wind_offshore,1.5365166666663377e-5
17,19,2030,wind_offshore,1.0243444444440608e-5
17,20,2030,wind_offshore,0.0
17,21,2030,wind_offshore,1.9500888888886152e-5
17,22,2030,wind_offshore,7.312833333333168e-5
17,23,2030,wind_offshore,7.67865e-5
17,24,2030,wind_offshore,5.0121666666633785e-6
17,1,2030,wind_onshore,3.90568386642365e-5
17,2,2030,wind_onshore,0.0008336723140327401
17,3,2030,wind_onshore,0.001846252852477847
17,4,2030,wind_onshore,0.0016293480442183678
17,5,2030,wind_onshore,0.0007418756190986908
17,6,2030,wind_onshore,0.0004327274362162973
17,7,2030,wind_onshore,0.00012082563770841102
17,8,2030,wind_onshore,1.5786331500392775e-6
17,9,2030,wind_onshore,1.5786331500392775e-6
17,10,2030,wind_onshore,1.8943597800471324e-7
17,11,2030,wind_onshore,1.8943597800471324e-7
17,12,2030,wind_onshore,2.1974867460983906e-6
17,13,2030,wind_onshore,1.041476162631339e-6
17,14,2030,wind_onshore,3.190023073783005e-5
17,15,2030,wind_onshore,3.387399006192514e-5
17,16,2030,wind_onshore,2.1974867460983906e-6
17,17,2030,wind_onshore,0.0
17,18,2030,wind_onshore,2.8947505106048705e-5
17,19,2030,wind_onshore,1.8943597800471324e-7
17,20,2030,wind_onshore,0.0
17,21,2030,wind_onshore,2.2670751091703056e-5
17,22,2030,wind_onshore,0.00011888289051026949
17,23,2030,wind_onshore,7.946715332256488e-5
17,24,2030,wind_onshore,2.979954529067533e-5
18,1,2030,demand,0.7156399181632189
18,2,2030,demand,0.7822979248530509
18,3,2030,demand,0.6812067677718963
18,4,2030,demand,0.6790764134705939
18,5,2030,demand,0.6757185074529926
18,6,2030,demand,0.7010391972201474
18,7,2030,demand,0.7262527197739747
18,8,2030,demand,0.8196862923391679
18,9,2030,demand,0.8686974312343714
18,10,2030,demand,0.9221511382457052
18,11,2030,demand,0.9582664891371416
18,12,2030,demand,0.9562270645926022
18,13,2030,demand,0.9907251648101841
18,14,2030,demand,1.0
18,15,2030,demand,0.9802844802390154
18,16,2030,demand,0.9507128243431948
18,17,2030,demand,0.8970999902575261
18,18,2030,demand,0.8833858344428929
18,19,2030,demand,0.850943396226415
18,20,2030,demand,0.8284285389536583
18,21,2030,demand,0.7996232910076966
18,22,2030,demand,0.7738706848959179
18,23,2030,demand,0.752268372682103
18,24,2030,demand,0.7576202383658625
18,1,2030,solar,0.0
18,2,2030,solar,0.0
18,3,2030,solar,0.0
18,4,2030,solar,0.0
18,5,2030,solar,0.0
18,6,2030,solar,0.0
18,7,2030,solar,0.0
18,8,2030,solar,0.0
18,9,2030,solar,0.0
18,10,2030,solar,0.00251
18,11,2030,solar,0.008347499999999999
18,12,2030,solar,0.015692499999999998
18,13,2030,solar,0.021062499999999998
18,14,2030,solar,0.0164925
18,15,2030,solar,0.0099075
18,16,2030,solar,0.003935
18,17,2030,solar,1.5e-5
18,18,2030,solar,0.0
18,19,2030,solar,0.0
18,20,2030,solar,0.0
18,21,2030,solar,0.0
18,22,2030,solar,0.0
18,23,2030,solar,0.0
18,24,2030,solar,0.0
18,1,2030,wind_offshore,0.0008605154950160438
18,2,2030,wind_offshore,0.0008460491582437623
18,3,2030,wind_offshore,0.0015849163271534857
18,4,2030,wind_offshore,0.0030775189158187203
18,5,2030,wind_offshore,0.0028310737657090655
18,6,2030,wind_offshore,0.0024220641471856355
18,7,2030,wind_offshore,0.0025497583848358213
18,8,2030,wind_offshore,0.0016031999515270312
18,9,2030,wind_offshore,0.00085669811813123
18,10,2030,wind_offshore,0.0004494666508724239
18,11,2030,wind_offshore,0.00042904819786292056
18,12,2030,wind_offshore,0.00010565325685741427
18,13,2030,wind_offshore,0.00010565325685741427
18,14,2030,wind_offshore,6.750671112745843e-5
18,15,2030,wind_offshore,4.6145565954285904e-5
18,16,2030,wind_offshore,4.9045451649853593e-5
18,17,2030,wind_offshore,4.5968708507325655e-5
18,18,2030,wind_offshore,1.8344771391135707e-5
18,19,2030,wind_offshore,7.102612552197696e-5
18,20,2030,wind_offshore,0.00018403622053287164
18,21,2030,wind_offshore,0.0011123990625153445
18,22,2030,wind_offshore,0.0006515199439294384
18,23,2030,wind_offshore,0.00024256476023390845
18,24,2030,wind_offshore,0.0004447356105961018
18,1,2030,wind_onshore,0.0004750619835531285
18,2,2030,wind_onshore,0.00043389180677523104
18,3,2030,wind_onshore,0.0008277603801571408
18,4,2030,wind_onshore,0.001594059588868532
18,5,2030,wind_onshore,0.002105461586467325
18,6,2030,wind_onshore,0.0015123064857910178
18,7,2030,wind_onshore,0.0007084744281425741
18,8,2030,wind_onshore,0.00037327044139067855
18,9,2030,wind_onshore,0.0004873776735004917
18,10,2030,wind_onshore,0.00015512421419291777
18,11,2030,wind_onshore,0.0002950099880852768
18,12,2030,wind_onshore,0.00029442660869752086
18,13,2030,wind_onshore,0.00023615616292181466
18,14,2030,wind_onshore,0.0004462710651481306
18,15,2030,wind_onshore,0.00014455356252648715
18,16,2030,wind_onshore,0.00026087617905647765
18,17,2030,wind_onshore,4.9380109312670615e-5
18,18,2030,wind_onshore,2.699e-5
18,19,2030,wind_onshore,5.394939230988245e-5
18,20,2030,wind_onshore,0.0003568578382711697
18,21,2030,wind_onshore,0.0005975063395722775
18,22,2030,wind_onshore,0.000985971539423701
18,23,2030,wind_onshore,0.0006341936473076989
18,24,2030,wind_onshore,0.0004623157838611168
19,1,2030,demand,0.714798817913162
19,2,2030,demand,0.793303672912675
19,3,2030,demand,0.6802130354301302
19,4,2030,demand,0.6765206378072938
19,5,2030,demand,0.6685253141947846
19,6,2030,demand,0.6875361283408566
19,7,2030,demand,0.7149806774266879
19,8,2030,demand,0.8050888188874095
19,9,2030,demand,0.8594193485532425
19,10,2030,demand,0.8740882668138863
19,11,2030,demand,0.8670087357516318
19,12,2030,demand,0.8729873672587927
19,13,2030,demand,0.9001818595135258
19,14,2030,demand,0.9202805832494398
19,15,2030,demand,0.9089825609716494
19,16,2030,demand,0.8816191991686423
19,17,2030,demand,0.8443769687916085
19,18,2030,demand,0.8531711752671062
19,19,2030,demand,0.8592991913746632
19,20,2030,demand,0.8370928457766375
19,21,2030,demand,0.801068424641964
19,22,2030,demand,0.7633975254116195
19,23,2030,demand,0.7438865976033514
19,24,2030,demand,0.7575065761699088
19,1,2030,solar,0.0
19,2,2030,solar,0.0
19,3,2030,solar,0.0
19,4,2030,solar,0.0
19,5,2030,solar,0.0
19,6,2030,solar,0.0
19,7,2030,solar,0.0
19,8,2030,solar,0.0
19,9,2030,solar,0.0
19,10,2030,solar,0.0022225
19,11,2030,solar,0.008307499999999999
19,12,2030,solar,0.0160525
19,13,2030,solar,0.030905
19,14,2030,solar,0.022680000000000002
19,15,2030,solar,0.008992499999999999
19,16,2030,solar,0.003725
19,17,2030,solar,4.0e-5
19,18,2030,solar,0.0
19,19,2030,solar,0.0
19,20,2030,solar,0.0
19,21,2030,solar,0.0
19,22,2030,solar,0.0
19,23,2030,solar,0.0
19,24,2030,solar,0.0
19,1,2030,wind_offshore,1.2284999999999998e-5
19,2,2030,wind_offshore,1.9281777777777226e-5
19,3,2030,wind_offshore,2.8673027102268074e-6
19,4,2030,wind_offshore,0.0001350655940391361
19,5,2030,wind_offshore,0.001032902999999996
19,6,2030,wind_offshore,0.0007236846875460369
19,7,2030,wind_offshore,0.00034819309838516585
19,8,2030,wind_offshore,0.0002882726773325285
19,9,2030,wind_offshore,0.00033988805263152565
19,10,2030,wind_offshore,0.0003984845476476365
19,11,2030,wind_offshore,0.0011170498861695325
19,12,2030,wind_offshore,0.0005212038947368265
19,13,2030,wind_offshore,0.00012608463157894216
19,14,2030,wind_offshore,1.4789999999999996e-5
19,15,2030,wind_offshore,0.0
19,16,2030,wind_offshore,3.6886749529183455e-5
19,17,2030,wind_offshore,0.00017162840880508755
19,18,2030,wind_offshore,0.0003659142553017096
19,19,2030,wind_offshore,0.000958038731188067
19,20,2030,wind_offshore,0.0012675286209043511
19,21,2030,wind_offshore,0.0013185174089279093
19,22,2030,wind_offshore,0.00018892713009645946
19,23,2030,wind_offshore,1.7279999999999997e-5
19,24,2030,wind_offshore,1.235e-5
19,1,2030,wind_onshore,0.00027416528024850543
19,2,2030,wind_onshore,9.51598529184469e-5
19,3,2030,wind_onshore,9.0339320921122e-5
19,4,2030,wind_onshore,7.833918991675518e-5
19,5,2030,wind_onshore,4.716291733875846e-5
19,6,2030,wind_onshore,8.655817430649798e-5
19,7,2030,wind_onshore,9.111332503896526e-5
19,8,2030,wind_onshore,4.5338638081565214e-6
19,9,2030,wind_onshore,1.8943597800471324e-7
19,10,2030,wind_onshore,0.0
19,11,2030,wind_onshore,2.7793923098824423e-6
19,12,2030,wind_onshore,2.5290860404373674e-5
19,13,2030,wind_onshore,0.00010494491772084264
19,14,2030,wind_onshore,0.00016916050906844887
19,15,2030,wind_onshore,0.00030895456024151394
19,16,2030,wind_onshore,0.00027869081877544946
19,17,2030,wind_onshore,4.244075109170305e-5
19,18,2030,wind_onshore,7.46977212071688e-5
19,19,2030,wind_onshore,0.00026878895829810824
19,20,2030,wind_onshore,0.000508716884099562
19,21,2030,wind_onshore,0.001130267606345785
19,22,2030,wind_onshore,0.0026192695543799465
19,23,2030,wind_onshore,0.0016177540651011455
19,24,2030,wind_onshore,0.0008313234701714141
20,1,2030,demand,0.7295359334913779
20,2,2030,demand,0.8162634364953074
20,3,2030,demand,0.6948527262689572
20,4,2030,demand,0.6893677134413666
20,5,2030,demand,0.6883090312733413
20,6,2030,demand,0.7013606988601305
20,7,2030,demand,0.7386938589939271
20,8,2030,demand,0.8188224596499204
20,9,2030,demand,0.8699282304419836
20,10,2030,demand,0.8995323612509336
20,11,2030,demand,0.895115773065307
20,12,2030,demand,0.8950800506608645
20,13,2030,demand,0.891157081154808
20,14,2030,demand,0.9108206410547852
20,15,2030,demand,0.8997726756080928
20,16,2030,demand,0.8738901698437956
20,17,2030,demand,0.8551618874419511
20,18,2030,demand,0.8714935212548307
20,19,2030,demand,0.8802812327477024
20,20,2030,demand,0.8594420809924334
20,21,2030,demand,0.8324229532685999
20,22,2030,demand,0.7988893579709675
20,23,2030,demand,0.7747734874809209
20,24,2030,demand,0.7708342805182996
20,1,2030,solar,0.0
20,2,2030,solar,0.0
20,3,2030,solar,0.0
20,4,2030,solar,0.0
20,5,2030,solar,0.0
20,6,2030,solar,0.0
20,7,2030,solar,0.0
20,8,2030,solar,0.0
20,9,2030,solar,0.0
20,10,2030,solar,0.0017525000000000002
20,11,2030,solar,0.0065375
20,12,2030,solar,0.011845000000000001
20,13,2030,solar,0.015550000000000001
20,14,2030,solar,0.011744999999999998
20,15,2030,solar,0.006902500000000001
20,16,2030,solar,0.0023875
20,17,2030,solar,0.0
20,18,2030,solar,0.0
20,19,2030,solar,0.0
20,20,2030,solar,0.0
20,21,2030,solar,0.0
20,22,2030,solar,0.0
20,23,2030,solar,0.0
20,24,2030,solar,0.0
20,1,2030,wind_offshore,4.8478333333333304e-6
20,2,2030,wind_offshore,0.0
20,3,2030,wind_offshore,0.0
20,4,2030,wind_offshore,0.0
20,5,2030,wind_offshore,0.0
20,6,2030,wind_offshore,2.8835942028985492e-6
20,7,2030,wind_offshore,4.591798296894502e-5
20,8,2030,wind_offshore,6.48021111111089e-5
20,9,2030,wind_offshore,2.9908666666663374e-5
20,10,2030,wind_offshore,4.9847777777777214e-5
20,11,2030,wind_offshore,0.00012530416666666337
20,12,2030,wind_offshore,4.8478333333333304e-6
20,13,2030,wind_offshore,2.3828333333331687e-5
20,14,2030,wind_offshore,2.3828333333331684e-5
20,15,2030,wind_offshore,1.9062666666663376e-5
20,16,2030,wind_offshore,2.8593999999999998e-5
20,17,2030,wind_offshore,4.7656666666666666e-6
20,18,2030,wind_offshore,0.0
20,19,2030,wind_offshore,0.0
20,20,2030,wind_offshore,9.531333333331686e-6
20,21,2030,wind_offshore,2.3828333333331687e-5
20,22,2030,wind_offshore,0.0
20,23,2030,wind_offshore,0.0
20,24,2030,wind_offshore,4.7382777777777755e-6
20,1,2030,wind_onshore,0.0008764907998137938
20,2,2030,wind_onshore,0.0007497362772673462
20,3,2030,wind_onshore,0.0006965257343563043
20,4,2030,wind_onshore,0.0006562361022923259
20,5,2030,wind_onshore,0.0006920681238061769
20,6,2030,wind_onshore,0.00024133377121060556
20,7,2030,wind_onshore,6.546227651217597e-5
20,8,2030,wind_onshore,0.00011466441300626292
20,9,2030,wind_onshore,0.00010964906975223648
20,10,2030,wind_onshore,0.00010080840825800894
20,11,2030,wind_onshore,8.47132820839531e-5
20,12,2030,wind_onshore,0.0
20,13,2030,wind_onshore,1.041476162631339e-6
20,14,2030,wind_onshore,3.987916188024319e-5
20,15,2030,wind_onshore,6.529231459057894e-5
20,16,2030,wind_onshore,0.00012731365189378276
20,17,2030,wind_onshore,0.00011869474531502451
20,18,2030,wind_onshore,6.278217603694592e-5
20,19,2030,wind_onshore,5.846345344525363e-5
20,20,2030,wind_onshore,0.00029677584246378937
20,21,2030,wind_onshore,0.0005216347867887395
20,22,2030,wind_onshore,0.0005879348566978627
20,23,2030,wind_onshore,0.00046204702619108
20,24,2030,wind_onshore,0.0006698872633275056
