year,period,rep_period,weight,scenario
2030,1,30,0.9443393340720317,0
2030,1,65,0.017409605519532793,0
2030,1,79,0.018188566932150783,0
2030,1,205,0.02006249347628468,0
2030,2,79,1.0,0
2030,3,25,0.8298580926921112,0
2030,3,50,0.03590090711390758,0
2030,3,65,0.05791357627985718,0
2030,3,180,0.04544632681730339,0
2030,3,205,0.030881097096820638,0
2030,4,77,1.0,0
2030,5,115,0.9711678518175518,0
2030,5,195,0.02883214818244815,0
2030,6,30,0.9485537856294411,0
2030,6,73,0.011493088258749213,0
2030,6,91,0.01791535189084672,0
2030,6,127,0.022037774220962838,0
2030,7,87,0.9276341401738025,0
2030,7,127,0.04758810314054165,0
2030,7,218,0.024777756685655808,0
2030,8,14,0.945526490501337,0
2030,8,26,0.015319235045636282,0
2030,8,207,0.014558225395001555,0
2030,8,222,0.024596049058025163,0
2030,9,91,0.010604855043224918,0
2030,9,123,0.015189294028707865,0
2030,9,126,0.011280958431809703,0
2030,9,128,0.9492733052175394,0
2030,9,150,0.013651587278718206,0
2030,10,24,0.016274955205857287,0
2030,10,58,0.014871148825110555,0
2030,10,127,0.01367980182066007,0
2030,10,128,0.9002927351373863,0
2030,10,167,0.044140027993035486,0
2030,10,204,0.010741331017950344,0
2030,11,181,1.0,0
2030,12,16,0.9538040166443502,0
2030,12,29,0.02748623209011915,0
2030,12,91,0.01870975126553057,0
2030,13,13,0.8620015905143755,0
2030,13,29,0.024679280583427245,0
2030,13,123,0.046529387639008435,0
2030,13,195,0.06678974126318879,0
2030,14,14,1.0,0
2030,15,14,0.7679316005558913,0
2030,15,58,0.11698063781233047,0
2030,15,146,0.056727887350677714,0
2030,15,232,0.05835987428110068,0
2030,16,34,0.024870795283695953,0
2030,16,44,0.012307993524396075,0
2030,16,54,0.9525578965421537,0
2030,16,56,0.010263314649754251,0
2030,17,12,1.0,0
2030,18,164,1.0,0
2030,19,16,0.9650360413398691,0
2030,19,58,0.023854911091004564,0
2030,19,203,0.011109047569126231,0
2030,20,164,1.0,0
2030,21,16,0.9432940306825561,0
2030,21,56,0.01791630408840093,0
2030,21,108,0.01892618192965939,0
2030,21,129,0.019863483299383387,0
2030,22,16,1.0,0
2030,23,134,1.0,0
2030,24,179,1.0,0
2030,25,16,1.0,0
2030,26,56,0.03254607080323053,0
2030,26,134,0.9674539291967694,0
2030,27,54,0.9500351584805976,0
2030,27,125,0.01487501393475857,0
2030,27,207,0.03508982758464383,0
2030,28,16,1.0,0
2030,29,16,0.9867216789694477,0
2030,29,168,0.013278321030552225,0
2030,30,50,1.0,0
2030,31,58,0.021267849414861414,0
2030,31,72,0.780301439271721,0
2030,31,108,0.01429974487739695,0
2030,31,133,0.050823563762239836,0
2030,31,146,0.10906610966083535,0
2030,31,222,0.024241293012945322,0
2030,32,96,1.0,0
2030,33,14,0.9445940597472811,0
2030,33,26,0.02076879897613283,0
2030,33,222,0.0346371412765861,0
2030,34,198,1.0,0
2030,35,14,0.6359738951033789,0
2030,35,96,0.056039116108572595,0
2030,35,98,0.03324300525121596,0
2030,35,129,0.27474398353683266,0
2030,36,3,0.018457816881019305,0
2030,36,14,0.6935905856894072,0
2030,36,65,0.14394920663166919,0
2030,36,118,0.029058960298135254,0
2030,36,141,0.013396960558093671,0
2030,36,205,0.07958940874083274,0
2030,36,232,0.02195706120084266,0
2030,37,232,1.0,0
2030,38,18,0.011815097032677867,0
2030,38,72,0.9344596786247582,0
2030,38,88,0.018214099010185593,0
2030,38,101,0.019351962170923442,0
2030,38,130,0.01615916316145474,0
2030,39,5,0.010698985290508408,0
2030,39,30,0.9046020390932406,0
2030,39,44,0.014248741235201754,0
2030,39,108,0.02387735009646549,0
2030,39,133,0.024826175831749044,0
2030,39,161,0.021746708452834832,0
2030,40,16,0.776765681449925,0
2030,40,57,0.02562642412215525,0
2030,40,121,0.05331375478728308,0
2030,40,137,0.03982685527009281,0
2030,40,180,0.012360447359379937,0
2030,40,188,0.07427796097657813,0
2030,40,228,0.017828876034585807,0
2030,41,31,0.028848897258804598,0
2030,41,72,0.784660855831686,0
2030,41,98,0.057861538202684575,0
2030,41,103,0.0164830110794029,0
2030,41,180,0.05871968848394659,0
2030,41,188,0.05342600914347536,0
2030,42,13,1.0,0
2030,43,12,0.038030876566214296,0
2030,43,50,0.07136315652664837,0
2030,43,146,0.05210695556562289,0
2030,43,195,0.02582383821306159,0
2030,43,207,0.021479354140904208,0
2030,43,222,0.021193188224593724,0
2030,43,236,0.7451590166794281,0
2030,43,240,0.024843614083526873,0
2030,44,13,0.017910961539466454,0
2030,44,64,0.6764912875275142,0
2030,44,96,0.033519754411395986,0
2030,44,112,0.06989306535470367,0
2030,44,128,0.029989350226632985,0
2030,44,134,0.08834958332389622,0
2030,44,149,0.022841976087224346,0
2030,44,195,0.04210060610625403,0
2030,44,203,0.018903415422912177,0
2030,45,64,0.810070982097399,0
2030,45,179,0.010909705216771504,0
2030,45,195,0.08418055539116495,0
2030,45,207,0.034315264526333746,0
2030,45,215,0.031018534848639423,0
2030,45,222,0.029504957919691304,0
2030,46,64,0.8846255928664216,0
2030,46,108,0.016582465502101452,0
2030,46,123,0.03182346301341319,0
2030,46,133,0.016462442650640972,0
2030,46,195,0.05050603596742287,0
2030,47,29,0.02562804511472176,0
2030,47,67,0.8598340811896666,0
2030,47,80,0.01356762992729696,0
2030,47,150,0.044249475571957186,0
2030,47,207,0.02399029002332921,0
2030,47,231,0.03273047817302825,0
2030,48,18,0.015383278588655725,0
2030,48,21,0.8351219083999307,0
2030,48,50,0.013601117019306918,0
2030,48,85,0.021646305311804868,0
2030,48,195,0.02031307139725099,0
2030,48,206,0.07065995943176735,0
2030,48,207,0.023274359851283354,0
2030,49,21,0.7215393148983594,0
2030,49,50,0.0167789677048081,0
2030,49,58,0.04921369075894605,0
2030,49,129,0.01844759841207472,0
2030,49,133,0.011151294585012432,0
2030,49,146,0.03837017120011943,0
2030,49,167,0.0588156484656793,0
2030,49,171,0.023255513116201106,0
2030,49,194,0.06242780085879944,0
2030,50,5,0.015564467311460972,0
2030,50,72,0.9619960975023695,0
2030,50,108,0.02243943518616948,0
2030,51,44,0.057995393793008644,0
2030,51,72,0.8929547761887576,0
2030,51,177,0.020108054991927037,0
2030,51,195,0.028941775026306658,0
2030,52,56,0.029141456688872816,0
2030,52,93,0.028790979828540543,0
2030,52,96,0.11985726428944016,0
2030,52,128,0.7923430557432899,0
2030,52,129,0.017835375243223053,0
2030,52,180,0.012031868206633546,0
2030,53,146,1.0,0
2030,54,91,0.014769603604829148,0
2030,54,97,0.015516539253957328,0
2030,54,177,0.011212585503921967,0
2030,54,198,0.9248187027340722,0
2030,54,215,0.03368256890321942,0
2030,55,16,0.9506640166359233,0
2030,55,20,0.038477305575675635,0
2030,55,195,0.010858677788401142,0
2030,56,74,1.0,0
2030,57,16,0.8098323683656719,0
2030,57,80,0.012781788045103154,0
2030,57,91,0.02109055522652477,0
2030,57,123,0.1130772583081217,0
2030,57,184,0.014243760504624118,0
2030,57,196,0.015556782363118816,0
2030,57,218,0.013417487186835502,0
2030,58,203,1.0,0
2030,59,14,0.8817412272067838,0
2030,59,80,0.03739176067111723,0
2030,59,91,0.022295456382635078,0
2030,59,127,0.04185328840912389,0
2030,59,218,0.016718267330340094,0
2030,60,51,1.0,0
2030,61,5,0.012557901794780939,0
2030,61,181,0.987442098205219,0
2030,62,74,1.0,0
2030,63,206,1.0,0
2030,64,30,0.8547417322872227,0
2030,64,53,0.01746268279702877,0
2030,64,88,0.022947835701611134,0
2030,64,101,0.026167956210770827,0
2030,64,168,0.01390747647588191,0
2030,64,222,0.02406510798024795,0
2030,64,227,0.012524173913026132,0
2030,64,231,0.028183034634210638,0
2030,65,34,0.024254432933952155,0
2030,65,87,0.963799077365938,0
2030,65,103,0.01194648970010991,0
2030,66,44,0.09070655160897861,0
2030,66,51,0.010679703818621643,0
2030,66,56,0.024764059634340804,0
2030,66,58,0.04800560390129712,0
2030,66,90,0.04423032728056652,0
2030,66,122,0.016521753004703748,0
2030,66,192,0.7351064681054431,0
2030,66,195,0.029985532646048398,0
2030,67,29,0.08491749768592022,0
2030,67,49,0.7516322451877284,0
2030,67,50,0.03344259207436549,0
2030,67,92,0.08616286432040364,0
2030,67,134,0.033277846235513775,0
2030,67,237,0.010566954496068438,0
2030,68,49,1.0,0
2030,69,30,0.8901804703121867,0
2030,69,56,0.021986227776087486,0
2030,69,93,0.044035394623449915,0
2030,69,129,0.02827552670318869,0
2030,69,135,0.015522380585087193,0
2030,70,150,0.036503022998105074,0
2030,70,179,0.8931775081488529,0
2030,70,207,0.014878800255856115,0
2030,70,209,0.055440668597186084,0
2030,71,16,0.9284386645951307,0
2030,71,33,0.016720248899187443,0
2030,71,140,0.012065905510383473,0
2030,71,183,0.015459679407797631,0
2030,71,190,0.015945294221997936,0
2030,71,209,0.011370207365502894,0
2030,72,49,0.9237947976765812,0
2030,72,96,0.011819541026054732,0
2030,72,129,0.012252588763195604,0
2030,72,195,0.05213307253416843,0
2030,73,29,0.012246030691319675,0
2030,73,91,0.017215739762958777,0
2030,73,92,0.06604510656839374,0
2030,73,93,0.02801610992197341,0
2030,73,159,0.8764770130553544,0
2030,74,159,1.0,0
2030,75,69,0.04790674258371123,0
2030,75,108,0.02664954907993961,0
2030,75,133,0.06734129918811181,0
2030,75,159,0.8581024091482373,0
2030,76,72,0.9824243775039964,0
2030,76,209,0.017575622496003605,0
2030,77,72,0.9338365121220729,0
2030,77,93,0.023892819928947286,0
2030,77,157,0.013223461265130044,0
2030,77,209,0.02904720668384987,0
2030,78,67,0.8995487243045683,0
2030,78,93,0.018216459720480017,0
2030,78,129,0.03516804981576499,0
2030,78,175,0.016016233693347905,0
2030,78,211,0.017447071979448402,0
2030,78,238,0.013603460486390362,0
2030,79,67,0.9715139658038884,0
2030,79,133,0.01513466281618403,0
2030,79,209,0.013351371379927516,0
2030,80,67,1.0,0
2030,81,20,0.013398334251403823,0
2030,81,80,0.016247810461934097,0
2030,81,83,0.8581963954688776,0
2030,81,91,0.011305487585296446,0
2030,81,127,0.02320114743674874,0
2030,81,184,0.02538968500902152,0
2030,81,195,0.023518845508115508,0
2030,81,218,0.028742294278602296,0
2030,82,29,0.012223189523124728,0
2030,82,58,0.030192064385539695,0
2030,82,109,0.8586413592555833,0
2030,82,218,0.04574129946742348,0
2030,82,221,0.05320208736832891,0
2030,83,229,1.0,0
2030,84,67,0.95730911882802,0
2030,84,195,0.010627760962211503,0
2030,84,206,0.016143847392948277,0
2030,84,207,0.015919272816820353,0
2030,85,4,0.8484193088904933,0
2030,85,5,0.03365113552025411,0
2030,85,84,0.023142737260472966,0
2030,85,108,0.03567075492726579,0
2030,85,149,0.014787660598653602,0
2030,85,183,0.011200956650893558,0
2030,85,196,0.033127446151966666,0
2030,86,25,0.030169931028299322,0
2030,86,33,0.048377086660431334,0
2030,86,48,0.7508026183797748,0
2030,86,77,0.015196925514103092,0
2030,86,104,0.1054701170483261,0
2030,86,211,0.0290270932275723,0
2030,86,214,0.02095622814149306,0
2030,87,195,0.019163092104726102,0
2030,87,217,0.980836907895274,0
2030,88,24,0.049397250032249575,0
2030,88,48,0.8364256266195689,0
2030,88,73,0.05498394871932706,0
2030,88,207,0.02192910747091955,0
2030,88,209,0.03726406715793502,0
2030,89,18,0.01225783603467259,0
2030,89,29,0.029376024692505557,0
2030,89,91,0.021563294850809225,0
2030,89,132,0.01628670865541165,0
2030,89,150,0.027528049397811314,0
2030,89,199,0.8929880863687896,0
2030,90,20,0.01310840995190293,0
2030,90,59,0.9639713158811117,0
2030,90,123,0.022920274166985263,0
2030,91,59,0.9503226520587046,0
2030,91,123,0.018779230822871897,0
2030,91,195,0.03089811711842349,0
2030,92,83,0.84702876415354,0
2030,92,93,0.11587148228648676,0
2030,92,129,0.03709975355997332,0
2030,93,58,0.021153984871419354,0
2030,93,205,0.9282181446197453,0
2030,93,218,0.013713462688822406,0
2030,93,221,0.03691440782001297,0
2030,94,118,1.0,0
2030,95,33,0.015962481966420094,0
2030,95,108,0.025707758699709166,0
2030,95,173,0.9583297593338708,0
2030,96,139,1.0,0
2030,97,59,1.0,0
2030,98,59,1.0,0
2030,99,59,1.0,0
2030,100,59,1.0,0
2030,101,139,1.0,0
2030,102,59,1.0,0
2030,103,68,1.0,0
2030,104,2,1.0,0
2030,105,2,0.9407700617234213,0
2030,105,93,0.022653505982470304,0
2030,105,129,0.011746945534316575,0
2030,105,175,0.012130405475487648,0
2030,105,211,0.012699081284304236,0
2030,106,8,0.020084334253674493,0
2030,106,68,0.9799156657463255,0
2030,107,34,0.015653936680569996,0
2030,107,213,0.98434606331943,0
2030,108,182,1.0,0
2030,109,155,1.0,0
2030,110,99,0.011333382720990586,0
2030,110,173,0.9886666172790094,0
2030,111,5,0.017026919007650347,0
2030,111,93,0.030793733232426325,0
2030,111,129,0.013832441657626864,0
2030,111,155,0.9206613138225673,0
2030,111,169,0.017685592279729153,0
2030,112,15,0.010293478188782925,0
2030,112,33,0.029762964022774153,0
2030,112,102,0.8948862734128471,0
2030,112,137,0.017544786311261374,0
2030,112,183,0.04751249806433447,0
2030,113,109,1.0,0
2030,114,210,1.0,0
2030,115,11,0.06855397658130483,0
2030,115,58,0.015352620793494988,0
2030,115,204,0.021773332803841906,0
2030,115,210,0.7970678058839682,0
2030,115,211,0.020810004396544183,0
2030,115,221,0.07644225954084596,0
2030,116,113,0.9821548720157656,0
2030,116,231,0.017845127984234464,0
2030,117,110,1.0,0
2030,118,167,0.025485942570656617,0
2030,118,171,0.049468781249857784,0
2030,118,205,0.9145671819785287,0
2030,118,232,0.010478094200956854,0
2030,119,96,0.010399423438190707,0
2030,119,213,0.9896005765618092,0
2030,120,141,1.0,0
2030,121,205,1.0,0
2030,122,100,1.0,0
2030,123,3,0.04140952094526096,0
2030,123,116,0.013750183878725383,0
2030,123,204,0.01897238320326979,0
2030,123,213,0.9258679119727439,0
2030,124,33,0.014264624212961227,0
2030,124,182,0.9857353757870388,0
2030,125,8,0.03485131370669244,0
2030,125,205,0.9651486862933075,0
2030,126,205,1.0,0
2030,127,17,0.012341132107220598,0
2030,127,24,0.03260673317242795,0
2030,127,65,0.9446545727744027,0
2030,127,167,0.010397561945948791,0
2030,128,34,0.028370414475590883,0
2030,128,104,0.03106073589935944,0
2030,128,137,0.9147126989561656,0
2030,128,183,0.01541473666299669,0
2030,128,235,0.01044141400588741,0
2030,129,3,0.01672382380739767,0
2030,129,4,0.8554861642781786,0
2030,129,65,0.0441907387668164,0
2030,129,109,0.011222894628986731,0
2030,129,113,0.017528978530492786,0
2030,129,167,0.014386047349788378,0
2030,129,205,0.040461352638339464,0
2030,130,18,0.01690432479913481,0
2030,130,98,0.03385917056447698,0
2030,130,135,0.01026335833296034,0
2030,130,205,0.9389731463034279,0
2030,131,8,0.017605652334351626,0
2030,131,10,0.07523338171865239,0
2030,131,53,0.013980495625411203,0
2030,131,112,0.012111341191471618,0
2030,131,155,0.8524303174286697,0
2030,131,176,0.02863881170144357,0
2030,132,124,1.0,0
2030,133,209,0.03215379777708954,0
2030,133,217,0.9678462022229105,0
2030,134,93,0.02568009621584828,0
2030,134,135,0.018183962744947615,0
2030,134,141,0.9410919989096286,0
2030,134,169,0.015043942129575574,0
2030,135,21,0.857196469733636,0
2030,135,190,0.12268545169197971,0
2030,135,231,0.02011807857438428,0
2030,136,98,0.030212965241105307,0
2030,136,103,0.025906009735375903,0
2030,136,105,0.8107716730629992,0
2030,136,137,0.02943003922923044,0
2030,136,187,0.011716388149991977,0
2030,136,188,0.02086115309263455,0
2030,136,198,0.012089862324743225,0
2030,136,223,0.027539721502231156,0
2030,136,232,0.015731917826534363,0
2030,136,239,0.015740269835153926,0
2030,137,28,0.9006239063837779,0
2030,137,33,0.014592200836561937,0
2030,137,127,0.01898963519738738,0
2030,137,190,0.02922213126927633,0
2030,137,209,0.02589991447764516,0
2030,137,221,0.01067221183535134,0
2030,138,24,0.018970816500457087,0
2030,138,93,0.028592112462210526,0
2030,138,129,0.021699047251596163,0
2030,138,135,0.017815103316766813,0
2030,138,193,0.1188916943128834,0
2030,138,197,0.04882712916890729,0
2030,138,209,0.0135407942997829,0
2030,138,212,0.7165999768167589,0
2030,138,221,0.015063325870636876,0
2030,139,213,1.0,0
2030,140,104,0.021590910956774432,0
2030,140,199,0.9784090890432255,0
2030,141,4,0.8865449555630734,0
2030,141,93,0.0756662123711556,0
2030,141,135,0.037788832065771,0
2030,142,109,0.9603924391113259,0
2030,142,127,0.012125964867232907,0
2030,142,207,0.027481596021441238,0
2030,143,100,1.0,0
2030,144,56,0.02835392834108963,0
2030,144,92,0.01445910859358968,0
2030,144,100,0.9571869630653207,0
2030,145,182,1.0,0
2030,146,93,0.014535034842271762,0
2030,146,135,0.01628463322707223,0
2030,146,139,0.969180331930656,0
2030,147,139,1.0,0
2030,148,4,0.9592225259589277,0
2030,148,34,0.012489256047546988,0
2030,148,42,0.01314943207678318,0
2030,148,154,0.015138785916742179,0
2030,149,93,0.013883919558710616,0
2030,149,182,0.9861160804412893,0
2030,150,48,0.9743213051902961,0
2030,150,209,0.0127537609682407,0
2030,150,221,0.012924933841463164,0
2030,151,48,1.0,0
2030,152,34,0.012110104385468824,0
2030,152,217,0.9878898956145312,0
2030,153,102,1.0,0
2030,154,182,1.0,0
2030,155,1,0.9072091425387678,0
2030,155,73,0.029173626432426374,0
2030,155,93,0.02209494854994039,0
2030,155,127,0.013927489511065462,0
2030,155,129,0.010915520556933707,0
2030,155,209,0.016679272410866135,0
2030,156,68,1.0,0
2030,157,68,0.9710748536682337,0
2030,157,103,0.014388030388491742,0
2030,157,121,0.014537115943274692,0
2030,158,23,0.013181316257599256,0
2030,158,67,0.9868186837424007,0
2030,159,28,1.0,0
2030,160,28,1.0,0
2030,161,20,0.016476899809073183,0
2030,161,33,0.03284816656961577,0
2030,161,73,0.011404509467991954,0
2030,161,122,0.01369147648000961,0
2030,161,239,0.9255789476733095,0
2030,162,29,0.02795312344540721,0
2030,162,50,0.012742401611155686,0
2030,162,127,0.017479117969507196,0
2030,162,173,0.9418253569739299,0
2030,163,127,0.037367554592227764,0
2030,163,173,0.9355183486032634,0
2030,163,218,0.015822814544839664,0
2030,163,221,0.011291282259669203,0
2030,164,173,1.0,0
2030,165,20,0.021449855290356486,0
2030,165,106,0.010795934932504983,0
2030,165,230,0.9677542097771386,0
2030,166,28,0.9826829859170821,0
2030,166,34,0.01731701408291775,0
2030,167,223,1.0,0
2030,168,141,1.0,0
2030,169,56,0.011670870577179401,0
2030,169,65,0.9883291294228206,0
2030,170,41,1.0,0
2030,171,65,1.0,0
2030,172,1,1.0,0
2030,173,1,0.04779018169607429,0
2030,173,34,0.06314585202757818,0
2030,173,36,0.14117125980800102,0
2030,173,45,0.027286228596183706,0
2030,173,67,0.7083556994765421,0
2030,173,156,0.012250778395620783,0
2030,174,28,1.0,0
2030,175,20,0.01841475710050865,0
2030,175,28,0.9815852428994913,0
2030,176,28,0.9318997002558103,0
2030,176,103,0.033068746156435555,0
2030,176,121,0.03503155358775411,0
2030,177,223,1.0,0
2030,178,3,0.03979574960746169,0
2030,178,11,0.012928069855862062,0
2030,178,65,0.012744854120656512,0
2030,178,82,0.8902009520263742,0
2030,178,116,0.03184313051908355,0
2030,178,204,0.012487243870562045,0
2030,179,65,1.0,0
2030,180,65,1.0,0
2030,181,205,1.0,0
2030,182,205,1.0,0
2030,183,127,0.08343926678374047,0
2030,183,182,0.8812282439524521,0
2030,183,210,0.035332489263807255,0
2030,184,48,1.0,0
2030,185,182,1.0,0
2030,186,24,0.014339889052264037,0
2030,186,33,0.04652970669139817,0
2030,186,69,0.025260284920152285,0
2030,186,167,0.030030230032401618,0
2030,186,209,0.011181544435235695,0
2030,186,230,0.8726583448685481,0
2030,187,34,0.057537108780957046,0
2030,187,45,0.03997656897976954,0
2030,187,60,0.04450516056164614,0
2030,187,219,0.026892541177647476,0
2030,187,223,0.8310886204999799,0
2030,188,223,1.0,0
2030,189,110,1.0,0
2030,190,182,1.0,0
2030,191,34,0.06329239043880007,0
2030,191,36,0.0262607291881471,0
2030,191,118,0.8982657827916364,0
2030,191,135,0.012181097581416523,0
2030,192,3,0.04425780888821984,0
2030,192,60,0.027126621158215364,0
2030,192,83,0.7943865372274621,0
2030,192,135,0.1342290327261027,0
2030,193,1,0.8250312510853697,0
2030,193,104,0.05279250458092557,0
2030,193,141,0.03577709021098711,0
2030,193,180,0.0416623523385515,0
2030,193,205,0.014810514556031272,0
2030,193,238,0.02992628722813484,0
2030,194,1,0.02057616177215343,0
2030,194,3,0.010366795973669591,0
2030,194,28,0.7755092513253151,0
2030,194,45,0.05164603377310902,0
2030,194,60,0.011786295203868308,0
2030,194,69,0.011869743183705598,0
2030,194,104,0.010097354647519971,0
2030,194,151,0.02841444846935285,0
2030,194,190,0.01936290049591011,0
2030,194,204,0.06037101515539603,0
2030,195,28,1.0,0
2030,196,4,0.9647398128102561,0
2030,196,9,0.015500914549745368,0
2030,196,92,0.01975927263999851,0
2030,197,3,1.0,0
2030,198,3,1.0,0
2030,199,1,0.9426650760864428,0
2030,199,167,0.017019101304007057,0
2030,199,204,0.04031582260955014,0
2030,200,36,1.0,0
2030,201,3,0.9514016208754253,0
2030,201,34,0.038327150678614946,0
2030,201,36,0.010271228445959658,0
2030,202,24,0.04294341273467696,0
2030,202,41,0.8923885542418641,0
2030,202,167,0.016516176934045362,0
2030,202,171,0.048151856089413574,0
2030,203,68,0.9897559805891132,0
2030,203,180,0.01024401941088678,0
2030,204,33,0.030221762884180686,0
2030,204,36,0.8992746682107391,0
2030,204,106,0.013936612876606542,0
2030,204,156,0.022122009013851064,0
2030,204,185,0.03444494701462258,0
2030,205,36,1.0,0
2030,206,27,1.0,0
2030,207,3,0.021153014242935253,0
2030,207,4,0.8767782115206549,0
2030,207,60,0.03347447073584305,0
2030,207,116,0.016240026142638208,0
2030,207,151,0.030450466221724676,0
2030,207,204,0.021903811136203852,0
2030,208,41,0.8502157527732536,0
2030,208,93,0.038555587405585096,0
2030,208,98,0.03725110759873458,0
2030,208,135,0.07397755222242672,0
2030,209,9,0.015894538520663425,0
2030,209,41,0.9469504504907044,0
2030,209,56,0.013730386892194182,0
2030,209,93,0.023424624096438074,0
2030,210,109,1.0,0
2030,211,41,0.9751517266331771,0
2030,211,207,0.02484827336682293,0
2030,212,23,0.014276457945653942,0
2030,212,34,0.039030858808113855,0
2030,212,36,0.018368372924336202,0
2030,212,41,0.8895588375076972,0
2030,212,138,0.01641273415199843,0
2030,212,208,0.022352738662200392,0
2030,213,3,0.0546091760305919,0
2030,213,104,0.020581282838831573,0
2030,213,116,0.07183141633029028,0
2030,213,151,0.05514386624184138,0
2030,213,230,0.7978342585584448,0
2030,214,41,0.9843566410995691,0
2030,214,133,0.015643358900430893,0
2030,215,45,0.029507258834668922,0
2030,215,69,0.010667632026991631,0
2030,215,133,0.014472450881086308,0
2030,215,182,0.9453526582572531,0
2030,216,182,1.0,0
2030,217,3,0.02992567748824439,0
2030,217,50,0.011943037602250252,0
2030,217,98,0.018383554765002436,0
2030,217,102,0.8654221543576783,0
2030,217,116,0.021909541025603625,0
2030,217,129,0.015179053004732832,0
2030,217,135,0.017181529548037006,0
2030,217,151,0.02005545220845112,0
2030,218,3,1.0,0
2030,219,41,0.9602809215079434,0
2030,219,127,0.028746772205195687,0
2030,219,218,0.010972306286860889,0
2030,220,1,0.9837741810780332,0
2030,220,101,0.016225818921966815,0
2030,221,36,0.2997850031925733,0
2030,221,67,0.5080317980389225,0
2030,221,137,0.010894011845516862,0
2030,221,138,0.06257802577697816,0
2030,221,156,0.044102081607105756,0
2030,221,188,0.03290587433404441,0
2030,221,228,0.04170320520485902,0
2030,222,3,0.20065615573841725,0
2030,222,36,0.017938889977236028,0
2030,222,83,0.5489561292924593,0
2030,222,98,0.12135499000585068,0
2030,222,116,0.025230478333429573,0
2030,222,135,0.08586335665260722,0
2030,223,41,0.9396196340579074,0
2030,223,104,0.03480179419492945,0
2030,223,205,0.025578571747163204,0
2030,224,109,1.0,0
2030,225,1,0.851884692324808,0
2030,225,45,0.10207334578896052,0
2030,225,132,0.024484338024040514,0
2030,225,195,0.02155762386219099,0
2030,226,36,0.011111118719563091,0
2030,226,45,0.04046112272589095,0
2030,226,49,0.8949646378077595,0
2030,226,60,0.03021682898169794,0
2030,226,231,0.023246291765088637,0
2030,227,67,0.9776588417853996,0
2030,227,101,0.02234115821460043,0
2030,228,14,0.018850647466686247,0
2030,228,36,0.8348453919623277,0
2030,228,50,0.01890211268741341,0
2030,228,96,0.07287200447908353,0
2030,228,129,0.022237725266976358,0
2030,228,180,0.03229211813751279,0
2030,229,116,1.0,0
2030,230,109,1.0,0
2030,231,109,1.0,0
2030,232,17,0.03720385653154602,0
2030,232,41,0.9287541875321162,0
2030,232,69,0.013566788609915207,0
2030,232,207,0.0204751673264225,0
2030,233,17,0.011165647160930913,0
2030,233,207,0.03139460986107244,0
2030,233,230,0.9436995617024547,0
2030,233,231,0.013740181275541906,0
2030,234,93,0.011844527920069722,0
2030,234,98,0.04265948232275446,0
2030,234,103,0.03411014939914909,0
2030,234,230,0.9113858403580267,0
2030,235,96,0.015494986493733548,0
2030,235,98,0.014294031098927714,0
2030,235,230,0.9702109824073388,0
2030,236,173,0.9885819760726386,0
2030,236,222,0.011418023927361413,0
2030,237,101,0.013121276746715276,0
2030,237,182,0.9868787232532847,0
2030,238,9,0.019692402711411896,0
2030,238,21,0.9525615071525053,0
2030,238,34,0.027746090136082834,0
2030,239,34,0.03540605290141246,0
2030,239,60,0.03830218471776603,0
2030,239,115,0.885115269326085,0
2030,239,151,0.010233316353727285,0
2030,239,204,0.016002868783715707,0
2030,239,219,0.014940307917293696,0
2030,240,45,0.047922648797509494,0
2030,240,49,0.9351414310194472,0
2030,240,130,0.016935920183043286,0
2030,241,49,1.0,0
2030,242,44,0.035859978253221174,0
2030,242,67,0.9245247508643002,0
2030,242,154,0.013956934919472058,0
2030,242,195,0.02565833596300656,0
2030,243,67,0.9853892791917421,0
2030,243,195,0.014610720808257835,0
2030,244,67,0.9853993895396778,0
2030,244,108,0.014600610460322282,0
2030,245,56,0.022879717653358583,0
2030,245,67,0.9244223842480497,0
2030,245,96,0.020689754421517312,0
2030,245,129,0.03200814367707444,0
2030,246,29,0.03389214421526833,0
2030,246,50,0.014344527228521305,0
2030,246,127,0.012276909249722034,0
2030,246,129,0.035582034283752895,0
2030,246,182,0.9039043850227354,0
2030,247,109,1.0,0
2030,248,189,1.0,0
2030,249,20,0.04438006462244154,0
2030,249,64,0.9034985809464983,0
2030,249,127,0.028294533725451126,0
2030,249,130,0.023826820705609025,0
2030,250,8,0.013439696199755623,0
2030,250,19,0.8039046558316615,0
2030,250,20,0.020127665327347596,0
2030,250,91,0.013098104032549107,0
2030,250,123,0.051733727950119636,0
2030,250,127,0.028898009798029627,0
2030,250,130,0.021612100971849513,0
2030,250,170,0.01447003142172722,0
2030,250,184,0.011374257148093118,0
2030,250,218,0.021341751318866987,0
2030,251,8,0.026170168494691087,0
2030,251,29,0.11240757114730081,0
2030,251,43,0.059470121093164914,0
2030,251,80,0.05707924879956485,0
2030,251,127,0.037552175106715345,0
2030,251,167,0.023731612350575772,0
2030,251,239,0.6835891030079871,0
2030,252,139,1.0,0
2030,253,26,0.016914214272652554,0
2030,253,63,0.9051425996047899,0
2030,253,127,0.0664579358980202,0
2030,253,210,0.011485250224537315,0
2030,254,205,1.0,0
2030,255,53,0.014089988796467737,0
2030,255,156,0.023101878812247317,0
2030,255,182,0.9361022561177775,0
2030,255,222,0.02670587627350744,0
2030,256,21,0.916083632723632,0
2030,256,93,0.013723129646138185,0
2030,256,127,0.020649793445111832,0
2030,256,135,0.023569728451494836,0
2030,256,171,0.012904926137222033,0
2030,256,193,0.013068789596401054,0
2030,257,98,0.12517126802382694,0
2030,257,129,0.037135585650497294,0
2030,257,135,0.03020434445322329,0
2030,257,169,0.07269376589211032,0
2030,257,171,0.05710513246769422,0
2030,257,173,0.677689903512648,0
2030,258,4,1.0,0
2030,259,102,1.0,0
2030,260,93,0.011068718675699895,0
2030,260,118,0.9889312813243001,0
2030,261,65,0.024892707870947058,0
2030,261,173,0.9387817157503812,0
2030,261,180,0.03632557637867169,0
2030,262,17,0.013897000962051773,0
2030,262,45,0.015431113505752417,0
2030,262,156,0.034274378897120414,0
2030,262,190,0.011370189338272161,0
2030,262,225,0.9001006036345529,0
2030,262,231,0.024926713662250216,0
2030,263,48,0.9211490428788581,0
2030,263,98,0.04899106325942191,0
2030,263,180,0.029859893861719854,0
2030,264,173,0.9883954506901156,0
2030,264,231,0.011604549309884395,0
2030,265,139,1.0,0
2030,266,17,0.017508101828787107,0
2030,266,33,0.012736567831098042,0
2030,266,83,0.9086670448297558,0
2030,266,207,0.022833895064972812,0
2030,266,209,0.017367338622980937,0
2030,266,231,0.02088705182240532,0
2030,267,118,0.9839333670059062,0
2030,267,185,0.01606663299409378,0
2030,268,17,0.01271303905318252,0
2030,268,155,0.9530601220001355,0
2030,268,207,0.023629931369539853,0
2030,268,231,0.010596907577142293,0
2030,269,167,0.031968866296023565,0
2030,269,213,0.9377143619130608,0
2030,269,221,0.030316771790915645,0
2030,270,205,1.0,0
2030,271,100,1.0,0
2030,272,17,0.011709045344629533,0
2030,272,194,0.014889980169365324,0
2030,272,205,0.9734009744860053,0
2030,273,141,1.0,0
2030,274,65,1.0,0
2030,275,69,0.011814219983663193,0
2030,275,204,0.029581642426448607,0
2030,275,236,0.9586041375898882,0
2030,276,28,0.9879612401925428,0
2030,276,236,0.012038759807457269,0
2030,277,93,0.05964191921719208,0
2030,277,98,0.015855840876665656,0
2030,277,129,0.023266068044071244,0
2030,277,135,0.02783345974984883,0
2030,277,175,0.016350412401850905,0
2030,277,225,0.8570522997103711,0
2030,278,118,1.0,0
2030,279,33,0.010507988222820558,0
2030,279,223,0.9894920117771795,0
2030,280,83,1.0,0
2030,281,21,0.9758564821301559,0
2030,281,231,0.02414351786984404,0
2030,282,18,0.018955051079656757,0
2030,282,38,0.9810449489203432,0
2030,283,151,0.010586948988506205,0
2030,283,223,0.9894130510114938,0
2030,284,18,0.017185910364510823,0
2030,284,29,0.023386790697351754,0
2030,284,65,0.9594272989381374,0
2030,285,205,1.0,0
2030,286,104,0.0914711524258226,0
2030,286,236,0.9085288475741774,0
2030,287,63,0.013621298748556668,0
2030,287,83,0.7860915264626722,0
2030,287,125,0.03376744183426394,0
2030,287,137,0.062354023256046484,0
2030,287,146,0.03499690432408589,0
2030,287,236,0.0691688053743749,0
2030,288,118,1.0,0
2030,289,139,1.0,0
2030,290,56,0.03741073139021637,0
2030,290,83,0.9078752017460046,0
2030,290,93,0.054714066863779005,0
2030,291,33,0.017587659122108995,0
2030,291,118,0.9824123408778911,0
2030,292,4,0.9129228060489034,0
2030,292,17,0.028262154476699587,0
2030,292,57,0.026028539484908287,0
2030,292,156,0.03278649998948864,0
2030,293,101,0.020377035113785667,0
2030,293,139,0.9796229648862144,0
2030,294,93,0.01743121180098466,0
2030,294,239,0.9825687881990153,0
2030,295,56,0.02709813285440215,0
2030,295,141,0.9394789624907209,0
2030,295,149,0.01947338506172627,0
2030,295,168,0.013949519593150743,0
2030,296,127,0.021729351187244762,0
2030,296,192,0.9631806388169168,0
2030,296,209,0.015090009995838373,0
2030,297,64,1.0,0
2030,298,82,1.0,0
2030,299,112,0.03000751758875753,0
2030,299,196,0.017266420163636723,0
2030,299,225,0.9527260622476058,0
2030,300,56,0.053044307897142824,0
2030,300,93,0.04967881112117365,0
2030,300,236,0.8972768809816836,0
2030,301,28,0.9345683113806457,0
2030,301,46,0.020498429283913447,0
2030,301,101,0.024359114044112687,0
2030,301,171,0.020574145291328155,0
2030,302,63,0.8857678954350523,0
2030,302,75,0.022391709343768808,0
2030,302,98,0.07049986495939348,0
2030,302,138,0.021340530261785482,0
2030,303,56,0.023229016838524196,0
2030,303,93,0.039593873635385315,0
2030,303,118,0.9371771095260905,0
2030,304,96,0.010777634573267976,0
2030,304,129,0.02387010297691664,0
2030,304,228,0.9653522624498154,0
2030,305,239,1.0,0
2030,306,18,0.03975245378560681,0
2030,306,48,0.8794593167559183,0
2030,306,98,0.041678473220336305,0
2030,306,121,0.018955604299259646,0
2030,306,171,0.02015415193887903,0
2030,307,18,0.0320611361983388,0
2030,307,46,0.012636393086911828,0
2030,307,80,0.02886799362535354,0
2030,307,91,0.023287123433036988,0
2030,307,127,0.014269521892536077,0
2030,307,213,0.8888778317638226,0
2030,308,73,0.018526494552241927,0
2030,308,185,0.025424777201357652,0
2030,308,207,0.05923304060439235,0
2030,308,209,0.08714521921749963,0
2030,308,236,0.8096704684245085,0
2030,309,82,1.0,0
2030,310,141,1.0,0
2030,311,57,0.026386762984181213,0
2030,311,65,0.9474151560345934,0
2030,311,125,0.014324772930723439,0
2030,311,188,0.011873308050502037,0
2030,312,11,0.02540202450784985,0
2030,312,65,0.016321266501424327,0
2030,312,93,0.01772721977188292,0
2030,312,129,0.012223702163273694,0
2030,312,135,0.013582968533277905,0
2030,312,137,0.901013208370838,0
2030,312,221,0.013729610151453351,0
2030,313,180,1.0,0
2030,314,137,0.015850012242513502,0
2030,314,180,0.12389750560497008,0
2030,314,210,0.8386186487931921,0
2030,314,236,0.021633833359324305,0
2030,315,29,0.051470979052277925,0
2030,315,125,0.7363215343773042,0
2030,315,127,0.07885906698662018,0
2030,315,171,0.019901165093205272,0
2030,315,207,0.11344725449059247,0
2030,316,3,0.01215330633683024,0
2030,316,64,0.9878466936631698,0
2030,317,29,0.015770772712425267,0
2030,317,127,0.011521985572499196,0
2030,317,207,0.06284594273411291,0
2030,317,228,0.8806109410062025,0
2030,317,231,0.029250357974760045,0
2030,318,18,0.06857340826392118,0
2030,318,107,0.05356980364955559,0
2030,318,142,0.8778567880865231,0
2030,319,3,0.013214262718499611,0
2030,319,18,0.1389549455512034,0
2030,319,116,0.017815815760099604,0
2030,319,210,0.022278001056656394,0
2030,319,212,0.8077369749135409,0
2030,320,125,0.9022779217465402,0
2030,320,231,0.09772207825345972,0
2030,321,24,0.0274945796397538,0
2030,321,113,0.018836814378506553,0
2030,321,167,0.10547145438427384,0
2030,321,171,0.12865817517911973,0
2030,321,212,0.719538976418346,0
2030,322,93,0.08893106347029035,0
2030,322,98,0.014086114719947553,0
2030,322,212,0.8969828218097621,0
2030,323,29,0.03679232112006356,0
2030,323,98,0.06345578006352807,0
2030,323,137,0.8848929762851515,0
2030,323,171,0.014858922531256865,0
2030,324,18,0.04096444603706979,0
2030,324,111,0.010975815659272647,0
2030,324,223,0.9480597383036575,0
2030,325,10,0.03114642054577833,0
2030,325,20,0.021128033307294136,0
2030,325,24,0.02403539772243343,0
2030,325,33,0.017844988574382322,0
2030,325,99,0.030909391450563328,0
2030,325,142,0.8749357683995485,0
2030,326,31,1.0,0
2030,327,50,0.03146416576331891,0
2030,327,65,0.030323889402708706,0
2030,327,79,0.018170950844086254,0
2030,327,118,0.6364481321200492,0
2030,327,167,0.28359286186983695,0
2030,328,4,0.9727083834919458,0
2030,328,18,0.01585239395517275,0
2030,328,101,0.011439222552881446,0
2030,329,71,0.020359095524604437,0
2030,329,125,0.8883432228119404,0
2030,329,137,0.02128486059830414,0
2030,329,141,0.011294962675473402,0
2030,329,180,0.024614733896812107,0
2030,329,223,0.03410312449286548,0
2030,330,33,0.013192164256844215,0
2030,330,142,0.9868078357431558,0
2030,331,142,1.0,0
2030,332,110,0.9760617100192837,0
2030,332,207,0.01279402618866207,0
2030,332,231,0.011144263792054302,0
2030,333,31,0.013414694812559901,0
2030,333,48,0.8912218516405888,0
2030,333,171,0.09536345354685129,0
2030,334,58,0.01332869541145202,0
2030,334,167,0.06704752921433366,0
2030,334,171,0.018842990585187472,0
2030,334,188,0.9007807847890269,0
2030,335,223,1.0,0
2030,336,118,0.0147099478050741,0
2030,336,137,0.16038638790899892,0
2030,336,180,0.0935444092638752,0
2030,336,236,0.05855132108726226,0
2030,336,239,0.6728079339347894,0
2030,337,24,0.0140320267387042,0
2030,337,142,0.9719472043089263,0
2030,337,195,0.014020768952369441,0
2030,338,45,0.02189078965372483,0
2030,338,64,0.9781092103462752,0
2030,339,31,1.0,0
2030,340,180,0.020559102517840135,0
2030,340,236,0.9794408974821599,0
2030,341,50,0.01820085289668726,0
2030,341,180,0.9817991471033127,0
2030,342,180,1.0,0
2030,343,57,0.06523213183445252,0
2030,343,125,0.061652243274660276,0
2030,343,188,0.05719520414126395,0
2030,343,192,0.8159204207496232,0
2030,344,45,0.023893386582961938,0
2030,344,53,0.01237378443967458,0
2030,344,85,0.01061566512854784,0
2030,344,112,0.014856863298515504,0
2030,344,212,0.9382603005503002,0
2030,345,212,1.0,0
2030,346,228,1.0,0
2030,347,34,0.05746823027138258,0
2030,347,60,0.023655785224681543,0
2030,347,64,0.9077203508080882,0
2030,347,204,0.011155633695847648,0
2030,348,15,0.02775809700564295,0
2030,348,34,0.08631142828517477,0
2030,348,36,0.0578094335133835,0
2030,348,64,0.7922296407458129,0
2030,348,167,0.0358914004499858,0
2030,349,112,0.02124614698302917,0
2030,349,149,0.018971736468117967,0
2030,349,188,0.9597821165488529,0
2030,350,236,1.0,0
2030,351,98,0.08478559666421001,0
2030,351,142,0.8687177683599886,0
2030,351,180,0.04649663497580139,0
2030,352,34,0.020019955411663244,0
2030,352,228,0.9799800445883368,0
2030,353,98,0.21041879673049493,0
2030,353,171,0.01938081014196268,0
2030,353,180,0.7702003931275424,0
2030,354,137,0.948810656445094,0
2030,354,231,0.05118934355490602,0
2030,355,28,0.7223367087208109,0
2030,355,53,0.023487096190209132,0
2030,355,98,0.02834566587332919,0
2030,355,101,0.014460017104112205,0
2030,355,121,0.10243007116658598,0
2030,355,188,0.09818003266071886,0
2030,355,228,0.010760408284233872,0
2030,356,19,1.0,0
2030,357,19,1.0,0
2030,358,19,1.0,0
2030,359,101,0.011260197270672654,0
2030,359,111,0.9774057056658286,0
2030,359,215,0.011334097063498652,0
2030,360,111,0.8954436001866963,0
2030,360,127,0.013307352098534848,0
2030,360,150,0.062309695079417506,0
2030,360,221,0.028939352635351388,0
2030,361,64,0.9880332379976378,0
2030,361,125,0.011966762002362253,0
2030,362,64,0.9730303191444909,0
2030,362,150,0.012004373306847452,0
2030,362,209,0.014965307548661712,0
2030,363,64,1.0,0
2030,364,19,1.0,0
2030,365,195,1.0,0
2030,1,46,0.9639738547083312,1
2030,1,65,0.01273737893015388,1
2030,1,180,0.023288766361515,1
2030,2,18,0.015052592593643182,1
2030,2,171,0.02853082860484545,1
2030,2,218,0.9564165788015114,1
2030,3,25,0.9335387991534666,1
2030,3,33,0.033757172489742804,1
2030,3,123,0.022060704266760645,1
2030,3,185,0.010643324090029906,1
2030,4,214,1.0,1
2030,5,161,1.0,1
2030,6,20,0.08409419796927889,1
2030,6,46,0.8550843950101555,1
2030,6,91,0.010190498588751812,1
2030,6,130,0.05063090843181382,1
2030,7,80,1.0,1
2030,8,167,0.01333497230632463,1
2030,8,184,0.9736321841987057,1
2030,8,221,0.01303284349496966,1
2030,9,123,0.014286175502649667,1
2030,9,130,0.02801479353466785,1
2030,9,132,0.01342597696260889,1
2030,9,150,0.04890547414912602,1
2030,9,177,0.8725788026327868,1
2030,9,207,0.02278877721816085,1
2030,10,56,0.028079231580048197,1
2030,10,93,0.02246546563049,1
2030,10,117,0.012259143573060514,1
2030,10,177,0.023946205307875945,1
2030,10,184,0.8994728392833754,1
2030,10,215,0.013777114625149977,1
2030,11,191,1.0,1
2030,12,92,0.066719366502529,1
2030,12,117,0.07444306664657685,1
2030,12,123,0.01959448954621083,1
2030,12,126,0.018477457236791086,1
2030,12,132,0.7141787817465307,1
2030,12,168,0.08164617639400294,1
2030,12,215,0.024940661927358602,1
2030,13,196,1.0,1
2030,14,14,0.6999614781158583,1
2030,14,129,0.042963373303166075,1
2030,14,218,0.12990564352103073,1
2030,14,221,0.1271695050599449,1
2030,15,58,1.0,1
2030,16,44,0.9850200157333708,1
2030,16,222,0.01497998426662915,1
2030,17,215,1.0,1
2030,18,117,0.09446913947591834,1
2030,18,126,0.03309200980974388,1
2030,18,130,0.03047684861400294,1
2030,18,144,0.803928516143782,1
2030,18,215,0.023613437143689308,1
2030,18,227,0.014420048812863427,1
2030,19,97,1.0,1
2030,20,144,1.0,1
2030,21,5,0.07810457381681131,1
2030,21,56,0.01694518321177316,1
2030,21,108,0.012598889087532593,1
2030,21,178,0.8923513538838829,1
2030,22,101,0.036067682035643284,1
2030,22,130,0.0713711230225856,1
2030,22,178,0.8706550596019116,1
2030,22,207,0.02190613533985956,1
2030,23,88,0.03769180338878452,1
2030,23,91,0.9248185725296464,1
2030,23,101,0.02245572085362326,1
2030,23,227,0.015033903227945861,1
2030,24,222,1.0,1
2030,25,23,0.05408779614658219,1
2030,25,34,0.04756359429073267,1
2030,25,53,0.023541888592347144,1
2030,25,88,0.017224465989750692,1
2030,25,101,0.021147537919346412,1
2030,25,106,0.025120745665753192,1
2030,25,138,0.019057145992013354,1
2030,25,144,0.7659535792114354,1
2030,25,208,0.014294288387671163,1
2030,25,233,0.012008957804367974,1
2030,26,92,0.9298854474609448,1
2030,26,195,0.07011455253905514,1
2030,27,103,0.03488672069553878,1
2030,27,121,0.024891259187164984,1
2030,27,122,0.8645278576359552,1
2030,27,144,0.028292609581704223,1
2030,27,168,0.014014851174140096,1
2030,27,195,0.033386701725496744,1
2030,28,140,0.044442854769673724,1
2030,28,144,0.7393501776381424,1
2030,28,157,0.020678105277262264,1
2030,28,224,0.19552886231492161,1
2030,29,168,1.0,1
2030,30,29,1.0,1
2030,31,108,0.8346705393644354,1
2030,31,122,0.12518218835564657,1
2030,31,222,0.04014727227991813,1
2030,32,56,1.0,1
2030,33,240,1.0,1
2030,34,108,0.9081972026332797,1
2030,34,129,0.06979018340352076,1
2030,34,175,0.011662790818919959,1
2030,34,194,0.01034982314427948,1
2030,35,129,1.0,1
2030,36,14,0.0651924645103246,1
2030,36,58,0.2705484587245438,1
2030,36,143,0.6524508671587744,1
2030,36,146,0.011808209606357197,1
2030,37,58,0.22235105959053195,1
2030,37,69,0.6603800359148272,1
2030,37,108,0.08111577524263217,1
2030,37,133,0.01232013328700297,1
2030,37,232,0.023832995965005842,1
2030,38,22,1.0,1
2030,39,216,1.0,1
2030,40,23,0.03159473099571562,1
2030,40,114,0.013643592501888138,1
2030,40,121,0.028545784371904706,1
2030,40,138,0.1101407557266778,1
2030,40,144,0.6988429693372931,1
2030,40,153,0.03688216178266576,1
2030,40,156,0.039948655120477974,1
2030,40,237,0.04040135016337696,1
2030,41,103,1.0,1
2030,42,149,1.0,1
2030,43,12,0.02741262862524159,1
2030,43,17,0.901323779315793,1
2030,43,29,0.013749876035568027,1
2030,43,50,0.020099466717541953,1
2030,43,195,0.014913199293313303,1
2030,43,222,0.022501050012542104,1
2030,44,112,1.0,1
2030,45,227,1.0,1
2030,46,101,0.022896735878274063,1
2030,46,121,0.040942689468108355,1
2030,46,123,0.02628036134322464,1
2030,46,144,0.11380945612858778,1
2030,46,153,0.012496861233936904,1
2030,46,165,0.7835738959478682,1
2030,47,39,1.0,1
2030,48,29,0.05719425901842894,1
2030,48,85,0.7870214735991158,1
2030,48,132,0.10413838700134435,1
2030,48,207,0.05164588038111092,1
2030,49,29,0.014095793219000586,1
2030,49,132,0.01246891331424193,1
2030,49,194,0.9507772738406622,1
2030,49,207,0.022658019626095156,1
2030,50,5,0.9816660178586541,1
2030,50,195,0.018333982141345778,1
2030,51,44,1.0,1
2030,52,56,0.07130909349211599,1
2030,52,93,0.05410409527909082,1
2030,52,96,0.05352344242474076,1
2030,52,129,0.022345893166205364,1
2030,52,177,0.798717475637847,1
2030,53,133,1.0,1
2030,54,24,0.01989250457584334,1
2030,54,44,0.8718597931869945,1
2030,54,45,0.03171861324157685,1
2030,54,132,0.012419293739435905,1
2030,54,171,0.03210572186003318,1
2030,54,185,0.012141158966190113,1
2030,54,207,0.019862914429926066,1
2030,55,136,1.0,1
2030,56,20,1.0,1
2030,57,123,1.0,1
2030,58,56,0.01861441004221049,1
2030,58,60,0.012514191019025704,1
2030,58,91,0.8183901995255674,1
2030,58,93,0.04105495267316153,1
2030,58,129,0.07112178413973604,1
2030,58,151,0.038304462600298766,1
2030,59,195,0.012140093323155188,1
2030,59,218,0.9878599066768448,1
2030,60,184,0.04343642335197455,1
2030,60,200,0.8575765702498915,1
2030,60,215,0.07276825578155978,1
2030,60,222,0.026218750616574207,1
2030,61,154,1.0,1
2030,62,126,1.0,1
2030,63,85,0.04847282212467062,1
2030,63,132,0.8777212874849328,1
2030,63,133,0.039885416705523626,1
2030,63,194,0.03392047368487285,1
2030,64,117,1.0,1
2030,65,163,1.0,1
2030,66,33,0.09804362577480533,1
2030,66,42,0.015477747465015028,1
2030,66,45,0.04388907033187298,1
2030,66,122,0.8425895564283067,1
2030,67,237,1.0,1
2030,68,5,0.06619071552559055,1
2030,68,42,0.7411329411879779,1
2030,68,44,0.17552467697837942,1
2030,68,220,0.017151666308052083,1
2030,69,8,0.12128474805392406,1
2030,69,20,0.05938269938633039,1
2030,69,56,0.05113285593800765,1
2030,69,92,0.6374757029925231,1
2030,69,149,0.13072399362921486,1
2030,70,26,1.0,1
2030,71,136,1.0,1
2030,72,22,1.0,1
2030,73,29,0.04026290596040552,1
2030,73,80,0.012706146232227994,1
2030,73,91,0.018198062308025783,1
2030,73,195,0.07612034241235555,1
2030,73,202,0.8527125430869851,1
2030,74,90,1.0,1
2030,75,200,1.0,1
2030,76,5,0.9324414256120874,1
2030,76,10,0.021127397780900038,1
2030,76,99,0.03496413562856806,1
2030,76,130,0.011467040978444493,1
2030,77,5,0.980236731240171,1
2030,77,43,0.019763268759829016,1
2030,78,220,1.0,1
2030,79,26,0.010664311623910568,1
2030,79,33,0.03137544400252893,1
2030,79,133,0.02386258431461655,1
2030,79,185,0.015265102766675252,1
2030,79,208,0.9188325572922688,1
2030,80,6,0.9713498455769493,1
2030,80,195,0.0286501544230508,1
2030,81,8,0.018390796570049304,1
2030,81,20,0.06116177344302268,1
2030,81,56,0.0524721626524265,1
2030,81,91,0.08096168891059906,1
2030,81,93,0.05062417830391833,1
2030,81,177,0.015453840440505387,1
2030,81,234,0.7209355596794788,1
2030,82,221,1.0,1
2030,83,33,0.026244988105550527,1
2030,83,69,0.8655312266957372,1
2030,83,209,0.08060201068514276,1
2030,83,211,0.027621774513569532,1
2030,84,5,0.11734110342775066,1
2030,84,20,0.06326730041818454,1
2030,84,78,0.7235323410080644,1
2030,84,84,0.04596192096106079,1
2030,84,154,0.01013849900038942,1
2030,84,157,0.03975883518455023,1
2030,85,145,1.0,1
2030,86,33,0.0760807744687241,1
2030,86,99,0.03788563359765879,1
2030,86,104,0.13343951846920313,1
2030,86,214,0.03421617334721318,1
2030,86,226,0.7183779001172008,1
2030,87,76,0.954585161056358,1
2030,87,207,0.03277146606555055,1
2030,87,231,0.01264337287809135,1
2030,88,73,1.0,1
2030,89,185,1.0,1
2030,90,157,1.0,1
2030,91,157,1.0,1
2030,92,91,0.02767516591732843,1
2030,92,93,0.9254976568346643,1
2030,92,127,0.03366305818035461,1
2030,92,209,0.013164119067652648,1
2030,93,211,1.0,1
2030,94,58,0.05253036108356348,1
2030,94,66,0.9244597352688707,1
2030,94,211,0.02300990364756587,1
2030,95,24,0.04225197212450509,1
2030,95,33,0.03280844687277218,1
2030,95,69,0.03505145586104033,1
2030,95,81,0.8898881251416825,1
2030,96,106,0.9836580584700785,1
2030,96,222,0.016341941529921553,1
2030,97,6,1.0,1
2030,98,6,0.9798351011334312,1
2030,98,20,0.020164898866568852,1
2030,99,6,1.0,1
2030,100,6,0.9301684876442562,1
2030,100,9,0.025946404874806282,1
2030,100,34,0.02353250315014613,1
2030,100,93,0.02035260433079134,1
2030,101,6,0.04634835406933626,1
2030,101,78,0.9285125605376588,1
2030,101,106,0.025139085393004797,1
2030,102,106,1.0,1
2030,103,20,0.052146861554472825,1
2030,103,130,0.053808221334157996,1
2030,103,233,0.8940449171113691,1
2030,104,140,0.07683042214055287,1
2030,104,157,0.08968135626196609,1
2030,104,165,0.7984994869460438,1
2030,104,185,0.03498873465143725,1
2030,105,43,0.04173552707784239,1
2030,105,93,0.03061143600970533,1
2030,105,140,0.9276530369124523,1
2030,106,140,1.0,1
2030,107,43,0.09897484539160795,1
2030,107,209,0.0608720164239424,1
2030,107,234,0.8401531381844496,1
2030,108,33,0.05337279945963575,1
2030,108,45,0.024426756494534414,1
2030,108,119,0.9222004440458298,1
2030,109,10,0.848489583599835,1
2030,109,11,0.019569768620627585,1
2030,109,143,0.015030161720390225,1
2030,109,151,0.02138133325984741,1
2030,109,162,0.010854229905051905,1
2030,109,166,0.013376101608858998,1
2030,109,204,0.021030560559822584,1
2030,109,211,0.02244731394435686,1
2030,109,221,0.02782094678120941,1
2030,110,120,1.0,1
2030,111,92,0.014846735874327275,1
2030,111,93,0.05847133779823827,1
2030,111,135,0.048675859914491,1
2030,111,186,0.8632306326656689,1
2030,111,193,0.01477543374727447,1
2030,112,183,1.0,1
2030,113,166,1.0,1
2030,114,127,1.0,1
2030,115,127,1.0,1
2030,116,24,1.0,1
2030,117,92,0.057638686407167815,1
2030,117,95,0.826227051136739,1
2030,117,103,0.014161571763527208,1
2030,117,121,0.10197269069256616,1
2030,118,113,1.0,1
2030,119,93,0.011481269022439752,1
2030,119,129,0.030839995287092192,1
2030,119,175,0.0942781094150388,1
2030,119,205,0.028109761285278766,1
2030,119,211,0.07110918749511849,1
2030,119,234,0.764181677495032,1
2030,120,93,0.04619955308009618,1
2030,120,135,0.024076914745351903,1
2030,120,235,0.929723532174552,1
2030,121,211,1.0,1
2030,122,66,0.8265749134699026,1
2030,122,100,0.027444078542488995,1
2030,122,125,0.01726405802704192,1
2030,122,205,0.06626219303805632,1
2030,122,210,0.01537557026707473,1
2030,122,211,0.030158067647866906,1
2030,122,217,0.01692111900756847,1
2030,123,148,0.9877451217431463,1
2030,123,171,0.012254878256853684,1
2030,124,11,0.013704548507202053,1
2030,124,89,0.8882161762481061,1
2030,124,104,0.011041842906344777,1
2030,124,127,0.027432264874883334,1
2030,124,204,0.011407226758920388,1
2030,124,211,0.02678466482076754,1
2030,124,221,0.02141327588377567,1
2030,125,109,0.012218072306595452,1
2030,125,127,0.010617024749222992,1
2030,125,147,0.850094652937006,1
2030,125,162,0.020309186368401542,1
2030,125,205,0.024679985811185478,1
2030,125,210,0.08208107782758854,1
2030,126,52,1.0,1
2030,127,119,1.0,1
2030,128,6,0.0197210855621615,1
2030,128,15,0.7835102495026991,1
2030,128,33,0.11436383198434653,1
2030,128,71,0.04861203409834675,1
2030,128,183,0.03379279885244611,1
2030,129,47,0.9061218829953238,1
2030,129,71,0.011170990884540497,1
2030,129,75,0.024585216705570782,1
2030,129,138,0.03757252898221116,1
2030,129,224,0.02054938043235375,1
2030,130,34,0.02148758812440201,1
2030,130,52,0.9133675291682797,1
2030,130,93,0.011538350901935255,1
2030,130,135,0.037415971851677214,1
2030,130,169,0.016190559953705937,1
2030,131,8,0.04327192971797413,1
2030,131,10,0.8459265783530083,1
2030,131,53,0.03849059773953845,1
2030,131,88,0.03258933258512494,1
2030,131,112,0.010873380645394186,1
2030,131,168,0.028848180958960006,1
2030,132,8,1.0,1
2030,133,209,1.0,1
2030,134,6,0.01047885562827696,1
2030,134,15,0.01745696215291271,1
2030,134,71,0.03792322620045735,1
2030,134,93,0.013172643413028998,1
2030,134,108,0.013239607330456827,1
2030,134,119,0.02621052835179879,1
2030,134,148,0.7946738816060307,1
2030,134,175,0.018921126844126616,1
2030,134,183,0.0679231684729111,1
2030,135,190,1.0,1
2030,136,172,1.0,1
2030,137,6,0.018793861826981083,1
2030,137,23,0.022960647372001458,1
2030,137,130,0.07012283833081205,1
2030,137,131,0.8017890727380652,1
2030,137,140,0.019217525888948185,1
2030,137,153,0.028062474053814485,1
2030,137,157,0.039053579789377554,1
2030,138,193,1.0,1
2030,139,234,1.0,1
2030,140,33,1.0,1
2030,141,9,1.0,1
2030,142,152,1.0,1
2030,143,55,0.8404051007367023,1
2030,143,143,0.012529322252677208,1
2030,143,162,0.026199132632000705,1
2030,143,204,0.04015166949785791,1
2030,143,211,0.04413932832388444,1
2030,143,221,0.0365754465568775,1
2030,144,55,0.9117042571538263,1
2030,144,56,0.030620474591622128,1
2030,144,93,0.03864857322015027,1
2030,144,135,0.019026695034401273,1
2030,145,183,0.017475113025133236,1
2030,145,197,0.9825248869748668,1
2030,146,6,0.8323881615108704,1
2030,146,10,0.039469837935317,1
2030,146,33,0.03763843794901386,1
2030,146,90,0.036577631513618425,1
2030,146,149,0.011227382048971404,1
2030,146,183,0.042698549042209,1
2030,147,6,0.8767934267248391,1
2030,147,24,0.02424540088921063,1
2030,147,33,0.06859839330093541,1
2030,147,190,0.030362779085014918,1
2030,148,145,1.0,1
2030,149,89,0.8561226635725537,1
2030,149,151,0.08900721227444425,1
2030,149,162,0.054870124153002,1
2030,150,43,0.021661268220408043,1
2030,150,167,0.015464166108925023,1
2030,150,171,0.04337432279117495,1
2030,150,226,0.919500242879492,1
2030,151,8,0.03914983027997484,1
2030,151,91,0.04989526387505755,1
2030,151,127,0.03989682398583241,1
2030,151,193,0.01845683010095551,1
2030,151,226,0.8526012517581796,1
2030,152,24,0.04210107973042297,1
2030,152,76,0.9365448029599942,1
2030,152,130,0.021354117309582796,1
2030,153,33,0.06845268696758572,1
2030,153,45,0.047659886113331586,1
2030,153,55,0.01196162756717247,1
2030,153,85,0.05513713533637872,1
2030,153,104,0.0557273726139719,1
2030,153,186,0.7610612914015595,1
2030,154,9,0.024644161679205075,1
2030,154,76,0.7947603374745437,1
2030,154,104,0.056700893835669314,1
2030,154,145,0.018661185625632248,1
2030,154,175,0.10523342138494958,1
2030,155,20,0.028739835197667905,1
2030,155,24,0.05051605100450354,1
2030,155,73,0.1180724932237462,1
2030,155,207,0.010936219167339436,1
2030,155,219,0.7917354014067429,1
2030,156,33,0.012118551903316314,1
2030,156,42,0.9878814480966837,1
2030,157,43,0.032449901294770545,1
2030,157,123,0.040893500558636255,1
2030,157,233,0.9266565981465932,1
2030,158,208,1.0,1
2030,159,208,1.0,1
2030,160,103,0.017579015058277792,1
2030,160,121,0.019163483028070746,1
2030,160,137,0.012558912841066321,1
2030,160,146,0.012360741775919285,1
2030,160,180,0.011240570507345718,1
2030,160,188,0.022924966496592473,1
2030,160,233,0.9041723102927276,1
2030,161,23,0.01052894619842854,1
2030,161,53,0.021700140972849075,1
2030,161,103,0.011854243685993478,1
2030,161,168,0.022087417897395326,1
2030,161,186,0.9338292512453336,1
2030,162,5,0.0171293626166514,1
2030,162,43,0.020525535286693465,1
2030,162,75,0.024121331392439726,1
2030,162,89,0.7817526552776927,1
2030,162,93,0.04625550828788309,1
2030,162,101,0.016994364643888784,1
2030,162,169,0.018581207749775716,1
2030,162,171,0.048244607838253795,1
2030,162,224,0.026395426906721323,1
2030,163,7,0.011253584470578844,1
2030,163,24,0.05054874215512115,1
2030,163,55,0.7902641098859395,1
2030,163,106,0.016132740106394573,1
2030,163,169,0.023685344482503524,1
2030,163,171,0.04648935020180238,1
2030,163,172,0.024572208272347396,1
2030,163,224,0.037053920425312574,1
2030,164,24,0.05105581820425279,1
2030,164,73,0.028240150338171448,1
2030,164,81,0.9207040314575757,1
2030,165,93,0.031174291398045697,1
2030,165,131,0.9513058786633806,1
2030,165,175,0.017519829938573695,1
2030,166,8,0.021437862726666004,1
2030,166,208,0.978562137273334,1
2030,167,9,0.042718028155369916,1
2030,167,75,0.9287203235718272,1
2030,167,145,0.016846360423209278,1
2030,167,149,0.011715287849593659,1
2030,168,175,1.0,1
2030,169,11,0.9851021070099891,1
2030,169,93,0.014897892990010849,1
2030,170,235,1.0,1
2030,171,11,1.0,1
2030,172,69,0.12894021322341034,1
2030,172,133,0.011240324949173213,1
2030,172,156,0.01072513663046894,1
2030,172,219,0.8490943251969475,1
2030,173,208,1.0,1
2030,174,233,1.0,1
2030,175,233,1.0,1
2030,176,53,0.061457992389014574,1
2030,176,88,0.06430428707594639,1
2030,176,101,0.025775908966612446,1
2030,176,121,0.04448831935503989,1
2030,176,138,0.012575903129220732,1
2030,176,153,0.028198084374970553,1
2030,176,208,0.7518857465970151,1
2030,176,224,0.0113137581121804,1
2030,177,75,1.0,1
2030,178,3,0.022044798306430486,1
2030,178,36,0.030770014956220504,1
2030,178,98,0.0200113091143113,1
2030,178,137,0.03947491010211734,1
2030,178,180,0.037318840645553054,1
2030,178,234,0.8503801268753673,1
2030,179,11,0.9686064512238234,1
2030,179,127,0.03139354877617662,1
2030,180,11,1.0,1
2030,181,166,1.0,1
2030,182,211,0.9852345694904139,1
2030,182,222,0.01476543050958605,1
2030,183,26,0.013031982324055807,1
2030,183,130,0.010962482086522897,1
2030,183,152,0.9527982231878871,1
2030,183,222,0.023207312401534157,1
2030,184,8,0.037278259402483076,1
2030,184,9,0.05680258671549833,1
2030,184,104,0.026291281027730522,1
2030,184,105,0.7011282101233342,1
2030,184,127,0.016493402095280628,1
2030,184,151,0.03550897543292228,1
2030,184,202,0.011739279380071157,1
2030,184,221,0.0684103939375349,1
2030,184,235,0.04634761188514505,1
2030,185,152,1.0,1
2030,186,6,0.10383835258738869,1
2030,186,33,0.07819008736121853,1
2030,186,71,0.012127046778037267,1
2030,186,75,0.011009717078187672,1
2030,186,106,0.023364795919183667,1
2030,186,108,0.02900661520896062,1
2030,186,183,0.026593049378322273,1
2030,186,219,0.7158703356887013,1
2030,187,6,0.9462615150137149,1
2030,187,34,0.028160966630041313,1
2030,187,36,0.025577518356243882,1
2030,188,75,1.0,1
2030,189,33,0.01119716009613621,1
2030,189,95,0.942982929872427,1
2030,189,104,0.01357898925980605,1
2030,189,162,0.021394381298587943,1
2030,189,211,0.010846539473042748,1
2030,190,61,0.9752656376082344,1
2030,190,93,0.010929691163419806,1
2030,190,124,0.01380467122834591,1
2030,191,34,0.032196814078293445,1
2030,191,45,0.0250937711257184,1
2030,191,86,0.9427094147959881,1
2030,192,8,0.014920120338983722,1
2030,192,135,0.9850798796610163,1
2030,193,33,0.08680807262381829,1
2030,193,34,0.038494483075305515,1
2030,193,45,0.06207782930606243,1
2030,193,66,0.7336508363362181,1
2030,193,183,0.017084278093971148,1
2030,193,190,0.06188450056462461,1
2030,194,10,0.018524657092215197,1
2030,194,131,0.9814753429077848,1
2030,195,34,0.014787514558456411,1
2030,195,42,0.028170450945132177,1
2030,195,45,0.014052676486466272,1
2030,195,78,0.8036502129879648,1
2030,195,157,0.039817244695967154,1
2030,195,172,0.09952190032601321,1
2030,196,8,0.010692260601558293,1
2030,196,9,0.9893077393984416,1
2030,197,204,1.0,1
2030,198,151,1.0,1
2030,199,24,0.0753770075296107,1
2030,199,45,0.3134678845675215,1
2030,199,69,0.15557121714707595,1
2030,199,204,0.1590183220265642,1
2030,199,219,0.2965655687292277,1
2030,200,34,0.9775047055765537,1
2030,200,130,0.022495294423446357,1
2030,201,60,1.0,1
2030,202,60,0.018228732699460064,1
2030,202,197,0.9817712673005399,1
2030,203,233,1.0,1
2030,204,34,0.16252235384753103,1
2030,204,208,0.8374776461524689,1
2030,205,34,1.0,1
2030,206,170,1.0,1
2030,207,34,0.2097183275431874,1
2030,207,104,0.018309942034723078,1
2030,207,135,0.03212486115031217,1
2030,207,202,0.7163500753544058,1
2030,207,204,0.012920282561233388,1
2030,207,235,0.010576511356138246,1
2030,208,60,0.04676245096849753,1
2030,208,104,0.03972739145871837,1
2030,208,135,0.08545694709275689,1
2030,208,148,0.603185233231702,1
2030,208,151,0.17713167497539714,1
2030,208,204,0.04773630227292807,1
2030,209,9,0.012396392973777749,1
2030,209,34,0.029964787949806358,1
2030,209,84,0.021667211029977197,1
2030,209,235,0.9359716080464386,1
2030,210,93,0.014606342843515054,1
2030,210,135,0.010052104386288762,1
2030,210,162,0.9753415527701962,1
2030,211,61,1.0,1
2030,212,34,0.12543383110362957,1
2030,212,60,0.18361372579804347,1
2030,212,66,0.5466450805929198,1
2030,212,97,0.019968486235397792,1
2030,212,120,0.018551308273854695,1
2030,212,135,0.07446300713343544,1
2030,212,151,0.03132456086271919,1
2030,213,8,0.011484325255742483,1
2030,213,34,0.16499325275382837,1
2030,213,45,0.08403283081577677,1
2030,213,55,0.018328396625384918,1
2030,213,81,0.3596210198833205,1
2030,213,85,0.047468001420421624,1
2030,213,104,0.18150055307249355,1
2030,213,145,0.06560448611499597,1
2030,213,149,0.021368475544890877,1
2030,213,151,0.045598658513144916,1
2030,214,61,1.0,1
2030,215,40,0.027348986166770357,1
2030,215,60,0.0625529947311117,1
2030,215,66,0.8430365529770623,1
2030,215,169,0.013503303239891658,1
2030,215,172,0.036255801216804495,1
2030,215,204,0.017302361668359537,1
2030,216,89,0.8419567181218068,1
2030,216,129,0.09862032322355445,1
2030,216,175,0.05942295865463874,1
2030,217,47,0.8912729379262743,1
2030,217,127,0.030567811877439847,1
2030,217,218,0.038699315450002755,1
2030,217,221,0.03945993474628319,1
2030,218,24,0.012156761142649903,1
2030,218,151,0.98784323885735,1
2030,219,45,0.04521489381672011,1
2030,219,73,0.030774379980800216,1
2030,219,127,0.0505802430476222,1
2030,219,162,0.02071989844018777,1
2030,219,207,0.031793594138574764,1
2030,219,235,0.8209169905760949,1
2030,220,24,0.013192909833722267,1
2030,220,73,0.03235961662075623,1
2030,220,171,0.011080952206650178,1
2030,220,207,0.015121045835450595,1
2030,220,219,0.9282454755034207,1
2030,221,34,0.01164627766809965,1
2030,221,36,0.036650769706719905,1
2030,221,137,0.01142320053186494,1
2030,221,188,0.01747293251297622,1
2030,221,208,0.9228068195803394,1
2030,222,50,0.01869187240194336,1
2030,222,135,0.9813081275980566,1
2030,223,104,1.0,1
2030,224,162,1.0,1
2030,225,45,1.0,1
2030,226,42,0.9032180064290066,1
2030,226,101,0.03284482377184273,1
2030,226,121,0.025397693193045134,1
2030,226,150,0.02019411534535811,1
2030,226,153,0.01834536126074736,1
2030,227,123,0.025518423659101126,1
2030,227,150,0.011812650245846101,1
2030,227,208,0.9626689260950528,1
2030,228,34,0.9163378710734464,1
2030,228,93,0.03473150131784718,1
2030,228,129,0.0489306276087064,1
2030,229,151,1.0,1
2030,230,127,0.0938402686534623,1
2030,230,143,0.8820299109685843,1
2030,230,151,0.024129820377953262,1
2030,231,143,1.0,1
2030,232,61,1.0,1
2030,233,34,0.016668635800070126,1
2030,233,75,0.01954300940935015,1
2030,233,84,0.014338131726725892,1
2030,233,103,0.02162536071343182,1
2030,233,121,0.05624730481387736,1
2030,233,138,0.012098711188694516,1
2030,233,144,0.015917764960956104,1
2030,233,153,0.019692445876223316,1
2030,233,196,0.024982551780163297,1
2030,233,219,0.785490483698994,1
2030,233,237,0.013395600031513407,1
2030,234,5,0.02908888242514783,1
2030,234,6,0.02006836879872735,1
2030,234,23,0.020930133597441846,1
2030,234,75,0.018352200369835137,1
2030,234,81,0.8139052663527727,1
2030,234,84,0.019219256077321303,1
2030,234,138,0.016469578797767052,1
2030,234,168,0.01778863567335032,1
2030,234,208,0.030558984283976475,1
2030,234,224,0.013618693623660024,1
2030,235,56,0.029589149515860554,1
2030,235,81,0.9541967499407211,1
2030,235,96,0.016214100543418264,1
2030,236,33,0.023374550850638717,1
2030,236,45,0.1056489415087381,1
2030,236,68,0.7201892338284301,1
2030,236,73,0.01823075166865025,1
2030,236,127,0.012845345139144211,1
2030,236,151,0.04608643976666877,1
2030,236,190,0.01677752056881828,1
2030,236,209,0.016751961708897218,1
2030,236,219,0.01081217928355316,1
2030,236,226,0.02928307567646113,1
2030,237,43,0.022501479910149752,1
2030,237,89,0.9246241400705585,1
2030,237,91,0.018914688704742704,1
2030,237,123,0.012461766945284546,1
2030,237,171,0.021497924369264513,1
2030,238,8,0.09892535782046163,1
2030,238,20,0.010416403795948442,1
2030,238,112,0.025354889049944762,1
2030,238,149,0.03919859448925759,1
2030,238,150,0.017321362689361144,1
2030,238,185,0.01032822099291267,1
2030,238,219,0.7984551711621137,1
2030,239,34,0.015365811277000992,1
2030,239,45,0.03487063910426707,1
2030,239,58,0.018930820657039424,1
2030,239,123,0.014380870195903788,1
2030,239,131,0.7562367931734721,1
2030,239,132,0.011765686026082037,1
2030,239,133,0.1366162906244238,1
2030,239,194,0.011833088941810817,1
2030,240,42,1.0,1
2030,241,20,0.02773151919267438,1
2030,241,123,0.06259421988844079,1
2030,241,196,0.01658977463983044,1
2030,241,208,0.8930844862790545,1
2030,242,20,0.028356827545714138,1
2030,242,44,0.03937071014854766,1
2030,242,154,0.02730694789270378,1
2030,242,208,0.9049655144130344,1
2030,243,195,0.026646489826035777,1
2030,243,208,0.9733535101739642,1
2030,244,208,1.0,1
2030,245,84,1.0,1
2030,246,40,1.0,1
2030,247,52,1.0,1
2030,248,37,1.0,1
2030,249,165,1.0,1
2030,250,130,1.0,1
2030,251,43,1.0,1
2030,252,78,0.90810292036152,1
2030,252,122,0.06496394328889372,1
2030,252,183,0.026933136349586252,1
2030,253,55,0.6884739070667925,1
2030,253,85,0.12048657354047601,1
2030,253,150,0.1910395193927315,1
2030,254,29,0.011973536779581698,1
2030,254,50,0.028971396121736336,1
2030,254,119,0.8884164202705982,1
2030,254,129,0.04150674424443218,1
2030,254,180,0.017430287482176836,1
2030,254,205,0.011701615101474789,1
2030,255,17,0.025675672986619463,1
2030,255,69,0.021051536392303418,1
2030,255,89,0.8502056611458193,1
2030,255,99,0.038061929393185576,1
2030,255,222,0.06500520008207217,1
2030,256,32,1.0,1
2030,257,169,1.0,1
2030,258,95,0.8847003935673768,1
2030,258,106,0.011614351195808488,1
2030,258,129,0.03270467485074034,1
2030,258,157,0.027341982867870315,1
2030,258,169,0.043638597518204036,1
2030,259,201,1.0,1
2030,260,86,0.9205786374920967,1
2030,260,127,0.04517297108861604,1
2030,260,210,0.01572573925948468,1
2030,260,221,0.018522652159802595,1
2030,261,7,1.0,1
2030,262,5,0.024300002959695692,1
2030,262,6,0.015385888593857625,1
2030,262,33,0.04889281568233162,1
2030,262,106,0.015092103542532157,1
2030,262,114,0.8767435508040867,1
2030,262,183,0.019585638417496134,1
2030,263,105,1.0,1
2030,264,81,0.927913908391893,1
2030,264,125,0.01192311599731285,1
2030,264,167,0.021818387386650852,1
2030,264,171,0.013678726350909913,1
2030,264,207,0.02466586187323342,1
2030,265,65,0.012929398721867493,1
2030,265,78,0.9718097874439261,1
2030,265,205,0.015260813834206405,1
2030,266,8,0.043252924459364836,1
2030,266,33,0.02576721725930096,1
2030,266,127,0.021310174093738633,1
2030,266,174,0.8307807183093961,1
2030,266,185,0.026581924018163,1
2030,266,190,0.020456191665990008,1
2030,266,209,0.031850850194046466,1
2030,267,66,0.966445702898965,1
2030,267,150,0.01245340948808642,1
2030,267,207,0.021100887612948625,1
2030,268,8,0.03535470385766844,1
2030,268,80,0.014158061109950552,1
2030,268,124,0.021707074758437347,1
2030,268,147,0.02234521709860397,1
2030,268,150,0.06392627120762878,1
2030,268,170,0.8425086719677108,1
2030,269,43,0.039272225683273,1
2030,269,93,0.022693493033647785,1
2030,269,147,0.9380342812830792,1
2030,270,166,1.0,1
2030,271,11,0.015367386352715067,1
2030,271,33,0.060386389930954784,1
2030,271,55,0.5718329796250646,1
2030,271,65,0.036361157329378495,1
2030,271,104,0.10366500197063142,1
2030,271,141,0.01310128842561728,1
2030,271,160,0.06137937401778839,1
2030,271,183,0.017062531347487142,1
2030,271,214,0.05810160727222868,1
2030,271,235,0.06274228372813401,1
2030,272,119,0.9206713590608356,1
2030,272,167,0.05062752544850924,1
2030,272,171,0.028701115490655075,1
2030,273,119,0.03602126234239088,1
2030,273,175,0.0210798360853095,1
2030,273,211,0.0640790995296535,1
2030,273,238,0.8788198020426461,1
2030,274,11,1.0,1
2030,275,17,0.056164123393062815,1
2030,275,69,0.8584229703186402,1
2030,275,207,0.08541290628829708,1
2030,276,78,0.9342424802410365,1
2030,276,222,0.03181393911538384,1
2030,276,231,0.03394358064357961,1
2030,277,8,0.04341665325084507,1
2030,277,56,0.012372225732144974,1
2030,277,62,0.8526045118452928,1
2030,277,193,0.017217390391273305,1
2030,277,237,0.07438921878044377,1
2030,278,38,1.0,1
2030,279,71,0.9738666468015988,1
2030,279,103,0.026133353198401148,1
2030,280,9,0.05793562366957194,1
2030,280,56,0.021230785310488116,1
2030,280,93,0.0868538099054281,1
2030,280,149,0.02732398930338421,1
2030,280,174,0.8066557918111277,1
2030,281,33,0.09742777149845672,1
2030,281,85,0.8128820991383936,1
2030,281,104,0.013047310956032145,1
2030,281,183,0.07664281840711747,1
2030,282,34,0.046104098578668005,1
2030,282,36,0.020905205848958323,1
2030,282,71,0.033837971185776035,1
2030,282,104,0.04575110447095443,1
2030,282,194,0.8534016199156431,1
2030,283,71,0.9884173598081051,1
2030,283,91,0.011582640191894951,1
2030,284,29,0.0457664075400123,1
2030,284,50,0.026924281911305914,1
2030,284,52,0.9273093105486817,1
2030,285,52,1.0,1
2030,286,55,0.01495749503711028,1
2030,286,63,0.01562903015284704,1
2030,286,69,0.8445619017018874,1
2030,286,104,0.019698592062316035,1
2030,286,156,0.02792868960108309,1
2030,286,231,0.07722429144475619,1
2030,287,9,0.07469781834050473,1
2030,287,93,0.05304853790282927,1
2030,287,145,0.03919975469355224,1
2030,287,149,0.013862542617598374,1
2030,287,239,0.8191913464455154,1
2030,288,33,0.03110778916154942,1
2030,288,38,0.8995264401738424,1
2030,288,104,0.056669980995769496,1
2030,288,183,0.01269578966883868,1
2030,289,33,0.06294467268204514,1
2030,289,71,0.9047870553604287,1
2030,289,99,0.01985544767102882,1
2030,289,122,0.012412824286497327,1
2030,290,34,0.01538333576494234,1
2030,290,93,0.967509214702833,1
2030,290,138,0.017107449532224643,1
2030,291,17,0.02174635651583227,1
2030,291,24,0.014375440538057272,1
2030,291,57,0.010631099376834345,1
2030,291,66,0.8960096871178564,1
2030,291,167,0.04589706773836876,1
2030,291,232,0.011340348713050999,1
2030,292,94,1.0,1
2030,293,78,1.0,1
2030,294,5,0.01795700979643873,1
2030,294,6,0.012521158429607033,1
2030,294,93,0.27049733929429226,1
2030,294,101,0.03392351030390901,1
2030,294,157,0.042330567276192624,1
2030,294,187,0.5849708817138909,1
2030,294,224,0.03779953318566947,1
2030,295,9,0.014631430619484355,1
2030,295,10,0.058528782806328,1
2030,295,34,0.016708533774205614,1
2030,295,56,0.06765379868358701,1
2030,295,93,0.025371834395998126,1
2030,295,149,0.011720317750486486,1
2030,295,238,0.8053853019699104,1
2030,296,99,1.0,1
2030,297,5,0.014134368487182246,1
2030,297,44,0.011631617527343924,1
2030,297,108,0.011082024444158355,1
2030,297,153,0.9631519895413155,1
2030,298,20,0.018514601228859933,1
2030,298,82,0.7834605759843223,1
2030,298,150,0.03523038211841632,1
2030,298,169,0.036704246821221385,1
2030,298,171,0.04682684338928738,1
2030,298,193,0.0792633504578927,1
2030,299,8,0.05268599692189035,1
2030,299,9,0.03169358390354181,1
2030,299,114,0.8276721305701673,1
2030,299,149,0.07570504671576392,1
2030,299,196,0.012243241888636664,1
2030,300,15,0.6270258338058929,1
2030,300,24,0.21919294245663987,1
2030,300,26,0.01325820360465752,1
2030,300,33,0.03768583607610289,1
2030,300,56,0.04858000242560961,1
2030,300,167,0.04316433085791198,1
2030,300,209,0.01109285077318517,1
2030,301,224,1.0,1
2030,302,63,0.06529329729331142,1
2030,302,85,0.03376380210599189,1
2030,302,150,0.013916598414019873,1
2030,302,187,0.7375159453191179,1
2030,302,194,0.1495103568675588,1
2030,303,86,1.0,1
2030,304,53,0.029224466235222075,1
2030,304,57,0.058999475824675525,1
2030,304,78,0.7242366131245886,1
2030,304,101,0.03233405821952746,1
2030,304,103,0.01790352669036767,1
2030,304,121,0.01901366718708342,1
2030,304,138,0.021314602079975552,1
2030,304,171,0.017949478486430116,1
2030,304,188,0.04039615896017812,1
2030,304,222,0.020504424642070897,1
2030,304,228,0.018123528549880537,1
2030,305,187,0.9894899162755402,1
2030,305,224,0.010510083724459829,1
2030,306,18,0.02655488609692253,1
2030,306,20,0.01962386020656561,1
2030,306,105,0.9212326525910518,1
2030,306,150,0.032588601105460045,1
2030,307,8,0.041259016078071864,1
2030,307,18,0.07564399397143902,1
2030,307,80,0.06882779196416748,1
2030,307,91,0.11038515511585807,1
2030,307,92,0.05072677957912313,1
2030,307,127,0.059288452498794955,1
2030,307,148,0.5938688107925455,1
2030,308,17,0.7376435213261111,1
2030,308,33,0.04855035563419038,1
2030,308,185,0.11390984092461903,1
2030,308,209,0.09989628211507945,1
2030,309,3,0.03722105732445991,1
2030,309,58,0.021770375919224764,1
2030,309,65,0.012963716591790833,1
2030,309,82,0.017258953584353292,1
2030,309,98,0.11539311183538242,1
2030,309,135,0.017884623697898176,1
2030,309,174,0.7439522838620058,1
2030,309,180,0.033555877184884654,1
2030,310,238,1.0,1
2030,311,160,1.0,1
2030,312,15,0.8576340356907387,1
2030,312,56,0.01573151238324955,1
2030,312,65,0.019213627912587176,1
2030,312,96,0.02810618449859355,1
2030,312,104,0.018851002989720023,1
2030,312,141,0.020504980614036217,1
2030,312,180,0.02498021634185054,1
2030,312,238,0.014978439569224122,1
2030,313,83,0.9631271923237009,1
2030,313,93,0.015081898568169435,1
2030,313,135,0.021790909108129503,1
2030,314,8,0.020186612612099124,1
2030,314,20,0.02748083144177417,1
2030,314,130,0.023541192293424808,1
2030,314,150,0.012554677128730426,1
2030,314,210,0.9162366865239715,1
2030,315,207,1.0,1
2030,316,53,0.01184045230035272,1
2030,316,88,0.05513755401968607,1
2030,316,101,0.11909223479202538,1
2030,316,114,0.7380508572043396,1
2030,316,150,0.04047166701584618,1
2030,316,171,0.03540723466774998,1
2030,317,123,0.03604531325983269,1
2030,317,130,0.09593197972836874,1
2030,317,150,0.04911508203728133,1
2030,317,153,0.026743887460624987,1
2030,317,156,0.7319428147885744,1
2030,317,194,0.04821854996420219,1
2030,317,231,0.012002372761115833,1
2030,318,107,1.0,1
2030,319,18,1.0,1
2030,320,231,1.0,1
2030,321,171,1.0,1
2030,322,70,0.8258876836658176,1
2030,322,93,0.11662419253533027,1
2030,322,98,0.020577484584183542,1
2030,322,171,0.036910639214668785,1
2030,323,15,0.8465104626605824,1
2030,323,53,0.026901325751276173,1
2030,323,88,0.03954661269746249,1
2030,323,101,0.033645390067896484,1
2030,323,107,0.028055282970856042,1
2030,323,121,0.025340925851926467,1
2030,324,112,0.08898512706585571,1
2030,324,138,0.8891517613044253,1
2030,324,149,0.021863111629719014,1
2030,325,20,0.01534193241528693,1
2030,325,35,0.9263098476456657,1
2030,325,106,0.010497848367649137,1
2030,325,130,0.014508184764049628,1
2030,325,140,0.021437699393057275,1
2030,325,157,0.011904487414291395,1
2030,326,8,0.06881061660613386,1
2030,326,70,0.6103443170243191,1
2030,326,91,0.030635597714048956,1
2030,326,92,0.23563035855363293,1
2030,326,93,0.054579110101865114,1
2030,327,167,1.0,1
2030,328,62,1.0,1
2030,329,57,1.0,1
2030,330,20,0.013084605415726402,1
2030,330,33,0.04355039195546485,1
2030,330,99,0.021362765595298414,1
2030,330,158,0.8690144410998875,1
2030,330,185,0.027951677197918738,1
2030,330,222,0.02503611873570415,1
2030,331,158,0.9754424843469468,1
2030,331,163,0.012875136766094211,1
2030,331,221,0.011682378886958973,1
2030,332,176,1.0,1
2030,333,101,0.1042294075289134,1
2030,333,105,0.5364760897212021,1
2030,333,127,0.1563853247644048,1
2030,333,171,0.030201757468955155,1
2030,333,207,0.16166130646738244,1
2030,333,210,0.011046114049142021,1
2030,334,121,0.8909203473983763,1
2030,334,167,0.025516811976215508,1
2030,334,169,0.019852305985040935,1
2030,334,171,0.027480438963714694,1
2030,334,194,0.03623009567665244,1
2030,335,98,0.013490699917350883,1
2030,335,138,0.9865093000826491,1
2030,336,59,0.8451271506401824,1
2030,336,71,0.015257109633693165,1
2030,336,75,0.016463860901219752,1
2030,336,107,0.025078160501277834,1
2030,336,121,0.015129408011500598,1
2030,336,138,0.061817922187356794,1
2030,336,187,0.02112638812476926,1
2030,337,35,0.8807788081492676,1
2030,337,50,0.019994547542571947,1
2030,337,133,0.01285432800522813,1
2030,337,146,0.022965519368255832,1
2030,337,171,0.06340679693467649,1
2030,338,34,0.02209872074652272,1
2030,338,42,0.08822327167463685,1
2030,338,53,0.7356515364267397,1
2030,338,123,0.06374746645489729,1
2030,338,130,0.09027900469720336,1
2030,339,31,0.015033998308476699,1
2030,339,92,0.7566187700281367,1
2030,339,93,0.031103271531943408,1
2030,339,98,0.10632686662838808,1
2030,339,135,0.09091709350305516,1
2030,340,17,0.18706288499327606,1
2030,340,33,0.02108577249921677,1
2030,340,69,0.019122992024636794,1
2030,340,133,0.0477795122330352,1
2030,340,137,0.7071427630160485,1
2030,340,156,0.017806075233786724,1
2030,341,18,0.013209884088694758,1
2030,341,29,0.08419789232156828,1
2030,341,180,0.9025922235897369,1
2030,342,33,0.028099985893766697,1
2030,342,56,0.011170689667231679,1
2030,342,122,0.01845984631949149,1
2030,342,180,0.8842690142020871,1
2030,342,183,0.022833179674919064,1
2030,342,201,0.021339447745066485,1
2030,342,214,0.013827836497437362,1
2030,343,99,0.011925317502969428,1
2030,343,122,0.013456185313073918,1
2030,343,156,0.8310297572786193,1
2030,343,215,0.02497156793307848,1
2030,343,222,0.1186171719722588,1
2030,344,18,0.01745232319051018,1
2030,344,45,0.1091795113012288,1
2030,344,70,0.7154792563830645,1
2030,344,85,0.03144350020554207,1
2030,344,88,0.03657687371457291,1
2030,344,150,0.015149578455920937,1
2030,344,171,0.07471895674916063,1
2030,345,3,0.011704430997533528,1
2030,345,65,0.01923299419826111,1
2030,345,70,0.8046908396607355,1
2030,345,79,0.02165393234119126,1
2030,345,125,0.011448418063044186,1
2030,345,167,0.060633030336760076,1
2030,345,221,0.01409847215291829,1
2030,345,231,0.056537882249556,1
2030,346,6,0.023594720837873374,1
2030,346,34,0.05383457694232344,1
2030,346,71,0.01952893200103294,1
2030,346,106,0.060746504184901746,1
2030,346,156,0.8422952660338685,1
2030,347,20,0.021814783877021238,1
2030,347,23,0.8527614408246937,1
2030,347,130,0.1080383128389647,1
2030,347,140,0.017385462459320322,1
2030,348,23,1.0,1
2030,349,112,0.0793638101693325,1
2030,349,121,0.8927111847284348,1
2030,349,149,0.027925005102232673,1
2030,350,17,0.7461516158138712,1
2030,350,57,0.028758272341315512,1
2030,350,137,0.18699604632583372,1
2030,350,156,0.02281528679598983,1
2030,350,236,0.01527877872298965,1
2030,351,98,0.09593241674347705,1
2030,351,158,0.8857768243553507,1
2030,351,171,0.018290758901172263,1
2030,352,26,0.01963393658058655,1
2030,352,33,0.021975665366095173,1
2030,352,45,0.014423207662765688,1
2030,352,138,0.9319442942039958,1
2030,352,231,0.012022896186556869,1
2030,353,98,1.0,1
2030,354,17,0.032286465075658216,1
2030,354,69,0.027806983233003593,1
2030,354,137,0.07833971988029538,1
2030,354,156,0.77704350161278,1
2030,354,236,0.08452333019826289,1
2030,355,23,0.8501738702582191,1
2030,355,103,0.06486327535082037,1
2030,355,137,0.017340968010038104,1
2030,355,138,0.0676218863809224,1
2030,356,88,0.9822744766464795,1
2030,356,127,0.017725523353520522,1
2030,357,88,0.0703275630023295,1
2030,357,101,0.11119522194477631,1
2030,357,153,0.8184772150528942,1
2030,358,88,1.0,1
2030,359,101,1.0,1
2030,360,150,1.0,1
2030,361,53,1.0,1
2030,362,153,1.0,1
2030,363,53,1.0,1
2030,364,88,0.9494512366762415,1
2030,364,103,0.011467242024751372,1
2030,364,138,0.027724620712028396,1
2030,364,156,0.01135690058697865,1
2030,365,123,0.3851616674849442,1
2030,365,144,0.3442376502407367,1
2030,365,195,0.2706006822743191,1
