year,period,rep_period,weight,scenario
2050,1,2,0.22202155811854613,0
2050,1,3,0.06012154192826206,0
2050,1,6,0.34354837725865695,0
2050,1,7,0.011050508602080672,0
2050,1,8,0.32578342745580496,0
2050,2,2,0.3498680899948689,0
2050,2,6,0.3213812769062904,0
2050,2,7,0.01970389931083525,0
2050,2,8,0.2907958395120193,0
2050,2,50,0.018250894275986,0
2050,3,1,0.014171878163749218,0
2050,3,2,0.3923652979599903,0
2050,3,5,0.030001209653662115,0
2050,3,6,0.19681361559565075,0
2050,3,8,0.33014994543264575,0
2050,3,36,0.0364980531943017,0
2050,4,2,0.31808623744145087,0
2050,4,5,0.07593246177018177,0
2050,4,6,0.085175908201805,0
2050,4,8,0.5208053925865622,0
2050,5,8,1.0,0
2050,6,3,0.10821353620405508,0
2050,6,4,0.22326554529310014,0
2050,6,6,0.10293890351082347,0
2050,6,7,0.013762475238416345,0
2050,6,8,0.25578447588095365,0
2050,6,27,0.2158045130866865,0
2050,6,52,0.0147055363985612,0
2050,7,2,0.06357467502642727,0
2050,7,5,0.016381701116785007,0
2050,7,6,0.3863295868536024,0
2050,7,8,0.3752230999345245,0
2050,7,27,0.0929076957845619,0
2050,8,2,0.36945771319232396,0
2050,8,6,0.363924476744319,0
2050,8,8,0.16260476772193633,0
2050,8,27,0.010457231593573282,0
2050,8,50,0.09355581074784747,0
2050,9,2,0.2662529520511089,0
2050,9,6,0.06535391890164378,0
2050,9,7,0.2816870358121223,0
2050,9,8,0.3153371231706208,0
2050,9,50,0.0713689700645041,0
2050,10,2,0.24772035590462627,0
2050,10,4,0.10960921231773081,0
2050,10,6,0.11671200060070112,0
2050,10,7,0.28872538510688217,0
2050,10,8,0.1650262630636382,0
2050,10,50,0.07220678300642137,0
2050,11,2,0.37149090879954083,0
2050,11,6,0.11734722528891896,0
2050,11,7,0.24207553658463166,0
2050,11,8,0.26908632932690835,0
2050,12,2,0.2613948116657439,0
2050,12,6,0.13067783439017877,0
2050,12,7,0.2833325231385098,0
2050,12,8,0.32459483080556756,0
2050,13,2,0.3598313481878479,0
2050,13,6,0.2687868808192995,0
2050,13,7,0.1666347736011571,0
2050,13,8,0.19966322973748038,0
2050,14,2,0.3783472532117654,0
2050,14,6,0.3026518911611127,0
2050,14,7,0.1296805793360525,0
2050,14,8,0.07273592940563217,0
2050,14,50,0.09108587778089693,0
2050,15,2,0.4714368799626578,0
2050,15,6,0.25746589727485425,0
2050,15,7,0.08257898859548705,0
2050,15,10,0.07342841681402636,0
2050,15,27,0.013480875977640847,0
2050,15,40,0.019167029033924254,0
2050,15,50,0.07392858040416915,0
2050,16,2,0.5093438419846772,0
2050,16,3,0.01525153401165942,0
2050,16,4,0.03926499077636023,0
2050,16,5,0.05233362935476641,0
2050,16,6,0.2265834758356464,0
2050,16,8,0.11235809763277457,0
2050,16,49,0.0448644304041158,0
2050,17,2,0.27234719705651445,0
2050,17,3,0.02266879070526062,0
2050,17,4,0.14989435177620733,0
2050,17,5,0.10039700811198111,0
2050,17,6,0.22227535688679545,0
2050,17,8,0.14879131461389525,0
2050,17,34,0.08362598084934576,0
2050,18,2,0.20295183063059255,0
2050,18,5,0.011455182839548269,0
2050,18,8,0.15236370232154642,0
2050,18,26,0.016842606368107974,0
2050,18,30,0.2031789034560571,0
2050,18,43,0.10111892589752576,0
2050,18,48,0.2723116833943449,0
2050,18,57,0.024108067782402855,0
2050,19,30,1.0,0
2050,20,2,0.11224919861335388,0
2050,20,5,0.10853529290880318,0
2050,20,6,0.17794071450463247,0
2050,20,14,0.057327939255552234,0
2050,20,26,0.034330604396924105,0
2050,20,30,0.4141334006235359,0
2050,21,2,0.17883714540632434,0
2050,21,26,0.10465167118506508,0
2050,21,30,0.14225699750617815,0
2050,21,43,0.11917423846020646,0
2050,21,48,0.193038668670129,0
2050,21,57,0.04419250345427681,0
2050,21,59,0.12787054559555655,0
2050,22,26,1.0,0
2050,23,4,1.0,0
2050,24,2,0.2943772070586875,0
2050,24,3,0.04179378085464076,0
2050,24,4,0.32468970683282955,0
2050,24,6,0.09884988361986531,0
2050,24,7,0.059273273555010386,0
2050,24,27,0.18101614807896652,0
2050,25,2,0.1886464677888675,0
2050,25,4,0.3201753305535676,0
2050,25,7,0.020934586346830535,0
2050,25,8,0.03400567398393459,0
2050,25,10,0.10730224443355629,0
2050,25,22,0.018022792342410436,0
2050,25,26,0.13229203282151153,0
2050,25,32,0.10399032224707558,0
2050,25,58,0.06199858984627465,0
2050,26,2,0.3230893735231186,0
2050,26,3,0.028065355989977975,0
2050,26,4,0.1101561392859749,0
2050,26,6,0.14642303493131198,0
2050,26,15,0.03147099209191118,0
2050,26,21,0.021159182694775992,0
2050,26,27,0.12937288150519244,0
2050,26,50,0.210263039977737,0
2050,27,2,0.29938613244905043,0
2050,27,6,0.06857386939012422,0
2050,27,7,0.13092952823049714,0
2050,27,26,0.15465948253185766,0
2050,27,31,0.06228034214301431,0
2050,27,37,0.10652592866667512,0
2050,27,48,0.03118985096153755,0
2050,27,50,0.05203000666754658,0
2050,27,59,0.06913351609281325,0
2050,28,2,0.3938222382694838,0
2050,28,3,0.026085751220677765,0
2050,28,4,0.02654941520881715,0
2050,28,6,0.1569560289410587,0
2050,28,7,0.15567666519567586,0
2050,28,27,0.1349623562711049,0
2050,28,50,0.10594754489318173,0
2050,29,2,1.0,0
2050,30,2,0.5302657138945649,0
2050,30,4,0.32599677511415964,0
2050,30,8,0.1437375109912753,0
2050,31,2,0.2994957777330308,0
2050,31,4,0.2537217054145666,0
2050,31,8,0.11497162516174855,0
2050,31,30,0.030124089138323887,0
2050,31,46,0.07154571789690028,0
2050,31,48,0.045810300827243355,0
2050,31,49,0.0574935925399353,0
2050,31,59,0.1268371912882505,0
2050,32,2,0.33211064739138113,0
2050,32,4,0.10126278143168693,0
2050,32,6,0.055652013303035715,0
2050,32,7,0.010912902076631183,0
2050,32,27,0.16177174624280186,0
2050,32,28,0.02056020166796141,0
2050,32,59,0.31772970788650184,0
2050,33,59,1.0,0
2050,34,2,0.10252291332258547,0
2050,34,4,0.1913071961083605,0
2050,34,15,0.10864798839073143,0
2050,34,26,0.21228825039441143,0
2050,34,30,0.01688697739787982,0
2050,34,32,0.03248182620936533,0
2050,34,37,0.10522364232443275,0
2050,34,43,0.023980249422369714,0
2050,34,52,0.07102715454138843,0
2050,34,59,0.11661511173691139,0
2050,35,4,0.31204219695814117,0
2050,35,7,0.1261144703151881,0
2050,35,14,0.1255306593523665,0
2050,35,26,0.28665079160574086,0
2050,35,59,0.09150183948111329,0
2050,35,60,0.011037067228300891,0
2050,36,2,0.06803922198125929,0
2050,36,4,0.3478731528592325,0
2050,36,7,0.1577056137490062,0
2050,36,15,0.1007174633385336,0
2050,36,19,0.056597697286940474,0
2050,36,26,0.2630316858228736,0
2050,37,2,0.3454173710324772,0
2050,37,4,0.25455150031286766,0
2050,37,5,0.02261636261961164,0
2050,37,7,0.1667692434456198,0
2050,37,8,0.12118315946814451,0
2050,37,59,0.08946236312127931,0
2050,38,2,0.32187627923420403,0
2050,38,4,0.09388367858916749,0
2050,38,5,0.18700393207799487,0
2050,38,6,0.21592161808657057,0
2050,38,7,0.07244970485396973,0
2050,38,8,0.011477234314557362,0
2050,38,27,0.07549958978652735,0
2050,38,52,0.021887963057008568,0
2050,39,2,0.39959785392447894,0
2050,39,5,0.10543356260095053,0
2050,39,6,0.046824461301203636,0
2050,39,7,0.19528705060502743,0
2050,39,8,0.18215162677182203,0
2050,39,59,0.07070544479651722,0
2050,40,2,0.04223495975930447,0
2050,40,4,0.14971984642848496,0
2050,40,6,0.02813219696450367,0
2050,40,7,0.16406421719402653,0
2050,40,8,0.2377362551818053,0
2050,40,10,0.037451856823621926,0
2050,40,36,0.04915354312085968,0
2050,40,52,0.027947681108926953,0
2050,40,59,0.26355944341846654,0
2050,41,4,0.107802416202375,0
2050,41,5,0.18499253487944017,0
2050,41,7,0.08681797498032667,0
2050,41,8,0.2130413751449439,0
2050,41,26,0.0687579684385082,0
2050,41,30,0.12183787977910156,0
2050,41,52,0.05191232732738736,0
2050,41,59,0.1615553304617706,0
2050,42,4,0.0674264042682303,0
2050,42,5,0.15958281932976112,0
2050,42,6,0.013877543602053038,0
2050,42,8,0.11963027093274836,0
2050,42,15,0.12675919336146232,0
2050,42,27,0.02530177165268683,0
2050,42,30,0.3476175496851687,0
2050,42,39,0.04162792502557097,0
2050,42,52,0.05661273096509427,0
2050,43,5,0.21478449701893226,0
2050,43,8,0.22184607995164657,0
2050,43,27,0.11283398870569028,0
2050,43,30,0.28837449999648024,0
2050,43,39,0.13897730008385725,0
2050,43,48,0.02318363424339326,0
2050,44,27,1.0,0
2050,45,10,1.0,0
2050,46,2,0.308895340229703,0
2050,46,5,0.15264188681347418,0
2050,46,6,0.1824736298757575,0
2050,46,8,0.07217552636722001,0
2050,46,10,0.01949369385622158,0
2050,46,15,0.034197093361772526,0
2050,46,32,0.12278564218862838,0
2050,46,36,0.053576578984830356,0
2050,46,37,0.03807142495232631,0
2050,46,59,0.015689183370065925,0
2050,47,2,0.2958539019221332,0
2050,47,4,0.11925725028391818,0
2050,47,5,0.2662172768326435,0
2050,47,6,0.0947744986943882,0
2050,47,8,0.18532948770445198,0
2050,47,46,0.019647871041269895,0
2050,48,2,0.3770839061374342,0
2050,48,4,0.15657536798909247,0
2050,48,5,0.1640249480559302,0
2050,48,6,0.03718328818515882,0
2050,48,8,0.13565066482414362,0
2050,48,30,0.04286145613843951,0
2050,48,46,0.08662036866980122,0
2050,49,2,0.181455738227345,0
2050,49,4,0.13587591247478212,0
2050,49,5,0.18987377883022324,0
2050,49,6,0.2524211917101672,0
2050,49,7,0.012622874537580004,0
2050,49,8,0.14953070232433335,0
2050,49,37,0.0537343513679262,0
2050,49,59,0.019998733092580465,0
2050,50,2,0.2108332630355307,0
2050,50,3,0.05956719178719635,0
2050,50,5,0.0598601264495854,0
2050,50,6,0.34614927102068127,0
2050,50,8,0.1168232297589781,0
2050,50,27,0.1808099783837682,0
2050,50,56,0.02595693956425995,0
2050,51,2,0.387164667718823,0
2050,51,5,0.15383203500244105,0
2050,51,6,0.1469090082466615,0
2050,51,8,0.079535645594555,0
2050,51,10,0.03297876496469516,0
2050,51,27,0.07888566946804693,0
2050,51,39,0.01676557351240606,0
2050,51,53,0.05148434615446398,0
2050,51,54,0.02964813257262592,0
2050,51,57,0.022796156765281225,0
2050,52,2,0.423416018021414,0
2050,52,4,0.05378054546772754,0
2050,52,5,0.09761424466199017,0
2050,52,8,0.13958096737454911,0
2050,52,49,0.28560822447431916,0
2050,53,2,0.34616600020269883,0
2050,53,3,0.025506428023416447,0
2050,53,4,0.25640793760025943,0
2050,53,5,0.09657896894528582,0
2050,53,6,0.011252144726604227,0
2050,53,8,0.12337592730904891,0
2050,53,28,0.06907131378095888,0
2050,53,39,0.05201444647733949,0
2050,53,43,0.01962683293438783,0
2050,54,2,0.4513584965606538,0
2050,54,3,0.025673440112854818,0
2050,54,4,0.07842587647585203,0
2050,54,6,0.20069824002587827,0
2050,54,7,0.05911250047683429,0
2050,54,27,0.12735809060123665,0
2050,54,28,0.038626670302657956,0
2050,54,56,0.018746685444032168,0
2050,55,2,0.4170806533592622,0
2050,55,3,0.02648060010357535,0
2050,55,4,0.04270184272758538,0
2050,55,6,0.01700222519525477,0
2050,55,7,0.13170683514449574,0
2050,55,10,0.061026304561169226,0
2050,55,24,0.03412432995439294,0
2050,55,37,0.0900059782913261,0
2050,55,50,0.13984600405825917,0
2050,55,56,0.018421705516403077,0
2050,56,2,0.2986329059249857,0
2050,56,4,0.23001818801920068,0
2050,56,7,0.06077959628451108,0
2050,56,35,0.012801474167910483,0
2050,56,41,0.030743673467930957,0
2050,56,49,0.2660798156378093,0
2050,57,2,0.1308955827419677,0
2050,57,3,0.04105183032518349,0
2050,57,4,0.26150721974748087,0
2050,57,7,0.04440404524308259,0
2050,57,15,0.05038400486728359,0
2050,57,21,0.11747903852561113,0
2050,57,27,0.16464157941752045,0
2050,57,37,0.05995837701233768,0
2050,57,50,0.10723378020749003,0
2050,57,56,0.013212279604857664,0
2050,58,2,0.20396948743939508,0
2050,58,4,0.0327790357027401,0
2050,58,10,0.02459946659123611,0
2050,58,11,0.042513416522895045,0
2050,58,15,0.11790763300350474,0
2050,58,26,0.014068976769987376,0
2050,58,27,0.010688302539904401,0
2050,58,30,0.09053940477439891,0
2050,58,32,0.03350465848154006,0
2050,58,45,0.1933988513361603,0
2050,58,50,0.16474328001882965,0
2050,58,59,0.07128748681940811,0
2050,59,2,0.07079573667074121,0
2050,59,3,0.028592075667892333,0
2050,59,4,0.14182065775679034,0
2050,59,6,0.05871515877292125,0
2050,59,15,0.040790174478906455,0
2050,59,27,0.3142677688510155,0
2050,59,37,0.0513389829336408,0
2050,59,50,0.24212491087195495,0
2050,59,56,0.04867703926440201,0
2050,60,2,0.4974510452389088,0
2050,60,6,0.19344629990332754,0
2050,60,7,0.05296977990159156,0
2050,60,12,0.011888760642158594,0
2050,60,27,0.012266038914153328,0
2050,60,50,0.22987199804945735,0
2050,61,2,0.3901448733651313,0
2050,61,4,0.03980525114778934,0
2050,61,7,0.29440455659028436,0
2050,61,8,0.13860137587036805,0
2050,61,50,0.12128724429865198,0
2050,61,56,0.015756698727774875,0
2050,62,2,0.1440533903404316,0
2050,62,3,0.025154422660654523,0
2050,62,5,0.012675052841409492,0
2050,62,6,0.06224459335041774,0
2050,62,7,0.40317523056232774,0
2050,62,8,0.2583332000153192,0
2050,62,27,0.03496052406585405,0
2050,62,50,0.03445174232805939,0
2050,63,2,0.07222669950145474,0
2050,63,7,0.39092313851789695,0
2050,63,8,0.05214285241705787,0
2050,63,10,0.22480390939576453,0
2050,63,21,0.0743996667014647,0
2050,63,24,0.02641753751077827,0
2050,63,26,0.023267976750134273,0
2050,63,27,0.011515376761718437,0
2050,63,32,0.023265060191172974,0
2050,63,56,0.09752931855117676,0
2050,64,2,0.02719534545190168,0
2050,64,4,0.44029203955412743,0
2050,64,7,0.2633428205638525,0
2050,64,15,0.0515245064327146,0
2050,64,32,0.18118176480899328,0
2050,64,53,0.029837390385652626,0
2050,65,2,0.09291089257789568,0
2050,65,3,0.02869841794004277,0
2050,65,4,0.3092598435669579,0
2050,65,5,0.125688592691361,0
2050,65,6,0.03700885969504092,0
2050,65,7,0.13849644614848095,0
2050,65,8,0.2679369473802207,0
2050,66,2,0.12254258226687736,0
2050,66,3,0.09324034387543276,0
2050,66,4,0.1585523359879758,0
2050,66,5,0.10644332872849957,0
2050,66,6,0.2600382444681073,0
2050,66,7,0.07242187028516006,0
2050,66,8,0.1813735045535612,0
2050,67,2,0.22250439108942752,0
2050,67,5,0.2719767805852992,0
2050,67,6,0.22337504220911628,0
2050,67,7,0.060817234946101396,0
2050,67,8,0.17373359126577972,0
2050,67,56,0.047592959904275874,0
2050,68,2,0.061289285772642636,0
2050,68,4,0.09115472628710145,0
2050,68,5,0.18427460837602758,0
2050,68,6,0.07353556162449887,0
2050,68,8,0.0939940857622601,0
2050,68,27,0.011414595126357861,0
2050,68,32,0.15851709204313594,0
2050,68,37,0.04624666020832662,0
2050,68,52,0.165979558699681,0
2050,68,55,0.046339540821306806,0
2050,68,57,0.06725428527866117,0
2050,69,2,0.12200670989124575,0
2050,69,3,0.042299877924920036,0
2050,69,5,0.28648699180958964,0
2050,69,6,0.28649096184315254,0
2050,69,15,0.12641108409521204,0
2050,69,52,0.0,0
2050,69,56,0.02255942513286677,0
2050,70,2,0.19321758042800918,0
2050,70,5,0.19153843178951946,0
2050,70,7,0.09439816192217029,0
2050,70,8,0.05692964499077587,0
2050,70,15,0.027655845432966803,0
2050,70,25,0.1507180348586381,0
2050,70,27,0.07574489420609765,0
2050,70,31,0.02392999872515831,0
2050,70,39,0.043164818806975744,0
2050,70,44,0.018965066077178117,0
2050,70,52,0.0,0
2050,71,2,0.16177885340074769,0
2050,71,4,0.09565367092323261,0
2050,71,5,0.158888021798206,0
2050,71,7,0.14774327224717243,0
2050,71,8,0.15578375938093605,0
2050,71,12,0.0660515170659995,0
2050,71,15,0.06754469212921022,0
2050,71,34,0.1328834975954236,0
2050,71,51,0.011779135351407257,0
2050,71,52,0.0,0
2050,72,2,0.2407324083685879,0
2050,72,5,0.1934817867760841,0
2050,72,6,0.14383959474698788,0
2050,72,7,0.047030927917185036,0
2050,72,8,0.024872554345351815,0
2050,72,15,0.08667914713127424,0
2050,72,40,0.017006399053639463,0
2050,72,43,0.03430566347512282,0
2050,72,52,0.1387142605489184,0
2050,72,59,0.07333725763684833,0
2050,73,2,0.18344725492541367,0
2050,73,5,0.11563488370181928,0
2050,73,6,0.22034802606802106,0
2050,73,7,0.056846361636802685,0
2050,73,15,0.08702921067756623,0
2050,73,28,0.10512219845471037,0
2050,73,37,0.01538211780866248,0
2050,73,52,0.18821142680669528,0
2050,73,59,0.027978519920308913,0
2050,74,2,0.08267869904185005,0
2050,74,4,0.04965267227918266,0
2050,74,5,0.11532463005676262,0
2050,74,6,0.13251642946865472,0
2050,74,7,0.28395615844156447,0
2050,74,8,0.09623223866497307,0
2050,74,28,0.10840800180613956,0
2050,74,52,0.13123117024087244,0
2050,75,4,0.029106843157828383,0
2050,75,5,0.35891802887904994,0
2050,75,6,0.05096801044402867,0
2050,75,7,0.20703534065275536,0
2050,75,8,0.3087455169055357,0
2050,75,52,0.0343146921998672,0
2050,75,53,0.010911567760934562,0
2050,76,5,0.3543152558847582,0
2050,76,7,0.10254777762365329,0
2050,76,8,0.1897470142770278,0
2050,76,52,0.3512627154917999,0
2050,77,52,1.0,0
2050,78,15,1.0,0
2050,79,4,0.14673095398965047,0
2050,79,5,0.13599887425914922,0
2050,79,15,0.13480324472954927,0
2050,79,30,0.21194960635323645,0
2050,79,46,0.08082423477601162,0
2050,79,48,0.024375871003820004,0
2050,79,52,0.17307611277963214,0
2050,79,59,0.09224110210895094,0
2050,80,2,0.08035956424242333,0
2050,80,5,0.17698382961796072,0
2050,80,6,0.08533248622257242,0
2050,80,7,0.08782518818585035,0
2050,80,8,0.04325440973621858,0
2050,80,15,0.2099000402005267,0
2050,80,27,0.307753261019904,0
2050,81,2,0.2224798362564222,0
2050,81,4,0.13725135491855422,0
2050,81,5,0.08226951395749346,0
2050,81,7,0.02137145141145118,0
2050,81,8,0.02379179008745346,0
2050,81,10,0.018802152780568238,0
2050,81,15,0.33350315646004663,0
2050,81,25,0.16053074412801063,0
2050,82,2,0.16694109206136948,0
2050,82,5,0.3120608835066882,0
2050,82,6,0.1578126805651574,0
2050,82,8,0.06638731650642736,0
2050,82,15,0.10015865734047254,0
2050,82,30,0.05573047807748012,0
2050,82,48,0.05910147425621583,0
2050,82,55,0.08180741768618911,0
2050,83,2,0.10912466803843092,0
2050,83,5,0.15670912370069587,0
2050,83,8,0.05584322517582098,0
2050,83,15,0.0583356244895602,0
2050,83,30,0.010774396616205304,0
2050,83,43,0.04041706050835772,0
2050,83,48,0.09882752209966812,0
2050,83,49,0.4031287718263777,0
2050,83,52,0.06468885856108843,0
2050,84,2,0.027098414235481635,0
2050,84,4,0.22164562696788503,0
2050,84,5,0.10278216437106347,0
2050,84,7,0.21048786950753762,0
2050,84,15,0.17396467195002607,0
2050,84,26,0.057336126387603666,0
2050,84,30,0.05181960347084103,0
2050,84,49,0.1548655231095615,0
2050,85,2,0.2560837581715747,0
2050,85,4,0.025129509952524443,0
2050,85,5,0.05724674979802666,0
2050,85,6,0.13780017390102364,0
2050,85,7,0.01237718758952687,0
2050,85,8,0.2113482957977674,0
2050,85,15,0.13799453426158081,0
2050,85,27,0.049791490043971084,0
2050,85,43,0.02185545604412463,0
2050,85,52,0.08708716378048137,0
2050,86,2,0.10563777346173595,0
2050,86,4,0.048764150786363245,0
2050,86,5,0.074125724808418,0
2050,86,7,0.11315303213645775,0
2050,86,8,0.15664479431027625,0
2050,86,15,0.18699721854004928,0
2050,86,26,0.03592212098188255,0
2050,86,41,0.08662447702072888,0
2050,86,59,0.19006341599754215,0
2050,87,2,0.061481800567686,0
2050,87,4,0.2673126877787538,0
2050,87,7,0.37356920309063324,0
2050,87,15,0.09465639160252953,0
2050,87,22,0.03352500829808963,0
2050,87,24,0.06048857878349509,0
2050,87,27,0.04744736156038906,0
2050,87,34,0.0423346997120454,0
2050,87,50,0.019184268606378396,0
2050,88,2,0.3788343520649269,0
2050,88,6,0.1978246967885991,0
2050,88,7,0.25713520362895864,0
2050,88,15,0.0927206499648146,0
2050,88,40,0.044423002453017585,0
2050,88,54,0.01801279399839236,0
2050,89,2,0.30115674370747947,0
2050,89,5,0.036280919529010074,0
2050,89,6,0.05061188299128121,0
2050,89,7,0.5348303473056426,0
2050,89,8,0.07712010646658662,0
2050,90,2,0.2028738399695834,0
2050,90,7,0.704046590181283,0
2050,90,8,0.01629402284809234,0
2050,90,43,0.03004900617776357,0
2050,90,49,0.019737344561014905,0
2050,90,54,0.017319493202099693,0
2050,91,7,1.0,0
2050,92,2,0.09814028792901129,0
2050,92,5,0.09230041171609842,0
2050,92,7,0.5381698690397995,0
2050,92,8,0.07904790259776143,0
2050,92,10,0.03833033626415555,0
2050,92,38,0.05201205679365286,0
2050,92,41,0.041939737667977775,0
2050,92,47,0.03061135977156319,0
2050,92,51,0.023359316880783958,0
2050,93,4,0.11650346681875101,0
2050,93,5,0.06847053185237247,0
2050,93,7,0.12432179655419429,0
2050,93,8,0.21913877903739137,0
2050,93,22,0.0613707859852791,0
2050,93,30,0.036116715562452745,0
2050,93,35,0.1472947966769505,0
2050,93,45,0.07849823391537729,0
2050,93,46,0.010584083887287142,0
2050,93,52,0.12924572143173155,0
2050,94,2,0.06443775226644333,0
2050,94,5,0.2482900332431819,0
2050,94,8,0.03571851120477917,0
2050,94,9,0.04756924856302215,0
2050,94,13,0.1377187028901633,0
2050,94,15,0.043737252841251434,0
2050,94,22,0.017982755598855718,0
2050,94,27,0.2390184599357978,0
2050,94,30,0.04822908024171213,0
2050,94,48,0.01727367769705222,0
2050,94,52,0.07182338633846672,0
2050,95,4,0.17926831871422685,0
2050,95,5,0.29574589019687547,0
2050,95,7,0.14288732735767726,0
2050,95,14,0.19158697852309314,0
2050,95,19,0.024051492284224398,0
2050,95,25,0.12602355599101525,0
2050,95,52,0.037678922024594885,0
2050,96,4,0.25818237432261604,0
2050,96,5,0.19319954112364282,0
2050,96,7,0.06844102488728122,0
2050,96,8,0.05460254025208036,0
2050,96,15,0.12543125845537095,0
2050,96,19,0.03042367902924997,0
2050,96,25,0.14791662681448467,0
2050,96,52,0.12015154751201192,0
2050,97,4,0.10831639401784421,0
2050,97,5,0.48033616468628637,0
2050,97,7,0.24222882056027675,0
2050,97,8,0.10464797628381922,0
2050,97,52,0.06447064445177325,0
2050,98,2,0.08966759073677283,0
2050,98,5,0.3614117100652926,0
2050,98,7,0.07836947497889352,0
2050,98,8,0.17672069460552187,0
2050,98,15,0.07515065444490611,0
2050,98,49,0.09006334197128261,0
2050,98,52,0.07735137307793413,0
2050,99,5,0.516127922212284,0
2050,99,8,0.24551150374092007,0
2050,99,13,0.030086869624820024,0
2050,99,15,0.11656333770738536,0
2050,99,30,0.048579268952716644,0
2050,99,39,0.04313109776187401,0
2050,100,2,0.035333041979069044,0
2050,100,5,0.34602841448017196,0
2050,100,8,0.07373701900447552,0
2050,100,15,0.12914942469268628,0
2050,100,27,0.08352510198570558,0
2050,100,39,0.30540388881252856,0
2050,100,52,0.024835103428019503,0
2050,101,2,0.022642209970862158,0
2050,101,3,0.08415793455542467,0
2050,101,5,0.08556139477325042,0
2050,101,6,0.0389986703716683,0
2050,101,7,0.19308358673625936,0
2050,101,15,0.16788257606448498,0
2050,101,27,0.08362581652244233,0
2050,101,50,0.14426513442670993,0
2050,101,56,0.17978267657889732,0
2050,102,2,0.1926635455396713,0
2050,102,3,0.05718622730551738,0
2050,102,5,0.3841204430523784,0
2050,102,6,0.2068989668447258,0
2050,102,7,0.0383722338219514,0
2050,102,27,0.05332381923647789,0
2050,102,40,0.02413421666592423,0
2050,102,52,0.04330054753335372,0
2050,103,2,0.13622070436355796,0
2050,103,5,0.4349938460898151,0
2050,103,6,0.14318550952854348,0
2050,103,7,0.11898190653739607,0
2050,103,8,0.017936815522043584,0
2050,103,32,0.01839150474043897,0
2050,103,36,0.050930469226744914,0
2050,103,39,0.0706062418380356,0
2050,104,2,0.10221573422393217,0
2050,104,3,0.05035734279995743,0
2050,104,5,0.31061268387316254,0
2050,104,6,0.14225563923932213,0
2050,104,7,0.23572471063713468,0
2050,104,40,0.022852260897208505,0
2050,104,52,0.03677692593452944,0
2050,104,56,0.08792244371202394,0
2050,105,5,0.4078287555165357,0
2050,105,6,0.08316594604886114,0
2050,105,7,0.2814828604827894,0
2050,105,28,0.03640954518783353,0
2050,105,36,0.04572694087057971,0
2050,105,52,0.086501448395818,0
2050,106,2,0.08145410543784148,0
2050,106,5,0.6124055591428357,0
2050,106,6,0.02250697439198105,0
2050,106,7,0.09020115186239899,0
2050,106,8,0.030014472079563953,0
2050,106,52,0.15354123261669742,0
2050,107,2,0.13676298032784734,0
2050,107,4,0.11649814014596671,0
2050,107,5,0.35073959228166757,0
2050,107,7,0.08547066076604887,0
2050,107,8,0.05176452587006929,0
2050,107,13,0.090935783929738,0
2050,107,51,0.09239487176809993,0
2050,107,52,0.06357294464637588,0
2050,108,2,0.08379983504484526,0
2050,108,4,0.09977377931189274,0
2050,108,5,0.21842286488734441,0
2050,108,7,0.27284233784138023,0
2050,108,39,0.1143539378253341,0
2050,108,41,0.10036476135591926,0
2050,108,48,0.014502911307335213,0
2050,108,49,0.03262161289626828,0
2050,108,52,0.06037448368677511,0
2050,109,2,0.10378114245148604,0
2050,109,5,0.45142567899930774,0
2050,109,6,0.04996392758443808,0
2050,109,7,0.015503625782402906,0
2050,109,13,0.061901442714935355,0
2050,109,15,0.16753939494048856,0
2050,109,27,0.020074777824254427,0
2050,109,28,0.019293033606057833,0
2050,109,39,0.10621468719013392,0
2050,110,5,0.4704589826050347,0
2050,110,7,0.1522904964313793,0
2050,110,8,0.1562656061464659,0
2050,110,40,0.023608160313211553,0
2050,110,41,0.04710440899755661,0
2050,110,43,0.06577466687524974,0
2050,110,52,0.08318862707499859,0
2050,111,5,0.36855339215063354,0
2050,111,7,0.2854064022985395,0
2050,111,8,0.031220935420991497,0
2050,111,16,0.03464260520105862,0
2050,111,52,0.15795427023579667,0
2050,111,53,0.06252772416104727,0
2050,111,60,0.05969467053193294,0
2050,112,3,0.06807977755938822,0
2050,112,5,0.3886156464559862,0
2050,112,6,0.017340827377615404,0
2050,112,7,0.1368235124075065,0
2050,112,15,0.24662815273908031,0
2050,112,53,0.015048534675132046,0
2050,112,56,0.01893749035958177,0
2050,112,60,0.0436377330293019,0
2050,113,5,1.0,0
2050,114,5,0.5095535614002489,0
2050,114,24,0.08673737778910874,0
2050,114,28,0.0212476281021923,0
2050,114,34,0.12007227340448041,0
2050,114,43,0.054236508007350755,0
2050,114,48,0.06029440318325039,0
2050,114,52,0.034307055511939306,0
2050,114,55,0.09875145603296678,0
2050,115,3,0.10333638765847404,0
2050,115,4,0.012361690869435785,0
2050,115,5,0.10381628625252397,0
2050,115,6,0.024106445620231634,0
2050,115,7,0.14287381290978773,0
2050,115,13,0.02144271781901845,0
2050,115,15,0.2264612886083355,0
2050,115,19,0.020260850096802965,0
2050,115,24,0.020591697838768273,0
2050,115,27,0.05801776214138941,0
2050,115,37,0.07522414895115721,0
2050,115,48,0.02917427126959156,0
2050,115,51,0.098842528603984,0
2050,115,56,0.06349011136049945,0
2050,116,5,0.2951097524370995,0
2050,116,15,0.08831019401861186,0
2050,116,16,0.025506340827094996,0
2050,116,26,0.16343773646664198,0
2050,116,43,0.06095705090897451,0
2050,116,45,0.13393200051266882,0
2050,116,48,0.01822660643974455,0
2050,116,49,0.09381308028536364,0
2050,116,51,0.11175360428564812,0
2050,117,4,0.11634127550285303,0
2050,117,5,0.16936114039886516,0
2050,117,7,0.16127608473574273,0
2050,117,10,0.016139465769373237,0
2050,117,19,0.03107532680933267,0
2050,117,22,0.34393131029745927,0
2050,117,26,0.03461219235138219,0
2050,117,49,0.1197056281833696,0
2050,118,3,0.021136162451240552,0
2050,118,4,0.10410782508541551,0
2050,118,5,0.1300803572595293,0
2050,118,7,0.29557824206051964,0
2050,118,22,0.14879421133260234,0
2050,118,33,0.16082002346113158,0
2050,118,39,0.03512151949593954,0
2050,118,56,0.04307886807502566,0
2050,119,2,0.06591107954143444,0
2050,119,3,0.16931798589929029,0
2050,119,5,0.2075232359515887,0
2050,119,6,0.044679048359375036,0
2050,119,7,0.26102708370652017,0
2050,119,34,0.10088841295987575,0
2050,119,39,0.09091159297050101,0
2050,119,40,0.0,0
2050,120,2,0.06176398219803075,0
2050,120,3,0.40676022406329276,0
2050,120,5,0.11874448792008885,0
2050,120,9,0.09748056620796772,0
2050,120,13,0.03201766928279671,0
2050,120,19,0.12203201720736298,0
2050,120,41,0.06974124169698334,0
2050,120,47,0.0914598114234768,0
2050,121,2,0.025079916517846128,0
2050,121,3,0.34148959449120264,0
2050,121,5,0.23796006534807548,0
2050,121,14,0.18296897727291803,0
2050,121,41,0.0978638809125548,0
2050,121,49,0.10571142414549138,0
2050,122,2,0.029412654282997164,0
2050,122,3,0.39260257496785933,0
2050,122,5,0.1492256097030285,0
2050,122,14,0.08458308049201892,0
2050,122,31,0.13372788065649294,0
2050,122,43,0.08941391663978622,0
2050,122,47,0.0,0
2050,122,55,0.10494899544247756,0
2050,123,3,0.45113056490349784,0
2050,123,4,0.029214806416001545,0
2050,123,7,0.04999538067265498,0
2050,123,10,0.08649899405141553,0
2050,123,19,0.1718786104798367,0
2050,123,24,0.01549807960810359,0
2050,123,50,0.15002897758668285,0
2050,123,51,0.03218648942515166,0
2050,124,2,0.20922949086509293,0
2050,124,3,0.44575297280355375,0
2050,124,11,0.13860424371125654,0
2050,124,19,0.10861738873375568,0
2050,124,43,0.0749103005315949,0
2050,124,47,0.016839666190438012,0
2050,125,2,0.11093758067010988,0
2050,125,3,0.5259868477093509,0
2050,125,7,0.18485000648263575,0
2050,125,12,0.09578207217213766,0
2050,125,19,0.0328342146807367,0
2050,125,51,0.04960927828502906,0
2050,126,2,0.16721115069997286,0
2050,126,3,0.5293359250892464,0
2050,126,5,0.01108286464960868,0
2050,126,7,0.12245560754972498,0
2050,126,54,0.16991445201144706,0
2050,127,3,0.6868103713481019,0
2050,127,5,0.14517211986837045,0
2050,127,11,0.027970888282653136,0
2050,127,38,0.13043958322798263,0
2050,128,3,0.5323701308600911,0
2050,128,5,0.05733071394782613,0
2050,128,9,0.07223369542856796,0
2050,128,41,0.09115793537123626,0
2050,128,43,0.24690752439227867,0
2050,129,2,0.011678414845307024,0
2050,129,3,0.6219392984342128,0
2050,129,19,0.06859360555981307,0
2050,129,47,0.22711022092671945,0
2050,129,51,0.06849519893133713,0
2050,130,3,0.7002222258855338,0
2050,130,5,0.053956345438849695,0
2050,130,8,0.04335944453780559,0
2050,130,35,0.026676350820519324,0
2050,130,47,0.14012510834488587,0
2050,130,58,0.03566052497240543,0
2050,131,3,1.0,0
2050,132,2,0.0457002878195092,0
2050,132,3,0.7012505555579988,0
2050,132,5,0.08995499075915388,0
2050,132,6,0.015095362549843366,0
2050,132,54,0.14624469827811337,0
2050,133,3,0.5879153608221198,0
2050,133,5,0.3596194583271863,0
2050,133,47,0.05246518085069403,0
2050,134,3,0.3085199843222481,0
2050,134,4,0.037799088543557194,0
2050,134,5,0.1315529691098151,0
2050,134,11,0.035576233017395334,0
2050,134,17,0.03563887348224867,0
2050,134,20,0.021677144251189207,0
2050,134,43,0.1552404003387891,0
2050,134,45,0.02527109397177363,0
2050,134,46,0.031642320948902694,0
2050,134,47,0.058624624586625707,0
2050,134,49,0.14903112399696078,0
2050,135,2,0.05507335299447381,0
2050,135,3,0.3017085567623103,0
2050,135,4,0.020987722538886935,0
2050,135,5,0.026505747434898357,0
2050,135,13,0.04912179863451956,0
2050,135,26,0.07556189364142618,0
2050,135,33,0.060012691073217585,0
2050,135,35,0.03486538805400103,0
2050,135,41,0.036157696941591856,0
2050,135,44,0.08364623989990427,0
2050,135,49,0.25635891202476985,0
2050,136,2,0.07657638585659061,0
2050,136,3,0.3756372730024289,0
2050,136,5,0.010188937451414734,0
2050,136,7,0.03810520863347418,0
2050,136,23,0.12198890597676859,0
2050,136,33,0.11386202244369861,0
2050,136,36,0.019946927447484025,0
2050,136,37,0.18749037117695483,0
2050,136,47,0.015662414534919344,0
2050,136,48,0.040541553476265896,0
2050,137,2,0.08934827716773272,0
2050,137,3,0.3361735104889348,0
2050,137,5,0.11807331018651718,0
2050,137,6,0.06616601687643449,0
2050,137,21,0.015511052905796702,0
2050,137,35,0.010471705069492378,0
2050,137,36,0.1578685435342472,0
2050,137,47,0.20496392275059375,0
2050,138,2,0.04904833731193118,0
2050,138,3,0.309439034686707,0
2050,138,7,0.05951873603831479,0
2050,138,22,0.02643285330171579,0
2050,138,23,0.24412232819398463,0
2050,138,43,0.14980802081298042,0
2050,138,47,0.08069732854745101,0
2050,138,48,0.07780694535381072,0
2050,139,2,0.10832536035549634,0
2050,139,3,0.36172915865959815,0
2050,139,7,0.1461100727431171,0
2050,139,21,0.10556320353544323,0
2050,139,38,0.09464767762561978,0
2050,139,47,0.07208304922038312,0
2050,139,48,0.03572202074867866,0
2050,139,60,0.06755931253995871,0
2050,140,3,0.2859363186909463,0
2050,140,7,0.09614708278323908,0
2050,140,13,0.14529904668243868,0
2050,140,33,0.09691653371556776,0
2050,140,35,0.06457001663058588,0
2050,140,38,0.058613452560177436,0
2050,140,41,0.07189527240218425,0
2050,140,43,0.03011342279454548,0
2050,140,49,0.1024530256302268,0
2050,141,3,0.1671914153158815,0
2050,141,4,0.06515645703636015,0
2050,141,5,0.033335843319863445,0
2050,141,7,0.10452697890641874,0
2050,141,14,0.026254053516761904,0
2050,141,35,0.12054831986098632,0
2050,141,41,0.023188561422583256,0
2050,141,43,0.08627907195148961,0
2050,141,46,0.04399186344941142,0
2050,141,49,0.19733557035518423,0
2050,141,58,0.11415247435648457,0
2050,142,2,0.016958424224702014,0
2050,142,3,0.2507138354720478,0
2050,142,4,0.14083614412025924,0
2050,142,5,0.14476396378227263,0
2050,142,7,0.07657592552586562,0
2050,142,13,0.06119264220273586,0
2050,142,36,0.031126570699850184,0
2050,142,41,0.030299420113733697,0
2050,142,43,0.041746648310050566,0
2050,142,47,0.011405330949202333,0
2050,142,49,0.13289777553858623,0
2050,142,51,0.046781324566106494,0
2050,142,58,0.014701994494587076,0
2050,143,2,0.10272245836594834,0
2050,143,3,0.17622343081463154,0
2050,143,5,0.1507781178288234,0
2050,143,43,0.20214320090871477,0
2050,143,46,0.01455439809789447,0
2050,143,47,0.14418981020738414,0
2050,143,48,0.0434726414495718,0
2050,143,49,0.1655472402396216,0
2050,144,3,0.1875695974880266,0
2050,144,5,0.10037882607051139,0
2050,144,13,0.07963028070289419,0
2050,144,26,0.026460784076956526,0
2050,144,31,0.030959776711086087,0
2050,144,36,0.02952168502890813,0
2050,144,37,0.03424134344907753,0
2050,144,41,0.09435505335716579,0
2050,144,43,0.06846351867412065,0
2050,144,44,0.016466046839881676,0
2050,144,45,0.034710623649737794,0
2050,144,48,0.01874949533363289,0
2050,144,49,0.0712462172123769,0
2050,144,58,0.20724675140562396,0
2050,145,3,0.14841943523756285,0
2050,145,5,0.025992125957506156,0
2050,145,14,0.043904022916439106,0
2050,145,19,0.010740823345049241,0
2050,145,22,0.1955622895856597,0
2050,145,31,0.06631423717325174,0
2050,145,35,0.011381964848206206,0
2050,145,38,0.048447442737141785,0
2050,145,41,0.025429893398603277,0
2050,145,43,0.27940652324893844,0
2050,145,44,0.06591707178070493,0
2050,145,48,0.06980747367211546,0
2050,146,3,0.1610788556799802,0
2050,146,5,0.09992870997294077,0
2050,146,7,0.09621724441768278,0
2050,146,12,0.030791635969868024,0
2050,146,19,0.08246014919985402,0
2050,146,35,0.08556413720855688,0
2050,146,36,0.07430915674201935,0
2050,146,38,0.19559739762255807,0
2050,146,47,0.0816905132763135,0
2050,146,58,0.0568981186201897,0
2050,147,3,0.1904706135151704,0
2050,147,5,0.1604917445745943,0
2050,147,7,0.2071802494122509,0
2050,147,35,0.20350925552881144,0
2050,147,47,0.0,0
2050,147,49,0.09621171154217278,0
2050,147,58,0.11188008118295284,0
2050,148,3,0.4174313822129305,0
2050,148,6,0.05275686677389667,0
2050,148,7,0.06853920144675531,0
2050,148,33,0.08669286092678515,0
2050,148,46,0.07079876841656378,0
2050,148,47,0.21468096722044097,0
2050,148,56,0.08670522915430498,0
2050,149,3,0.322461787053693,0
2050,149,6,0.046954558567439485,0
2050,149,18,0.19878798400626338,0
2050,149,23,0.07590783380331377,0
2050,149,43,0.014066270988152238,0
2050,149,46,0.04672047475749659,0
2050,149,47,0.09941357252859152,0
2050,149,48,0.04360859048100106,0
2050,149,54,0.15207892781404883,0
2050,150,3,0.3116863659051436,0
2050,150,5,0.1619643557965437,0
2050,150,6,0.1683341708063468,0
2050,150,36,0.026335476125472736,0
2050,150,38,0.09472049364545788,0
2050,150,43,0.02691327136645121,0
2050,150,47,0.21004586635458394,0
2050,151,2,0.08312560310061082,0
2050,151,3,0.4006478238428938,0
2050,151,6,0.19224133670130242,0
2050,151,40,0.03764121324659744,0
2050,151,43,0.04688078801938549,0
2050,151,47,0.023794468603161617,0
2050,151,54,0.20889284652164666,0
2050,152,3,0.3867205880432938,0
2050,152,5,0.11166501999294012,0
2050,152,6,0.21357125076234926,0
2050,152,43,0.15952801294330207,0
2050,152,47,0.0,0
2050,152,54,0.09610224202900333,0
2050,152,57,0.03241288622911139,0
2050,153,3,0.4630552405443678,0
2050,153,6,0.20688611218983916,0
2050,153,7,0.06458484917404068,0
2050,153,23,0.03167051246241029,0
2050,153,38,0.05817529522624357,0
2050,153,50,0.06438435363403372,0
2050,153,53,0.04237073905183647,0
2050,153,60,0.05897041748109533,0
2050,154,2,0.031506313270495245,0
2050,154,3,0.3405310690621917,0
2050,154,5,0.32038998607720204,0
2050,154,6,0.15937961682732704,0
2050,154,38,0.06538862090380942,0
2050,154,40,0.03711553609599197,0
2050,154,47,0.0,0
2050,154,54,0.04486403581374024,0
2050,155,3,0.2565129614260561,0
2050,155,5,0.34913842101949316,0
2050,155,41,0.17726135617839667,0
2050,155,43,0.21708726137605408,0
2050,156,3,0.37967092825622434,0
2050,156,4,0.013363138834219482,0
2050,156,5,0.03698684715717773,0
2050,156,46,0.30742062942322584,0
2050,156,47,0.014813414473621736,0
2050,156,55,0.014334470729636319,0
2050,156,57,0.2283920483977649,0
2050,157,3,0.4405631551014903,0
2050,157,5,0.09009723896478776,0
2050,157,6,0.22424902491538998,0
2050,157,46,0.1375682045963361,0
2050,157,55,0.09410876307504282,0
2050,157,57,0.013413613346952962,0
2050,158,3,0.3025601017748583,0
2050,158,5,0.31805574097935585,0
2050,158,6,0.0665390819764013,0
2050,158,41,0.0359210643766644,0
2050,158,43,0.10415975347687809,0
2050,158,46,0.02776691889250424,0
2050,158,47,0.1188914990105917,0
2050,158,54,0.02459667661914197,0
2050,159,2,0.014131840903921736,0
2050,159,3,0.22479986318251405,0
2050,159,5,0.09084670608215617,0
2050,159,19,0.09271846362192321,0
2050,159,40,0.012955274524455808,0
2050,159,41,0.07137613252953398,0
2050,159,43,0.09484729589663449,0
2050,159,47,0.18099636691931587,0
2050,159,54,0.2082618173310146,0
2050,160,3,0.18460912705773094,0
2050,160,7,0.04877476775603005,0
2050,160,19,0.40914683152787246,0
2050,160,38,0.03527482291828043,0
2050,160,41,0.13634881062493268,0
2050,160,51,0.04007215671380384,0
2050,160,60,0.14577348340134977,0
2050,161,2,0.015593665934887743,0
2050,161,3,0.32711750905177306,0
2050,161,5,0.052366415153277966,0
2050,161,6,0.013475285905936255,0
2050,161,38,0.05496174439568392,0
2050,161,40,0.1344437480031288,0
2050,161,41,0.19819979559381568,0
2050,161,60,0.20384183596149666,0
2050,162,3,0.09107014935138141,0
2050,162,5,0.09875559376404013,0
2050,162,6,0.0776126504414624,0
2050,162,28,0.020704696945949955,0
2050,162,40,0.025131111668638313,0
2050,162,41,0.2871923840499013,0
2050,162,43,0.013131796433891018,0
2050,162,57,0.13267542045648525,0
2050,162,59,0.011373830196545611,0
2050,162,60,0.23360114614383296,0
2050,163,41,1.0,0
2050,164,51,1.0,0
2050,165,3,0.07773565133963359,0
2050,165,5,0.33860177839216055,0
2050,165,6,0.02488543426756522,0
2050,165,9,0.1037696663666438,0
2050,165,18,0.042886156636780574,0
2050,165,28,0.0812046512688752,0
2050,165,36,0.01892623388579834,0
2050,165,42,0.010622085643956513,0
2050,165,44,0.16245976436814505,0
2050,165,47,0.09939119767518562,0
2050,165,51,0.023359876922114428,0
2050,166,2,0.013685631832227738,0
2050,166,3,0.03420801833361579,0
2050,166,5,0.21738824639820375,0
2050,166,6,0.03605661028954857,0
2050,166,36,0.07512892046187844,0
2050,166,38,0.08563017666329749,0
2050,166,41,0.11025656308990817,0
2050,166,43,0.11856075059006817,0
2050,166,47,0.14396666579412465,0
2050,166,51,0.09100436471967077,0
2050,166,53,0.07411405182745638,0
2050,167,3,0.11357906424301262,0
2050,167,5,0.07110127174460319,0
2050,167,7,0.07026136576387532,0
2050,167,35,0.09226804663288747,0
2050,167,36,0.0206352283936412,0
2050,167,38,0.01351646015012605,0
2050,167,41,0.06580939419133816,0
2050,167,42,0.04679604757105635,0
2050,167,44,0.14319264089261946,0
2050,167,46,0.16903457229163396,0
2050,167,47,0.014743586072304478,0
2050,167,49,0.1181396499635475,0
2050,168,3,0.20203911473698197,0
2050,168,4,0.01888341987279822,0
2050,168,7,0.21151040163525267,0
2050,168,36,0.03982874376279385,0
2050,168,37,0.07407433203544736,0
2050,168,51,0.18025002816453384,0
2050,168,58,0.19802271172000163,0
2050,169,2,0.03954176821227988,0
2050,169,3,0.14986083166928296,0
2050,169,5,0.06218607800584881,0
2050,169,6,0.014747056766853424,0
2050,169,7,0.0861252300952531,0
2050,169,8,0.05756076028914843,0
2050,169,33,0.03355094474179952,0
2050,169,40,0.0786616527187845,0
2050,169,47,0.40648224071944716,0
2050,169,55,0.07128343678130214,0
2050,170,47,1.0,0
2050,171,35,1.0,0
2050,172,22,1.0,0
2050,173,19,1.0,0
2050,174,3,0.08209124898779721,0
2050,174,5,0.054417507045283794,0
2050,174,7,0.0836855887597022,0
2050,174,8,0.027746915068333846,0
2050,174,19,0.05787411083042189,0
2050,174,38,0.11733544480023461,0
2050,174,40,0.03178230802349365,0
2050,174,47,0.010340339061141008,0
2050,174,51,0.44038699718199553,0
2050,174,53,0.043606802738402305,0
2050,175,3,0.14573862697030693,0
2050,175,5,0.28143110555662876,0
2050,175,6,0.05248254952577097,0
2050,175,8,0.014941814692521925,0
2050,175,36,0.022809426482326395,0
2050,175,43,0.04433413648829007,0
2050,175,47,0.1678835761849637,0
2050,175,53,0.15828960057117336,0
2050,176,3,0.04216065264722932,0
2050,176,5,0.21550430587130506,0
2050,176,8,0.08939489074037893,0
2050,176,39,0.09285551603209752,0
2050,176,44,0.5254018306394647,0
2050,176,46,0.029605667729343532,0
2050,177,3,0.030723785129869494,0
2050,177,5,0.01348055016110286,0
2050,177,8,0.09074595637049682,0
2050,177,13,0.04976847492554068,0
2050,177,22,0.15426797804314094,0
2050,177,33,0.09584266253639202,0
2050,177,34,0.04124777646659121,0
2050,177,39,0.022325184157956188,0
2050,177,43,0.06371729847614846,0
2050,177,44,0.25628880872372567,0
2050,177,57,0.0819946102470112,0
2050,177,58,0.09019867096034369,0
2050,178,33,1.0,0
2050,179,58,1.0,0
2050,180,44,1.0,0
2050,181,3,0.060537943442479314,0
2050,181,18,0.11721342674541804,0
2050,181,22,0.18377539229203882,0
2050,181,39,0.13378334329466762,0
2050,181,44,0.29562197408238716,0
2050,181,58,0.040005662177964564,0
2050,181,60,0.12088185986159773,0
2050,182,3,0.07495590322371917,0
2050,182,19,0.02043778893794299,0
2050,182,23,0.0833243139664524,0
2050,182,28,0.05928356315397564,0
2050,182,40,0.21298208532638072,0
2050,182,41,0.032347038918423894,0
2050,182,51,0.03873806171636531,0
2050,182,53,0.16026402851607235,0
2050,182,57,0.15241695099288094,0
2050,182,60,0.09307099118429121,0
2050,183,53,1.0,0
2050,184,2,0.036878300239653064,0
2050,184,3,0.0998163723562009,0
2050,184,18,0.07020820344286209,0
2050,184,39,0.37408614947613833,0
2050,184,41,0.044842867453874766,0
2050,184,43,0.03752048741318388,0
2050,184,44,0.21081943879986081,0
2050,184,57,0.1177902965781182,0
2050,185,57,1.0,0
2050,186,18,1.0,0
2050,187,3,0.09144895467456249,0
2050,187,5,0.06196677287473087,0
2050,187,6,0.18313353286046768,0
2050,187,36,0.14854718880705894,0
2050,187,44,0.22738092535272303,0
2050,187,53,0.23028851960046456,0
2050,187,55,0.03634243016731989,0
2050,187,57,0.01374454094504865,0
2050,188,2,0.08607730550655915,0
2050,188,3,0.08678379983767683,0
2050,188,5,0.09019084790999034,0
2050,188,6,0.07387231698396347,0
2050,188,23,0.20105351278147637,0
2050,188,43,0.15081746394245282,0
2050,188,54,0.21694192333735246,0
2050,188,57,0.09099821682300564,0
2050,189,2,0.06690809818726669,0
2050,189,3,0.14411872994791483,0
2050,189,6,0.051004870827266326,0
2050,189,7,0.32269170805474195,0
2050,189,19,0.025379706787183726,0
2050,189,23,0.09662116549862326,0
2050,189,36,0.1333729676823697,0
2050,189,38,0.11798410683601604,0
2050,189,47,0.041918646178617444,0
2050,190,2,0.15174262297370983,0
2050,190,5,0.19899144856583711,0
2050,190,6,0.024189546505927258,0
2050,190,7,0.03805904934316259,0
2050,190,36,0.21769132228156368,0
2050,190,40,0.048184965144752075,0
2050,190,47,0.2737369459157851,0
2050,190,53,0.047404099269262236,0
2050,191,2,0.03553998554882239,0
2050,191,3,0.034423939660385906,0
2050,191,5,0.1600534204390174,0
2050,191,6,0.02721578355787513,0
2050,191,7,0.054007412331713946,0
2050,191,8,0.10567040034636485,0
2050,191,36,0.2238792915073727,0
2050,191,44,0.1971234358666126,0
2050,191,55,0.16208633074183473,0
2050,192,2,0.04652823656384787,0
2050,192,6,0.038532130388978146,0
2050,192,23,0.23964752593957317,0
2050,192,33,0.05521442741060858,0
2050,192,39,0.22763993967642754,0
2050,192,43,0.04979541827217892,0
2050,192,44,0.09191890197275715,0
2050,192,46,0.021684347754113542,0
2050,192,55,0.028775860078758306,0
2050,192,57,0.18875886523547286,0
2050,193,23,1.0,0
2050,194,17,1.0,0
2050,195,38,1.0,0
2050,196,5,0.10942079877966181,0
2050,196,13,0.03771068793413628,0
2050,196,18,0.11485856329617447,0
2050,196,28,0.03395481501377083,0
2050,196,36,0.06132553077993327,0
2050,196,38,0.4504454949743287,0
2050,196,42,0.0194518945581044,0
2050,196,53,0.013631562598699848,0
2050,196,58,0.08521570587311562,0
2050,197,3,0.019381061236687973,0
2050,197,5,0.07056786706533037,0
2050,197,6,0.026360302692283906,0
2050,197,12,0.12746430249120974,0
2050,197,18,0.22298377477456524,0
2050,197,28,0.071722770848694,0
2050,197,36,0.03449093260914332,0
2050,197,39,0.20551121622353272,0
2050,197,42,0.051475730995599524,0
2050,197,43,0.03642472090483042,0
2050,197,44,0.12064122583020118,0
2050,197,53,0.010818640127580265,0
2050,198,3,0.0886185416957541,0
2050,198,6,0.07677118455502377,0
2050,198,23,0.15412805946929944,0
2050,198,50,0.03230591046336459,0
2050,198,54,0.17237016507498704,0
2050,198,56,0.4115373263736127,0
2050,198,57,0.06426881236795777,0
2050,199,3,0.08177290872629861,0
2050,199,5,0.06862096338403632,0
2050,199,6,0.1331576350393898,0
2050,199,28,0.01991428431404644,0
2050,199,36,0.07360020485498175,0
2050,199,44,0.14439361022249397,0
2050,199,53,0.16433516584603777,0
2050,199,54,0.14104043627469476,0
2050,199,56,0.17316479133802046,0
2050,200,54,1.0,0
2050,201,3,0.010807338807078945,0
2050,201,5,0.03784239001743564,0
2050,201,6,0.08845111857402328,0
2050,201,8,0.023108882191704306,0
2050,201,12,0.10984651128910357,0
2050,201,17,0.1785408764809701,0
2050,201,22,0.18959539719483215,0
2050,201,34,0.04764051368902371,0
2050,201,39,0.2230813284383711,0
2050,201,54,0.03880728802682175,0
2050,201,58,0.04431762144439025,0
2050,202,3,0.13330925973704738,0
2050,202,6,0.09136007662207234,0
2050,202,7,0.01959836885361872,0
2050,202,23,0.09757684974831646,0
2050,202,28,0.10631216817242946,0
2050,202,38,0.017190682828580967,0
2050,202,53,0.1386533695622173,0
2050,202,54,0.07532285656559722,0
2050,202,56,0.2506481434409276,0
2050,203,3,0.04386513453178546,0
2050,203,5,0.0889150929131529,0
2050,203,6,0.024513546572800627,0
2050,203,23,0.05800014990807671,0
2050,203,33,0.028913489042777175,0
2050,203,43,0.4033460728005008,0
2050,203,46,0.058094143460785085,0
2050,203,54,0.1188723666016284,0
2050,203,57,0.09443930774205019,0
2050,204,2,0.01328489190576682,0
2050,204,3,0.010905037791971675,0
2050,204,5,0.15808714759170345,0
2050,204,6,0.03560039798179917,0
2050,204,9,0.026794176199908124,0
2050,204,12,0.03815151381314093,0
2050,204,13,0.19912647308452833,0
2050,204,23,0.01504831230741648,0
2050,204,36,0.16134190791366856,0
2050,204,38,0.05674803954873166,0
2050,204,39,0.058919889908597416,0
2050,204,43,0.08984655996428614,0
2050,204,53,0.02039147457478739,0
2050,204,54,0.01908241672674928,0
2050,204,55,0.01656666556688839,0
2050,204,58,0.06846841491274702,0
2050,205,43,1.0,0
2050,206,2,0.11366461116842864,0
2050,206,6,0.059446459196830684,0
2050,206,7,0.11219701155884403,0
2050,206,12,0.05397296135222311,0
2050,206,36,0.15177277069817402,0
2050,206,38,0.17073558647907422,0
2050,206,40,0.18772645480485417,0
2050,206,47,0.08125619282673767,0
2050,206,54,0.06922795191483284,0
2050,207,2,0.244202465279019,0
2050,207,3,0.06458122466764238,0
2050,207,5,0.08960399388362361,0
2050,207,6,0.09658157998609063,0
2050,207,36,0.1134630229066782,0
2050,207,43,0.3146924740299294,0
2050,207,55,0.07687523924701684,0
2050,208,2,0.23174224563253343,0
2050,208,7,0.0220504875115564,0
2050,208,17,0.14556322721767376,0
2050,208,19,0.04353894448217739,0
2050,208,40,0.1720136957175648,0
2050,208,43,0.012673838222493971,0
2050,208,50,0.06854146880299443,0
2050,208,54,0.17748711236642958,0
2050,208,56,0.11809042247648661,0
2050,209,2,0.07343722937923089,0
2050,209,7,0.1899728044292249,0
2050,209,19,0.09069471238463679,0
2050,209,21,0.1512766116002539,0
2050,209,38,0.19667097127960972,0
2050,209,40,0.07004523891534106,0
2050,209,54,0.02967372411677602,0
2050,209,56,0.12046335547677965,0
2050,209,60,0.07636390983849535,0
2050,210,2,0.08252791100709014,0
2050,210,3,0.05492559583746917,0
2050,210,6,0.029244196203382197,0
2050,210,7,0.1505916173447642,0
2050,210,19,0.021877628578796143,0
2050,210,36,0.10241522259422244,0
2050,210,40,0.12541481960451603,0
2050,210,47,0.03938685954860566,0
2050,210,54,0.07466576339743652,0
2050,210,56,0.198981776907972,0
2050,210,60,0.048292440257434205,0
2050,211,2,0.06866230687941675,0
2050,211,5,0.16919277093653173,0
2050,211,6,0.02109036955261917,0
2050,211,36,0.2520043964979809,0
2050,211,40,0.09595512710102652,0
2050,211,42,0.03275438498268525,0
2050,211,47,0.02390682071153051,0
2050,211,53,0.057078821829069225,0
2050,211,55,0.10789361876903156,0
2050,211,56,0.14911005596664045,0
2050,212,2,0.07463612052870118,0
2050,212,5,0.24067262071098824,0
2050,212,13,0.0682067602611669,0
2050,212,36,0.16047235810745758,0
2050,212,37,0.17118958968761708,0
2050,212,39,0.12190749517190667,0
2050,212,46,0.014545115130589769,0
2050,212,55,0.14437184969177005,0
2050,213,55,1.0,0
2050,214,39,1.0,0
2050,215,56,1.0,0
2050,216,3,0.0628833298845223,0
2050,216,6,0.072987297219256,0
2050,216,7,0.0652754820599328,0
2050,216,28,0.04993969315952221,0
2050,216,29,0.21017964194928762,0
2050,216,39,0.06684728086527293,0
2050,216,45,0.09503877454293187,0
2050,216,56,0.23128129676186218,0
2050,216,60,0.11226424928147642,0
2050,217,5,0.06191332310090003,0
2050,217,8,0.03604920404130402,0
2050,217,20,0.07896047612566694,0
2050,217,39,0.11945926390645922,0
2050,217,42,0.09564325344242196,0
2050,217,43,0.1371257471822913,0
2050,217,54,0.04169621467794408,0
2050,217,55,0.12252469883205126,0
2050,217,56,0.16199914288824502,0
2050,217,57,0.0579827220443568,0
2050,218,20,1.0,0
2050,219,13,1.0,0
2050,220,46,1.0,0
2050,221,45,1.0,0
2050,222,29,1.0,0
2050,223,42,1.0,0
2050,224,60,1.0,0
2050,225,40,1.0,0
2050,226,36,1.0,0
2050,227,2,0.05549176983331002,0
2050,227,5,0.06734938181725228,0
2050,227,9,0.09186140791540585,0
2050,227,13,0.010483938384977189,0
2050,227,36,0.29180137345737256,0
2050,227,40,0.058097311406401383,0
2050,227,42,0.38624824941583125,0
2050,227,54,0.02723137354520715,0
2050,228,5,0.18357684668428784,0
2050,228,6,0.04207036885643544,0
2050,228,9,0.15612452735187116,0
2050,228,12,0.08538992649511089,0
2050,228,13,0.058171312787723486,0
2050,228,36,0.10874292210043264,0
2050,228,40,0.15150746604560825,0
2050,228,42,0.12590558897768353,0
2050,228,43,0.022254332692595448,0
2050,228,54,0.03346091500738215,0
2050,229,5,0.14414438209802224,0
2050,229,6,0.12678470508150885,0
2050,229,8,0.017815206989164344,0
2050,229,28,0.13097497606742042,0
2050,229,36,0.29289192217604254,0
2050,229,40,0.08341034152366827,0
2050,229,47,0.08817089661335757,0
2050,229,54,0.0681230247006779,0
2050,230,3,0.015747132972885634,0
2050,230,5,0.10485882192621983,0
2050,230,6,0.11993400680348226,0
2050,230,7,0.041615892139316525,0
2050,230,28,0.07458506560173478,0
2050,230,36,0.42143722757935453,0
2050,230,38,0.13322171430221869,0
2050,231,5,0.0615992724680198,0
2050,231,7,0.0596300807335764,0
2050,231,17,0.014548080646753824,0
2050,231,28,0.0398043320811051,0
2050,231,29,0.028798080804910746,0
2050,231,36,0.2507977271677806,0
2050,231,37,0.05837549761096521,0
2050,231,38,0.01574381864107914,0
2050,231,42,0.08661600281309073,0
2050,231,44,0.013830288026429388,0
2050,231,45,0.045747359520575646,0
2050,231,46,0.1029602441798737,0
2050,231,58,0.11295583760748977,0
2050,232,4,0.05677641508836496,0
2050,232,8,0.02492104832712689,0
2050,232,14,0.08386536841628742,0
2050,232,21,0.07623851870946205,0
2050,232,28,0.09427296365197373,0
2050,232,29,0.050111097314455844,0
2050,232,36,0.04450357215219624,0
2050,232,44,0.03554608506991028,0
2050,232,45,0.10230608949950558,0
2050,232,46,0.22838881192665914,0
2050,232,56,0.05081147533902564,0
2050,232,58,0.14777227589311956,0
2050,233,4,0.0684843319301684,0
2050,233,28,0.29683611571206076,0
2050,233,37,0.07238357495305046,0
2050,233,45,0.29643974858578603,0
2050,233,56,0.09086700458812855,0
2050,233,58,0.1667887359808942,0
2050,234,28,1.0,0
2050,235,6,0.038559936967883915,0
2050,235,7,0.1336644478740676,0
2050,235,10,0.02234067255212341,0
2050,235,21,0.035010151814890686,0
2050,235,28,0.20619684256508658,0
2050,235,36,0.1589703905823455,0
2050,235,40,0.14211702398859644,0
2050,235,53,0.08970884378371966,0
2050,235,56,0.10344784473559218,0
2050,235,59,0.0566467078856282,0
2050,236,2,0.15832598499800576,0
2050,236,5,0.06591068154047243,0
2050,236,7,0.09860132968141337,0
2050,236,8,0.029128501188575746,0
2050,236,19,0.03887097659148823,0
2050,236,28,0.07770468471939089,0
2050,236,36,0.22105021507621034,0
2050,236,39,0.020973929436393313,0
2050,236,47,0.16795589555392007,0
2050,236,53,0.032895963208919445,0
2050,236,54,0.07982080205834974,0
2050,237,2,0.1370446147096324,0
2050,237,3,0.07923061541829042,0
2050,237,6,0.08141099208910153,0
2050,237,7,0.18999344027279827,0
2050,237,12,0.027546022460042695,0
2050,237,28,0.013383370035773588,0
2050,237,36,0.028901752533677504,0
2050,237,38,0.03759592785950063,0
2050,237,40,0.05625339597454676,0
2050,237,50,0.054750918601324854,0
2050,237,53,0.09931565999976182,0
2050,237,54,0.11458338119549273,0
2050,237,56,0.03323350986651372,0
2050,238,2,0.03379664064447312,0
2050,238,3,0.07345106487667581,0
2050,238,6,0.031618019941620376,0
2050,238,7,0.12127290374426909,0
2050,238,40,0.10829142510538549,0
2050,238,50,0.2119356017757761,0
2050,238,53,0.12977366792003311,0
2050,238,54,0.1254158635073487,0
2050,238,56,0.11053281977658974,0
2050,238,60,0.015943711099017054,0
2050,239,2,0.13678507770606496,0
2050,239,3,0.042493306289679816,0
2050,239,6,0.2012604107441929,0
2050,239,12,0.09127715048517639,0
2050,239,21,0.034258980731709146,0
2050,239,23,0.036894906212603495,0
2050,239,36,0.03815736647516825,0
2050,239,40,0.02490049534980535,0
2050,239,53,0.1546014076673098,0
2050,239,54,0.10405033871767883,0
2050,239,56,0.09039295152960578,0
2050,239,60,0.01900965964349944,0
2050,240,2,0.03553368350110636,0
2050,240,3,0.07030580375331791,0
2050,240,5,0.14810886398549145,0
2050,240,6,0.19634624649763915,0
2050,240,8,0.021860163359800365,0
2050,240,16,0.013949108055953261,0
2050,240,37,0.09534532500880599,0
2050,240,39,0.2850256750896719,0
2050,240,40,0.04819582800178253,0
2050,240,44,0.028260317765197426,0
2050,240,55,0.01025883812422842,0
2050,240,56,0.025706672199165875,0
2050,241,5,0.22661645905542244,0
2050,241,6,0.10128434963946709,0
2050,241,8,0.011974866162778472,0
2050,241,16,0.1583651116020909,0
2050,241,37,0.03414789051125284,0
2050,241,39,0.22245378628234322,0
2050,241,44,0.06727766648372069,0
2050,241,54,0.0845842468343504,0
2050,241,57,0.07869356015879095,0
2050,242,16,1.0,0
2050,243,12,1.0,0
2050,244,2,0.08704090148845074,0
2050,244,3,0.05430052951697158,0
2050,244,6,0.05986624767727945,0
2050,244,7,0.12591914911284363,0
2050,244,12,0.08229733973580393,0
2050,244,36,0.014961533503607268,0
2050,244,37,0.19615124223434008,0
2050,244,43,0.08505323872956165,0
2050,244,51,0.029268112857178206,0
2050,244,53,0.01945578156926216,0
2050,244,54,0.134064687153001,0
2050,245,2,0.07689710764258974,0
2050,245,3,0.03748970397839947,0
2050,245,5,0.162538724801051,0
2050,245,6,0.07142794259324846,0
2050,245,7,0.036186210626115704,0
2050,245,36,0.17238961835569888,0
2050,245,37,0.3213924972982778,0
2050,246,37,1.0,0
2050,247,21,1.0,0
2050,248,2,0.07745175746972621,0
2050,248,3,0.027623856333438643,0
2050,248,6,0.10579910160580953,0
2050,248,7,0.09797909265748671,0
2050,248,8,0.013070851301556217,0
2050,248,21,0.055164618195230275,0
2050,248,28,0.24026569746820198,0
2050,248,36,0.1673935397630983,0
2050,248,40,0.07369403616737705,0
2050,248,47,0.04879851635999994,0
2050,248,50,0.0696371664217913,0
2050,249,7,0.2028994902261518,0
2050,249,8,0.17905343247120384,0
2050,249,28,0.055383552451181095,0
2050,249,36,0.24111462797762148,0
2050,249,38,0.027335267242979612,0
2050,249,40,0.06719692364657966,0
2050,249,47,0.0945864035841064,0
2050,249,53,0.11458695014656932,0
2050,249,54,0.01784335225360665,0
2050,250,2,0.0869278695070467,0
2050,250,5,0.01970816465519786,0
2050,250,6,0.04443344726199131,0
2050,250,8,0.1483669147150431,0
2050,250,12,0.08319023768524918,0
2050,250,25,0.031608754086804476,0
2050,250,36,0.14385700049443165,0
2050,250,38,0.09646882676054626,0
2050,250,40,0.2859261896098035,0
2050,250,41,0.03785438592568917,0
2050,251,2,0.11952750931286744,0
2050,251,5,0.15848184712984148,0
2050,251,8,0.09248635963343467,0
2050,251,39,0.1238603110468538,0
2050,251,40,0.03092774536758114,0
2050,251,43,0.03349682704124966,0
2050,251,44,0.22646509302678547,0
2050,251,54,0.052126153740316594,0
2050,252,4,0.055405266387237896,0
2050,252,7,0.02959261232294705,0
2050,252,12,0.05656117271979354,0
2050,252,19,0.06372760542564003,0
2050,252,22,0.022934631804027952,0
2050,252,33,0.018764157340895607,0
2050,252,39,0.19666624005691982,0
2050,252,45,0.027331467969273254,0
2050,252,49,0.020782115796219806,0
2050,252,50,0.08414949445598754,0
2050,252,54,0.034736842642990894,0
2050,252,57,0.0962014280864614,0
2050,252,60,0.13643128951353475,0
2050,253,4,0.11893105197546587,0
2050,253,7,0.10098729078594194,0
2050,253,22,0.09426576701074149,0
2050,253,28,0.23853963958453195,0
2050,253,34,0.09469540665909967,0
2050,253,46,0.13925162139255895,0
2050,253,50,0.06237273095046963,0
2050,253,56,0.12356892967446091,0
2050,254,3,0.010507646219015935,0
2050,254,6,0.14569708972619314,0
2050,254,7,0.02554907303123001,0
2050,254,8,0.07634979276226393,0
2050,254,28,0.2565834043479798,0
2050,254,31,0.01505103651702544,0
2050,254,36,0.2507219319548639,0
2050,254,45,0.04560250008777251,0
2050,254,53,0.01083639728226934,0
2050,254,56,0.11448475805991336,0
2050,255,2,0.15541329761061182,0
2050,255,5,0.058303294001549905,0
2050,255,6,0.15344083453309187,0
2050,255,8,0.1008354526413198,0
2050,255,28,0.23700837119071846,0
2050,255,36,0.05811607652437382,0
2050,255,40,0.0,0
2050,255,56,0.16086634386900991,0
2050,255,57,0.030268839044785802,0
2050,256,2,0.22193317364134152,0
2050,256,5,0.09723325380295168,0
2050,256,8,0.08690165811794819,0
2050,256,12,0.07815570896752184,0
2050,256,13,0.050142433421890564,0
2050,256,28,0.092857465521699,0
2050,256,32,0.03307227841112919,0
2050,256,36,0.04998517184992544,0
2050,256,38,0.04101531539903614,0
2050,256,43,0.04246768180605217,0
2050,256,47,0.05295550119278287,0
2050,256,49,0.031563817804652346,0
2050,256,54,0.07708653528280346,0
2050,257,2,0.3206620382292656,0
2050,257,5,0.11503172870305144,0
2050,257,7,0.12769293129098808,0
2050,257,8,0.12729164245338648,0
2050,257,12,0.1294583316893108,0
2050,257,28,0.016426244802141252,0
2050,257,36,0.011938477356013397,0
2050,257,54,0.13353908993894825,0
2050,258,2,0.34324164940183843,0
2050,258,7,0.14117383524845725,0
2050,258,40,0.12753934955230847,0
2050,258,51,0.11758192269435493,0
2050,258,54,0.1581289070942814,0
2050,258,59,0.026597871697737474,0
2050,259,2,0.1045873003814401,0
2050,259,4,0.011949637657272536,0
2050,259,7,0.24815604598437194,0
2050,259,10,0.11374990030114857,0
2050,259,12,0.04273767908180866,0
2050,259,38,0.16826184818314338,0
2050,259,40,0.03215813352787455,0
2050,259,49,0.1181132710950575,0
2050,259,51,0.10103338383151668,0
2050,260,2,0.2672703068686724,0
2050,260,7,0.15558667550296457,0
2050,260,8,0.07803646083884724,0
2050,260,12,0.07874308945239984,0
2050,260,25,0.018072204094009604,0
2050,260,36,0.045313771272203034,0
2050,260,40,0.0,0
2050,260,51,0.14642576000684132,0
2050,260,53,0.16757967787349703,0
2050,260,54,0.020628856971086556,0
2050,261,2,0.21866256023201744,0
2050,261,5,0.24425251170956283,0
2050,261,6,0.16011230253805894,0
2050,261,36,0.1520606694510082,0
2050,261,43,0.15049475200066462,0
2050,262,2,0.10955887710369623,0
2050,262,5,0.1890482778361875,0
2050,262,6,0.06226056107246023,0
2050,262,15,0.027475136429353286,0
2050,262,25,0.14200796253662193,0
2050,262,30,0.058649019650232365,0
2050,262,37,0.051374297054493305,0
2050,262,40,0.049662254669413125,0
2050,262,43,0.2507702703165933,0
2050,262,49,0.021149602887438355,0
2050,263,4,0.08348254839264979,0
2050,263,7,0.07039591743698108,0
2050,263,8,0.060617799127770176,0
2050,263,25,0.22277327527725732,0
2050,263,31,0.05095565762966674,0
2050,263,34,0.12033996453448739,0
2050,263,35,0.21375257047091004,0
2050,263,36,0.019078921630309085,0
2050,263,37,0.08912458841957853,0
2050,263,49,0.04934326783713926,0
2050,264,34,1.0,0
2050,265,2,0.15880466310132751,0
2050,265,6,0.01004325430018551,0
2050,265,7,0.12623272744792785,0
2050,265,11,0.024925539018976286,0
2050,265,12,0.07907151386629337,0
2050,265,13,0.10026840881590637,0
2050,265,19,0.03333639970443938,0
2050,265,27,0.013628827709524947,0
2050,265,29,0.06927770976898932,0
2050,265,31,0.03420771738004993,0
2050,265,36,0.1682212033688645,0
2050,265,38,0.049261978404759856,0
2050,266,2,0.18594322579344152,0
2050,266,7,0.09733764667750673,0
2050,266,23,0.01888074197734469,0
2050,266,34,0.05539744524939383,0
2050,266,43,0.0969674859064837,0
2050,266,45,0.03136293948277333,0
2050,266,49,0.26953429366966364,0
2050,266,50,0.021430054855715152,0
2050,266,57,0.06489121891395294,0
2050,267,2,0.12764560637987987,0
2050,267,3,0.042336760823277475,0
2050,267,4,0.1512531229413934,0
2050,267,7,0.09768743552078807,0
2050,267,21,0.034705521834768355,0
2050,267,34,0.08958653383681635,0
2050,267,37,0.07244561570849921,0
2050,267,49,0.032123971083076,0
2050,267,50,0.08128659658437529,0
2050,267,51,0.09220561616921262,0
2050,267,56,0.14462593553373418,0
2050,268,2,0.06129697237825425,0
2050,268,4,0.03419980759606841,0
2050,268,5,0.03331633605069874,0
2050,268,8,0.07894131177720455,0
2050,268,11,0.03412274949906447,0
2050,268,25,0.2564777488949143,0
2050,268,31,0.12737448500646892,0
2050,268,36,0.15691220207902937,0
2050,268,37,0.11455104597953328,0
2050,268,42,0.030725321725845058,0
2050,268,54,0.041697219065090864,0
2050,269,2,0.06466125827602451,0
2050,269,5,0.027827172863655505,0
2050,269,7,0.07283619838296501,0
2050,269,8,0.024923741811133014,0
2050,269,12,0.09939800075618524,0
2050,269,25,0.15891429568807422,0
2050,269,31,0.36315403352749454,0
2050,269,34,0.040561042075341676,0
2050,269,36,0.022487882368684188,0
2050,269,44,0.02964083281570724,0
2050,269,49,0.09321406311944179,0
2050,270,2,0.21952209322439029,0
2050,270,4,0.04312044384493105,0
2050,270,5,0.04228394579912153,0
2050,270,7,0.07919989589172273,0
2050,270,14,0.018611786005098756,0
2050,270,19,0.1025784372639662,0
2050,270,25,0.07418408152037861,0
2050,270,31,0.08249234077115151,0
2050,270,34,0.08166704711713221,0
2050,270,39,0.08418197610438279,0
2050,270,44,0.014383716652582586,0
2050,270,49,0.13872133462737152,0
2050,271,2,0.13009577728636595,0
2050,271,4,0.1172435643983777,0
2050,271,5,0.019705160367441462,0
2050,271,7,0.1313055565848071,0
2050,271,8,0.14721432692142092,0
2050,271,14,0.01690635263057353,0
2050,271,19,0.046870178744707974,0
2050,271,39,0.14944696756316972,0
2050,271,43,0.06365163524667129,0
2050,271,46,0.055102526401648824,0
2050,271,49,0.09127210507232203,0
2050,271,55,0.013725008919239735,0
2050,272,2,0.024851279840142567,0
2050,272,4,0.17295185874122354,0
2050,272,7,0.2813715261384497,0
2050,272,8,0.04417135436754277,0
2050,272,19,0.12024868336877001,0
2050,272,25,0.12241341922712674,0
2050,272,34,0.0,0
2050,272,60,0.18749363651277504,0
2050,273,2,0.09097440386836897,0
2050,273,4,0.07637935276950072,0
2050,273,5,0.06856642335820898,0
2050,273,7,0.21263172319677354,0
2050,273,8,0.09911278778401486,0
2050,273,28,0.011572573545141627,0
2050,273,40,0.0,0
2050,273,41,0.11568329391050917,0
2050,273,51,0.03780269596747182,0
2050,273,60,0.2155928522306796,0
2050,274,2,0.2225104140809582,0
2050,274,5,0.31470435328370044,0
2050,274,7,0.011019878849011061,0
2050,274,8,0.1329703018265604,0
2050,274,28,0.15450911757255037,0
2050,274,55,0.010537143867666,0
2050,274,60,0.08683680176472945,0
2050,275,2,0.10417581288344009,0
2050,275,5,0.427133721522694,0
2050,275,6,0.024825410691897636,0
2050,275,8,0.14467529554782924,0
2050,275,25,0.10824866554645061,0
2050,275,40,0.0647530563821387,0
2050,275,43,0.07320663483761342,0
2050,276,25,1.0,0
2050,277,49,1.0,0
2050,278,6,0.07049554897924405,0
2050,278,9,0.017893984321789503,0
2050,278,11,0.13576076616749105,0
2050,278,15,0.037251882223762516,0
2050,278,21,0.030335223915855032,0
2050,278,27,0.16279103349505208,0
2050,278,40,0.23267523800658318,0
2050,278,49,0.1807874695946098,0
2050,278,50,0.12709390590553132,0
2050,279,2,0.2545755090432155,0
2050,279,3,0.01159734115094278,0
2050,279,5,0.08214902169831485,0
2050,279,6,0.15135471249452612,0
2050,279,7,0.030020599179962294,0
2050,279,9,0.021125728299894207,0
2050,279,36,0.25115800463782917,0
2050,279,47,0.05750140835092482,0
2050,280,2,0.13688408991535925,0
2050,280,3,0.04001916541875722,0
2050,280,5,0.10119831079921769,0
2050,280,6,0.10033824030792024,0
2050,280,7,0.18851243129274564,0
2050,280,28,0.03457474654435527,0
2050,280,36,0.1591429500506704,0
2050,280,47,0.020698327865346703,0
2050,280,50,0.03256265531101772,0
2050,280,60,0.018842544337776723,0
2050,281,3,0.058403564467048814,0
2050,281,5,0.05309553557872237,0
2050,281,8,0.057111467907736434,0
2050,281,11,0.15680422139706537,0
2050,281,30,0.09904698367146952,0
2050,281,31,0.43320950269903113,0
2050,281,36,0.11498700212801788,0
2050,282,31,1.0,0
2050,283,3,0.061919478380341786,0
2050,283,4,0.19970946184299948,0
2050,283,7,0.11665466543754678,0
2050,283,14,0.3614678876194304,0
2050,283,19,0.029451282513698256,0
2050,283,31,0.08737784647759253,0
2050,283,34,0.05980242787677728,0
2050,283,49,0.049534907836828734,0
2050,283,51,0.01944510792149906,0
2050,284,3,0.06471836810388776,0
2050,284,4,0.19267190688508054,0
2050,284,7,0.22140802008225008,0
2050,284,8,0.07030756121120448,0
2050,284,14,0.1047336357938935,0
2050,284,25,0.08209840902352895,0
2050,284,28,0.18147294008666884,0
2050,284,34,0.0,0
2050,284,51,0.07122141120114127,0
2050,285,3,0.05652056821922833,0
2050,285,7,0.09546463820687275,0
2050,285,8,0.05660526954918966,0
2050,285,9,0.06840793937183506,0
2050,285,11,0.2670548194343016,0
2050,285,13,0.017274813603253343,0
2050,285,20,0.014006931816920585,0
2050,285,25,0.01076936399579071,0
2050,285,28,0.11310373992323121,0
2050,285,30,0.05369150653411224,0
2050,285,31,0.16595543643490196,0
2050,285,36,0.02597413856540778,0
2050,285,46,0.038844375107086805,0
2050,286,2,0.024051973662788207,0
2050,286,3,0.09252333418428778,0
2050,286,4,0.0571846700012204,0
2050,286,5,0.035045137141851035,0
2050,286,7,0.161109260234588,0
2050,286,11,0.21384029928498274,0
2050,286,14,0.1313152745303063,0
2050,286,28,0.034654854645553554,0
2050,286,40,0.05579083657062226,0
2050,286,47,0.05821626629458942,0
2050,286,52,0.01603152750782035,0
2050,287,2,0.05329823005985313,0
2050,287,3,0.19805077175456365,0
2050,287,4,0.12423726476153395,0
2050,287,7,0.13775150420483973,0
2050,287,14,0.08514548174983931,0
2050,287,31,0.04581075187278675,0
2050,287,34,0.04820419113704321,0
2050,287,36,0.1317252912354469,0
2050,288,2,0.046035037689961165,0
2050,288,3,0.10717171134481998,0
2050,288,4,0.056512439366532316,0
2050,288,5,0.0948508988558986,0
2050,288,6,0.024648761430768402,0
2050,288,7,0.04370234461177059,0
2050,288,8,0.2196529215525269,0
2050,288,9,0.1260617500966403,0
2050,288,36,0.20960972649343715,0
2050,289,3,0.06434796815004981,0
2050,289,5,0.12478589898320894,0
2050,289,6,0.09158629761590452,0
2050,289,8,0.1942586812482077,0
2050,289,11,0.41355758363790224,0
2050,289,12,0.040053020358548984,0
2050,289,36,0.013650056130408575,0
2050,290,11,1.0,0
2050,291,9,1.0,0
2050,292,14,1.0,0
2050,293,3,0.041343489216718286,0
2050,293,4,0.049419118879064076,0
2050,293,7,0.10412748825419697,0
2050,293,11,0.05750160912683946,0
2050,293,14,0.21947028028043475,0
2050,293,30,0.0783641533096856,0
2050,293,46,0.030967870451420916,0
2050,293,49,0.31231691847362475,0
2050,294,2,0.12579228849172513,0
2050,294,3,0.18654106478509638,0
2050,294,4,0.1289376325747815,0
2050,294,6,0.03150158142106397,0
2050,294,7,0.051123079628766235,0
2050,294,11,0.0374529523452573,0
2050,294,31,0.0795650805635852,0
2050,294,32,0.031031081831576646,0
2050,294,37,0.05747395347797194,0
2050,294,50,0.09994355587505181,0
2050,295,2,0.26268528964540333,0
2050,295,3,0.22369503056805107,0
2050,295,4,0.10269232993186893,0
2050,295,5,0.06001598184781719,0
2050,295,6,0.1546508934542683,0
2050,295,8,0.08584424174762864,0
2050,295,50,0.0,0
2050,296,2,0.04475710767719563,0
2050,296,3,0.1264624769785535,0
2050,296,5,0.1577150429312501,0
2050,296,6,0.06062054758005959,0
2050,296,8,0.4390026794562732,0
2050,296,9,0.024943161418147425,0
2050,296,31,0.09306980187350436,0
2050,297,3,0.1853872622530315,0
2050,297,4,0.07356905348092421,0
2050,297,6,0.04720809723763187,0
2050,297,8,0.09620619842066895,0
2050,297,11,0.07562632787609443,0
2050,297,27,0.07040432647388958,0
2050,297,31,0.06473568647548184,0
2050,297,32,0.04321208312675193,0
2050,297,37,0.09373608366528535,0
2050,297,50,0.14898246290979852,0
2050,297,53,0.012020615041790923,0
2050,297,56,0.05737733763760317,0
2050,298,2,0.14663569388385203,0
2050,298,3,0.07891130709772641,0
2050,298,5,0.039493902517284664,0
2050,298,6,0.21308057025020286,0
2050,298,8,0.05784276727424857,0
2050,298,9,0.12065552264546112,0
2050,298,11,0.026395476538017878,0
2050,298,31,0.07673248163290797,0
2050,298,39,0.0798285675161394,0
2050,298,44,0.1127432332350566,0
2050,299,2,0.2018210238829893,0
2050,299,3,0.028218887146116808,0
2050,299,8,0.07352412868472341,0
2050,299,23,0.023024982519450357,0
2050,299,27,0.01415439375688714,0
2050,299,31,0.1162402881623219,0
2050,299,32,0.040252600951270784,0
2050,299,43,0.1185474034342734,0
2050,299,48,0.08339026136333429,0
2050,299,50,0.08096557027142418,0
2050,299,57,0.19086958082612684,0
2050,300,2,0.16998482445562793,0
2050,300,3,0.09591764045909554,0
2050,300,8,0.03925463923873854,0
2050,300,27,0.15125152067065278,0
2050,300,31,0.028445166287319135,0
2050,300,32,0.05663459381537419,0
2050,300,40,0.030529006017503777,0
2050,300,43,0.05019710756495186,0
2050,300,48,0.04720935039190519,0
2050,300,49,0.04010421961430074,0
2050,300,57,0.1074358781486282,0
2050,300,59,0.040302945311157405,0
2050,301,2,0.14770802663948696,0
2050,301,3,0.1295239135899719,0
2050,301,4,0.016111805129865313,0
2050,301,6,0.04284902044227194,0
2050,301,7,0.09119238928125996,0
2050,301,11,0.08500498371306114,0
2050,301,32,0.1336627269960729,0
2050,301,36,0.22452976733516117,0
2050,301,49,0.012794557620001378,0
2050,302,2,0.04158720053873053,0
2050,302,4,0.08855617888331489,0
2050,302,8,0.16175172004505808,0
2050,302,9,0.010616483992763426,0
2050,302,14,0.045087669926136595,0
2050,302,23,0.013395361907242208,0
2050,302,24,0.13465826924457874,0
2050,302,31,0.07712835043753373,0
2050,302,32,0.02462203115032821,0
2050,302,34,0.1318890849597094,0
2050,302,37,0.15730302189935635,0
2050,302,48,0.050841630883149275,0
2050,302,49,0.05633059471825274,0
2050,303,3,0.01074890233423566,0
2050,303,4,0.2650397035922102,0
2050,303,7,0.01218245776300196,0
2050,303,11,0.013723362740664049,0
2050,303,14,0.017572561442303722,0
2050,303,21,0.10692135657818624,0
2050,303,28,0.01901838267068262,0
2050,303,32,0.03612124437569953,0
2050,303,37,0.04686360420601053,0
2050,303,48,0.020717769621819503,0
2050,303,50,0.36646239920832235,0
2050,303,56,0.0770695952569015,0
2050,304,2,0.10166003789622671,0
2050,304,3,0.05115552908726333,0
2050,304,4,0.13050141145251504,0
2050,304,5,0.11318182603547285,0
2050,304,6,0.1323687270787227,0
2050,304,7,0.06108083003946333,0
2050,304,8,0.13605331799720863,0
2050,304,13,0.07258628748825457,0
2050,304,28,0.07964684893150362,0
2050,304,32,0.01441399624541999,0
2050,304,46,0.04244831454029897,0
2050,304,59,0.044630113810037106,0
2050,305,2,0.0894390182913244,0
2050,305,5,0.31535851734648057,0
2050,305,6,0.031802156784246,0
2050,305,8,0.27480512845193394,0
2050,305,30,0.03566226873594781,0
2050,305,49,0.2462337518166092,0
2050,306,2,0.07386557470528352,0
2050,306,5,0.21682069878150048,0
2050,306,6,0.1268139143094047,0
2050,306,8,0.1427488667594061,0
2050,306,9,0.024409180871433622,0
2050,306,16,0.01149257914548794,0
2050,306,30,0.11655193754487368,0
2050,306,41,0.017649296605557908,0
2050,306,43,0.13326458199914032,0
2050,306,49,0.10995937056687176,0
2050,307,2,0.013526575214012584,0
2050,307,5,0.08787974952076902,0
2050,307,8,0.024483776674638354,0
2050,307,15,0.036561855570624205,0
2050,307,16,0.015431927605041312,0
2050,307,24,0.3044357178515035,0
2050,307,25,0.1838204966623407,0
2050,307,30,0.019641695770987906,0
2050,307,41,0.11940962853240819,0
2050,307,48,0.035809097986167944,0
2050,307,59,0.07258701719355033,0
2050,308,5,0.04156334032771356,0
2050,308,24,0.4878213383116202,0
2050,308,26,0.038189529206074706,0
2050,308,48,0.028709272867328602,0
2050,308,49,0.06658836506401307,0
2050,308,51,0.08123364080358511,0
2050,308,52,0.0224614201924764,0
2050,308,59,0.10101502952755077,0
2050,309,24,1.0,0
2050,310,50,1.0,0
2050,311,2,0.1141315214956898,0
2050,311,5,0.021539031588327266,0
2050,311,6,0.23703325051426724,0
2050,311,8,0.03384026987282805,0
2050,311,40,0.09866708708293688,0
2050,311,50,0.4425508421611698,0
2050,311,53,0.023794899275447805,0
2050,312,2,0.10845397326219722,0
2050,312,5,0.07634663002702644,0
2050,312,6,0.23798617091403076,0
2050,312,8,0.18300829752855907,0
2050,312,39,0.022349190180409564,0
2050,312,47,0.05730457263153621,0
2050,312,50,0.29076520405427136,0
2050,312,54,0.021570415871793015,0
2050,313,2,0.10459196316743019,0
2050,313,3,0.028400582325199025,0
2050,313,6,0.34904489856087134,0
2050,313,7,0.1600443028070572,0
2050,313,8,0.11272368079117255,0
2050,313,50,0.24374363952356665,0
2050,314,2,0.05453560174658149,0
2050,314,3,0.06719233188722526,0
2050,314,6,0.2374226238573398,0
2050,314,7,0.268669524615092,0
2050,314,8,0.2557858351210312,0
2050,314,50,0.06874481956520632,0
2050,315,2,0.014808923574398685,0
2050,315,3,0.07724492681058658,0
2050,315,6,0.2896543306028015,0
2050,315,7,0.1681952524355693,0
2050,315,8,0.2711546007348113,0
2050,315,50,0.06976728236725169,0
2050,316,3,0.051375591362352306,0
2050,316,6,0.2899230593001463,0
2050,316,8,0.18406074481002205,0
2050,316,28,0.05352173509843715,0
2050,316,36,0.12908054027127414,0
2050,316,50,0.2540960792633214,0
2050,317,2,0.17999263110809777,0
2050,317,3,0.04742386439542636,0
2050,317,6,0.2985398543364896,0
2050,317,7,0.030825201986080013,0
2050,317,28,0.030934252616464618,0
2050,317,50,0.41228419555744145,0
2050,318,2,0.22810347712143988,0
2050,318,6,0.22033190174480125,0
2050,318,7,0.15382189428096388,0
2050,318,8,0.17658249811220517,0
2050,318,36,0.07939258975061554,0
2050,318,50,0.1386840070655849,0
2050,319,2,0.07981180633751275,0
2050,319,7,0.1557101833514031,0
2050,319,8,0.25384384099123364,0
2050,319,19,0.09691254764518904,0
2050,319,50,0.4094260494589323,0
2050,320,3,0.07175250148536799,0
2050,320,6,0.13389516217510852,0
2050,320,7,0.192604424596208,0
2050,320,8,0.11728188997909753,0
2050,320,27,0.031299847986875004,0
2050,320,28,0.04599737602480418,0
2050,320,50,0.4064000551089944,0
2050,321,2,0.31120520484753933,0
2050,321,6,0.0728590600460341,0
2050,321,7,0.10716441502544964,0
2050,321,8,0.025908875588343698,0
2050,321,50,0.29970898767240245,0
2050,321,54,0.11579310446495504,0
2050,322,2,0.1302370277521209,0
2050,322,6,0.07199597114400258,0
2050,322,7,0.3686135635757977,0
2050,322,8,0.14068064462649496,0
2050,322,36,0.028411951900191544,0
2050,322,50,0.23582526952546365,0
2050,323,2,0.18283205452336915,0
2050,323,6,0.09229004715030249,0
2050,323,7,0.2635630845496477,0
2050,323,8,0.15589052458688962,0
2050,323,36,0.0760616127497309,0
2050,323,50,0.2222299590451923,0
2050,324,2,0.2611153882122594,0
2050,324,4,0.044500225492249156,0
2050,324,7,0.11734747396684116,0
2050,324,8,0.22807084815842485,0
2050,324,14,0.0759201318104578,0
2050,324,21,0.0726056700998898,0
2050,324,34,0.04590255421574933,0
2050,324,50,0.15453770804412853,0
2050,325,2,0.30196115415885816,0
2050,325,4,0.3773414746919275,0
2050,325,7,0.09983937752756142,0
2050,325,11,0.04224355061769337,0
2050,325,15,0.011540576644108791,0
2050,325,21,0.044266325410700094,0
2050,325,40,0.017993444928122545,0
2050,325,57,0.09841999979734799,0
2050,326,4,0.16078067242796454,0
2050,326,6,0.0881151114449738,0
2050,326,7,0.09246816180963963,0
2050,326,8,0.211359485396827,0
2050,326,11,0.14985708021489605,0
2050,326,24,0.028407292724105887,0
2050,326,28,0.08067673760253644,0
2050,326,32,0.020043529690416943,0
2050,326,59,0.16829192868863968,0
2050,327,32,1.0,0
2050,328,2,0.33435583712064426,0
2050,328,3,0.03392031568686382,0
2050,328,6,0.28459994442458775,0
2050,328,8,0.01145425727329609,0
2050,328,28,0.03493309949543702,0
2050,328,50,0.23392172731295227,0
2050,329,2,0.4565001759295407,0
2050,329,6,0.22523225078343329,0
2050,329,8,0.016927554055778216,0
2050,329,23,0.02104069592599604,0
2050,329,32,0.08459127159405753,0
2050,329,40,0.024579590364022276,0
2050,329,57,0.08942458525633014,0
2050,330,2,0.14921016652156152,0
2050,330,4,0.36970862448455644,0
2050,330,5,0.07015101002606877,0
2050,330,6,0.0737488722615008,0
2050,330,8,0.03966315571838021,0
2050,330,11,0.020846539063989675,0
2050,330,32,0.016084989985877752,0
2050,330,48,0.09618474016972944,0
2050,330,49,0.11803565422379064,0
2050,330,59,0.0463662475445446,0
2050,331,2,0.30539772980195196,0
2050,331,3,0.056469939937411215,0
2050,331,4,0.1830258033132189,0
2050,331,6,0.33254891853595375,0
2050,331,8,0.11263684688423566,0
2050,332,2,0.2863274032896516,0
2050,332,6,0.3930079445342287,0
2050,332,7,0.12482669654491026,0
2050,332,8,0.13762973268880746,0
2050,332,23,0.026861287158662914,0
2050,332,27,0.03134693578373916,0
2050,333,2,0.2817957332492895,0
2050,333,6,0.34538242938164954,0
2050,333,7,0.22334594578369737,0
2050,333,8,0.14947589158536337,0
2050,334,2,0.32043409450527716,0
2050,334,6,0.23765691429397942,0
2050,334,7,0.22312692599748576,0
2050,334,8,0.19899910159068437,0
2050,334,54,0.01978296361257331,0
2050,335,2,0.22754239774803217,0
2050,335,5,0.023200303736379588,0
2050,335,6,0.24357359737315254,0
2050,335,7,0.19635961502294863,0
2050,335,8,0.26952525855154236,0
2050,336,3,0.047292060145199974,0
2050,336,5,0.010525191682488368,0
2050,336,6,0.33955428312137886,0
2050,336,7,0.182788123424204,0
2050,336,8,0.16419339031843103,0
2050,336,20,0.011358210804812448,0
2050,336,24,0.04170411835522753,0
2050,336,48,0.052382571138801674,0
2050,336,50,0.04082212142196794,0
2050,336,52,0.017209803296146978,0
2050,336,57,0.029003705937354424,0
2050,337,5,0.055244583034215713,0
2050,337,6,0.4870965001112382,0
2050,337,8,0.02012475364570425,0
2050,337,24,0.08400817878624478,0
2050,337,27,0.017639300138394015,0
2050,337,40,0.013212176437907598,0
2050,337,48,0.1300754432014844,0
2050,337,50,0.010098339978760647,0
2050,337,52,0.08020532006103606,0
2050,337,59,0.10229540460501425,0
2050,338,2,0.16605682899610083,0
2050,338,5,0.020573800592446644,0
2050,338,6,0.7158335678045411,0
2050,338,8,0.03565710863909448,0
2050,338,50,0.016051097037140225,0
2050,338,54,0.0458275969306766,0
2050,339,2,0.17463814513516743,0
2050,339,5,0.09611332717753031,0
2050,339,6,0.6481310476229473,0
2050,339,8,0.035202979041389706,0
2050,339,54,0.03921449304749304,0
2050,340,2,0.3023768313217244,0
2050,340,5,0.05874043067852534,0
2050,340,6,0.5845717814475859,0
2050,340,54,0.05431095655216435,0
2050,341,2,0.1872417430785749,0
2050,341,5,0.0411756242753087,0
2050,341,6,0.456639629967575,0
2050,341,8,0.01812055068257637,0
2050,341,43,0.11171980176336922,0
2050,341,48,0.1851026502325957,0
2050,342,2,0.011499409359216298,0
2050,342,3,0.03880634402202575,0
2050,342,6,0.4761864405169209,0
2050,342,7,0.08860635738406666,0
2050,342,15,0.01636030988284937,0
2050,342,27,0.10349260663197019,0
2050,342,50,0.22774872762170095,0
2050,342,56,0.02135358847528957,0
2050,343,2,0.2203629611275041,0
2050,343,3,0.024361638009208073,0
2050,343,5,0.056138534309624656,0
2050,343,6,0.6370251373434519,0
2050,343,52,0.010519697234701104,0
2050,344,2,0.258153626917981,0
2050,344,3,0.02772582557503166,0
2050,344,5,0.06161892311186186,0
2050,344,6,0.5364594218108379,0
2050,344,8,0.11604220258428757,0
2050,345,2,0.26604627851661544,0
2050,345,6,0.4929013189964052,0
2050,345,7,0.03595644227028593,0
2050,345,8,0.10118385466082708,0
2050,345,54,0.09393099951692696,0
2050,346,1,0.06917114765370222,0
2050,346,2,0.0799611532886526,0
2050,346,6,0.5019591672511428,0
2050,346,7,0.023763210979960123,0
2050,346,8,0.17380028756646387,0
2050,346,17,0.03568853513478881,0
2050,346,25,0.037991654895330754,0
2050,346,48,0.027664868735876372,0
2050,346,52,0.022911844662436513,0
2050,346,54,0.01469659796655862,0
2050,346,59,0.010858444494304318,0
2050,347,6,0.3090622236583866,0
2050,347,8,0.04044657069796266,0
2050,347,17,0.02692763884303097,0
2050,347,25,0.10253585985607676,0
2050,347,26,0.13531263722471037,0
2050,347,38,0.03615709594126766,0
2050,347,48,0.30433319014762983,0
2050,347,49,0.045224783630934864,0
2050,348,48,1.0,0
2050,349,4,0.017091852080360632,0
2050,349,6,0.2342266376691858,0
2050,349,15,0.01138369369658546,0
2050,349,24,0.10019597858507188,0
2050,349,26,0.0767163306466782,0
2050,349,32,0.05738104351129345,0
2050,349,48,0.3710971197100149,0
2050,349,49,0.055498653183261776,0
2050,349,50,0.02754365798833326,0
2050,350,2,0.05299501569568392,0
2050,350,6,0.35307711749628673,0
2050,350,7,0.10840772082527167,0
2050,350,48,0.22230399498917147,0
2050,350,50,0.25067570024211466,0
2050,351,4,0.026899286830667835,0
2050,351,6,0.6252007399409414,0
2050,351,7,0.11703905893618083,0
2050,351,27,0.021339431338156196,0
2050,351,32,0.015936614711267706,0
2050,351,48,0.0784662694195024,0
2050,351,50,0.11511859882328376,0
2050,352,6,1.0,0
2050,353,2,0.14180278851856143,0
2050,353,6,0.705289631532488,0
2050,353,48,0.1529075799489506,0
2050,354,2,0.26131151069288666,0
2050,354,6,0.7165951926838448,0
2050,354,54,0.022093296623268588,0
2050,355,2,0.3126639613750364,0
2050,355,6,0.6406609506036328,0
2050,355,7,0.034562707690070096,0
2050,355,54,0.012112380331260667,0
2050,356,2,0.17473622819575213,0
2050,356,6,0.572414195887203,0
2050,356,7,0.24049970291352984,0
2050,356,8,0.011181627881115076,0
2050,357,2,0.15547784238970713,0
2050,357,5,0.016608592731285572,0
2050,357,6,0.6357613678623849,0
2050,357,7,0.12794229614922756,0
2050,357,8,0.02831438941232581,0
2050,358,2,0.3190028344195775,0
2050,358,5,0.04962738849210013,0
2050,358,6,0.48350407113628024,0
2050,358,50,0.125440552180502,0
2050,359,2,0.3948313298667591,0
2050,359,5,0.045818737972748116,0
2050,359,6,0.4648057866957027,0
2050,359,54,0.012829229774150732,0
2050,360,2,0.22557045390360767,0
2050,360,6,0.2812329674286483,0
2050,360,7,0.040518350426803976,0
2050,360,23,0.040505342008859524,0
2050,360,27,0.09064169812346824,0
2050,360,40,0.06585212917079075,0
2050,360,48,0.03252879428176775,0
2050,360,52,0.06566795256917389,0
2050,360,54,0.011655489237178072,0
2050,360,59,0.13468734619541595,0
2050,361,2,0.21533977411518465,0
2050,361,6,0.3010088986405993,0
2050,361,7,0.014376804565574788,0
2050,361,10,0.13270120884183578,0
2050,361,11,0.09047372527835257,0
2050,361,30,0.011277938582542064,0
2050,361,32,0.04822304858029597,0
2050,361,36,0.09410071132004837,0
2050,361,48,0.06094319355790176,0
2050,361,50,0.013176839344356692,0
2050,362,2,0.15328447331920922,0
2050,362,6,0.188568909880133,0
2050,362,7,0.03529117701543105,0
2050,362,24,0.06442610362763718,0
2050,362,27,0.1905911292963982,0
2050,362,32,0.05286031384437401,0
2050,362,40,0.04089105747338731,0
2050,362,48,0.27408683554343005,0
2050,363,2,0.014114944414290126,0
2050,363,4,0.05143123129696599,0
2050,363,6,0.3918495032174387,0
2050,363,7,0.12155536318229712,0
2050,363,8,0.06676832393141567,0
2050,363,10,0.10430601189458295,0
2050,363,11,0.09370000286795246,0
2050,363,36,0.016209844454132087,0
2050,363,50,0.08862474991052562,0
2050,363,56,0.05144002483039935,0
2050,364,2,0.18359673908653082,0
2050,364,4,0.14445101444773695,0
2050,364,6,0.3146355284474107,0
2050,364,7,0.1720735841415959,0
2050,364,8,0.06440808303711942,0
2050,364,27,0.05490204940840818,0
2050,364,28,0.06025293565584636,0
2050,365,2,0.1336718773012521,0
2050,365,3,0.041625279990560975,0
2050,365,6,0.433331609261212,0
2050,365,8,0.23459347267033018,0
2050,365,27,0.0749546969514722,0
2050,365,52,0.07300985702762841,0
