scenario,year,period,rep_period,weight
0,2030,1,1,0.09424551042272993
0,2030,1,2,0.7040380403510509
0,2030,1,6,0.2017164492262193
0,2030,2,1,0.7920477832731752
0,2030,2,4,0.03344557884571315
0,2030,2,6,0.1745066378811117
0,2030,3,1,0.8208697934593228
0,2030,3,4,0.14349164416995494
0,2030,3,6,0.035638562370722396
0,2030,4,1,0.5318584149182848
0,2030,4,2,0.16299735247574781
0,2030,4,3,0.029088525002800215
0,2030,4,4,0.2422664777263598
0,2030,4,5,0.01388421287077104
0,2030,4,6,0.019905017006036467
0,2030,5,2,0.046350838087171074
0,2030,5,3,0.10697253782002007
0,2030,5,4,0.5245283924723311
0,2030,5,5,0.26636806847430433
0,2030,5,6,0.05578016314617338
0,2030,6,1,0.17951903729182908
0,2030,6,2,0.67859065074227
0,2030,6,3,0.10970132395887243
0,2030,6,6,0.0321889880070285
0,2030,7,1,0.6195362955263075
0,2030,7,2,0.11903137735361538
0,2030,7,4,0.2248246838798043
0,2030,7,6,0.03660764324027284
0,2030,8,1,0.6344483133409484
0,2030,8,4,0.2541062070682025
0,2030,8,6,0.111445479590849
0,2030,9,1,0.4264807225441428
0,2030,9,2,0.354343667978352
0,2030,9,3,0.12895996380121766
0,2030,9,6,0.09021564567628756
0,2030,10,1,0.7281410102439425
0,2030,10,2,0.10531044118702065
0,2030,10,4,0.11353533642799862
0,2030,10,6,0.05301321214103817
0,2030,11,1,0.11007682934020027
0,2030,11,2,0.4033267057815521
0,2030,11,3,0.2416553980948525
0,2030,11,4,0.1916608433955973
0,2030,11,6,0.05328022338779781
0,2030,12,2,0.9594379061716427
0,2030,12,6,0.04056209382835729
0,2030,13,1,0.2037908213867688
0,2030,13,2,0.7186205351965783
0,2030,13,3,0.07758864341665284
0,2030,14,1,0.8264514242517268
0,2030,14,6,0.17354857574827326
0,2030,15,1,0.7552609181421125
0,2030,15,6,0.24473908185788754
0,2030,16,2,0.106310167786797
0,2030,16,4,0.021983666993118788
0,2030,16,5,0.8260246156760286
0,2030,16,6,0.045681549544055566
0,2030,17,2,0.7837146454940868
0,2030,17,4,0.21628535450591327
0,2030,18,2,1.0
0,2030,19,2,0.8806137047392353
0,2030,19,3,0.06529386608790819
0,2030,19,6,0.05409242917285648
0,2030,20,2,1.0
0,2030,21,2,0.7691226181467565
0,2030,21,3,0.13025023349029308
0,2030,21,5,0.1006271483629504
0,2030,22,2,0.889583407215038
0,2030,22,3,0.11041659278496199
0,2030,23,1,0.10367383072093048
0,2030,23,2,0.6594348059660304
0,2030,23,6,0.23689136331303912
0,2030,24,2,0.08056534385793258
0,2030,24,3,0.11746824392097426
0,2030,24,4,0.8019664122210932
0,2030,25,2,1.0
0,2030,26,2,0.6913594514932114
0,2030,26,6,0.3086405485067887
0,2030,27,2,0.15423074471234546
0,2030,27,4,0.24111114681161908
0,2030,27,5,0.6046581084760354
0,2030,28,1,0.014027403910289084
0,2030,28,2,0.9859725960897109
0,2030,29,2,1.0
0,2030,30,1,0.4694760186620902
0,2030,30,2,0.1708520703394516
0,2030,30,6,0.35967191099845813
0,2030,31,4,0.1600305295231312
0,2030,31,5,0.8399694704768689
0,2030,32,2,0.015585282190868358
0,2030,32,5,0.7589216634126679
0,2030,32,6,0.22549305439646375
0,2030,33,1,0.7272351288249342
0,2030,33,4,0.1719138646614079
0,2030,33,6,0.10085100651365783
0,2030,34,1,0.0768017602079605
0,2030,34,5,0.8235976070257811
0,2030,34,6,0.09960063276625838
0,2030,35,1,1.0
0,2030,36,1,0.7460825926530978
0,2030,36,6,0.2539174073469022
0,2030,37,1,0.8058324966058544
0,2030,37,4,0.16874596769180028
0,2030,37,5,0.02542153570234529
0,2030,38,2,0.25767939478568364
0,2030,38,3,0.06700830033330711
0,2030,38,5,0.6753123048810094
0,2030,39,1,0.028034047568801478
0,2030,39,2,0.8923556061400557
0,2030,39,6,0.07961034629114287
0,2030,40,2,0.9134734858497022
0,2030,40,4,0.02238999713684895
0,2030,40,5,0.0641365170134488
0,2030,41,2,0.2686141839039048
0,2030,41,5,0.6188367420196309
0,2030,41,6,0.11254907407646442
0,2030,42,1,0.20829362026636017
0,2030,42,2,0.12345596643217599
0,2030,42,3,0.1652469458920316
0,2030,42,5,0.5030034674094322
0,2030,43,1,0.1274561588955236
0,2030,43,4,0.7032286743583858
0,2030,43,6,0.1693151667460906
0,2030,44,2,0.9516745419005886
0,2030,44,6,0.048325458099411356
0,2030,45,2,1.0
0,2030,46,2,1.0
0,2030,47,1,0.04834621421762231
0,2030,47,2,0.5943020324203279
0,2030,47,3,0.013829463892390157
0,2030,47,5,0.3435222894696597
0,2030,48,1,0.21064672166745305
0,2030,48,3,0.1684688674086564
0,2030,48,4,0.6208844109238906
0,2030,49,1,0.528112115181892
0,2030,49,2,0.07145169715121749
0,2030,49,3,0.07843964606690053
0,2030,49,4,0.3219965415999898
0,2030,50,5,1.0
0,2030,51,2,0.018732272960559467
0,2030,51,5,0.9812677270394405
0,2030,52,1,0.6836830475933556
0,2030,52,2,0.19307503266823725
0,2030,52,3,0.08738322769747567
0,2030,52,6,0.035858692040931534
0,2030,53,1,0.6395961784374822
0,2030,53,4,0.3450329226839565
0,2030,53,6,0.015370898878561258
0,2030,54,4,0.011888580847314006
0,2030,54,5,0.9344963343899777
0,2030,54,6,0.05361508476270829
0,2030,55,2,0.7022708702109242
0,2030,55,3,0.2977291297890759
0,2030,56,2,0.29096291679966524
0,2030,56,3,0.7090370832003348
0,2030,57,2,0.7284942855934482
0,2030,57,3,0.27150571440655186
0,2030,58,1,0.6711753964434801
0,2030,58,2,0.1731952261228913
0,2030,58,3,0.1556293774336285
0,2030,59,1,0.8637246902922898
0,2030,59,6,0.13627530970771015
0,2030,60,1,0.5203917685620885
0,2030,60,3,0.3108317588657237
0,2030,60,4,0.168776472572188
0,2030,61,3,0.9088186241370012
0,2030,61,4,0.06673738113076468
0,2030,61,6,0.024443994732234194
0,2030,62,2,0.9626869375559017
0,2030,62,3,0.03731306244409827
0,2030,63,1,0.027288920679544835
0,2030,63,2,0.24460205503476007
0,2030,63,3,0.30569693032628303
0,2030,63,4,0.4224120939594121
0,2030,64,2,0.9451809787251634
0,2030,64,6,0.05481902127483673
0,2030,65,1,0.4381305236734457
0,2030,65,2,0.3456213308350885
0,2030,65,4,0.03038305049175724
0,2030,65,6,0.1858650949997086
0,2030,66,3,0.11774342780657446
0,2030,66,4,0.18511845650464173
0,2030,66,5,0.6971381156887838
0,2030,67,1,0.1592091254019992
0,2030,67,2,0.6665825262513829
0,2030,67,3,0.17420834834661783
0,2030,68,3,0.6608653924459201
0,2030,68,5,0.3391346075540798
0,2030,69,1,0.15408504261526193
0,2030,69,2,0.6053564952138936
0,2030,69,3,0.07273242483612719
0,2030,69,6,0.16782603733471738
0,2030,70,2,0.03089368294163434
0,2030,70,3,0.19272820305597843
0,2030,70,4,0.7763781140023873
0,2030,71,2,0.6947895224914928
0,2030,71,3,0.3052104775085072
0,2030,72,2,0.22593575584029732
0,2030,72,3,0.10557629956721543
0,2030,72,5,0.6684879445924873
0,2030,73,1,0.61023354521141
0,2030,73,2,0.16862901996743856
0,2030,73,3,0.2211374348211514
0,2030,74,1,0.7476083879887373
0,2030,74,3,0.2358456777331671
0,2030,74,5,0.01654593427809563
0,2030,75,1,0.5477372082332058
0,2030,75,3,0.13237468652716303
0,2030,75,4,0.0889898183775234
0,2030,75,5,0.23089828686210773
0,2030,76,5,1.0
0,2030,77,5,1.0
0,2030,78,1,0.01120424599591116
0,2030,78,5,0.9670597567854363
0,2030,78,6,0.021735997218652586
0,2030,79,4,0.01848670806993192
0,2030,79,5,0.9815132919300681
0,2030,80,5,1.0
0,2030,81,1,0.7390788726852993
0,2030,81,2,0.055916649794190726
0,2030,81,3,0.2050044775205101
0,2030,82,1,0.9471917304313724
0,2030,82,6,0.052808269568627594
0,2030,83,1,0.8602926731795535
0,2030,83,4,0.11669455534911694
0,2030,83,5,0.0230127714713295
0,2030,84,5,1.0
0,2030,85,1,0.05724091590163507
0,2030,85,5,0.942759084098365
0,2030,86,1,0.7534826017468581
0,2030,86,3,0.18306404500369053
0,2030,86,4,0.06345335324945134
0,2030,87,1,0.8249706458623531
0,2030,87,4,0.1750293541376468
0,2030,88,1,0.6703851227018115
0,2030,88,3,0.2069376512815172
0,2030,88,4,0.12267722601667129
0,2030,89,1,0.08620306323606385
0,2030,89,3,0.6196558493980558
0,2030,89,4,0.29414108736588024
0,2030,90,2,0.04384910662555994
0,2030,90,3,0.23086840944358802
0,2030,90,5,0.725282483930852
0,2030,91,3,0.2827854156097228
0,2030,91,5,0.7172145843902773
0,2030,92,1,0.8115711657360419
0,2030,92,3,0.170666593718498
0,2030,92,5,0.01776224054546009
0,2030,93,1,1.0
0,2030,94,1,0.9639827093245562
0,2030,94,5,0.03601729067544384
0,2030,95,1,0.5908699237090801
0,2030,95,3,0.07412528801208529
0,2030,95,5,0.33500478827883456
0,2030,96,5,0.9872396755442763
0,2030,96,6,0.01276032445572369
0,2030,97,5,1.0
0,2030,98,5,1.0
0,2030,99,5,1.0
0,2030,100,5,1.0
0,2030,101,5,1.0
0,2030,102,5,1.0
0,2030,103,3,1.0
0,2030,104,2,0.2595946612530343
0,2030,104,3,0.7404053387469657
0,2030,105,3,1.0
0,2030,106,3,1.0
0,2030,107,1,0.8760250259967755
0,2030,107,2,0.022820926559959327
0,2030,107,3,0.10115404744326525
0,2030,108,1,1.0
0,2030,109,1,0.7021229190109696
0,2030,109,3,0.2978770809890305
0,2030,110,1,0.5965639390607353
0,2030,110,2,0.06276161634496237
0,2030,110,3,0.1755450626938928
0,2030,110,5,0.16512938190040952
0,2030,111,1,0.45292458950518183
0,2030,111,3,0.25646615910871884
0,2030,111,5,0.29060925138609944
0,2030,112,1,0.36437108139213614
0,2030,112,5,0.6356289186078639
0,2030,113,1,0.8906185143318928
0,2030,113,6,0.10938148566810726
0,2030,114,1,0.9501937276346605
0,2030,114,6,0.04980627236533946
0,2030,115,1,1.0
0,2030,116,1,0.8189079771927761
0,2030,116,4,0.18109202280722395
0,2030,117,2,0.17476029622588712
0,2030,117,5,0.5253059894907762
0,2030,117,6,0.29993371428333654
0,2030,118,1,0.9130816197424
0,2030,118,6,0.08691838025760001
0,2030,119,1,1.0
0,2030,120,1,0.9712636222304964
0,2030,120,6,0.02873637776950359
0,2030,121,1,0.9565266470134447
0,2030,121,6,0.04347335298655526
0,2030,122,1,0.910061967747007
0,2030,122,4,0.08993803225299297
0,2030,123,1,1.0
0,2030,124,1,1.0
0,2030,125,1,0.9596598547580257
0,2030,125,6,0.04034014524197433
0,2030,126,1,0.9231444039929623
0,2030,126,6,0.07685559600703772
0,2030,127,1,0.8622996585509719
0,2030,127,6,0.13770034144902812
0,2030,128,1,0.20221785843112514
0,2030,128,4,0.17410582063622637
0,2030,128,5,0.5388283685339909
0,2030,128,6,0.08484795239865761
0,2030,129,1,0.5576709678502589
0,2030,129,3,0.06051951413266835
0,2030,129,5,0.3683926787141965
0,2030,129,6,0.013416839302876219
0,2030,130,1,0.840087978014161
0,2030,130,6,0.15991202198583898
0,2030,131,1,0.05093954716613238
0,2030,131,3,0.7112430544412246
0,2030,131,6,0.2378173983926431
0,2030,132,2,0.17838985375046984
0,2030,132,3,0.7206883276172982
0,2030,132,6,0.10092181863223203
0,2030,133,1,0.874279669141388
0,2030,133,4,0.12572033085861195
0,2030,134,1,0.9233445777264667
0,2030,134,3,0.02659836601957811
0,2030,134,5,0.05005705625395516
0,2030,135,1,0.1413353342760899
0,2030,135,3,0.1491446535274323
0,2030,135,4,0.6060050046308308
0,2030,135,5,0.10351500756564691
0,2030,136,1,0.04463730603226883
0,2030,136,3,0.7896929102709465
0,2030,136,6,0.16566978369678467
0,2030,137,3,0.2518409667760807
0,2030,137,4,0.10817926907389583
0,2030,137,5,0.6399797641500236
0,2030,138,1,0.6267627641719783
0,2030,138,2,0.18231554482202067
0,2030,138,3,0.19092169100600104
0,2030,139,1,0.9311140917759156
0,2030,139,3,0.06888590822408433
0,2030,140,1,0.041653987220245714
0,2030,140,4,0.3871046197721516
0,2030,140,5,0.5712413930076028
0,2030,141,1,0.29116342815291096
0,2030,141,3,0.03818020210341452
0,2030,141,5,0.6417304902106105
0,2030,141,6,0.02892587953306412
0,2030,142,1,0.9233059203730787
0,2030,142,6,0.07669407962692135
0,2030,143,1,0.9262224163855284
0,2030,143,4,0.07377758361447159
0,2030,144,1,0.8300496820188789
0,2030,144,3,0.15594649762404228
0,2030,144,4,0.014003820357078872
0,2030,145,1,1.0
0,2030,146,5,1.0
0,2030,147,5,1.0
0,2030,148,1,0.14856498678205854
0,2030,148,3,0.14393633210630907
0,2030,148,5,0.6437376723342638
0,2030,148,6,0.06376100877736862
0,2030,149,1,0.9782673821460557
0,2030,149,3,0.02173261785394428
0,2030,150,1,0.7693168931973783
0,2030,150,3,0.19953540612919277
0,2030,150,4,0.031147700673428962
0,2030,151,1,0.75232427499375
0,2030,151,3,0.23646610083300684
0,2030,151,4,0.011209624173243098
0,2030,152,1,0.8412335551147813
0,2030,152,3,0.07275548454067984
0,2030,152,4,0.08601096034453894
0,2030,153,1,0.4671940388998927
0,2030,153,3,0.23773608293317916
0,2030,153,4,0.012806143570243856
0,2030,153,5,0.28226373459668425
0,2030,154,1,0.9787356884941829
0,2030,154,3,0.021264311505817087
0,2030,155,1,0.4928058023777601
0,2030,155,3,0.2516930495507561
0,2030,155,4,0.18996557048169524
0,2030,155,5,0.06553557758978848
0,2030,156,2,0.019805380979028092
0,2030,156,3,0.8595945190325386
0,2030,156,5,0.12060009998843339
0,2030,157,2,0.11750884469358709
0,2030,157,3,0.7257095904301117
0,2030,157,5,0.15678156487630118
0,2030,158,2,0.0408156019415563
0,2030,158,3,0.01911293149509535
0,2030,158,5,0.9400714665633484
0,2030,159,5,1.0
0,2030,160,2,0.21642643902121617
0,2030,160,3,0.08612348058023572
0,2030,160,5,0.6974500803985482
0,2030,161,1,0.19463384638949213
0,2030,161,2,0.02276193601261296
0,2030,161,3,0.020043392216686662
0,2030,161,5,0.7625608253812083
0,2030,162,1,0.8040883281094655
0,2030,162,2,0.0436581127991734
0,2030,162,3,0.15225355909136107
0,2030,163,1,0.7539766069314054
0,2030,163,3,0.19318067021260177
0,2030,163,4,0.052842722855992764
0,2030,164,1,0.5654048334422767
0,2030,164,3,0.16763441662792486
0,2030,164,5,0.26696074992979846
0,2030,165,1,0.12205557095628389
0,2030,165,4,0.060807893874294534
0,2030,165,5,0.8171365351694215
0,2030,166,2,0.1019636751111747
0,2030,166,3,0.024008320902432403
0,2030,166,5,0.8740280039863928
0,2030,167,5,0.971907305773424
0,2030,167,6,0.028092694226576027
0,2030,168,1,1.0
0,2030,169,1,0.7685642674864229
0,2030,169,6,0.23143573251357705
0,2030,170,1,0.8127770480439683
0,2030,170,6,0.18722295195603164
0,2030,171,1,0.7398565208557184
0,2030,171,6,0.2601434791442816
0,2030,172,1,0.45259413459924824
0,2030,172,4,0.31282562579153667
0,2030,172,5,0.23458023960921512
0,2030,173,5,1.0
0,2030,174,2,0.08825982523275795
0,2030,174,3,0.22971804475732457
0,2030,174,5,0.6820221300099175
0,2030,175,2,0.043283679625015115
0,2030,175,3,0.6988127321665487
0,2030,175,5,0.2579035882084361
0,2030,176,2,0.3253333630107756
0,2030,176,5,0.6746666369892244
0,2030,177,2,0.057619360805885866
0,2030,177,5,0.9321462435951383
0,2030,177,6,0.010234395598975746
0,2030,178,1,0.9761087306961872
0,2030,178,2,0.011374114851156136
0,2030,178,3,0.012517154452656658
0,2030,179,1,0.7637398988898796
0,2030,179,6,0.23626010111012039
0,2030,180,1,0.6911858223766434
0,2030,180,6,0.30881417762335656
0,2030,181,1,0.8464266562626191
0,2030,181,6,0.15357334373738088
0,2030,182,1,0.8899028882309339
0,2030,182,6,0.11009711176906613
0,2030,183,1,0.9755443956948405
0,2030,183,6,0.024455604305159438
0,2030,184,1,0.8386590751185116
0,2030,184,2,0.09008428494627779
0,2030,184,3,0.07125663993521063
0,2030,185,1,1.0
0,2030,186,1,0.1483688532157475
0,2030,186,4,0.2024850468267586
0,2030,186,5,0.5935811826197042
0,2030,186,6,0.05556491733778971
0,2030,187,5,1.0
0,2030,188,5,0.9756616451232117
0,2030,188,6,0.024338354876788273
0,2030,189,1,0.5629451894811063
0,2030,189,2,0.17017124278837606
0,2030,189,3,0.14722544572735524
0,2030,189,5,0.11965812200316246
0,2030,190,1,0.9027773226055034
0,2030,190,6,0.09722267739449666
0,2030,191,1,0.832200238494764
0,2030,191,5,0.14765039423094167
0,2030,191,6,0.020149367274294422
0,2030,192,1,0.8051888485896671
0,2030,192,2,0.06303933351384695
0,2030,192,3,0.08406835552825337
0,2030,192,5,0.04770346236823261
0,2030,193,1,0.6250352574010978
0,2030,193,4,0.15611188670704226
0,2030,193,5,0.21885285589185996
0,2030,194,3,0.02307535256243265
0,2030,194,4,0.07529353821956224
0,2030,194,5,0.8870858021002405
0,2030,194,6,0.014545307117764784
0,2030,195,2,0.021320135551146924
0,2030,195,3,0.09161785562326075
0,2030,195,4,0.011642724251227527
0,2030,195,5,0.8754192845743648
0,2030,196,1,0.3184309371352695
0,2030,196,3,0.11696693559170164
0,2030,196,5,0.5104065632597938
0,2030,196,6,0.05419556401323494
0,2030,197,1,0.7367056290564639
0,2030,197,6,0.26329437094353614
0,2030,198,1,0.6606599648845798
0,2030,198,6,0.33934003511542016
0,2030,199,1,0.5246063331310843
0,2030,199,3,0.06431134531213858
0,2030,199,4,0.29923143659064055
0,2030,199,6,0.11185088496613654
0,2030,200,5,0.856992277379913
0,2030,200,6,0.14300772262008693
0,2030,201,1,0.6124758166739409
0,2030,201,3,0.05481868828532597
0,2030,201,6,0.3327054950407331
0,2030,202,1,0.9520934149507341
0,2030,202,6,0.047906585049265954
0,2030,203,3,0.7079799394320712
0,2030,203,5,0.2732375725798386
0,2030,203,6,0.018782487988090273
0,2030,204,2,0.02719572253878817
0,2030,204,5,0.9728042774612118
0,2030,205,5,0.8421315486687011
0,2030,205,6,0.1578684513312989
0,2030,206,1,0.055167297531649256
0,2030,206,3,0.6102372981178045
0,2030,206,6,0.33459540435054624
0,2030,207,1,0.12522892951609127
0,2030,207,3,0.0931488574165202
0,2030,207,5,0.569942804011033
0,2030,207,6,0.21167940905635552
0,2030,208,1,0.8597226809396853
0,2030,208,6,0.14027731906031474
0,2030,209,1,1.0
0,2030,210,1,0.8575956992465967
0,2030,210,6,0.14240430075340324
0,2030,211,1,0.7676989753482123
0,2030,211,3,0.02415556660972473
0,2030,211,4,0.018570344819240095
0,2030,211,6,0.1895751132228229
0,2030,212,1,0.5825895286365658
0,2030,212,3,0.14744301745445948
0,2030,212,5,0.08860077884315692
0,2030,212,6,0.18136667506581797
0,2030,213,1,0.47332314360626154
0,2030,213,3,0.2570127677254496
0,2030,213,5,0.12870028868185132
0,2030,213,6,0.14096379998643743
0,2030,214,1,0.8669564299922974
0,2030,214,6,0.1330435700077026
0,2030,215,1,0.9602862600454234
0,2030,215,3,0.03971373995457669
0,2030,216,1,0.9887904429264036
0,2030,216,3,0.011209557073596433
0,2030,217,1,0.7330546496166189
0,2030,217,2,0.024390184861014647
0,2030,217,3,0.14803780684729725
0,2030,217,5,0.09451735867506926
0,2030,218,1,0.7388895031915532
0,2030,218,6,0.2611104968084468
0,2030,219,1,0.872048483143484
0,2030,219,6,0.12795151685651598
0,2030,220,1,0.470442716345462
0,2030,220,3,0.1170316231140466
0,2030,220,4,0.2520603467975892
0,2030,220,5,0.16046531374290218
0,2030,221,2,0.0825712715109233
0,2030,221,5,0.876840479145986
0,2030,221,6,0.04058824934309059
0,2030,222,1,0.7127045821431075
0,2030,222,2,0.09055926175815299
0,2030,222,3,0.03677333908488077
0,2030,222,6,0.1599628170138589
0,2030,223,1,0.8876384982561514
0,2030,223,6,0.11236150174384864
0,2030,224,1,0.8587253570999805
0,2030,224,6,0.14127464290001945
0,2030,225,1,0.10090474962750406
0,2030,225,3,0.16501349347675237
0,2030,225,4,0.4718690361644225
0,2030,225,5,0.16448176461640027
0,2030,225,6,0.09773095611492075
0,2030,226,2,0.173954627261663
0,2030,226,3,0.7852071541526701
0,2030,226,6,0.04083821858566698
0,2030,227,2,0.18057856067170805
0,2030,227,3,0.015837259007333956
0,2030,227,5,0.803584180320958
0,2030,228,5,0.805780929171021
0,2030,228,6,0.1942190708289791
0,2030,229,1,0.6654234580086636
0,2030,229,6,0.33457654199133635
0,2030,230,1,0.8563880082709812
0,2030,230,6,0.14361199172901884
0,2030,231,1,0.9062312225757555
0,2030,231,6,0.09376877742424453
0,2030,232,1,0.8999328003755374
0,2030,232,4,0.016874077927654475
0,2030,232,6,0.08319312169680815
0,2030,233,1,0.1241914611669163
0,2030,233,4,0.25814762149066056
0,2030,233,5,0.49894454182237646
0,2030,233,6,0.1187163755200468
0,2030,234,1,0.03173490592275618
0,2030,234,5,0.7590685909683677
0,2030,234,6,0.2091965031088762
0,2030,235,1,0.05052142575008367
0,2030,235,5,0.6955633121856705
0,2030,235,6,0.25391526206424586
0,2030,236,1,0.5596874697188735
0,2030,236,3,0.2948871491746704
0,2030,236,4,0.02722749639826251
0,2030,236,5,0.03157102240628847
0,2030,236,6,0.08662686230190511
0,2030,237,1,0.8771252031304536
0,2030,237,2,0.03725468037006604
0,2030,237,3,0.08562011649948034
0,2030,238,1,0.27609531799968107
0,2030,238,3,0.06048872617608134
0,2030,238,4,0.2834163627869614
0,2030,238,5,0.37999959303727615
0,2030,239,3,0.08108692580049162
0,2030,239,4,0.15051261881822184
0,2030,239,5,0.6480378971165316
0,2030,239,6,0.12036255826475498
0,2030,240,2,0.023623130728030354
0,2030,240,3,0.8249902842144056
0,2030,240,5,0.13214958878590455
0,2030,240,6,0.019236996271659493
0,2030,241,2,0.12855054907268387
0,2030,241,3,0.06421958462247238
0,2030,241,5,0.8072298663048437
0,2030,242,2,0.040397166713564754
0,2030,242,3,0.019575469644181685
0,2030,242,5,0.9400273636422535
0,2030,243,2,0.1114914197319904
0,2030,243,5,0.8885085802680096
0,2030,244,5,1.0
0,2030,245,5,1.0
0,2030,246,1,0.985404841207144
0,2030,246,6,0.01459515879285605
0,2030,247,1,0.8175705223835974
0,2030,247,6,0.1824294776164026
0,2030,248,1,0.5308066740542418
0,2030,248,2,0.18537469111092228
0,2030,248,3,0.10660273101691177
0,2030,248,4,0.1498570170950092
0,2030,248,5,0.027358886722914998
0,2030,249,2,0.7181559475805003
0,2030,249,3,0.2818440524194997
0,2030,250,2,0.7448580552087197
0,2030,250,3,0.25514194479128033
0,2030,251,1,0.41696664896380153
0,2030,251,2,0.20368555557162138
0,2030,251,3,0.3793477954645771
0,2030,252,5,1.0
0,2030,253,1,0.5001021232531837
0,2030,253,3,0.245927326627794
0,2030,253,4,0.25397055011902225
0,2030,254,1,1.0
0,2030,255,1,0.8261727906670284
0,2030,255,3,0.10380294733845416
0,2030,255,4,0.07002426199451746
0,2030,256,1,0.5081227591498003
0,2030,256,3,0.2599259113982135
0,2030,256,4,0.23195132945198618
0,2030,257,1,0.5696184516931924
0,2030,257,2,0.1290293875193205
0,2030,257,3,0.1663669411326481
0,2030,257,5,0.13498521965483906
0,2030,258,1,0.45659542379771223
0,2030,258,3,0.040273867951286
0,2030,258,5,0.5031307082510017
0,2030,259,1,0.5876864299370854
0,2030,259,3,0.16149382071260243
0,2030,259,5,0.25081974935031215
0,2030,260,1,1.0
0,2030,261,1,0.6801098367036492
0,2030,261,2,0.09889460997053061
0,2030,261,5,0.18145749619968876
0,2030,261,6,0.03953805712613143
0,2030,262,2,0.08410711546559563
0,2030,262,3,0.7799001134014535
0,2030,262,4,0.035647968212462335
0,2030,262,5,0.04765063723670079
0,2030,262,6,0.05269416568378783
0,2030,263,1,0.8019289043137027
0,2030,263,2,0.13769764148471794
0,2030,263,3,0.02449845259024847
0,2030,263,4,0.03587500161133083
0,2030,264,1,0.5771489420525623
0,2030,264,2,0.05223685762681186
0,2030,264,3,0.07356829555595558
0,2030,264,4,0.03685217038563629
0,2030,264,5,0.260193734379034
0,2030,265,4,0.12185234252092764
0,2030,265,5,0.8781476574790723
0,2030,266,1,0.732682144451177
0,2030,266,2,0.1265145912703345
0,2030,266,3,0.12480434547034641
0,2030,266,5,0.015998918808142238
0,2030,267,1,0.8257291971087497
0,2030,267,3,0.04452291367350351
0,2030,267,4,0.10666795752801245
0,2030,267,5,0.0230799316897344
0,2030,268,1,0.5537721586620082
0,2030,268,2,0.11321223846044365
0,2030,268,3,0.3330156028775482
0,2030,269,1,1.0
0,2030,270,1,0.9302154474621505
0,2030,270,6,0.06978455253784957
0,2030,271,1,0.8683498702678587
0,2030,271,4,0.1316501297321413
0,2030,272,1,1.0
0,2030,273,1,1.0
0,2030,274,1,0.7506512885440129
0,2030,274,6,0.2493487114559871
0,2030,275,1,0.6862555644780879
0,2030,275,4,0.31374443552191206
0,2030,276,2,0.010802453939336418
0,2030,276,4,0.16699151978945911
0,2030,276,5,0.8222060262712045
0,2030,277,1,0.1001987037311875
0,2030,277,2,0.15274785714754385
0,2030,277,3,0.24076443181846974
0,2030,277,5,0.3748111209206168
0,2030,277,6,0.1314778863821822
0,2030,278,1,0.9725368938634975
0,2030,278,4,0.010893419186628665
0,2030,278,6,0.016569686949873774
0,2030,279,5,1.0
0,2030,280,1,0.7233681403395821
0,2030,280,2,0.07669059186407874
0,2030,280,3,0.11055061965321838
0,2030,280,5,0.08939064814312081
0,2030,281,1,0.2342100676840287
0,2030,281,3,0.0783853912853173
0,2030,281,4,0.6118122434318616
0,2030,281,5,0.0755922975987924
0,2030,282,1,0.5449860151841189
0,2030,282,3,0.08218177460253889
0,2030,282,4,0.19837789955958143
0,2030,282,5,0.17445431065376069
0,2030,283,1,0.013138143300823453
0,2030,283,5,0.9365281247165316
0,2030,283,6,0.05033373198264502
0,2030,284,1,0.7671445156762651
0,2030,284,6,0.2328554843237349
0,2030,285,1,0.8803692423726218
0,2030,285,6,0.11963075762737815
0,2030,286,1,0.6717377720729251
0,2030,286,4,0.328262227927075
0,2030,287,1,0.8121082161388232
0,2030,287,2,0.1296975539588055
0,2030,287,5,0.05819422990237127
0,2030,288,1,0.9357683040149699
0,2030,288,4,0.0642316959850301
0,2030,289,5,0.9827412643219362
0,2030,289,6,0.017258735678063773
0,2030,290,1,0.6968841075542352
0,2030,290,2,0.07576821210641664
0,2030,290,5,0.22734768033934816
0,2030,291,1,0.8206940543900387
0,2030,291,4,0.1793059456099613
0,2030,292,1,0.018320248293882947
0,2030,292,5,0.852172692633888
0,2030,292,6,0.1295070590722291
0,2030,293,2,0.01517318106009396
0,2030,293,4,0.03571314873369714
0,2030,293,5,0.9491136702062088
0,2030,294,1,0.3685618234730159
0,2030,294,2,0.08580068831569812
0,2030,294,5,0.5456374882112859
0,2030,295,1,0.951257146401162
0,2030,295,2,0.013900702460308823
0,2030,295,3,0.024360468095278063
0,2030,295,5,0.010481683043251117
0,2030,296,3,0.10933334361889711
0,2030,296,4,0.3935575712669464
0,2030,296,5,0.4971090851141566
0,2030,297,2,1.0
0,2030,298,1,0.8161017576011902
0,2030,298,2,0.1104258455934779
0,2030,298,6,0.07347239680533188
0,2030,299,2,0.2657410907324098
0,2030,299,3,0.6503978094408125
0,2030,299,6,0.08386109982677767
0,2030,300,1,0.5984362717104089
0,2030,300,4,0.24573270161505212
0,2030,300,5,0.1558310266745389
0,2030,301,2,0.2925953498728178
0,2030,301,3,0.10180123873236559
0,2030,301,5,0.6056034113948167
0,2030,302,1,0.38009100750485864
0,2030,302,2,0.14384650484063974
0,2030,302,4,0.06236056836319223
0,2030,302,5,0.3681319307916594
0,2030,302,6,0.04556998849965003
0,2030,303,1,0.8912845864012426
0,2030,303,5,0.10871541359875736
0,2030,304,2,0.03066140770509005
0,2030,304,4,0.14855426440260838
0,2030,304,5,0.7750162032722406
0,2030,304,6,0.04576812462006092
0,2030,305,1,0.2873681689017132
0,2030,305,2,0.07543804444677144
0,2030,305,5,0.6019731222112354
0,2030,305,6,0.03522066444027996
0,2030,306,1,0.629391478351994
0,2030,306,2,0.24680012819032116
0,2030,306,3,0.019819540017470168
0,2030,306,4,0.04071633832485389
0,2030,306,6,0.06327251511536078
0,2030,307,1,0.8962104151353006
0,2030,307,2,0.10378958486469934
0,2030,308,1,0.3412616355583436
0,2030,308,4,0.6587383644416565
0,2030,309,1,0.9057793776833951
0,2030,309,2,0.06723903389745547
0,2030,309,5,0.026981588419149414
0,2030,310,1,0.8497164611281672
0,2030,310,6,0.15028353887183277
0,2030,311,1,0.6968459138500462
0,2030,311,6,0.3031540861499538
0,2030,312,1,0.6094790043159226
0,2030,312,4,0.17684025542972634
0,2030,312,5,0.21368074025435108
0,2030,313,1,0.858832958028974
0,2030,313,6,0.14116704197102603
0,2030,314,1,0.7412023289568148
0,2030,314,4,0.11267610962704618
0,2030,314,6,0.14612156141613902
0,2030,315,1,0.13752270386469204
0,2030,315,4,0.862477296135308
0,2030,316,1,0.02365861604885715
0,2030,316,2,0.9100572101301503
0,2030,316,6,0.06628417382099248
0,2030,317,2,0.10437648229224855
0,2030,317,3,0.1569674321939179
0,2030,317,4,0.5524528759098265
0,2030,317,5,0.18620320960400713
0,2030,318,1,0.22763367443028715
0,2030,318,2,0.6031556414527928
0,2030,318,3,0.038599989910038976
0,2030,318,6,0.13061069420688112
0,2030,319,1,0.27520856401049143
0,2030,319,2,0.4096169431422476
0,2030,319,6,0.3151744928472609
0,2030,320,4,1.0
0,2030,321,1,0.5140940490885072
0,2030,321,2,0.34102334427670933
0,2030,321,6,0.14488260663478353
0,2030,322,1,0.6208699458737239
0,2030,322,2,0.3791300541262761
0,2030,323,4,0.2659450163599895
0,2030,323,5,0.5331026676783881
0,2030,323,6,0.2009523159616223
0,2030,324,2,0.2650873121805281
0,2030,324,5,0.7026016330626712
0,2030,324,6,0.032311054756800704
0,2030,325,1,0.016320763870965094
0,2030,325,2,0.33987567679650266
0,2030,325,3,0.13277490896759114
0,2030,325,5,0.38546866123510876
0,2030,325,6,0.12555998912983235
0,2030,326,1,0.46683147207698533
0,2030,326,2,0.43545775696539185
0,2030,326,6,0.09771077095762289
0,2030,327,1,0.6004803728683047
0,2030,327,4,0.20811987967135934
0,2030,327,6,0.19139974746033608
0,2030,328,1,0.17559581298867757
0,2030,328,2,0.14077049371717817
0,2030,328,5,0.6025474792495614
0,2030,328,6,0.08108621404458281
0,2030,329,1,0.17624478746039965
0,2030,329,4,0.6726700683809651
0,2030,329,5,0.1293304462399098
0,2030,329,6,0.02175469791872549
0,2030,330,1,0.03529204656318211
0,2030,330,2,0.2691501881317857
0,2030,330,3,0.115187936408131
0,2030,330,4,0.06635962199260344
0,2030,330,5,0.3474396138914615
0,2030,330,6,0.16657059301283633
0,2030,331,1,0.014442810546514901
0,2030,331,2,0.39473450447908676
0,2030,331,3,0.02118866816591449
0,2030,331,5,0.29528591340403826
0,2030,331,6,0.27434810340444565
0,2030,332,1,0.45589024417421775
0,2030,332,2,0.3626574678488593
0,2030,332,3,0.08097436396279196
0,2030,332,6,0.10047792401413104
0,2030,333,1,0.4221929716015428
0,2030,333,2,0.25148081954811125
0,2030,333,4,0.16280414259865178
0,2030,333,6,0.16352206625169435
0,2030,334,1,0.019566198158435806
0,2030,334,2,0.8112322320618643
0,2030,334,6,0.16920156977969983
0,2030,335,2,0.08945986295763442
0,2030,335,5,0.8844804847146195
0,2030,335,6,0.02605965232774619
0,2030,336,1,0.11492545259848125
0,2030,336,5,0.6807947818127472
0,2030,336,6,0.20427976558877164
0,2030,337,1,0.09832183812244306
0,2030,337,2,0.6558648939656961
0,2030,337,5,0.06990410914792405
0,2030,337,6,0.17590915876393673
0,2030,338,2,0.9412924406179835
0,2030,338,3,0.058707559382016564
0,2030,339,1,0.3114492415480237
0,2030,339,2,0.4538954384771797
0,2030,339,6,0.23465531997479658
0,2030,340,1,0.6206822996353905
0,2030,340,4,0.338611149471841
0,2030,340,6,0.04070655089276851
0,2030,341,1,0.5487097469425171
0,2030,341,2,0.013362401491966602
0,2030,341,6,0.4379278515655164
0,2030,342,1,0.8215624731916292
0,2030,342,6,0.17843752680837077
0,2030,343,2,0.04233784278395182
0,2030,343,4,0.5285350996374174
0,2030,343,5,0.42912705757863084
0,2030,344,1,0.37393327853287406
0,2030,344,2,0.45662699929496564
0,2030,344,6,0.1694397221721603
0,2030,345,1,0.3836491704690497
0,2030,345,2,0.369689428993998
0,2030,345,6,0.24666140053695235
0,2030,346,4,0.29703511929393533
0,2030,346,5,0.6621468125512968
0,2030,346,6,0.04081806815476795
0,2030,347,2,0.8551714599983029
0,2030,347,3,0.04402308940040406
0,2030,347,5,0.10080545060129287
0,2030,348,2,0.8160780894683143
0,2030,348,5,0.18392191053168566
0,2030,349,2,0.8410399207571118
0,2030,349,6,0.1589600792428882
0,2030,350,1,0.3095140398658922
0,2030,350,4,0.5822807297346125
0,2030,350,5,0.015282138361436924
0,2030,350,6,0.09292309203805843
0,2030,351,1,0.02675542310223371
0,2030,351,2,0.34173805456311634
0,2030,351,5,0.3680030696544255
0,2030,351,6,0.26350345268022457
0,2030,352,2,0.19751603487030528
0,2030,352,4,0.0770840785226003
0,2030,352,5,0.7253998866070945
0,2030,353,1,0.4493276509840282
0,2030,353,2,0.18642598115247497
0,2030,353,6,0.36424636786349684
0,2030,354,4,0.5994554041666718
0,2030,354,5,0.3002455680313132
0,2030,354,6,0.10029902780201509
0,2030,355,2,0.7228307071008444
0,2030,355,5,0.2498118440454431
0,2030,355,6,0.02735744885371256
0,2030,356,2,0.9777527830521261
0,2030,356,4,0.022247216947873887
0,2030,357,2,1.0
0,2030,358,2,1.0
0,2030,359,2,0.9691044598200445
0,2030,359,4,0.030895540179955557
0,2030,360,2,0.7600201522754343
0,2030,360,4,0.23997984772456568
0,2030,361,2,0.9764587458638316
0,2030,361,4,0.023541254136168387
0,2030,362,2,1.0
0,2030,363,2,1.0
0,2030,364,2,1.0
0,2030,365,2,1.0
1,2030,1,7,0.46743981676827534
1,2030,1,9,0.49503069559913204
1,2030,1,12,0.037529487632592735
1,2030,2,9,0.011558712509412233
1,2030,2,10,0.9241463939301982
1,2030,2,12,0.06429489356038957
1,2030,3,7,0.022744457040351787
1,2030,3,8,0.17203957499557954
1,2030,3,10,0.3756169730111893
1,2030,3,11,0.13719754448446564
1,2030,3,12,0.2924014504684137
1,2030,4,7,0.2609170407018751
1,2030,4,8,0.3983052129583172
1,2030,4,11,0.10771944635291325
1,2030,4,12,0.2330582999868946
1,2030,5,7,0.4268699104633887
1,2030,5,8,0.15275831221455707
1,2030,5,11,0.26549337335385736
1,2030,5,12,0.15487840396819688
1,2030,6,7,0.5580075247826837
1,2030,6,9,0.4419924752173164
1,2030,7,7,0.25602410637348566
1,2030,7,9,0.030276859703761337
1,2030,7,10,0.675158813054551
1,2030,7,12,0.038540220868201885
1,2030,8,7,0.13392271573926895
1,2030,8,10,0.7227803676549456
1,2030,8,12,0.1432969166057855
1,2030,9,7,0.3252108149033569
1,2030,9,9,0.5728541613741354
1,2030,9,12,0.10193502372250776
1,2030,10,7,0.2297019201837785
1,2030,10,10,0.65539280667367
1,2030,10,12,0.11490527314255156
1,2030,11,7,0.7094303945207272
1,2030,11,8,0.047489326198627696
1,2030,11,10,0.1656944679652733
1,2030,11,12,0.07738581131537178
1,2030,12,7,0.8802702860938943
1,2030,12,10,0.08400841251307248
1,2030,12,12,0.035721301393033186
1,2030,13,7,0.6417686006501523
1,2030,13,9,0.3582313993498477
1,2030,14,10,0.801990412533952
1,2030,14,12,0.19800958746604796
1,2030,15,10,0.7426794605863999
1,2030,15,12,0.2573205394136001
1,2030,16,7,0.13485129362021442
1,2030,16,11,0.8651487063797855
1,2030,17,7,0.9168681333713217
1,2030,17,12,0.0831318666286783
1,2030,18,7,1.0
1,2030,19,7,0.8848423847296281
1,2030,19,9,0.0878408342501989
1,2030,19,10,0.027316781020172994
1,2030,20,7,0.9782097021687132
1,2030,20,12,0.021790297831286845
1,2030,21,7,0.8071452880841316
1,2030,21,8,0.050218599591849926
1,2030,21,9,0.0672986330276925
1,2030,21,10,0.01084546073558125
1,2030,21,11,0.06449201856074485
1,2030,22,7,0.970892808790176
1,2030,22,10,0.02910719120982398
1,2030,23,7,0.332719741862778
1,2030,23,9,0.667280258137222
1,2030,24,7,0.7302010187079443
1,2030,24,8,0.10516103342681345
1,2030,24,12,0.16463794786524227
1,2030,25,7,0.9174686372138718
1,2030,25,11,0.08253136278612823
1,2030,26,7,0.3116411179115268
1,2030,26,9,0.6883588820884733
1,2030,27,7,0.3033804785787678
1,2030,27,11,0.624274924013061
1,2030,27,12,0.07234459740817133
1,2030,28,7,0.8940475428122152
1,2030,28,11,0.10595245718778477
1,2030,29,7,1.0
1,2030,30,7,0.13513943850979013
1,2030,30,9,0.2350809043787564
1,2030,30,10,0.22419101028816418
1,2030,30,12,0.40558864682328927
1,2030,31,11,0.9331611175323805
1,2030,31,12,0.0668388824676194
1,2030,32,7,0.07786990051562903
1,2030,32,9,0.7344307584713744
1,2030,32,11,0.18769934101299662
1,2030,33,7,0.08987513202123716
1,2030,33,10,0.7392592640143448
1,2030,33,12,0.17086560396441805
1,2030,34,10,0.027132862448983296
1,2030,34,11,0.8124485614656731
1,2030,34,12,0.16041857608534354
1,2030,35,9,0.4277180573195842
1,2030,35,10,0.4472455518961054
1,2030,35,12,0.12503639078431034
1,2030,36,10,0.7248840357662776
1,2030,36,12,0.2751159642337224
1,2030,37,8,0.8232466968217452
1,2030,37,12,0.17675330317825474
1,2030,38,7,0.36406625488689603
1,2030,38,11,0.635933745113104
1,2030,39,7,0.7404987873658229
1,2030,39,9,0.17058494062034602
1,2030,39,12,0.08891627201383108
1,2030,40,7,0.8770660420327075
1,2030,40,11,0.08891189530512704
1,2030,40,12,0.03402206266216551
1,2030,41,7,0.18712678992235054
1,2030,41,11,0.6636210806758717
1,2030,41,12,0.14925212940177776
1,2030,42,7,0.1987316905706297
1,2030,42,9,0.47110195400220184
1,2030,42,11,0.33016635542716843
1,2030,43,7,0.15704563363641183
1,2030,43,8,0.662929240056648
1,2030,43,12,0.18002512630694018
1,2030,44,7,0.8985916298844553
1,2030,44,9,0.08900942942097965
1,2030,44,12,0.012398940694565019
1,2030,45,7,0.9883084700969954
1,2030,45,12,0.0116915299030046
1,2030,46,7,1.0
1,2030,47,7,0.4329555484342324
1,2030,47,11,0.5426380647110435
1,2030,47,12,0.024406386854724123
1,2030,48,7,0.2717797557718205
1,2030,48,8,0.7282202442281794
1,2030,49,7,0.13470150110783605
1,2030,49,8,0.865298498892164
1,2030,50,11,1.0
1,2030,51,7,0.03140160660009087
1,2030,51,11,0.9685983933999092
1,2030,52,7,0.059254254233759386
1,2030,52,9,0.8748838665672702
1,2030,52,12,0.0658618791989703
1,2030,53,8,0.8343538615635502
1,2030,53,12,0.16564613843644976
1,2030,54,7,0.12540395242871827
1,2030,54,8,0.015798837907215108
1,2030,54,10,0.040964198546152616
1,2030,54,11,0.730269725730417
1,2030,54,12,0.08756328538749705
1,2030,55,7,0.9561155520667237
1,2030,55,8,0.010866250948989433
1,2030,55,10,0.03301819698428684
1,2030,56,7,1.0
1,2030,57,7,1.0
1,2030,58,7,0.09455435476059151
1,2030,58,9,0.9054456452394085
1,2030,59,10,1.0
1,2030,60,7,0.15249353420521816
1,2030,60,8,0.803874750829521
1,2030,60,11,0.043631714965260894
1,2030,61,7,0.6310137751152223
1,2030,61,8,0.10725306357642149
1,2030,61,11,0.2617331613083562
1,2030,62,7,1.0
1,2030,63,7,0.6449713595660836
1,2030,63,8,0.27038804507042496
1,2030,63,10,0.08464059536349142
1,2030,64,7,0.9659720592709464
1,2030,64,12,0.0340279407290536
1,2030,65,7,0.3157429502420291
1,2030,65,9,0.4127902249888548
1,2030,65,12,0.27146682476911627
1,2030,66,7,0.13454041500192687
1,2030,66,10,0.035919060571404364
1,2030,66,11,0.8295405244266687
1,2030,67,7,0.696875326871671
1,2030,67,9,0.26028924447309465
1,2030,67,11,0.042835428655234424
1,2030,68,7,0.2333946587339432
1,2030,68,11,0.7666053412660568
1,2030,69,7,0.3670916911442142
1,2030,69,9,0.6329083088557858
1,2030,70,7,0.6632909117330795
1,2030,70,8,0.30424107321581784
1,2030,70,12,0.032468015051102646
1,2030,71,7,1.0
1,2030,72,7,0.3706852306667164
1,2030,72,9,0.03180236546111457
1,2030,72,11,0.597512403872169
1,2030,73,7,0.13251975680785227
1,2030,73,8,0.03136385392380116
1,2030,73,9,0.7472775085200829
1,2030,73,10,0.01483052665261712
1,2030,73,11,0.0740083540956467
1,2030,74,8,0.6573427172536299
1,2030,74,9,0.21806576400012084
1,2030,74,11,0.06260951445974931
1,2030,74,12,0.06198200428649997
1,2030,75,8,0.733010439614826
1,2030,75,11,0.24231213177725722
1,2030,75,12,0.024677428607916694
1,2030,76,11,1.0
1,2030,77,11,1.0
1,2030,78,9,0.20317838536945526
1,2030,78,11,0.7968216146305447
1,2030,79,7,0.04560824710027581
1,2030,79,8,0.012183626355621847
1,2030,79,11,0.9422081265441024
1,2030,80,11,1.0
1,2030,81,9,1.0
1,2030,82,10,0.9775670621202701
1,2030,82,12,0.022432937879729872
1,2030,83,8,0.7731708092210474
1,2030,83,10,0.22682919077895244
1,2030,84,7,0.09233351746947342
1,2030,84,11,0.9076664825305265
1,2030,85,9,0.20595445490235306
1,2030,85,11,0.7940455450976469
1,2030,86,8,0.8040435623368016
1,2030,86,9,0.0390831618059104
1,2030,86,10,0.15687327585728789
1,2030,87,7,0.08467603560664608
1,2030,87,8,0.10830803538460419
1,2030,87,10,0.8070159290087497
1,2030,88,7,0.12329839173647719
1,2030,88,8,0.5150878165630228
1,2030,88,10,0.3616137917004999
1,2030,89,7,0.5927817178023066
1,2030,89,8,0.40721828219769346
1,2030,90,7,0.2309163036722018
1,2030,90,11,0.7690836963277982
1,2030,91,7,0.17507853816205143
1,2030,91,11,0.8249214618379486
1,2030,92,9,1.0
1,2030,93,10,1.0
1,2030,94,8,0.6422976140788352
1,2030,94,10,0.27598089835223494
1,2030,94,12,0.08172148756892982
1,2030,95,8,0.7110111728282148
1,2030,95,11,0.2889888271717851
1,2030,96,10,0.01999552875932336
1,2030,96,11,0.9800044712406766
1,2030,97,11,1.0
1,2030,98,11,1.0
1,2030,99,11,1.0
1,2030,100,11,1.0
1,2030,101,8,0.03950257691305849
1,2030,101,11,0.9604974230869414
1,2030,102,11,1.0
1,2030,103,7,0.4312894520411661
1,2030,103,11,0.5687105479588339
1,2030,104,7,0.8948464714548332
1,2030,104,11,0.10515352854516684
1,2030,105,7,0.5779608136415066
1,2030,105,9,0.17920967133191126
1,2030,105,11,0.24282951502658218
1,2030,106,7,0.6163820498852047
1,2030,106,8,0.06284780204969033
1,2030,106,9,0.0436812553939971
1,2030,106,11,0.27708889267110776
1,2030,107,9,0.6641114522785091
1,2030,107,10,0.3358885477214909
1,2030,108,10,0.9890258514669132
1,2030,108,11,0.010974148533086706
1,2030,109,7,0.09562861086799654
1,2030,109,8,0.16933929773374182
1,2030,109,9,0.547432555650533
1,2030,109,10,0.17034407031242824
1,2030,109,11,0.017255465435300585
1,2030,110,7,0.02047222972405508
1,2030,110,8,0.3793743520830504
1,2030,110,9,0.0208654587203593
1,2030,110,10,0.21246969555114767
1,2030,110,11,0.36681826392138756
1,2030,111,7,0.05687532089758573
1,2030,111,9,0.5795123153703774
1,2030,111,10,0.024022952487045213
1,2030,111,11,0.33958941124499176
1,2030,112,8,0.10067132569922066
1,2030,112,10,0.20026895633293668
1,2030,112,11,0.6553535390384124
1,2030,112,12,0.04370617892943023
1,2030,113,10,0.9419473055054273
1,2030,113,12,0.05805269449457273
1,2030,114,10,1.0
1,2030,115,10,1.0
1,2030,116,7,0.0659317812027164
1,2030,116,8,0.1171538522300053
1,2030,116,10,0.8169143665672783
1,2030,117,7,0.17202170138703435
1,2030,117,9,0.6091172970606052
1,2030,117,11,0.1575637911079574
1,2030,117,12,0.06129721044440292
1,2030,118,10,0.8732430134131004
1,2030,118,12,0.1267569865868996
1,2030,119,9,0.5984786162125256
1,2030,119,10,0.3206190389526303
1,2030,119,12,0.08090234483484415
1,2030,120,9,0.14890841463417087
1,2030,120,10,0.7860090337392527
1,2030,120,12,0.0650825516265765
1,2030,121,10,0.9409628252555985
1,2030,121,12,0.05903717474440156
1,2030,122,8,0.6132050187215677
1,2030,122,10,0.34489835790964524
1,2030,122,12,0.041896623368787
1,2030,123,9,0.4043776916574089
1,2030,123,10,0.5832171481159972
1,2030,123,12,0.012405160226593772
1,2030,124,10,0.9028468175281495
1,2030,124,11,0.09715318247185042
1,2030,125,10,1.0
1,2030,126,10,0.8852548422801244
1,2030,126,12,0.11474515771987559
1,2030,127,10,0.8361327705608563
1,2030,127,12,0.16386722943914359
1,2030,128,8,0.4348652836145746
1,2030,128,11,0.45562869839495285
1,2030,128,12,0.1095060179904725
1,2030,129,8,0.027232355937054555
1,2030,129,9,0.45008073397313303
1,2030,129,11,0.3645491647664271
1,2030,129,12,0.15813774532338534
1,2030,130,10,0.8427044164198915
1,2030,130,12,0.15729558358010853
1,2030,131,7,0.3403991301127281
1,2030,131,9,0.6025105540231775
1,2030,131,10,0.05709031586409433
1,2030,132,7,0.6237743241684439
1,2030,132,9,0.3762256758315561
1,2030,133,7,0.06693846303446566
1,2030,133,10,0.9330615369655344
1,2030,134,9,0.4850380966404921
1,2030,134,10,0.4384311856210526
1,2030,134,11,0.05297232986266745
1,2030,134,12,0.023558387875787942
1,2030,135,7,0.225171129485082
1,2030,135,8,0.7748288705149181
1,2030,136,7,0.5967337333835753
1,2030,136,8,0.09764662439236829
1,2030,136,9,0.16128833679648114
1,2030,136,10,0.14433130542757527
1,2030,137,7,0.24599262631570745
1,2030,137,8,0.08210050365248876
1,2030,137,11,0.6719068700318038
1,2030,138,7,0.21473330881050529
1,2030,138,8,0.010847347376336856
1,2030,138,9,0.6987570831043116
1,2030,138,10,0.07566226070884616
1,2030,139,9,0.6811543062746502
1,2030,139,10,0.3188456937253499
1,2030,140,7,0.030434475409276806
1,2030,140,8,0.4306791988193936
1,2030,140,11,0.5388863257713297
1,2030,141,9,0.630379071177956
1,2030,141,11,0.3696209288220441
1,2030,142,10,1.0
1,2030,143,8,0.5994781347458641
1,2030,143,10,0.40052186525413597
1,2030,144,8,0.8467815403168598
1,2030,144,9,0.06450291116050554
1,2030,144,10,0.02050922714538759
1,2030,144,12,0.06820632137724693
1,2030,145,10,0.9333340471700365
1,2030,145,11,0.06666595282996342
1,2030,146,9,0.015456185653145174
1,2030,146,10,0.02178554966290259
1,2030,146,11,0.9627582646839522
1,2030,147,11,1.0
1,2030,148,9,0.3912905522481743
1,2030,148,11,0.6087094477518257
1,2030,149,7,0.029169555899754843
1,2030,149,9,0.11959157993178858
1,2030,149,10,0.8512388641684566
1,2030,150,7,0.10516864228122196
1,2030,150,8,0.37176423119030183
1,2030,150,9,0.09774757817618432
1,2030,150,10,0.42531954835229185
1,2030,151,7,0.08159279209111152
1,2030,151,8,0.351882271523393
1,2030,151,9,0.20195037171859537
1,2030,151,10,0.36457456466690014
1,2030,152,7,0.12762553171920343
1,2030,152,10,0.8723744682807967
1,2030,153,7,0.09291023817647107
1,2030,153,8,0.5515430251126945
1,2030,153,9,0.13753353434323495
1,2030,153,11,0.2180132023675996
1,2030,154,7,0.049962227681443504
1,2030,154,10,0.9222435867555563
1,2030,154,11,0.02779418556300022
1,2030,155,7,0.05473680966448125
1,2030,155,8,0.9147970316871455
1,2030,155,11,0.030466158648373223
1,2030,156,7,0.42488680166971354
1,2030,156,11,0.5751131983302865
1,2030,157,7,0.4425409051931795
1,2030,157,11,0.5574590948068205
1,2030,158,7,0.10515215594701456
1,2030,158,11,0.8948478440529855
1,2030,159,11,1.0
1,2030,160,7,0.2969052606645849
1,2030,160,11,0.7030947393354151
1,2030,161,7,0.07608862764487899
1,2030,161,9,0.2050127501505525
1,2030,161,10,0.07513573437238046
1,2030,161,11,0.643762887832188
1,2030,162,8,0.6921588819906693
1,2030,162,9,0.2643473024879607
1,2030,162,10,0.023655714186854904
1,2030,162,12,0.019838101334515086
1,2030,163,8,1.0
1,2030,164,8,0.68614562231986
1,2030,164,9,0.034231080875432696
1,2030,164,11,0.2796232968047073
1,2030,165,8,0.06339045767437529
1,2030,165,10,0.1632940474769921
1,2030,165,11,0.7733154948486326
1,2030,166,7,0.13641402946591716
1,2030,166,11,0.8635859705340829
1,2030,167,9,0.15836285472661432
1,2030,167,11,0.8268552055363656
1,2030,167,12,0.014781939737020187
1,2030,168,9,0.08778469299302105
1,2030,168,10,0.8584049012919851
1,2030,168,12,0.05381040571499382
1,2030,169,10,0.8176197556017742
1,2030,169,12,0.18238024439822575
1,2030,170,10,0.8688871937353554
1,2030,170,12,0.13111280626464458
1,2030,171,10,0.7406050861630866
1,2030,171,12,0.2593949138369134
1,2030,172,8,0.7968298745279461
1,2030,172,11,0.20317012547205382
1,2030,173,11,1.0
1,2030,174,7,0.18567052869575285
1,2030,174,11,0.8143294713042473
1,2030,175,7,0.3448404815340172
1,2030,175,11,0.6551595184659827
1,2030,176,7,0.3405806385464576
1,2030,176,11,0.6594193614535424
1,2030,177,7,0.033746295462284255
1,2030,177,11,0.9366734379981845
1,2030,177,12,0.02958026653953117
1,2030,178,9,0.7355532895675817
1,2030,178,10,0.026597659017546318
1,2030,178,12,0.23784905141487198
1,2030,179,10,0.7706321104173675
1,2030,179,12,0.2293678895826326
1,2030,180,10,0.6771778525396244
1,2030,180,12,0.32282214746037563
1,2030,181,10,0.854459228621302
1,2030,181,12,0.1455407713786981
1,2030,182,10,0.9256037227855679
1,2030,182,12,0.07439627721443212
1,2030,183,7,0.018207110558594555
1,2030,183,10,0.9817928894414054
1,2030,184,7,0.09219963407859007
1,2030,184,8,0.32605371462626404
1,2030,184,9,0.2861922415193509
1,2030,184,10,0.18970377360448226
1,2030,184,12,0.10585063617131274
1,2030,185,10,1.0
1,2030,186,8,0.6159966961924478
1,2030,186,11,0.3840033038075522
1,2030,187,11,1.0
1,2030,188,11,0.9710093559612873
1,2030,188,12,0.028990644038712727
1,2030,189,7,0.012809861140438505
1,2030,189,9,0.652588361331709
1,2030,189,11,0.2813838770272128
1,2030,189,12,0.05321790050063978
1,2030,190,10,0.9008601646291329
1,2030,190,11,0.03774473465723082
1,2030,190,12,0.061395100713636255
1,2030,191,8,0.5867798948038769
1,2030,191,9,0.043732072574157
1,2030,191,11,0.10979028561157166
1,2030,191,12,0.25969774701039433
1,2030,192,9,0.9157849217820836
1,2030,192,12,0.08421507821791646
1,2030,193,8,0.8090748719993947
1,2030,193,11,0.11523117061077663
1,2030,193,12,0.07569395738982879
1,2030,194,7,0.09111141511102733
1,2030,194,8,0.17059450196748535
1,2030,194,11,0.7382940829214873
1,2030,195,7,0.09125433955302965
1,2030,195,8,0.04948602732139364
1,2030,195,11,0.8592596331255767
1,2030,196,7,0.07174509049138098
1,2030,196,9,0.6342874458287067
1,2030,196,11,0.29396746367991244
1,2030,197,10,0.7601852849524019
1,2030,197,12,0.23981471504759802
1,2030,198,10,0.7730350918871798
1,2030,198,12,0.2269649081128203
1,2030,199,8,0.8759152253216799
1,2030,199,12,0.1240847746783201
1,2030,200,7,0.03487681351390097
1,2030,200,9,0.12322392920523192
1,2030,200,11,0.7556017427400674
1,2030,200,12,0.08629751454079951
1,2030,201,9,0.04945929590320432
1,2030,201,10,0.7463831092715781
1,2030,201,12,0.20415759482521756
1,2030,202,10,0.9776658330047298
1,2030,202,11,0.022334166995270202
1,2030,203,7,0.35141092648757727
1,2030,203,11,0.6485890735124227
1,2030,204,7,0.060546148830801026
1,2030,204,11,0.9137090992567607
1,2030,204,12,0.025744751912438277
1,2030,205,9,0.14619289799425156
1,2030,205,11,0.7456986139329083
1,2030,205,12,0.10810848807284018
1,2030,206,7,0.341731843938349
1,2030,206,8,0.3002968892848837
1,2030,206,9,0.17494354858522668
1,2030,206,10,0.1830277181915407
1,2030,207,9,0.6023802462021531
1,2030,207,11,0.3713038189597343
1,2030,207,12,0.02631593483811256
1,2030,208,9,0.38235132954999007
1,2030,208,10,0.4795234178171077
1,2030,208,12,0.1381252526329021
1,2030,209,9,0.13926268055745958
1,2030,209,10,0.7075779009452737
1,2030,209,11,0.05878058012379218
1,2030,209,12,0.09437883837347465
1,2030,210,10,0.9464583260824173
1,2030,210,12,0.05354167391758264
1,2030,211,7,0.02971546557534447
1,2030,211,10,0.9391147067139555
1,2030,211,12,0.031169827710700135
1,2030,212,8,0.4268337432309353
1,2030,212,9,0.07686295069883196
1,2030,212,10,0.24579664396503648
1,2030,212,11,0.1413013752173574
1,2030,212,12,0.10920528688783897
1,2030,213,8,0.5723912525407384
1,2030,213,9,0.06989925164298169
1,2030,213,11,0.2470691548937596
1,2030,213,12,0.11064034092252026
1,2030,214,10,0.9776693413904701
1,2030,214,12,0.022330658609529836
1,2030,215,8,0.650808767336321
1,2030,215,10,0.2962460442471404
1,2030,215,12,0.052945188416538676
1,2030,216,9,0.12307546402520501
1,2030,216,10,0.7854453218620757
1,2030,216,11,0.09147921411271938
1,2030,217,8,0.16498959832660856
1,2030,217,9,0.5815335740241376
1,2030,217,10,0.08836933354780536
1,2030,217,11,0.1252635631024262
1,2030,217,12,0.03984393099902226
1,2030,218,10,0.8950548715286896
1,2030,218,12,0.10494512847131042
1,2030,219,10,0.9737741571564028
1,2030,219,12,0.026225842843597188
1,2030,220,7,0.05985287017635672
1,2030,220,8,0.8259572057025486
1,2030,220,11,0.1141899241210947
1,2030,221,7,0.11120893424213706
1,2030,221,11,0.8695490664885476
1,2030,221,12,0.01924199926931536
1,2030,222,9,0.8197537131200525
1,2030,222,12,0.18024628687994748
1,2030,223,10,0.8408172207157062
1,2030,223,11,0.0355324958698176
1,2030,223,12,0.12365028341447627
1,2030,224,10,0.9736152021391012
1,2030,224,12,0.026384797860898732
1,2030,225,7,0.21078244866347506
1,2030,225,8,0.7892175513365249
1,2030,226,7,0.7144400450911657
1,2030,226,11,0.28555995490883435
1,2030,227,7,0.25163954021105533
1,2030,227,11,0.7483604597889447
1,2030,228,9,0.2287347943776445
1,2030,228,11,0.6705082327767791
1,2030,228,12,0.10075697284557641
1,2030,229,10,0.8432460036244331
1,2030,229,12,0.15675399637556692
1,2030,230,10,0.9412196490841823
1,2030,230,12,0.05878035091581769
1,2030,231,10,0.9006773782093447
1,2030,231,12,0.09932262179065529
1,2030,232,7,0.01623030911314206
1,2030,232,10,0.8408941598461691
1,2030,232,11,0.07248241910507565
1,2030,232,12,0.07039311193561312
1,2030,233,7,0.11771917174578293
1,2030,233,8,0.6541774312551997
1,2030,233,11,0.2281033969990173
1,2030,234,8,0.01372775494684899
1,2030,234,10,0.0958429354463447
1,2030,234,11,0.7291506773966326
1,2030,234,12,0.16127863221017372
1,2030,235,8,0.23740659272355627
1,2030,235,9,0.02225937650198119
1,2030,235,11,0.5581629814985135
1,2030,235,12,0.18217104927594913
1,2030,236,7,0.06567218014627466
1,2030,236,8,0.8524964972415758
1,2030,236,11,0.0612608826575409
1,2030,236,12,0.020570439954608624
1,2030,237,8,0.4598494338122006
1,2030,237,9,0.20776002925715492
1,2030,237,10,0.33239053693064446
1,2030,238,7,0.18009287122384307
1,2030,238,8,0.753767953568785
1,2030,238,11,0.06613917520737178
1,2030,239,7,0.19623221768474475
1,2030,239,8,0.2570770025096344
1,2030,239,10,0.08382984016734187
1,2030,239,11,0.46286093963827907
1,2030,240,7,0.605701968136662
1,2030,240,11,0.394298031863338
1,2030,241,7,0.26591310305320187
1,2030,241,11,0.7340868969467981
1,2030,242,7,0.09332778985896363
1,2030,242,11,0.9066722101410364
1,2030,243,7,0.09106739614009994
1,2030,243,11,0.9089326038599
1,2030,244,11,1.0
1,2030,245,9,0.06210287203144799
1,2030,245,11,0.937897127968552
1,2030,246,9,0.12365481386955433
1,2030,246,10,0.8763451861304457
1,2030,247,10,0.8361688279820594
1,2030,247,12,0.1638311720179406
1,2030,248,7,0.2170150548826348
1,2030,248,8,0.5175339169806494
1,2030,248,11,0.12356871464704267
1,2030,248,12,0.14188231348967312
1,2030,249,7,1.0
1,2030,250,7,1.0
1,2030,251,7,0.35781737763779575
1,2030,251,8,0.033074844807294425
1,2030,251,9,0.6091077775549097
1,2030,252,11,1.0
1,2030,253,7,0.12969601391341487
1,2030,253,8,0.8703039860865852
1,2030,254,10,0.9234193451975186
1,2030,254,12,0.07658065480248145
1,2030,255,8,0.840074402586807
1,2030,255,10,0.08555063624198031
1,2030,255,12,0.07437496117121264
1,2030,256,7,0.13497065139023673
1,2030,256,8,0.8650293486097633
1,2030,257,8,0.1492789271429625
1,2030,257,9,0.5127643941015827
1,2030,257,10,0.04128562198121366
1,2030,257,11,0.2966710567742411
1,2030,258,9,0.6867998125172423
1,2030,258,11,0.31320018748275774
1,2030,259,8,0.3754647392626244
1,2030,259,9,0.35875030249264733
1,2030,259,11,0.2657849582447283
1,2030,260,10,0.6809724913936732
1,2030,260,11,0.18638363998934265
1,2030,260,12,0.13264386861698413
1,2030,261,8,0.5211819285726552
1,2030,261,11,0.2769090865982313
1,2030,261,12,0.20190898482911354
1,2030,262,7,0.4400664528288455
1,2030,262,9,0.05817605812222586
1,2030,262,11,0.5017574890489286
1,2030,263,7,0.05735402918847564
1,2030,263,8,0.6182977761321132
1,2030,263,9,0.16234687789002517
1,2030,263,12,0.16200131678938604
1,2030,264,8,0.5986106371884861
1,2030,264,11,0.31824498472676527
1,2030,264,12,0.08314437808474874
1,2030,265,8,0.14773250347232503
1,2030,265,10,0.015078029488895956
1,2030,265,11,0.837189467038779
1,2030,266,8,0.21096163198784348
1,2030,266,9,0.6738073608673311
1,2030,266,10,0.05646657873917574
1,2030,266,11,0.058764428405649716
1,2030,267,8,0.8198805764437244
1,2030,267,10,0.09061950534734996
1,2030,267,12,0.08949991820892562
1,2030,268,7,0.25680906477284315
1,2030,268,8,0.5515263849626166
1,2030,268,9,0.16793730552480665
1,2030,268,10,0.023727244739733505
1,2030,269,9,0.14671486323144023
1,2030,269,10,0.8292917182738287
1,2030,269,12,0.023993418494731005
1,2030,270,10,0.9237425443289607
1,2030,270,12,0.07625745567103928
1,2030,271,8,0.8298036188942692
1,2030,271,10,0.013495000629667096
1,2030,271,12,0.15670138047606355
1,2030,272,10,0.9732364045811169
1,2030,272,12,0.026763595418882992
1,2030,273,9,0.15762482408087738
1,2030,273,10,0.747662620500224
1,2030,273,12,0.09471255541889852
1,2030,274,10,0.7469066006784089
1,2030,274,12,0.2530933993215912
1,2030,275,8,0.8793001215506957
1,2030,275,12,0.12069987844930438
1,2030,276,7,0.15575934839552452
1,2030,276,11,0.8031750568275916
1,2030,276,12,0.041065594776883964
1,2030,277,7,0.2688505795605197
1,2030,277,9,0.5601648841853005
1,2030,277,11,0.17098453625417984
1,2030,278,10,0.6289095274127389
1,2030,278,11,0.16885396975105993
1,2030,278,12,0.20223650283620126
1,2030,279,11,1.0
1,2030,280,9,0.8954355145724869
1,2030,280,11,0.06989826616304066
1,2030,280,12,0.03466621926447244
1,2030,281,7,0.20753997025184479
1,2030,281,8,0.7758666759283985
1,2030,281,11,0.016593353819756712
1,2030,282,8,0.8568140755169559
1,2030,282,11,0.14318592448304415
1,2030,283,9,0.01773363183524315
1,2030,283,11,0.8958583917599521
1,2030,283,12,0.08640797640480469
1,2030,284,10,0.7186313069751454
1,2030,284,12,0.2813686930248547
1,2030,285,10,0.8042511074568223
1,2030,285,12,0.19574889254317773
1,2030,286,8,0.935962636884466
1,2030,286,12,0.06403736311553393
1,2030,287,9,0.595057532231369
1,2030,287,11,0.19489319543343897
1,2030,287,12,0.21004927233519205
1,2030,288,8,0.7488125230566975
1,2030,288,12,0.25118747694330246
1,2030,289,11,0.954445810044656
1,2030,289,12,0.04555418995534404
1,2030,290,9,1.0
1,2030,291,8,0.8566185131385635
1,2030,291,12,0.14338148686143648
1,2030,292,9,0.1952222013766401
1,2030,292,11,0.6954032337150402
1,2030,292,12,0.10937456490831984
1,2030,293,7,0.04379956268995375
1,2030,293,8,0.023679432316696027
1,2030,293,11,0.9325210049933501
1,2030,294,7,0.04287669235180637
1,2030,294,9,0.514931722089926
1,2030,294,11,0.44219158555826776
1,2030,295,8,0.04280912596955312
1,2030,295,9,0.649705057517406
1,2030,295,10,0.06025183301470983
1,2030,295,11,0.03289270349835455
1,2030,295,12,0.2143412799999765
1,2030,296,7,0.30704619395750776
1,2030,296,8,0.20119717341685228
1,2030,296,11,0.49175663262564
1,2030,297,7,1.0
1,2030,298,7,0.10525583123691556
1,2030,298,9,0.2895944931251934
1,2030,298,10,0.4100243585199229
1,2030,298,12,0.19512531711796807
1,2030,299,7,0.7342371272829741
1,2030,299,9,0.2657628727170259
1,2030,300,8,0.754991853132266
1,2030,300,11,0.15442619361809629
1,2030,300,12,0.09058195324963779
1,2030,301,7,0.3747377463628843
1,2030,301,9,0.02628022389848586
1,2030,301,11,0.5989820297386298
1,2030,302,7,0.13917607589581166
1,2030,302,8,0.5489751615242754
1,2030,302,9,0.01034409809998109
1,2030,302,11,0.23823559991291715
1,2030,302,12,0.06326906456701473
1,2030,303,8,0.6309854965743813
1,2030,303,9,0.09342870182303915
1,2030,303,11,0.05859622802861223
1,2030,303,12,0.21698957357396728
1,2030,304,7,0.199649998501186
1,2030,304,11,0.6499572988769872
1,2030,304,12,0.15039270262182697
1,2030,305,7,0.014747395106567853
1,2030,305,9,0.15662658645348917
1,2030,305,11,0.7015095779680037
1,2030,305,12,0.12711644047193932
1,2030,306,7,0.19100522755177765
1,2030,306,8,0.4069443859558823
1,2030,306,9,0.21661620419820407
1,2030,306,12,0.185434182294136
1,2030,307,9,0.7275958213536571
1,2030,307,10,0.17209581355330583
1,2030,307,12,0.10030836509303706
1,2030,308,7,0.06712120189653793
1,2030,308,8,0.932878798103462
1,2030,309,9,0.7074165461339822
1,2030,309,11,0.034516752940370196
1,2030,309,12,0.2580667009256476
1,2030,310,9,0.21565739818425456
1,2030,310,10,0.5501971440915367
1,2030,310,12,0.23414545772420872
1,2030,311,10,0.6868232980182123
1,2030,311,12,0.31317670198178765
1,2030,312,8,0.43347571539755714
1,2030,312,11,0.3573694605403717
1,2030,312,12,0.2091548240620712
1,2030,313,9,0.6178243176905773
1,2030,313,12,0.38217568230942267
1,2030,314,7,0.050831027878209006
1,2030,314,10,0.8044446176767986
1,2030,314,12,0.14472435444499243
1,2030,315,7,0.2987977844536564
1,2030,315,8,0.5930909361296874
1,2030,315,12,0.10811127941665613
1,2030,316,7,0.8382316323829887
1,2030,316,9,0.05630073691630788
1,2030,316,12,0.10546763070070336
1,2030,317,7,0.6158814176703885
1,2030,317,8,0.20589545962861966
1,2030,317,11,0.10708381030842087
1,2030,317,12,0.07113931239257094
1,2030,318,7,0.4671572503769959
1,2030,318,9,0.4383436451881515
1,2030,318,11,0.03648115943236244
1,2030,318,12,0.05801794500249028
1,2030,319,7,0.22274424223280204
1,2030,319,9,0.5200092966193168
1,2030,319,12,0.2572464611478812
1,2030,320,7,0.5348088955185324
1,2030,320,8,0.318888940376413
1,2030,320,12,0.14630216410505456
1,2030,321,7,0.26960148566315384
1,2030,321,8,0.41741971550674717
1,2030,321,9,0.07070157900142342
1,2030,321,12,0.2422772198286756
1,2030,322,7,0.15549178687270088
1,2030,322,9,0.7876272500809979
1,2030,322,12,0.05688096304630135
1,2030,323,7,0.10585921573257621
1,2030,323,8,0.33180459950593305
1,2030,323,11,0.3705054635388344
1,2030,323,12,0.19183072122265632
1,2030,324,7,0.23264584944870606
1,2030,324,11,0.703329061125721
1,2030,324,12,0.06402508942557295
1,2030,325,7,0.48383287413757525
1,2030,325,9,0.1109572086865927
1,2030,325,10,0.08018834618710151
1,2030,325,11,0.27098006416254344
1,2030,325,12,0.054041506826187205
1,2030,326,7,0.1531878110483369
1,2030,326,9,0.8306525743994739
1,2030,326,12,0.016159614552189172
1,2030,327,7,0.08056985887524815
1,2030,327,10,0.6945288090836819
1,2030,327,12,0.22490133204107007
1,2030,328,7,0.13124852567759002
1,2030,328,9,0.5374209513252443
1,2030,328,11,0.33133052299716576
1,2030,329,7,0.336627350941866
1,2030,329,8,0.44391868546764557
1,2030,329,11,0.04714825684703021
1,2030,329,12,0.17230570674345833
1,2030,330,7,0.42064865435576165
1,2030,330,8,0.03194679944629274
1,2030,330,9,0.07285533174986422
1,2030,330,10,0.01996096679903395
1,2030,330,11,0.27232034311947845
1,2030,330,12,0.18226790452956895
1,2030,331,7,0.39392394904649547
1,2030,331,9,0.11631963173208629
1,2030,331,11,0.26408430619072265
1,2030,331,12,0.2256721130306956
1,2030,332,7,0.27999315147712717
1,2030,332,9,0.4485039808200822
1,2030,332,11,0.08628877833460932
1,2030,332,12,0.18521408936818118
1,2030,333,7,0.35836703993104835
1,2030,333,8,0.025532195657715747
1,2030,333,10,0.36640429972997196
1,2030,333,12,0.24969646468126386
1,2030,334,7,0.6337422350091063
1,2030,334,11,0.12852502462041046
1,2030,334,12,0.2377327403704833
1,2030,335,11,1.0
1,2030,336,8,0.09296067889055327
1,2030,336,9,0.0469299387801169
1,2030,336,11,0.6063807047991737
1,2030,336,12,0.25372867753015604
1,2030,337,7,0.5080784525753589
1,2030,337,11,0.2632557493514823
1,2030,337,12,0.22866579807315876
1,2030,338,7,0.9538181094316529
1,2030,338,11,0.03274626093633559
1,2030,338,12,0.01343562963201146
1,2030,339,7,0.15770141846245794
1,2030,339,9,0.7532117193654615
1,2030,339,12,0.08908686217208067
1,2030,340,8,0.5665192419999049
1,2030,340,11,0.12356086915452366
1,2030,340,12,0.3099198888455715
1,2030,341,7,0.017169134801816924
1,2030,341,9,0.3103096779398149
1,2030,341,12,0.6725211872583682
1,2030,342,9,0.2363998902971323
1,2030,342,10,0.16871760672258843
1,2030,342,11,0.10753279863525522
1,2030,342,12,0.48734970434502406
1,2030,343,7,0.30534033837762997
1,2030,343,11,0.5592733968516616
1,2030,343,12,0.13538626477070853
1,2030,344,7,0.35271667233193854
1,2030,344,9,0.4430395123639418
1,2030,344,12,0.20424381530411967
1,2030,345,7,0.2701805530365186
1,2030,345,9,0.4395452853560998
1,2030,345,12,0.2902741616073816
1,2030,346,7,0.0871950681578642
1,2030,346,11,0.772091794372978
1,2030,346,12,0.14071313746915784
1,2030,347,7,0.7860564032514605
1,2030,347,11,0.2139435967485395
1,2030,348,7,0.7005337752252054
1,2030,348,11,0.2694481113884722
1,2030,348,12,0.03001811338632243
1,2030,349,7,0.7126324582887575
1,2030,349,9,0.027023002650836
1,2030,349,11,0.11695486813120984
1,2030,349,12,0.14338967092919658
1,2030,350,7,0.07335644892269481
1,2030,350,8,0.7913841550868207
1,2030,350,12,0.1352593959904845
1,2030,351,7,0.3288589720679003
1,2030,351,9,0.35493370518717643
1,2030,351,11,0.15142357974798362
1,2030,351,12,0.16478374299693965
1,2030,352,7,0.19177277111970123
1,2030,352,11,0.7466847752404111
1,2030,352,12,0.06154245363988763
1,2030,353,9,0.6380108631634316
1,2030,353,12,0.36198913683656847
1,2030,354,7,0.2015655169655924
1,2030,354,8,0.1302175147493255
1,2030,354,11,0.3939247116031391
1,2030,354,12,0.27429225668194296
1,2030,355,7,0.606050454363064
1,2030,355,11,0.3639044096757266
1,2030,355,12,0.030045135961209345
1,2030,356,7,1.0
1,2030,357,7,1.0
1,2030,358,7,1.0
1,2030,359,7,0.9483527844441065
1,2030,359,12,0.05164721555589341
1,2030,360,7,0.8762437902889744
1,2030,360,10,0.06925035645734497
1,2030,360,12,0.05450585325368069
1,2030,361,7,0.9466452344365776
1,2030,361,12,0.05335476556342241
1,2030,362,7,1.0
1,2030,363,7,1.0
1,2030,364,7,1.0
1,2030,365,7,1.0
