year,period,rep_period,weight,scenario
2030,1,157,1.0,0
2030,2,102,1.0,0
2030,3,37,1.0,0
2030,4,62,1.0,0
2030,5,62,1.0,0
2030,6,157,1.0,0
2030,7,46,1.0,0
2030,8,102,1.0,0
2030,9,134,1.0,0
2030,10,37,1.0,0
2030,11,77,1.0,0
2030,12,157,1.0,0
2030,13,100,1.0,0
2030,14,102,1.0,0
2030,15,143,1.0,0
2030,16,121,1.0,0
2030,17,77,1.0,0
2030,18,130,1.0,0
2030,19,121,1.0,0
2030,20,130,1.0,0
2030,21,77,1.0,0
2030,22,77,1.0,0
2030,23,138,1.0,0
2030,24,130,1.0,0
2030,25,130,1.0,0
2030,26,39,1.0,0
2030,27,121,1.0,0
2030,28,130,1.0,0
2030,29,136,1.0,0
2030,30,22,1.0,0
2030,31,121,1.0,0
2030,32,134,1.0,0
2030,33,152,1.0,0
2030,34,121,1.0,0
2030,35,102,1.0,0
2030,36,102,1.0,0
2030,37,152,1.0,0
2030,38,121,1.0,0
2030,39,157,1.0,0
2030,40,130,1.0,0
2030,41,100,1.0,0
2030,42,100,1.0,0
2030,43,129,1.0,0
2030,44,77,1.0,0
2030,45,130,1.0,0
2030,46,130,1.0,0
2030,47,121,1.0,0
2030,48,62,1.0,0
2030,49,180,1.0,0
2030,50,121,1.0,0
2030,51,121,1.0,0
2030,52,134,1.0,0
2030,53,43,1.0,0
2030,54,121,1.0,0
2030,55,77,1.0,0
2030,56,77,1.0,0
2030,57,118,1.0,0
2030,58,138,1.0,0
2030,59,102,1.0,0
2030,60,121,1.0,0
2030,61,121,1.0,0
2030,62,77,1.0,0
2030,63,157,1.0,0
2030,64,118,1.0,0
2030,65,37,1.0,0
2030,66,77,1.0,0
2030,67,100,1.0,0
2030,68,121,1.0,0
2030,69,138,1.0,0
2030,70,130,1.0,0
2030,71,77,1.0,0
2030,72,121,1.0,0
2030,73,134,1.0,0
2030,74,62,1.0,0
2030,75,62,1.0,0
2030,76,121,1.0,0
2030,77,121,1.0,0
2030,78,100,1.0,0
2030,79,121,1.0,0
2030,80,121,1.0,0
2030,81,134,1.0,0
2030,82,102,1.0,0
2030,83,152,1.0,0
2030,84,121,1.0,0
2030,85,100,1.0,0
2030,86,62,1.0,0
2030,87,152,1.0,0
2030,88,152,1.0,0
2030,89,121,1.0,0
2030,90,141,1.0,0
2030,91,121,1.0,0
2030,92,134,1.0,0
2030,93,102,1.0,0
2030,94,152,1.0,0
2030,95,121,1.0,0
2030,96,121,1.0,0
2030,97,121,1.0,0
2030,98,121,1.0,0
2030,99,121,1.0,0
2030,100,121,1.0,0
2030,101,121,1.0,0
2030,102,121,1.0,0
2030,103,121,1.0,0
2030,104,77,1.0,0
2030,105,133,1.0,0
2030,106,77,1.0,0
2030,107,134,1.0,0
2030,108,143,1.0,0
2030,109,134,1.0,0
2030,110,121,1.0,0
2030,111,134,1.0,0
2030,112,180,1.0,0
2030,113,102,1.0,0
2030,114,46,1.0,0
2030,115,108,1.0,0
2030,116,152,1.0,0
2030,117,134,1.0,0
2030,118,102,1.0,0
2030,119,37,1.0,0
2030,120,102,1.0,0
2030,121,102,1.0,0
2030,122,102,1.0,0
2030,123,102,1.0,0
2030,124,143,1.0,0
2030,125,102,1.0,0
2030,126,102,1.0,0
2030,127,102,1.0,0
2030,128,17,1.0,0
2030,129,134,1.0,0
2030,130,102,1.0,0
2030,131,121,1.0,0
2030,132,118,1.0,0
2030,133,152,1.0,0
2030,134,134,1.0,0
2030,135,62,1.0,0
2030,136,121,1.0,0
2030,137,121,1.0,0
2030,138,51,1.0,0
2030,139,134,1.0,0
2030,140,180,1.0,0
2030,141,166,1.0,0
2030,142,102,1.0,0
2030,143,102,1.0,0
2030,144,62,1.0,0
2030,145,152,1.0,0
2030,146,121,1.0,0
2030,147,121,1.0,0
2030,148,100,1.0,0
2030,149,102,1.0,0
2030,150,152,1.0,0
2030,151,152,1.0,0
2030,152,152,1.0,0
2030,153,62,1.0,0
2030,154,102,1.0,0
2030,155,180,1.0,0
2030,156,121,1.0,0
2030,157,121,1.0,0
2030,158,121,1.0,0
2030,159,121,1.0,0
2030,160,121,1.0,0
2030,161,121,1.0,0
2030,162,134,1.0,0
2030,163,62,1.0,0
2030,164,121,1.0,0
2030,165,121,1.0,0
2030,166,121,1.0,0
2030,167,100,1.0,0
2030,168,102,1.0,0
2030,169,102,1.0,0
2030,170,143,1.0,0
2030,171,102,1.0,0
2030,172,70,1.0,0
2030,173,121,1.0,0
2030,174,121,1.0,0
2030,175,121,1.0,0
2030,176,169,1.0,0
2030,177,100,1.0,0
2030,178,134,1.0,0
2030,179,102,1.0,0
2030,180,102,1.0,0
2030,181,102,1.0,0
2030,182,102,1.0,0
2030,183,102,1.0,0
2030,184,37,1.0,0
2030,185,102,1.0,0
2030,186,62,1.0,0
2030,187,121,1.0,0
2030,188,121,1.0,0
2030,189,134,1.0,0
2030,190,102,1.0,0
2030,191,37,1.0,0
2030,192,134,1.0,0
2030,193,62,1.0,0
2030,194,121,1.0,0
2030,195,121,1.0,0
2030,196,100,1.0,0
2030,197,143,1.0,0
2030,198,143,1.0,0
2030,199,70,1.0,0
2030,200,166,1.0,0
2030,201,2,1.0,0
2030,202,143,1.0,0
2030,203,121,1.0,0
2030,204,121,1.0,0
2030,205,166,1.0,0
2030,206,157,1.0,0
2030,207,166,1.0,0
2030,208,134,1.0,0
2030,209,37,1.0,0
2030,210,102,1.0,0
2030,211,143,1.0,0
2030,212,125,1.0,0
2030,213,62,1.0,0
2030,214,143,1.0,0
2030,215,143,1.0,0
2030,216,143,1.0,0
2030,217,134,1.0,0
2030,218,143,1.0,0
2030,219,143,1.0,0
2030,220,70,1.0,0
2030,221,121,1.0,0
2030,222,134,1.0,0
2030,223,102,1.0,0
2030,224,102,1.0,0
2030,225,171,1.0,0
2030,226,121,1.0,0
2030,227,121,1.0,0
2030,228,166,1.0,0
2030,229,143,1.0,0
2030,230,102,1.0,0
2030,231,102,1.0,0
2030,232,143,1.0,0
2030,233,62,1.0,0
2030,234,121,1.0,0
2030,235,62,1.0,0
2030,236,62,1.0,0
2030,237,152,1.0,0
2030,238,62,1.0,0
2030,239,121,1.0,0
2030,240,121,1.0,0
2030,241,169,1.0,0
2030,242,121,1.0,0
2030,243,121,1.0,0
2030,244,121,1.0,0
2030,245,100,1.0,0
2030,246,102,1.0,0
2030,247,102,1.0,0
2030,248,121,1.0,0
2030,249,77,1.0,0
2030,250,118,1.0,0
2030,251,100,1.0,0
2030,252,121,1.0,0
2030,253,62,1.0,0
2030,254,102,1.0,0
2030,255,152,1.0,0
2030,256,129,1.0,0
2030,257,51,1.0,0
2030,258,134,1.0,0
2030,259,62,1.0,0
2030,260,37,1.0,0
2030,261,37,1.0,0
2030,262,77,1.0,0
2030,263,37,1.0,0
2030,264,62,1.0,0
2030,265,121,1.0,0
2030,266,134,1.0,0
2030,267,152,1.0,0
2030,268,157,1.0,0
2030,269,102,1.0,0
2030,270,102,1.0,0
2030,271,37,1.0,0
2030,272,102,1.0,0
2030,273,102,1.0,0
2030,274,102,1.0,0
2030,275,17,1.0,0
2030,276,121,1.0,0
2030,277,100,1.0,0
2030,278,102,1.0,0
2030,279,121,1.0,0
2030,280,134,1.0,0
2030,281,62,1.0,0
2030,282,62,1.0,0
2030,283,121,1.0,0
2030,284,102,1.0,0
2030,285,102,1.0,0
2030,286,62,1.0,0
2030,287,37,1.0,0
2030,288,37,1.0,0
2030,289,121,1.0,0
2030,290,134,1.0,0
2030,291,152,1.0,0
2030,292,121,1.0,0
2030,293,121,1.0,0
2030,294,100,1.0,0
2030,295,37,1.0,0
2030,296,77,1.0,0
2030,297,130,1.0,0
2030,298,37,1.0,0
2030,299,100,1.0,0
2030,300,62,1.0,0
2030,301,121,1.0,0
2030,302,100,1.0,0
2030,303,37,1.0,0
2030,304,121,1.0,0
2030,305,100,1.0,0
2030,306,51,1.0,0
2030,307,134,1.0,0
2030,308,180,1.0,0
2030,309,134,1.0,0
2030,310,37,1.0,0
2030,311,102,1.0,0
2030,312,62,1.0,0
2030,313,37,1.0,0
2030,314,46,1.0,0
2030,315,129,1.0,0
2030,316,50,1.0,0
2030,317,130,1.0,0
2030,318,100,1.0,0
2030,319,39,1.0,0
2030,320,62,1.0,0
2030,321,51,1.0,0
2030,322,39,1.0,0
2030,323,17,1.0,0
2030,324,100,1.0,0
2030,325,121,1.0,0
2030,326,39,1.0,0
2030,327,152,1.0,0
2030,328,100,1.0,0
2030,329,17,1.0,0
2030,330,121,1.0,0
2030,331,100,1.0,0
2030,332,134,1.0,0
2030,333,157,1.0,0
2030,334,100,1.0,0
2030,335,100,1.0,0
2030,336,100,1.0,0
2030,337,121,1.0,0
2030,338,77,1.0,0
2030,339,39,1.0,0
2030,340,17,1.0,0
2030,341,37,1.0,0
2030,342,37,1.0,0
2030,343,130,1.0,0
2030,344,51,1.0,0
2030,345,37,1.0,0
2030,346,121,1.0,0
2030,347,169,1.0,0
2030,348,169,1.0,0
2030,349,100,1.0,0
2030,350,17,1.0,0
2030,351,39,1.0,0
2030,352,121,1.0,0
2030,353,37,1.0,0
2030,354,17,1.0,0
2030,355,169,1.0,0
2030,356,130,1.0,0
2030,357,130,1.0,0
2030,358,130,1.0,0
2030,359,130,1.0,0
2030,360,31,1.0,0
2030,361,130,1.0,0
2030,362,130,1.0,0
2030,363,130,1.0,0
2030,364,130,1.0,0
2030,365,130,1.0,0
2030,1,122,1.0,1
2030,2,8,1.0,1
2030,3,62,1.0,1
2030,4,50,1.0,1
2030,5,162,1.0,1
2030,6,110,1.0,1
2030,7,86,1.0,1
2030,8,92,1.0,1
2030,9,118,1.0,1
2030,10,157,1.0,1
2030,11,173,1.0,1
2030,12,167,1.0,1
2030,13,89,1.0,1
2030,14,108,1.0,1
2030,15,143,1.0,1
2030,16,98,1.0,1
2030,17,49,1.0,1
2030,18,114,1.0,1
2030,19,173,1.0,1
2030,20,146,1.0,1
2030,21,163,1.0,1
2030,22,173,1.0,1
2030,23,16,1.0,1
2030,24,7,1.0,1
2030,25,146,1.0,1
2030,26,9,1.0,1
2030,27,41,1.0,1
2030,28,163,1.0,1
2030,29,88,1.0,1
2030,30,22,1.0,1
2030,31,64,1.0,1
2030,32,24,1.0,1
2030,33,129,1.0,1
2030,34,116,1.0,1
2030,35,71,1.0,1
2030,36,143,1.0,1
2030,37,70,1.0,1
2030,38,179,1.0,1
2030,39,47,1.0,1
2030,40,26,1.0,1
2030,41,44,1.0,1
2030,42,56,1.0,1
2030,43,93,1.0,1
2030,44,47,1.0,1
2030,45,172,1.0,1
2030,46,163,1.0,1
2030,47,103,1.0,1
2030,48,83,1.0,1
2030,49,21,1.0,1
2030,50,156,1.0,1
2030,51,98,1.0,1
2030,52,87,1.0,1
2030,53,111,1.0,1
2030,54,106,1.0,1
2030,55,128,1.0,1
2030,56,69,1.0,1
2030,57,99,1.0,1
2030,58,61,1.0,1
2030,59,8,1.0,1
2030,60,160,1.0,1
2030,61,115,1.0,1
2030,62,128,1.0,1
2030,63,28,1.0,1
2030,64,120,1.0,1
2030,65,86,1.0,1
2030,66,84,1.0,1
2030,67,74,1.0,1
2030,68,54,1.0,1
2030,69,79,1.0,1
2030,70,65,1.0,1
2030,71,163,1.0,1
2030,72,179,1.0,1
2030,73,133,1.0,1
2030,74,127,1.0,1
2030,75,144,1.0,1
2030,76,156,1.0,1
2030,77,156,1.0,1
2030,78,38,1.0,1
2030,79,94,1.0,1
2030,80,94,1.0,1
2030,81,87,1.0,1
2030,82,108,1.0,1
2030,83,82,1.0,1
2030,84,94,1.0,1
2030,85,34,1.0,1
2030,86,57,1.0,1
2030,87,55,1.0,1
2030,88,85,1.0,1
2030,89,104,1.0,1
2030,90,94,1.0,1
2030,91,94,1.0,1
2030,92,5,1.0,1
2030,93,15,1.0,1
2030,94,82,1.0,1
2030,95,158,1.0,1
2030,96,131,1.0,1
2030,97,94,1.0,1
2030,98,94,1.0,1
2030,99,94,1.0,1
2030,100,4,1.0,1
2030,101,137,1.0,1
2030,102,94,1.0,1
2030,103,115,1.0,1
2030,104,80,1.0,1
2030,105,80,1.0,1
2030,106,115,1.0,1
2030,107,166,1.0,1
2030,108,176,1.0,1
2030,109,155,1.0,1
2030,110,160,1.0,1
2030,111,107,1.0,1
2030,112,68,1.0,1
2030,113,101,1.0,1
2030,114,8,1.0,1
2030,115,8,1.0,1
2030,116,6,1.0,1
2030,117,112,1.0,1
2030,118,152,1.0,1
2030,119,71,1.0,1
2030,120,95,1.0,1
2030,121,15,1.0,1
2030,122,180,1.0,1
2030,123,166,1.0,1
2030,124,140,1.0,1
2030,125,108,1.0,1
2030,126,15,1.0,1
2030,127,143,1.0,1
2030,128,81,1.0,1
2030,129,133,1.0,1
2030,130,177,1.0,1
2030,131,29,1.0,1
2030,132,23,1.0,1
2030,133,55,1.0,1
2030,134,166,1.0,1
2030,135,48,1.0,1
2030,136,40,1.0,1
2030,137,139,1.0,1
2030,138,45,1.0,1
2030,139,166,1.0,1
2030,140,19,1.0,1
2030,141,161,1.0,1
2030,142,108,1.0,1
2030,143,91,1.0,1
2030,144,91,1.0,1
2030,145,176,1.0,1
2030,146,131,1.0,1
2030,147,94,1.0,1
2030,148,34,1.0,1
2030,149,176,1.0,1
2030,150,85,1.0,1
2030,151,85,1.0,1
2030,152,55,1.0,1
2030,153,141,1.0,1
2030,154,140,1.0,1
2030,155,90,1.0,1
2030,156,115,1.0,1
2030,157,115,1.0,1
2030,158,109,1.0,1
2030,159,4,1.0,1
2030,160,179,1.0,1
2030,161,175,1.0,1
2030,162,121,1.0,1
2030,163,141,1.0,1
2030,164,141,1.0,1
2030,165,139,1.0,1
2030,166,94,1.0,1
2030,167,149,1.0,1
2030,168,177,1.0,1
2030,169,145,1.0,1
2030,170,147,1.0,1
2030,171,143,1.0,1
2030,172,148,1.0,1
2030,173,109,1.0,1
2030,174,54,1.0,1
2030,175,115,1.0,1
2030,176,179,1.0,1
2030,177,149,1.0,1
2030,178,166,1.0,1
2030,179,143,1.0,1
2030,180,143,1.0,1
2030,181,15,1.0,1
2030,182,15,1.0,1
2030,183,150,1.0,1
2030,184,157,1.0,1
2030,185,176,1.0,1
2030,186,154,1.0,1
2030,187,4,1.0,1
2030,188,4,1.0,1
2030,189,133,1.0,1
2030,190,176,1.0,1
2030,191,121,1.0,1
2030,192,117,1.0,1
2030,193,148,1.0,1
2030,194,139,1.0,1
2030,195,106,1.0,1
2030,196,119,1.0,1
2030,197,145,1.0,1
2030,198,145,1.0,1
2030,199,11,1.0,1
2030,200,170,1.0,1
2030,201,125,1.0,1
2030,202,176,1.0,1
2030,203,115,1.0,1
2030,204,109,1.0,1
2030,205,12,1.0,1
2030,206,20,1.0,1
2030,207,119,1.0,1
2030,208,95,1.0,1
2030,209,147,1.0,1
2030,210,101,1.0,1
2030,211,176,1.0,1
2030,212,58,1.0,1
2030,213,127,1.0,1
2030,214,176,1.0,1
2030,215,58,1.0,1
2030,216,140,1.0,1
2030,217,127,1.0,1
2030,218,145,1.0,1
2030,219,101,1.0,1
2030,220,148,1.0,1
2030,221,109,1.0,1
2030,222,67,1.0,1
2030,223,105,1.0,1
2030,224,101,1.0,1
2030,225,90,1.0,1
2030,226,115,1.0,1
2030,227,179,1.0,1
2030,228,170,1.0,1
2030,229,36,1.0,1
2030,230,101,1.0,1
2030,231,101,1.0,1
2030,232,176,1.0,1
2030,233,154,1.0,1
2030,234,141,1.0,1
2030,235,141,1.0,1
2030,236,141,1.0,1
2030,237,140,1.0,1
2030,238,72,1.0,1
2030,239,139,1.0,1
2030,240,115,1.0,1
2030,241,109,1.0,1
2030,242,94,1.0,1
2030,243,179,1.0,1
2030,244,94,1.0,1
2030,245,178,1.0,1
2030,246,125,1.0,1
2030,247,101,1.0,1
2030,248,77,1.0,1
2030,249,128,1.0,1
2030,250,3,1.0,1
2030,251,59,1.0,1
2030,252,159,1.0,1
2030,253,18,1.0,1
2030,254,15,1.0,1
2030,255,57,1.0,1
2030,256,85,1.0,1
2030,257,97,1.0,1
2030,258,133,1.0,1
2030,259,133,1.0,1
2030,260,180,1.0,1
2030,261,121,1.0,1
2030,262,123,1.0,1
2030,263,157,1.0,1
2030,264,141,1.0,1
2030,265,137,1.0,1
2030,266,100,1.0,1
2030,267,180,1.0,1
2030,268,155,1.0,1
2030,269,75,1.0,1
2030,270,15,1.0,1
2030,271,180,1.0,1
2030,272,143,1.0,1
2030,273,177,1.0,1
2030,274,15,1.0,1
2030,275,63,1.0,1
2030,276,137,1.0,1
2030,277,132,1.0,1
2030,278,152,1.0,1
2030,279,137,1.0,1
2030,280,5,1.0,1
2030,281,72,1.0,1
2030,282,168,1.0,1
2030,283,124,1.0,1
2030,284,143,1.0,1
2030,285,15,1.0,1
2030,286,171,1.0,1
2030,287,100,1.0,1
2030,288,180,1.0,1
2030,289,137,1.0,1
2030,290,66,1.0,1
2030,291,70,1.0,1
2030,292,132,1.0,1
2030,293,159,1.0,1
2030,294,175,1.0,1
2030,295,166,1.0,1
2030,296,84,1.0,1
2030,297,163,1.0,1
2030,298,51,1.0,1
2030,299,153,1.0,1
2030,300,96,1.0,1
2030,301,42,1.0,1
2030,302,60,1.0,1
2030,303,121,1.0,1
2030,304,135,1.0,1
2030,305,174,1.0,1
2030,306,157,1.0,1
2030,307,138,1.0,1
2030,308,113,1.0,1
2030,309,166,1.0,1
2030,310,105,1.0,1
2030,311,143,1.0,1
2030,312,96,1.0,1
2030,313,134,1.0,1
2030,314,46,1.0,1
2030,315,25,1.0,1
2030,316,163,1.0,1
2030,317,162,1.0,1
2030,318,52,1.0,1
2030,319,31,1.0,1
2030,320,32,1.0,1
2030,321,13,1.0,1
2030,322,76,1.0,1
2030,323,169,1.0,1
2030,324,44,1.0,1
2030,325,151,1.0,1
2030,326,142,1.0,1
2030,327,43,1.0,1
2030,328,132,1.0,1
2030,329,130,1.0,1
2030,330,136,1.0,1
2030,331,136,1.0,1
2030,332,133,1.0,1
2030,333,53,1.0,1
2030,334,30,1.0,1
2030,335,44,1.0,1
2030,336,174,1.0,1
2030,337,136,1.0,1
2030,338,88,1.0,1
2030,339,126,1.0,1
2030,340,17,1.0,1
2030,341,37,1.0,1
2030,342,37,1.0,1
2030,343,78,1.0,1
2030,344,118,1.0,1
2030,345,118,1.0,1
2030,346,135,1.0,1
2030,347,163,1.0,1
2030,348,179,1.0,1
2030,349,33,1.0,1
2030,350,165,1.0,1
2030,351,136,1.0,1
2030,352,44,1.0,1
2030,353,39,1.0,1
2030,354,35,1.0,1
2030,355,179,1.0,1
2030,356,164,1.0,1
2030,357,114,1.0,1
2030,358,73,1.0,1
2030,359,27,1.0,1
2030,360,10,1.0,1
2030,361,14,1.0,1
2030,362,146,1.0,1
2030,363,14,1.0,1
2030,364,73,1.0,1
2030,365,114,1.0,1
