scenario,year,period,rep_period,weight
0,2030,1,1,0.17805050941890868
0,2030,1,3,0.20187665102519817
0,2030,1,4,0.5843936465608238
0,2030,2,3,0.663562957711238
0,2030,2,4,0.2362961171480876
0,2030,3,2,0.09691727354686065
0,2030,3,3,0.5917706656918097
0,2030,3,4,0.06778711513552796
0,2030,3,5,0.031093523181030206
0,2030,3,6,0.07758506309817974
0,2030,4,1,0.06593756160493698
0,2030,4,2,0.12909853730670987
0,2030,4,3,0.45443428403993213
0,2030,4,4,0.13496782773889812
0,2030,4,6,0.14977609163834552
0,2030,5,1,0.15141407527533823
0,2030,5,3,0.22219456944481836
0,2030,5,5,0.17412028943686134
0,2030,5,6,0.4157960847979885
0,2030,6,1,0.22089284482841337
0,2030,6,3,0.12805204928665964
0,2030,6,4,0.6486225586922045
0,2030,7,1,0.020130362123447564
0,2030,7,3,0.5320045567325695
0,2030,7,4,0.41097707296909747
0,2030,8,1,0.07459739829213032
0,2030,8,3,0.7846594134265437
0,2030,8,4,0.14074318828132598
0,2030,9,1,0.23514645265035783
0,2030,9,2,0.02248656705007563
0,2030,9,3,0.4643774050503225
0,2030,9,4,0.2779895752492441
0,2030,10,1,0.09285370675807483
0,2030,10,3,0.6765507858881666
0,2030,10,4,0.21796431267261535
0,2030,10,6,0.012631194681143203
0,2030,11,1,0.39670568788146193
0,2030,11,2,0.08151095106431763
0,2030,11,3,0.1395880359284332
0,2030,11,4,0.025951044389357095
0,2030,11,5,0.1559556302356493
0,2030,11,6,0.20028865050078082
0,2030,12,1,0.5247488727373576
0,2030,12,2,0.09757493227354135
0,2030,12,4,0.1387926797474866
0,2030,12,5,0.12104952374033845
0,2030,12,6,0.11783399150127598
0,2030,13,1,0.49358134439833484
0,2030,13,2,0.2646287304671409
0,2030,13,4,0.1676956644082986
0,2030,14,3,0.8809767718931483
0,2030,14,4,0.04141923639434809
0,2030,15,3,1.0
0,2030,16,1,0.4220757236825188
0,2030,16,2,0.5154613532068784
0,2030,16,3,0.045676416797734765
0,2030,17,1,0.5586182538126434
0,2030,17,2,0.08480640106457378
0,2030,17,4,0.05248916183777236
0,2030,17,5,0.19660096533347574
0,2030,17,6,0.1074852179515347
0,2030,18,1,0.5818202113172448
0,2030,18,2,0.14841904071548676
0,2030,18,5,0.030688114920843283
0,2030,18,6,0.23907263304642518
0,2030,19,1,0.5365227988183614
0,2030,19,2,0.21803682458784251
0,2030,19,4,0.05411002450059664
0,2030,19,5,0.11561988781024891
0,2030,19,6,0.07571046428295054
0,2030,20,1,0.55299264692496
0,2030,20,2,0.20046177185902597
0,2030,20,6,0.21992587282528825
0,2030,21,1,0.5649948629355654
0,2030,21,2,0.23367399433887304
0,2030,21,4,0.03565826008356882
0,2030,21,6,0.0802370517155728
0,2030,22,1,0.34791542242800966
0,2030,22,2,0.11976894952588096
0,2030,22,3,0.11516264273532505
0,2030,22,4,0.013754030576122464
0,2030,22,5,0.021104634955982287
0,2030,22,6,0.38229431977867956
0,2030,23,1,0.21456919251013734
0,2030,23,3,0.28265735822105037
0,2030,23,4,0.5027734492688123
0,2030,24,1,0.35161314798591103
0,2030,24,3,0.059217915963706506
0,2030,24,5,0.2663459468279594
0,2030,24,6,0.27300175067390375
0,2030,25,1,0.42988805612418907
0,2030,25,2,0.207167218328226
0,2030,25,3,0.03755929545000374
0,2030,25,6,0.32538543009758114
0,2030,26,1,0.23754199065113077
0,2030,26,3,0.25414934192005084
0,2030,26,4,0.5083086674288184
0,2030,27,1,0.3669263656039217
0,2030,27,2,0.19206528004300863
0,2030,27,3,0.10522397236197292
0,2030,27,5,0.05088821055276711
0,2030,27,6,0.20106526854325824
0,2030,28,1,0.4157488149257006
0,2030,28,2,0.07531089744671084
0,2030,28,3,0.05710176054075849
0,2030,28,6,0.392537949485771
0,2030,29,1,0.4485729824033288
0,2030,29,2,0.15996643293211435
0,2030,29,6,0.3879068622310252
0,2030,30,1,0.0804758180825063
0,2030,30,3,0.7160933258332339
0,2030,30,4,0.17789634921076466
0,2030,31,1,0.37518644656531897
0,2030,31,2,0.34531565011419296
0,2030,31,3,0.13988938520810257
0,2030,31,5,0.07591877121448273
0,2030,32,1,0.3169759068615876
0,2030,32,2,0.4274164407780673
0,2030,32,3,0.16759563421951296
0,2030,33,1,0.0716693576245329
0,2030,33,3,0.824711218874493
0,2030,33,4,0.06105739930747532
0,2030,33,6,0.01231690586904062
0,2030,34,1,0.31363180215004394
0,2030,34,2,0.2597212579782369
0,2030,34,3,0.3295803533074085
0,2030,35,1,0.05434228686925099
0,2030,35,3,0.7547100263399451
0,2030,35,4,0.08696327067251822
0,2030,36,2,0.019360228575998215
0,2030,36,3,0.8416549356810176
0,2030,37,1,0.07609942427020282
0,2030,37,3,0.544478516917413
0,2030,37,5,0.2942463204773828
0,2030,38,1,0.3736091337223351
0,2030,38,2,0.38840552340008394
0,2030,38,6,0.15856419600184146
0,2030,39,1,0.25678083389817274
0,2030,39,2,0.0798625309773507
0,2030,39,3,0.13701436518057714
0,2030,39,4,0.16624272553668748
0,2030,39,6,0.36006422593895127
0,2030,40,1,0.29900307114548885
0,2030,40,2,0.15417022593896115
0,2030,40,3,0.08227305837578296
0,2030,40,6,0.4645532618275591
0,2030,41,1,0.3530536463977615
0,2030,41,2,0.41962686091459933
0,2030,41,6,0.04864616580984862
0,2030,42,1,0.2852059276527207
0,2030,42,2,0.32052942193266193
0,2030,42,3,0.07530698184509814
0,2030,42,4,0.20652252257533635
0,2030,43,1,0.20113629760610513
0,2030,43,5,0.6301191468889192
0,2030,44,1,0.1833944561211781
0,2030,44,2,0.16571277134955342
0,2030,44,3,0.016244216778458467
0,2030,44,4,0.1642840922543724
0,2030,44,6,0.4686182213437985
0,2030,45,1,0.14208468163110322
0,2030,45,3,0.05629106350187174
0,2030,45,6,0.7948410467248264
0,2030,46,1,0.18030473421238719
0,2030,46,2,0.12627918140424638
0,2030,46,5,0.013585859994912727
0,2030,46,6,0.6795768371356133
0,2030,47,1,0.12110150087669125
0,2030,47,2,0.2918729574996289
0,2030,47,3,0.07026360007207008
0,2030,47,5,0.026920231507807445
0,2030,47,6,0.4531420068091218
0,2030,48,1,0.19940294542126358
0,2030,48,4,0.06356834747279407
0,2030,48,5,0.479039339471487
0,2030,48,6,0.1102868111765266
0,2030,49,1,0.2109931997705563
0,2030,49,5,0.5377118097542408
0,2030,49,6,0.030652024594774393
0,2030,50,1,0.3895939974948558
0,2030,50,2,0.5302425667711606
0,2030,50,3,0.05481688049443716
0,2030,51,1,0.42714789435765316
0,2030,51,2,0.5273327602506991
0,2030,51,3,0.013189516950854298
0,2030,52,1,0.1566863468462244
0,2030,52,2,0.1253124730304409
0,2030,52,3,0.5172074890806275
0,2030,52,4,0.20078864115632158
0,2030,53,1,0.17175253907406737
0,2030,53,3,0.6215390749426087
0,2030,53,5,0.19673512139442137
0,2030,54,1,0.40798570158740977
0,2030,54,2,0.3209055773213394
0,2030,54,3,0.13258702009111883
0,2030,54,5,0.1126169404504012
0,2030,55,1,0.5082052024858364
0,2030,55,2,0.13940466624653258
0,2030,55,4,0.14445797177556421
0,2030,55,5,0.05507540953987511
0,2030,55,6,0.15285674995219162
0,2030,56,1,0.5572458730271993
0,2030,56,2,0.033511331380740396
0,2030,56,4,0.20751670303394315
0,2030,56,6,0.2017260925581173
0,2030,57,1,0.5313253975224653
0,2030,57,2,0.17588232596011988
0,2030,57,4,0.14975570506047112
0,2030,57,6,0.1430365714569437
0,2030,58,1,0.17364896570264904
0,2030,58,3,0.48264336367993393
0,2030,58,4,0.3431796375135701
0,2030,59,3,0.8131858935038385
0,2030,59,4,0.18681410649616131
0,2030,60,1,0.3069793950104101
0,2030,60,2,0.03479185921828293
0,2030,60,3,0.3883781061841132
0,2030,60,4,0.038273581946592285
0,2030,60,5,0.21782929485444197
0,2030,61,1,0.5302014213643625
0,2030,61,2,0.23785166397095692
0,2030,61,4,0.04133719391200433
0,2030,61,5,0.16006779757899678
0,2030,61,6,0.014182732152597612
0,2030,62,1,0.510592082351304
0,2030,62,2,0.020150595007461348
0,2030,62,4,0.20146011282689844
0,2030,62,5,0.014164907117463304
0,2030,62,6,0.2536323026968729
0,2030,63,1,0.48553882048158015
0,2030,63,4,0.036624260804515515
0,2030,63,5,0.27765753468764404
0,2030,63,6,0.12389642058385228
0,2030,64,1,0.23943105820171115
0,2030,64,2,0.030251412176760663
0,2030,64,3,0.04252133976604298
0,2030,64,4,0.19452749541538647
0,2030,64,6,0.49326869444009874
0,2030,65,3,0.5037229183111102
0,2030,65,4,0.3622017411481997
0,2030,65,6,0.13231905722064885
0,2030,66,1,0.30438969020971085
0,2030,66,2,0.38232079768259614
0,2030,66,5,0.19320402100059966
0,2030,66,6,0.08265862408839672
0,2030,67,1,0.23315102325083
0,2030,67,2,0.2859708377104987
0,2030,67,3,0.08885312020034986
0,2030,67,4,0.15657942003164535
0,2030,67,6,0.235445598806676
0,2030,68,1,0.3050283924110721
0,2030,68,2,0.546580695207647
0,2030,68,6,0.08507133765001196
0,2030,69,1,0.14156899867445644
0,2030,69,2,0.024133769344786435
0,2030,69,3,0.1945824448409685
0,2030,69,4,0.6397147871397886
0,2030,70,1,0.3056275902860555
0,2030,70,5,0.216820440949892
0,2030,70,6,0.3432705603175565
0,2030,71,1,0.32513961854462636
0,2030,71,2,0.1523289979684468
0,2030,71,4,0.054769715706244025
0,2030,71,5,0.037675870724791824
0,2030,71,6,0.42161714554724183
0,2030,72,1,0.34192225134044635
0,2030,72,2,0.41849656835169907
0,2030,72,6,0.16996750219946075
0,2030,73,1,0.07472316675305972
0,2030,73,2,0.17638790394892373
0,2030,73,3,0.41366848371233444
0,2030,73,4,0.3191101600762297
0,2030,74,1,0.023822689361933373
0,2030,74,2,0.18730730826956873
0,2030,74,3,0.5380095343258662
0,2030,74,4,0.22149809272200546
0,2030,75,1,0.10943440980284032
0,2030,75,2,0.1873512919548479
0,2030,75,3,0.43144663439609
0,2030,75,5,0.09231023167788129
0,2030,75,6,0.13175669760634612
0,2030,76,1,0.34185153505754834
0,2030,76,2,0.5238867532916586
0,2030,77,1,0.36045055746744165
0,2030,77,2,0.4889291971338345
0,2030,78,1,0.19503602033645007
0,2030,78,2,0.6261998563790613
0,2030,79,1,0.22158489289139882
0,2030,79,2,0.5228514922608051
0,2030,79,5,0.050716631419202414
0,2030,79,6,0.07729628028777706
0,2030,80,1,0.19415015844423641
0,2030,80,2,0.6035681681932724
0,2030,80,6,0.06715082072599052
0,2030,81,2,0.2087907453243184
0,2030,81,3,0.3439149029359233
0,2030,81,4,0.35388009584049607
0,2030,82,3,0.5626856822621641
0,2030,82,4,0.13240483441393375
0,2030,82,5,0.13311718350109328
0,2030,83,1,0.06816852932787423
0,2030,83,3,0.1985684928289911
0,2030,83,5,0.542303681485145
0,2030,84,1,0.22393201105268384
0,2030,84,2,0.32782314403906454
0,2030,84,5,0.03708510125967741
0,2030,84,6,0.2532328218133471
0,2030,85,1,0.16442913029225814
0,2030,85,2,0.5773536715731914
0,2030,85,4,0.06711713853547399
0,2030,86,1,0.05423595856189531
0,2030,86,3,0.15028642441591827
0,2030,86,4,0.2442584101176735
0,2030,86,5,0.36249017443791864
0,2030,87,3,0.2850780200597166
0,2030,87,4,0.18516449000451776
0,2030,87,5,0.3323692286056345
0,2030,88,1,0.12065111378050135
0,2030,88,3,0.05531382360226052
0,2030,88,4,0.20760692015698948
0,2030,88,5,0.3747655042538622
0,2030,89,1,0.1369749324607409
0,2030,89,4,0.039812695516554336
0,2030,89,5,0.2817145758331605
0,2030,89,6,0.438252491929289
0,2030,90,1,0.12139171628834527
0,2030,90,2,0.41501629355146447
0,2030,90,6,0.39397622787360315
0,2030,91,1,0.15236379287465657
0,2030,91,2,0.4133157266510372
0,2030,91,6,0.3471329639490934
0,2030,92,2,0.2678441577815695
0,2030,92,3,0.2308352563824482
0,2030,92,4,0.2831349067860155
0,2030,93,3,0.4683304649168594
0,2030,93,4,0.08137282498902176
0,2030,93,5,0.15887649635988935
0,2030,94,2,0.07923190622062846
0,2030,94,3,0.23372067042783315
0,2030,94,4,0.023123200208304905
0,2030,94,5,0.4281993797499991
0,2030,95,1,0.12165042251885512
0,2030,95,2,0.27876690364316226
0,2030,95,5,0.35561051043278624
0,2030,96,1,0.13157342995559584
0,2030,96,2,0.5471687402526578
0,2030,96,5,0.0230135877802487
0,2030,96,6,0.1319730948101953
0,2030,97,1,0.13418328072207847
0,2030,97,2,0.5424582734256526
0,2030,97,6,0.17123111128761398
0,2030,98,1,0.1426507714329332
0,2030,98,2,0.5321392133338229
0,2030,98,6,0.15602952582621712
0,2030,99,1,0.07569955097820089
0,2030,99,2,0.5959443272587651
0,2030,99,6,0.20493383345273233
0,2030,100,1,0.09397990557603006
0,2030,100,2,0.611122986909914
0,2030,100,6,0.1387880053573861
0,2030,101,1,0.08265029366940142
0,2030,101,2,0.5398172623344671
0,2030,101,5,0.06002422793698531
0,2030,101,6,0.16376743627832951
0,2030,102,1,0.08836276499016277
0,2030,102,2,0.5729340195744905
0,2030,102,6,0.19197213943685282
0,2030,103,1,0.0381216729028517
0,2030,103,2,0.2505222242108351
0,2030,103,4,0.07535095819620675
0,2030,103,5,0.09138013263754419
0,2030,103,6,0.529027233113055
0,2030,104,1,0.06357702477023815
0,2030,104,2,0.09442029709478368
0,2030,104,4,0.08666878202647159
0,2030,104,5,0.01638536782219068
0,2030,104,6,0.7248626435016012
0,2030,105,1,0.10509654595369693
0,2030,105,2,0.20879632850309512
0,2030,105,4,0.20074426905311388
0,2030,105,6,0.37889961322832166
0,2030,106,1,0.05975169147296851
0,2030,106,2,0.2495415394639331
0,2030,106,4,0.19349761493901763
0,2030,106,5,0.08076062250450936
0,2030,106,6,0.41644853161957146
0,2030,107,2,0.22658089850731886
0,2030,107,3,0.29503534497242273
0,2030,107,4,0.23299182521096998
0,2030,107,5,0.041680458478119735
0,2030,108,2,0.01363573556373617
0,2030,108,3,0.22164519381656828
0,2030,108,4,0.045169465111531755
0,2030,108,5,0.46454041001852636
0,2030,109,2,0.12223742522300954
0,2030,109,3,0.17272522618099956
0,2030,109,4,0.39373813400256596
0,2030,109,5,0.16518430679346266
0,2030,110,1,0.0643116845079611
0,2030,110,2,0.22861850918010715
0,2030,110,3,0.015903872534399427
0,2030,110,4,0.1466185375276315
0,2030,110,5,0.342263588699509
0,2030,111,2,0.2921788354588493
0,2030,111,3,0.13905733558640687
0,2030,111,4,0.32912983227990344
0,2030,111,5,0.056130605522949746
0,2030,112,1,0.1169647747138468
0,2030,112,2,0.47229210590596693
0,2030,112,5,0.1161676600372487
0,2030,113,2,0.1082950267118365
0,2030,113,3,0.4136272206285827
0,2030,113,4,0.04605628146173842
0,2030,113,5,0.19910659103431808
0,2030,114,3,0.38759145882310275
0,2030,114,4,0.30754436184951167
0,2030,114,5,0.16299258529589258
0,2030,115,3,0.3900690398952359
0,2030,115,4,0.2817897226935304
0,2030,115,5,0.17472274543608657
0,2030,116,3,0.19148522782281635
0,2030,116,4,0.07788713444725921
0,2030,116,5,0.5326595508031372
0,2030,117,1,0.10177804600912876
0,2030,117,2,0.5821386203680528
0,2030,117,4,0.06325310648027802
0,2030,118,2,0.01861416261805633
0,2030,118,3,0.4008103672006568
0,2030,118,4,0.03495442900098341
0,2030,118,5,0.2499676621455307
0,2030,119,2,0.23778817711499314
0,2030,119,3,0.34973627547950126
0,2030,119,4,0.12612865064640774
0,2030,120,2,0.2142308741714769
0,2030,120,3,0.3821449004851289
0,2030,120,4,0.06051454394576511
0,2030,120,5,0.05732421085265847
0,2030,121,2,0.08194266791794808
0,2030,121,3,0.4127015235682439
0,2030,121,5,0.12371054202716573
0,2030,122,1,0.016277394762162757
0,2030,122,2,0.020703084660177964
0,2030,122,3,0.12629217130796327
0,2030,122,4,0.07197433492019623
0,2030,122,5,0.4558028858060876
0,2030,123,2,0.20652858897126325
0,2030,123,3,0.36286197141730164
0,2030,123,4,0.1517932681284769
0,2030,123,5,0.04313546813484046
0,2030,124,2,0.014493247122529801
0,2030,124,3,0.1593165108649082
0,2030,124,4,0.17087279077401515
0,2030,124,5,0.4403837620759341
0,2030,125,2,0.021114511782157248
0,2030,125,3,0.364025718838601
0,2030,125,4,0.16681563240552616
0,2030,125,5,0.15848017234021303
0,2030,126,3,0.3782925540659205
0,2030,126,4,0.08586710470680768
0,2030,126,5,0.16920459850698816
0,2030,127,3,0.24097391599867948
0,2030,127,5,0.4545707839173826
0,2030,128,1,0.011380595720690456
0,2030,128,2,0.24327214152619536
0,2030,128,5,0.44934502764315193
0,2030,128,6,0.11086450519613504
0,2030,129,1,0.013034558112263395
0,2030,129,2,0.6450473561609638
0,2030,129,3,0.04708681612126865
0,2030,130,2,0.1275482272548075
0,2030,130,3,0.3239916389013591
0,2030,130,4,0.04555609124815143
0,2030,130,5,0.17301071740734422
0,2030,131,2,0.21285531871594082
0,2030,131,3,0.01328187605837184
0,2030,131,4,0.5309621266325086
0,2030,131,5,0.14417935402843918
0,2030,132,4,1.0
0,2030,133,3,0.14326527660945185
0,2030,133,4,0.17526384837078823
0,2030,133,5,0.3864524847727091
0,2030,134,2,0.3591799331486618
0,2030,134,3,0.3025854591494149
0,2030,134,4,0.052710969325316964
0,2030,134,5,0.03007211709408248
0,2030,135,1,0.08302707542228221
0,2030,135,4,0.15494144629658663
0,2030,135,5,0.5715210013540453
0,2030,135,6,0.09165004472382499
0,2030,136,2,0.06563710182010743
0,2030,136,3,0.120031901050918
0,2030,136,4,0.16870873124598185
0,2030,136,5,0.16581133254300046
0,2030,136,6,0.4400639261584843
0,2030,137,1,0.053427128986738744
0,2030,137,2,0.23529073345243245
0,2030,137,5,0.1967535525348101
0,2030,137,6,0.4501555088174664
0,2030,138,2,0.12082017765222551
0,2030,138,3,0.19763185016328383
0,2030,138,4,0.44583162992719155
0,2030,138,5,0.12636087993861408
0,2030,139,2,0.2275295311973221
0,2030,139,3,0.283294802717865
0,2030,139,4,0.23049009301134799
0,2030,140,1,0.09466717638000331
0,2030,140,4,0.093160588221292
0,2030,140,5,0.465224995171502
0,2030,140,6,0.20380000845071633
0,2030,141,1,0.07155634433410989
0,2030,141,2,0.6559206485979491
0,2030,141,4,0.07488564109671625
0,2030,142,3,0.3991389716224485
0,2030,142,4,0.1421731657563459
0,2030,142,5,0.23989866754179293
0,2030,143,3,0.17640395242652054
0,2030,143,4,0.13369737577957994
0,2030,143,5,0.4796810139872549
0,2030,144,2,0.0872071000980097
0,2030,144,3,0.1876416752190723
0,2030,144,4,0.2151581810950959
0,2030,144,5,0.3259194011926409
0,2030,145,3,0.260297438533238
0,2030,145,4,0.13160951853611288
0,2030,145,5,0.4179858948805453
0,2030,146,1,0.12724526298662758
0,2030,146,2,0.6710132875677393
0,2030,147,1,0.13935372328976012
0,2030,147,2,0.531463927008497
0,2030,147,5,0.026285982307151283
0,2030,147,6,0.11322795255732557
0,2030,148,1,0.09877008965836068
0,2030,148,2,0.6541440619205141
0,2030,148,4,0.08823988625041973
0,2030,149,2,0.03529233434332427
0,2030,149,3,0.23452743644864735
0,2030,149,4,0.18369401209624006
0,2030,149,5,0.36129284448149546
0,2030,150,3,0.19983789052266146
0,2030,150,4,0.3258934010388427
0,2030,150,5,0.3465134359431547
0,2030,151,3,0.2129537682985831
0,2030,151,4,0.37186674861520064
0,2030,151,5,0.2974208472896779
0,2030,152,3,0.22945041882485492
0,2030,152,4,0.19785841747249514
0,2030,152,5,0.4311474637788689
0,2030,153,1,0.13886091571185077
0,2030,153,2,0.3578842033089776
0,2030,153,4,0.09653586990905369
0,2030,153,5,0.16488483644803456
0,2030,154,3,0.2564804651913682
0,2030,154,4,0.1709139055503853
0,2030,154,5,0.3264199710594584
0,2030,155,1,0.097126132824088
0,2030,155,4,0.10067120734381042
0,2030,155,5,0.6776180726846786
0,2030,156,1,0.07248636537331105
0,2030,156,2,0.31661996715070717
0,2030,156,4,0.01940112545749607
0,2030,156,5,0.12897943008994353
0,2030,156,6,0.4625131119285421
0,2030,157,1,0.07370694206425894
0,2030,157,2,0.3840922327629876
0,2030,157,5,0.06532667442257924
0,2030,157,6,0.47112874830809787
0,2030,158,1,0.10831213518389067
0,2030,158,2,0.6047877252439732
0,2030,158,6,0.2288829858480676
0,2030,159,1,0.1244772188154339
0,2030,159,2,0.6013141436570594
0,2030,159,6,0.13843576211261036
0,2030,160,1,0.10175830525910222
0,2030,160,2,0.31379754752309724
0,2030,160,5,0.05680005205384825
0,2030,160,6,0.425613827319558
0,2030,161,1,0.13782765358493482
0,2030,161,2,0.37070389385055785
0,2030,161,3,0.01609871279658973
0,2030,161,4,0.014391668248409394
0,2030,161,6,0.21556565239485825
0,2030,162,2,0.18109912164260378
0,2030,162,3,0.20680377819271334
0,2030,162,4,0.1784162780973246
0,2030,162,5,0.24860329567593695
0,2030,163,1,0.07232619376586445
0,2030,163,2,0.05248173793633862
0,2030,163,3,0.07277911220271606
0,2030,163,4,0.1511629204469019
0,2030,163,5,0.4700580867357339
0,2030,164,1,0.12071169390570186
0,2030,164,2,0.31192109156124037
0,2030,164,4,0.016707923893507684
0,2030,164,5,0.3349709150559447
0,2030,165,1,0.1425828773139133
0,2030,165,2,0.44181682784175047
0,2030,165,5,0.22100735344281772
0,2030,165,6,0.047190154878192225
0,2030,166,1,0.11194463646571261
0,2030,166,2,0.5552002160479108
0,2030,166,6,0.22427684578951443
0,2030,167,1,0.12753058105849027
0,2030,167,2,0.6588235459813825
0,2030,167,6,0.01192066870846464
0,2030,168,2,0.19448055502555722
0,2030,168,3,0.438153600524346
0,2030,168,4,0.013551885905258984
0,2030,168,5,0.05243807675111727
0,2030,169,2,0.16212126802061091
0,2030,169,3,0.49197250829827494
0,2030,169,5,0.12413216014672372
0,2030,170,2,0.15580301465437932
0,2030,170,3,0.36645438967977934
0,2030,170,4,0.018289301701022075
0,2030,170,5,0.30140830876462876
0,2030,171,2,0.1277242802359387
0,2030,171,3,0.46543853906398486
0,2030,171,5,0.1938372769299826
0,2030,172,1,0.07274334019902413
0,2030,172,2,0.06706421993239303
0,2030,172,5,0.7550781653869044
0,2030,173,1,0.08851702319597986
0,2030,173,2,0.6995322464915189
0,2030,173,5,0.04780096536710011
0,2030,173,6,0.12768003006439027
0,2030,174,1,0.10570321956762717
0,2030,174,2,0.5339725931015685
0,2030,174,5,0.011104409064150578
0,2030,174,6,0.2801591901589222
0,2030,175,1,0.09488757045843088
0,2030,175,2,0.3313989822660248
0,2030,175,6,0.48610582426928345
0,2030,176,1,0.07489902268256547
0,2030,176,2,0.3928453609586909
0,2030,176,6,0.46746851982412113
0,2030,177,1,0.09857073538246272
0,2030,177,2,0.6211392544604961
0,2030,177,6,0.14360206685448215
0,2030,178,2,0.42154239101516267
0,2030,178,3,0.31896567112639146
0,2030,178,4,0.03673066232601814
0,2030,178,5,0.0
0,2030,179,2,0.09215212863030824
0,2030,179,3,0.45064373119912354
0,2030,179,5,0.20483154228237246
0,2030,180,2,0.09999716875152698
0,2030,180,3,0.4304939103856883
0,2030,180,5,0.22092929644348186
0,2030,181,2,0.08906847517626727
0,2030,181,3,0.4436478379877739
0,2030,181,4,0.022596984994097496
0,2030,181,5,0.14809660341348044
0,2030,182,2,0.03812152137272797
0,2030,182,3,0.39598082662641937
0,2030,182,4,0.07338547232281788
0,2030,182,5,0.19757648859093296
0,2030,183,3,0.2204608345865578
0,2030,183,4,0.19316821947159632
0,2030,183,5,0.43623411014303276
0,2030,184,3,0.18176503921906492
0,2030,184,4,0.37727889680256815
0,2030,184,5,0.2950243120096084
0,2030,185,3,0.2364581092911691
0,2030,185,4,0.13122724194416888
0,2030,185,5,0.4114347389336714
0,2030,186,1,0.061802733144490196
0,2030,186,2,0.22097660638619135
0,2030,186,5,0.4803779319997388
0,2030,186,6,0.078230670418964
0,2030,187,1,0.07520906765348867
0,2030,187,2,0.7492655740624458
0,2030,187,5,0.017494481470712232
0,2030,187,6,0.03889986141441037
0,2030,188,1,0.11423718160592901
0,2030,188,2,0.6331338859676151
0,2030,188,6,0.08127903151131388
0,2030,189,1,0.08454381064557048
0,2030,189,2,0.5232707779764574
0,2030,189,3,0.029299314121764616
0,2030,189,4,0.09384460679624126
0,2030,190,2,0.014724119317667485
0,2030,190,3,0.2267904005751634
0,2030,190,4,0.1215539126907033
0,2030,190,5,0.45206048417395467
0,2030,191,2,0.3109143016581017
0,2030,191,3,0.16528265620863214
0,2030,191,5,0.31224680962261486
0,2030,192,2,0.5460995545938118
0,2030,192,3,0.17856809428624082
0,2030,192,4,0.07942543219657389
0,2030,193,2,0.165071233138209
0,2030,193,3,0.030128655820352897
0,2030,193,4,0.04518171570613595
0,2030,193,5,0.6202038148963829
0,2030,194,1,0.03826261846210001
0,2030,194,2,0.4448274642953624
0,2030,194,5,0.272341434536534
0,2030,194,6,0.1901129764158348
0,2030,195,1,0.04890863453583252
0,2030,195,2,0.5230025937864251
0,2030,195,5,0.08757287919947239
0,2030,195,6,0.26128812412901053
0,2030,196,1,0.037524963810983115
0,2030,196,2,0.6122141170670982
0,2030,196,4,0.17480840270154444
0,2030,197,2,0.02522681709051605
0,2030,197,3,0.26499667566509594
0,2030,197,5,0.5335720424929355
0,2030,198,2,0.09938432559874712
0,2030,198,3,0.3388212024598772
0,2030,198,5,0.3998157601833485
0,2030,199,5,1.0
0,2030,200,2,1.0
0,2030,201,2,0.21771449256683742
0,2030,201,3,0.23446886827807484
0,2030,201,4,0.019013960007192323
0,2030,201,5,0.47176962087722835
0,2030,202,2,0.018554711831195028
0,2030,202,3,0.18678218402146957
0,2030,202,4,0.09175398860543323
0,2030,202,5,0.5525015109258089
0,2030,203,1,0.022049525642172694
0,2030,203,2,0.37926695844123265
0,2030,203,4,0.025958595236302617
0,2030,203,5,0.09084424899948294
0,2030,203,6,0.46171458132775284
0,2030,204,1,0.0486055799033604
0,2030,204,2,0.7968187620757399
0,2030,204,5,0.04849689517520444
0,2030,204,6,0.1060787628456952
0,2030,205,2,0.9650459128786706
0,2030,205,3,0.01493700896523579
0,2030,206,2,0.12892186242933118
0,2030,206,3,0.04172548736915185
0,2030,206,4,0.3437952356402311
0,2030,206,5,0.478021632016361
0,2030,207,2,0.6286259113326464
0,2030,207,3,0.14680805725088997
0,2030,207,4,0.11209024113155723
0,2030,208,2,0.3626802345796372
0,2030,208,3,0.35482158625263854
0,2030,208,4,0.015250595901278866
0,2030,208,5,0.09684927941636683
0,2030,209,2,0.2815558634133242
0,2030,209,3,0.31172987155012655
0,2030,209,4,0.028945187612840262
0,2030,209,5,0.16605867709017746
0,2030,210,2,0.10831641586840868
0,2030,210,3,0.40255638180456355
0,2030,210,4,0.02362691193726756
0,2030,210,5,0.2371260145118431
0,2030,211,3,0.2303568223558455
0,2030,211,4,0.09457521464072453
0,2030,211,5,0.5753023982602267
0,2030,212,2,0.30806569369545234
0,2030,212,3,0.2005733367108873
0,2030,212,4,0.02178290809004439
0,2030,212,5,0.37988786633229904
0,2030,213,2,0.5068324223709593
0,2030,213,3,0.1435012799572202
0,2030,213,4,0.039630442753087254
0,2030,213,5,0.1894280149106563
0,2030,214,3,0.22337123879036833
0,2030,214,4,0.047699434878508404
0,2030,214,5,0.5777699382609438
0,2030,215,2,0.11335116784985336
0,2030,215,3,0.1551684318067268
0,2030,215,4,0.015260748788733966
0,2030,215,5,0.5780957799341393
0,2030,216,2,0.1317456278379703
0,2030,216,3,0.2585393742746118
0,2030,216,4,0.08933063207328226
0,2030,216,5,0.3340697835873968
0,2030,217,2,0.4697795594755717
0,2030,217,3,0.22861784813744535
0,2030,217,4,0.09734983819410693
0,2030,218,2,0.0417656932736706
0,2030,218,3,0.3446445907015874
0,2030,218,4,0.059485627738446074
0,2030,218,5,0.41513337118442084
0,2030,219,2,0.034298274598089505
0,2030,219,3,0.28714930793679105
0,2030,219,4,0.11472485754590638
0,2030,219,5,0.4279554276705105
0,2030,220,1,0.07150211040778447
0,2030,220,4,0.049888579543553836
0,2030,220,5,0.772367661478492
0,2030,220,6,0.05749187460209714
0,2030,221,1,0.06369274216070904
0,2030,221,2,0.6951030398585649
0,2030,221,6,0.20286350975136566
0,2030,222,2,0.5802185254534898
0,2030,222,3,0.24187427023552818
0,2030,223,2,0.17058995655965523
0,2030,223,3,0.2977124447433728
0,2030,223,5,0.2943577407890259
0,2030,224,3,0.30686667940775136
0,2030,224,4,0.032304196499811824
0,2030,224,5,0.42725936005837395
0,2030,225,1,0.1152810937932811
0,2030,225,4,0.024075163872562092
0,2030,225,5,0.8098580798548122
0,2030,225,6,0.04381861709337708
0,2030,226,1,0.13185890381653448
0,2030,226,2,0.5486403949915412
0,2030,226,5,0.04788995157816701
0,2030,226,6,0.2716107496137572
0,2030,227,1,0.1628315090722333
0,2030,227,2,0.5296824656326908
0,2030,227,6,0.22288429768189463
0,2030,228,1,0.05553401078495006
0,2030,228,2,0.8203607048147167
0,2030,228,3,0.06115846644248688
0,2030,229,2,0.04916282576890473
0,2030,229,3,0.3786300516651234
0,2030,229,4,0.0851080024998635
0,2030,229,5,0.3894172369525084
0,2030,230,2,0.027081667467205847
0,2030,230,3,0.4534801578369757
0,2030,230,4,0.06858046307018244
0,2030,230,5,0.2612251252018016
0,2030,231,2,0.09745019684360624
0,2030,231,3,0.4795712069322356
0,2030,231,4,0.02049930631395295
0,2030,231,5,0.15591214872363449
0,2030,232,2,0.036835142765656116
0,2030,232,3,0.20406874958545648
0,2030,232,4,0.05989436581183026
0,2030,232,5,0.5414665359385066
0,2030,233,1,0.09785537182601094
0,2030,233,2,0.19174780005501277
0,2030,233,4,0.015146185174268427
0,2030,233,5,0.44688461742684776
0,2030,233,6,0.11969091398192835
0,2030,234,1,0.12255802735072252
0,2030,234,2,0.5299432856592632
0,2030,234,5,0.15467311275408754
0,2030,235,1,0.07044638338880041
0,2030,235,2,0.5478991909057687
0,2030,235,3,0.09286889422709849
0,2030,235,5,0.10896474994343865
0,2030,236,1,0.05793457212352108
0,2030,236,2,0.173178867556013
0,2030,236,3,0.05663230206372362
0,2030,236,4,0.14572015332726776
0,2030,236,5,0.4387488517057518
0,2030,237,2,0.057181170098073414
0,2030,237,3,0.22415507095490253
0,2030,237,4,0.21024488901866342
0,2030,237,5,0.3716939090401795
0,2030,238,1,0.09576242628721829
0,2030,238,4,0.1803740954801417
0,2030,238,5,0.5649837118470481
0,2030,238,6,0.05135412038840463
0,2030,239,1,0.1972422417937671
0,2030,239,2,0.21782574294634632
0,2030,239,5,0.43649498932391384
0,2030,239,6,0.11124719788008246
0,2030,240,1,0.23608308747925782
0,2030,240,2,0.5017516405765113
0,2030,240,5,0.030144479443977575
0,2030,240,6,0.2320207925002531
0,2030,241,1,0.2454569309637828
0,2030,241,2,0.5574351575108053
0,2030,241,6,0.16972605050249542
0,2030,242,1,0.25813866408889125
0,2030,242,2,0.6235439689879799
0,2030,242,6,0.0595938341979653
0,2030,243,1,0.22870774802750635
0,2030,243,2,0.6089331194367841
0,2030,243,6,0.07410666061495363
0,2030,244,1,0.25075811469508097
0,2030,244,2,0.6008065507392003
0,2030,244,6,0.02032711688744208
0,2030,245,1,0.24667942475655785
0,2030,245,2,0.579391074831507
0,2030,246,2,0.08282868273401245
0,2030,246,3,0.40773926808206973
0,2030,246,4,0.16311339446098713
0,2030,246,5,0.14939486804692156
0,2030,247,2,0.010843982825305735
0,2030,247,3,0.47088490179340753
0,2030,247,4,0.10619375856666913
0,2030,247,5,0.17349563172393045
0,2030,248,1,0.12931914737965355
0,2030,248,2,0.09687321658774066
0,2030,248,4,0.15700023507682392
0,2030,248,5,0.3838394442772453
0,2030,248,6,0.03673069690147739
0,2030,249,1,0.10183295411714996
0,2030,249,2,0.09094521785395648
0,2030,249,4,0.13424587582260766
0,2030,249,5,0.024356636923844637
0,2030,249,6,0.6486193152824412
0,2030,250,1,0.12399942252925815
0,2030,250,4,0.2538388236262402
0,2030,250,5,0.015605499492711247
0,2030,250,6,0.6065562543517905
0,2030,251,1,0.03536688302943094
0,2030,251,2,0.13078490406176238
0,2030,251,3,0.18224915152139207
0,2030,251,4,0.43171831153603285
0,2030,251,5,0.051815932588377224
0,2030,251,6,0.07909383557545052
0,2030,252,1,0.13452391257056712
0,2030,252,2,0.363647782787587
0,2030,252,5,0.060232094184896084
0,2030,252,6,0.26283021794550127
0,2030,253,1,0.08384301241948734
0,2030,253,4,0.26778574808242295
0,2030,253,5,0.5042311058544582
0,2030,254,2,0.10951311634450338
0,2030,254,3,0.40100827934827316
0,2030,254,4,0.016696618834738622
0,2030,254,5,0.1476067224974187
0,2030,255,2,0.06118796008209936
0,2030,255,3,0.14215182273081836
0,2030,255,4,0.14262084567283134
0,2030,255,5,0.46686547181851296
0,2030,256,1,0.100670628411439
0,2030,256,4,0.21946450589022398
0,2030,256,5,0.5427829843281387
0,2030,257,1,0.08017786462162722
0,2030,257,2,0.5611328718906565
0,2030,257,3,0.108812790771096
0,2030,258,1,0.1124337148781318
0,2030,258,2,0.5158992445892973
0,2030,258,4,0.08746230684984668
0,2030,259,1,0.04764796444240458
0,2030,259,2,0.35186060567867583
0,2030,259,3,0.1436310087302484
0,2030,259,4,0.19324211835608376
0,2030,260,2,0.21186975824654702
0,2030,260,3,0.19678062446916483
0,2030,260,4,0.05245851935505766
0,2030,260,5,0.26842864739121186
0,2030,261,1,0.03559635088785599
0,2030,261,2,0.2689286048714766
0,2030,261,3,0.07646165208744996
0,2030,261,4,0.012348169360356539
0,2030,261,5,0.35321757760356043
0,2030,262,2,0.2861621180253502
0,2030,262,3,0.023983631561510378
0,2030,262,4,0.12723850956362323
0,2030,262,5,0.04073738227505522
0,2030,262,6,0.4576651284905162
0,2030,263,2,0.01795368588438361
0,2030,263,3,0.1437563182704257
0,2030,263,4,0.28685733809984537
0,2030,263,5,0.3588603740565567
0,2030,264,1,0.07135428644692243
0,2030,264,2,0.27262938577286044
0,2030,264,4,0.02984274526499786
0,2030,264,5,0.3467275412353995
0,2030,264,6,0.04230279677646341
0,2030,265,1,0.05703159258926734
0,2030,265,2,0.2881095709874636
0,2030,265,5,0.1597033067363055
0,2030,265,6,0.320139871984855
0,2030,266,2,0.27021619270890734
0,2030,266,3,0.18689535196181867
0,2030,266,4,0.2583074793189893
0,2030,267,1,0.014200775659987713
0,2030,267,2,0.03867352803589211
0,2030,267,3,0.05947354104427761
0,2030,267,4,0.06403308261833447
0,2030,267,5,0.5497602534717093
0,2030,268,2,0.02304737948887999
0,2030,268,3,0.06963928871774226
0,2030,268,4,0.4701985473804794
0,2030,268,5,0.3216145982753319
0,2030,269,2,0.08999617942104712
0,2030,269,3,0.34965428769346035
0,2030,269,4,0.19343749671662525
0,2030,269,5,0.0955008645056624
0,2030,270,3,0.26671479412286286
0,2030,270,4,0.04744605723408341
0,2030,270,5,0.3890728212626326
0,2030,271,2,0.08032369163345324
0,2030,271,3,0.11378394517628657
0,2030,271,4,0.14608253573586014
0,2030,271,5,0.41879842496660713
0,2030,272,3,0.25609456965710764
0,2030,272,4,0.024254145395428903
0,2030,272,5,0.39950534332047627
0,2030,273,2,0.2672095268559377
0,2030,273,3,0.3358178430758848
0,2030,273,5,0.041337712861577114
0,2030,274,2,0.13587377076826804
0,2030,274,3,0.43358777965181733
0,2030,274,5,0.14168691487372093
0,2030,275,1,0.056104465624692575
0,2030,275,5,0.7048863737722857
0,2030,276,1,0.048914544535691405
0,2030,276,2,0.27813741858020535
0,2030,276,5,0.13522369841123105
0,2030,276,6,0.4236122508574674
0,2030,277,1,0.06156915647274861
0,2030,277,2,0.4074046658331753
0,2030,277,4,0.36475451939365666
0,2030,278,2,0.08420445351821124
0,2030,278,3,0.23885925304292596
0,2030,278,5,0.3832831184371226
0,2030,279,1,0.10674599808346277
0,2030,279,2,0.538832136856422
0,2030,279,6,0.1541446785973878
0,2030,280,1,0.04452396888101231
0,2030,280,2,0.4458860251648744
0,2030,280,3,0.10121986360313637
0,2030,280,4,0.08988800306444365
0,2030,281,1,0.08122465185517007
0,2030,281,4,0.12690495639674293
0,2030,281,5,0.5848153383804047
0,2030,281,6,0.07597289042154326
0,2030,282,1,0.09793327883983648
0,2030,282,2,0.06312025161146012
0,2030,282,5,0.5640650547521873
0,2030,282,6,0.076224552821065
0,2030,283,1,0.09720462219443042
0,2030,283,2,0.6938614518287071
0,2030,284,2,0.07691214300309529
0,2030,284,3,0.4369088635824798
0,2030,284,4,0.05346915612504474
0,2030,284,5,0.15134530913050706
0,2030,285,2,0.027737208871454384
0,2030,285,3,0.43894237194507413
0,2030,285,4,0.05063049547337968
0,2030,285,5,0.10939726212453423
0,2030,286,1,0.07905807773912638
0,2030,286,5,0.6766622580886487
0,2030,287,1,0.06578277580553447
0,2030,287,2,0.4354015501074862
0,2030,287,3,0.14226292083265038
0,2030,288,2,0.10772145698105982
0,2030,288,3,0.2171987180654124
0,2030,288,5,0.4307089147337847
0,2030,289,1,0.11171268688194018
0,2030,289,2,0.5476425188093177
0,2030,289,5,0.05867565801204599
0,2030,289,6,0.09873537590221682
0,2030,290,2,0.5092307540008242
0,2030,290,3,0.14769456078428225
0,2030,290,4,0.08374627399012824
0,2030,291,1,0.04867020484903127
0,2030,291,2,0.039983912458718365
0,2030,291,3,0.13485861668800309
0,2030,291,5,0.5116951404190726
0,2030,292,1,0.10211479833758667
0,2030,292,2,0.6423075461865239
0,2030,292,6,0.011302726520094012
0,2030,293,1,0.08647222454057951
0,2030,293,2,0.296766107530314
0,2030,293,5,0.09840507206010811
0,2030,293,6,0.36804432574023566
0,2030,294,1,0.1419195986330451
0,2030,294,2,0.5168214209623689
0,2030,294,4,0.012061989291501948
0,2030,295,2,0.3059445923213388
0,2030,295,3,0.3208458651917409
0,2030,295,4,0.11532255457253386
0,2030,296,1,0.06767892066709545
0,2030,296,2,0.06597461256931744
0,2030,296,5,0.3525845449415395
0,2030,296,6,0.46318391427544425
0,2030,297,1,0.06737538935015534
0,2030,297,2,0.13940198825756792
0,2030,297,3,0.02522972579449017
0,2030,297,6,0.7615710331416023
0,2030,298,2,0.2294798253800382
0,2030,298,3,0.36200256284311816
0,2030,298,4,0.05731651492795027
0,2030,298,5,0.049807159291733225
0,2030,298,6,0.051861007151294616
0,2030,299,1,0.10465566774800755
0,2030,299,2,0.29634850839769267
0,2030,299,4,0.43931406980340587
0,2030,299,6,0.09573445209708037
0,2030,300,1,0.12561621807698048
0,2030,300,2,0.09139454253681961
0,2030,300,5,0.4736044485131367
0,2030,300,6,0.01311400462508785
0,2030,301,1,0.09691820702055827
0,2030,301,2,0.264252804665492
0,2030,301,6,0.5096481866055295
0,2030,302,1,0.07634615183301321
0,2030,302,2,0.4541901057278748
0,2030,302,3,0.027552431452842516
0,2030,302,5,0.1281539438510096
0,2030,302,6,0.076544658874833
0,2030,303,2,0.2918744118118874
0,2030,303,3,0.22286517465972672
0,2030,303,5,0.19788288691731823
0,2030,304,1,0.01098856709739753
0,2030,304,2,0.27521220940555713
0,2030,304,3,0.10244497374255261
0,2030,304,5,0.09605355864282057
0,2030,304,6,0.4039305719296281
0,2030,305,1,0.052111523412739925
0,2030,305,2,0.3153871417759338
0,2030,305,3,0.11469076427029483
0,2030,305,6,0.27236360125636283
0,2030,306,3,0.21562055458802065
0,2030,306,4,0.4146341359820865
0,2030,306,5,0.20753229172926826
0,2030,307,3,0.30089686369178426
0,2030,307,4,0.4595421090422508
0,2030,307,5,0.03785550597253684
0,2030,308,1,0.11745175138504686
0,2030,308,4,0.01594958161075434
0,2030,308,5,0.48717542446209855
0,2030,308,6,0.08981345720625063
0,2030,309,2,0.39631105883762924
0,2030,309,3,0.28577369178045015
0,2030,309,4,0.03156938538570519
0,2030,310,2,0.2507441510953437
0,2030,310,3,0.3689779133214213
0,2030,310,4,0.042860070896777076
0,2030,310,5,0.06341827343919217
0,2030,311,2,0.1405178936858462
0,2030,311,3,0.3750311595699707
0,2030,311,5,0.16332898786379554
0,2030,312,1,0.06573307666296768
0,2030,312,2,0.27595125443467444
0,2030,312,3,0.021883662712593146
0,2030,312,5,0.3934660273142952
0,2030,313,2,0.3811366713885664
0,2030,313,3,0.3211276284160471
0,2030,314,3,0.33571010126710704
0,2030,314,4,0.2798295115518393
0,2030,314,5,0.15617439640825123
0,2030,315,3,0.19837710697862862
0,2030,315,5,0.17248064840032742
0,2030,315,6,0.4520461242424011
0,2030,316,2,0.19264944403241224
0,2030,316,3,0.03383933244044982
0,2030,316,4,0.0918799673860783
0,2030,316,5,0.025844517001705904
0,2030,316,6,0.6221594426422752
0,2030,317,2,0.038128871954118
0,2030,317,3,0.033021584049470254
0,2030,317,5,0.2945435123862896
0,2030,317,6,0.5757334807148636
0,2030,318,2,0.29139094075706434
0,2030,318,3,0.08595277958720668
0,2030,318,4,0.04959473118230374
0,2030,318,5,0.024107042554527648
0,2030,318,6,0.4229671520207361
0,2030,319,2,0.07881012639072704
0,2030,319,3,0.1748364062039333
0,2030,319,4,0.45861874068108727
0,2030,319,5,0.11094967057284628
0,2030,319,6,0.01947049421063727
0,2030,320,3,0.04286982435035376
0,2030,320,5,0.32827038562275085
0,2030,320,6,0.4933474468630617
0,2030,321,3,0.19475311589200808
0,2030,321,4,0.05812267379738452
0,2030,321,5,0.1897976776984333
0,2030,321,6,0.3029766471619696
0,2030,322,2,0.17919118671937093
0,2030,322,3,0.15110480952978128
0,2030,322,4,0.3315810148829879
0,2030,322,6,0.05821124178453221
0,2030,323,1,0.05707281704077636
0,2030,323,2,0.11437619109064201
0,2030,323,5,0.4204090750768791
0,2030,323,6,0.20016401124719538
0,2030,324,1,0.02919992056234173
0,2030,324,2,0.40850558419779176
0,2030,324,6,0.4080364716050864
0,2030,325,2,0.17246651948679448
0,2030,325,3,0.09176545675351681
0,2030,325,4,0.057265272791962266
0,2030,325,5,0.06567470378531969
0,2030,325,6,0.49844624070580373
0,2030,326,2,0.1430357111799101
0,2030,326,3,0.15708994120141043
0,2030,326,4,0.5519517416836144
0,2030,327,3,0.20065859829689722
0,2030,327,5,0.523696630077188
0,2030,328,1,0.046345285794108314
0,2030,328,2,0.5794526892704079
0,2030,328,4,0.13374527824638205
0,2030,329,1,0.04868406758935739
0,2030,329,5,0.3928013586342477
0,2030,329,6,0.3308719767839771
0,2030,330,2,0.24292018231772214
0,2030,330,3,0.02841294959142008
0,2030,330,5,0.17789285858297396
0,2030,330,6,0.4305172467685105
0,2030,331,2,0.44376883649618004
0,2030,331,3,0.08226387257407217
0,2030,331,4,0.04000332237648441
0,2030,331,5,0.012476168077972324
0,2030,331,6,0.23859655712590758
0,2030,332,1,0.03221281967033298
0,2030,332,2,0.5235542742890659
0,2030,332,3,0.06421637826098157
0,2030,332,4,0.13928021118057732
0,2030,333,3,0.10317551521443441
0,2030,333,4,0.3483038308636494
0,2030,333,5,0.3961039568243713
0,2030,333,6,0.012947154303224812
0,2030,334,2,0.30497059559879314
0,2030,334,3,0.09429213646408298
0,2030,334,6,0.48333864032638696
0,2030,335,2,0.4429496389456392
0,2030,335,6,0.37624358049688705
0,2030,336,1,0.07411449470154009
0,2030,336,2,0.557863673392096
0,2030,337,2,0.14264789904351852
0,2030,337,3,0.17014769501783933
0,2030,337,5,0.09156427154870206
0,2030,337,6,0.49631541011263064
0,2030,338,1,0.05133059567882018
0,2030,338,2,0.16007799910050932
0,2030,338,5,0.05414111850289897
0,2030,338,6,0.7344502867177716
0,2030,339,2,0.22415134579885646
0,2030,339,3,0.20617473806349418
0,2030,339,4,0.5012675826746817
0,2030,340,1,0.07836772720390477
0,2030,340,5,0.6171891310779909
0,2030,340,6,0.015459216551058273
0,2030,341,2,0.28807847208802206
0,2030,341,3,0.4184375785824548
0,2030,342,2,0.2773989353004903
0,2030,342,3,0.3705357931816506
0,2030,343,1,0.01545536447821622
0,2030,343,2,0.037723815264379575
0,2030,343,3,0.05894665241135021
0,2030,343,5,0.18088164060735523
0,2030,343,6,0.6114056047755441
0,2030,344,2,0.16252563332857198
0,2030,344,3,0.1631252890515462
0,2030,344,4,0.13972483050228315
0,2030,344,5,0.07079326766322397
0,2030,344,6,0.30676131531644485
0,2030,345,2,0.12391601783610989
0,2030,345,3,0.17863500967562995
0,2030,345,4,0.3686719112160062
0,2030,345,5,0.13892692784402386
0,2030,345,6,0.02308500478955724
0,2030,346,2,0.3836155228955779
0,2030,346,5,0.21949073448464695
0,2030,346,6,0.3042922083808931
0,2030,347,2,0.3120048196507694
0,2030,347,5,0.045509000612137356
0,2030,347,6,0.6424861797370931
0,2030,348,2,0.35131929589534167
0,2030,348,5,0.04388834643693516
0,2030,348,6,0.6047923576677231
0,2030,349,1,0.01312529021932211
0,2030,349,2,0.3117937798616531
0,2030,349,6,0.5363660149808145
0,2030,350,1,0.059599977774586366
0,2030,350,5,0.5462962589434307
0,2030,350,6,0.10730348460065765
0,2030,351,2,0.48409675072649866
0,2030,351,3,0.07207915348564159
0,2030,351,6,0.2340138324072316
0,2030,352,2,0.4817564681216788
0,2030,352,5,0.05789096654544288
0,2030,352,6,0.3485417478717533
0,2030,353,2,0.4607954389386748
0,2030,353,3,0.2102203633592041
0,2030,354,5,0.5196075444858961
0,2030,354,6,0.3424203192207023
0,2030,355,2,0.3193832090340638
0,2030,355,6,0.6310083168623194
0,2030,356,4,0.09902829363936842
0,2030,356,6,0.8780662442590056
0,2030,357,6,1.0
0,2030,358,4,0.05201638961261747
0,2030,358,6,0.9479836103873824
0,2030,359,4,0.04225818713937402
0,2030,359,6,0.8822519120648348
0,2030,360,4,0.2735239734865357
0,2030,360,6,0.6283739777992527
0,2030,361,2,0.06728626782186649
0,2030,361,6,0.837042927003776
0,2030,362,2,0.03287359651396381
0,2030,362,3,0.024859141536739755
0,2030,362,4,0.07803258520522086
0,2030,362,6,0.8176687784561995
0,2030,363,2,0.10135356501655028
0,2030,363,6,0.8232221954882418
0,2030,364,4,0.07066795953005552
0,2030,364,6,0.9293320404699443
0,2030,365,1,1.0
1,2030,1,7,0.09381336736573126
1,2030,1,8,0.018431307844834377
1,2030,1,9,0.0965643942241417
1,2030,1,10,0.16732066488409755
1,2030,1,12,0.5499696628350216
1,2030,2,7,0.08984851398704174
1,2030,2,9,0.7947046534695419
1,2030,2,12,0.026572013122437413
1,2030,3,7,0.13888092015178613
1,2030,3,8,0.12696378865179453
1,2030,3,9,0.15970761937065045
1,2030,3,11,0.29118560357178047
1,2030,4,7,0.2243892889433426
1,2030,4,8,0.21808907110321754
1,2030,4,9,0.09461429644947453
1,2030,4,11,0.17746556375999636
1,2030,4,12,0.07047099875542549
1,2030,5,7,0.3201999975748239
1,2030,5,8,0.08167258995977075
1,2030,5,10,0.13604927277272302
1,2030,5,11,0.36216315201569393
1,2030,6,7,0.12918542198520747
1,2030,6,9,0.15346596847135485
1,2030,6,10,0.2983061146618005
1,2030,6,12,0.4103360975504048
1,2030,7,7,0.193403288236942
1,2030,7,9,0.6626885413530919
1,2030,7,12,0.1327196611405015
1,2030,8,7,0.20375447062127708
1,2030,8,9,0.6213379458047074
1,2030,8,11,0.146604111209564
1,2030,9,7,0.18796899798880715
1,2030,9,8,0.03945613435891689
1,2030,9,9,0.1762506124573137
1,2030,9,11,0.13431635142702258
1,2030,9,12,0.4620079037679397
1,2030,10,7,0.2791701547172528
1,2030,10,9,0.5312572015425902
1,2030,10,11,0.10593235460047108
1,2030,10,12,0.021687822992156623
1,2030,11,7,0.4733561874928772
1,2030,11,8,0.0935732130303645
1,2030,11,9,0.11366918255406008
1,2030,11,10,0.09326761408707986
1,2030,11,11,0.22613380283561835
1,2030,12,7,0.4897285302751199
1,2030,12,8,0.021836046367559325
1,2030,12,9,0.11047032430447551
1,2030,12,10,0.2935670388722425
1,2030,12,11,0.08439806018060267
1,2030,13,7,0.376665531866472
1,2030,13,8,0.34400673303430374
1,2030,13,9,0.015582853812086654
1,2030,13,12,0.25783852260554807
1,2030,14,7,0.10759988805750688
1,2030,14,9,0.5736300261097775
1,2030,14,11,0.09862749290646003
1,2030,15,7,0.08374438079739176
1,2030,15,9,0.25431343724991023
1,2030,15,11,0.4355558473902213
1,2030,15,12,0.031834813982358504
1,2030,16,7,0.395247102531671
1,2030,16,8,0.4773900013414114
1,2030,16,11,0.12736289612691742
1,2030,17,7,0.5094274027517831
1,2030,17,10,0.2796156087109087
1,2030,17,11,0.20381910055199695
1,2030,18,7,0.5324501525751821
1,2030,18,8,0.10787363889060954
1,2030,18,10,0.347965099731139
1,2030,18,11,0.011711108803069347
1,2030,19,7,0.48599933142450075
1,2030,19,8,0.14304676075312814
1,2030,19,10,0.19556788889604368
1,2030,19,11,0.1372613624221793
1,2030,19,12,0.028547736964565813
1,2030,20,7,0.529652780948018
1,2030,20,8,0.2259359289371286
1,2030,20,10,0.22560418820460484
1,2030,21,7,0.5319861355057026
1,2030,21,8,0.27903430459404066
1,2030,21,10,0.14179317325661295
1,2030,21,11,0.023055072804715263
1,2030,22,7,0.3901560673035721
1,2030,22,8,0.15245075002755828
1,2030,22,10,0.3517395244047527
1,2030,22,11,0.10565365826411682
1,2030,23,7,0.10420545805636666
1,2030,23,9,0.17348383312532556
1,2030,23,10,0.06725232253012378
1,2030,23,12,0.6550583862881839
1,2030,24,7,0.34528775444120424
1,2030,24,10,0.27246387987461057
1,2030,24,11,0.3550994740450891
1,2030,25,7,0.35263551694627837
1,2030,25,8,0.27093898588981435
1,2030,25,10,0.353518980119075
1,2030,25,11,0.02290651704483231
1,2030,26,12,1.0
1,2030,27,7,0.3728588959467795
1,2030,27,8,0.28407694327085015
1,2030,27,10,0.1189048272885308
1,2030,27,11,0.17399342174332366
1,2030,28,7,0.4073539611113827
1,2030,28,8,0.234091857546323
1,2030,28,10,0.3350359948004446
1,2030,29,7,0.41365033969040155
1,2030,29,8,0.179836525930184
1,2030,29,10,0.4065131343794145
1,2030,30,7,0.1294442590708039
1,2030,30,9,0.44845680432529533
1,2030,30,12,0.2660309194500561
1,2030,31,7,0.33976997421129623
1,2030,31,8,0.38249743696545285
1,2030,31,11,0.21792511529629402
1,2030,32,7,0.029938432904165525
1,2030,32,8,0.45143801877313006
1,2030,32,12,0.4508241146294554
1,2030,33,7,0.1691264452216804
1,2030,33,9,0.3881023848341987
1,2030,33,11,0.3238326783605067
1,2030,34,7,0.2676966762064011
1,2030,34,8,0.3857248947060089
1,2030,34,11,0.24054350671872518
1,2030,35,7,0.04417332292030289
1,2030,35,8,0.23758399785108134
1,2030,35,9,0.4418346006281063
1,2030,35,12,0.04102467600247383
1,2030,36,8,0.04427276858831421
1,2030,36,9,0.39208011613366234
1,2030,36,11,0.32559486601173326
1,2030,37,7,0.10369026431562293
1,2030,37,11,0.729687455308523
1,2030,38,7,0.3079073511413898
1,2030,38,8,0.46028702150072925
1,2030,38,10,0.1621805734345797
1,2030,38,11,0.06962505392330127
1,2030,39,7,0.2265918914558688
1,2030,39,8,0.13568564562823396
1,2030,39,9,0.07095660523096492
1,2030,39,10,0.3579736560006027
1,2030,39,12,0.20879220168432958
1,2030,40,7,0.3388436364659892
1,2030,40,8,0.31017759465498707
1,2030,40,10,0.34203189881729645
1,2030,41,7,0.32284706740952535
1,2030,41,8,0.489852394525276
1,2030,41,10,0.03305366255239742
1,2030,42,7,0.18486994125789433
1,2030,42,8,0.5029806537313528
1,2030,42,12,0.19785850570420382
1,2030,43,7,0.13730714570786035
1,2030,43,10,0.07633705226565575
1,2030,43,11,0.6248836045035582
1,2030,44,7,0.07982552339499285
1,2030,44,8,0.23426178487796567
1,2030,44,9,0.013885087416627707
1,2030,44,10,0.5803593902717704
1,2030,44,12,0.09166821403864324
1,2030,45,7,0.150041567145503
1,2030,45,8,0.01581620091545843
1,2030,45,9,0.019743471266661584
1,2030,45,10,0.7424327574450564
1,2030,45,11,0.07196600322732061
1,2030,46,7,0.1654581010577404
1,2030,46,8,0.21457688529004565
1,2030,46,10,0.593695054901801
1,2030,46,11,0.02626995875041283
1,2030,47,7,0.18125231367965258
1,2030,47,8,0.36447709045688687
1,2030,47,10,0.2930424615911885
1,2030,47,11,0.12651123967907418
1,2030,48,7,0.1481247821484824
1,2030,48,9,0.12408695191826744
1,2030,48,10,0.2298144970321311
1,2030,48,11,0.4374939291282356
1,2030,49,7,0.22886834940456283
1,2030,49,10,0.011718636668622837
1,2030,49,11,0.5877741406541244
1,2030,50,7,0.3465772761778205
1,2030,50,8,0.5811759865871896
1,2030,50,11,0.07224673723498978
1,2030,51,7,0.3813472971497205
1,2030,51,8,0.5406881039839257
1,2030,51,11,0.07796459886635382
1,2030,52,7,0.10130431824862215
1,2030,52,8,0.2701116681683603
1,2030,52,9,0.18505409673474316
1,2030,52,12,0.3726762924663005
1,2030,53,7,0.20326797762793258
1,2030,53,11,0.6696810474535503
1,2030,54,7,0.3754318799475325
1,2030,54,8,0.34299327640216
1,2030,54,11,0.28157484365030744
1,2030,55,7,0.42563049654526147
1,2030,55,8,0.20641172727375973
1,2030,55,10,0.34709821229986737
1,2030,55,11,0.020859563881111435
1,2030,56,7,0.4393637694621998
1,2030,56,8,0.06289620172167028
1,2030,56,9,0.011403443600582644
1,2030,56,10,0.45961525721474744
1,2030,56,11,0.026721328000799814
1,2030,57,7,0.5161838051045318
1,2030,57,8,0.06570382439262816
1,2030,57,10,0.41811237050284006
1,2030,58,7,0.060250565503251516
1,2030,58,8,0.06397440120562242
1,2030,58,9,0.3410727236360315
1,2030,58,12,0.5347023096550946
1,2030,59,7,0.1362695577161178
1,2030,59,9,0.8240765187378338
1,2030,59,11,0.017407724010097308
1,2030,60,7,0.28420173908543694
1,2030,60,9,0.015034247440317667
1,2030,60,11,0.5606114572387206
1,2030,60,12,0.0874297058131432
1,2030,61,7,0.4489051666046964
1,2030,61,8,0.26256151929382665
1,2030,61,10,0.12462241036114921
1,2030,61,11,0.1639109037403277
1,2030,62,7,0.4302312470012085
1,2030,62,8,0.06733499212450005
1,2030,62,10,0.5024337608742914
1,2030,63,7,0.421376111285099
1,2030,63,9,0.04612607591470958
1,2030,63,10,0.2075350743830881
1,2030,63,11,0.32496273841710327
1,2030,64,7,0.1900481042046524
1,2030,64,8,0.021777363519197457
1,2030,64,10,0.5845239643236992
1,2030,64,12,0.203650567952451
1,2030,65,7,0.10591603874538891
1,2030,65,8,0.026334083688830993
1,2030,65,9,0.20230206085979444
1,2030,65,11,0.1466948050140965
1,2030,65,12,0.4380346663267172
1,2030,66,7,0.26353566114098925
1,2030,66,8,0.28388502471360816
1,2030,66,10,0.11177049411708186
1,2030,66,11,0.34080882002832075
1,2030,67,7,0.2522028705470348
1,2030,67,8,0.4050589131145729
1,2030,67,9,0.036930525179213115
1,2030,67,10,0.16660060055393622
1,2030,67,12,0.1318301691592322
1,2030,68,7,0.22997634861708202
1,2030,68,8,0.5166616802892317
1,2030,68,10,0.1782158285156
1,2030,68,11,0.07514614257808631
1,2030,69,8,0.18502913059832862
1,2030,69,9,0.016760115255905515
1,2030,69,10,0.036254601915742125
1,2030,69,12,0.7619561522300238
1,2030,70,7,0.27569426115032386
1,2030,70,10,0.3312062870179639
1,2030,70,11,0.35232207880002897
1,2030,71,7,0.3404666036927256
1,2030,71,8,0.22192697253921576
1,2030,71,10,0.41228758587559244
1,2030,71,11,0.02531883789246629
1,2030,72,7,0.32225393758714976
1,2030,72,8,0.5221749592523959
1,2030,72,10,0.14344154154863997
1,2030,72,11,0.012129561611814423
1,2030,73,7,0.13013211968908808
1,2030,73,8,0.41911217765764347
1,2030,73,9,0.275743396798095
1,2030,73,12,0.11984336186516403
1,2030,74,7,0.1471414119264369
1,2030,74,8,0.3185438896485052
1,2030,74,9,0.26501438020813783
1,2030,74,11,0.1671481467515898
1,2030,75,7,0.21495813951574197
1,2030,75,8,0.19024357814809273
1,2030,75,11,0.4736635641561514
1,2030,76,7,0.29608909160418745
1,2030,76,8,0.5618893086834014
1,2030,76,10,0.026418668788176475
1,2030,76,11,0.10659666764485393
1,2030,77,7,0.3117311762109014
1,2030,77,8,0.5915514193743489
1,2030,77,11,0.051407272100945034
1,2030,78,7,0.1469655711965349
1,2030,78,8,0.7216239948958647
1,2030,78,10,0.042923875675997036
1,2030,79,7,0.13099381377864971
1,2030,79,8,0.5183762112480852
1,2030,79,10,0.17775596125310852
1,2030,79,11,0.1728740137201566
1,2030,80,7,0.11755147308436205
1,2030,80,8,0.6217976577722155
1,2030,80,10,0.1467018635462237
1,2030,80,11,0.11258904614250281
1,2030,81,8,0.34435957122368416
1,2030,81,9,0.3269721936700495
1,2030,81,12,0.22915405699366867
1,2030,82,8,0.05658891208726134
1,2030,82,9,0.6191078172111052
1,2030,82,11,0.15854671454792243
1,2030,83,7,0.0447071579772283
1,2030,83,11,0.7750469724014502
1,2030,84,7,0.1653615550475689
1,2030,84,8,0.46427383296182234
1,2030,84,10,0.19076213200884284
1,2030,84,11,0.12346777331985323
1,2030,85,7,0.0940017352834627
1,2030,85,8,0.7589978846605463
1,2030,85,10,0.03595023266693453
1,2030,86,7,0.04508275879048835
1,2030,86,8,0.19309012350471808
1,2030,86,9,0.4189705617751265
1,2030,86,11,0.25104349048978963
1,2030,87,7,0.09102056738403562
1,2030,87,9,0.40276351111543524
1,2030,87,11,0.35737353763403357
1,2030,88,7,0.06341044809493257
1,2030,88,9,0.47014787466172353
1,2030,88,10,0.14316780290201978
1,2030,88,11,0.2819829300764928
1,2030,89,7,0.09821657411004672
1,2030,89,10,0.4640405800000024
1,2030,89,11,0.43774284588995066
1,2030,90,7,0.0857158457476462
1,2030,90,8,0.5641570932001825
1,2030,90,10,0.30440074597034117
1,2030,90,11,0.04572631508183012
1,2030,91,7,0.10535792860086177
1,2030,91,8,0.516759758497348
1,2030,91,10,0.269707410742752
1,2030,91,11,0.10817490215903816
1,2030,92,8,0.35315001566568754
1,2030,92,9,0.1329086106858612
1,2030,92,12,0.29294039262602256
1,2030,93,8,0.02523277758775696
1,2030,93,9,0.48639256238512824
1,2030,93,11,0.22949410892738858
1,2030,94,8,0.1377815762060575
1,2030,94,9,0.05304393543854563
1,2030,94,11,0.5884813621747462
1,2030,95,7,0.07114168301883417
1,2030,95,8,0.34192332200643455
1,2030,95,11,0.44713273430025163
1,2030,96,7,0.05235078206261433
1,2030,96,8,0.5505630906497568
1,2030,96,10,0.19210369348187037
1,2030,96,11,0.2049824338057584
1,2030,97,7,0.07377837221348098
1,2030,97,8,0.6379180605951321
1,2030,97,10,0.20863201591948907
1,2030,97,11,0.069237431082072
1,2030,98,7,0.0831614788743864
1,2030,98,8,0.617219617832371
1,2030,98,10,0.20569773690574603
1,2030,98,11,0.09392116638749656
1,2030,99,7,0.020886981164631835
1,2030,99,8,0.6422346904036568
1,2030,99,10,0.25676533997599166
1,2030,99,11,0.08011298845571968
1,2030,100,7,0.01550325990511599
1,2030,100,8,0.7028083191088972
1,2030,100,10,0.19287422888540431
1,2030,100,11,0.0693386222463577
1,2030,101,7,0.011782248662090105
1,2030,101,8,0.5128761847520698
1,2030,101,10,0.21478649951436
1,2030,101,11,0.2582934348439144
1,2030,102,7,0.019353786333403226
1,2030,102,8,0.6282367503481071
1,2030,102,10,0.24815259281291552
1,2030,102,11,0.10425687050557404
1,2030,103,7,0.014022937471289638
1,2030,103,8,0.4001352827869356
1,2030,103,10,0.49950117123433063
1,2030,103,11,0.08634060850744392
1,2030,104,7,0.04836699339457372
1,2030,104,8,0.2502492775892453
1,2030,104,10,0.63570974434613
1,2030,104,11,0.06567398467005085
1,2030,105,7,0.05195202265243031
1,2030,105,8,0.3973088928629538
1,2030,105,10,0.4740732446695084
1,2030,105,11,0.06004339738365181
1,2030,106,7,0.03000741066536572
1,2030,106,8,0.4034424282484464
1,2030,106,10,0.5014931587518786
1,2030,106,11,0.06505700233430937
1,2030,107,8,0.37187132699083664
1,2030,107,9,0.43219516994454243
1,2030,107,12,0.05450827589726958
1,2030,108,8,0.058758672239771034
1,2030,108,9,0.2520782875948801
1,2030,108,11,0.4598421088644868
1,2030,109,8,0.3790861311363736
1,2030,109,9,0.5462000170666969
1,2030,109,10,0.05588163868397535
1,2030,110,8,0.2149536562302108
1,2030,110,10,0.055821293501827726
1,2030,110,11,0.46211105758169235
1,2030,110,12,0.1530055185261316
1,2030,111,7,0.05070286573059451
1,2030,111,8,0.49975317581196543
1,2030,111,9,0.21692789682707767
1,2030,111,10,0.08717168232387396
1,2030,111,12,0.03209157805438235
1,2030,112,7,0.07735669958959052
1,2030,112,8,0.5368570643811924
1,2030,112,11,0.20843466634006605
1,2030,113,8,0.10169040306046552
1,2030,113,9,0.49830621776799133
1,2030,113,11,0.18873670982350008
1,2030,114,9,1.0
1,2030,115,8,0.015291251623000318
1,2030,115,9,0.9381258209805193
1,2030,116,7,0.03685397063103772
1,2030,116,9,0.20944209496455107
1,2030,116,11,0.5840694085736511
1,2030,117,8,0.49078439575450183
1,2030,117,10,0.014087661472113312
1,2030,117,12,0.3109300940262098
1,2030,118,9,0.3163407781433906
1,2030,118,11,0.33260619546253956
1,2030,118,12,0.025025965148993558
1,2030,119,8,0.3533945381217966
1,2030,119,9,0.370481666682828
1,2030,120,8,0.25514776537223227
1,2030,120,9,0.491688390451431
1,2030,121,8,0.06140771015704268
1,2030,121,9,0.42961976837420507
1,2030,121,11,0.16900508725394756
1,2030,122,7,0.022518582786461218
1,2030,122,8,0.10128161469388117
1,2030,122,9,0.08419983251214211
1,2030,122,11,0.4818799136295797
1,2030,123,8,0.2793766353229638
1,2030,123,9,0.5265164798951756
1,2030,124,8,0.17158814481243564
1,2030,124,9,0.4239774375974109
1,2030,124,11,0.2555505448135361
1,2030,125,8,0.12074481141098675
1,2030,125,9,0.5936317415199119
1,2030,125,11,0.06044285770969669
1,2030,126,8,0.0427707153537406
1,2030,126,9,0.4846679180980477
1,2030,126,11,0.14827740577176718
1,2030,127,8,0.019865357301064944
1,2030,127,9,0.3205967486319168
1,2030,127,11,0.37684723217396426
1,2030,128,8,0.33337176285319525
1,2030,128,10,0.03227765187870874
1,2030,128,11,0.5247952678995856
1,2030,129,8,0.6242510816895713
1,2030,129,9,0.08804220854345499
1,2030,129,10,0.020759896050705908
1,2030,129,11,0.04018170321357525
1,2030,130,8,0.12489051224953773
1,2030,130,9,0.4709844528127451
1,2030,130,11,0.11836021099407665
1,2030,131,8,0.3384862803906592
1,2030,131,9,0.27967308183462414
1,2030,131,10,0.23719109955178241
1,2030,131,12,0.1127189707108192
1,2030,132,8,0.051772865287305715
1,2030,132,9,0.17419697325780217
1,2030,132,10,0.3608894234687469
1,2030,132,12,0.4131407379861451
1,2030,133,9,0.44632616218129584
1,2030,133,11,0.4023653615599387
1,2030,134,8,0.39665766184844325
1,2030,134,9,0.3128672965073579
1,2030,134,11,0.032546109487032106
1,2030,135,7,0.07834815180218976
1,2030,135,9,0.01141753269118661
1,2030,135,10,0.21318516278203148
1,2030,135,11,0.6554619296004613
1,2030,136,8,0.1603835341105609
1,2030,136,9,0.17176587489919345
1,2030,136,10,0.4522597696012157
1,2030,136,11,0.19892144918433688
1,2030,136,12,0.012186848788995668
1,2030,137,7,0.03603379216885216
1,2030,137,8,0.36747817492177687
1,2030,137,10,0.33419332452119976
1,2030,137,11,0.2622947083881712
1,2030,138,8,0.13153752684609296
1,2030,138,9,0.15074023663680944
1,2030,138,10,0.04818622445027546
1,2030,138,11,0.22576107154879052
1,2030,138,12,0.4154403131967188
1,2030,139,8,0.3619648330167061
1,2030,139,9,0.42239224652863244
1,2030,139,12,0.04778768437008153
1,2030,140,7,0.0720758357523693
1,2030,140,8,0.1365977215980363
1,2030,140,10,0.22043635690855548
1,2030,140,11,0.5560515088584516
1,2030,141,8,0.6787591766069435
1,2030,141,12,0.1847018492750891
1,2030,142,8,0.029602610365196014
1,2030,142,9,0.5924160822576668
1,2030,142,11,0.20755881899670758
1,2030,143,8,0.1257824491446358
1,2030,143,9,0.25003138675531966
1,2030,143,11,0.45443144421374915
1,2030,144,7,0.021237635353286897
1,2030,144,8,0.30103360705579735
1,2030,144,9,0.24753154798707008
1,2030,144,11,0.2591348836352551
1,2030,145,8,0.11669693126214921
1,2030,145,9,0.31366813652099396
1,2030,145,11,0.37970888586557394
1,2030,146,7,0.06563301567423997
1,2030,146,8,0.6531391783871064
1,2030,146,10,0.12912351423585572
1,2030,146,11,0.1211941907938563
1,2030,147,7,0.06275994871040269
1,2030,147,8,0.564610486019132
1,2030,147,10,0.16430223206539069
1,2030,147,11,0.18387440876028813
1,2030,148,7,0.0402575795724813
1,2030,148,8,0.755798974420404
1,2030,148,9,0.07889305569639277
1,2030,148,10,0.05858698906394745
1,2030,149,8,0.2168192512067295
1,2030,149,9,0.47936275450370214
1,2030,149,11,0.20711182337128353
1,2030,150,7,0.056001164957040106
1,2030,150,8,0.1578760594803442
1,2030,150,9,0.5234949824866687
1,2030,150,10,0.037872575331628876
1,2030,150,11,0.17920957260533726
1,2030,151,7,0.04438678073899325
1,2030,151,8,0.19377526130704972
1,2030,151,9,0.6316679675636058
1,2030,151,10,0.05152197091930041
1,2030,151,11,0.07349023075484118
1,2030,152,7,0.06235991832293937
1,2030,152,8,0.012229336159355335
1,2030,152,9,0.45976791272211875
1,2030,152,11,0.4148461324050856
1,2030,153,7,0.09097430408820092
1,2030,153,8,0.37376065695699406
1,2030,153,9,0.12313137860875817
1,2030,153,10,0.0905501146632401
1,2030,153,11,0.2051319526582495
1,2030,154,7,0.013788002617946937
1,2030,154,8,0.14329696309405315
1,2030,154,9,0.3778806387417132
1,2030,154,11,0.30125705372229256
1,2030,155,7,0.0665040905067017
1,2030,155,8,0.015246350987907982
1,2030,155,10,0.13161833102415976
1,2030,155,11,0.7222220786914624
1,2030,156,7,0.05962072985982588
1,2030,156,8,0.45001339241804766
1,2030,156,10,0.41467489869021656
1,2030,156,11,0.07569097903190988
1,2030,157,7,0.06260938638108762
1,2030,157,8,0.45278209601861735
1,2030,157,10,0.39404434427697316
1,2030,157,11,0.09056417332332174
1,2030,158,7,0.07209642000952012
1,2030,158,8,0.6397117957383804
1,2030,158,10,0.21412636489839304
1,2030,158,11,0.07406541935370624
1,2030,159,7,0.054785128742643824
1,2030,159,8,0.5971442886104954
1,2030,159,10,0.2256399443494714
1,2030,159,11,0.1224306382973892
1,2030,160,7,0.06252530461035663
1,2030,160,8,0.4623599586039225
1,2030,160,10,0.34106651386332604
1,2030,160,11,0.12519214274137733
1,2030,161,7,0.10668541226752584
1,2030,161,8,0.4611014961840221
1,2030,161,10,0.1827725832009159
1,2030,161,11,0.08577795392615603
1,2030,162,8,0.12698762817746873
1,2030,162,9,0.07330454205925321
1,2030,162,11,0.4103957061958509
1,2030,162,12,0.22152385624782964
1,2030,163,7,0.07825159465333972
1,2030,163,8,0.191478011527129
1,2030,163,9,0.15789689929442402
1,2030,163,10,0.010455741559287204
1,2030,163,11,0.4157558090125332
1,2030,164,7,0.07228018664492113
1,2030,164,8,0.3316193888888542
1,2030,164,10,0.026770447429701884
1,2030,164,11,0.40571210996595203
1,2030,164,12,0.010830817295688997
1,2030,165,7,0.045174619225933764
1,2030,165,8,0.35617806038044253
1,2030,165,10,0.1974423165224666
1,2030,165,11,0.37604845678817045
1,2030,166,7,0.030104478436252267
1,2030,166,8,0.554264075108557
1,2030,166,10,0.29096510119367336
1,2030,166,11,0.12466634526151733
1,2030,167,7,0.0546816667149023
1,2030,167,8,0.7375957562488717
1,2030,167,10,0.09707925920389439
1,2030,168,8,0.1961291676406698
1,2030,168,9,0.38573156719435714
1,2030,168,11,0.10122340933775509
1,2030,169,8,0.12066515812978622
1,2030,169,9,0.45982003604411087
1,2030,169,11,0.1771363209105086
1,2030,170,8,0.1736197642401538
1,2030,170,9,0.4690814573078755
1,2030,170,11,0.17942742798234987
1,2030,171,8,0.0834353614270088
1,2030,171,9,0.40402549951907035
1,2030,171,11,0.2421313002890848
1,2030,172,7,0.04083618210771126
1,2030,172,8,0.13709384432044366
1,2030,172,11,0.7840401688297186
1,2030,173,7,0.03921114955969504
1,2030,173,8,0.6156795162608488
1,2030,173,10,0.1934871978028089
1,2030,173,11,0.15162213637664734
1,2030,174,7,0.05109768702012688
1,2030,174,8,0.5469195998938022
1,2030,174,10,0.3229267312967984
1,2030,174,11,0.0790559817892725
1,2030,175,7,0.0748292189168501
1,2030,175,8,0.43662794918223075
1,2030,175,10,0.40633962424614867
1,2030,175,11,0.08220320765477031
1,2030,176,7,0.0590188930046629
1,2030,176,8,0.5032740037037204
1,2030,176,10,0.37087160833517707
1,2030,176,11,0.03765127259780782
1,2030,177,7,0.07293281441456509
1,2030,177,8,0.6451007797447081
1,2030,177,10,0.17223300684990256
1,2030,178,8,0.40875211234314157
1,2030,178,9,0.35717126949753114
1,2030,179,8,0.05633540757817552
1,2030,179,9,0.49644341148174864
1,2030,179,11,0.19450045819948167
1,2030,180,8,0.059568571365856575
1,2030,180,9,0.4187804708159788
1,2030,180,11,0.23794378619132545
1,2030,181,8,0.07700516271784894
1,2030,181,9,0.4799524895909593
1,2030,181,11,0.18228730456743122
1,2030,182,8,0.0657359382579259
1,2030,182,9,0.4918794896292706
1,2030,182,11,0.17976421697730022
1,2030,183,8,0.10470744399613276
1,2030,183,9,0.6012818827866832
1,2030,183,11,0.2132012048024669
1,2030,184,7,0.031100012645648795
1,2030,184,8,0.2806431456601295
1,2030,184,9,0.5369611538460742
1,2030,184,10,0.035676108377265404
1,2030,184,11,0.011511403428878391
1,2030,185,8,0.11541509572606781
1,2030,185,9,0.42016992984149626
1,2030,185,11,0.27515530078868056
1,2030,186,7,0.05792294146515289
1,2030,186,8,0.28224832359467883
1,2030,186,10,0.026603186133968844
1,2030,186,11,0.5809247663000073
1,2030,187,7,0.02685847514519614
1,2030,187,8,0.6986402991012535
1,2030,187,10,0.12082781079056407
1,2030,187,11,0.15367341496298628
1,2030,188,7,0.03625672133692318
1,2030,188,8,0.6489907475451485
1,2030,188,10,0.15747206844232592
1,2030,188,11,0.09476364452434995
1,2030,189,8,0.5167476726909297
1,2030,189,9,0.0622606151545312
1,2030,189,12,0.18353940361214446
1,2030,190,8,0.13938426015416963
1,2030,190,9,0.4031346785703347
1,2030,190,11,0.28124902233021715
1,2030,191,8,0.3038092676915751
1,2030,191,9,0.09076004202270721
1,2030,191,11,0.35952444522139954
1,2030,192,8,0.4288887683676988
1,2030,192,9,0.2118275754132453
1,2030,192,12,0.18345468109294202
1,2030,193,8,0.2401795328193342
1,2030,193,11,0.6355795990384445
1,2030,194,8,0.4058124354286159
1,2030,194,10,0.22814796147871774
1,2030,194,11,0.36140410189935246
1,2030,195,7,0.03396359877078679
1,2030,195,8,0.451199828127573
1,2030,195,10,0.2655055237647421
1,2030,195,11,0.2493310493368981
1,2030,196,8,0.6705936389059586
1,2030,196,12,0.2044496097250283
1,2030,197,8,0.042198996609109335
1,2030,197,9,0.42917773453626684
1,2030,197,11,0.37020249200144173
1,2030,198,8,0.09850169955524961
1,2030,198,9,0.561371173324087
1,2030,198,11,0.20035278989169714
1,2030,199,11,1.0
1,2030,200,8,0.8793172335067363
1,2030,200,10,0.06919443014088836
1,2030,200,11,0.05148833635237532
1,2030,201,8,0.2079298131701716
1,2030,201,9,0.5154463769381175
1,2030,201,11,0.22420034853470136
1,2030,202,8,0.07841274045529732
1,2030,202,9,0.35568767972588927
1,2030,202,11,0.43365545832949276
1,2030,203,8,0.47105317633000815
1,2030,203,10,0.4138682871492033
1,2030,203,11,0.11507853652078845
1,2030,204,7,0.03735556778487659
1,2030,204,8,0.6999664722969998
1,2030,204,10,0.15454590713260233
1,2030,204,11,0.10813205278552106
1,2030,205,8,1.0
1,2030,206,8,0.21194801773057556
1,2030,206,9,0.1749849629179829
1,2030,206,10,0.12247896067058678
1,2030,206,11,0.34085284046575753
1,2030,206,12,0.14973521821509725
1,2030,207,8,0.6974455162076317
1,2030,207,9,0.236953448284164
1,2030,208,8,0.3350452583768303
1,2030,208,9,0.5266165650459991
1,2030,209,8,0.3083362380923869
1,2030,209,9,0.375516443024433
1,2030,209,11,0.11743164476508493
1,2030,210,8,0.07625491263682749
1,2030,210,9,0.5068376133469581
1,2030,210,11,0.222954479623255
1,2030,211,8,0.07258383672566285
1,2030,211,9,0.4015336336510822
1,2030,211,11,0.451295443963867
1,2030,212,8,0.2683314863782777
1,2030,212,9,0.13838350193041737
1,2030,212,11,0.4362079472911617
1,2030,212,12,0.05415765608597944
1,2030,213,8,0.5206753538426004
1,2030,213,9,0.18325329178831504
1,2030,213,11,0.2372610509379569
1,2030,214,8,0.05842439967569703
1,2030,214,9,0.33248011469225425
1,2030,214,11,0.4876211287196504
1,2030,215,8,0.13617359686201735
1,2030,215,9,0.10301375453383457
1,2030,215,11,0.6430122557776391
1,2030,216,8,0.2344727691561161
1,2030,216,9,0.33094145021425664
1,2030,216,11,0.27349272215639925
1,2030,217,7,0.010911838908639594
1,2030,217,8,0.5212994675434185
1,2030,217,9,0.2823533833411707
1,2030,217,11,0.015055878537976398
1,2030,218,8,0.10050877446703406
1,2030,218,9,0.564383571442587
1,2030,218,11,0.22645268908430013
1,2030,219,8,0.14436391993502798
1,2030,219,9,0.5108466780168582
1,2030,219,11,0.22272246232702708
1,2030,220,7,0.060176862152031864
1,2030,220,8,0.06293169954910478
1,2030,220,10,0.10596852726225557
1,2030,220,11,0.7131379125343362
1,2030,221,7,0.04720007424790922
1,2030,221,8,0.620646234295249
1,2030,221,10,0.20608045304077785
1,2030,221,11,0.1260732384160639
1,2030,222,8,0.41784866846511826
1,2030,222,9,0.24406918142962875
1,2030,222,12,0.14031423163301263
1,2030,223,8,0.21992078786313693
1,2030,223,9,0.3263926204292084
1,2030,223,11,0.2106565767744896
1,2030,224,9,0.475040843361385
1,2030,224,11,0.3527990018669378
1,2030,225,7,0.1125029227669312
1,2030,225,10,0.12834776406747847
1,2030,225,11,0.7591493131655903
1,2030,226,7,0.11914160799756748
1,2030,226,8,0.4529150067205613
1,2030,226,10,0.36397443755052034
1,2030,226,11,0.0639689477313508
1,2030,227,7,0.11420195891769525
1,2030,227,8,0.5397597659793832
1,2030,227,10,0.24588786056011186
1,2030,227,11,0.1001504145428096
1,2030,228,7,0.053071312411272685
1,2030,228,8,0.8590742374278545
1,2030,229,8,0.15426039197837085
1,2030,229,9,0.6009196752964163
1,2030,229,11,0.2046073392049114
1,2030,230,8,0.048417715451961975
1,2030,230,9,0.535514026863859
1,2030,230,11,0.2550346003067602
1,2030,231,8,0.08130557162557431
1,2030,231,9,0.4292418944402434
1,2030,231,11,0.25249093513533166
1,2030,232,8,0.057195573551016315
1,2030,232,9,0.22020629294451866
1,2030,232,11,0.5194663395887644
1,2030,232,12,0.04826858150707939
1,2030,233,7,0.08968710437064906
1,2030,233,8,0.22372307662009663
1,2030,233,10,0.10858570543425593
1,2030,233,11,0.5092879148128159
1,2030,234,7,0.07587153118971554
1,2030,234,8,0.4832452683664735
1,2030,234,10,0.06114742720126861
1,2030,234,11,0.2636927310070615
1,2030,235,7,0.0785092403706785
1,2030,235,8,0.4889696665272562
1,2030,235,11,0.25145684462716994
1,2030,236,7,0.049956583355408736
1,2030,236,8,0.2518946114111616
1,2030,236,9,0.15932307783605354
1,2030,236,10,0.05018040498669927
1,2030,236,11,0.3669568678914625
1,2030,236,12,0.015825538624202645
1,2030,237,7,0.030749138392156115
1,2030,237,8,0.21447022262350074
1,2030,237,9,0.39553878208282134
1,2030,237,11,0.2390231579633252
1,2030,238,7,0.06603917235181511
1,2030,238,8,0.1643255930401754
1,2030,238,9,0.016409379490789033
1,2030,238,10,0.16919884842059563
1,2030,238,11,0.4993874058464154
1,2030,239,7,0.16383547606625634
1,2030,239,8,0.26215823878517913
1,2030,239,10,0.08964118492302256
1,2030,239,11,0.4843651002255421
1,2030,240,7,0.1626116811254648
1,2030,240,8,0.4684225569641091
1,2030,240,10,0.29076687732556095
1,2030,240,11,0.07819888458486512
1,2030,241,7,0.17519998891608146
1,2030,241,8,0.5701618235096299
1,2030,241,10,0.18695127990249066
1,2030,241,11,0.06768690767179811
1,2030,242,7,0.17732554733404385
1,2030,242,8,0.5791098427174516
1,2030,242,10,0.14817470587782847
1,2030,242,11,0.09538990407067621
1,2030,243,7,0.1640192025358431
1,2030,243,8,0.5888653819195985
1,2030,243,10,0.15765372151602441
1,2030,243,11,0.08946169402853406
1,2030,244,7,0.1684088875237425
1,2030,244,8,0.6067328348569377
1,2030,244,10,0.1279288767727934
1,2030,244,11,0.09692940084652636
1,2030,245,7,0.18311958087424923
1,2030,245,8,0.7360580516249271
1,2030,246,8,0.1749938332825929
1,2030,246,9,0.6283668498318326
1,2030,246,11,0.08587698396422436
1,2030,247,8,0.05586739438943584
1,2030,247,9,0.6041778127222502
1,2030,247,11,0.12635362751902432
1,2030,248,7,0.04905726692413394
1,2030,248,8,0.10949459032536164
1,2030,248,10,0.1291289975140699
1,2030,248,11,0.40370202109882847
1,2030,248,12,0.13829450580962227
1,2030,249,7,0.07954320049883729
1,2030,249,8,0.17022661498797986
1,2030,249,10,0.7125343655328055
1,2030,249,11,0.03529975383306891
1,2030,250,7,0.14047642911222827
1,2030,250,8,0.03811990728544609
1,2030,250,9,0.02220606047923687
1,2030,250,10,0.7991976031230887
1,2030,251,8,0.17874871460235128
1,2030,251,10,0.14613303104279787
1,2030,251,11,0.23781185364509372
1,2030,251,12,0.37507538008667024
1,2030,252,7,0.08990522760475389
1,2030,252,8,0.5060800500004404
1,2030,252,10,0.18490541290466636
1,2030,252,11,0.17557557711320365
1,2030,253,7,0.09144070251000296
1,2030,253,8,0.20833534823077546
1,2030,253,9,0.2632352187971568
1,2030,253,10,0.0869271072672526
1,2030,253,11,0.26359812457325354
1,2030,254,8,0.09595643320631352
1,2030,254,9,0.33981171240319497
1,2030,254,11,0.23674392808769873
1,2030,255,7,0.03984160200028652
1,2030,255,8,0.12310384252810543
1,2030,255,9,0.20580200411597482
1,2030,255,11,0.4232039215615962
1,2030,255,12,0.03788714375077214
1,2030,256,7,0.06520156415807543
1,2030,256,9,0.12812466247243354
1,2030,256,10,0.12074173933364356
1,2030,256,11,0.5495356713835025
1,2030,256,12,0.09194492455963614
1,2030,257,7,0.048544708107042846
1,2030,257,8,0.333468921806848
1,2030,257,10,0.0323833984077891
1,2030,257,11,0.2971756763045684
1,2030,257,12,0.12760045367320896
1,2030,258,7,0.040055659045391205
1,2030,258,8,0.55481350067064
1,2030,258,9,0.04612285248854946
1,2030,258,12,0.1455869226388434
1,2030,259,7,0.08294325033516305
1,2030,259,8,0.5077722500668198
1,2030,259,9,0.15221646673793293
1,2030,260,8,0.247021546783298
1,2030,260,9,0.2099231258285387
1,2030,260,11,0.2474384575813364
1,2030,261,8,0.17677861860361724
1,2030,261,11,0.44425841615338846
1,2030,261,12,0.12827817656899387
1,2030,262,7,0.049388926396424594
1,2030,262,8,0.47119514677997315
1,2030,262,9,0.019149796490368885
1,2030,262,10,0.39679819093714847
1,2030,262,11,0.019170860476017033
1,2030,263,8,0.10231996644197663
1,2030,263,9,0.24557529979798354
1,2030,263,10,0.07703476309118275
1,2030,263,11,0.23967497979585795
1,2030,263,12,0.14109479212026566
1,2030,264,7,0.050647166844803665
1,2030,264,8,0.31029243469454265
1,2030,264,10,0.07692796255890332
1,2030,264,11,0.34817481237605397
1,2030,265,7,0.027030835669082577
1,2030,265,8,0.42162894290798847
1,2030,265,10,0.22082917578792052
1,2030,265,11,0.2173296704857683
1,2030,266,8,0.42186005117441355
1,2030,266,9,0.2698687325667844
1,2030,266,12,0.06814040570690648
1,2030,267,7,0.010188549307718519
1,2030,267,8,0.11319670049957317
1,2030,267,9,0.04186599931075363
1,2030,267,11,0.605411609872033
1,2030,267,12,0.017515715438137378
1,2030,268,8,0.25382805807309305
1,2030,268,9,0.4407527826890893
1,2030,268,10,0.2561324425861205
1,2030,268,11,0.049286716651697
1,2030,269,8,0.217740239380965
1,2030,269,9,0.605543908302176
1,2030,270,8,0.06140989338185609
1,2030,270,9,0.4330801998769003
1,2030,270,11,0.24139814180409552
1,2030,271,8,0.24848318053193105
1,2030,271,9,0.2059612981157103
1,2030,271,11,0.3249919274640957
1,2030,272,8,0.02625154042389162
1,2030,272,9,0.2734837567783513
1,2030,272,11,0.38331699629162935
1,2030,273,8,0.27016600151498643
1,2030,273,9,0.2863210690672332
1,2030,273,11,0.07956405990190671
1,2030,274,8,0.09386703293204952
1,2030,274,9,0.4358224855273372
1,2030,274,11,0.17125177936799377
1,2030,275,7,0.04788119726092235
1,2030,275,11,0.7360147518419496
1,2030,276,7,0.06324769811860796
1,2030,276,8,0.40396892411646274
1,2030,276,10,0.2751552512507905
1,2030,276,11,0.20797196045045513
1,2030,277,8,0.5283122651137395
1,2030,277,10,0.12956879698500257
1,2030,277,12,0.21956997682667312
1,2030,278,8,0.046487790342466105
1,2030,278,11,0.5452217398925412
1,2030,278,12,0.07969536544009842
1,2030,279,7,0.06565904430739285
1,2030,279,8,0.6353606454912221
1,2030,279,10,0.12418472157699227
1,2030,279,11,0.043465781167768135
1,2030,280,8,0.44667069814097893
1,2030,280,9,0.1155815205872173
1,2030,280,12,0.15478103408111207
1,2030,281,7,0.07305590200453681
1,2030,281,8,0.03370626279088909
1,2030,281,10,0.19223830878594034
1,2030,281,11,0.6286180263133463
1,2030,282,7,0.0988079829794423
1,2030,282,8,0.15988773102284343
1,2030,282,10,0.0208942344168815
1,2030,282,11,0.5620366463830604
1,2030,283,7,0.03860779096425506
1,2030,283,8,0.6196456540385296
1,2030,283,10,0.11512868973219471
1,2030,283,11,0.1415473719891615
1,2030,284,8,0.07933916126458554
1,2030,284,9,0.5537884644642364
1,2030,284,11,0.08820505335056761
1,2030,285,8,0.04181074028469025
1,2030,285,9,0.4649319066616095
1,2030,285,11,0.13438685050704788
1,2030,286,7,0.07040946841485335
1,2030,286,8,0.016441857655812492
1,2030,286,11,0.7071753572558162
1,2030,287,7,0.052873771565999816
1,2030,287,8,0.4392850188819
1,2030,287,9,0.059483679426354935
1,2030,287,12,0.055559087079090526
1,2030,288,8,0.1435420105616219
1,2030,288,9,0.024770894077335584
1,2030,288,11,0.5030367625896737
1,2030,289,7,0.05562598266101321
1,2030,289,8,0.519864609514489
1,2030,289,10,0.12312938527107922
1,2030,289,11,0.2223731033055637
1,2030,290,8,0.4622860269291686
1,2030,290,12,0.27517477606283663
1,2030,291,7,0.029605431820012493
1,2030,291,8,0.06424295727688464
1,2030,291,11,0.6385813090544249
1,2030,291,12,0.021531576364990902
1,2030,292,7,0.06377112001555922
1,2030,292,8,0.6103428416794254
1,2030,292,10,0.13924480610154522
1,2030,293,7,0.04216020467859824
1,2030,293,8,0.42408071041321665
1,2030,293,10,0.3020896000542505
1,2030,293,11,0.17460356256629142
1,2030,294,7,0.09782836445435811
1,2030,294,8,0.5079918523803684
1,2030,294,10,0.06593735570008057
1,2030,294,12,0.05642002796377319
1,2030,295,8,0.4040114436163784
1,2030,295,9,0.34205616934794386
1,2030,296,7,0.03616653877664868
1,2030,296,8,0.15621710233265046
1,2030,296,10,0.39725199806553435
1,2030,296,11,0.3806379716279528
1,2030,297,7,0.046396773575393895
1,2030,297,8,0.22802822060869385
1,2030,297,10,0.7065462742929662
1,2030,298,8,0.13927797892534818
1,2030,298,9,0.1464231258689304
1,2030,298,11,0.22654175459312342
1,2030,298,12,0.19409578294890323
1,2030,299,7,0.014786590047462501
1,2030,299,8,0.4634890806533259
1,2030,299,9,0.06473587632833033
1,2030,299,10,0.3777035144163668
1,2030,299,12,0.0771842050846073
1,2030,300,7,0.12283266117963905
1,2030,300,8,0.10451554960628046
1,2030,300,10,0.02711292510797735
1,2030,300,11,0.5098716750162379
1,2030,301,7,0.039001108937495456
1,2030,301,8,0.3719468369660371
1,2030,301,10,0.5215707341023665
1,2030,301,11,0.01570966940984713
1,2030,302,7,0.09658903116295223
1,2030,302,8,0.4152044068845096
1,2030,302,10,0.07530639834751414
1,2030,302,11,0.1990507167294327
1,2030,303,8,0.23410022302348069
1,2030,303,11,0.38526757018497637
1,2030,303,12,0.07678337310702503
1,2030,304,7,0.061797440358176844
1,2030,304,8,0.3846816270906589
1,2030,304,10,0.2907944673624232
1,2030,304,11,0.16305473793506942
1,2030,305,7,0.089959115116026
1,2030,305,8,0.48093196863402804
1,2030,305,10,0.12045232013520688
1,2030,305,11,0.055943612827469784
1,2030,306,8,0.11096519749328551
1,2030,306,9,0.3443825320955437
1,2030,306,10,0.1889709886003398
1,2030,306,11,0.12730336341001308
1,2030,306,12,0.10509096435456726
1,2030,307,8,0.1273417204774653
1,2030,307,9,0.45905894656192814
1,2030,307,12,0.2840959922156877
1,2030,308,7,0.09328743061492888
1,2030,308,10,0.13182894290180017
1,2030,308,11,0.6024129183033584
1,2030,309,8,0.410921206604008
1,2030,309,9,0.20699169814828122
1,2030,309,12,0.07991201897550826
1,2030,310,8,0.2784837836618472
1,2030,310,9,0.40740488370333183
1,2030,310,11,0.011048483796509608
1,2030,311,8,0.11154784634553212
1,2030,311,9,0.3207352348723628
1,2030,311,11,0.21975308785960948
1,2030,312,7,0.06126513372959668
1,2030,312,8,0.30311559386492953
1,2030,312,11,0.37719373745369944
1,2030,313,8,0.3063968570507149
1,2030,313,9,0.2857906526669966
1,2030,313,12,0.060580223126782004
1,2030,314,7,0.026973194699069867
1,2030,314,8,0.026013429263667807
1,2030,314,9,0.7365907199449636
1,2030,314,10,0.027846172998947885
1,2030,315,7,0.026586207160646257
1,2030,315,9,0.22256411747144605
1,2030,315,10,0.3612510766670347
1,2030,315,11,0.25433388145009866
1,2030,316,8,0.2939336778586627
1,2030,316,10,0.5994518525202257
1,2030,316,12,0.02626982175385168
1,2030,317,8,0.14640523187880042
1,2030,317,10,0.49680185821390344
1,2030,317,11,0.34118498100288336
1,2030,318,8,0.369846361345424
1,2030,318,9,0.0842886935049464
1,2030,318,10,0.37580066504735654
1,2030,318,12,0.03966525753841271
1,2030,319,9,0.2754364159458822
1,2030,319,10,0.1843801687566249
1,2030,319,12,0.3610088604082683
1,2030,320,7,0.05221349531272605
1,2030,320,10,0.41986334812639986
1,2030,320,11,0.39647908930911097
1,2030,321,9,0.049677601341811296
1,2030,321,10,0.1818458360596177
1,2030,321,11,0.2982066848090762
1,2030,321,12,0.2248306438595173
1,2030,322,8,0.17198044258275047
1,2030,322,10,0.09786011066306058
1,2030,322,11,0.011405263504847527
1,2030,322,12,0.43575116047381274
1,2030,323,7,0.01816007414309922
1,2030,323,8,0.20939250234675377
1,2030,323,10,0.20054172227404676
1,2030,323,11,0.403319030858275
1,2030,324,8,0.583580082770469
1,2030,324,10,0.33571837725252995
1,2030,325,8,0.2937677448993214
1,2030,325,10,0.46960828801997995
1,2030,325,11,0.16283115683896945
1,2030,326,8,0.14882722877354218
1,2030,326,9,0.13144283445917707
1,2030,326,10,0.02889438188074086
1,2030,326,12,0.5796577653199732
1,2030,327,9,0.09756560627984993
1,2030,327,11,0.5496327894622649
1,2030,327,12,0.06969573124267954
1,2030,328,8,0.5821705805361969
1,2030,328,10,0.12492341715061513
1,2030,328,12,0.11594699109854563
1,2030,329,7,0.10198984099685914
1,2030,329,10,0.25574992629671295
1,2030,329,11,0.37226543409559537
1,2030,330,8,0.319118021841831
1,2030,330,10,0.34614793435063307
1,2030,330,11,0.1932108932965963
1,2030,330,12,0.010802723517075103
1,2030,331,8,0.3683531644135349
1,2030,331,9,0.014484591864112833
1,2030,331,10,0.21657111659499578
1,2030,331,11,0.13095257523753176
1,2030,331,12,0.12198172476579036
1,2030,332,8,0.4403806851104487
1,2030,332,9,0.12285896410244995
1,2030,332,10,0.1138983828043916
1,2030,332,12,0.14966898749326918
1,2030,333,9,0.5201978894054763
1,2030,333,10,0.2705465278574937
1,2030,333,11,0.09050645751284205
1,2030,333,12,0.05969231216559118
1,2030,334,7,0.0691927542881427
1,2030,334,8,0.40733664590481067
1,2030,334,10,0.3540943650813588
1,2030,335,7,0.01734601812705061
1,2030,335,8,0.6159312492729427
1,2030,335,10,0.24065517843163525
1,2030,336,7,0.057243782559864065
1,2030,336,8,0.46698056680443034
1,2030,336,10,0.057040000837153916
1,2030,336,11,0.11180999450204304
1,2030,337,7,0.023024901511542777
1,2030,337,8,0.19776068906686411
1,2030,337,10,0.3812896362829909
1,2030,337,11,0.24167135299786843
1,2030,337,12,0.0483658619103183
1,2030,338,7,0.01570722474771916
1,2030,338,8,0.30501074283161006
1,2030,338,10,0.6792820324206708
1,2030,339,8,0.16840084768098723
1,2030,339,12,0.710255108494853
1,2030,340,7,0.0925772676001077
1,2030,340,8,0.043240148257648305
1,2030,340,11,0.5466477883211222
1,2030,341,8,0.18289340473834376
1,2030,341,9,0.2601968581761225
1,2030,341,11,0.03983963745410499
1,2030,341,12,0.1207416535283437
1,2030,342,8,0.302273100408093
1,2030,342,9,0.20888422648467833
1,2030,342,12,0.03329358867211096
1,2030,343,7,0.06263542280339368
1,2030,343,8,0.20128922691340226
1,2030,343,10,0.398350191625189
1,2030,343,11,0.22914343340230994
1,2030,344,8,0.04875480413720894
1,2030,344,9,0.08968493484756553
1,2030,344,10,0.2244950537702106
1,2030,344,11,0.20094844122014238
1,2030,344,12,0.2947709222146204
1,2030,345,8,0.02055198362357484
1,2030,345,9,0.017830575841992474
1,2030,345,10,0.02602799032872964
1,2030,345,11,0.2454452977006984
1,2030,345,12,0.49777172607155085
1,2030,346,8,0.33107796435324466
1,2030,346,10,0.2811380052120556
1,2030,346,11,0.32557485736663644
1,2030,347,8,0.37906076870810196
1,2030,347,10,0.5933357864759281
1,2030,347,11,0.027603444815969932
1,2030,348,8,0.43443297292784017
1,2030,348,10,0.5187554786999939
1,2030,348,11,0.046811548372165876
1,2030,349,8,0.41769024989893155
1,2030,349,10,0.38852140433444904
1,2030,349,12,0.07216066423592811
1,2030,350,7,0.0546646736182109
1,2030,350,10,0.12068294779624962
1,2030,350,11,0.5650055078826868
1,2030,351,8,0.3798903713374048
1,2030,351,10,0.24167586124893461
1,2030,351,11,0.06767250766777433
1,2030,351,12,0.1006677242532536
1,2030,352,8,0.5079873973282584
1,2030,352,10,0.3279201312944093
1,2030,352,11,0.10478279262188686
1,2030,353,8,0.26192283568978497
1,2030,353,9,0.09759798166598192
1,2030,353,12,0.2636222335055269
1,2030,354,8,0.1227610474083104
1,2030,354,10,0.26807877030355864
1,2030,354,11,0.4648405316745538
1,2030,355,8,0.426080063824655
1,2030,355,10,0.5068537460842749
1,2030,355,11,0.038983395010690376
1,2030,356,8,0.022784454616806952
1,2030,356,9,0.05333502634720245
1,2030,356,10,0.9046108076631957
1,2030,356,12,0.010010961504214514
1,2030,357,8,0.10002268224219996
1,2030,357,10,0.8806562955892177
1,2030,358,10,1.0
1,2030,359,10,0.8426497153926209
1,2030,359,12,0.10525380084982396
1,2030,360,9,0.1741344868259056
1,2030,360,10,0.7494141423723851
1,2030,360,12,0.0575368975112661
1,2030,361,8,0.24488383956187346
1,2030,361,10,0.7054809388832666
1,2030,362,8,0.24655776324319786
1,2030,362,10,0.7296509190783109
1,2030,363,8,0.2146079269086701
1,2030,363,10,0.7216996039870975
1,2030,364,8,0.08342017847679226
1,2030,364,10,0.889611261526468
1,2030,365,7,1.0
